3 16
0 0 1 2 2 3 4 5 5 6 7 8 8 9 10 11 11 12 13 14 14 15 16 16 17 17 18 19 20 21 22 22 23 23 24 24 25 25 26 26 27 28 29 30 31 31 32 33 34 35
36 37 37 38 39 39 4 40 40 6 7 41 41 9 42 43 44 12 13 45 45 15 46 46 47 47 18 19 48 21 49 49 50 50 51 52 53 53 54 54 27 28 29 30 55 56 56 33 57 35
36 58 59 60 60 61 62 62 63 63 64 65 65 66 42 43 44 67 68 68 69 69 70 71 71 72 73 73 48 74 75 76 76 77 51 52 78 79 80 81 81 82 82 83 84 84 85 85 57 86
87 87 59 88 88 61 89 90 91 92 64 93 93 66 94 94 95 67 96 97 98 99 100 100 101 102 102 103 103 74 75 104 105 106 106 107 107 79 108 108 109 110 111 83 112 112 113 114 114 86
115 116 117 118 118 119 89 90 91 92 120 120 121 121 122 123 95 124 96 97 98 99 125 125 101 126 127 128 128 129 130 104 105 131 132 133 134 134 135 135 109 110 111 136 137 138 113 139 139 140
115 116 117 141 141 119 142 143 144 144 145 145 146 146 122 123 147 124 148 149 150 151 151 152 152 126 127 153 153 129 154 154 155 131 132 133 156 157 157 158 159 160 161 161 137 162 162 163 163 140
164 165 166 166 167 167 168 143 169 169 170 171 171 172 173 173 147 174 174 149 175 175 176 177 178 179 179 180 181 182 182 183 155 184 185 186 156 187 188 158 159 160 189 190 190 191 191 192 192 193
164 194 194 195 196 197 168 198 198 199 199 200 200 172 201 202 202 203 203 204 204 205 176 177 178 206 206 180 181 207 207 183 208 208 185 186 209 187 188 210 211 211 189 212 212 213 213 214 214 193
215 215 216 195 196 217 217 218 218 219 220 220 221 221 222 222 223 223 224 224 225 205 226 226 227 227 228 229 229 230 230 231 232 233 234 235 236 236 237 238 239 239 240 241 242 243 244 244 245 246
247 247 216 248 248 249 249 250 250 219 251 251 252 252 253 254 254 255 256 257 225 258 259 259 260 260 228 261 261 262 262 231 232 233 234 235 263 263 237 238 264 265 240 241 266 243 267 268 245 246
269 270 270 271 272 272 273 274 274 275 275 276 276 277 277 278 279 255 280 257 281 282 283 283 284 284 285 286 287 287 288 289 289 290 291 292 292 293 293 294 264 295 296 296 266 297 267 268 298 299
300 301 302 302 303 303 273 304 305 305 306 307 308 308 309 309 279 310 280 311 281 282 312 313 314 314 285 286 315 316 288 317 317 290 291 318 319 320 320 294 321 295 322 322 323 297 324 324 298 325
300 301 326 326 327 328 328 329 330 330 306 307 331 331 332 333 334 310 335 311 336 336 312 337 338 338 339 339 315 316 340 340 341 342 342 318 319 343 344 344 345 346 347 347 348 349 350 350 351 325
352 353 353 354 327 355 355 329 356 357 358 358 359 359 332 333 360 361 362 363 364 365 366 337 367 368 368 369 370 370 371 372 373 373 374 374 375 375 376 377 345 346 378 378 348 349 379 379 351 380
381 381 382 383 383 384 385 385 356 357 386 387 387 388 388 389 360 361 362 390 364 365 391 391 367 392 393 369 394 394 371 395 396 396 397 398 398 399 376 377 400 401 401 402 402 403 404 405 405 380
406 407 382 408 409 409 410 410 411 412 386 413 413 414 414 415 416 416 417 390 418 419 420 421 422 422 393 423 424 424 425 395 426 426 397 427 427 399 428 429 400 430 431 431 432 403 433 434 434 435
406 407 436 437 437 438 439 439 411 412 440 441 442 443 443 415 444 444 417 445 418 419 420 421 446 446 447 448 448 449 425 450 450 451 452 453 453 454 428 455 456 457 457 458 459 459 433 460 461 462
463 464 436 465 465 438 466 467 468 469 469 441 470 470 471 472 473 473 474 445 475 475 476 477 477 478 447 479 479 449 480 480 481 451 452 482 483 483 484 455 485 485 486 487 488 489 489 460 490 462
463 464 491 492 493 493 494 467 495 495 496 496 497 498 471 472 499 499 500 501 501 502 476 503 504 478 505 505 506 506 507 508 481 509 510 511 511 512 484 513 513 514 486 487 515 515 516 516 490 517
518 519 491 492 520 520 494 521 521 522 523 524 524 498 525 526 526 527 500 528 528 502 529 529 504 530 530 531 532 532 507 508 533 509 510 534 535 535 536 536 537 538 538 539 539 540 540 541 542 542
518 519 543 544 544 545 546 546 547 548 523 549 549 550 525 551 552 527 553 554 555 555 556 557 557 558 559 531 560 561 561 562 562 563 564 565 566 567 568 568 537 569 569 570 570 571 572 573 574 575
576 577 543 578 579 579 580 581 547 548 582 583 584 585 586 551 552 587 553 588 589 590 556 591 591 558 559 592 593 594 595 595 596 596 564 565 566 567 597 598 598 599 599 600 601 571 602 573 574 575
576 577 603 604 605 606 580 581 607 607 582 608 584 585 586 609 610 587 611 588 589 590 612 613 613 614 614 592 593 615 615 616 616 617 618 618 619 619 597 620 621 621 622 600 623 623 602 624 624 625
626 626 603 604 605 606 627 628 628 629 630 608 631 631 632 609 633 634 634 635 635 636 636 637 638 639 639 640 641 641 642 643 644 645 645 646 646 647 648 620 649 650 650 651 652 652 653 654 654 625
655 656 656 657 658 658 659 659 660 660 630 661 661 662 662 663 633 664 665 666 667 668 669 670 638 671 672 640 673 674 642 643 644 675 676 676 677 647 648 678 678 679 680 680 681 681 682 682 683 684
655 685 685 657 686 686 687 688 689 690 691 691 692 693 693 694 695 664 665 666 667 668 696 670 697 671 672 698 698 674 699 700 701 702 703 703 677 704 705 705 706 679 707 707 708 709 710 710 683 711
712 712 713 713 714 715 687 688 689 716 717 717 692 718 719 694 695 720 721 722 722 723 696 724 724 725 726 726 727 727 699 700 701 702 728 728 729 704 730 731 706 732 732 733 708 734 735 736 737 711
738 738 739 739 740 715 741 741 742 716 743 743 744 744 719 745 746 746 721 747 748 748 749 749 750 725 751 752 752 753 754 754 755 756 757 758 759 759 730 731 760 760 761 762 762 734 735 736 737 763
764 764 765 766 740 767 767 768 742 769 769 770 770 771 772 772 773 774 775 776 777 777 778 778 750 779 779 780 780 753 781 782 782 756 783 758 784 784 785 786 786 787 788 789 790 790 791 791 792 792
793 794 794 766 795 795 796 797 797 798 798 799 800 800 801 802 773 774 775 776 803 804 805 806 806 807 808 808 809 809 810 810 811 812 783 813 814 814 815 816 817 818 788 789 819 820 820 821 822 822
793 823 823 824 824 825 825 826 826 827 828 799 829 830 801 802 831 831 832 832 803 804 805 833 833 834 835 836 836 837 838 838 811 812 839 840 841 841 815 816 817 818 842 842 819 843 843 821 844 844
845 846 846 847 847 848 849 850 851 827 828 852 829 853 854 854 855 856 856 857 858 859 860 861 861 834 835 862 862 863 864 864 865 866 839 840 867 868 869 870 870 871 871 872 873 874 875 876 877 878
879 880 880 881 882 848 849 850 851 883 884 852 885 853 886 886 855 887 887 857 858 859 860 888 889 890 890 891 891 863 892 892 865 866 893 893 867 868 869 894 895 895 896 872 873 874 875 876 877 878
879 897 897 898 882 899 899 900 901 883 884 902 885 903 903 904 904 905 905 906 906 907 908 888 909 910 910 911 912 912 913 914 915 915 916 917 917 918 918 919 919 920 920 921 922 923 924 924 925 926
927 928 929 898 930 931 932 900 933 934 934 935 935 936 936 937 937 938 938 939 940 941 908 942 909 943 943 944 945 946 946 914 947 948 948 949 949 950 950 951 951 952 953 921 954 923 955 955 925 926
956 928 929 957 930 931 932 958 933 959 959 960 960 961 961 962 962 963 964 964 940 941 965 942 966 966 967 944 945 968 968 969 947 970 971 971 972 972 973 973 974 952 975 976 954 977 977 978 978 979
956 980 980 957 981 982 982 958 983 983 984 985 985 986 986 987 988 988 989 990 991 991 992 993 994 995 995 996 997 998 999 969 1000 1001 1001 1002 1003 1003 1004 1005 1006 1007 975 976 1008 1008 1009 1009 1010 1011
1012 1013 1014 1015 1015 1016 1016 1017 1018 1019 984 1020 1020 1021 1022 987 1023 1023 989 1024 1025 1025 992 993 994 1026 1027 996 997 998 999 1028 1028 1029 1030 1002 1031 1032 1032 1005 1006 1007 1033 1034 1035 1036 1036 1037 1010 1011
1012 1013 1014 1038 1039 1039 1040 1040 1018 1041 1041 1042 1042 1021 1022 1043 1044 1045 1045 1024 1046 1046 1047 1048 1048 1026 1027 1049 1050 1050 1051 1052 1053 1029 1030 1054 1031 1055 1055 1056 1057 1057 1033 1034 1035 1058 1058 1059 1060 1060
1061 1062 1063 1064 1064 1065 1066 1067 1068 1069 1070 1071 1072 1072 1073 1043 1044 1074 1074 1075 1075 1076 1077 1077 1078 1078 1079 1049 1080 1080 1051 1052 1081 1082 1082 1083 1083 1084 1084 1056 1085 1085 1086 1086 1087 1087 1088 1059 1089 1089
1061 1062 1063 1090 1090 1065 1091 1067 1092 1069 1093 1071 1094 1094 1095 1095 1096 1097 1098 1099 1100 1076 1101 1102 1102 1103 1104 1104 1105 1106 1107 1107 1081 1108 1109 1109 1110 1111 1111 1112 1112 1113 1114 1115 1115 1116 1088 1117 1118 1119
1120 1120 1121 1122 1123 1123 1091 1124 1092 1125 1093 1126 1127 1128 1129 1129 1096 1097 1130 1099 1131 1131 1132 1132 1133 1133 1134 1135 1105 1106 1136 1136 1137 1138 1139 1139 1110 1140 1141 1142 1142 1113 1143 1144 1145 1146 1146 1117 1118 1119
1147 1147 1121 1148 1148 1149 1150 1150 1151 1151 1152 1126 1127 1153 1154 1154 1155 1156 1130 1157 1158 1159 1160 1160 1161 1162 1162 1135 1163 1163 1164 1164 1137 1138 1165 1166 1167 1140 1141 1168 1168 1169 1143 1144 1145 1170 1171 1171 1172 1172
1173 1174 1175 1175 1176 1149 1177 1178 1179 1180 1180 1181 1181 1153 1182 1182 1155 1156 1183 1157 1184 1159 1185 1186 1187 1188 1189 1190 1191 1192 1193 1193 1194 1195 1165 1166 1167 1196 1197 1198 1199 1199 1200 1200 1201 1201 1202 1202 1203 1203
1204 1174 1205 1206 1176 1207 1177 1178 1179 1208 1208 1209 1209 1210 1210 1211 1211 1212 1213 1214 1184 1215 1185 1186 1187 1188 1189 1190 1216 1192 1217 1218 1194 1219 1220 1220 1221 1196 1197 1198 1222 1222 1223 1224 1225 1225 1226 1227 1227 1228
1204 1229 1205 1206 1230 1207 1231 1231 1232 1233 1234 1234 1235 1236 1237 1237 1238 1239 1213 1214 1240 1240 1241 1242 1242 1243 1244 1244 1216 1245 1217 1218 1246 1219 1247 1247 1248 1248 1249 1249 1250 1250 1223 1224 1251 1252 1226 1253 1254 1254
1255 1256 1256 1257 1230 1258 1259 1260 1261 1233 1262 1262 1235 1236 1263 1263 1238 1239 1264 1264 1265 1266 1267 1267 1268 1243 1269 1269 1270 1270 1271 1271 1272 1272 1273 1273 1274 1274 1275 1276 1277 1277 1278 1278 1251 1279 1279 1253 1280 1281
1255 1282 1282 1257 1283 1258 1259 1260 1261 1284 1284 1285 1286 1287 1288 1288 1289 1289 1290 1290 1265 1266 1291 1291 1292 1292 1293 1294 1294 1295 1296 1296 1297 1297 1298 1298 1299 1299 1275 1276 1300 1300 1301 1301 1302 1302 1303 1304 1280 1281
1305 1306 1307 1307 1308 1309 1310 1310 1311 1312 1312 1285 1286 1287 1313 1314 1315 1316 1317 1318 1319 1319 1320 1321 1322 1323 1323 1324 1325 1295 1326 1326 1327 1328 1329 1330 1331 1332 1332 1333 1334 1335 1336 1337 1338 1339 1303 1340 1341 1342
1305 1306 1343 1343 1308 1344 1344 1345 1345 1346 1347 1347 1348 1348 1313 1314 1315 1316 1317 1318 1349 1349 1320 1321 1322 1350 1351 1351 1325 1352 1352 1353 1327 1328 1329 1330 1354 1354 1355 1333 1334 1335 1336 1337 1338 1339 1356 1340 1341 1342
60 86 44 97 28 75 84 39 6 10 10 7 35 16 80 34 70 23 72 37 63 26 95 87 18 44 46 3 20 92 3 61 98 28 19 72 66 3 1 6 1 53 55 65 5 42 23 59 14 68
13 77 49 50 96 39 13 54 54 6 49 12 21 51 40 95 45 11 1 2 21 76 57 20 43 84 26 32 10 54 24 8 9 57 91 60 53 25 96 84 0 10 97 70 13 49 95 85 47 40
51 41 15 49 65 17 17 27 84 70 77 26 38 91 54 1 85 52 78 58 70 55 92 16 34 91 53 29 56 81 8 86 13 73 54 9 84 85 2 98 35 32 39 40 41 92 2 22 23 23
57 92 84 99 92 65 49 88 7 33 47 8 28 49 97 14 21 19 30 67 74 38 49 39 0 80 19 28 60 78 66 89 85 14 34 67 73 94 48 74 2 74 64 86 72 95 20 14 43 34
57 15 48 34 66 20 49 91 47 41 76 15 94 64 91 71 34 53 72 75 11 98 89 26 5 16 93 27 93 18 0 2 10 59 12 38 74 50 77 36 61 83 95 65 73 49 71 30 54 95
7 30 67 80 3 97 99 31 39 94 65 85 82 73 77 1 0 91 28 16 83 56 27 80 86 22 75 38 26 15 35 41 25 30 80 44 44 31 46 9 16 60 37 86 8 25 71 43 8 80
37 17 8 71 37 61 29 9 45 95 69 24 42 44 18 73 67 16 16 10 9 38 94 34 40 74 2 20 42 67 60 92 6 77 99 34 77 55 77 99 69 95 46 29 18 77 55 71 50 86
59 47 19 91 23 17 75 57 56 21 21 61 37 60 38 69 7 21 74 57 94 6 12 80 46 21 75 25 50 55 33 18 64 90 51 67 15 36 79 70 37 95 90 43 95 33 33 77 82 31
17 16 78 5 34 12 40 11 32 66 43 77 12 70 48 96 0 68 30 7 86 63 63 21 79 39 82 58 33 68 69 45 33 49 84 78 73 85 75 23 80 2 40 10 61 20 50 40 48 70
42 7 90 95 6 7 45 91 35 0 80 28 24 17 44 98 7 42 32 60 72 42 83 94 6 45 61 68 40 70 74 17 56 69 8 50 35 55 26 43 15 19 98 46 13 91 96 21 76 9
69 59 68 50 56 74 66 64 85 57 6 67 0 93 17 3 56 75 31 11 28 40 71 36 37 92 72 97 8 91 32 2 46 42 61 76 48 28 45 47 98 8 42 64 82 16 33 68 19 74
97 55 14 66 49 84 12 55 45 97 3 22 51 94 12 74 97 64 32 38 25 2 59 54 30 90 95 18 94 57 78 62 74 26 6 60 23 96 5 89 51 40 0 56 55 0 60 45 13 68
83 4 92 20 33 40 55 97 81 16 67 34 95 42 49 10 23 78 7 14 99 1 25 60 8 62 98 26 80 84 91 82 39 93 30 95 55 68 34 8 68 94 96 93 47 73 93 89 70 90
18 82 7 49 82 71 66 71 82 46 90 7 79 87 98 3 80 20 8 42 66 28 82 10 79 88 31 51 81 64 96 96 14 20 98 31 90 70 50 17 83 61 31 21 20 7 82 38 42 39
48 33 14 78 96 14 34 76 19 53 3 58 23 34 79 80 22 34 93 90 88 6 35 36 6 3 53 27 33 76 8 83 71 51 37 32 52 56 96 99 30 35 38 18 74 75 74 43 19 2
10 69 29 58 3 11 42 60 25 3 50 34 62 65 44 73 97 55 53 54 78 40 38 5 70 0 84 72 50 28 83 40 69 69 53 47 59 65 27 46 63 96 0 32 76 26 79 34 17 96
51 80 91 82 12 92 82 81 13 82 66 99 13 75 19 63 62 9 57 94 8 90 40 22 88 62 91 57 7 64 1 82 15 41 11 94 19 94 78 24 13 63 23 76 55 56 49 82 57 27
31 30 86 4 76 55 16 31 67 29 25 90 66 35 23 43 11 0 73 30 26 65 54 69 37 3 81 11 26 61 87 11 75 49 60 5 99 17 80 60 96 20 15 58 93 33 77 69 58 44
89 57 87 74 24 64 30 58 96 96 58 82 29 60 84 31 16 85 87 81 47 87 87 19 30 89 51 33 32 82 3 42 6 63 66 93 31 76 1 56 87 47 28 86 14 17 64 79 46 99
85 46 24 84 66 42 53 35 63 59 14 2 27 63 33 60 43 80 98 77 74 75 80 88 12 25 58 98 4 49 0 67 6 69 59 73 4 28 97 33 14 22 29 45 61 58 7 86 42 77
89 50 73 22 43 55 76 60 94 80 12 35 27 91 1 74 96 43 67 10 69 79 87 30 41 34 22 78 86 91 96 40 80 18 90 69 13 27 7 10 1 42 83 61 90 31 35 22 14 79
80 30 40 89 39 70 49 4 76 65 83 67 10 12 30 79 93 55 71 91 56 45 63 4 41 91 18 83 1 41 88 75 1 47 25 91 38 53 31 22 6 45 68 10 89 78 11 43 13 92
3 22 84 24 68 38 11 34 49 94 29 75 56 82 34 11 51 64 8 57 86 29 5 43 40 88 29 84 11 45 2 83 18 48 69 17 66 57 75 60 74 18 71 66 79 21 97 54 19 27
24 94 77 40 80 63 44 82 38 45 74 80 9 88 64 13 90 21 91 44 58 33 74 67 85 7 12 72 21 92 82 93 71 44 42 51 37 21 86 82 30 46 98 10 34 71 59 86 17 41
92 11 81 90 39 82 84 85 82 52 78 43 6 75 71 0 52 39 55 21 77 95 52 93 59 56 96 83 21 9 27 55 36 60 28 81 63 10 75 91 20 97 84 78 35 6 48 12 31 63
43 20 18 4 72 36 51 88 41 86 22 29 68 80 36 82 84 94 58 4 12 41 77 31 66 31 84 4 75 33 94 99 41 67 96 8 82 43 27 4 38 86 12 12 18 87 22 30 79 82
77 24 12 66 33 4 30 75 81 6 35 82 0 53 36 30 8 77 72 69 92 37 45 95 43 65 66 29 1 78 17 32 79 34 7 79 69 45 59 16 63 38 88 8 82 6 63 30 74 16
49 36 31 74 55 29 9 1 87 81 70 95 9 69 44 69 4 84 94 42 57 56 73 78 18 30 82 91 4 49 67 46 87 91 56 99 94 67 26 8 58 39 46 0 8 97 12 96 63 56
3 65 99 7 72 65 68 14 33 99 47 64 79 24 44 85 85 98 24 19 92 27 5 43 90 40 7 37 32 25 94 6 6 9 73 10 52 74 29 86 16 18 51 82 63 37 35 6 89 65
88 28 73 49 56 54 36 46 54 15 54 80 58 91 16 78 62 47 71 20 8 75 31 8 46 30 75 26 62 86 12 0 19 82 13 70 0 94 96 8 91 80 2 71 51 60 31 93 84 71
60 80 69 24 13 53 30 67 12 97 2 64 62 7 35 98 80 92 62 65 74 31 87 53 95 69 63 4 76 58 34 99 39 86 64 31 70 37 93 93 6 39 16 2 44 93 57 68 47 90
61 79 3 33 71 73 48 94 37 84 86 90 35 79 90 72 17 31 35 5 86 85 58 24 52 22 13 5 96 27 62 85 35 25 30 41 25 97 47 57 79 56 30 99 57 62 3 48 18 86
74 66 78 82 44 65 41 53 48 76 50 22 60 8 76 31 74 98 82 28 75 39 98 19 6 64 85 86 44 43 2 79 31 85 60 20 33 61 61 66 43 53 84 96 59 1 74 98 58 55
53 63 19 89 46 43 67 4 91 47 18 29 87 38 33 51 14 98 63 42 28 16 37 98 3 10 58 10 42 60 62 7 85 35 47 62 36 97 40 24 76 71 61 70 12 55 30 35 26 0
54 97 6 59 57 21 99 21 50 27 66 38 23 92 97 21 51 41 30 43 17 65 83 16 71 6 37 86 16 51 15 99 98 70 66 63 61 74 26 87 43 66 50 96 70 10 58 41 48 50
25 4 48 4 15 89 8 64 97 80 7 9 60 87 73 54 21 24 58 92 2 75 43 10 36 75 28 84 11 81 42 86 23 42 63 10 83 10 27 65 61 4 87 49 2 72 49 60 26 29
36 97 50 4 73 81 77 16 12 80 64 76 40 45 32 63 41 74 52 19 83 36 64 69 79 95 96 64 78 42 40 74 79 40 92 54 15 72 80 77 16 7 24 9 29 81 77 44 8 64
56 13 69 70 59 31 52 55 3 85 99 64 26 37 35 1 52 5 30 25 69 39 61 60 35 36 77 98 90 89 74 55 35 19 61 56 8 84 82 96 49 55 74 63 14 22 23 6 24 22
60 43 0 87 15 71 36 25 51 52 12 49 13 26 27 18 11 27 76 3 46 52 73 31 28 44 19 61 53 59 97 61 12 29 59 42 31 92 4 56 88 49 30 35 20 71 79 9 28 13
66 12 47 74 42 95 16 17 31 87 36 47 74 41 90 18 23 16 32 56 45 5 28 12 72 56 83 0 45 9 81 97 66 3 1 84 61 38 56 49 19 92 8 47 32 66 4 35 62 74
0 92 21 19 20 66 53 14 55 11 66 9 81 2 48 96 63 30 56 71 72 42 23 91 13 26 42 27 53 82 70 38 16 63 81 3 99 56 60 54 20 14 58 18 42 31 95 32 73 2
62 90 73 28 96 62 83 91 94 79 77 49 51 47 24 60 95 42 55 2 26 97 80 58 11 15 44 91 92 87 64 76 76 7 80 78 80 84 81 90 38 6 97 67 95 4 33 7 19 38
30 14 34 60 36 57 19 89 25 84 57 65 35 9 10 76 56 11 73 9 88 25 10 80 28 87 81 93 22 58 90 20 32 57 74 59 69 93 49 32 7 5 67 70 82 10 12 36 51 52
60 41 81 43 1 55 22 35 48 56 77 23 29 96 32 7 93 18 82 27 35 29 49 73 4 57 99 9 94 88 47 12 31 25 44 61 44 86 23 99 56 44 94 67 95 78 54 76 42 92
54 62 82 29 23 38 46 0 8 4 47 88 20 77 96 18 51 16 13 52 13 85 29 69 70 43 58 54 67 8 19 68 48 92 56 93 22 74 89 6 95 35 87 60 32 40 61 69 67 31
66 10 67 30 47 30 64 60 35 24 12 93 56 0 30 45 14 82 44 13 25 80 61 37 33 10 7 57 21 32 29 19 64 74 53 79 38 25 57 79 70 65 56 58 75 52 83 28 58 76
74 87 57 61 13 5 59 36 45 15 40 14 72 41 23 67 51 65 22 58 63 15 17 79 44 18 21 88 36 95 97 41 38 96 76 49 33 36 38 44 1 16 71 85 93 98 89 73 31 73
66 13 26 79 22 1 44 62 34 90 90 60 90 48 47 14 65 8 5 55 38 91 87 30 51 78 46 89 17 16 33 3 66 31 94 81 51 71 71 44 10 25 99 49 86 44 5 52 84 55
25 6 66 44 66 87 46 13 60 28 43 93 3 65 79 78 10 21 66 32 98 24 24 43 70 69 43 28 46 9 8 91 9 82 35 29 42 13 73 27 93 99 55 9 62 51 88 9 52 97
14 7 59 95 37 18 84 0 70 17 96 30 77 27 16 11 95 20 82 63 97 35 77 73 91 0 18 27 7 13 44 54 9 45 87 37 65 0 18 17 25 13 71 84 43 14 97 73 76 75
