30 1
0 1 1 2 3 4 5 5 6 6 7 8 9 10 10 11 11 12 12 13 13 14 14 15 15 16 17 17 18 19 20 21 21 22 22 23 24 25 26 27 27 28 28 29 30 31 31 32 33 33
34 34 35 2 3 36 36 37 37 38 39 8 9 40 41 41 42 43 43 44 45 45 46 46 47 16 48 48 18 19 20 49 50 51 51 23 24 25 26 52 53 53 54 29 55 56 57 58 59 60
61 62 35 63 63 64 65 65 66 38 39 67 68 69 70 70 42 71 71 44 72 73 73 74 75 76 77 78 78 79 79 49 50 80 81 81 82 82 83 52 84 84 54 85 55 86 57 58 59 60
61 87 87 88 89 64 90 91 92 93 93 94 68 69 95 95 96 96 97 97 72 98 98 99 75 76 77 100 101 102 103 104 104 105 105 106 107 108 108 109 110 111 112 113 113 86 114 114 115 115
116 117 117 88 89 118 90 91 92 119 120 94 121 122 123 124 124 125 126 126 127 128 129 99 130 130 131 131 101 132 103 133 133 134 135 106 107 136 137 109 110 111 112 138 139 139 140 140 141 142
116 143 144 145 146 146 147 148 148 119 120 149 150 122 123 151 151 125 152 153 127 128 129 154 155 156 157 157 158 132 159 160 160 134 135 161 161 136 137 162 162 163 164 138 165 166 167 167 141 142
168 168 144 169 170 171 147 172 172 173 174 149 150 175 176 177 177 178 178 153 179 180 180 154 181 156 182 183 184 184 159 185 186 187 187 188 189 190 191 192 193 194 164 195 165 166 196 196 197 197
198 198 199 169 170 200 200 201 202 202 174 203 203 175 176 204 205 206 206 207 179 208 209 209 181 210 210 183 211 212 213 214 186 215 216 188 189 190 191 217 193 194 218 195 219 220 221 222 222 223
224 224 225 225 226 226 227 201 228 229 229 230 231 231 232 204 205 233 233 207 234 208 235 236 237 238 239 240 211 212 213 214 241 241 216 242 243 244 245 217 246 247 218 248 219 249 221 250 250 223
251 251 252 252 253 253 227 254 228 255 255 230 256 257 232 258 259 260 261 261 262 262 235 236 237 238 239 263 264 265 266 266 267 268 269 242 243 270 245 271 246 247 272 272 273 249 274 275 276 276
277 277 278 279 280 281 282 254 283 284 284 285 256 257 286 258 259 260 287 287 288 289 289 290 291 292 292 263 264 265 293 294 267 268 269 295 295 270 296 271 297 298 299 299 273 300 274 275 301 301
302 302 278 279 280 281 282 303 304 304 305 305 306 306 307 307 308 308 309 310 311 312 313 290 291 314 314 315 315 316 317 294 318 318 319 320 321 322 296 323 323 298 324 324 325 325 326 326 327 328
329 329 330 330 331 331 332 333 334 335 336 336 337 338 338 339 340 340 309 341 311 312 313 342 343 343 344 344 345 316 317 346 347 348 349 320 321 322 350 350 351 351 352 352 353 353 354 354 327 328
355 355 356 357 357 358 359 333 334 360 361 361 337 362 363 339 364 364 365 341 366 367 367 368 368 369 369 370 370 371 372 373 347 374 349 375 375 376 376 377 377 378 379 380 381 382 382 383 384 385
386 387 387 388 388 358 359 389 389 360 390 391 391 362 363 392 393 393 365 394 395 395 396 396 397 397 398 398 399 399 372 373 400 374 401 402 403 404 404 405 405 406 379 380 407 408 409 383 384 385
386 410 410 411 412 412 413 413 414 415 415 416 416 417 418 392 419 420 421 422 423 424 424 425 426 427 427 428 428 429 430 431 432 433 401 402 434 434 435 436 437 406 438 439 407 408 440 440 441 442
443 443 444 444 445 446 446 447 414 448 448 449 449 417 418 450 419 420 451 422 423 452 453 425 426 454 454 455 455 456 430 431 432 433 457 457 458 459 460 436 461 461 438 439 462 463 463 464 441 442
465 466 467 467 468 468 469 469 470 471 472 472 473 474 474 450 475 475 451 476 476 477 453 478 478 479 480 481 482 456 483 483 484 484 485 486 458 459 460 487 487 488 488 489 489 490 490 491 492 493
465 494 494 495 495 496 497 497 470 498 498 499 499 500 501 502 502 503 503 504 504 477 505 505 506 479 480 481 507 508 509 509 510 511 485 486 512 513 513 514 514 515 516 517 517 518 519 491 492 493
520 520 521 522 522 496 523 524 524 525 526 526 527 500 501 528 529 530 530 531 532 533 534 534 535 535 536 537 507 508 538 539 510 511 540 540 512 541 542 542 543 515 516 544 544 545 519 546 547 548
549 549 521 550 551 551 552 552 553 553 554 554 527 555 555 528 556 557 558 558 532 559 559 560 561 561 536 537 562 563 538 539 564 565 565 566 566 541 567 567 543 568 569 569 570 545 571 546 547 572
573 574 574 550 575 576 577 578 579 579 580 581 581 582 582 583 556 557 584 584 585 585 586 586 587 588 588 589 562 563 590 591 564 592 593 593 594 594 595 596 597 568 598 599 600 600 571 601 602 572
573 603 604 604 575 576 605 578 606 606 607 607 608 608 609 583 610 610 611 612 612 613 613 614 615 615 616 617 617 618 590 619 619 620 620 621 621 622 595 596 597 623 623 599 624 624 625 601 626 626
627 603 628 628 629 629 605 630 631 631 632 633 634 634 609 635 636 637 611 638 639 640 641 614 642 642 616 643 643 618 644 645 646 647 648 648 649 650 650 651 651 652 653 654 654 655 656 657 657 658
627 659 660 660 661 661 662 663 664 664 665 633 666 667 667 668 636 637 669 669 639 640 641 670 671 672 672 673 674 674 644 645 646 675 675 676 677 677 678 678 679 679 653 680 681 655 656 682 682 658
683 683 684 685 686 687 687 663 688 689 665 690 690 691 691 668 692 692 693 693 694 695 696 696 671 697 697 698 698 699 700 701 702 702 703 676 704 705 706 706 707 708 708 709 681 710 710 711 711 712
713 713 684 714 686 715 716 717 688 689 718 719 720 720 721 721 722 723 723 724 694 695 725 725 726 727 728 728 729 730 700 701 731 732 703 733 733 705 734 735 735 736 737 709 738 738 739 740 740 712
741 741 742 714 743 715 716 717 744 745 718 746 747 748 748 749 750 751 752 753 754 755 755 756 726 727 757 757 729 730 758 758 731 759 760 760 761 761 762 763 763 764 737 765 766 767 739 768 768 769
770 771 742 772 772 773 774 774 744 775 775 746 747 776 776 749 750 751 777 753 754 778 778 756 779 780 780 781 782 783 784 784 785 759 786 786 787 787 762 788 789 764 790 790 766 767 791 792 793 769
770 771 794 794 795 773 796 797 798 798 799 800 800 801 802 803 803 804 777 805 805 806 807 807 779 808 809 781 782 810 811 812 812 813 814 815 815 816 816 788 789 817 818 818 819 819 791 792 820 820
821 821 822 823 795 824 796 797 825 826 827 827 828 829 802 830 830 831 831 832 833 833 834 834 835 808 809 836 837 810 811 838 839 813 814 840 841 842 843 843 844 817 845 845 846 847 848 849 849 850
851 851 822 823 852 824 853 853 825 826 854 854 828 829 855 855 856 857 857 832 858 858 859 859 860 861 862 836 837 863 863 838 839 864 864 840 841 842 865 865 844 866 867 867 846 847 848 868 868 869
870 870 871 871 852 872 873 873 874 875 876 876 877 878 878 879 880 880 881 881 882 882 883 883 860 861 862 884 885 885 886 886 887 888 889 889 890 890 891 891 892 866 893 894 894 895 895 896 897 869
898 898 899 900 901 872 902 902 874 903 904 905 906 906 907 879 908 909 909 910 911 911 912 913 913 914 914 884 915 915 916 917 917 888 918 918 919 920 921 922 892 923 893 924 925 926 927 928 897 929
930 930 899 900 931 932 933 933 934 903 904 905 935 935 907 936 937 938 938 910 939 939 912 940 941 942 942 943 944 944 945 945 946 947 947 948 919 920 921 922 949 950 950 951 925 926 927 928 952 953
954 955 956 957 931 932 958 958 959 959 960 961 961 962 963 963 937 964 964 965 965 966 966 940 967 968 969 969 970 971 972 972 946 973 973 948 974 974 975 975 949 976 976 951 977 977 978 978 952 953
954 955 956 979 979 980 981 982 982 983 960 984 984 962 985 985 986 987 988 989 989 990 990 991 967 968 992 992 970 993 993 994 995 995 996 997 997 998 999 999 1000 1000 1001 1002 1003 1003 1004 1005 1006 1006
1007 1007 1008 1009 1010 980 1011 1011 1012 983 1013 1014 1014 1015 1016 1016 986 987 988 1017 1017 1018 1019 991 1020 1020 1021 1022 1023 1024 1025 1025 1026 1027 1027 1028 1028 998 1029 1029 1030 1030 1001 1002 1031 1032 1032 1005 1033 1033
1034 1035 1008 1036 1010 1037 1038 1039 1040 1040 1013 1041 1041 1015 1042 1043 1043 1044 1044 1045 1046 1018 1019 1047 1047 1048 1021 1022 1023 1024 1049 1049 1050 1050 1051 1051 1052 1052 1053 1054 1054 1055 1056 1056 1031 1057 1057 1058 1059 1059
1034 1035 1060 1036 1061 1037 1038 1039 1062 1062 1063 1064 1064 1065 1042 1066 1066 1067 1067 1045 1046 1068 1069 1070 1070 1048 1071 1071 1072 1072 1073 1073 1074 1075 1075 1076 1076 1077 1053 1078 1079 1055 1080 1081 1081 1082 1082 1083 1084 1085
1086 1087 1060 1088 1061 1089 1089 1090 1090 1091 1092 1093 1094 1094 1095 1095 1096 1097 1097 1098 1099 1100 1069 1101 1102 1102 1103 1104 1104 1105 1106 1107 1108 1108 1109 1109 1110 1110 1111 1112 1079 1113 1080 1114 1115 1116 1116 1083 1117 1085
1086 1087 1118 1119 1119 1120 1121 1122 1123 1091 1092 1124 1124 1125 1126 1126 1127 1127 1128 1128 1099 1100 1129 1101 1130 1130 1103 1131 1131 1105 1132 1107 1133 1134 1134 1135 1135 1136 1136 1112 1137 1113 1138 1114 1115 1139 1140 1141 1117 1142
1143 1144 1145 1145 1146 1146 1121 1122 1123 1147 1147 1148 1148 1125 1149 1150 1150 1151 1152 1153 1154 1155 1156 1157 1157 1158 1158 1159 1160 1161 1132 1162 1162 1163 1164 1165 1166 1166 1167 1167 1168 1168 1138 1169 1170 1139 1171 1141 1172 1142
1143 1144 1173 1173 1174 1175 1176 1176 1177 1178 1178 1179 1179 1180 1149 1181 1182 1151 1152 1183 1154 1155 1156 1184 1185 1186 1187 1159 1188 1161 1189 1190 1191 1192 1164 1165 1193 1193 1194 1194 1195 1195 1196 1197 1170 1198 1171 1199 1172 1200
1201 1202 1203 1204 1174 1175 1205 1206 1206 1207 1207 1208 1209 1210 1210 1181 1211 1212 1212 1183 1213 1213 1214 1184 1185 1186 1187 1215 1188 1216 1189 1190 1191 1192 1217 1218 1218 1219 1219 1220 1221 1222 1196 1197 1223 1198 1224 1199 1225 1225
1201 1202 1203 1204 1226 1226 1205 1227 1227 1228 1228 1208 1229 1230 1231 1232 1211 1233 1233 1234 1234 1235 1235 1236 1237 1238 1239 1215 1240 1240 1241 1242 1242 1243 1244 1245 1246 1246 1247 1248 1221 1222 1249 1250 1223 1251 1224 1252 1252 1253
1254 1254 1255 1256 1256 1257 1258 1259 1259 1260 1261 1262 1229 1230 1231 1232 1263 1263 1264 1265 1266 1267 1267 1236 1237 1238 1239 1268 1268 1269 1270 1271 1272 1272 1244 1273 1274 1275 1247 1248 1276 1276 1249 1277 1278 1251 1279 1280 1281 1253
1282 1283 1255 1284 1285 1257 1258 1286 1286 1260 1261 1262 1287 1287 1288 1289 1290 1291 1292 1265 1293 1293 1294 1294 1295 1296 1296 1297 1297 1269 1270 1298 1299 1300 1300 1273 1301 1275 1302 1303 1304 1304 1305 1277 1278 1306 1306 1280 1281 1307
1282 1283 1308 1284 1309 1310 1311 1311 1312 1312 1313 1314 1315 1315 1316 1289 1290 1291 1292 1317 1317 1318 1319 1319 1295 1320 1321 1321 1322 1323 1324 1298 1299 1325 1325 1326 1301 1327 1302 1303 1328 1328 1305 1329 1329 1330 1330 1331 1332 1332
1333 1334 1334 1335 1309 1310 1336 1337 1337 1338 1313 1314 1339 1339 1316 1340 1340 1341 1341 1342 1342 1318 1343 1343 1344 1320 1345 1345 1322 1323 1324 1346 1347 1347 1348 1326 1349 1327 1350 1350 1351 1351 1352 1352 1353 1354 1354 1331 1355 1355
90 91 9 34 17 4 72 88 16 3 58 52 80 49 87 5 5 21 18 76 46 61 39 16 93 4 76 3 56 55 75 3 21 96 31 20 89 70 60 41 4 17 99 96 87 6 91 14 66 67
1 30 46 65 59 35 20 31 53 19 6 10 16 66 34 73 35 22 83 11 38 90 43 57 11 66 49 59 88 85 36 23 27 33 68 6 22 11 81 36 5 64 5 46 92 3 41 48 18 44
92 43 29 7 72 46 60 26 99 89 77 8 28 28 3 59 84 38 70 57 25 8 21 74 77 53 81 22 78 36 49 37 61 58 26 78 81 62 90 40 55 90 73 59 44 75 89 44 47 86
73 17 14 0 59 66 58 52 52 43 81 94 8 91 12 19 85 90 48 49 88 8 20 79 76 56 68 86 44 22 41 94 27 24 13 11 6 12 34 24 32 44 50 5 45 66 77 78 1 82
66 98 47 48 9 91 28 85 62 31 93 13 31 9 84 50 98 20 25 26 19 72 57 18 88 48 19 6 89 24 39 22 70 32 6 16 24 75 80 10 85 96 99 31 66 50 71 90 72 12
28 59 87 82 78 22 81 35 89 5 77 95 45 0 48 29 47 9 43 37 71 46 32 75 50 99 87 21 62 43 84 42 3 76 73 41 13 85 77 55 49 71 59 39 81 5 69 77 98 46
44 47 96 53 40 47 77 11 66 45 27 14 34 3 88 98 96 72 77 45 45 0 12 55 18 86 15 52 5 48 98 82 73 6 93 64 29 42 24 39 3 94 64 89 77 39 53 45 45 77
34 75 71 17 48 21 56 52 72 42 50 38 98 72 12 53 79 18 58 84 76 45 17 97 27 16 58 73 81 9 34 20 25 17 22 72 16 15 41 89 90 60 6 50 52 77 22 72 94 40
30 77 36 23 51 0 61 86 5 51 5 44 59 12 19 89 45 49 24 40 3 79 85 9 20 25 13 64 93 73 88 48 92 9 70 74 12 60 92 9 91 34 7 30 81 43 66 9 82 5
44 90 79 56 11 74 47 52 20 17 53 17 98 76 54 91 95 7 13 59 76 89 25 72 37 90 13 62 39 62 26 60 41 0 13 35 73 44 25 73 35 61 69 52 96 62 29 23 63 31
6 50 55 42 68 45 60 34 46 89 54 14 91 32 27 72 32 33 3 60 56 84 50 51 87 38 89 53 30 69 3 31 41 81 39 5 17 41 67 72 23 40 95 6 88 52 50 28 40 73
38 49 14 50 88 80 97 83 36 88 91 65 83 76 95 36 9 66 77 27 13 19 82 13 4 44 99 20 7 74 49 38 89 53 15 84 98 3 55 81 73 23 60 89 34 91 98 68 85 49
71 13 74 43 2 56 77 49 47 96 33 75 18 62 48 81 16 82 68 36 17 77 24 75 24 90 90 37 61 4 62 93 59 64 72 1 92 22 37 25 40 78 57 0 93 93 22 66 29 47
41 78 7 57 56 69 52 20 99 29 96 76 11 60 54 40 11 25 43 38 57 87 81 80 51 59 55 87 82 27 31 74 32 78 59 70 91 35 17 49 51 2 11 39 98 88 67 90 13 8
80 62 14 30 32 13 22 99 55 99 64 89 96 33 4 63 27 46 18 80 23 31 81 2 65 37 73 11 49 57 37 30 57 95 64 91 82 22 77 43 30 67 87 84 25 94 62 58 67 87
97 98 15 17 4 26 54 49 11 13 86 64 86 40 96 27 81 10 10 26 22 53 41 92 64 87 55 80 94 41 46 60 35 50 6 84 49 84 90 3 74 12 8 43 2 48 31 23 36 54
22 41 90 58 73 53 10 24 13 73 29 57 29 86 11 56 99 90 99 51 81 6 1 73 29 36 50 31 69 33 1 80 4 26 37 81 67 51 12 99 12 24 11 63 55 20 4 74 85 73
91 32 78 86 74 36 15 14 79 66 25 28 80 34 36 54 65 31 15 45 79 51 5 3 18 73 39 90 90 78 72 18 10 16 34 51 76 1 91 65 90 74 46 25 20 60 99 51 12 18
37 56 62 19 7 64 16 18 30 81 84 4 14 87 27 85 91 39 10 13 26 60 33 17 79 84 56 64 40 44 88 78 78 2 27 5 55 60 53 91 60 67 3 70 44 6 50 51 30 80
12 93 91 36 95 30 76 47 13 58 78 48 33 12 9 54 49 19 54 73 92 38 52 32 14 0 16 53 60 54 60 49 73 55 85 32 15 16 46 64 62 23 48 78 26 86 36 62 12 4
4 93 58 36 12 6 34 37 45 52 25 20 75 8 9 63 65 55 66 86 23 76 9 66 21 38 48 12 40 20 44 33 66 18 85 98 58 64 92 91 29 84 71 64 25 84 96 93 71 57
56 81 3 4 71 71 17 11 93 66 48 22 84 19 78 28 36 30 65 69 19 90 32 31 69 73 13 19 93 19 84 33 15 4 81 15 64 67 76 53 16 28 11 94 88 74 87 77 2 38
52 59 78 72 23 27 88 39 27 65 32 31 4 32 40 82 49 49 43 31 23 81 19 36 82 47 49 99 97 55 73 94 11 13 36 50 29 36 82 61 94 69 53 93 36 60 5 87 63 75
70 27 23 15 20 5 69 65 88 8 29 1 38 26 41 72 4 68 31 84 36 98 36 94 7 43 17 21 69 52 36 46 20 77 38 49 63 91 35 19 58 86 22 74 95 50 14 25 14 87
47 56 64 78 70 12 19 85 36 72 49 61 92 59 23 71 77 65 6 46 64 45 47 43 50 81 5 18 58 77 84 70 1 12 33 14 38 90 48 74 65 13 80 42 74 58 35 18 20 16
21 89 11 58 91 51 40 18 60 99 10 40 41 17 86 28 30 77 74 46 59 99 60 31 59 97 34 18 24 42 48 19 77 16 69 45 29 46 73 32 92 36 82 12 22 90 84 96 7 47
80 44 44 39 73 82 27 76 98 21 18 83 27 31 81 31 33 13 24 80 89 80 54 42 16 7 80 0 15 70 9 32 38 27 16 74 13 10 16 33 60 39 27 44 51 21 56 65 80 8
79 3 97 60 5 95 34 1 98 96 21 6 72 87 11 12 75 62 26 3 82 90 85 23 65 22 34 39 63 80 16 78 66 8 80 4 20 1 60 24 26 1 40 91 74 84 55 4 7 20
52 93 35 18 36 57 78 2 49 86 1 61 29 17 62 78 57 50 33 93 34 32 93 4 41 64 69 55 14 95 79 89 90 3 20 0 91 18 11 74 36 85 13 1 24 70 88 6 7 59
10 1 92 82 24 37 82 57 6 36 69 68 83 41 47 22 76 58 18 90 91 35 8 22 20 37 8 29 6 63 84 71 71 53 93 31 42 34 9 30 55 33 32 60 66 65 75 67 92 70
39 65 32 20 12 14 79 53 7 27 47 18 8 18 83 56 99 82 86 85 57 20 62 89 49 41 2 4 98 54 79 97 73 19 87 21 8 74 4 54 26 88 73 30 19 69 85 93 79 56
52 59 19 15 21 83 71 31 72 96 55 85 28 27 44 80 33 30 42 55 21 26 50 25 92 84 31 36 33 26 65 2 48 91 75 50 27 48 40 77 81 95 23 95 32 53 8 45 49 30
19 5 38 8 26 88 82 14 60 88 79 32 10 1 32 97 51 40 89 75 50 91 2 58 0 68 2 85 11 69 74 79 79 64 99 7 79 1 61 11 65 30 21 23 77 72 30 85 61 90
75 4 86 61 71 12 3 80 77 97 46 96 12 92 50 53 74 1 93 6 36 58 32 56 98 34 71 54 45 97 15 50 32 37 70 29 15 47 46 66 21 78 1 88 29 78 34 13 99 23
67 77 64 24 35 30 84 16 79 19 82 38 30 24 72 65 48 39 39 36 73 20 97 19 94 21 84 38 10 90 97 70 99 66 83 12 59 17 8 24 8 57 65 48 8 95 69 90 38 47
74 73 66 79 27 8 66 18 59 25 37 43 9 15 57 95 66 20 68 15 13 73 29 58 48 96 56 24 63 19 4 51 21 39 29 77 89 40 93 53 44 16 96 30 84 4 34 65 94 95
52 2 22 68 32 96 39 39 9 64 62 53 29 78 86 42 59 67 64 70 60 51 71 49 55 69 93 24 77 69 96 43 95 55 62 60 76 27 30 5 33 28 54 32 32 22 0 54 59 64
57 10 85 12 46 24 3 22 0 89 45 3 12 62 57 63 31 50 8 13 84 49 75 43 80 66 60 66 81 26 10 36 69 13 53 84 17 95 2 64 88 34 34 92 14 64 91 8 28 23
92 90 10 93 7 73 22 14 37 59 42 76 96 42 78 72 54 34 84 25 44 48 19 84 76 30 52 87 8 35 64 65 25 32 53 19 66 84 56 49 69 54 8 45 65 71 60 7 80 6
14 96 61 84 46 76 37 4 70 65 92 32 62 80 37 40 97 9 45 64 24 22 43 66 96 57 94 93 90 85 37 87 48 51 11 71 6 71 93 16 15 70 68 82 98 83 1 20 43 85
6 32 74 67 29 70 57 79 18 23 28 62 21 61 19 80 61 31 54 70 21 7 28 64 59 99 30 55 95 48 63 80 35 14 1 46 1 60 10 35 30 20 55 32 17 23 14 61 68 53
9 97 9 21 19 48 60 67 28 5 96 23 51 76 65 71 72 50 86 24 46 76 76 74 33 29 18 48 90 59 92 14 40 61 67 61 64 62 97 98 58 97 82 69 36 39 11 67 35 15
59 17 52 5 13 76 38 0 64 13 63 46 85 96 82 1 22 60 61 36 14 50 23 52 80 59 50 80 91 16 77 19 7 4 38 3 29 33 33 31 81 73 9 46 5 9 53 92 67 36
97 39 64 31 69 16 55 72 11 94 55 45 95 44 14 76 29 95 7 36 99 5 37 28 22 36 98 22 87 98 99 30 89 82 30 32 90 82 17 60 26 53 91 6 89 66 19 88 78 43
68 34 96 5 73 41 40 27 28 18 78 64 37 88 48 9 7 9 23 31 12 6 81 63 21 62 62 47 87 50 51 78 45 48 74 68 43 41 88 87 28 28 84 28 0 56 95 50 73 38
56 86 7 3 26 93 69 84 60 23 7 54 24 46 36 56 91 48 27 87 45 82 79 57 16 12 8 43 47 88 25 76 49 9 83 91 7 94 6 76 87 34 46 10 7 0 7 53 16 90
41 74 15 71 96 51 12 38 88 93 35 1 63 44 67 48 70 39 91 87 35 47 77 83 94 98 6 62 10 31 73 91 63 85 83 6 66 43 70 48 82 82 43 95 71 7 68 0 87 18
34 20 0 71 22 96 60 27 18 13 6 66 49 23 43 58 97 94 43 6 39 22 46 58 80 95 32 77 35 11 92 40 11 34 15 89 68 38 26 47 2 93 23 54 31 24 36 70 96 34
5 92 19 38 54 57 78 98 54 91 80 39 53 50 95 49 30 16 83 82 83 80 2 64 48 10 17 18 24 63 57 0 63 41 1 50 60 17 56 10 5 82 19 27 84 43 94 34 24 88
49 57 17 4 75 92 60 69 55 62 43 30 30 53 29 81 84 9 9 97 10 27 22 69 78 73 5 15 44 40 98 59 9 97 14 86 9 22 54 58 59 23 77 35 84 25 47 92 34 74
