24 35
0 1 1 2 3 3 4 5 6 7 8 8 9 9 10 11 11 12 13 13 14 14 15 16 17 18 18 19 20 21 22 23 24 25 26 26 27 28 28 29 29 30 31 32 32 33 34 34 35 35
0 36 37 37 38 38 4 5 6 39 39 40 40 41 42 43 44 12 45 45 46 46 15 16 17 47 47 48 20 21 22 23 24 25 49 50 51 51 52 52 53 30 31 54 54 33 55 55 56 57
58 58 59 60 60 61 62 62 63 64 65 65 66 66 42 43 44 67 68 69 69 70 71 72 72 73 73 48 74 75 75 76 77 78 49 50 79 79 80 81 53 82 82 83 84 84 85 86 56 57
87 87 59 88 88 89 90 90 63 64 91 92 93 93 94 95 95 67 68 96 97 70 98 99 100 101 102 102 74 103 103 76 77 78 104 104 105 105 80 81 106 106 107 107 108 109 109 86 110 110
111 111 112 113 113 89 114 114 115 116 91 117 117 118 94 119 119 120 120 121 97 122 98 99 100 123 123 124 124 125 126 126 127 128 128 129 130 131 132 132 133 134 135 136 137 138 139 140 141 142
143 143 112 144 145 146 146 147 115 116 148 148 149 118 150 151 152 153 153 121 154 122 155 156 156 157 157 158 159 159 160 161 127 162 163 164 130 131 165 165 133 166 135 136 137 138 139 140 167 142
168 169 170 170 145 171 172 173 174 175 175 176 176 177 177 151 152 178 179 180 181 181 182 183 184 184 185 158 186 187 160 161 188 162 163 164 189 189 190 191 192 166 193 194 195 196 197 197 167 198
168 169 199 200 200 171 201 173 202 202 203 204 205 206 206 207 208 178 179 180 209 209 182 183 210 210 185 211 186 187 212 212 188 213 214 214 215 215 190 191 216 217 193 194 195 218 218 219 219 198
220 221 199 222 223 224 201 225 226 226 203 204 205 227 228 207 208 229 230 231 231 232 232 233 233 234 234 211 235 236 237 238 238 239 239 240 240 241 241 242 216 217 243 244 245 246 246 247 248 248
220 249 249 250 223 251 251 225 252 252 253 253 254 227 255 256 256 229 230 257 258 258 259 259 260 261 262 263 235 236 237 264 265 265 266 267 268 268 269 242 270 270 243 244 245 271 272 247 273 274
275 275 276 250 277 278 278 279 279 280 281 282 283 283 255 284 284 285 285 257 286 286 287 288 260 261 262 289 289 290 290 264 291 291 266 267 292 292 293 293 294 295 296 296 297 271 272 298 298 274
299 299 276 300 277 301 301 302 302 280 281 282 303 304 304 305 305 306 306 307 308 309 287 288 310 310 311 311 312 313 314 315 316 317 317 318 319 320 321 321 294 295 322 322 297 323 324 324 325 325
326 327 328 328 329 330 330 331 332 332 333 334 334 335 336 337 337 338 338 339 308 309 340 341 341 342 343 343 312 313 314 315 316 344 345 345 319 320 346 347 347 348 349 350 351 352 353 354 355 356
357 327 358 359 329 360 361 361 362 363 333 364 364 335 336 365 366 366 367 339 368 368 340 369 369 342 370 371 371 372 373 374 375 344 376 377 378 379 380 381 381 348 349 382 351 352 383 354 355 356
357 384 358 359 385 360 386 387 388 363 389 389 390 391 391 365 392 393 394 395 396 397 397 398 399 399 370 400 400 372 373 401 375 402 402 377 378 403 380 404 404 405 406 382 407 407 383 408 409 409
410 411 411 412 412 413 386 387 388 414 414 415 416 416 417 417 392 393 394 395 396 418 419 420 420 421 421 422 423 424 424 401 425 426 426 427 427 403 428 428 429 430 406 431 432 432 433 408 434 435
436 436 437 438 438 439 439 440 441 441 442 415 443 444 444 445 445 446 447 448 449 418 450 451 451 452 452 422 423 453 454 454 425 455 455 456 456 457 457 458 458 430 459 431 460 461 433 462 462 435
463 463 464 464 465 466 466 467 467 468 442 469 470 471 472 472 473 446 447 448 474 475 450 476 477 478 478 479 480 453 481 481 482 483 484 484 485 486 487 487 488 489 459 490 460 461 491 492 492 493
494 495 495 496 496 497 498 499 500 468 501 469 470 502 502 503 503 504 505 505 474 475 506 506 477 507 507 479 480 508 508 509 482 510 510 511 485 486 512 513 513 489 514 490 515 515 491 516 517 493
494 518 518 519 519 497 498 499 500 520 521 522 522 523 524 525 525 504 526 526 527 527 528 528 529 529 530 531 532 532 533 534 535 535 536 511 537 537 512 538 538 539 514 540 540 541 542 516 517 543
544 544 545 545 546 546 547 547 548 520 521 549 550 523 551 551 552 553 553 554 555 556 557 557 558 559 530 531 560 560 533 534 561 562 562 563 564 564 565 565 566 567 568 569 569 541 542 570 571 543
572 572 573 573 574 574 575 575 576 577 577 549 578 579 580 580 552 581 581 554 555 556 582 582 558 559 583 584 584 585 585 586 586 587 587 563 588 588 589 590 591 567 568 592 593 593 594 570 571 595
596 596 597 598 599 600 601 601 576 602 602 603 578 579 604 604 605 606 607 608 609 610 611 612 613 613 614 615 616 617 617 618 618 619 619 620 621 621 622 590 591 623 624 625 625 626 594 627 627 595
628 629 630 598 599 600 631 631 632 632 633 603 634 634 635 635 605 606 607 608 609 610 611 636 636 637 614 615 616 638 638 639 639 640 641 641 642 642 622 643 643 623 624 644 645 646 647 648 648 649
628 650 630 651 651 652 653 654 654 655 633 656 656 657 658 658 659 660 661 662 663 663 664 664 665 666 667 668 668 669 669 670 670 671 671 672 673 673 674 674 675 676 676 644 677 646 647 678 679 679
680 650 681 682 682 652 683 683 684 684 685 685 686 687 688 688 659 660 661 689 689 690 691 691 665 666 667 692 693 693 694 695 696 696 697 698 698 699 700 700 701 702 703 703 677 704 704 678 705 705
680 706 707 707 708 709 710 711 712 712 713 713 686 687 714 714 715 716 716 717 717 690 718 719 720 720 721 722 722 723 694 695 724 724 725 725 726 726 727 727 701 702 728 728 729 729 730 730 731 732
733 706 734 735 735 709 710 711 736 736 737 737 738 738 739 740 715 741 742 743 743 744 718 719 745 746 721 747 747 748 748 749 749 750 750 751 751 752 753 753 754 755 755 756 757 758 759 759 731 732
760 761 761 762 762 763 763 764 764 765 766 767 767 768 739 740 769 741 770 771 772 744 773 774 745 746 775 776 776 777 777 778 779 780 780 781 782 783 784 784 785 786 787 756 757 788 788 789 790 790
760 791 791 792 792 793 794 795 796 797 766 798 798 768 799 799 800 801 770 771 772 802 773 774 803 803 775 804 804 805 806 778 807 808 808 781 782 783 809 809 785 786 810 811 811 812 813 813 814 815
816 816 817 817 818 819 794 795 796 797 820 820 821 822 822 823 800 801 824 825 825 802 826 826 827 827 828 828 829 805 830 830 807 831 832 832 833 834 834 835 836 836 810 837 837 812 838 839 814 815
840 840 841 842 842 819 843 844 845 845 846 847 821 848 849 823 850 851 851 852 853 854 855 856 857 858 858 859 859 860 861 861 862 831 863 864 833 865 865 835 866 867 868 869 869 870 838 839 871 871
872 872 841 873 873 874 843 875 875 876 876 847 877 848 849 878 850 879 879 852 880 854 855 856 857 881 882 883 883 860 884 884 885 886 863 864 887 888 889 890 866 867 868 891 891 892 893 893 894 895
896 896 897 898 899 874 900 900 901 901 902 902 877 903 904 878 905 905 906 907 880 908 909 910 910 881 882 911 912 912 913 913 885 914 914 915 887 916 889 890 917 918 918 919 919 892 920 920 894 921
922 923 897 898 924 924 925 925 926 927 928 929 929 930 904 931 931 932 906 907 933 934 909 935 935 936 937 937 938 939 940 941 942 942 943 943 944 916 945 946 947 947 948 948 949 949 950 951 951 921
922 952 952 953 953 954 955 955 926 927 928 956 956 930 957 958 958 932 959 960 933 934 961 962 962 936 963 964 965 939 966 941 967 967 968 969 970 971 945 972 972 973 973 974 974 975 975 976 977 977
978 978 979 979 980 980 981 981 982 983 983 984 984 985 957 986 986 987 959 960 988 988 989 989 990 991 992 964 965 993 966 994 994 995 996 969 970 971 997 998 999 999 1000 1001 1001 1002 1003 1003 1004 1004
1005 1006 1007 1008 1009 1009 1010 1010 982 1011 1012 1012 1013 1014 1014 1015 1015 987 1016 1016 1017 1017 1018 1019 990 991 992 1020 1020 993 1021 1022 1022 995 996 1023 1023 1024 997 1025 1025 1026 1027 1027 1028 1028 1029 1030 1030 1031
1005 1006 1007 1032 1032 1033 1034 1035 1036 1036 1037 1038 1013 1039 1040 1041 1042 1043 1044 1044 1045 1046 1047 1019 1048 1048 1049 1050 1051 1052 1053 1053 1054 1055 1056 1057 1057 1058 1059 1060 1061 1026 1062 1063 1064 1065 1029 1066 1067 1031
1068 1069 1069 1070 1070 1033 1034 1035 1071 1072 1073 1038 1074 1039 1075 1041 1076 1043 1077 1078 1045 1046 1047 1079 1079 1080 1049 1050 1051 1052 1081 1082 1082 1055 1056 1083 1084 1058 1085 1060 1061 1086 1062 1063 1064 1065 1087 1066 1088 1088
1068 1089 1089 1090 1091 1092 1093 1094 1071 1072 1073 1095 1096 1096 1075 1097 1076 1098 1077 1078 1099 1099 1100 1101 1101 1080 1102 1102 1103 1104 1081 1105 1105 1106 1107 1083 1084 1108 1085 1109 1110 1111 1111 1112 1113 1113 1087 1114 1115 1115
1116 1116 1117 1090 1091 1092 1093 1094 1118 1118 1119 1095 1120 1121 1122 1097 1123 1124 1125 1126 1126 1127 1100 1128 1128 1129 1129 1130 1103 1104 1131 1132 1133 1106 1134 1135 1136 1137 1137 1109 1110 1138 1138 1139 1140 1141 1141 1142 1143 1144
1145 1146 1146 1147 1147 1148 1149 1149 1150 1151 1151 1152 1120 1153 1122 1154 1123 1124 1125 1155 1155 1127 1156 1157 1157 1158 1159 1130 1160 1160 1161 1132 1133 1162 1134 1135 1136 1163 1164 1165 1166 1166 1167 1139 1140 1168 1168 1142 1143 1144
1169 1170 1170 1171 1172 1173 1173 1174 1175 1176 1177 1152 1178 1153 1179 1154 1180 1181 1182 1183 1183 1184 1156 1185 1185 1158 1186 1186 1187 1187 1161 1188 1189 1162 1190 1190 1191 1192 1164 1165 1193 1193 1167 1194 1195 1195 1196 1197 1197 1198
1169 1199 1199 1171 1200 1201 1202 1174 1175 1176 1203 1203 1178 1204 1179 1205 1180 1181 1182 1206 1207 1184 1208 1208 1209 1209 1210 1211 1212 1213 1213 1188 1214 1214 1215 1215 1191 1192 1216 1216 1217 1218 1219 1220 1221 1221 1196 1222 1222 1223
1224 1225 1226 1226 1200 1201 1202 1227 1228 1228 1229 1230 1230 1204 1231 1205 1232 1232 1233 1206 1207 1234 1235 1235 1236 1236 1210 1211 1212 1237 1238 1238 1239 1240 1241 1242 1242 1243 1244 1245 1217 1218 1219 1220 1246 1246 1247 1248 1248 1223
1224 1249 1249 1250 1250 1251 1252 1227 1253 1254 1254 1255 1255 1256 1256 1257 1258 1258 1233 1259 1260 1234 1261 1262 1263 1264 1265 1266 1267 1237 1268 1268 1239 1240 1241 1269 1270 1243 1244 1245 1271 1271 1272 1273 1274 1274 1247 1275 1276 1276
1277 1277 1278 1278 1279 1280 1252 1281 1253 1282 1282 1283 1283 1284 1284 1285 1286 1287 1288 1259 1289 1290 1291 1262 1292 1264 1265 1266 1267 1293 1294 1294 1295 1295 1296 1269 1270 1297 1297 1298 1299 1300 1272 1301 1302 1303 1303 1275 1304 1304
1305 1305 1306 1307 1307 1280 1308 1308 1309 1309 1310 1310 1311 1312 1313 1285 1286 1287 1288 1314 1289 1290 1291 1315 1292 1316 1316 1317 1317 1293 1318 1319 1320 1320 1296 1321 1322 1323 1324 1298 1299 1300 1325 1301 1302 1326 1327 1328 1328 1329
1330 1331 1331 1332 1332 1333 1333 1334 1334 1335 1336 1336 1311 1312 1313 1337 1338 1338 1339 1339 1340 1340 1341 1342 1342 1343 1343 1344 1345 1345 1318 1346 1346 1347 1347 1321 1322 1323 1348 1348 1349 1349 1325 1350 1350 1326 1327 1351 1351 1329
13 64 93 85 74 80 51 11 7 4 20 90 58 88 69 60 99 47 7 17 85 20 57 12 8 72 35 91 84 64 89 13 96 43 17 54 89 5 71 58 14 33 49 90 58 51 70 39 2 84
71 24 35 10 78 38 77 13 51 12 28 78 77 57 63 86 22 6 27 77 83 4 69 41 74 53 92 94 96 92 83 27 28 50 32 92 18 38 78 66 61 92 94 49 82 64 73 86 71 32
14 95 63 85 44 61 20 69 22 38 78 21 36 44 64 1 39 78 13 66 3 54 52 19 36 43 78 14 17 21 45 17 75 0 17 40 53 23 97 72 55 31 57 80 52 74 82 28 12 98
42 61 4 77 15 66 90 93 87 58 68 59 68 71 55 4 5 16 54 71 68 39 9 2 28 9 21 65 20 16 82 40 13 52 94 56 3 7 67 9 3 20 69 12 61 5 18 72 4 44
95 87 47 94 84 40 45 72 56 79 1 32 85 53 36 17 45 12 84 61 70 52 50 24 84 8 59 90 24 47 47 57 27 8 33 3 73 41 78 16 71 8 70 73 17 64 48 71 7 97
6 76 70 17 78 37 98 63 6 39 37 55 41 31 50 85 87 15 71 83 57 73 27 51 78 77 32 33 24 9 19 67 74 62 82 63 0 44 16 97 35 41 59 19 92 68 87 94 84 78
0 58 1 77 63 42 40 90 54 48 86 77 2 39 11 11 61 95 97 86 3 95 3 76 17 50 64 73 6 47 36 93 37 37 32 19 56 56 43 94 48 49 95 48 3 63 49 0 98 51
25 96 39 98 6 93 23 99 36 34 80 56 85 33 68 86 59 32 59 15 24 21 68 29 77 7 89 80 10 2 98 27 33 34 30 56 5 48 78 56 59 72 87 93 42 52 57 89 72 73
23 0 23 26 18 40 84 14 76 35 75 89 79 48 19 57 16 29 37 19 94 51 34 31 38 24 8 68 10 85 35 9 84 85 56 53 54 35 9 20 43 24 91 81 37 90 59 93 78 99
47 84 0 18 60 71 69 79 64 16 81 4 71 38 61 35 95 75 47 54 48 14 43 47 39 7 58 90 81 98 73 17 91 19 7 64 50 84 31 64 43 12 4 99 48 3 32 36 75 66
72 28 33 32 61 2 84 71 91 45 26 60 36 30 26 0 30 71 90 9 14 12 57 26 29 45 42 12 6 70 29 68 73 91 17 70 98 90 81 12 63 17 13 40 91 15 61 21 3 18
43 68 85 6 12 72 68 90 7 84 87 35 13 71 51 96 50 51 25 88 12 20 98 1 88 33 1 0 16 96 53 92 95 91 65 3 35 23 3 5 95 75 78 22 45 4 79 65 52 13
75 10 10 2 10 17 23 60 79 44 90 42 17 13 1 45 14 50 41 13 40 6 0 53 29 77 54 59 76 70 84 72 31 91 9 18 78 32 71 65 38 73 67 74 84 84 73 69 41 80
13 69 36 83 18 57 21 23 66 96 61 72 50 82 55 41 25 50 58 70 59 68 58 70 65 34 61 61 12 71 69 57 76 69 88 29 28 85 21 92 20 67 85 8 11 41 79 42 8 11
99 38 89 87 72 33 29 79 80 12 47 19 33 67 52 48 39 54 4 65 31 13 0 50 4 50 4 23 82 86 98 88 32 27 1 0 79 15 76 85 5 30 16 43 43 22 33 52 78 28
76 97 14 3 62 8 86 49 53 81 70 77 44 32 33 71 90 37 68 55 37 50 50 26 16 88 26 2 34 85 3 45 46 72 75 78 31 3 91 92 64 83 27 5 60 6 92 22 31 93
7 56 89 77 34 74 48 88 18 12 83 37 27 21 59 56 12 7 71 31 40 54 89 87 26 0 7 34 61 23 49 18 64 41 0 83 81 32 13 93 1 5 66 90 4 40 29 92 22 70
36 51 14 95 82 8 16 52 40 30 74 63 93 49 33 36 53 19 56 69 4 96 39 98 81 65 63 44 88 42 93 84 28 40 41 84 39 80 62 83 66 46 54 18 2 6 40 75 43 36
4 65 9 28 40 10 69 48 51 53 37 23 57 93 12 22 88 33 15 72 91 24 97 83 91 52 78 64 89 35 13 39 99 89 73 17 71 0 54 19 44 17 32 75 15 91 28 95 9 20
54 87 84 45 79 58 6 58 88 86 48 76 33 86 88 62 48 2 82 96 72 50 66 84 33 6 38 37 17 39 55 73 71 29 44 24 26 55 49 95 9 69 14 91 94 27 4 56 69 14
6 16 78 88 31 11 32 40 92 57 8 90 25 96 3 21 4 5 28 52 8 26 95 76 27 98 84 66 4 85 98 39 34 64 63 37 14 72 95 17 70 94 97 21 6 50 31 24 33 53
27 37 91 24 82 72 95 47 95 36 63 20 7 21 53 0 6 43 34 75 56 36 98 19 40 95 74 83 54 54 76 83 51 95 89 73 72 72 91 84 95 56 22 1 34 65 23 34 85 92
17 70 14 39 70 95 32 73 30 58 9 17 85 34 88 86 3 30 63 49 60 68 41 33 49 41 38 5 66 88 16 0 46 63 41 9 19 38 58 56 58 69 84 10 65 5 83 43 73 64
83 30 31 45 15 44 57 45 62 8 30 35 83 96 91 4 50 69 58 55 0 29 13 49 94 33 34 60 9 11 76 59 56 53 5 30 73 37 22 80 73 93 14 30 32 81 29 37 56 11
31 92 22 41 80 41 55 34 88 49 97 15 67 79 54 48 31 11 6 99 54 65 3 57 41 46 0 46 56 96 38 86 89 19 32 19 34 41 81 26 13 66 48 94 96 41 12 27 46 12
41 20 39 52 8 27 98 97 7 49 14 56 1 32 86 19 1 0 18 78 90 38 63 10 33 98 38 15 59 3 91 34 11 24 85 40 36 34 86 71 91 28 63 77 23 54 60 76 79 78
9 35 14 12 43 57 22 3 7 10 67 33 5 83 11 39 9 10 31 61 54 90 62 9 92 29 89 4 83 16 7 90 0 64 11 12 69 73 82 74 59 21 4 78 43 31 44 55 19 39
82 14 66 69 94 20 95 91 84 40 35 18 14 47 56 91 33 3 55 84 96 48 0 39 82 53 25 11 7 64 0 57 23 81 53 40 22 7 14 48 24 55 19 10 37 99 9 10 70 16
46 31 24 48 23 98 82 17 84 37 91 14 20 42 91 23 12 23 93 97 76 29 57 18 89 54 83 29 69 81 64 4 27 95 50 33 10 28 9 69 13 67 37 9 59 23 46 22 52 43
48 84 63 14 42 91 77 12 30 27 53 35 64 57 13 2 70 93 73 45 56 63 48 78 7 9 67 24 16 3 21 45 29 84 13 54 1 58 17 34 81 28 80 18 17 23 1 3 25 63
74 41 77 85 47 35 90 75 40 62 18 72 25 60 9 87 55 63 46 66 60 54 74 89 67 86 10 83 85 49 81 2 29 64 24 19 78 79 48 78 41 32 85 79 82 30 97 70 23 38
71 25 35 91 16 11 69 64 16 14 40 68 23 25 3 28 46 7 88 51 56 25 94 52 0 51 8 80 65 38 52 17 63 56 53 26 20 78 44 42 14 37 40 48 1 17 60 38 91 77
69 81 70 9 87 30 97 48 95 27 90 49 42 62 43 64 67 72 32 40 53 70 18 14 84 42 74 68 67 6 51 79 12 12 17 88 33 54 56 23 74 30 87 57 49 38 1 50 77 82
2 2 31 42 47 54 40 74 11 34 14 79 91 61 31 31 73 63 29 2 34 15 61 39 19 35 86 36 84 60 47 91 64 51 50 13 9 19 30 38 16 19 96 63 56 68 0 97 27 22
90 19 77 4 41 39 54 20 71 46 58 95 62 31 95 29 46 94 17 6 60 27 31 62 7 65 96 77 81 24 7 27 84 75 63 38 32 62 24 19 19 29 40 61 94 35 20 73 5 21
92 43 0 28 78 19 19 39 15 88 17 2 56 84 39 48 48 29 89 43 21 45 11 71 54 79 97 7 56 62 40 0 72 5 14 74 59 24 46 63 16 37 96 74 11 46 6 1 47 92
44 79 19 56 77 35 85 76 77 81 52 17 23 12 49 70 80 41 3 63 63 51 41 72 2 78 78 32 91 2 95 5 7 97 2 79 75 43 85 21 83 4 23 98 95 66 45 74 55 18
30 81 39 67 70 23 76 5 54 63 79 59 67 45 92 96 45 74 68 27 82 11 19 97 97 1 98 47 57 29 80 70 54 41 94 38 2 37 56 39 54 38 90 44 84 53 39 35 52 59
5 86 69 44 62 12 5 18 7 55 64 41 70 21 33 83 60 25 96 99 81 30 80 19 35 94 64 65 96 54 84 59 62 43 61 89 53 82 69 40 81 10 31 41 49 59 95 90 94 56
55 74 38 28 46 97 92 90 5 50 72 81 79 25 6 3 98 36 47 11 22 37 84 92 3 63 22 39 12 57 98 0 73 44 24 80 0 85 98 64 28 3 18 53 46 17 56 90 72 58
86 68 83 2 32 30 79 8 68 41 95 82 49 73 15 34 45 99 16 36 12 12 22 11 1 97 69 45 93 21 40 99 23 58 33 2 13 60 53 37 99 50 74 86 50 47 14 46 6 14
53 38 32 54 93 34 89 26 14 47 12 35 43 16 9 45 30 21 91 87 3 20 42 75 18 56 28 99 64 42 15 27 8 89 56 64 63 79 79 54 70 34 43 39 30 30 30 97 73 78
96 10 0 18 3 89 39 95 67 2 63 19 42 81 77 86 22 59 21 27 22 68 84 11 78 7 71 95 81 83 64 32 47 95 77 47 2 5 40 68 43 18 64 97 95 45 87 76 78 50
10 22 97 7 88 29 64 57 8 44 57 24 76 63 92 9 29 30 40 8 51 45 1 33 14 8 31 61 45 79 80 77 26 89 36 38 12 81 0 2 25 42 30 38 19 24 96 68 30 45
4 78 83 86 7 35 13 10 55 37 52 54 18 11 16 36 74 44 1 58 24 97 28 0 68 8 89 80 92 35 69 68 86 24 38 84 63 10 73 23 26 1 23 76 11 77 73 48 97 5
61 25 77 82 14 71 66 78 11 85 99 98 41 3 74 4 20 26 1 4 66 63 80 68 71 76 17 44 27 65 68 31 47 46 45 16 70 46 34 61 70 30 65 50 26 85 37 97 84 56
39 29 3 43 42 37 42 55 36 30 57 98 36 96 3 84 74 64 87 31 80 28 64 67 10 16 81 53 82 44 32 74 89 36 34 14 46 74 92 43 9 71 56 11 15 0 78 94 50 21
25 78 52 77 74 86 80 7 71 85 8 99 75 69 14 94 78 22 93 51 61 74 29 99 46 21 37 10 28 13 80 60 55 41 78 64 10 73 17 2 15 9 44 30 25 25 23 15 32 65
18 44 39 8 6 73 59 18 22 59 12 15 84 33 37 69 1 35 77 57 29 75 87 66 32 5 89 29 36 72 75 70 65 93 6 4 47 15 63 64 46 77 84 45 11 92 62 87 95 53
12 42 56 84 52 56 76 4 12 59 11 93 3 74 5 86 15 14 87 19 80 53 88 17 80 26 24 78 66 89 27 30 67 6 66 32 97 25 2 42 84 80 7 10 5 73 43 13 64 67
