19 33
0 0 1 2 3 3 4 5 5 6 7 7 8 9 10 11 12 13 13 14 15 16 17 18 19 20 21 21 22 23 23 24 25 26 26 27 28 29 30 30 31 31 32 33 34 35 35 36 37 37
38 39 1 2 40 40 4 41 41 6 42 42 8 9 10 11 43 43 44 44 15 16 17 18 19 45 46 46 22 47 48 24 25 49 50 51 28 52 53 54 55 56 57 33 34 58 59 60 61 62
38 39 63 63 64 65 65 66 67 67 68 68 69 70 70 71 72 72 73 74 75 76 77 78 79 45 80 81 82 47 48 83 84 49 50 51 85 52 53 54 86 56 57 87 88 58 59 60 61 89
90 90 91 92 64 93 94 66 95 95 96 97 69 98 99 71 100 100 73 74 75 76 77 78 79 101 102 81 103 103 104 83 105 105 106 107 108 108 109 110 86 111 112 87 88 113 113 114 114 89
115 115 91 92 116 116 94 117 118 119 96 97 120 121 99 122 123 123 124 125 125 126 126 127 128 101 102 129 130 130 131 132 132 133 133 107 134 135 109 110 136 111 112 137 138 139 139 140 141 141
142 143 143 144 144 145 145 117 118 119 146 146 120 121 147 122 148 148 124 149 149 150 151 127 152 152 153 153 154 154 131 155 156 156 157 157 134 135 158 158 136 159 159 137 138 160 160 161 161 162
163 164 164 165 166 167 167 168 168 169 169 170 170 171 147 172 173 174 175 176 176 150 177 178 178 179 179 180 181 181 182 155 183 183 184 185 186 187 188 189 190 191 192 193 193 194 195 195 196 162
163 197 197 165 198 198 199 199 200 200 201 201 202 171 203 172 173 174 204 205 205 206 177 207 208 208 209 210 210 211 212 212 213 213 184 185 186 214 188 189 190 191 192 215 215 194 216 216 196 217
218 219 220 221 222 223 223 224 225 225 226 227 228 228 229 229 230 231 204 232 232 233 233 207 234 235 209 236 236 211 237 238 238 239 240 240 241 214 242 243 243 244 245 245 246 247 247 248 248 217
218 219 220 221 222 249 249 224 250 251 226 227 252 252 253 254 230 231 255 256 256 257 258 259 234 235 260 261 261 262 237 263 264 264 265 266 241 267 242 268 268 269 269 270 246 271 272 272 273 273
274 274 275 276 277 277 278 278 250 279 279 280 281 282 282 254 283 284 285 285 286 257 258 259 287 287 260 288 288 262 289 289 290 291 291 266 292 292 293 294 294 295 296 296 297 271 298 299 300 300
301 301 275 276 302 303 303 304 304 305 305 280 281 306 307 308 283 284 309 310 286 311 311 312 313 313 314 314 315 316 317 318 319 320 321 321 322 322 293 323 323 295 324 324 325 325 298 299 326 327
328 329 329 330 302 331 332 333 333 334 335 335 336 306 307 308 337 337 309 310 338 339 339 312 340 341 341 342 342 316 317 343 319 344 345 346 347 347 348 349 349 350 350 351 351 352 353 354 354 327
355 356 356 357 358 358 332 359 359 334 360 360 336 361 362 363 364 365 366 366 338 367 367 368 340 369 369 370 371 371 372 343 373 344 345 346 374 374 348 375 376 376 377 378 379 379 353 380 381 381
355 382 382 357 383 383 384 384 385 385 386 386 387 361 388 363 364 365 389 390 390 391 392 393 393 394 395 370 396 397 398 399 373 400 400 401 402 402 403 403 404 404 377 378 405 406 407 380 408 408
409 409 410 411 411 412 412 413 413 414 414 415 416 416 388 417 417 418 418 419 420 420 392 421 422 422 395 423 424 397 398 399 425 426 427 428 428 429 430 431 432 432 433 434 434 406 407 435 436 436
437 437 410 438 439 439 440 441 441 442 442 415 443 443 444 444 445 445 446 446 447 447 448 448 449 450 450 423 424 451 452 453 453 426 427 454 454 429 430 431 455 455 456 456 457 457 458 458 459 460
461 461 462 438 463 464 440 465 465 466 467 467 468 468 469 470 470 471 472 472 473 473 474 474 475 475 476 476 477 451 452 478 478 479 479 480 480 481 481 482 483 484 485 486 486 487 487 488 459 460
489 490 491 491 492 464 493 493 494 466 495 496 497 497 469 498 498 499 500 500 501 502 503 503 504 505 506 507 508 509 509 510 511 512 513 514 514 515 515 482 483 484 485 516 516 517 517 518 518 519
489 490 520 520 492 521 522 522 494 523 495 524 524 525 526 527 527 499 528 528 501 502 529 529 504 505 506 507 508 530 531 510 511 512 513 532 533 533 534 534 535 535 536 536 537 538 538 539 539 519
540 541 541 542 542 521 543 543 544 545 546 547 547 525 526 548 548 549 550 550 551 552 552 553 553 554 554 555 556 530 531 557 558 558 559 560 561 562 563 564 565 566 567 568 568 569 570 571 572 572
573 573 574 575 575 576 576 577 577 545 546 578 579 579 580 581 582 549 583 583 551 584 584 585 585 586 586 555 587 588 589 589 590 591 592 560 561 562 563 593 565 566 594 594 595 569 570 596 596 597
598 598 574 599 599 600 600 601 602 602 603 578 604 604 580 605 582 606 607 607 608 608 609 609 610 610 611 611 587 612 612 613 590 591 592 614 614 615 616 593 617 617 618 619 595 620 620 621 622 597
623 624 625 625 626 626 627 601 628 628 603 629 629 630 631 605 632 633 633 634 635 636 636 637 637 638 639 640 640 641 641 613 642 642 643 643 644 644 616 645 645 646 618 619 647 647 648 621 622 649
650 624 651 651 652 652 627 653 654 655 655 656 657 630 631 658 659 660 661 662 635 663 663 664 664 638 639 665 666 667 668 669 670 671 672 673 674 675 676 677 677 646 678 678 679 680 648 681 681 649
650 682 683 684 684 685 685 653 686 686 687 656 688 689 690 658 659 660 661 662 691 692 693 694 695 695 696 665 697 667 668 669 670 671 672 673 674 675 676 698 699 700 701 701 679 680 702 703 704 705
706 682 707 708 708 709 710 711 712 713 687 714 688 689 715 715 716 716 717 718 691 692 693 694 719 720 721 721 697 722 722 723 724 724 725 726 727 727 728 698 729 700 730 731 732 732 702 703 704 705
706 733 707 734 735 735 710 711 712 713 736 736 737 737 738 739 739 740 717 718 741 742 743 743 719 744 744 745 746 746 747 723 748 748 725 726 749 750 750 751 729 752 752 731 753 754 755 756 757 758
759 733 760 760 761 762 762 763 764 764 765 765 766 766 767 768 769 740 770 770 741 771 771 772 772 773 774 745 775 775 747 776 777 778 778 779 749 780 780 751 781 781 782 783 753 754 784 756 757 758
759 785 785 786 761 787 788 788 789 790 790 791 791 792 767 768 793 793 794 795 795 796 796 797 798 798 774 799 799 800 801 802 777 803 804 779 805 806 806 807 807 808 782 783 809 809 784 810 811 811
812 813 814 786 815 787 816 816 789 817 817 818 819 819 820 820 821 822 794 823 824 825 826 826 827 828 829 830 830 800 801 802 831 832 804 833 805 834 835 836 837 808 838 839 840 841 841 842 842 843
812 844 814 845 815 846 847 848 848 849 849 818 850 851 852 853 821 854 854 823 824 825 855 856 857 828 858 859 860 860 861 861 831 832 862 863 864 864 835 836 865 865 838 839 866 867 867 868 868 869
870 844 871 871 872 846 847 873 873 874 874 875 850 851 852 876 877 878 878 879 880 880 855 856 857 881 858 859 882 882 883 883 884 885 862 863 886 887 888 889 889 890 891 891 866 892 892 893 893 869
870 894 894 895 872 896 896 897 898 898 899 900 901 902 902 876 877 903 903 879 904 904 905 905 906 907 907 908 908 909 910 910 884 911 912 912 886 887 913 914 914 890 915 916 917 917 918 918 919 919
920 921 921 895 922 922 923 897 924 924 899 900 901 925 926 927 928 929 930 931 932 933 933 934 906 935 936 936 937 909 938 938 939 911 940 940 941 941 913 942 943 943 915 916 944 945 945 946 946 947
948 948 949 950 951 951 923 952 953 954 955 956 957 957 926 927 928 929 930 958 932 959 960 934 961 962 962 963 937 964 964 965 939 966 966 967 967 968 968 942 969 969 970 971 971 972 972 973 973 947
974 974 949 975 975 976 976 952 953 977 955 956 978 978 979 980 981 981 982 958 983 983 960 984 985 985 986 986 987 987 988 965 989 989 990 990 991 991 992 993 993 994 970 995 995 996 997 997 998 999
1000 1001 1002 1002 1003 1004 1004 1005 1005 977 1006 1007 1007 1008 1008 980 1009 1009 982 1010 1010 1011 1011 984 1012 1012 1013 1013 1014 1015 1015 1016 1017 1017 1018 1019 1019 1020 1021 1022 1022 994 1023 1024 1025 996 1026 1026 998 1027
1000 1001 1028 1029 1003 1030 1031 1032 1033 1034 1006 1035 1035 1036 1036 1037 1037 1038 1039 1040 1040 1041 1042 1042 1043 1044 1045 1046 1047 1047 1048 1049 1049 1050 1018 1051 1052 1020 1021 1053 1053 1054 1023 1024 1025 1055 1055 1056 1057 1027
1058 1059 1028 1060 1061 1061 1031 1032 1033 1034 1062 1063 1063 1064 1064 1065 1065 1038 1066 1066 1067 1041 1068 1069 1043 1070 1045 1046 1071 1072 1072 1073 1073 1050 1074 1074 1052 1075 1076 1077 1078 1078 1079 1080 1081 1082 1082 1056 1083 1084
1085 1059 1086 1060 1087 1087 1088 1089 1089 1090 1090 1091 1092 1092 1093 1093 1094 1095 1096 1097 1067 1098 1068 1099 1099 1070 1100 1101 1071 1102 1102 1103 1103 1104 1105 1106 1107 1107 1076 1108 1109 1110 1079 1080 1081 1111 1112 1112 1083 1084
1085 1113 1113 1114 1114 1115 1088 1116 1117 1117 1118 1118 1119 1119 1120 1120 1094 1095 1096 1097 1121 1121 1122 1122 1123 1124 1100 1101 1125 1126 1127 1128 1128 1104 1105 1129 1129 1130 1131 1108 1109 1110 1132 1132 1133 1134 1135 1136 1136 1137
1138 1139 1139 1140 1140 1115 1141 1142 1143 1143 1144 1145 1146 1146 1147 1147 1148 1149 1150 1151 1152 1152 1153 1153 1123 1154 1155 1155 1125 1126 1127 1156 1156 1157 1157 1158 1158 1130 1131 1159 1159 1160 1160 1161 1133 1134 1135 1162 1162 1137
1138 1163 1164 1164 1165 1165 1166 1142 1167 1167 1144 1145 1168 1169 1169 1170 1148 1149 1150 1171 1171 1172 1173 1174 1174 1154 1175 1176 1177 1178 1179 1179 1180 1181 1181 1182 1183 1184 1185 1185 1186 1187 1188 1161 1189 1190 1190 1191 1191 1192
1193 1163 1194 1194 1195 1195 1166 1196 1197 1198 1199 1199 1168 1200 1200 1170 1201 1202 1202 1203 1203 1172 1173 1204 1204 1205 1206 1176 1177 1178 1207 1208 1180 1209 1210 1182 1183 1184 1211 1212 1212 1187 1188 1213 1214 1215 1215 1216 1217 1218
1193 1219 1219 1220 1220 1221 1222 1196 1197 1198 1223 1223 1224 1224 1225 1226 1226 1227 1228 1229 1230 1231 1231 1232 1232 1205 1206 1233 1234 1234 1207 1208 1235 1235 1210 1236 1236 1237 1211 1238 1239 1239 1240 1213 1214 1241 1241 1216 1217 1218
1242 1243 1243 1244 1245 1221 1246 1246 1247 1248 1249 1249 1250 1251 1252 1253 1253 1227 1254 1229 1230 1255 1256 1257 1258 1259 1260 1233 1261 1262 1262 1263 1263 1264 1265 1266 1267 1237 1268 1238 1269 1270 1240 1271 1272 1273 1274 1275 1276 1277
1278 1278 1279 1279 1245 1280 1280 1281 1247 1248 1282 1282 1250 1251 1252 1283 1283 1284 1254 1285 1286 1255 1256 1257 1258 1259 1287 1287 1288 1289 1290 1290 1291 1264 1265 1266 1267 1292 1292 1293 1293 1270 1294 1271 1272 1273 1295 1275 1276 1277
1296 1297 1298 1298 1299 1300 1300 1301 1302 1303 1304 1304 1305 1305 1306 1307 1308 1309 1309 1285 1286 1310 1310 1311 1311 1312 1313 1314 1288 1315 1316 1316 1291 1317 1318 1319 1320 1321 1321 1322 1323 1324 1294 1325 1325 1326 1295 1327 1327 1328
1296 1297 1329 1329 1299 1330 1330 1301 1302 1303 1331 1331 1332 1332 1306 1307 1308 1333 1334 1334 1335 1335 1336 1336 1337 1337 1313 1338 1338 1315 1339 1340 1340 1317 1318 1319 1341 1341 1342 1322 1323 1324 1343 1343 1344 1326 1345 1345 1346 1346
0 57 55 39 43 96 5 11 91 31 60 45 32 63 79 26 64 66 3 60 46 37 84 17 67 84 85 26 90 0 53 38 71 99 59 84 97 92 74 36 99 4 12 47 2 40 67 3 39 33
57 55 77 45 31 53 47 67 29 13 19 20 13 6 71 98 86 12 22 4 86 15 10 93 52 88 61 12 61 22 3 84 95 38 95 85 16 88 30 72 91 88 23 92 83 11 49 6 35 4
76 4 70 90 6 58 15 86 53 75 14 10 24 81 94 2 32 80 48 17 56 76 20 78 22 93 32 28 20 31 27 84 52 73 98 91 0 75 93 2 7 33 53 97 19 28 99 78 45 18
84 87 43 60 73 42 65 84 7 94 1 62 43 59 94 22 70 58 41 71 73 6 37 44 4 17 34 54 39 14 18 15 64 3 57 68 58 28 14 47 43 18 94 84 6 68 84 97 25 76
71 59 75 69 28 96 6 95 82 43 5 12 17 86 9 68 49 16 43 82 82 44 55 99 76 38 36 88 81 85 91 11 46 86 37 93 16 6 83 74 16 35 23 38 83 29 72 15 51 10
31 1 15 64 48 71 50 74 71 17 41 13 73 10 38 45 94 65 59 96 33 74 28 74 79 36 0 93 94 91 31 66 66 46 68 1 63 24 31 44 39 53 80 6 43 57 51 70 74 53
8 81 31 33 75 60 27 77 79 62 89 58 92 11 78 52 93 34 10 83 43 60 15 85 93 5 39 98 51 76 28 2 11 31 66 10 33 9 86 77 88 96 82 78 59 16 58 89 65 93
16 46 18 49 7 18 81 25 60 35 3 70 16 86 35 45 11 9 96 11 1 13 24 28 87 19 12 84 32 59 49 20 31 26 95 67 0 1 19 85 71 89 57 40 9 32 34 25 75 45
42 21 12 95 65 17 48 71 30 47 25 17 1 64 27 18 98 98 73 0 70 54 75 52 34 61 49 8 90 96 19 74 71 33 31 35 42 14 40 36 45 81 10 4 23 89 1 14 60 26
75 98 87 27 99 20 35 22 87 96 88 48 65 11 88 63 68 81 8 4 62 46 69 82 69 53 19 6 73 84 57 79 88 56 31 77 37 54 99 70 1 87 39 12 28 41 56 96 40 35
86 24 94 13 35 29 87 39 55 79 48 81 83 82 29 68 22 17 58 55 77 24 86 88 26 5 62 15 19 33 85 29 59 63 75 25 85 40 76 0 31 73 5 74 28 0 93 89 31 25
9 48 4 55 74 51 48 57 43 17 58 84 80 58 12 55 89 84 58 61 10 59 47 77 22 62 30 72 78 46 87 80 27 21 7 26 57 59 42 95 17 58 22 64 44 19 36 38 18 52
1 96 77 50 89 66 99 8 38 72 11 26 57 35 85 29 90 45 67 40 28 42 14 37 43 20 30 41 31 42 80 78 6 83 20 67 95 69 49 98 87 8 58 76 57 89 69 76 29 23
66 49 88 10 40 34 51 45 55 40 19 80 21 54 52 12 60 43 63 73 1 29 3 80 58 95 3 88 45 70 0 76 40 78 11 14 68 10 22 82 51 13 39 81 95 69 41 53 43 56
0 99 83 89 47 37 76 65 34 3 40 43 79 38 83 95 46 69 24 66 94 30 15 1 55 88 90 98 71 82 95 88 51 98 82 44 2 24 84 43 99 8 32 0 6 7 2 60 30 23
43 54 95 49 65 9 80 93 37 77 88 16 78 88 99 81 51 3 10 50 90 44 97 73 26 80 24 54 51 99 61 17 52 0 97 85 52 34 48 68 46 40 57 22 62 69 51 18 9 40
86 4 84 9 51 2 46 90 26 46 52 29 28 18 92 42 47 61 50 35 24 54 42 55 54 18 62 31 25 89 72 51 16 76 96 68 27 73 91 84 76 82 76 65 58 64 51 54 1 37
98 97 21 36 57 23 97 76 93 66 45 27 39 59 79 6 92 85 55 17 84 83 18 89 62 52 68 87 86 31 3 96 78 28 8 19 50 4 61 96 84 46 90 46 91 22 84 15 69 64
41 13 47 6 16 31 88 48 29 23 17 28 27 43 87 19 10 26 78 77 4 70 19 58 22 93 27 61 53 41 60 3 86 52 40 81 27 57 65 54 0 62 21 0 35 38 34 11 23 93
6 29 2 79 23 62 71 24 92 19 10 26 85 9 67 63 73 35 85 17 73 56 69 20 96 52 39 12 22 51 36 48 1 82 44 79 70 38 29 60 37 70 49 97 95 35 97 26 95 4
37 67 39 59 58 20 64 70 33 85 93 58 69 56 5 89 74 94 57 49 39 27 97 10 16 27 89 88 36 32 17 3 18 68 82 64 53 79 49 4 96 47 57 10 15 58 27 30 86 83
48 70 41 90 31 29 46 9 78 6 33 32 38 35 1 91 10 21 27 74 84 20 58 58 92 44 32 9 58 85 13 62 8 93 7 98 88 52 85 0 18 94 77 2 7 48 11 67 12 35
49 61 47 8 77 78 81 98 92 22 2 38 78 35 42 82 72 64 31 43 64 6 90 23 14 21 16 58 27 61 64 58 16 14 23 66 51 24 67 94 75 98 85 33 97 39 83 88 24 81
56 33 8 42 81 42 67 57 89 51 77 70 62 24 69 7 64 82 16 3 67 57 29 85 57 41 66 75 4 52 32 71 16 94 71 37 9 16 78 63 45 31 1 87 21 34 23 80 76 80
19 8 63 15 42 61 70 98 88 85 30 0 69 53 80 9 37 5 79 18 90 58 91 33 13 72 32 1 93 3 79 87 5 60 35 17 84 57 41 29 11 47 58 88 29 3 90 92 97 73
17 47 14 40 47 53 45 32 21 8 48 62 22 42 92 8 22 35 10 57 43 5 82 67 6 31 24 24 20 32 56 14 92 40 51 98 6 50 40 38 24 43 91 1 47 67 45 19 85 53
89 56 90 54 91 62 8 21 63 97 68 91 73 40 87 86 30 1 27 87 49 2 77 46 89 7 58 13 41 74 48 15 54 31 77 72 95 18 16 96 58 64 31 18 26 2 46 8 32 58
62 55 5 23 88 94 91 8 3 68 87 27 20 22 11 84 25 13 39 60 87 49 72 12 78 78 99 3 32 2 5 63 34 93 49 38 78 65 2 22 46 58 64 78 99 12 49 17 67 9
36 36 98 65 35 91 8 88 94 55 86 94 15 59 9 57 90 74 1 93 54 42 2 4 42 34 4 48 44 5 81 58 64 93 25 13 94 16 5 41 96 16 32 65 69 97 50 26 69 90
10 39 77 41 77 26 22 88 32 55 9 49 40 74 4 74 76 27 6 96 94 86 26 14 80 40 89 85 86 72 77 88 55 1 30 67 56 92 88 85 20 70 78 14 95 36 24 17 74 35
73 38 97 2 13 9 20 6 52 61 24 30 63 48 86 20 8 46 98 60 70 97 34 54 34 20 64 47 75 49 65 47 59 89 41 70 10 34 86 26 49 59 92 43 44 69 88 16 38 39
63 51 92 49 72 6 53 30 91 83 43 87 17 83 18 70 21 4 34 80 41 90 40 87 53 52 66 1 31 82 63 18 22 24 82 49 74 2 98 88 90 85 44 90 12 26 4 70 62 40
1 37 0 38 93 42 71 26 83 12 35 4 82 27 60 4 43 49 13 88 31 28 83 80 0 38 22 62 98 7 23 50 39 47 93 84 89 88 75 37 76 93 41 23 84 70 32 0 12 41
96 93 23 81 59 94 64 0 3 80 50 22 96 2 54 24 4 80 15 6 48 47 83 65 25 80 10 76 4 45 76 8 4 19 84 83 86 59 0 99 89 67 26 11 19 33 88 29 49 67
30 7 2 54 89 2 90 17 58 15 31 1 87 36 93 83 24 70 10 88 94 29 34 74 5 91 30 46 83 50 12 97 86 54 54 69 50 47 31 31 45 28 30 77 68 83 63 74 48 27
68 90 94 33 78 81 9 69 60 1 5 54 11 34 76 55 5 78 25 0 68 1 53 96 89 94 60 8 29 51 10 3 3 88 7 95 78 42 1 79 52 50 39 75 35 0 10 49 91 26
87 39 20 10 85 3 89 18 4 50 27 16 3 10 62 75 70 4 42 24 27 30 3 7 1 35 67 34 24 74 75 85 2 27 49 70 38 59 52 8 19 17 72 85 29 63 83 98 18 53
7 25 79 66 86 59 29 49 41 96 17 60 91 37 78 78 78 43 56 89 85 25 18 93 13 62 48 21 83 84 68 48 81 49 78 57 44 58 91 40 90 66 74 42 67 48 45 0 33 69
32 47 46 39 78 83 95 37 2 74 90 77 78 21 10 85 95 79 64 7 59 91 37 20 69 43 12 88 63 37 3 19 13 75 95 42 47 97 63 42 27 20 81 12 28 52 18 10 93 98
25 72 53 96 86 34 9 9 52 45 33 51 43 67 94 66 78 34 4 55 3 78 77 26 14 11 92 33 6 35 84 57 15 83 33 90 96 18 55 90 84 12 28 22 48 48 71 77 74 72
66 52 44 52 16 86 69 35 50 86 49 12 88 19 21 5 79 74 6 20 71 16 69 39 43 55 25 48 62 24 97 73 69 5 91 15 8 57 81 93 27 80 84 82 48 62 38 94 23 4
13 52 99 74 57 82 44 45 32 61 21 23 50 79 61 69 52 34 85 59 80 37 94 65 22 11 90 33 86 41 97 80 88 85 31 87 47 37 46 89 40 28 44 71 54 12 67 51 14 83
66 12 75 66 89 68 64 15 77 71 82 14 75 47 4 34 51 26 1 40 97 5 29 77 68 52 58 52 93 21 56 26 51 55 75 93 24 19 72 73 30 76 89 58 94 56 84 13 24 68
56 86 75 52 88 8 18 26 22 60 52 55 76 42 68 21 97 61 6 69 77 70 89 60 23 52 66 15 57 23 70 16 75 32 86 96 86 67 10 14 26 52 2 7 65 93 85 11 99 74
36 40 41 31 52 28 4 46 29 87 34 60 35 65 64 30 53 88 83 85 50 9 17 71 95 87 82 98 31 80 85 14 43 12 52 7 36 21 70 68 91 98 62 10 92 55 71 85 47 99
5 71 86 51 2 17 8 66 74 68 52 60 13 25 31 89 67 10 79 0 18 83 42 81 87 72 27 69 24 18 90 30 98 24 31 78 3 79 60 12 72 50 27 28 85 82 66 85 18 48
26 69 68 94 1 72 47 51 19 49 71 99 99 54 94 77 44 1 23 85 36 64 12 68 87 8 36 29 16 41 78 70 66 72 51 66 90 69 58 91 75 46 32 19 0 89 6 4 76 40
35 68 76 80 52 40 12 64 4 20 3 20 51 52 18 28 95 14 62 75 40 30 60 86 42 94 97 71 78 17 48 10 42 0 26 58 39 38 62 99 79 66 31 60 51 55 27 91 69 0
15 3 41 57 83 10 44 20 80 85 72 96 54 3 83 63 11 71 62 44 23 56 29 49 89 25 67 18 45 2 76 93 46 8 91 81 76 43 91 93 83 78 21 41 46 7 25 54 81 83
15 76 39 95 33 27 80 23 55 96 30 65 88 83 10 56 95 94 90 96 49 12 7 76 26 35 42 18 70 65 66 35 34 59 77 58 95 71 10 76 3 55 65 21 93 29 79 25 59 63
