0 1
0 1 2 3 3 4 4 5 6 6 7 7 8 9 10 11 12 13 13 14 14 15 16 16 17 17 18 19 19 20 20 21 22 22 23 24 24 25 25 26 27 27 28 28 29 29 30 30 31 32
0 1 2 33 34 34 35 36 37 37 38 38 8 9 10 11 39 40 41 42 43 44 44 45 46 47 48 49 49 50 51 21 52 52 23 53 54 54 55 56 57 57 58 58 59 60 61 62 31 32
63 64 64 65 65 66 35 36 67 68 68 69 70 71 71 72 39 40 41 42 43 73 74 45 46 75 48 76 76 50 77 77 78 79 79 53 80 80 81 56 82 83 83 84 59 85 61 62 86 87
88 88 89 90 91 92 92 93 93 94 94 69 95 95 96 72 97 98 99 100 101 73 74 102 103 75 104 105 105 106 106 107 108 108 109 110 111 111 81 112 112 113 113 114 114 85 115 115 86 87
116 117 89 90 91 118 119 120 120 121 122 123 124 125 96 126 97 98 99 100 127 128 128 102 103 129 130 131 132 133 133 107 134 135 109 136 136 137 137 138 139 139 140 141 142 143 144 144 145 145
146 117 147 148 148 118 149 149 150 150 122 123 124 125 151 126 152 153 154 154 127 155 155 156 157 157 130 131 132 158 158 159 134 160 160 161 161 162 162 138 163 164 140 141 142 143 165 165 166 167
146 168 169 170 170 171 171 172 172 173 173 174 175 176 177 178 152 153 179 179 180 180 181 182 183 183 184 184 185 186 187 159 188 189 189 190 190 191 191 192 163 193 193 194 195 195 196 196 166 197
198 198 169 199 200 200 201 201 202 203 203 174 175 176 177 178 204 204 205 206 206 207 181 182 208 209 210 211 185 186 212 213 188 214 215 215 216 216 217 192 218 219 220 194 221 221 222 223 223 197
224 225 225 199 226 227 227 228 202 229 230 230 231 231 232 233 234 234 205 235 236 207 237 238 208 209 210 211 239 239 212 213 240 241 242 242 243 243 217 244 245 219 220 246 247 248 222 249 250 250
224 251 252 252 253 253 254 254 255 255 256 257 258 259 232 233 260 260 261 262 236 263 263 238 264 265 265 266 267 267 268 269 270 241 271 271 272 272 273 273 245 274 274 246 247 248 275 249 276 277
278 278 279 280 281 282 282 283 283 284 284 257 258 259 285 285 286 286 261 262 287 287 288 289 290 290 291 291 292 292 268 269 270 293 294 295 296 296 297 298 299 300 300 301 302 303 303 304 276 305
306 307 279 280 281 308 309 309 310 310 311 312 313 313 314 314 315 315 316 316 317 317 318 289 319 320 321 322 323 323 324 325 325 293 294 295 326 326 297 298 299 327 327 301 302 328 329 330 330 305
306 331 331 332 332 308 333 334 334 335 336 312 337 338 339 339 340 341 342 343 344 344 318 345 319 320 321 346 346 347 348 349 349 350 351 352 352 353 354 354 355 355 356 356 357 328 329 358 359 360
361 361 362 363 363 364 364 365 366 335 336 367 368 338 369 369 340 341 342 370 371 372 372 345 373 374 375 376 377 347 348 378 379 350 351 380 380 353 381 382 383 383 384 384 357 385 386 358 359 387
388 389 362 390 391 392 392 365 393 393 394 395 368 396 397 397 398 398 399 370 371 400 401 402 373 374 403 376 377 404 405 378 379 406 406 407 407 408 409 382 410 410 411 412 413 385 414 414 415 387
388 416 416 390 391 417 417 418 419 420 394 395 421 396 422 423 423 424 425 426 426 400 401 427 427 428 403 429 429 404 430 431 431 432 432 433 433 408 409 434 434 435 436 412 437 437 438 439 440 440
441 441 442 443 443 444 444 445 419 420 446 447 448 449 422 450 450 424 425 451 451 452 452 453 454 455 455 456 457 458 430 459 459 460 461 462 463 464 464 465 466 435 436 467 468 468 438 439 469 470
471 471 472 473 474 475 476 445 477 477 446 447 448 449 478 478 479 480 480 481 482 483 483 453 484 484 485 456 457 458 486 487 487 460 461 488 463 489 490 490 466 491 492 493 494 494 495 495 469 470
496 496 472 473 474 475 497 497 498 498 499 500 501 501 502 502 503 503 504 481 505 505 506 506 507 507 485 508 509 509 486 510 510 511 511 488 512 489 513 513 514 515 492 493 516 517 517 518 518 519
520 520 521 521 522 523 524 524 525 526 527 500 528 528 529 530 531 532 504 533 534 534 535 536 537 537 538 508 539 539 540 541 541 542 542 543 544 545 546 547 514 515 548 548 516 549 550 551 552 552
553 554 555 556 522 557 558 559 560 526 527 561 561 562 529 563 531 532 564 533 565 565 535 536 566 566 567 567 568 569 569 570 571 572 572 543 544 573 546 574 574 575 575 576 576 549 550 577 577 578
553 554 555 556 579 557 558 559 560 580 580 581 582 583 584 563 585 585 564 586 587 587 588 589 589 590 591 592 568 593 593 570 571 594 595 595 596 573 597 597 598 598 599 599 600 601 601 602 603 578
604 605 606 606 607 608 608 609 610 610 611 581 612 583 584 613 613 614 614 586 615 615 588 616 616 590 617 592 618 618 619 620 621 594 622 622 596 623 624 624 625 625 626 626 600 627 628 628 603 629
604 605 630 631 607 632 632 609 633 633 634 635 612 636 636 637 637 638 638 639 639 640 641 642 643 643 617 644 645 646 619 620 621 647 647 648 648 623 649 650 650 651 651 652 653 627 654 655 655 656
657 657 630 631 658 659 660 660 661 661 634 662 663 664 664 665 665 666 667 668 668 640 669 642 670 670 671 644 645 646 672 672 673 674 674 675 676 677 649 678 678 679 680 652 681 681 654 682 682 656
683 684 685 686 658 687 687 688 688 689 689 662 690 691 691 692 692 666 667 693 694 695 669 696 696 697 697 698 699 699 700 700 673 701 701 675 676 677 702 702 703 679 680 704 704 705 706 706 707 708
709 684 710 686 711 712 713 713 714 715 716 716 690 717 717 718 719 720 721 721 694 695 722 723 723 724 725 726 726 727 727 728 729 730 730 731 731 732 733 734 734 735 735 736 736 705 737 737 707 708
709 738 710 739 740 712 741 741 714 715 742 743 744 745 745 718 719 746 746 747 748 748 722 749 749 724 750 750 751 751 752 728 729 753 754 754 755 732 756 756 757 757 758 759 760 760 761 761 762 762
763 764 764 739 740 765 766 766 767 768 742 743 744 769 769 770 770 771 771 747 772 773 774 775 775 776 777 778 778 779 752 780 780 753 781 781 755 782 782 783 784 784 758 785 786 786 787 787 788 789
763 790 791 791 792 792 793 793 767 794 794 795 795 796 797 797 798 798 799 800 772 773 774 801 802 776 777 803 804 804 805 806 806 807 808 809 809 810 810 783 811 812 812 785 813 814 814 815 788 789
816 817 817 818 818 819 819 820 821 822 823 824 825 826 827 828 828 829 799 830 830 831 832 832 802 833 834 803 835 836 837 838 838 807 839 840 841 842 842 843 843 844 845 845 813 846 847 847 848 848
816 849 849 850 851 852 852 820 821 853 823 824 854 826 827 855 856 829 857 858 859 831 860 861 861 833 862 863 863 836 837 864 865 865 839 866 841 867 868 868 869 844 870 870 871 846 872 873 873 874
875 876 876 877 851 878 878 879 880 853 881 882 854 883 883 855 884 884 857 885 859 886 860 887 887 888 862 889 889 890 890 864 891 892 893 866 894 895 896 897 898 899 899 900 900 901 872 902 903 903
875 904 905 877 906 907 908 908 880 909 881 882 910 911 911 912 913 914 914 885 915 886 916 917 918 918 919 920 921 922 923 923 891 892 893 924 894 895 896 925 898 926 926 927 927 928 928 929 929 930
931 904 905 932 906 907 933 933 934 909 935 936 936 937 937 912 938 938 939 940 915 941 942 917 943 944 945 920 921 922 946 946 947 948 948 949 949 950 950 925 951 951 952 952 953 953 954 955 956 956
931 957 958 932 959 959 960 960 934 961 935 962 963 963 964 965 966 966 939 940 967 967 942 968 943 944 945 969 969 970 971 971 947 972 973 973 974 974 975 976 977 978 979 979 980 981 954 982 982 983
984 957 958 985 986 987 988 988 989 961 990 991 992 993 964 994 994 995 995 996 996 997 997 968 998 999 999 1000 1001 970 1002 1002 1003 1003 1004 1004 1005 1006 975 976 977 1007 1007 1008 980 981 1009 1010 1010 983
1011 1011 1012 985 986 987 1013 1013 989 1014 990 991 992 1015 1016 1017 1018 1018 1019 1019 1020 1020 1021 1021 998 1022 1023 1000 1001 1024 1024 1025 1026 1027 1028 1028 1005 1029 1029 1030 1030 1031 1031 1032 1033 1033 1034 1034 1035 1036
1037 1037 1038 1039 1039 1040 1041 1042 1043 1043 1044 1044 1045 1015 1016 1046 1046 1047 1048 1049 1050 1051 1052 1053 1054 1022 1055 1055 1056 1057 1057 1025 1026 1058 1059 1060 1060 1061 1062 1062 1063 1064 1064 1032 1065 1065 1066 1067 1067 1036
1068 1069 1038 1070 1070 1040 1071 1042 1072 1072 1073 1074 1074 1075 1076 1076 1077 1078 1048 1049 1050 1051 1079 1053 1080 1081 1082 1083 1084 1085 1085 1086 1087 1058 1088 1089 1089 1090 1090 1091 1063 1092 1093 1094 1095 1095 1066 1096 1097 1097
1098 1069 1099 1100 1101 1101 1071 1102 1103 1104 1105 1105 1106 1107 1107 1108 1108 1078 1109 1109 1110 1111 1079 1112 1080 1081 1082 1083 1084 1113 1113 1086 1087 1114 1088 1115 1116 1117 1118 1091 1119 1092 1093 1094 1120 1121 1122 1096 1123 1123
1098 1124 1099 1100 1125 1125 1126 1102 1103 1104 1127 1127 1106 1128 1129 1129 1130 1131 1131 1132 1132 1111 1133 1134 1135 1135 1136 1136 1137 1137 1138 1139 1139 1140 1140 1115 1141 1117 1118 1142 1142 1143 1144 1144 1120 1121 1145 1146 1147 1147
1148 1149 1150 1151 1152 1153 1153 1154 1154 1155 1156 1157 1157 1128 1158 1158 1159 1159 1160 1161 1161 1162 1162 1134 1163 1164 1165 1165 1166 1166 1138 1167 1168 1168 1169 1169 1141 1170 1170 1171 1172 1143 1173 1174 1175 1175 1145 1146 1176 1177
1148 1149 1150 1151 1152 1178 1178 1179 1179 1155 1156 1180 1181 1181 1182 1183 1184 1185 1185 1186 1186 1187 1187 1188 1163 1164 1189 1189 1190 1191 1192 1167 1193 1194 1194 1195 1196 1196 1197 1171 1172 1198 1173 1174 1199 1200 1200 1201 1176 1177
1202 1203 1203 1204 1204 1205 1205 1206 1207 1208 1208 1180 1209 1210 1210 1183 1211 1212 1213 1214 1215 1216 1217 1188 1218 1218 1219 1219 1220 1191 1192 1221 1221 1222 1222 1223 1223 1224 1197 1225 1226 1198 1227 1227 1228 1228 1229 1201 1230 1230
1231 1231 1232 1233 1233 1234 1234 1206 1207 1235 1236 1237 1238 1239 1240 1240 1211 1212 1241 1214 1242 1216 1217 1243 1244 1244 1245 1246 1220 1247 1248 1249 1250 1250 1251 1252 1252 1253 1254 1225 1226 1255 1256 1257 1257 1258 1258 1259 1259 1260
1261 1262 1232 1263 1263 1264 1265 1265 1266 1235 1236 1237 1238 1239 1267 1267 1268 1268 1241 1269 1242 1270 1271 1243 1272 1272 1245 1246 1273 1247 1248 1274 1274 1275 1251 1276 1276 1253 1254 1277 1278 1255 1279 1280 1281 1281 1282 1282 1283 1260
1261 1262 1284 1284 1285 1286 1287 1288 1289 1290 1291 1291 1292 1292 1293 1293 1294 1295 1295 1296 1296 1270 1271 1297 1298 1299 1299 1300 1300 1301 1302 1302 1303 1303 1304 1304 1305 1305 1306 1277 1307 1307 1279 1280 1308 1309 1309 1310 1310 1311
1312 1312 1313 1314 1314 1286 1287 1288 1289 1290 1315 1316 1317 1318 1319 1320 1294 1321 1321 1322 1322 1323 1323 1297 1324 1325 1325 1326 1326 1327 1328 1328 1329 1329 1330 1330 1331 1332 1306 1333 1333 1334 1334 1335 1336 1336 1337 1338 1338 1311
1339 1339 1313 1340 1341 1341 1342 1342 1343 1343 1315 1316 1317 1318 1319 1320 1344 1344 1345 1345 1346 1346 1347 1347 1324 1348 1348 1349 1349 1327 1350 1351 1351 1352 1353 1353 1331 1354 1354 1355 1356 1356 1357 1335 1358 1358 1337 1359 1359 1360
26 99 43 77 35 93 97 30 25 11 70 58 35 13 5 98 17 45 28 48 65 26 98 16 50 38 23 24 44 67 60 79 49 84 51 31 10 5 4 92 93 2 63 27 39 65 46 82 10 40
65 10 59 83 20 13 39 59 80 89 75 77 12 9 14 36 85 56 91 53 62 73 92 83 31 96 62 35 10 44 9 43 78 11 66 62 37 72 6 98 51 79 95 74 19 28 42 20 76 70
52 68 15 76 11 4 8 11 35 8 96 46 81 74 24 40 37 86 58 31 65 64 85 35 47 51 46 86 25 4 10 67 79 86 9 86 62 17 83 92 10 19 75 91 46 20 28 42 30 2
94 53 39 50 5 89 6 84 18 22 73 49 13 43 8 55 32 93 46 33 78 64 83 64 55 39 66 70 65 83 34 10 43 73 79 47 78 28 35 10 30 72 83 94 53 40 25 60 28 97
1 39 94 49 79 29 45 76 94 85 28 15 39 85 5 94 90 2 45 92 74 97 35 51 84 77 38 99 8 57 61 69 47 68 94 31 46 77 89 85 76 96 39 47 45 24 3 62 51 32
1 77 63 72 94 26 11 35 53 72 19 83 18 57 69 97 11 80 79 29 32 23 55 95 5 24 52 21 42 77 32 73 84 19 51 63 4 63 32 67 52 26 94 31 76 43 65 41 27 4
79 84 91 80 28 88 66 90 14 30 20 47 36 66 52 35 56 29 5 29 15 99 60 7 94 38 77 91 70 31 92 13 60 15 50 43 79 42 58 60 9 0 78 33 78 90 93 85 17 96
45 44 24 30 97 8 31 87 42 37 42 21 52 36 17 92 47 91 35 4 76 9 21 2 38 23 49 17 3 44 80 16 32 33 86 2 31 16 15 28 42 46 28 7 44 95 50 87 40 88
66 56 14 52 98 13 43 13 81 68 43 65 41 26 30 86 62 0 21 25 26 41 79 98 67 58 13 88 20 70 31 28 42 22 31 22 50 68 67 10 57 48 34 89 26 89 3 87 5 67
45 6 88 98 86 63 65 90 2 84 78 58 36 94 51 25 48 37 38 33 25 50 81 9 58 82 1 72 57 93 87 60 9 35 82 8 64 57 82 86 22 33 8 39 6 73 39 45 70 29
15 6 54 50 60 20 14 83 99 48 22 49 69 31 30 55 56 10 63 88 95 52 31 29 84 61 6 86 2 68 6 25 21 13 81 21 61 74 96 12 2 41 3 81 22 3 60 60 6 91
67 47 48 0 25 4 8 50 29 90 99 94 20 56 3 15 34 66 72 31 72 20 86 11 5 59 85 89 47 73 93 5 82 60 92 49 79 71 37 75 44 48 53 25 90 62 14 12 67 31
0 4 10 66 42 21 81 17 90 59 22 34 60 89 55 72 75 47 91 47 42 63 18 44 54 57 52 35 46 23 62 97 23 61 31 52 81 75 98 92 36 98 59 26 26 6 86 38 48 73
68 6 39 94 98 46 19 30 28 65 97 16 14 47 94 71 70 5 95 6 33 4 35 81 14 43 99 98 41 43 92 93 98 89 45 41 67 59 80 93 85 40 80 28 25 1 88 40 10 67
74 21 78 98 53 79 53 31 18 40 28 69 65 4 5 97 84 89 15 70 41 94 89 11 99 53 47 95 45 81 17 46 4 78 52 84 10 49 49 89 76 9 61 94 41 90 63 58 42 47
8 1 58 16 30 3 55 4 71 58 87 69 22 25 60 81 1 90 52 87 4 55 31 99 73 88 19 12 8 9 80 61 93 36 80 15 59 98 19 46 12 36 47 7 16 59 88 38 74 90
55 35 50 80 73 6 34 77 10 14 11 30 55 98 47 12 63 11 67 35 32 89 5 50 10 68 89 89 31 17 81 19 39 84 38 7 7 9 20 2 5 64 37 71 58 84 65 62 47 56
27 82 3 83 50 86 54 2 82 10 58 4 75 2 2 83 24 15 20 42 49 66 23 9 58 99 93 31 61 43 23 54 19 64 81 2 45 21 84 39 66 16 69 15 17 17 5 63 75 39
16 49 47 80 44 33 68 31 90 19 81 3 82 46 52 30 69 22 98 83 34 83 86 93 67 32 67 49 37 46 18 38 17 18 60 4 38 2 91 8 68 28 82 58 3 3 80 78 97 13
38 94 27 84 44 67 31 52 94 3 93 67 33 31 72 89 59 29 36 16 42 27 5 48 90 37 2 16 6 98 0 32 1 59 3 63 43 81 96 36 86 2 82 81 28 48 78 0 41 53
57 82 86 28 24 38 71 73 72 82 23 24 80 70 78 73 88 75 73 60 16 9 92 55 95 48 60 9 8 94 18 22 77 75 33 29 51 41 28 91 54 73 71 30 27 96 91 20 47 69
56 20 64 34 48 35 80 31 28 85 92 31 57 64 21 63 51 66 12 65 45 38 42 85 36 95 57 44 2 33 30 1 48 97 62 3 55 16 77 34 16 91 21 18 17 49 55 66 84 62
64 14 59 57 5 44 69 37 13 64 12 71 98 39 72 96 37 56 66 73 86 3 95 2 23 72 13 53 93 38 13 23 95 11 44 86 33 79 68 95 29 80 31 54 48 14 53 51 90 3
30 55 2 39 94 74 71 84 45 76 70 6 90 12 96 33 38 51 98 66 67 77 85 92 57 46 23 32 77 2 70 87 88 23 95 68 66 33 55 41 88 82 52 40 40 25 14 82 20 72
71 94 11 60 7 11 48 32 4 35 60 97 75 6 37 89 2 32 34 44 32 70 52 79 65 35 7 19 9 61 85 18 63 92 81 19 60 66 57 37 71 90 25 6 16 4 18 66 3 10
49 96 27 66 87 51 40 78 71 46 45 49 71 2 15 88 89 26 82 5 4 5 53 60 19 55 8 60 38 79 2 60 1 81 8 6 85 2 12 38 57 95 46 34 36 80 17 69 25 77
44 79 21 34 1 26 63 50 63 55 37 15 20 78 82 73 59 99 94 86 39 20 38 9 57 62 96 74 30 96 40 20 46 94 2 2 31 17 15 15 81 69 58 27 64 43 66 36 11 70
30 15 70 78 99 36 10 69 32 78 41 48 71 5 55 75 21 31 70 43 17 68 72 94 46 10 33 37 70 56 44 96 85 9 71 67 21 99 4 64 58 39 56 43 26 61 87 74 26 18
63 54 83 38 70 25 79 35 78 99 31 98 27 15 7 17 62 84 30 14 80 60 89 80 21 22 40 81 81 96 69 51 20 7 19 50 63 74 82 43 60 52 66 25 20 95 52 50 39 76
94 26 53 50 28 14 42 90 56 5 90 86 70 77 62 31 63 76 48 87 56 43 7 3 16 45 45 45 88 56 21 39 97 11 12 68 31 72 22 18 33 93 10 89 55 10 6 16 77 89
95 9 31 1 28 9 61 87 27 36 99 59 53 94 34 44 42 96 95 36 83 56 80 96 26 20 70 14 23 77 68 17 11 33 13 80 75 26 3 91 26 17 86 16 92 47 86 79 76 21
0 30 93 15 3 28 95 29 14 53 69 66 20 22 88 92 23 89 75 4 33 41 15 91 72 72 82 43 18 38 3 31 2 37 68 41 11 82 72 41 98 16 59 14 80 74 41 3 81 55
64 49 3 91 18 6 25 53 59 30 66 31 59 86 89 76 40 87 79 61 10 94 43 0 72 62 15 69 52 63 87 89 97 80 14 44 4 94 51 30 71 93 34 56 90 11 58 98 17 82
47 67 15 54 97 30 78 65 77 52 3 97 6 67 11 21 19 51 0 74 1 46 14 77 67 69 86 68 54 16 22 26 89 55 33 42 64 27 80 75 49 51 41 81 89 38 85 8 86 10
94 47 32 78 43 94 66 80 56 78 31 76 68 77 28 51 47 25 5 92 96 31 26 81 61 74 77 97 35 68 36 84 31 68 73 13 95 84 50 61 51 60 37 75 25 64 18 73 18 90
53 20 7 86 59 22 99 3 38 52 68 29 18 47 76 34 3 59 12 30 83 63 82 23 36 81 50 77 50 31 33 59 66 40 5 43 77 36 84 1 43 54 15 61 48 23 24 42 63 64
56 97 67 93 54 48 22 35 9 85 79 79 41 99 61 68 47 9 70 42 1 25 7 31 86 86 55 3 75 23 92 64 53 85 7 94 32 9 4 1 70 70 20 42 13 58 77 61 86 61
52 74 29 25 86 43 62 85 19 88 66 96 41 75 2 87 27 16 29 49 14 52 43 4 28 85 69 68 30 68 87 77 73 71 84 67 73 71 59 19 81 76 52 64 75 27 48 98 46 82
71 26 36 69 72 9 73 55 13 79 92 61 90 66 98 93 46 8 19 1 11 43 42 52 17 85 58 59 15 10 61 93 14 5 85 35 85 2 85 98 80 91 15 36 25 62 48 51 0 32
58 51 90 48 60 21 39 0 50 1 33 93 12 59 73 18 83 9 7 86 75 24 71 47 48 29 56 10 23 8 27 74 5 91 47 14 11 28 79 80 79 65 49 30 81 36 85 75 10 93
26 81 39 36 5 18 39 74 24 5 58 98 66 65 73 82 74 47 36 25 49 65 92 48 63 71 19 39 30 13 71 42 75 50 51 81 10 78 93 55 24 26 37 43 47 26 2 74 7 78
8 95 37 44 46 8 44 46 29 39 2 78 85 57 37 26 11 54 25 75 52 19 50 77 56 33 2 89 1 42 53 62 96 26 54 0 33 94 8 43 33 56 32 68 73 38 36 93 38 9
58 84 28 90 73 68 23 63 46 29 87 64 7 90 9 92 5 22 74 94 8 90 51 39 61 50 19 75 64 92 4 77 44 66 32 39 12 94 50 27 54 19 4 74 77 90 18 88 33 7
9 51 97 87 29 14 69 47 71 14 7 38 87 48 86 34 98 81 62 54 97 57 87 70 3 50 82 16 50 50 21 87 70 37 14 57 16 76 1 22 64 45 87 42 55 32 50 13 4 69
45 79 11 35 32 39 43 27 95 99 43 11 20 96 74 95 63 18 80 46 61 49 62 30 53 77 87 13 49 72 75 18 81 30 23 49 42 78 12 88 61 69 90 72 85 65 88 92 36 40
69 72 35 17 97 48 43 79 33 0 86 26 46 60 26 2 31 18 74 63 54 29 38 79 77 98 23 25 93 90 60 52 24 45 82 64 28 95 6 74 18 57 29 35 30 75 64 90 94 71
8 43 13 82 86 26 14 57 80 4 97 41 37 94 63 11 15 80 70 12 44 1 45 79 25 99 49 91 67 17 94 45 6 58 7 80 80 98 98 36 49 68 31 63 24 22 65 58 60 31
70 32 59 43 70 9 84 29 40 10 43 69 12 41 62 22 30 67 2 40 92 48 92 72 40 18 28 94 53 28 71 92 23 66 97 30 34 31 42 50 97 66 57 97 2 14 42 95 57 54
11 14 15 42 37 37 81 36 72 32 58 28 18 40 20 32 36 69 19 92 21 89 53 76 42 4 16 35 3 13 97 50 71 93 83 64 9 44 49 64 83 99 80 49 39 94 97 38 15 68
60 3 54 65 95 44 75 17 58 12 6 96 79 33 68 54 93 73 66 96 32 86 19 81 78 0 17 93 55 45 46 58 9 25 89 89 24 38 3 97 52 52 80 54 76 6 23 28 38 77
