14 0
0 0 1 1 2 3 3 4 4 5 5 6 7 7 8 8 9 9 10 10 11 11 12 13 14 15 15 16 17 18 19 20 20 21 22 23 24 24 25 25 26 27 28 28 29 29 30 31 32 33
34 35 35 36 2 37 38 38 39 39 40 6 41 42 43 44 45 46 46 47 48 48 12 13 14 49 50 16 17 18 51 52 52 53 22 23 54 54 55 56 57 27 58 59 59 60 61 31 32 33
34 62 63 64 65 37 66 66 67 68 68 69 41 42 43 44 45 70 71 71 72 73 73 74 75 75 50 76 77 78 51 79 79 53 80 80 81 82 55 56 57 83 58 84 84 60 61 85 86 86
87 62 63 64 65 88 89 90 67 91 92 69 93 93 94 95 96 97 97 98 72 99 99 100 101 101 102 102 77 78 103 103 104 104 105 105 81 82 106 106 107 107 108 109 109 110 110 85 111 111
87 112 112 113 114 114 89 90 115 115 92 116 116 117 94 95 118 118 119 98 120 121 122 100 123 123 124 125 126 127 128 129 130 131 132 133 133 134 134 135 136 137 108 138 138 139 139 140 140 141
142 143 143 113 144 144 145 146 146 147 147 148 148 117 149 149 150 150 151 151 120 121 122 152 152 153 124 125 126 127 128 129 130 131 132 154 154 155 156 157 136 137 158 158 159 160 160 161 161 162
142 163 163 164 164 165 165 166 167 167 168 169 169 170 170 171 172 173 173 174 175 176 177 178 178 179 180 181 182 183 183 184 185 186 187 187 188 155 156 157 189 189 190 190 159 191 192 193 193 162
194 195 196 197 198 198 199 166 200 201 168 202 203 203 204 171 172 205 205 174 175 176 177 206 207 179 180 181 182 208 208 184 185 209 209 210 188 211 212 213 213 214 214 215 215 216 192 217 217 218
194 195 196 197 219 220 221 221 200 201 222 202 223 224 204 225 226 227 228 228 229 230 230 206 207 231 232 233 233 234 234 235 235 236 237 210 238 211 212 239 239 240 241 242 242 216 243 244 245 218
246 247 247 248 219 249 250 250 251 252 252 253 223 224 254 225 226 255 255 256 229 257 258 259 259 231 232 260 261 262 262 263 264 236 265 265 266 267 268 269 269 240 241 270 270 271 243 244 245 272
273 274 274 248 275 249 276 276 251 277 277 278 278 279 279 280 280 281 282 256 283 284 258 285 285 286 286 260 261 287 287 263 264 288 288 289 266 267 268 290 290 291 292 293 294 271 295 295 296 272
273 297 297 298 275 299 299 300 301 302 302 303 303 304 304 305 305 281 282 306 307 284 308 309 310 311 311 312 313 314 314 315 315 316 316 289 317 318 318 319 319 291 292 320 294 321 321 322 322 323
324 325 325 298 326 327 328 329 301 330 330 331 331 332 333 333 334 335 336 306 307 337 338 309 339 339 340 312 313 341 341 342 342 343 344 344 345 345 346 347 348 349 350 320 351 351 352 353 353 323
324 354 354 355 326 327 328 329 356 356 357 358 359 332 360 361 334 335 362 362 363 363 338 364 364 365 366 366 367 367 368 368 369 369 370 370 371 372 346 347 348 349 373 374 374 375 352 376 376 377
378 379 380 355 381 382 383 384 385 385 357 358 386 387 360 388 389 390 391 392 392 393 394 395 396 365 397 397 398 399 399 400 400 401 401 402 402 372 403 403 404 405 373 406 406 375 407 408 409 377
378 379 380 410 381 382 411 384 412 412 413 414 386 387 415 388 389 390 391 416 416 393 394 395 396 417 418 418 398 419 419 420 420 421 422 422 423 423 424 425 404 405 426 426 427 427 407 408 428 428
429 430 430 410 431 432 411 433 434 435 413 414 436 436 415 437 437 438 439 440 441 442 443 443 444 444 445 445 446 447 447 448 448 421 449 449 450 451 451 425 452 453 453 454 454 455 456 457 457 458
429 459 460 461 461 432 462 462 434 463 464 464 465 465 466 466 467 438 439 468 441 442 469 470 471 472 473 474 475 476 477 477 478 478 479 480 450 481 482 483 452 484 485 486 486 455 456 487 488 488
489 459 460 490 491 491 492 493 494 463 495 495 496 496 497 497 467 498 499 468 500 501 501 470 471 472 473 474 475 502 502 503 504 504 479 480 505 505 482 483 506 484 507 508 508 509 509 487 510 511
489 512 513 490 514 514 492 493 494 515 515 516 517 518 518 519 519 498 499 520 500 521 522 523 523 524 525 525 526 527 528 528 529 530 530 531 532 532 533 534 535 535 507 536 536 537 538 539 539 511
540 512 541 541 542 543 543 544 545 545 546 516 517 547 547 548 549 549 550 551 552 552 522 553 554 554 555 555 526 527 556 556 529 557 558 531 559 559 533 534 560 561 562 562 563 564 538 565 566 566
567 568 569 569 542 570 570 544 571 572 546 573 574 575 576 577 578 578 579 551 580 581 581 582 582 583 584 584 585 586 586 587 588 557 589 590 590 591 591 592 560 561 593 593 563 564 594 595 595 596
567 568 597 597 598 599 600 601 571 602 602 573 574 575 576 577 603 604 579 605 580 606 607 608 608 583 609 610 585 611 611 587 612 612 589 613 614 615 615 592 616 616 617 618 618 619 620 620 621 596
622 623 624 625 625 599 600 601 626 626 627 628 628 629 630 631 631 604 632 605 633 606 607 634 634 635 609 610 636 636 637 638 639 640 640 613 641 642 643 643 644 645 646 647 647 619 648 649 621 650
651 623 624 652 653 653 654 655 655 656 656 657 658 659 630 660 660 661 661 662 663 663 664 664 665 635 666 666 667 668 668 638 639 669 670 670 641 642 671 671 644 645 646 672 673 673 648 649 674 650
651 675 676 677 678 678 654 679 679 680 681 681 658 659 682 683 683 684 685 685 686 686 687 687 665 688 688 689 689 690 690 691 691 669 692 693 693 694 694 695 695 696 697 698 698 699 699 700 701 701
702 675 703 677 704 704 705 706 706 707 708 708 709 710 711 712 712 713 713 714 714 715 716 717 717 718 718 719 720 721 722 723 724 725 692 726 727 727 728 729 729 696 697 730 731 731 732 700 733 734
735 735 703 736 737 737 738 738 739 707 740 740 741 710 711 742 742 743 743 744 745 715 746 746 747 748 749 719 720 721 722 723 724 725 750 726 751 751 752 752 753 753 754 754 755 755 732 756 733 734
757 757 758 759 759 760 760 761 762 763 764 765 741 766 766 767 768 769 770 744 745 771 772 773 747 748 749 774 775 775 776 776 777 777 750 778 778 779 780 781 782 783 784 784 785 785 786 787 787 788
789 789 758 790 790 791 792 761 762 763 764 793 793 794 794 767 795 769 770 796 797 797 772 773 798 798 799 774 800 801 802 803 804 805 805 806 806 779 780 807 782 783 808 809 809 810 786 811 811 788
812 813 814 814 815 815 792 816 816 817 817 818 819 819 820 821 795 822 822 796 823 823 824 824 825 825 799 826 800 827 802 803 828 828 829 830 830 831 831 807 832 832 833 834 834 835 835 836 837 837
812 813 838 838 839 840 840 841 841 842 842 843 844 845 820 821 846 847 848 849 850 851 851 852 853 853 854 855 855 827 856 857 857 858 829 859 860 860 861 862 863 864 833 865 866 867 867 836 868 868
869 870 870 871 872 872 873 874 875 876 876 843 844 845 877 877 846 847 848 849 850 878 879 852 880 880 854 881 881 882 883 884 884 885 886 887 887 888 861 889 863 864 890 865 866 891 892 892 893 893
869 894 895 896 897 898 873 874 875 899 899 900 901 902 902 903 903 904 904 905 905 878 879 906 906 907 908 908 909 910 883 911 911 885 886 912 912 913 913 889 914 914 915 915 916 891 917 918 919 919
920 894 895 896 897 898 921 922 922 923 923 900 901 924 925 926 926 927 927 928 929 930 930 931 931 907 932 932 909 910 933 934 934 935 936 937 938 938 939 939 940 941 941 942 943 943 917 918 944 944
920 945 946 947 948 948 921 949 950 951 951 952 953 954 925 955 955 956 957 928 958 958 959 960 961 962 963 964 964 965 966 966 967 967 936 937 968 968 969 969 970 970 971 942 972 972 973 974 975 975
976 945 946 947 977 978 978 949 950 979 979 952 953 954 980 981 981 956 957 982 982 983 959 960 961 962 963 984 984 985 985 986 986 987 988 989 990 990 991 992 992 993 971 994 994 995 973 974 996 996
976 997 998 998 999 999 1000 1000 1001 1001 1002 1003 1004 1004 1005 1006 1007 1008 1008 1009 1009 983 1010 1011 1011 1012 1013 1014 1015 1016 1016 1017 1017 987 988 989 1018 1019 1019 1020 1020 993 1021 1022 1023 995 1024 1024 1025 1025
1026 997 1027 1027 1028 1029 1029 1030 1031 1031 1002 1032 1032 1033 1005 1006 1007 1034 1035 1035 1036 1036 1037 1037 1038 1012 1013 1014 1039 1040 1040 1041 1042 1042 1043 1043 1018 1044 1044 1045 1045 1046 1047 1022 1023 1048 1049 1049 1050 1051
1026 1052 1052 1053 1028 1054 1054 1055 1055 1056 1057 1058 1058 1033 1059 1060 1061 1034 1062 1063 1064 1064 1065 1066 1066 1067 1068 1069 1039 1070 1070 1041 1071 1071 1072 1072 1073 1074 1075 1075 1076 1077 1047 1078 1079 1048 1080 1080 1050 1051
1081 1081 1082 1083 1083 1084 1085 1085 1086 1086 1057 1087 1088 1088 1089 1060 1061 1090 1062 1063 1091 1091 1065 1092 1093 1094 1068 1069 1095 1096 1096 1097 1098 1099 1099 1100 1073 1101 1101 1102 1102 1077 1103 1078 1079 1104 1104 1105 1105 1106
1107 1107 1108 1108 1109 1109 1110 1111 1112 1113 1114 1115 1116 1116 1089 1117 1117 1118 1119 1119 1120 1121 1122 1092 1093 1094 1123 1123 1095 1124 1124 1097 1098 1125 1126 1126 1127 1127 1128 1129 1130 1131 1131 1132 1132 1133 1133 1134 1134 1106
1135 1136 1136 1137 1137 1138 1110 1111 1112 1113 1114 1115 1139 1139 1140 1141 1142 1118 1143 1143 1120 1121 1122 1144 1144 1145 1145 1146 1146 1147 1148 1148 1149 1149 1150 1150 1151 1151 1128 1129 1152 1152 1153 1154 1154 1155 1155 1156 1157 1157
1158 1158 1159 1160 1161 1161 1162 1162 1163 1164 1165 1165 1166 1167 1140 1141 1168 1168 1169 1170 1170 1171 1172 1173 1173 1174 1175 1176 1176 1147 1177 1177 1178 1179 1180 1181 1182 1183 1184 1185 1186 1187 1188 1189 1190 1191 1191 1156 1192 1193
1194 1194 1195 1160 1196 1197 1197 1198 1163 1164 1199 1199 1166 1167 1200 1201 1201 1202 1202 1203 1203 1171 1204 1204 1205 1174 1175 1206 1207 1208 1208 1209 1209 1179 1180 1181 1182 1183 1210 1185 1186 1187 1188 1189 1190 1211 1211 1212 1192 1193
1213 1213 1195 1214 1214 1215 1215 1198 1216 1217 1217 1218 1218 1219 1219 1220 1221 1222 1222 1223 1224 1225 1226 1226 1227 1228 1228 1206 1207 1229 1230 1231 1231 1232 1233 1233 1234 1235 1210 1236 1237 1237 1238 1239 1239 1240 1240 1241 1241 1242
1243 1243 1244 1244 1245 1246 1246 1247 1247 1248 1249 1250 1251 1252 1252 1220 1253 1254 1254 1223 1224 1225 1255 1255 1227 1256 1256 1257 1257 1229 1230 1258 1259 1260 1260 1261 1234 1262 1262 1236 1263 1264 1238 1265 1265 1266 1267 1268 1269 1242
1270 1271 1271 1272 1245 1273 1274 1275 1275 1248 1276 1250 1277 1277 1278 1278 1253 1279 1280 1280 1281 1282 1283 1284 1285 1286 1286 1287 1288 1288 1289 1290 1259 1291 1292 1261 1293 1294 1294 1295 1263 1264 1296 1297 1298 1266 1267 1268 1269 1299
1270 1300 1300 1301 1301 1273 1274 1302 1303 1304 1276 1305 1306 1306 1307 1307 1308 1309 1310 1310 1281 1282 1283 1284 1285 1311 1312 1313 1314 1315 1289 1290 1316 1291 1292 1317 1318 1318 1319 1319 1320 1320 1296 1321 1298 1322 1323 1323 1324 1325
1326 1327 1327 1328 1329 1329 1330 1302 1303 1304 1331 1332 1332 1333 1333 1334 1334 1309 1335 1335 1336 1336 1337 1337 1338 1311 1312 1313 1314 1315 1339 1340 1340 1341 1341 1317 1342 1342 1343 1343 1344 1345 1345 1321 1346 1347 1347 1348 1324 1325
23 79 16 44 55 80 75 26 64 9 37 18 95 8 34 49 32 25 38 36 89 96 32 77 7 58 25 76 3 27 3 95 30 25 41 70 26 11 73 53 75 2 40 2 71 38 51 82 17 0
84 92 9 60 63 14 55 52 6 44 33 61 46 84 86 95 5 55 70 99 38 1 91 44 74 43 74 48 52 78 83 11 42 40 89 91 8 47 25 58 89 39 5 85 62 33 90 3 65 24
7 14 45 84 78 62 85 0 8 0 54 71 5 57 3 61 0 4 60 14 17 48 97 29 37 88 26 9 11 95 91 19 54 4 22 89 41 16 52 52 50 96 14 20 5 79 79 66 12 13
13 78 65 38 27 28 37 88 54 22 56 99 5 42 72 0 4 56 70 7 66 42 92 93 82 88 32 89 72 61 10 63 3 99 77 85 63 88 68 17 81 78 68 95 77 93 82 74 54 77
75 69 65 75 88 68 40 7 26 58 47 80 52 23 39 22 40 8 5 69 37 40 99 35 39 54 57 35 71 63 10 81 51 5 1 3 59 49 85 79 3 22 73 29 58 37 67 50 56 60
69 2 39 65 54 63 70 19 84 59 80 23 23 72 55 90 49 4 78 44 38 77 70 86 88 56 81 33 5 12 7 88 61 28 60 97 24 14 18 42 2 69 8 76 55 65 96 33 45 78
0 73 26 45 7 23 94 38 96 77 28 73 28 85 35 18 22 12 75 57 94 85 75 87 95 12 52 63 52 4 49 79 22 38 86 42 93 97 46 36 34 45 19 52 46 9 93 41 51 35
92 2 55 19 3 78 89 62 17 74 98 38 41 85 3 79 85 45 51 40 77 32 83 66 62 64 64 34 60 88 31 79 62 38 27 62 18 72 16 49 45 85 86 98 76 94 74 43 46 2
29 60 74 46 77 70 37 95 49 92 69 89 95 34 42 10 64 45 4 80 51 70 62 51 38 2 68 14 94 75 23 53 97 18 62 73 14 10 23 2 47 67 26 67 24 79 32 29 48 25
24 64 56 12 49 63 94 55 35 28 81 57 59 22 17 19 56 38 29 30 22 96 31 44 29 73 96 48 40 83 37 75 79 10 75 39 92 90 17 26 77 99 70 25 35 48 98 97 32 56
52 64 12 25 80 1 39 40 73 40 31 75 81 27 32 0 65 91 5 13 81 84 86 55 46 78 73 55 78 78 70 59 48 78 72 92 64 40 0 75 15 62 73 97 9 1 40 18 72 91
1 99 32 69 21 73 61 86 77 8 60 66 62 41 77 33 24 31 92 76 20 20 4 23 92 80 58 95 95 52 77 99 64 88 92 97 8 99 68 16 38 80 72 41 78 70 31 61 67 70
85 38 71 41 10 55 80 88 35 1 5 11 79 6 13 43 97 27 90 13 74 49 34 42 67 91 52 96 48 31 15 69 8 66 33 91 58 33 27 22 19 17 31 11 24 3 99 2 79 61
59 66 18 48 22 24 52 78 21 36 60 73 40 42 98 25 52 41 21 69 26 18 94 66 92 27 20 11 23 72 79 43 91 86 23 62 84 89 86 4 18 30 27 55 57 83 48 25 31 43
77 15 56 31 82 0 82 70 68 68 48 86 41 36 92 41 71 10 53 44 85 87 42 84 8 43 4 8 1 33 58 93 19 98 59 24 92 5 41 0 40 52 74 31 37 9 13 24 36 48
90 42 96 17 95 26 20 96 13 98 97 83 32 27 6 15 16 5 61 6 3 18 13 77 23 43 52 83 72 84 60 48 55 24 98 65 89 73 26 89 17 61 56 80 77 72 72 87 89 48
11 45 93 55 40 5 79 45 94 63 24 84 99 21 97 41 34 79 3 29 70 52 36 37 53 91 94 87 3 7 97 12 8 65 18 9 39 94 60 98 57 16 79 45 43 2 24 24 28 35
63 45 8 13 58 46 15 58 94 75 44 18 40 59 67 18 74 68 95 48 51 5 53 97 67 30 7 95 68 29 25 2 44 33 48 72 60 13 91 87 8 95 7 68 46 43 45 85 92 46
14 1 52 81 1 1 37 7 85 48 4 79 1 35 79 27 45 66 1 59 13 34 49 7 34 38 60 77 9 31 74 44 24 56 86 34 99 45 69 31 43 84 64 60 65 83 21 72 56 7
76 93 66 57 46 77 1 58 59 16 50 77 93 54 43 72 22 86 34 71 82 21 91 12 98 53 1 53 71 21 40 78 75 67 63 67 57 82 92 32 66 64 23 62 16 24 1 8 50 10
64 84 53 83 18 2 90 90 31 66 42 44 44 51 25 54 26 81 76 36 38 83 17 87 76 37 28 56 48 58 60 51 91 11 31 5 99 84 35 92 61 91 35 23 51 74 2 89 81 25
42 48 58 85 91 25 10 19 77 61 58 25 46 54 98 10 57 47 47 45 47 39 84 35 34 2 61 51 13 2 18 26 21 5 31 3 84 45 97 50 23 51 99 7 77 93 43 50 84 35
36 50 84 17 25 19 64 74 73 73 97 23 61 70 14 64 65 21 78 22 39 76 85 35 35 97 3 84 10 40 18 73 63 22 31 1 96 49 7 0 36 10 27 1 75 40 79 59 69 72
83 82 37 74 43 95 16 86 2 95 96 83 80 52 97 82 29 9 44 94 4 30 63 87 54 77 36 21 13 83 2 42 21 57 60 70 8 53 59 85 21 88 89 64 91 55 19 31 93 44
73 74 58 26 51 79 3 87 25 74 21 51 15 62 50 74 7 35 41 45 59 53 52 62 36 31 92 10 56 54 46 46 90 56 9 37 27 3 83 24 17 16 4 69 18 92 67 51 92 27
57 48 95 36 43 66 61 85 0 40 50 82 21 95 24 24 33 15 50 92 31 77 11 43 80 16 61 66 66 53 95 6 1 87 26 49 32 74 21 36 39 90 94 0 20 41 2 65 69 39
9 40 94 37 76 27 33 27 92 40 86 17 44 32 30 96 13 50 9 44 53 44 13 63 86 11 77 99 58 96 85 61 50 24 96 48 45 79 67 88 48 51 66 4 74 77 98 43 78 94
24 90 88 76 77 76 85 38 67 63 20 97 47 91 96 53 81 98 76 83 7 11 95 26 23 37 4 86 19 97 82 41 36 58 21 11 99 22 57 93 89 31 13 55 86 78 29 27 31 94
24 37 11 15 42 3 8 13 11 86 77 38 49 68 78 52 31 80 77 89 63 29 7 37 95 36 58 33 92 2 90 87 6 18 23 95 91 39 4 38 35 16 74 99 64 77 95 10 73 58
72 57 51 84 64 36 97 16 29 66 99 64 88 87 5 58 23 80 20 21 45 35 62 69 71 41 60 98 3 19 76 32 57 30 50 63 55 24 46 9 36 6 18 75 26 61 84 55 9 52
39 22 81 80 76 50 23 48 29 29 23 57 5 81 0 19 48 7 57 66 31 0 61 95 93 92 45 2 94 95 9 62 91 50 42 65 50 31 12 3 40 5 35 44 43 25 41 49 2 5
9 12 16 17 95 15 29 63 20 0 44 50 47 16 93 88 52 78 78 90 12 82 49 88 61 33 86 60 9 51 35 18 35 53 18 3 67 88 52 83 51 36 65 34 16 15 5 27 23 6
0 74 33 22 34 94 22 92 14 34 11 14 11 39 83 55 78 94 37 98 82 13 52 87 41 43 24 41 15 57 68 87 42 32 38 65 73 99 89 36 3 22 94 56 94 80 97 70 39 22
50 0 83 96 87 42 22 36 67 19 54 13 83 12 80 14 53 61 15 72 33 96 95 39 82 78 41 27 95 28 39 52 83 77 91 44 36 15 79 18 47 48 56 68 8 36 42 45 80 8
87 84 65 4 63 87 40 56 27 66 74 97 61 30 81 76 23 82 9 83 36 30 4 50 12 34 8 83 4 84 53 99 67 3 21 23 99 37 46 7 55 12 15 12 64 58 25 28 74 16
13 69 33 31 16 59 47 31 60 77 98 39 40 93 85 41 37 56 62 9 21 73 27 71 64 60 15 8 31 82 64 94 88 37 89 13 88 70 97 25 9 95 56 6 74 68 23 78 89 94
45 42 46 64 1 61 72 98 11 0 87 17 33 50 3 32 80 98 12 50 79 82 24 97 74 24 52 66 97 92 82 31 54 33 24 80 70 97 77 45 65 58 46 88 28 49 29 56 67 89
85 73 5 19 63 80 48 55 86 25 63 17 2 8 63 70 96 59 88 89 12 57 48 79 79 3 45 23 86 87 62 33 15 18 87 3 51 38 32 15 75 76 88 23 56 18 78 43 24 32
15 86 19 34 41 0 94 55 59 93 28 47 68 68 72 37 52 34 55 20 53 41 34 28 68 55 25 94 16 95 91 10 0 97 86 39 77 13 64 52 41 18 8 32 68 3 22 38 55 32
98 88 40 5 76 81 10 53 64 69 46 51 72 98 69 33 77 83 53 66 21 83 5 8 98 50 28 71 94 48 50 34 8 36 4 39 5 76 74 86 24 60 28 67 68 30 30 96 10 37
57 52 2 16 11 79 49 18 10 63 45 82 65 61 95 20 68 28 90 89 14 32 75 75 47 1 47 41 82 73 94 55 75 79 44 35 55 7 56 59 41 71 59 32 64 96 96 31 75 84
18 64 75 13 2 0 27 89 14 71 21 1 11 42 63 30 84 84 9 43 20 43 99 22 32 54 49 24 28 20 61 25 43 90 99 74 93 88 86 85 84 88 0 22 65 16 76 12 58 42
79 40 18 77 32 72 53 18 45 71 29 64 41 64 20 12 67 12 63 25 19 80 99 71 89 43 80 71 22 2 56 21 40 76 80 74 83 21 47 75 27 11 58 11 14 10 70 27 12 82
11 18 98 38 58 53 49 53 45 71 5 20 46 74 87 50 95 27 61 66 63 23 47 97 7 96 21 64 13 81 80 96 12 15 77 13 28 60 75 51 11 88 11 90 98 88 32 12 88 23
47 88 59 83 46 15 74 90 91 96 39 2 21 86 22 49 67 83 4 37 85 7 32 86 57 44 32 22 60 73 67 55 49 14 56 40 24 0 28 39 88 44 94 33 87 24 6 53 21 90
36 55 93 68 33 18 23 21 14 62 83 14 77 72 59 83 37 88 29 51 94 4 56 39 36 13 91 49 36 76 28 6 74 31 81 63 28 57 64 67 69 89 34 65 38 66 8 87 42 50
71 76 57 54 0 21 46 49 53 59 90 14 34 38 4 46 81 96 78 88 63 61 5 75 31 21 17 14 76 50 90 7 37 39 87 10 53 63 1 88 92 90 87 0 83 1 23 7 53 51
90 24 92 84 60 67 62 26 32 10 24 99 73 35 13 71 41 56 15 28 65 86 71 98 76 56 3 38 80 88 89 5 78 20 63 95 52 42 38 61 80 51 97 21 35 69 46 61 92 5
24 85 70 62 37 71 28 28 15 18 49 18 66 84 47 77 29 70 54 97 36 46 19 1 96 73 84 70 56 83 16 55 28 0 97 1 47 22 78 16 91 80 91 6 2 71 60 3 74 45
32 77 76 39 6 29 51 34 9 97 75 93 70 75 47 86 99 69 97 5 10 1 35 83 79 84 64 51 12 67 61 40 61 66 68 29 49 10 80 37 67 57 55 19 71 25 1 34 16 52
