25 47
0 1 1 2 2 3 4 4 5 6 6 7 8 9 9 10 11 12 13 13 14 15 15 16 17 17 18 19 19 20 20 21 22 22 23 24 25 26 26 27 28 28 29 30 30 31 31 32 33 33
0 34 34 35 35 3 36 36 37 37 38 7 39 39 40 10 11 12 41 41 42 42 43 43 44 44 18 45 46 47 48 21 49 49 23 24 25 50 51 51 52 52 29 53 54 54 55 56 56 57
58 59 59 60 61 61 62 63 64 65 38 66 66 67 68 69 70 71 71 72 73 73 74 74 75 76 76 45 46 47 48 77 77 78 78 79 79 50 80 80 81 81 82 53 83 84 55 85 86 86
58 87 87 60 88 88 62 63 64 65 89 89 90 90 68 69 91 91 92 92 93 94 95 96 96 97 98 98 99 99 100 101 102 103 104 105 105 106 107 107 108 108 109 109 83 110 110 85 111 112
113 114 114 115 116 117 117 118 118 119 119 120 121 122 123 123 124 125 125 126 93 94 127 128 129 130 131 132 132 133 100 101 102 103 104 134 134 106 135 135 136 136 137 137 138 139 140 140 111 112
113 141 141 115 116 142 143 143 144 145 146 120 121 122 147 148 124 149 149 126 150 150 127 128 129 130 131 151 151 133 152 152 153 154 154 155 155 156 156 157 158 158 159 160 138 139 161 162 163 163
164 165 166 166 167 142 168 169 144 145 170 170 171 171 147 148 172 173 174 175 176 176 177 177 178 179 180 180 181 181 182 183 184 184 185 186 187 188 188 157 189 189 159 160 190 191 161 162 192 193
164 165 194 194 167 195 168 169 196 196 197 198 198 199 200 201 172 173 174 202 202 203 204 205 205 179 206 207 207 208 208 183 209 210 210 186 187 211 211 212 213 214 214 215 190 191 216 217 192 193
218 219 220 221 221 222 222 223 224 225 225 226 227 199 200 201 228 229 229 230 230 203 204 231 232 232 206 233 234 234 235 236 236 237 237 238 238 239 239 212 240 241 242 215 243 244 216 217 245 245
218 219 220 246 247 247 248 248 224 249 249 226 227 250 251 252 228 253 254 255 255 256 256 231 257 258 258 259 259 260 260 261 262 263 264 264 265 265 266 266 240 241 242 267 243 268 269 269 270 270
271 272 273 246 274 275 275 276 277 277 278 279 280 250 281 252 282 253 254 283 283 284 284 285 286 286 287 288 288 289 290 261 262 291 291 292 293 293 294 295 295 296 296 297 297 268 298 299 300 301
271 272 302 302 274 303 303 276 304 305 278 279 280 306 281 307 282 308 309 310 311 312 313 285 314 315 287 316 317 289 290 318 318 319 319 292 320 320 294 321 321 322 323 323 324 324 298 299 300 301
325 325 326 327 327 328 329 329 304 305 330 330 331 332 332 333 334 308 335 310 311 312 313 336 314 337 337 316 317 338 339 339 340 340 341 341 342 342 343 344 345 322 346 346 347 348 349 350 351 352
353 354 354 355 356 328 357 358 358 359 360 360 361 362 362 333 334 363 335 364 365 366 366 336 367 368 368 369 369 370 371 372 373 374 375 375 376 376 343 344 345 377 378 378 347 348 349 379 351 352
353 380 381 355 382 382 357 383 383 384 385 386 361 387 387 388 389 390 390 364 365 391 392 392 367 393 394 394 395 370 371 372 396 374 397 398 398 399 399 400 400 401 402 402 403 403 404 379 405 406
407 380 381 408 409 410 411 412 412 384 385 386 413 414 415 388 389 416 416 417 417 391 418 418 419 393 420 420 395 421 422 423 396 424 397 425 426 427 428 428 429 401 430 431 432 432 404 433 405 406
407 434 435 408 409 436 411 437 437 438 439 439 413 414 415 440 440 441 442 443 444 444 445 446 447 448 449 450 450 421 422 451 452 452 453 453 426 427 454 454 455 455 430 456 457 457 458 458 459 459
460 461 435 462 462 436 463 464 464 438 465 465 466 466 467 467 468 469 442 470 470 471 471 446 447 472 449 473 474 474 475 451 476 477 478 479 479 480 481 481 482 483 484 456 485 486 487 487 488 488
489 461 490 490 491 492 463 493 494 494 495 496 497 498 498 499 468 469 500 500 501 501 502 503 503 472 504 505 506 507 508 508 476 477 478 509 509 480 510 510 482 483 484 511 485 486 512 513 514 515
489 516 516 517 517 492 518 493 519 520 495 496 497 521 522 499 523 523 524 524 525 525 526 526 527 528 529 505 506 507 530 531 532 533 533 534 534 535 535 536 536 537 538 511 539 539 512 540 514 515
541 541 542 543 543 544 518 545 545 520 546 547 547 521 548 548 549 550 550 551 551 552 552 553 527 554 529 555 555 556 530 531 557 557 558 558 559 559 560 561 562 537 538 563 564 565 565 540 566 567
568 569 569 570 571 544 572 572 573 573 574 574 575 576 576 577 549 578 578 579 579 580 580 581 581 554 582 583 583 556 584 584 585 585 586 587 588 588 560 561 589 590 590 563 564 591 592 592 566 567
593 593 594 594 571 595 595 596 596 597 597 598 598 599 599 577 600 600 601 601 602 602 603 604 605 606 582 607 608 608 609 610 610 611 586 612 613 613 614 614 589 615 616 616 617 591 618 618 619 620
621 622 623 623 624 625 625 626 627 628 629 630 631 632 632 633 634 635 635 636 637 638 603 604 639 606 640 640 641 641 609 642 643 644 644 612 645 645 646 647 647 615 648 649 649 650 650 651 619 620
621 622 652 653 654 654 655 626 627 656 629 630 631 657 658 633 634 659 660 660 637 661 662 662 639 663 663 664 664 665 666 642 643 667 668 669 670 670 646 671 672 672 673 673 674 674 675 676 677 678
679 679 652 680 680 681 682 683 683 656 684 685 685 657 658 686 686 659 687 688 688 661 689 689 690 691 692 693 694 665 666 695 695 667 668 669 696 697 697 671 698 699 699 700 700 701 675 676 677 678
702 703 703 704 705 681 682 706 707 707 684 708 709 709 710 711 712 712 713 714 715 716 716 717 718 691 719 693 694 720 721 722 723 723 724 725 696 726 727 728 729 729 730 731 731 701 732 732 733 734
735 735 736 704 705 737 737 706 738 738 739 740 741 742 710 711 743 744 713 714 745 745 746 717 718 747 719 748 749 750 721 722 751 752 724 725 753 726 727 728 754 755 755 756 757 758 759 759 733 734
760 761 762 763 764 764 765 766 767 767 768 740 741 742 769 769 743 770 770 771 772 773 773 774 774 747 775 775 749 750 776 776 751 777 777 778 753 779 780 781 754 782 782 756 757 783 784 785 785 786
760 761 762 763 787 787 788 766 789 790 768 791 792 793 794 795 795 796 796 771 772 797 798 799 800 801 802 802 803 803 804 804 805 806 807 808 808 779 780 809 810 811 811 812 812 783 784 813 814 786
815 815 816 816 817 818 788 819 789 820 820 791 792 793 821 822 822 823 823 824 825 797 826 799 827 801 828 829 830 830 831 831 805 806 832 832 833 833 834 809 810 835 836 836 837 838 839 813 814 840
841 842 843 843 844 818 845 819 846 847 847 848 849 850 821 851 852 853 853 824 854 854 826 855 827 856 828 829 857 858 859 859 860 861 862 863 863 864 834 865 865 835 866 867 868 838 839 869 870 840
841 871 872 872 844 873 845 874 846 875 876 876 849 850 877 851 878 879 879 880 881 882 882 855 883 883 884 885 857 858 886 886 860 861 862 887 887 864 888 888 889 890 866 867 868 891 892 892 870 893
894 871 895 895 896 873 897 874 898 875 899 900 901 901 877 902 878 903 904 880 881 905 905 906 907 907 884 885 908 908 909 910 910 911 911 912 912 913 914 914 889 890 915 915 916 891 917 917 918 918
894 919 919 920 896 921 897 922 923 923 899 900 924 925 925 926 926 903 904 927 927 928 928 906 929 929 930 931 931 932 933 933 934 935 936 937 937 913 938 938 939 940 940 941 941 942 942 943 944 945
946 947 947 920 948 921 949 922 950 950 951 951 924 952 953 953 954 955 955 956 957 958 959 960 960 961 961 962 962 932 963 964 964 935 936 965 966 966 967 968 968 969 969 970 971 972 973 973 944 974
946 975 976 977 948 978 949 979 980 981 981 982 983 984 985 986 987 988 988 956 957 958 959 989 989 990 991 992 992 993 963 994 995 995 996 965 997 997 998 999 1000 1001 1002 970 1003 972 1004 1004 1005 974
1006 1007 976 977 1008 1008 1009 1009 980 1010 1011 982 983 984 985 986 987 1012 1012 1013 1014 1015 1016 1017 1017 990 991 1018 1019 993 1020 1021 1021 1022 996 1023 1024 1024 998 1025 1000 1001 1026 1026 1003 1027 1028 1028 1029 1029
1030 1007 1031 1032 1033 1034 1034 1035 1035 1036 1011 1037 1037 1038 1039 1040 1040 1041 1041 1013 1014 1015 1016 1042 1043 1044 1044 1018 1019 1045 1045 1046 1046 1022 1047 1048 1048 1049 1049 1025 1050 1051 1051 1052 1052 1027 1053 1053 1054 1054
1030 1055 1031 1032 1033 1056 1057 1058 1058 1036 1059 1059 1060 1061 1039 1062 1062 1063 1064 1065 1065 1066 1067 1067 1043 1068 1069 1069 1070 1071 1072 1073 1073 1074 1047 1075 1076 1077 1077 1078 1050 1079 1079 1080 1080 1081 1082 1082 1083 1084
1085 1085 1086 1087 1088 1056 1089 1090 1090 1091 1091 1092 1060 1061 1093 1093 1094 1063 1095 1096 1097 1066 1098 1099 1099 1100 1100 1101 1102 1071 1072 1103 1103 1104 1104 1075 1076 1105 1106 1078 1107 1108 1108 1109 1109 1081 1110 1110 1083 1111
1112 1112 1086 1113 1088 1114 1089 1115 1116 1116 1117 1092 1118 1118 1119 1120 1121 1121 1095 1096 1097 1122 1098 1123 1123 1124 1124 1101 1102 1125 1126 1127 1127 1128 1129 1129 1130 1130 1106 1131 1132 1133 1133 1134 1134 1135 1135 1136 1136 1111
1137 1137 1138 1113 1139 1139 1140 1115 1141 1142 1117 1143 1144 1144 1119 1120 1145 1146 1147 1148 1148 1122 1149 1149 1150 1151 1152 1153 1153 1125 1126 1154 1155 1128 1156 1157 1157 1158 1158 1131 1132 1159 1160 1161 1161 1162 1162 1163 1164 1164
1165 1166 1167 1167 1168 1168 1169 1169 1141 1170 1171 1143 1172 1172 1173 1173 1145 1146 1147 1174 1175 1175 1176 1176 1150 1151 1152 1177 1178 1178 1179 1154 1180 1181 1156 1182 1183 1183 1184 1185 1185 1159 1160 1186 1187 1188 1189 1163 1190 1191
1165 1166 1192 1193 1193 1194 1195 1196 1196 1170 1171 1197 1198 1198 1199 1199 1200 1201 1201 1202 1203 1204 1205 1205 1206 1206 1207 1207 1208 1208 1209 1209 1180 1210 1210 1182 1211 1211 1184 1212 1213 1214 1214 1186 1187 1215 1189 1216 1216 1191
1217 1218 1219 1220 1221 1194 1195 1222 1223 1224 1225 1226 1226 1227 1228 1229 1200 1230 1231 1202 1203 1204 1232 1232 1233 1233 1234 1235 1235 1236 1236 1237 1238 1238 1239 1239 1240 1240 1241 1212 1213 1242 1243 1243 1244 1215 1245 1246 1246 1247
1217 1218 1219 1220 1248 1249 1250 1222 1223 1224 1225 1251 1252 1227 1228 1229 1253 1230 1231 1254 1254 1255 1256 1256 1257 1257 1258 1258 1259 1260 1261 1262 1263 1264 1265 1265 1266 1267 1241 1268 1269 1269 1270 1270 1244 1271 1245 1272 1273 1247
1274 1274 1275 1275 1248 1249 1250 1276 1276 1277 1278 1251 1279 1280 1281 1282 1283 1283 1284 1284 1285 1286 1286 1287 1287 1288 1288 1289 1259 1260 1290 1262 1263 1291 1291 1292 1266 1267 1293 1294 1294 1295 1296 1297 1297 1298 1299 1300 1273 1301
1302 1302 1303 1304 1305 1306 1307 1307 1308 1277 1309 1309 1279 1280 1310 1282 1311 1311 1312 1312 1313 1313 1314 1315 1316 1317 1318 1289 1319 1320 1290 1321 1321 1322 1323 1324 1325 1325 1326 1326 1327 1327 1296 1328 1329 1298 1299 1300 1330 1301
1331 1331 1303 1304 1305 1306 1332 1332 1333 1333 1334 1335 1335 1336 1310 1337 1337 1338 1338 1339 1339 1340 1314 1315 1316 1317 1341 1341 1319 1342 1342 1343 1344 1344 1323 1324 1345 1345 1346 1346 1347 1347 1348 1328 1329 1349 1349 1350 1330 1351
56 12 50 75 18 80 40 85 59 5 53 8 79 43 60 95 36 13 74 86 23 67 42 92 20 50 9 73 31 67 65 37 15 3 90 16 56 94 66 31 47 33 97 1 98 59 84 63 93 10
57 92 38 24 49 50 25 9 21 95 34 6 31 48 4 67 35 31 11 65 21 90 50 32 64 59 30 43 72 87 92 71 64 23 96 4 6 76 98 89 11 17 3 50 44 92 14 74 57 36
97 85 19 42 68 53 85 49 82 45 8 40 21 58 48 75 27 4 90 67 62 81 81 77 18 44 5 12 4 10 63 50 83 91 85 64 10 22 31 73 95 77 12 30 14 17 69 3 30 17
50 28 7 82 33 54 25 78 96 3 85 94 62 78 70 39 11 38 12 42 67 30 39 73 35 30 69 7 27 70 56 85 95 48 26 95 11 18 20 73 20 66 16 88 4 38 44 78 70 28
76 67 81 86 18 75 54 0 3 12 66 97 2 6 73 95 79 44 7 73 21 31 7 49 72 59 47 93 51 33 70 14 77 70 78 91 42 28 11 67 76 64 62 74 50 46 51 14 26 61
39 62 45 53 64 99 91 3 13 40 18 82 2 49 62 86 53 27 66 91 71 18 47 52 68 74 21 59 65 73 7 52 64 30 46 4 24 46 9 93 87 5 14 66 92 28 22 91 91 39
73 44 22 1 92 99 18 22 55 3 71 4 71 11 81 10 12 69 85 92 61 89 20 67 3 91 65 97 73 82 9 25 24 28 11 69 91 51 80 52 57 43 30 53 99 70 18 57 15 49
45 77 4 86 39 81 94 51 60 19 49 88 92 52 49 20 78 27 32 82 73 12 54 39 97 19 11 90 93 57 80 61 34 0 11 62 91 22 70 48 20 47 89 13 3 25 52 77 50 49
13 84 56 93 9 14 85 86 56 61 75 9 83 9 83 7 88 28 41 84 81 95 49 79 89 78 3 32 28 27 90 52 57 43 38 12 50 48 30 0 1 53 33 0 85 21 26 75 9 80
86 91 33 52 33 26 76 39 29 23 30 80 90 17 39 79 33 21 5 34 70 59 68 53 35 37 1 72 86 21 73 11 85 31 86 26 53 31 22 27 25 50 24 32 9 29 2 55 6 85
8 71 18 59 7 6 74 15 13 64 70 76 6 27 8 35 17 52 89 86 80 46 37 82 73 4 19 94 25 11 44 49 9 77 61 11 41 97 7 45 87 31 6 49 84 8 2 76 43 86
69 58 75 90 93 83 40 1 78 81 37 21 58 78 68 2 3 58 34 54 22 18 48 51 2 54 40 29 53 76 65 27 28 30 50 40 75 1 76 23 12 64 94 33 81 69 59 75 53 25
84 72 73 57 13 63 75 55 16 67 43 20 96 61 18 93 89 16 5 40 84 47 8 2 54 14 66 81 28 45 13 19 46 20 10 95 85 74 47 81 36 9 35 90 73 3 68 39 96 6
73 99 95 4 42 31 43 10 19 70 47 18 14 25 12 77 28 26 36 5 13 27 6 94 35 84 93 85 40 50 47 10 6 64 67 50 33 20 13 15 62 69 43 40 24 18 35 41 74 24
36 45 62 51 17 16 53 42 6 84 50 82 58 0 68 64 82 2 97 38 13 71 41 89 51 18 19 38 69 77 42 56 56 80 73 83 71 20 66 49 96 33 73 31 48 0 11 87 73 83
13 8 54 2 4 80 44 66 8 12 90 51 82 42 7 55 80 26 85 38 34 63 77 36 48 83 62 66 90 14 13 42 14 39 23 74 91 49 14 66 8 0 19 42 38 82 3 59 89 28
34 62 59 20 2 22 96 65 74 45 97 8 11 24 43 81 90 17 19 52 40 90 93 7 66 20 51 4 44 19 9 29 51 2 81 62 55 46 9 19 39 29 48 53 33 1 55 58 78 40
26 62 38 59 29 13 6 11 76 38 75 51 22 28 40 26 30 31 81 90 85 99 4 67 89 94 24 16 16 69 50 36 64 49 65 75 42 3 54 24 1 42 84 9 80 94 83 1 59 32
6 61 57 34 79 19 39 45 99 77 81 80 48 0 87 63 54 34 49 85 13 69 52 25 55 77 7 90 90 7 93 27 27 70 45 95 12 75 2 30 18 98 26 77 66 68 63 4 25 18
65 47 82 82 64 35 48 88 58 19 6 50 51 81 77 53 84 41 82 0 92 83 83 19 14 47 75 31 35 99 9 90 50 98 3 15 95 94 4 75 62 10 65 74 43 64 54 83 88 27
31 33 56 54 19 39 97 14 47 13 63 92 31 83 92 25 91 49 5 0 18 60 68 64 58 24 76 39 53 24 6 53 51 44 82 69 18 73 88 89 82 79 63 39 84 37 40 12 47 70
7 55 2 26 94 72 85 31 32 85 37 71 93 2 53 16 32 0 58 91 94 58 69 27 0 28 17 80 62 6 84 60 14 65 52 41 87 96 94 31 62 79 35 62 13 49 22 35 11 35
57 74 4 79 55 23 18 54 19 20 98 68 65 69 55 87 84 30 43 21 77 95 95 31 14 74 96 74 37 33 86 39 38 33 9 2 23 55 5 29 40 7 39 10 86 11 66 47 28 65
23 53 92 66 79 27 5 40 25 47 11 43 56 69 3 17 46 54 20 66 59 19 47 64 21 48 75 62 54 22 76 90 3 49 7 92 75 46 64 65 39 62 42 99 54 49 64 83 50 16
72 41 52 62 88 87 33 70 32 34 29 24 13 75 14 22 47 19 10 36 29 7 75 42 95 17 76 6 64 66 80 5 58 31 38 2 15 88 4 78 9 19 24 24 5 1 39 17 55 20
34 41 27 58 88 99 38 43 93 7 86 35 22 78 0 60 32 39 23 2 23 85 14 29 39 75 73 2 5 14 46 74 79 31 98 46 80 88 18 82 21 59 43 42 73 32 46 88 38 35
85 52 56 60 17 40 11 85 29 68 65 33 49 53 23 97 49 42 71 62 36 86 27 89 11 45 47 73 47 76 68 44 25 32 28 98 11 53 79 86 55 48 50 54 32 50 91 51 29 93
30 15 1 93 31 74 79 27 52 13 9 71 88 89 61 72 26 16 81 43 80 31 85 85 26 45 87 71 79 47 19 15 36 58 92 91 58 65 80 96 85 18 87 80 35 71 88 41 73 69
75 79 7 42 64 31 49 45 34 42 6 82 88 88 97 94 86 46 12 33 95 46 54 53 26 45 67 92 13 6 82 3 7 88 12 64 77 28 86 67 90 48 32 67 45 92 97 27 33 8
85 82 88 35 96 20 59 35 87 91 38 36 15 90 97 8 94 62 80 30 68 78 13 4 82 32 38 99 94 95 91 77 3 81 73 20 88 82 1 94 93 49 11 77 60 98 0 3 73 89
15 70 34 65 20 30 8 66 74 75 61 43 37 86 48 96 63 66 9 99 82 50 74 79 50 43 90 36 10 50 36 12 27 61 63 34 22 36 56 34 17 49 24 32 30 73 38 25 57 54
48 80 87 18 1 65 58 86 89 96 50 72 53 86 24 7 90 82 15 0 12 24 36 60 22 93 72 32 82 87 67 4 54 21 94 55 6 75 55 88 22 16 6 36 26 79 69 90 28 74
18 20 79 48 78 39 46 16 62 67 42 3 95 90 53 49 14 61 27 91 92 71 26 89 92 50 27 60 24 24 24 65 57 5 53 63 90 19 47 53 98 18 43 11 41 21 2 93 24 57
67 22 90 94 18 62 40 46 42 64 67 8 59 10 90 70 2 42 93 45 13 69 7 49 10 40 64 27 43 65 82 44 19 32 52 21 74 43 10 13 20 2 58 18 18 67 73 39 16 66
82 93 95 38 20 82 87 25 53 37 92 63 87 5 86 28 17 42 7 16 88 13 97 19 6 28 61 28 62 97 89 71 50 49 63 34 32 61 12 20 70 16 76 53 3 14 89 96 64 69
1 64 15 45 56 61 78 93 40 22 82 47 23 95 62 0 76 45 16 5 11 63 30 70 43 7 77 63 18 74 85 0 87 27 69 4 37 72 73 19 41 44 62 91 73 98 19 32 28 25
47 68 90 11 0 98 49 41 65 81 98 58 20 97 59 33 72 47 29 12 20 14 65 52 54 59 96 25 84 22 34 27 60 34 81 62 42 87 75 37 75 90 98 73 56 67 19 31 18 71
30 54 15 45 54 67 89 15 78 59 98 70 90 83 76 32 65 13 81 93 97 52 38 99 47 76 7 76 40 13 20 96 36 97 55 34 81 67 36 22 99 18 75 81 88 92 58 98 59 72
79 74 65 78 45 95 14 35 80 11 83 26 87 6 60 90 70 67 65 51 13 43 84 26 33 57 73 26 4 13 43 34 3 39 35 7 87 98 33 35 22 45 35 87 66 46 34 98 45 80
89 83 83 35 64 96 96 52 29 9 44 5 16 73 47 37 97 55 40 72 23 43 9 21 87 88 34 69 85 28 76 97 75 4 13 52 96 99 49 43 20 1 74 9 25 87 39 71 7 94
2 36 11 57 8 28 30 72 17 98 63 54 46 93 48 41 6 89 78 75 14 59 93 86 32 98 41 88 48 76 78 24 22 69 42 83 10 60 63 51 98 56 32 70 94 33 21 56 20 92
66 98 14 38 22 26 29 21 48 52 60 64 99 38 46 96 71 64 1 83 14 30 53 19 72 90 61 29 72 40 8 29 58 53 0 32 14 50 3 39 4 12 35 18 75 52 94 89 71 60
27 1 45 46 67 65 23 89 34 48 33 67 47 72 60 98 46 40 86 12 98 85 49 68 43 47 73 92 86 43 74 38 94 60 92 38 21 85 78 59 65 26 42 16 13 98 51 53 64 83
61 64 89 71 38 4 94 25 55 15 61 14 24 58 91 42 83 76 19 57 67 79 47 86 92 62 41 32 16 12 23 51 83 38 31 69 18 41 1 31 15 33 36 46 28 27 67 51 63 83
51 76 38 6 65 85 23 30 61 40 60 96 39 37 66 12 71 8 29 13 15 28 95 73 83 44 81 32 41 0 37 56 78 59 44 12 80 26 35 79 5 49 35 82 6 30 39 13 61 36
14 97 0 22 65 75 23 52 44 0 16 94 94 1 19 80 57 42 51 24 22 52 57 70 74 42 69 26 94 83 60 66 65 53 65 4 82 27 13 16 44 0 97 45 41 15 96 9 69 53
0 67 12 47 89 44 37 55 42 55 80 24 1 30 39 50 24 5 20 95 73 49 13 60 7 99 42 12 83 91 40 65 65 78 22 49 66 9 57 8 39 3 65 45 56 58 24 15 89 20
33 73 79 90 9 6 44 72 70 6 92 62 64 59 5 32 35 85 20 90 24 8 62 53 75 17 54 38 82 90 72 47 5 47 47 18 74 3 89 88 29 9 27 32 85 98 20 92 34 59
44 56 55 95 64 54 54 4 53 17 99 66 50 29 57 13 57 2 26 44 15 47 94 94 66 0 1 14 74 70 87 55 29 34 0 80 25 2 81 96 82 50 65 32 83 58 21 92 84 85
73 35 86 42 91 62 57 10 16 18 19 83 26 52 71 15 47 0 6 20 21 48 35 77 51 24 94 64 74 23 24 82 46 70 84 42 65 2 25 47 87 34 6 79 14 8 76 80 69 2
