11 46
0 0 1 2 2 3 4 5 6 7 7 8 8 9 10 10 11 11 12 13 13 14 14 15 15 16 16 17 18 19 20 21 21 22 23 24 24 25 26 27 28 28 29 30 30 31 31 32 32 33
34 35 1 36 36 3 4 37 6 38 38 39 39 40 41 42 43 44 44 45 46 47 47 48 48 49 49 50 18 19 20 51 52 22 23 53 53 25 26 27 54 55 56 57 58 59 59 60 61 61
62 35 63 64 64 65 65 37 66 67 68 69 70 40 41 42 43 71 72 73 46 74 75 75 76 77 77 50 78 78 79 51 80 80 81 82 82 83 84 84 54 55 56 57 85 86 86 87 87 88
62 89 63 90 90 91 91 92 92 67 68 69 93 94 94 95 96 96 72 73 97 98 98 99 76 100 101 101 102 102 79 103 104 105 81 106 107 83 108 109 110 111 112 112 85 113 113 114 114 88
115 89 116 117 118 119 119 120 120 121 122 122 93 123 123 95 124 124 125 125 97 126 126 99 127 100 128 129 130 131 132 103 104 105 133 133 107 134 134 109 135 111 136 136 137 138 138 139 140 140
115 141 116 117 118 142 143 143 144 121 145 146 146 147 148 149 149 150 150 151 151 152 152 153 153 154 128 129 130 131 132 155 156 156 157 158 159 160 160 161 135 162 163 163 137 164 165 165 166 167
168 141 169 169 170 170 171 171 172 172 173 173 174 147 175 175 176 177 178 179 180 181 182 183 183 184 184 185 185 186 187 187 188 188 157 158 159 189 190 161 191 162 192 193 193 194 195 196 196 167
168 197 197 198 199 200 201 202 203 204 205 205 174 206 206 207 207 177 178 179 180 181 182 208 209 210 211 211 212 186 213 214 215 216 217 217 218 218 190 219 191 220 192 221 221 194 195 222 223 223
224 225 225 198 199 200 201 202 203 204 226 227 227 228 229 230 230 231 232 233 233 234 235 235 209 210 236 237 238 239 213 214 215 216 240 240 241 242 243 244 244 220 245 246 247 247 248 249 250 250
224 251 252 252 253 254 254 255 255 256 257 257 258 228 229 259 260 231 232 261 262 234 263 263 264 265 236 237 238 239 266 267 267 268 268 269 241 242 243 270 270 271 272 246 273 273 248 249 274 275
276 277 278 278 253 279 280 280 281 256 282 282 258 283 284 259 260 285 285 261 262 286 287 288 288 265 289 289 290 291 292 292 293 294 295 295 296 296 297 297 298 271 272 299 300 301 301 302 274 275
276 277 303 304 304 279 305 306 306 307 308 309 310 283 311 312 313 314 315 315 316 286 317 317 318 319 320 321 321 291 322 323 323 294 324 324 325 326 327 328 329 329 330 299 300 331 332 332 333 333
334 334 335 336 336 337 338 339 340 340 308 309 310 341 311 312 313 314 342 342 316 343 343 344 318 319 320 345 345 346 347 347 348 348 349 350 325 326 327 351 352 352 330 353 354 355 355 356 357 357
358 358 335 359 359 337 338 339 360 361 362 363 364 365 366 366 367 367 368 369 370 370 371 344 372 373 373 374 374 346 375 375 376 377 349 378 378 379 380 351 381 382 383 353 354 384 385 356 386 387
388 389 389 390 390 391 392 392 360 361 362 363 364 365 393 393 394 395 368 369 396 396 371 397 397 398 399 399 400 400 401 402 376 403 403 404 404 379 405 405 381 382 383 406 407 384 385 408 386 387
388 409 409 410 410 411 411 412 413 414 415 415 416 416 417 417 394 395 418 418 419 420 420 421 422 398 423 424 425 425 401 402 426 427 428 429 430 431 431 432 433 433 434 434 407 435 435 408 436 436
437 438 438 439 439 440 441 412 413 414 442 443 443 444 445 445 446 447 448 449 450 450 451 451 422 452 423 453 453 454 454 455 426 427 456 429 430 457 458 432 459 460 461 462 463 463 464 465 465 466
467 468 469 470 471 440 441 472 473 473 474 474 475 444 476 476 477 447 448 449 478 479 479 480 480 452 481 481 482 483 483 484 484 485 456 486 487 457 488 488 459 460 489 462 490 491 491 492 492 466
467 468 469 470 493 494 495 472 496 497 497 498 499 499 500 501 477 502 503 503 504 505 505 506 507 508 509 509 510 511 512 512 513 485 514 486 487 515 516 517 518 518 489 519 520 520 521 521 522 523
524 525 526 526 493 494 527 528 529 529 530 530 531 531 500 501 532 533 533 534 504 535 536 536 507 537 537 538 510 539 540 541 513 542 514 543 543 515 516 517 544 544 545 519 546 546 547 547 522 523
548 525 549 549 550 550 527 528 551 552 553 554 555 555 556 557 532 558 559 560 560 535 561 561 562 563 564 565 565 539 540 541 566 567 567 568 568 569 569 570 571 571 545 572 573 573 574 574 575 576
548 577 577 578 578 579 580 581 551 552 553 554 582 582 556 557 583 583 559 584 584 585 586 586 562 563 587 588 589 590 590 591 592 592 593 593 594 595 595 570 596 597 597 598 598 599 600 600 575 576
601 602 602 603 603 604 580 581 605 606 607 608 609 609 610 610 611 611 612 613 614 585 615 615 616 616 587 588 617 617 618 618 619 619 620 620 621 622 623 624 624 625 626 626 627 599 628 629 630 631
601 632 632 633 634 604 635 636 605 606 607 637 637 638 638 639 640 640 612 641 614 642 643 644 645 646 647 647 648 648 649 649 650 650 651 651 621 622 623 652 653 625 654 655 627 656 656 629 630 631
657 658 659 633 660 660 635 661 662 663 664 664 665 665 666 639 667 668 669 641 670 642 643 644 645 646 671 671 672 672 673 674 675 676 677 678 678 679 679 652 653 680 654 681 681 682 683 684 685 685
657 658 686 686 687 688 688 661 689 663 690 690 691 691 666 692 693 668 669 694 670 695 695 696 696 697 697 698 699 699 673 674 675 676 677 700 701 702 703 703 704 705 705 706 706 682 683 684 707 708
709 710 710 711 687 712 712 713 689 714 715 716 717 718 719 692 693 720 720 694 721 722 723 723 724 724 725 725 726 727 728 728 729 730 731 731 701 702 732 732 704 733 733 734 735 735 736 736 707 708
737 738 739 711 740 741 741 713 742 742 715 716 717 718 719 743 744 745 746 746 747 722 748 748 749 749 750 750 726 727 751 751 752 730 753 754 755 755 756 757 758 759 760 761 761 762 763 764 765 765
737 738 739 766 767 767 768 769 769 770 770 771 771 772 773 773 744 745 774 775 747 776 776 777 778 778 779 779 780 780 781 781 752 782 753 754 783 783 756 757 758 759 760 784 785 785 763 786 787 788
789 790 790 791 791 792 792 793 794 795 796 796 797 772 798 798 799 800 774 775 801 802 802 803 803 804 804 805 805 806 806 807 807 808 808 809 809 810 811 811 812 813 813 814 814 815 815 786 787 816
817 817 818 818 819 820 820 793 794 795 821 822 797 823 824 825 799 826 826 827 801 828 829 830 830 831 831 832 832 833 834 835 835 836 836 837 837 838 839 840 812 841 841 842 843 843 844 845 845 816
846 847 848 848 819 849 850 850 851 851 821 822 852 852 824 853 854 854 855 855 856 828 829 857 858 859 859 860 860 861 834 862 862 863 863 864 865 838 839 866 866 867 867 842 868 869 844 870 870 871
846 872 872 873 874 849 875 875 876 876 877 877 878 879 880 853 881 882 882 883 856 884 884 857 885 885 886 887 887 861 888 889 889 890 890 864 891 891 892 892 893 894 895 896 868 869 897 897 898 871
899 900 900 873 874 901 901 902 903 904 905 906 878 879 880 907 907 908 909 910 910 911 911 912 912 913 913 914 914 915 916 917 918 919 920 920 921 921 922 922 893 894 895 896 923 923 924 925 926 927
899 928 929 930 931 931 932 902 903 904 905 906 933 933 934 935 935 908 936 936 937 938 939 939 940 940 941 942 942 915 916 917 943 919 944 944 945 946 946 947 947 948 948 949 949 950 924 951 926 927
952 928 929 930 953 954 955 955 956 957 958 958 959 959 934 960 961 962 963 964 937 938 965 965 966 967 941 968 969 970 970 971 943 972 973 973 945 974 975 975 976 977 978 979 979 980 980 951 981 981
952 982 983 983 984 954 985 986 956 987 987 988 988 989 990 990 961 962 963 964 991 992 993 993 966 994 994 968 995 995 996 997 998 998 999 1000 1000 974 1001 1001 1002 977 978 1003 1004 1005 1006 1007 1007 1008
1009 982 1010 1010 984 1011 985 1012 1012 1013 1014 1014 1015 989 1016 1017 1018 1018 1019 1020 1020 992 1021 1021 1022 1022 1023 1024 1025 1025 996 997 1026 1026 999 1027 1028 1028 1029 1030 1002 1031 1032 1003 1004 1005 1006 1033 1033 1008
1009 1034 1035 1035 1036 1011 1037 1037 1038 1039 1039 1040 1015 1041 1016 1042 1043 1044 1045 1045 1046 1047 1047 1048 1049 1049 1023 1024 1050 1051 1051 1052 1053 1054 1054 1055 1055 1056 1056 1030 1057 1031 1032 1058 1059 1060 1060 1061 1061 1062
1063 1064 1064 1065 1036 1066 1066 1067 1038 1068 1068 1040 1069 1070 1070 1042 1043 1044 1071 1071 1072 1073 1074 1075 1076 1077 1077 1078 1079 1080 1081 1052 1053 1082 1082 1083 1083 1084 1085 1086 1057 1087 1088 1058 1059 1089 1090 1090 1091 1062
1092 1092 1093 1094 1095 1096 1096 1067 1097 1098 1099 1099 1069 1100 1100 1101 1101 1102 1103 1104 1072 1073 1105 1075 1076 1106 1106 1078 1079 1080 1081 1107 1107 1108 1109 1110 1110 1111 1085 1086 1112 1087 1113 1114 1114 1089 1115 1115 1091 1116
1117 1118 1119 1094 1095 1120 1120 1121 1121 1098 1122 1123 1123 1124 1125 1125 1126 1102 1103 1104 1127 1128 1105 1129 1130 1130 1131 1132 1132 1133 1134 1134 1135 1135 1109 1136 1136 1111 1137 1137 1138 1138 1113 1139 1139 1140 1140 1141 1141 1116
1117 1118 1119 1142 1143 1143 1144 1145 1146 1146 1122 1147 1148 1124 1149 1149 1150 1151 1151 1152 1127 1128 1153 1129 1154 1154 1131 1155 1155 1133 1156 1157 1157 1158 1158 1159 1160 1160 1161 1161 1162 1163 1163 1164 1165 1165 1166 1167 1168 1168
1169 1170 1171 1171 1172 1172 1144 1145 1173 1173 1174 1174 1148 1175 1176 1176 1150 1177 1178 1152 1179 1180 1180 1181 1181 1182 1183 1183 1184 1185 1186 1186 1187 1188 1188 1159 1189 1189 1190 1191 1191 1192 1192 1164 1193 1193 1166 1194 1195 1195
1196 1170 1197 1198 1198 1199 1200 1200 1201 1202 1203 1204 1205 1175 1206 1206 1207 1207 1178 1208 1208 1209 1209 1210 1211 1212 1212 1213 1184 1185 1214 1214 1187 1215 1215 1216 1216 1217 1217 1218 1219 1219 1220 1220 1221 1221 1222 1194 1223 1223
1196 1224 1225 1226 1226 1227 1228 1229 1201 1230 1203 1204 1205 1231 1231 1232 1232 1233 1233 1234 1234 1235 1236 1236 1211 1237 1238 1239 1239 1240 1240 1241 1241 1242 1242 1243 1243 1244 1244 1218 1245 1246 1246 1247 1247 1248 1222 1249 1250 1251
1252 1224 1225 1253 1253 1227 1228 1254 1255 1230 1256 1257 1258 1259 1260 1260 1261 1262 1263 1264 1265 1235 1266 1266 1267 1237 1238 1268 1268 1269 1270 1270 1271 1271 1272 1273 1274 1274 1275 1275 1245 1276 1277 1277 1278 1248 1279 1249 1250 1280
1252 1281 1282 1283 1284 1285 1286 1254 1287 1287 1256 1257 1258 1259 1288 1289 1261 1290 1263 1264 1291 1291 1292 1292 1267 1293 1293 1294 1295 1269 1296 1296 1297 1297 1272 1298 1298 1299 1299 1300 1300 1276 1301 1302 1278 1303 1279 1304 1304 1280
1305 1305 1282 1283 1284 1285 1286 1306 1306 1307 1308 1309 1310 1310 1288 1311 1311 1290 1312 1313 1314 1315 1315 1316 1317 1318 1319 1294 1320 1321 1322 1322 1323 1324 1324 1325 1326 1326 1327 1327 1328 1328 1301 1302 1329 1303 1330 1331 1332 1332
1333 1333 1334 1334 1335 1335 1336 1336 1337 1307 1308 1309 1338 1338 1339 1340 1340 1341 1312 1313 1314 1342 1342 1316 1317 1318 1319 1343 1320 1344 1344 1345 1345 1346 1346 1347 1347 1348 1348 1349 1349 1350 1350 1351 1351 1352 1352 1331 1353 1353
61 80 86 26 52 34 53 23 37 90 36 90 41 64 87 57 58 94 64 98 35 41 68 68 23 21 16 23 0 4 37 20 37 75 17 29 2 46 52 43 28 29 83 7 89 92 89 15 33 49
55 11 27 30 29 16 60 97 62 68 78 40 30 45 70 64 81 88 18 13 56 92 89 5 96 72 57 44 66 60 83 68 51 54 10 13 3 17 92 26 24 9 35 85 27 55 97 2 27 42
96 71 4 53 56 78 28 2 48 86 6 23 94 9 58 12 75 35 19 39 50 61 81 86 82 83 26 93 17 60 29 58 8 5 7 27 89 24 24 21 27 67 39 9 43 94 71 22 31 95
64 44 60 26 8 34 53 42 77 95 71 44 12 52 10 44 17 87 67 68 6 15 72 31 40 26 47 6 59 40 65 24 44 3 30 70 16 22 88 88 90 65 45 37 76 17 19 40 57 37
56 68 26 97 89 64 63 72 0 72 91 58 42 88 47 76 45 28 20 63 90 59 38 95 13 62 19 83 2 25 50 21 77 90 98 9 66 27 26 27 35 34 3 14 36 53 18 34 77 3
43 57 3 1 72 51 28 35 16 7 83 9 65 61 8 0 72 50 75 44 19 45 67 45 48 37 12 88 20 50 72 38 6 82 11 1 49 41 84 45 62 49 3 44 5 21 21 51 70 49
67 55 80 82 8 77 31 70 94 92 90 34 88 93 38 29 13 70 31 29 17 68 87 31 30 53 46 87 65 94 14 94 91 13 23 58 35 99 79 5 40 30 96 76 51 33 95 79 87 17
12 86 99 59 68 26 75 83 64 74 57 44 67 92 90 42 53 60 35 98 12 89 61 41 0 13 17 28 12 90 8 49 87 27 53 41 5 61 1 46 6 33 47 70 69 72 55 96 89 62
65 35 43 18 91 94 4 27 13 64 75 54 77 30 74 84 36 70 50 99 88 24 89 2 11 86 84 99 51 77 30 24 8 67 67 75 72 11 77 13 78 34 12 19 9 22 57 86 45 82
22 34 96 22 97 37 70 77 25 96 22 80 12 59 81 59 95 90 36 7 53 94 52 92 50 64 82 63 95 0 46 48 32 51 96 11 35 91 85 77 3 71 98 84 58 59 42 0 97 89
39 86 48 60 24 76 43 11 1 54 79 4 43 29 36 59 59 30 57 95 10 61 92 88 82 9 81 47 65 44 84 77 18 27 29 57 94 98 78 79 6 9 72 35 44 85 67 14 91 53
46 83 41 60 25 13 1 68 23 59 44 3 70 17 39 17 81 27 1 78 59 28 57 10 89 28 56 13 95 38 2 70 58 23 3 36 35 81 76 92 64 67 72 56 68 42 48 19 20 28
53 31 56 79 11 96 2 27 51 57 22 30 74 70 21 23 56 38 92 76 70 57 58 29 87 68 76 12 4 58 87 83 19 64 9 19 86 84 29 81 78 77 78 24 8 96 89 20 8 69
15 69 18 20 44 3 7 41 13 32 90 12 15 88 52 52 57 63 7 14 92 83 96 38 99 21 38 0 67 65 58 39 91 7 64 1 72 32 68 49 49 61 99 44 23 1 19 1 30 2
55 96 28 79 19 76 13 96 5 66 91 82 57 67 77 13 31 31 39 89 94 65 9 46 83 81 61 80 38 32 89 27 48 58 87 48 62 44 39 53 39 32 97 35 89 92 51 22 51 31
23 88 4 37 23 85 31 8 42 58 82 0 92 38 19 92 37 1 73 5 12 99 72 47 84 80 26 10 91 2 27 58 94 16 16 6 29 17 99 90 64 13 79 45 73 39 43 43 24 31
41 86 91 90 13 41 13 45 93 33 98 10 3 7 2 21 79 46 68 11 22 98 8 51 43 46 26 99 31 16 30 67 75 49 12 17 2 97 92 98 63 36 74 34 82 10 50 58 15 69
45 4 59 54 70 75 59 50 42 80 66 30 41 12 58 18 65 41 91 83 80 2 28 10 48 39 59 37 62 6 30 27 24 49 69 29 36 32 2 77 63 22 1 87 33 6 22 96 98 25
43 9 60 59 43 36 83 66 39 21 96 93 63 86 14 69 81 77 82 87 89 74 92 23 74 68 47 20 21 21 84 19 2 92 90 22 11 96 73 64 2 98 46 41 98 34 22 60 29 20
2 70 83 42 6 66 49 34 20 84 83 49 68 71 57 41 3 86 5 85 80 11 80 15 52 71 23 47 71 68 11 49 48 67 41 49 59 12 66 35 86 50 52 28 98 34 58 35 67 67
9 17 48 8 58 68 17 39 12 52 38 54 68 76 9 71 49 48 39 7 12 40 24 67 32 44 25 86 25 56 52 26 95 6 28 65 65 83 94 25 21 37 67 71 43 64 62 21 62 54
30 43 18 13 86 65 85 74 86 19 11 47 72 3 4 34 20 63 56 66 86 75 12 33 29 8 3 50 68 78 85 39 36 18 55 91 5 75 19 24 74 80 92 79 34 25 91 54 18 52
91 73 43 2 46 54 82 64 76 32 95 37 32 75 45 50 11 11 72 13 84 55 61 96 3 79 48 57 85 97 91 38 97 57 31 12 98 40 47 75 33 89 43 49 84 94 61 47 14 16
37 71 41 14 39 81 47 52 17 73 87 79 47 66 74 1 6 72 53 64 38 78 50 57 14 52 58 58 56 71 65 60 66 46 83 14 1 22 46 92 10 49 52 47 82 8 35 10 39 27
27 49 77 68 3 23 1 13 51 30 67 17 69 61 28 3 42 76 60 91 67 50 23 46 78 80 64 3 21 53 13 24 4 19 17 86 57 70 39 90 34 59 74 50 50 60 73 2 30 34
28 54 18 13 93 57 35 60 63 64 43 73 65 97 77 98 88 55 95 81 39 8 30 48 73 60 21 58 63 43 33 7 1 25 66 38 52 48 44 78 83 75 7 31 66 60 57 9 6 64
15 26 11 65 29 4 49 92 38 43 32 87 15 83 16 8 47 96 96 80 72 11 27 87 7 14 63 83 60 73 70 13 69 29 12 71 66 49 38 2 36 41 21 35 45 67 70 97 87 98
84 45 74 46 32 0 16 78 16 11 27 74 96 74 23 5 32 35 96 37 47 43 39 46 9 87 10 0 17 57 74 13 0 36 15 3 95 45 41 66 74 63 50 61 98 93 88 90 81 6
25 33 32 77 5 86 72 78 38 73 46 7 69 99 3 82 65 87 39 4 99 70 40 23 76 59 1 63 21 72 74 66 49 63 54 12 49 1 80 94 68 40 74 63 55 99 95 22 44 27
42 10 15 68 72 52 36 64 77 92 70 70 14 46 45 95 33 7 85 84 65 79 47 74 1 9 31 95 4 6 11 90 48 52 83 77 18 70 33 19 48 68 3 39 48 79 99 34 89 82
33 29 19 36 53 29 81 10 88 8 34 29 42 99 0 94 12 21 40 99 72 78 82 29 57 25 85 25 50 55 13 51 63 31 49 37 7 97 3 84 24 59 86 3 5 93 90 26 91 8
16 85 12 63 34 33 52 83 68 46 84 39 33 87 60 52 33 27 31 85 31 91 65 24 3 2 94 0 56 3 80 77 13 8 83 44 60 90 25 52 70 23 83 6 61 64 13 87 89 45
80 64 67 99 30 5 79 19 5 65 10 70 50 14 73 63 76 60 68 71 59 3 79 68 71 93 63 94 31 1 20 0 70 85 39 11 18 60 2 72 82 28 98 95 94 33 48 35 3 66
96 43 45 35 54 83 93 73 90 54 47 53 26 75 63 10 30 67 89 22 80 91 23 41 61 71 12 22 97 62 18 69 56 42 29 76 62 27 25 78 0 56 54 6 9 63 88 41 98 57
86 62 40 92 58 15 54 12 64 68 74 72 94 48 99 53 36 21 37 7 69 28 40 72 92 88 72 7 5 44 54 5 95 50 93 60 88 76 12 85 76 33 22 28 13 12 17 99 65 74
9 99 19 73 55 48 84 50 24 47 40 13 85 52 22 79 92 85 41 66 81 73 51 49 45 37 82 27 21 64 4 44 94 57 38 61 23 57 94 50 66 32 22 56 73 33 63 49 18 26
82 70 32 96 96 83 33 12 6 18 70 34 87 58 39 19 77 49 51 90 86 93 82 55 75 61 72 10 78 85 80 63 87 84 80 29 84 60 91 44 84 85 11 66 16 35 28 5 73 74
56 88 5 86 50 81 14 71 7 50 99 29 26 94 52 60 76 56 46 12 41 0 2 86 72 57 64 74 21 17 52 57 37 61 73 21 65 49 76 67 3 77 27 73 27 59 18 41 5 90
76 41 11 20 34 41 23 54 75 72 39 94 93 1 95 88 50 10 10 96 52 98 66 0 17 9 3 93 70 39 87 57 78 49 11 46 82 57 82 53 55 26 75 48 72 31 49 81 15 73
9 62 84 2 59 13 8 18 4 85 79 87 43 32 1 53 79 80 99 14 47 94 13 36 96 3 35 72 34 66 92 99 24 10 18 64 68 13 59 82 24 51 91 29 8 60 31 44 95 80
91 96 84 30 64 60 11 80 72 81 85 27 95 14 4 50 32 84 36 62 23 9 51 11 41 63 35 62 46 5 45 29 79 59 78 47 82 55 59 26 57 66 8 6 27 91 8 93 19 99
42 60 46 39 87 1 25 31 92 45 62 21 31 48 87 92 55 29 40 2 59 16 91 18 99 4 98 42 99 69 45 41 9 45 82 31 73 87 50 99 87 2 5 57 4 29 33 44 39 38
50 56 49 7 30 76 19 32 65 77 53 11 39 5 22 70 9 48 29 84 8 92 63 13 45 88 35 34 80 31 32 85 37 13 9 45 41 66 30 2 24 68 16 59 53 75 58 8 40 14
13 15 70 54 66 42 92 60 76 84 52 70 76 62 82 18 26 21 87 4 70 37 55 60 65 21 76 72 41 24 42 35 40 26 38 32 27 28 84 0 60 18 40 40 17 37 79 75 71 10
94 99 45 64 20 37 53 25 17 75 85 5 52 39 78 12 47 18 91 48 18 62 22 45 86 49 71 81 44 73 62 61 12 28 60 10 76 41 43 38 85 18 25 65 67 8 43 72 64 29
68 57 75 98 94 93 47 15 33 6 18 62 66 3 32 75 68 31 72 2 79 45 12 44 36 18 39 36 0 52 49 99 36 19 84 74 76 38 13 76 38 4 0 1 55 13 15 10 8 62
47 18 81 85 89 4 15 89 71 50 20 18 11 74 96 14 53 48 80 0 98 46 51 13 94 27 82 74 18 1 96 75 43 48 61 0 20 31 69 76 87 63 76 58 13 81 43 74 39 31
77 58 4 68 5 41 93 32 53 88 45 21 31 82 45 87 25 18 84 86 32 7 59 75 27 28 19 89 4 85 56 24 60 41 62 41 48 69 43 50 5 89 93 49 78 98 14 37 42 95
94 59 83 77 68 59 69 75 25 33 2 98 35 30 12 25 17 19 55 86 49 90 59 13 40 6 46 27 36 57 26 52 41 52 67 80 80 50 26 11 39 26 55 26 9 40 61 52 6 48
39 34 3 9 18 8 95 25 43 95 92 3 88 45 59 16 48 89 59 95 6 77 78 83 58 90 6 5 17 10 63 66 24 28 47 8 14 85 95 80 7 86 86 0 21 23 85 30 78 27
