36 16
0 1 1 2 3 3 4 4 5 5 6 7 7 8 9 9 10 11 11 12 12 13 13 14 15 15 16 17 18 19 19 20 21 22 23 23 24 25 26 26 27 28 29 30 31 31 32 32 33 34
35 35 36 36 37 38 39 39 40 40 41 42 42 8 43 44 10 45 45 46 47 47 48 14 49 50 16 17 18 51 52 52 21 53 53 54 24 25 55 55 27 28 29 30 56 56 57 57 33 58
59 59 60 60 61 38 62 62 63 63 41 64 64 65 65 44 66 67 68 46 69 69 70 71 71 50 72 73 74 51 75 76 77 78 79 54 80 81 82 83 83 84 85 86 86 87 88 89 90 58
91 92 93 93 61 94 95 96 97 97 98 98 99 99 100 101 66 67 68 102 103 103 70 104 105 105 72 73 74 106 75 76 107 78 79 108 108 81 82 109 109 84 85 110 111 87 88 89 90 112
91 92 113 114 114 94 95 96 115 116 117 118 119 119 100 120 120 121 122 102 123 123 124 104 125 125 126 127 127 106 128 129 107 130 131 131 132 132 133 133 134 135 135 110 136 136 137 138 139 112
140 141 141 142 142 143 144 144 115 116 117 118 145 146 147 147 148 121 122 149 150 151 124 152 152 153 126 154 155 156 156 129 157 157 158 158 159 159 160 160 134 161 162 162 163 163 137 138 139 164
140 165 165 166 167 143 168 168 169 170 171 171 145 146 172 172 173 174 174 175 150 176 176 177 177 153 178 178 155 179 180 180 181 181 182 182 183 184 184 185 185 161 186 186 187 188 189 190 190 191
192 193 193 166 167 194 195 195 169 170 196 196 197 198 198 199 173 200 201 175 202 203 203 204 204 205 205 206 207 179 208 208 209 209 210 210 211 211 212 213 213 214 215 215 187 188 189 216 216 191
217 217 218 218 219 220 221 222 222 223 224 225 197 226 226 199 227 228 201 229 202 230 231 232 232 233 233 206 234 235 236 236 237 238 238 239 239 240 241 241 242 242 243 244 245 245 246 246 247 247
248 249 250 251 251 220 221 252 252 253 224 254 255 256 257 258 258 228 259 260 260 230 231 261 262 262 263 263 234 264 264 265 266 266 267 267 268 269 269 270 270 271 272 244 273 273 274 274 275 275
248 249 250 276 277 277 278 279 280 253 281 254 255 256 257 282 283 284 284 285 285 286 286 261 287 288 289 289 290 291 291 292 292 293 294 294 295 295 296 296 297 271 272 298 299 299 300 301 302 302
303 303 304 276 305 305 278 279 280 306 281 307 307 308 308 282 309 310 311 311 312 312 313 314 314 288 315 315 290 316 317 317 318 319 319 320 320 321 322 322 297 323 323 298 324 325 300 301 326 326
327 328 304 329 329 330 331 332 332 333 334 334 335 336 336 337 309 310 338 339 339 340 341 341 342 343 343 344 345 346 346 347 348 349 349 350 351 351 352 353 354 354 355 355 324 356 356 357 357 358
327 359 360 361 361 330 362 363 363 333 364 365 335 366 367 337 368 368 338 369 370 370 371 371 342 372 372 344 345 373 373 347 348 374 374 350 375 376 377 353 378 379 379 380 380 381 381 382 382 358
383 359 360 384 385 385 362 386 386 387 364 365 388 366 367 389 389 390 391 369 392 392 393 394 395 395 396 396 397 398 398 399 400 401 401 402 375 376 377 403 404 404 405 405 406 406 407 408 409 410
383 411 411 384 412 413 414 414 415 415 416 416 388 417 417 418 418 390 419 420 421 422 393 423 423 424 425 426 426 427 427 399 400 428 429 402 430 431 431 432 432 433 433 434 435 435 436 408 409 410
437 438 439 440 412 413 441 442 443 444 444 445 445 446 446 447 448 448 419 420 421 449 449 450 450 424 425 451 452 452 453 454 455 428 429 456 430 457 458 458 459 460 461 434 462 463 436 464 465 465
466 438 439 440 467 467 441 442 443 468 468 469 469 470 470 447 471 471 472 472 473 474 474 475 475 476 476 477 477 478 453 454 455 479 480 456 481 457 482 483 483 460 484 485 485 463 486 464 487 487
466 488 488 489 489 490 491 491 492 492 493 494 495 495 496 496 497 498 498 499 499 500 500 501 501 502 502 503 503 504 505 506 506 479 507 508 508 509 482 510 510 511 484 512 512 513 486 514 515 516
517 518 519 520 521 521 522 522 523 523 493 494 524 524 525 525 497 526 526 527 528 529 529 530 531 532 532 533 534 504 535 535 536 536 507 537 537 538 538 539 539 511 540 541 542 543 543 514 515 516
517 518 544 520 545 546 547 547 548 549 550 550 551 552 553 554 554 555 556 556 528 557 557 530 558 559 559 533 534 560 561 561 562 563 563 564 564 565 565 566 566 567 567 541 542 568 568 569 570 571
572 572 544 573 545 574 575 576 576 549 577 577 551 552 553 578 578 579 580 581 582 583 584 585 558 586 586 587 587 588 588 589 562 590 590 591 592 592 593 593 594 594 595 596 597 597 598 569 570 599
600 600 601 601 602 574 575 603 603 604 605 605 606 606 607 608 608 579 580 581 582 583 584 609 609 610 610 611 612 613 613 614 614 615 615 591 616 617 617 618 619 619 595 620 620 621 622 623 624 599
625 625 626 627 602 628 629 630 631 632 633 634 635 636 607 637 637 638 638 639 639 640 641 641 642 642 643 611 612 644 644 645 645 646 647 647 648 648 649 650 651 652 653 653 654 655 622 623 624 656
657 658 659 627 660 660 629 630 631 632 633 634 635 636 661 662 662 663 663 664 664 665 665 666 666 667 668 669 670 670 671 672 673 673 674 674 675 675 649 650 651 652 676 676 654 655 677 678 678 656
657 658 659 679 680 681 681 682 682 683 684 685 685 686 686 687 688 688 689 690 690 691 692 693 694 694 668 669 695 696 671 672 697 697 698 698 699 700 701 702 702 703 704 705 706 706 707 707 708 708
709 709 710 679 711 712 713 714 714 683 715 715 716 717 718 718 719 719 689 720 721 721 692 693 722 722 723 724 724 696 725 725 726 727 727 728 728 700 701 729 730 731 704 732 732 733 734 735 735 736
737 738 739 740 711 712 713 741 742 742 743 743 716 717 744 745 746 747 747 720 748 749 750 750 751 752 753 753 754 755 755 756 726 757 757 758 759 759 760 729 730 731 761 762 763 733 734 764 765 765
766 738 739 767 768 768 769 770 771 772 773 774 775 776 777 745 746 778 778 779 748 780 780 781 751 752 782 783 783 784 784 756 785 785 786 758 787 787 760 788 789 790 761 762 763 791 792 792 793 794
766 795 795 767 796 796 769 770 771 772 773 774 775 776 777 797 798 799 800 779 801 802 802 781 803 804 782 805 806 807 808 809 810 811 786 812 812 813 813 788 789 790 814 814 815 791 816 817 793 794
818 819 820 821 822 823 824 825 826 826 827 828 828 829 829 797 798 799 800 830 830 831 831 832 832 804 833 805 806 807 808 809 810 834 834 835 835 836 836 837 838 839 840 840 841 841 842 817 843 844
818 819 820 821 822 823 824 825 845 845 846 847 848 848 849 849 850 851 851 852 852 853 853 854 855 856 833 857 857 858 859 860 861 862 862 863 863 864 865 865 838 839 866 866 867 868 842 869 843 844
870 871 872 873 874 875 875 876 877 878 846 879 879 880 880 881 881 882 882 883 883 884 884 885 855 856 886 886 887 887 859 888 861 889 889 890 890 864 891 891 892 893 893 894 867 868 895 869 896 897
870 871 872 873 874 898 898 876 877 878 899 899 900 901 901 902 903 903 904 904 905 905 906 885 907 907 908 909 909 910 911 888 912 913 914 914 915 915 916 917 918 918 919 894 920 921 895 922 896 923
924 924 925 926 926 927 928 928 929 930 931 932 900 933 934 902 935 935 936 937 938 938 906 939 940 940 908 941 941 942 911 943 912 913 944 944 945 945 916 917 946 946 947 947 948 921 949 922 950 923
951 951 952 953 953 927 954 954 929 930 931 955 956 956 934 957 958 959 936 937 960 960 961 939 962 962 963 963 964 942 965 943 966 967 967 968 969 970 970 971 972 973 974 974 948 975 975 976 950 977
978 978 952 979 980 981 982 983 983 984 985 955 986 986 987 957 958 959 988 988 989 990 991 991 992 993 993 994 964 995 996 997 966 998 999 968 969 1000 1000 971 972 973 1001 1001 1002 1003 1003 976 1004 1005
1006 1006 1007 979 980 981 982 1008 1008 984 1009 1009 1010 1010 987 1011 1012 1013 1013 1014 1014 990 1015 1016 992 1017 1018 994 1019 1019 996 997 1020 1020 999 1021 1021 1022 1022 1023 1024 1024 1025 1025 1002 1026 1027 1028 1004 1005
1029 1029 1007 1030 1031 1031 1032 1032 1033 1033 1034 1035 1036 1036 1037 1011 1038 1038 1039 1040 1041 1042 1015 1043 1043 1017 1044 1045 1046 1046 1047 1048 1049 1049 1050 1051 1052 1053 1054 1023 1055 1055 1056 1056 1057 1057 1027 1028 1058 1059
1060 1060 1061 1062 1063 1063 1064 1065 1065 1066 1066 1035 1067 1067 1037 1068 1069 1070 1071 1040 1041 1042 1072 1072 1073 1073 1044 1074 1075 1076 1047 1048 1077 1077 1050 1078 1052 1079 1054 1080 1080 1081 1082 1083 1084 1084 1085 1086 1087 1059
1088 1088 1089 1062 1090 1091 1064 1092 1093 1094 1095 1096 1096 1097 1098 1068 1069 1070 1071 1099 1099 1100 1100 1101 1102 1103 1104 1074 1075 1076 1105 1105 1106 1107 1108 1078 1109 1079 1110 1110 1111 1081 1082 1083 1112 1113 1085 1086 1087 1114
1115 1116 1089 1117 1090 1118 1119 1092 1093 1120 1095 1121 1121 1097 1098 1122 1122 1123 1124 1125 1125 1126 1126 1101 1127 1103 1104 1128 1129 1129 1130 1130 1106 1107 1108 1131 1109 1132 1133 1134 1111 1135 1135 1136 1136 1113 1137 1137 1138 1114
1115 1139 1139 1117 1140 1118 1119 1141 1141 1120 1142 1143 1143 1144 1144 1145 1146 1123 1147 1147 1148 1148 1149 1150 1127 1151 1151 1152 1152 1153 1153 1154 1155 1155 1156 1131 1157 1157 1133 1158 1159 1159 1160 1161 1162 1163 1164 1165 1166 1167
1168 1168 1169 1170 1170 1171 1171 1172 1173 1174 1142 1175 1176 1177 1177 1145 1178 1178 1179 1179 1180 1181 1149 1150 1182 1183 1184 1185 1186 1187 1187 1154 1188 1189 1156 1190 1191 1192 1192 1158 1193 1194 1160 1161 1162 1163 1164 1165 1166 1167
1195 1195 1196 1196 1197 1198 1199 1172 1173 1174 1200 1175 1201 1201 1202 1202 1203 1204 1204 1205 1180 1206 1207 1208 1182 1209 1184 1185 1186 1210 1210 1211 1188 1189 1212 1212 1191 1213 1214 1214 1193 1194 1215 1215 1216 1216 1217 1218 1218 1219
1220 1221 1222 1223 1197 1198 1199 1224 1224 1225 1200 1226 1226 1227 1227 1228 1203 1229 1230 1231 1231 1206 1207 1208 1232 1209 1233 1233 1234 1235 1236 1236 1237 1238 1238 1239 1240 1213 1241 1242 1243 1243 1244 1244 1245 1246 1217 1247 1247 1219
1220 1221 1248 1223 1249 1250 1251 1251 1252 1225 1253 1253 1254 1255 1255 1228 1256 1229 1230 1257 1258 1259 1260 1260 1261 1261 1262 1263 1234 1235 1264 1264 1265 1266 1266 1239 1240 1267 1241 1242 1268 1269 1270 1270 1271 1246 1272 1273 1274 1274
1275 1275 1248 1276 1249 1250 1277 1277 1278 1279 1279 1280 1254 1281 1282 1282 1283 1283 1284 1284 1258 1285 1285 1286 1287 1288 1288 1263 1289 1289 1290 1290 1265 1291 1291 1292 1292 1293 1294 1295 1295 1269 1296 1297 1271 1298 1272 1273 1299 1299
1300 1301 1302 1276 1303 1303 1304 1304 1278 1305 1305 1306 1306 1281 1307 1307 1308 1309 1309 1310 1311 1311 1312 1286 1313 1313 1314 1315 1316 1317 1317 1318 1319 1320 1321 1322 1322 1293 1294 1323 1323 1324 1296 1325 1325 1298 1326 1327 1328 1328
1300 1301 1302 1329 1329 1330 1331 1331 1332 1332 1333 1333 1334 1334 1335 1336 1336 1337 1337 1310 1338 1338 1339 1339 1340 1340 1314 1315 1341 1341 1342 1318 1319 1320 1321 1343 1343 1344 1344 1345 1345 1324 1346 1346 1347 1347 1326 1327 1348 1348
99 68 19 14 50 95 45 67 83 78 33 27 17 79 40 34 61 22 76 47 22 36 71 11 81 73 10 19 71 28 59 72 1 91 71 65 87 40 77 48 54 96 69 56 23 33 51 78 76 89
10 79 63 22 94 70 3 55 85 39 76 55 65 92 27 23 76 34 94 42 61 75 39 49 85 22 77 16 97 19 19 15 12 84 55 0 92 33 62 89 63 30 45 24 42 29 52 83 62 4
98 7 90 23 68 13 93 95 85 72 78 56 51 3 33 9 66 11 80 86 73 4 4 5 41 39 77 51 25 57 59 98 11 11 3 43 65 60 22 26 6 44 98 7 20 36 78 98 72 44
52 68 8 74 16 92 89 29 35 42 50 42 76 67 85 52 0 46 52 49 44 20 43 67 51 35 62 62 43 38 4 13 23 46 43 88 77 31 13 40 83 48 43 49 76 46 29 48 98 51
44 28 91 49 68 47 24 87 31 61 7 47 36 88 4 10 42 76 71 71 64 25 1 62 9 37 11 26 11 11 34 3 12 98 38 99 40 21 53 70 78 4 22 40 69 9 58 74 59 5
62 98 84 51 13 46 6 53 60 29 17 36 89 91 59 98 88 86 4 74 9 69 6 18 41 36 1 98 70 49 38 93 93 57 49 94 9 25 15 39 19 5 69 20 77 66 19 79 62 18
19 7 46 2 24 92 34 22 68 33 39 96 94 49 28 99 94 54 38 95 12 21 39 74 83 45 5 98 91 60 28 25 58 40 33 38 12 54 79 2 77 39 58 47 71 36 37 9 38 70
17 42 66 89 80 20 49 59 44 71 67 83 83 92 29 44 20 68 45 64 46 9 89 1 40 20 81 8 90 0 78 52 96 37 20 13 89 3 0 73 59 76 22 11 54 89 22 73 55 12
58 73 37 23 76 69 74 15 84 36 16 7 53 13 92 12 24 69 49 17 15 28 99 66 13 53 10 29 69 87 39 9 13 90 12 38 99 58 53 98 19 99 64 42 88 7 24 10 10 87
94 50 33 78 8 80 86 25 23 34 98 79 66 43 50 36 94 67 23 5 35 52 85 46 63 61 4 70 16 98 89 74 41 97 62 22 9 34 21 97 77 65 64 21 41 82 44 49 51 36
3 29 2 72 11 93 28 95 12 10 61 91 75 93 3 20 71 86 77 52 90 73 8 94 82 55 37 74 90 3 95 81 84 22 45 12 99 93 2 57 39 89 75 99 34 30 94 5 81 43
96 49 84 57 91 29 94 70 31 96 94 84 31 11 52 24 84 2 1 84 9 12 72 33 67 21 9 89 3 99 47 9 22 51 12 55 18 83 47 41 62 66 69 27 51 41 17 43 43 11
53 6 58 42 92 19 51 6 17 30 67 32 36 2 16 75 27 23 64 2 93 66 30 8 3 7 60 12 93 90 11 30 76 41 99 69 15 42 46 67 83 27 58 47 52 20 15 12 23 19
13 89 26 43 14 27 55 64 76 16 93 22 22 71 1 16 67 17 83 55 8 67 33 27 11 63 45 7 59 93 75 1 61 65 54 69 60 50 42 0 29 62 38 36 50 65 10 55 21 70
17 50 29 7 35 31 82 22 74 36 39 13 93 42 26 45 33 8 62 33 3 52 8 87 22 71 45 75 47 37 32 69 74 44 80 70 42 76 50 11 23 7 9 58 91 3 77 48 59 18
70 48 97 9 62 79 70 94 1 97 20 64 98 47 99 66 43 5 64 26 25 49 53 63 52 38 88 89 57 59 3 70 47 85 61 15 68 56 16 14 27 18 56 97 41 69 20 43 87 35
59 94 43 72 61 27 22 91 4 81 23 90 94 9 33 51 86 76 44 14 94 15 60 11 19 82 59 72 34 8 73 9 60 69 38 24 13 5 69 28 21 68 86 54 93 80 70 18 14 95
69 88 74 7 29 59 51 33 10 18 36 86 84 23 94 17 72 60 85 76 46 84 32 0 94 6 41 68 36 75 89 1 74 64 79 14 44 39 91 59 85 82 49 2 52 39 81 53 80 69
32 17 6 51 88 99 26 36 59 74 3 61 85 79 97 30 35 93 31 71 56 17 1 54 81 17 26 80 52 37 15 20 92 7 28 50 98 80 50 17 39 8 46 26 27 8 65 52 6 68
2 12 90 74 49 58 30 19 18 43 95 34 68 14 49 35 28 49 22 18 30 30 80 73 66 16 2 4 84 50 99 73 60 88 89 40 19 32 43 61 16 41 95 87 11 77 60 46 14 99
11 99 6 2 34 31 99 86 57 17 39 52 99 48 7 82 23 87 19 27 55 52 66 27 42 46 56 38 29 30 71 33 96 99 1 98 56 39 2 79 94 76 92 26 62 0 30 79 4 76
42 75 96 18 46 21 48 8 77 22 87 46 46 94 94 66 59 44 41 74 35 99 78 31 8 38 61 44 6 33 74 79 69 31 68 48 15 56 33 33 56 26 88 73 64 92 69 52 40 52
54 89 89 47 4 26 19 67 5 40 11 25 3 10 82 93 59 7 42 44 78 69 27 50 26 81 63 1 41 32 82 81 89 82 96 63 25 90 89 99 18 11 19 30 61 22 44 43 48 24
93 18 14 65 48 16 49 13 15 87 67 66 96 91 37 76 3 64 89 81 83 50 13 25 72 14 6 26 41 82 93 66 69 81 20 10 65 66 18 76 35 83 19 34 43 93 70 72 49 6
93 92 26 84 10 51 19 78 80 77 1 91 46 0 84 43 97 51 51 89 42 97 40 49 66 63 72 71 38 97 32 75 51 37 86 3 84 95 82 59 0 14 17 49 34 0 6 22 26 54
68 51 32 96 6 86 39 25 44 22 19 42 87 30 44 45 85 89 26 63 12 10 73 36 74 76 9 37 90 77 13 67 76 98 97 24 26 22 46 36 49 41 35 81 44 3 28 24 71 99
58 64 43 28 67 48 63 91 86 23 0 49 36 84 78 37 3 64 87 90 44 51 44 23 68 59 79 30 23 48 15 85 80 62 31 70 85 26 3 42 19 66 4 47 95 65 97 29 66 8
35 27 32 15 80 82 97 37 63 36 86 89 81 90 91 90 96 68 55 7 73 8 15 21 78 18 2 31 25 5 48 45 14 9 37 96 0 86 10 68 27 13 30 3 16 65 22 35 38 50
2 96 71 63 4 58 46 30 16 8 51 87 90 27 92 18 2 72 66 96 56 53 19 86 23 92 15 74 71 71 83 50 11 67 32 59 37 78 36 3 87 11 40 52 30 1 82 69 63 36
45 46 39 93 31 22 85 52 8 57 93 64 65 73 15 2 88 52 79 77 24 15 93 57 50 65 97 51 41 62 60 90 52 83 28 89 2 73 2 55 72 97 46 60 87 89 91 98 14 14
54 84 68 80 30 75 44 19 41 39 39 96 20 53 21 70 25 63 1 17 6 94 21 22 59 78 43 27 42 69 38 17 66 86 43 67 89 6 21 84 20 90 51 0 47 95 34 69 99 95
85 17 63 34 48 21 3 36 1 65 41 1 36 62 42 14 92 53 5 62 32 91 40 6 7 71 0 33 30 13 33 29 74 83 55 54 29 37 0 54 48 33 20 73 49 63 93 91 33 97
98 45 76 7 60 99 96 8 93 73 55 14 86 47 80 29 45 8 67 14 61 34 89 48 40 93 98 54 28 41 27 68 69 51 80 51 52 30 9 71 45 1 41 10 77 38 60 32 90 28
87 31 48 7 31 0 54 90 9 55 31 51 92 70 96 97 36 22 66 76 2 98 31 67 51 44 69 17 78 1 6 45 70 44 17 50 33 57 40 19 64 12 5 0 22 97 3 89 74 24
57 16 60 94 1 45 91 68 91 4 15 78 33 95 40 73 54 93 64 6 31 53 69 29 37 63 38 68 68 77 32 47 69 11 85 35 57 13 90 38 70 14 75 41 75 4 93 96 35 96
90 88 50 50 87 45 44 66 18 28 52 28 1 53 14 95 12 2 59 60 90 49 47 87 43 61 29 58 80 46 39 97 32 43 4 45 2 0 83 41 93 17 52 59 95 64 71 61 8 50
18 1 24 92 42 50 68 75 81 16 74 13 45 82 72 20 36 1 14 60 98 98 17 8 81 7 54 7 25 81 79 70 97 42 77 78 56 62 12 43 59 41 14 5 24 19 52 1 34 41
94 76 21 61 23 15 16 50 94 55 72 42 7 53 5 90 8 53 44 57 83 4 53 85 32 77 24 41 59 47 55 88 15 61 58 20 0 51 12 48 5 47 78 6 90 8 97 64 66 55
70 86 93 55 33 16 98 65 81 48 3 80 57 46 11 88 16 95 82 15 4 19 67 12 29 49 35 68 98 45 56 40 70 98 55 52 85 64 88 64 9 9 40 38 37 10 11 0 57 45
84 61 80 83 25 89 16 34 72 67 82 80 97 55 44 32 30 32 47 34 35 27 7 20 23 48 55 51 91 67 72 51 23 84 14 68 71 90 7 23 68 61 61 86 96 42 60 19 38 70
28 38 26 29 91 88 72 91 55 64 97 31 19 10 87 70 71 29 0 30 85 97 60 8 5 19 11 3 9 55 12 17 32 9 45 35 9 3 82 75 54 91 71 93 19 71 82 32 99 45
88 73 14 94 96 26 59 90 94 15 61 69 78 4 34 68 87 91 9 25 28 81 81 55 86 19 66 69 2 31 81 78 84 52 86 21 99 10 50 10 64 23 0 22 67 61 79 23 77 80
63 94 90 62 35 63 44 66 84 43 13 91 50 28 64 33 0 41 69 39 47 48 82 47 43 12 11 20 9 54 62 62 41 53 0 73 18 27 35 49 41 78 71 17 73 93 91 3 9 20
33 55 83 26 65 20 87 45 56 94 88 56 86 72 69 77 24 34 77 29 4 63 76 30 1 87 5 3 28 79 33 25 99 75 79 0 11 40 20 18 19 32 13 54 53 75 27 28 88 79
24 21 63 52 48 7 20 37 9 50 26 22 80 41 88 46 19 73 26 85 76 42 51 78 14 39 18 71 19 95 38 94 89 56 66 26 56 29 49 15 35 83 75 58 70 16 36 71 75 98
7 75 94 14 12 84 58 44 56 10 2 96 4 8 82 73 73 95 54 26 86 14 85 33 17 39 8 13 59 9 47 18 24 36 86 89 91 27 15 61 34 81 52 14 54 94 3 69 67 13
67 21 1 16 0 4 37 97 53 39 43 43 99 22 5 22 14 12 42 99 36 63 53 55 14 97 82 29 96 93 9 99 87 51 45 13 46 74 88 92 84 87 90 82 26 45 47 34 9 25
48 46 57 17 84 91 80 6 23 37 71 94 27 42 9 4 38 71 85 47 38 27 91 48 4 76 92 40 90 94 40 90 52 52 3 22 30 6 85 75 35 34 75 68 99 36 85 43 2 83
79 92 37 80 9 14 24 5 78 91 61 31 90 44 89 14 6 93 44 92 16 28 21 64 23 17 91 39 12 55 92 61 55 31 23 41 83 32 71 10 10 56 27 2 55 19 77 52 97 84
50 18 82 0 24 67 27 9 36 5 18 85 51 36 71 72 4 78 99 4 4 26 48 28 5 24 66 49 79 39 41 26 27 91 10 0 2 38 5 50 28 29 90 2 53 81 55 94 20 98
