46 8
0 1 1 2 3 3 4 4 5 6 6 7 8 8 9 9 10 10 11 11 12 12 13 13 14 15 15 16 17 17 18 18 19 19 20 20 21 22 22 23 23 24 25 25 26 26 27 28 28 29
0 30 30 2 31 31 32 32 5 33 33 34 34 35 36 37 38 39 40 40 41 41 42 43 43 44 44 16 45 45 46 47 47 48 48 49 50 50 51 52 52 24 53 54 54 55 27 56 57 29
58 58 59 60 61 62 63 64 64 65 65 66 67 35 68 37 38 39 69 69 70 71 72 72 73 74 74 75 76 77 46 78 78 79 80 49 81 81 51 82 83 84 53 85 85 86 87 56 88 88
89 90 59 60 61 62 91 92 92 93 94 66 67 95 68 96 97 98 99 99 70 71 100 100 73 101 102 75 76 77 103 103 104 79 80 105 106 107 108 82 83 84 109 110 110 86 87 111 112 112
89 90 113 113 114 114 91 115 115 93 94 116 116 117 117 96 97 98 118 118 119 120 120 121 121 101 102 122 123 124 125 125 104 126 127 105 106 128 108 129 129 130 131 131 132 132 133 134 135 135
136 136 137 138 139 140 140 141 141 142 142 143 144 145 146 147 148 149 149 150 119 151 152 153 154 154 155 155 123 156 157 158 159 126 160 161 161 128 162 162 163 130 164 165 165 166 133 134 167 168
169 170 137 138 139 171 171 172 172 173 173 143 144 145 174 147 175 175 176 177 177 151 152 178 178 179 180 181 182 156 157 158 183 183 160 184 185 186 187 187 188 188 164 189 189 166 190 191 191 168
169 192 192 193 193 194 195 196 197 197 198 198 199 199 174 200 201 202 202 203 204 205 205 206 207 207 180 181 182 208 209 210 210 211 212 184 213 186 214 214 215 216 216 217 218 219 219 220 221 221
222 223 223 224 225 194 226 196 227 228 228 229 229 230 231 231 201 232 232 203 204 233 234 206 235 236 236 237 237 208 238 238 239 240 212 241 213 242 243 243 215 244 244 217 218 245 245 246 247 248
249 250 251 224 225 252 226 253 254 255 255 256 256 230 257 258 259 260 260 261 261 233 234 262 235 263 263 264 264 265 266 266 239 240 267 241 268 242 269 270 270 271 271 272 272 273 274 246 247 248
249 250 251 275 275 276 277 253 254 278 279 279 280 281 282 258 283 283 284 285 285 286 287 262 288 288 289 290 290 265 291 291 292 292 267 293 268 294 295 296 297 298 299 299 300 300 274 301 302 303
304 304 305 306 307 276 308 309 309 278 310 310 280 281 282 311 312 312 284 313 313 286 314 314 315 316 289 317 318 318 319 319 320 320 321 321 322 294 295 296 297 298 323 323 324 325 325 301 302 303
326 326 305 306 307 327 308 328 329 329 330 331 332 333 334 334 335 335 336 336 337 337 338 338 315 316 339 317 340 340 341 342 342 343 344 345 322 346 346 347 348 349 350 350 324 351 351 352 353 353
354 355 356 357 357 327 358 328 359 359 330 331 332 333 360 360 361 362 363 363 364 364 365 366 366 367 367 368 369 369 370 370 371 343 344 345 372 373 374 374 348 349 375 375 376 376 377 378 378 379
354 355 356 380 381 381 358 382 383 383 384 384 385 386 387 388 388 362 389 390 390 391 391 392 392 393 394 368 395 396 396 397 371 398 399 400 400 373 401 402 402 403 403 404 405 405 406 407 407 379
408 408 409 409 410 410 411 412 412 413 413 414 385 386 415 415 416 417 417 418 418 419 420 421 422 393 423 423 395 424 425 426 427 427 399 428 429 430 430 431 431 432 433 404 434 434 406 435 436 437
438 439 440 440 441 441 442 442 443 443 444 445 446 447 448 449 416 450 451 452 453 419 454 421 455 456 456 457 458 424 425 426 459 459 460 428 429 461 461 462 462 432 463 464 464 465 466 466 436 437
438 439 467 468 468 469 470 470 471 472 472 445 446 473 448 449 474 474 451 475 453 476 454 477 455 478 478 457 458 479 479 480 481 481 460 482 483 484 485 485 486 487 463 488 488 465 489 490 491 491
492 493 467 494 494 469 495 496 496 497 497 498 499 473 500 500 501 501 502 475 503 476 504 477 505 505 506 507 507 508 508 480 509 509 510 482 483 484 511 512 486 487 513 513 514 514 489 490 515 515
492 516 516 517 518 518 495 519 520 521 522 498 523 523 524 524 525 526 502 527 528 528 504 529 529 530 506 531 531 532 533 534 534 535 510 536 536 537 511 512 538 539 539 540 540 541 541 542 543 544
545 545 546 546 547 548 548 519 520 521 522 549 550 551 552 553 525 526 554 554 555 556 557 558 558 530 559 560 561 562 533 563 563 564 564 565 566 537 567 567 538 568 568 569 570 570 571 572 543 544
573 574 574 575 576 576 577 577 578 579 580 581 550 551 552 553 582 583 583 584 584 556 557 585 585 586 559 560 561 562 587 588 589 589 590 565 566 591 592 593 593 594 594 569 595 595 596 572 597 597
573 598 599 575 600 600 601 602 602 579 580 581 603 604 604 605 582 606 606 607 608 609 610 611 612 586 613 613 614 614 587 588 615 615 616 616 617 591 618 618 619 620 620 621 622 623 596 624 625 626
627 598 628 629 630 631 632 632 633 634 635 636 636 637 637 605 638 638 639 607 608 640 610 611 612 641 641 642 642 643 644 644 645 646 647 648 649 650 650 651 619 652 652 653 622 623 654 624 625 626
627 655 628 629 630 631 656 656 633 657 635 658 659 659 660 661 661 662 639 663 664 640 665 665 666 667 668 668 669 669 670 670 645 646 647 648 649 671 672 673 673 674 674 653 675 675 676 677 678 678
679 679 680 680 681 681 682 683 683 657 684 684 685 686 660 687 687 662 688 689 664 690 690 691 666 667 692 693 694 694 695 696 697 697 698 698 699 700 672 701 702 702 703 703 704 705 676 706 706 707
708 709 709 710 710 711 682 712 712 713 714 714 685 686 715 716 716 717 718 689 719 720 720 691 721 721 692 693 722 723 695 696 724 724 725 725 699 700 726 726 727 727 728 728 704 705 729 730 730 731
708 732 732 733 734 711 735 736 737 713 738 739 740 740 715 741 741 742 718 743 743 744 744 745 745 746 747 747 722 723 748 749 749 750 751 752 753 753 754 754 755 755 756 756 757 758 729 759 760 731
761 761 762 762 734 763 735 736 737 764 765 739 766 766 767 768 769 742 770 771 772 773 774 775 776 746 777 777 778 778 748 779 779 750 751 780 780 781 781 782 782 783 783 784 757 785 786 786 760 787
788 789 790 790 791 791 792 792 793 764 765 794 795 796 796 768 797 797 770 771 772 773 774 775 798 798 799 799 800 801 801 802 802 803 803 804 804 805 806 807 808 809 810 784 811 785 812 812 813 813
788 789 814 814 815 815 816 816 817 818 819 794 795 820 821 822 822 823 824 825 825 826 826 827 828 828 829 830 830 831 831 832 833 833 834 835 836 805 806 837 808 809 810 838 839 840 841 841 842 842
843 843 844 844 845 846 846 847 817 848 819 849 850 820 821 851 852 823 824 853 853 854 854 827 855 856 856 857 857 858 858 832 859 859 834 835 860 861 862 837 863 863 864 864 839 840 865 866 867 867
868 869 870 870 845 871 872 872 873 848 874 849 850 875 875 851 876 876 877 878 879 880 881 882 883 883 884 885 886 887 887 888 888 889 890 890 860 861 862 891 892 893 894 895 896 896 865 866 897 897
868 869 898 899 899 900 900 901 901 902 874 903 904 904 905 906 907 907 877 908 879 880 881 882 909 909 910 885 911 911 912 912 913 889 914 915 915 916 917 917 892 893 894 895 918 919 919 920 920 921
922 923 923 924 925 926 927 927 928 929 929 903 930 931 931 906 932 933 933 908 934 934 935 935 936 936 910 937 938 938 939 939 940 941 914 942 943 916 944 945 946 947 948 948 918 949 950 951 951 921
922 952 952 924 925 926 953 953 928 954 954 955 930 956 956 957 932 958 958 959 960 960 961 961 962 963 963 937 964 964 965 965 940 941 966 942 943 967 967 945 968 947 969 970 970 949 971 971 972 972
973 973 974 975 976 976 977 978 979 979 980 955 981 982 983 984 984 985 985 959 986 987 988 989 989 990 991 991 992 992 993 994 995 995 966 996 997 998 999 999 968 1000 1000 1001 1002 1003 1004 1004 1005 1006
1007 1008 974 975 1009 1009 977 978 1010 1011 1011 1012 981 982 983 1013 1014 1015 1015 1016 986 987 1017 1018 1019 1020 1020 1021 1022 1022 993 994 1023 1024 1024 1025 997 998 1026 1026 1027 1027 1028 1028 1002 1003 1029 1029 1005 1030
1007 1008 1031 1032 1033 1033 1034 1034 1035 1035 1036 1012 1037 1038 1038 1013 1014 1039 1039 1016 1040 1040 1017 1018 1019 1041 1042 1021 1043 1043 1044 1045 1023 1046 1046 1025 1047 1048 1049 1049 1050 1050 1051 1052 1053 1053 1054 1054 1055 1030
1056 1057 1057 1032 1058 1058 1059 1059 1060 1060 1061 1061 1037 1062 1063 1064 1065 1065 1066 1066 1067 1068 1068 1069 1069 1041 1042 1070 1071 1071 1044 1045 1072 1072 1073 1074 1075 1048 1076 1077 1077 1078 1079 1052 1080 1080 1081 1082 1055 1083
1056 1084 1085 1085 1086 1087 1088 1088 1089 1090 1090 1091 1091 1062 1063 1064 1092 1092 1093 1093 1067 1094 1094 1095 1096 1097 1098 1070 1099 1099 1100 1100 1101 1102 1103 1074 1075 1104 1076 1105 1105 1078 1079 1106 1106 1107 1081 1082 1108 1108
1109 1110 1111 1111 1086 1112 1112 1113 1089 1114 1115 1116 1117 1118 1118 1119 1119 1120 1120 1121 1122 1123 1124 1095 1096 1097 1125 1125 1126 1126 1127 1128 1101 1102 1103 1129 1130 1131 1132 1132 1133 1133 1134 1135 1135 1107 1136 1136 1137 1138
1109 1110 1139 1139 1140 1140 1141 1113 1142 1142 1115 1116 1117 1143 1144 1144 1145 1145 1146 1121 1122 1123 1124 1147 1148 1149 1149 1150 1150 1151 1127 1128 1152 1152 1153 1129 1130 1131 1154 1155 1155 1156 1157 1157 1158 1158 1159 1159 1137 1138
1160 1161 1161 1162 1163 1164 1141 1165 1166 1167 1168 1168 1169 1170 1170 1171 1172 1173 1174 1174 1175 1175 1176 1147 1148 1177 1177 1178 1178 1179 1179 1180 1181 1182 1153 1183 1183 1184 1184 1185 1186 1186 1187 1187 1188 1189 1189 1190 1190 1191
1160 1192 1193 1162 1194 1164 1195 1165 1196 1167 1197 1198 1169 1199 1200 1171 1172 1173 1201 1202 1202 1203 1203 1204 1205 1205 1206 1207 1208 1208 1209 1180 1181 1210 1210 1211 1212 1213 1214 1185 1215 1216 1217 1218 1188 1219 1219 1220 1220 1191
1221 1192 1193 1222 1194 1223 1195 1224 1196 1225 1197 1198 1226 1227 1200 1228 1228 1229 1230 1230 1231 1232 1233 1204 1234 1235 1206 1236 1237 1237 1209 1238 1239 1239 1240 1241 1212 1213 1214 1242 1243 1216 1217 1218 1244 1244 1245 1246 1246 1247
1221 1248 1248 1249 1250 1251 1252 1224 1253 1254 1255 1256 1257 1227 1258 1258 1259 1260 1261 1262 1263 1232 1264 1264 1234 1265 1265 1236 1266 1266 1267 1267 1268 1269 1269 1241 1270 1271 1272 1242 1243 1273 1273 1274 1274 1275 1245 1276 1276 1247
1277 1278 1278 1249 1250 1251 1279 1280 1280 1254 1281 1256 1257 1282 1283 1283 1259 1260 1284 1262 1263 1285 1286 1286 1287 1288 1289 1290 1291 1291 1292 1292 1293 1293 1294 1294 1270 1271 1295 1295 1296 1297 1297 1298 1298 1275 1299 1300 1301 1301
1277 1302 1303 1304 1305 1305 1279 1306 1307 1307 1281 1308 1308 1309 1310 1310 1311 1312 1284 1313 1313 1285 1314 1314 1287 1288 1289 1290 1315 1316 1317 1318 1318 1319 1320 1321 1321 1322 1323 1323 1296 1324 1325 1325 1326 1326 1299 1300 1327 1328
1329 1302 1303 1304 1330 1331 1331 1306 1332 1332 1333 1333 1334 1309 1335 1335 1311 1336 1336 1337 1337 1338 1338 1339 1339 1340 1340 1341 1341 1316 1342 1342 1343 1319 1320 1344 1345 1345 1346 1346 1347 1347 1348 1348 1349 1350 1350 1351 1351 1328
89 68 13 54 12 31 56 55 68 70 95 54 61 34 68 70 1 84 91 31 94 35 73 92 39 24 4 62 31 37 60 14 56 48 27 42 8 66 21 47 51 78 34 66 78 99 33 49 84 28
16 48 8 55 76 85 45 17 0 22 55 71 73 24 89 32 75 81 87 21 89 3 18 69 35 3 93 66 56 72 77 85 61 42 76 47 12 41 75 13 17 38 91 33 5 52 36 80 62 12
55 57 88 34 51 11 9 70 19 90 47 25 36 29 70 27 66 23 29 82 75 40 26 42 21 62 19 22 3 54 88 68 48 4 62 61 16 19 52 45 53 62 14 70 22 68 24 33 44 79
65 67 39 41 23 13 2 33 78 38 61 48 57 13 89 25 20 51 7 30 41 47 7 94 6 15 10 62 99 20 53 81 3 7 13 12 0 4 10 43 21 96 35 77 87 76 38 50 87 22
55 99 19 99 53 48 17 95 84 90 32 57 15 94 50 68 73 63 2 62 76 23 7 68 89 74 77 79 16 34 98 43 24 50 57 50 82 86 75 77 36 90 55 48 9 6 87 14 79 72
72 71 20 61 69 51 58 28 13 6 89 72 90 34 41 68 4 8 36 73 61 29 89 0 45 11 86 20 90 8 10 82 0 41 66 73 97 47 39 77 20 43 47 89 26 21 90 54 88 76
49 47 36 59 93 16 3 70 27 33 58 67 62 55 26 5 0 75 91 31 73 14 51 91 27 64 91 50 49 97 74 86 14 8 98 56 3 56 90 18 36 17 33 51 1 54 53 16 72 82
56 64 16 12 6 35 74 27 5 86 91 30 50 32 22 37 28 22 58 60 33 86 14 54 27 63 3 59 97 8 64 24 78 42 67 82 35 43 83 61 14 39 96 30 36 66 24 21 39 75
22 96 53 76 74 80 76 13 47 55 77 34 67 1 60 63 62 70 36 46 0 71 68 50 36 71 34 75 19 37 44 0 71 14 54 53 72 60 23 52 2 99 94 16 71 73 26 17 58 90
70 50 65 43 49 58 90 97 11 25 20 92 91 52 53 51 83 4 84 9 63 7 98 85 87 83 78 75 87 0 61 63 48 44 54 19 77 13 63 52 45 7 12 14 94 30 67 50 28 48
4 76 84 63 77 39 7 38 99 38 7 48 35 29 7 62 63 84 60 61 70 64 2 81 33 50 72 57 75 51 85 80 81 60 63 41 7 95 81 77 11 70 22 74 4 50 40 33 27 23
7 6 80 2 65 4 56 44 31 36 3 6 66 6 37 79 59 40 59 46 13 73 52 67 80 70 9 91 90 75 76 45 59 62 36 25 1 24 18 53 91 74 3 60 83 60 61 59 36 81
55 12 73 0 97 30 61 30 90 55 69 54 52 88 88 13 15 7 21 93 58 68 62 4 51 52 99 80 91 17 15 30 47 71 86 99 11 24 92 79 66 37 35 18 53 81 85 71 52 6
12 28 90 56 15 77 22 3 38 2 11 72 46 35 14 46 12 42 15 42 4 21 64 4 54 67 92 39 74 77 20 40 47 37 52 34 92 17 98 14 81 69 34 78 29 89 19 15 54 66
5 24 74 31 20 80 66 32 41 5 28 38 99 57 26 97 69 82 70 37 29 2 26 96 39 90 75 97 10 58 7 56 77 16 16 27 9 1 75 40 77 22 93 7 14 91 27 29 41 69
65 38 82 89 8 10 66 83 61 84 51 43 82 72 57 33 12 76 6 3 98 89 46 9 30 63 90 76 32 89 89 2 95 17 61 5 10 26 25 16 88 87 4 95 25 45 85 3 71 22
47 10 51 9 98 93 82 42 49 74 19 19 43 97 49 37 39 51 48 94 99 28 32 15 21 86 10 59 33 36 63 32 6 39 89 26 45 12 19 16 60 89 11 97 83 54 46 65 94 71
3 76 27 10 98 54 52 78 44 32 43 54 10 43 55 12 56 48 18 23 2 20 74 7 5 56 72 8 12 51 90 0 29 74 43 18 44 3 50 36 33 63 78 75 94 91 76 43 16 42
41 59 24 27 59 87 48 68 82 36 51 2 38 31 68 97 66 65 96 20 60 17 19 53 63 79 50 88 11 29 18 64 95 59 23 25 45 5 57 12 14 61 13 83 10 79 75 51 62 20
87 59 30 99 78 53 99 40 22 75 24 32 70 98 80 6 25 83 14 67 89 8 17 21 2 11 63 89 20 23 38 25 89 41 4 40 34 54 95 51 34 67 64 82 17 40 45 89 70 0
62 53 98 64 95 40 97 1 8 69 84 75 97 51 13 91 88 98 46 35 35 17 42 64 82 68 23 27 23 38 85 11 38 89 30 99 98 12 49 16 80 3 70 87 48 92 62 23 76 96
50 31 29 7 28 2 23 81 27 30 88 62 58 13 87 16 28 12 47 69 64 44 35 3 1 68 30 67 32 49 84 14 46 66 46 15 51 74 33 2 9 26 16 76 31 92 40 77 0 27
11 92 5 32 6 39 15 10 38 88 0 73 14 45 39 73 72 48 95 65 53 30 85 52 54 59 19 69 64 62 9 91 33 52 6 14 90 53 24 97 21 25 94 32 6 88 98 70 82 63
70 85 89 64 78 17 43 21 42 34 15 43 98 0 93 64 54 17 43 28 38 6 78 62 58 5 83 55 91 28 63 7 99 5 62 61 26 13 76 80 8 34 99 77 28 28 29 26 91 36
33 79 51 65 71 96 26 78 50 18 23 91 98 71 40 78 69 71 64 32 63 38 30 36 11 67 28 95 54 67 28 75 7 69 82 55 29 40 29 13 64 29 67 68 60 64 89 36 96 29
73 79 21 45 89 48 36 28 54 7 97 74 92 38 65 29 45 32 23 26 28 17 91 73 17 24 42 60 2 16 2 77 96 70 94 21 84 95 98 49 96 10 85 5 54 67 39 33 22 98
45 84 63 42 13 58 19 66 34 66 70 68 34 44 97 34 31 35 51 27 28 51 76 68 2 80 34 50 11 76 95 27 64 22 44 56 54 10 98 86 5 12 10 53 75 48 49 74 56 30
38 52 39 42 77 32 42 78 8 31 81 29 88 73 35 91 32 70 61 43 57 12 39 12 23 7 0 14 16 77 82 92 46 76 3 58 98 12 55 72 59 52 63 29 31 87 18 19 90 0
80 18 60 63 88 89 11 91 57 54 39 44 87 92 52 87 34 68 68 64 30 92 78 19 45 64 17 70 91 69 89 66 4 89 20 2 45 80 19 55 35 58 2 13 55 92 31 84 17 74
19 21 57 20 82 63 58 55 77 66 21 70 71 16 31 16 57 70 74 84 39 0 94 32 44 36 2 47 69 99 13 82 25 39 1 51 70 6 47 91 16 40 16 50 44 90 26 93 19 79
20 63 28 57 47 33 8 21 49 26 29 17 84 41 79 33 51 96 60 51 2 24 34 84 97 4 74 5 18 56 31 28 17 21 23 55 52 9 15 25 82 97 50 1 91 88 47 21 42 75
77 54 17 37 6 97 64 41 17 76 74 12 39 94 81 89 6 32 92 37 46 62 82 19 92 71 57 44 14 56 44 1 41 21 5 90 21 27 33 29 40 26 39 77 19 2 78 44 41 43
55 12 62 88 99 33 41 54 64 55 46 46 52 50 64 10 30 24 10 54 69 22 82 26 23 11 22 44 63 41 78 52 9 39 33 78 83 68 16 97 27 20 66 73 32 67 58 5 40 55
63 16 17 48 51 61 77 48 97 42 49 46 66 76 56 78 28 68 96 54 82 92 53 24 15 61 36 59 47 48 80 40 0 64 14 5 37 97 86 13 71 24 20 74 67 82 95 72 63 83
51 40 96 57 47 16 26 86 57 48 84 86 35 1 62 43 16 97 38 69 26 8 79 63 32 43 9 39 32 6 56 63 39 81 86 67 40 84 54 93 17 4 7 84 49 43 0 91 31 75
96 35 15 62 65 1 76 29 97 77 31 91 71 68 79 9 30 72 73 22 9 24 64 37 88 57 74 80 9 47 52 66 22 48 50 54 50 29 89 51 41 25 49 71 13 29 94 12 48 35
82 51 72 5 85 86 30 98 94 91 85 77 96 73 97 56 72 94 88 92 33 41 16 64 2 69 72 21 16 65 91 55 91 8 44 97 86 51 16 66 39 0 37 64 95 69 87 6 19 31
71 51 19 72 99 6 27 28 44 16 85 98 62 16 25 99 14 53 31 25 46 53 87 81 89 96 49 35 24 81 78 95 57 11 32 82 32 59 39 90 74 50 68 21 65 98 72 99 1 70
49 99 94 11 23 10 5 1 70 67 69 38 74 29 26 17 68 3 11 58 94 25 47 76 91 62 56 3 75 79 5 47 5 61 51 48 24 80 56 18 57 18 30 46 11 35 62 85 56 41
12 24 76 11 95 4 20 91 38 65 7 1 67 22 80 65 28 37 44 10 71 83 44 33 69 37 28 30 83 5 30 54 23 94 73 91 27 36 80 95 54 31 65 2 19 82 1 59 96 55
20 6 78 42 2 76 0 42 9 47 3 40 66 22 40 9 83 65 91 34 38 55 40 56 72 54 95 76 93 66 75 41 70 79 21 38 30 81 56 75 67 97 43 69 86 34 41 13 78 4
97 76 53 37 54 64 81 83 20 47 55 45 3 15 23 28 58 33 52 23 9 57 78 91 99 34 68 83 95 68 53 90 67 30 2 14 92 91 92 54 99 58 64 31 22 81 99 93 9 71
40 37 32 79 18 51 63 20 3 16 6 76 43 99 5 97 25 58 6 77 33 43 41 59 90 80 51 34 85 71 64 8 47 26 73 46 29 66 36 22 64 64 90 83 85 64 26 57 30 67
8 63 2 34 50 23 62 10 12 40 35 5 2 85 50 17 22 42 53 86 77 42 53 28 93 38 58 81 28 8 2 27 38 68 82 81 19 23 45 22 87 74 71 96 98 68 3 97 23 45
84 37 37 17 73 92 13 92 91 48 18 67 43 65 65 12 95 98 70 57 23 60 4 72 17 21 53 85 70 78 46 4 77 53 92 21 55 37 78 28 29 68 63 12 36 0 21 73 59 27
53 8 6 74 27 10 59 36 57 4 11 22 8 39 83 37 54 51 20 53 33 30 6 0 20 45 14 94 26 40 37 92 40 19 32 82 80 84 6 12 26 18 25 30 19 64 25 33 3 60
84 90 52 38 62 53 59 92 28 47 15 56 49 31 45 14 50 55 98 80 24 10 70 28 17 36 56 81 61 82 53 8 24 22 70 45 14 13 61 8 47 63 67 39 18 41 56 50 82 12
29 38 0 42 29 81 16 75 40 71 57 63 28 50 99 56 64 69 88 31 99 71 63 25 55 13 22 17 36 24 26 91 84 55 17 96 70 78 54 75 67 14 29 41 16 51 66 70 20 19
80 50 40 48 36 65 29 3 14 24 85 34 86 7 67 21 76 76 59 97 23 2 29 23 99 53 90 26 9 80 61 9 0 27 0 83 41 43 85 70 49 80 39 95 63 8 41 7 44 7
60 17 71 35 67 36 81 27 54 76 56 1 17 86 1 77 24 49 2 7 35 9 20 40 23 36 2 55 2 15 62 19 26 75 21 93 23 99 43 78 88 92 0 93 20 92 89 7 47 22
