19 42
0 0 1 2 3 4 5 6 7 8 8 9 9 10 11 11 12 13 13 14 14 15 16 17 18 18 19 20 21 21 22 22 23 23 24 25 25 26 27 27 28 29 30 31 32 32 33 34 34 35
36 36 1 2 3 4 5 6 37 38 38 39 39 10 40 40 12 41 41 42 42 15 16 17 43 44 19 45 46 46 47 47 48 48 49 49 50 51 52 52 28 29 30 31 53 53 33 54 55 55
56 57 58 58 59 60 60 61 37 62 63 64 65 65 66 66 67 67 68 68 69 70 70 71 43 44 72 45 73 73 74 75 76 77 77 78 50 51 79 79 80 81 81 82 83 84 85 85 86 86
56 87 87 88 89 90 91 92 92 62 93 64 94 95 95 96 96 97 97 98 99 99 100 71 101 102 103 103 104 104 74 105 76 106 106 78 107 108 109 109 110 110 111 111 83 84 112 112 113 113
114 115 116 88 89 117 91 118 119 120 93 121 94 122 122 123 123 124 125 126 127 128 129 130 101 102 131 132 132 133 133 105 134 135 135 136 107 108 137 138 139 140 140 141 141 142 142 143 144 144
114 115 116 145 146 117 147 148 119 120 149 121 150 151 152 153 154 124 125 126 127 128 129 130 155 155 131 156 156 157 157 158 159 159 160 136 161 162 137 138 139 163 164 164 165 165 166 167 168 168
169 170 171 145 146 172 147 148 173 174 149 175 175 151 152 153 154 176 177 177 178 178 179 179 180 181 181 182 183 183 184 158 185 186 186 187 161 162 188 188 189 190 190 191 191 192 166 167 193 193
169 170 171 194 194 172 195 195 173 174 196 197 197 198 199 199 200 201 201 202 202 203 203 204 204 205 206 206 207 208 184 209 185 210 211 212 212 213 213 214 189 215 215 216 217 192 218 219 219 220
221 222 223 224 224 225 226 226 227 227 196 228 229 198 230 230 200 231 232 232 233 233 234 235 236 205 237 237 207 208 238 209 239 210 211 240 240 241 242 214 243 243 244 244 217 245 218 246 247 247
221 222 223 248 248 225 249 250 250 251 251 228 229 252 252 253 253 254 254 255 256 256 234 235 236 257 257 258 259 260 238 261 262 262 263 263 264 241 242 265 266 266 267 267 268 245 269 246 270 271
272 272 273 273 274 275 276 276 277 278 278 279 280 280 281 282 282 283 284 285 285 286 287 287 288 289 289 258 259 260 290 291 291 292 293 293 264 294 295 265 296 296 297 297 268 298 269 299 299 271
300 301 301 302 274 275 303 303 277 304 305 305 306 306 281 307 308 308 284 309 310 286 311 311 288 312 313 314 314 315 315 316 316 292 317 318 318 294 295 319 319 320 320 321 321 322 323 323 324 324
325 326 327 327 328 328 329 329 330 330 331 332 332 333 334 307 335 336 336 309 310 337 338 339 340 312 313 341 341 342 343 344 344 345 317 346 346 347 347 348 348 349 349 350 350 322 351 351 352 352
325 326 353 353 354 354 355 356 356 357 357 358 359 360 334 361 335 362 363 364 365 337 338 339 340 366 367 367 368 342 369 369 370 370 371 372 373 373 374 374 375 375 376 376 377 378 379 380 381 381
382 382 383 384 385 385 386 387 387 388 388 358 359 360 389 361 390 390 363 364 391 392 393 393 394 366 395 396 396 397 398 398 399 400 400 372 401 402 403 404 405 405 406 406 407 378 379 380 408 409
410 411 383 412 412 413 386 414 415 415 416 416 417 418 389 419 419 420 421 421 391 392 422 422 423 423 395 424 424 425 426 426 399 427 428 429 401 402 403 430 430 431 432 433 407 434 435 436 436 409
410 411 437 437 438 438 439 414 440 441 442 442 417 443 443 444 444 420 445 446 446 447 448 449 449 450 450 451 452 425 453 453 454 427 428 429 455 455 456 456 457 458 432 433 459 434 435 460 460 461
462 462 463 463 464 464 439 465 465 441 466 467 467 468 468 469 469 470 445 471 471 447 472 472 473 474 474 451 452 475 476 477 478 479 479 480 481 481 482 483 484 458 485 485 459 486 487 487 488 461
489 490 491 491 492 493 494 495 496 497 498 498 499 500 501 501 502 470 503 503 504 504 505 505 473 506 507 508 508 475 476 509 478 510 510 511 512 513 482 483 484 514 515 515 516 486 517 517 488 518
489 490 519 520 492 493 494 495 496 521 522 522 499 500 523 523 524 524 525 525 526 527 528 528 529 506 507 530 530 531 531 509 532 533 534 511 512 513 535 535 536 537 538 539 516 540 541 541 542 542
543 544 544 520 545 545 546 547 547 521 548 548 549 550 550 551 551 552 552 553 554 527 555 556 557 557 558 558 559 560 560 561 562 533 563 563 564 565 566 566 536 537 538 539 567 567 568 569 570 571
572 573 574 574 575 575 546 576 576 577 578 578 579 579 580 581 581 582 583 553 554 584 555 556 585 585 586 587 588 589 590 590 562 591 592 592 564 565 593 594 594 595 595 596 596 597 597 569 570 571
572 573 598 598 599 600 600 601 601 577 602 602 603 603 580 604 604 582 583 605 606 584 607 608 609 610 586 587 588 589 611 612 613 591 614 615 615 616 616 617 618 619 619 620 621 621 622 622 623 623
624 624 625 626 599 627 627 628 629 629 630 630 631 631 632 632 633 634 634 605 635 635 607 608 609 610 636 637 638 638 611 612 639 639 614 640 641 641 642 642 618 643 643 644 645 646 647 647 648 648
649 649 625 650 650 651 652 628 653 653 654 654 655 656 656 657 657 658 658 659 659 660 661 661 662 662 636 663 664 665 665 666 666 667 667 640 668 668 669 670 670 671 672 644 645 646 673 673 674 674
675 675 676 676 677 651 652 678 678 679 680 681 682 683 684 685 685 686 686 687 688 660 689 689 690 690 691 663 664 692 693 693 694 695 696 697 698 698 669 699 699 700 672 701 701 702 703 704 704 705
706 706 707 708 708 709 710 711 712 679 680 681 682 683 684 713 714 714 715 687 688 716 716 717 718 718 691 719 719 692 720 721 694 695 696 697 722 723 723 724 724 700 725 726 727 702 703 728 728 729
730 730 707 731 732 709 710 711 712 733 734 735 736 736 737 713 738 739 715 740 741 741 742 717 743 743 744 745 745 746 720 721 747 747 748 749 750 751 752 753 754 754 725 726 727 755 755 756 757 729
758 758 759 731 732 760 760 761 761 733 762 735 763 764 765 766 766 739 767 767 768 768 742 769 770 770 744 771 771 746 772 772 773 773 748 749 750 751 752 753 774 775 776 777 777 778 778 756 757 779
780 781 782 782 783 783 784 785 786 787 762 788 763 764 765 789 790 791 792 793 794 794 795 796 796 797 798 799 800 801 801 802 803 803 804 805 806 807 808 809 774 775 776 810 810 811 811 812 812 779
813 781 814 814 815 815 784 785 816 787 817 817 818 818 819 789 820 791 792 793 821 821 795 822 823 823 798 824 800 825 826 827 827 828 804 805 806 807 808 809 829 830 831 832 833 833 834 834 835 835
813 836 836 837 837 838 838 839 816 840 841 841 842 843 844 845 820 846 847 848 849 849 850 822 851 852 853 824 854 825 826 855 856 828 857 858 858 859 859 860 829 830 831 861 862 862 863 864 865 865
866 867 867 868 869 870 871 872 873 840 874 874 842 843 844 845 875 875 847 848 876 876 850 877 878 852 879 879 854 880 881 855 856 882 882 883 883 884 885 885 886 887 887 861 888 888 863 889 890 891
892 893 893 868 894 870 871 872 873 895 895 896 896 897 898 899 900 901 902 903 903 904 905 905 878 906 907 907 908 880 881 909 909 910 910 911 912 913 914 914 886 915 916 917 918 918 919 889 890 891
892 920 921 922 894 923 923 924 925 926 927 927 928 929 898 899 900 901 930 930 931 904 932 933 933 934 934 935 908 936 936 937 937 938 939 939 912 913 940 941 942 915 916 917 943 943 944 945 945 946
947 920 921 948 949 950 950 924 925 926 951 951 928 929 952 952 953 954 955 956 957 958 958 959 960 961 961 962 962 963 964 964 965 965 966 967 967 968 940 941 942 969 970 971 972 973 944 974 975 946
947 976 976 948 949 977 977 978 979 980 980 981 981 982 982 983 953 954 955 956 957 984 985 985 960 986 987 988 988 963 989 990 991 991 966 992 993 968 994 994 995 969 970 971 972 973 996 997 975 998
999 1000 1000 1001 1001 1002 1002 978 1003 1003 1004 1005 1005 1006 1006 983 1007 1007 1008 1009 1010 1010 1011 1012 1013 1013 987 1014 1015 1015 989 990 1016 1016 1017 992 1018 1018 1019 1020 1020 1021 1021 1022 1023 1024 996 997 1025 998
999 1026 1026 1027 1027 1028 1028 1029 1029 1030 1030 1031 1031 1032 1033 1034 1035 1036 1008 1037 1038 1039 1011 1040 1040 1041 1042 1043 1043 1044 1044 1045 1046 1047 1017 1048 1048 1049 1049 1050 1050 1051 1051 1052 1023 1024 1053 1053 1025 1054
1055 1056 1057 1057 1058 1059 1059 1060 1061 1062 1063 1064 1065 1065 1033 1066 1035 1036 1067 1037 1038 1039 1068 1069 1070 1070 1042 1071 1072 1073 1074 1045 1046 1047 1075 1075 1076 1076 1077 1078 1078 1079 1080 1052 1081 1082 1083 1083 1084 1054
1055 1056 1085 1085 1058 1086 1086 1060 1061 1062 1087 1064 1088 1089 1089 1066 1090 1090 1067 1091 1091 1092 1068 1093 1093 1094 1095 1071 1072 1073 1096 1097 1097 1098 1098 1099 1099 1100 1077 1101 1101 1079 1080 1102 1081 1082 1103 1104 1084 1105
1106 1107 1108 1109 1110 1111 1111 1112 1113 1113 1087 1114 1115 1116 1116 1117 1118 1119 1120 1121 1122 1092 1123 1124 1125 1094 1095 1126 1127 1127 1096 1128 1129 1130 1130 1131 1131 1100 1132 1132 1133 1133 1134 1102 1135 1136 1103 1104 1137 1105
1106 1107 1108 1109 1138 1139 1140 1141 1141 1142 1142 1114 1115 1143 1143 1117 1118 1119 1120 1121 1122 1144 1145 1124 1125 1146 1147 1147 1148 1149 1149 1128 1129 1150 1151 1151 1152 1152 1153 1153 1154 1154 1134 1155 1135 1136 1156 1156 1137 1157
1158 1158 1159 1159 1138 1139 1140 1160 1161 1161 1162 1162 1163 1164 1165 1165 1166 1167 1168 1168 1169 1170 1145 1171 1171 1146 1172 1173 1174 1174 1175 1176 1177 1150 1178 1179 1179 1180 1180 1181 1181 1182 1183 1155 1184 1184 1185 1185 1186 1157
1187 1187 1188 1188 1189 1189 1190 1191 1192 1193 1194 1195 1163 1196 1196 1197 1166 1167 1198 1198 1169 1170 1199 1200 1200 1201 1172 1202 1202 1203 1204 1176 1177 1205 1205 1206 1207 1207 1208 1208 1209 1210 1183 1211 1212 1212 1213 1213 1186 1214
1215 1216 1217 1217 1218 1218 1190 1191 1192 1219 1194 1195 1220 1221 1221 1197 1222 1222 1223 1224 1225 1226 1227 1227 1228 1201 1229 1230 1231 1231 1204 1232 1232 1233 1234 1206 1235 1235 1236 1237 1209 1210 1238 1211 1239 1240 1241 1242 1243 1243
1215 1216 1244 1244 1245 1245 1246 1246 1247 1219 1248 1248 1220 1249 1250 1251 1252 1252 1223 1224 1225 1226 1253 1253 1254 1255 1255 1230 1256 1256 1257 1257 1258 1258 1234 1259 1259 1260 1236 1237 1261 1261 1238 1262 1262 1240 1241 1242 1263 1263
1264 1265 1265 1266 1266 1267 1268 1268 1247 1269 1270 1270 1271 1272 1250 1251 1273 1273 1274 1275 1275 1276 1276 1277 1254 1278 1279 1279 1280 1280 1281 1281 1282 1282 1283 1283 1284 1260 1285 1286 1286 1287 1287 1288 1289 1290 1290 1291 1292 1293
1294 1294 1295 1295 1296 1297 1297 1298 1298 1269 1299 1299 1271 1272 1300 1300 1301 1301 1274 1302 1303 1304 1304 1277 1305 1305 1306 1306 1307 1307 1308 1308 1309 1310 1311 1312 1284 1313 1285 1314 1315 1315 1316 1317 1289 1318 1318 1291 1292 1293
1319 1320 1320 1321 1296 1322 1322 1323 1324 1324 1325 1325 1326 1326 1327 1328 1328 1329 1329 1302 1303 1330 1330 1331 1331 1332 1332 1333 1333 1334 1335 1335 1309 1310 1311 1312 1336 1336 1337 1337 1338 1338 1316 1317 1339 1339 1340 1340 1341 1341
64 64 3 65 74 12 70 94 2 17 88 49 51 54 46 13 50 17 52 56 57 34 10 26 36 50 17 37 94 19 11 42 45 50 13 78 28 30 69 10 27 31 59 19 16 19 9 0 22 64
36 24 11 96 15 58 54 53 2 82 9 40 35 26 69 66 70 61 93 49 11 37 10 8 16 96 17 24 75 41 22 35 36 17 96 20 7 26 76 49 15 26 39 26 64 50 4 73 46 64
9 96 4 52 63 61 79 39 85 21 43 11 44 35 46 79 56 52 37 91 4 71 3 57 38 84 86 69 32 66 53 45 59 42 39 15 74 4 59 96 69 73 52 38 10 82 31 22 75 70
67 32 88 82 98 96 8 4 41 56 57 32 86 10 90 1 2 91 0 68 72 67 86 30 45 43 22 25 21 24 33 45 89 27 99 22 23 48 10 0 27 26 48 76 82 64 85 56 85 99
20 38 12 58 75 21 30 16 50 20 18 38 44 44 24 51 12 60 96 52 65 29 23 5 34 26 22 5 70 76 18 78 51 2 45 39 2 0 82 18 13 44 32 64 63 66 46 59 96 28
83 13 27 23 98 0 0 6 0 43 65 86 87 68 53 93 80 79 86 70 21 29 49 4 43 93 86 45 12 75 69 45 4 54 2 96 44 51 33 85 19 68 50 43 82 34 82 15 15 61
75 25 87 41 83 3 84 56 43 62 82 64 99 81 54 60 91 1 9 5 0 25 86 95 74 1 39 9 0 41 48 0 21 93 64 58 77 85 87 0 32 37 92 51 84 45 21 58 86 32
82 33 25 89 47 78 93 93 10 43 42 66 1 58 52 52 67 99 81 74 19 41 46 52 42 28 85 45 70 89 61 88 36 95 60 38 15 19 62 41 19 4 85 39 43 56 98 24 40 30
4 22 70 98 23 55 45 74 64 99 62 86 2 89 8 29 32 98 67 11 10 38 33 91 37 57 32 14 78 52 48 60 7 31 38 1 63 73 72 63 15 39 8 97 40 8 81 71 21 60
45 89 4 97 56 52 65 42 23 0 54 12 83 4 59 11 88 85 94 11 51 74 67 93 46 99 1 89 5 87 22 11 55 86 56 74 2 15 26 98 20 72 46 1 77 93 38 12 70 90
12 70 25 94 20 42 31 70 30 24 12 94 19 14 57 92 89 40 53 45 13 48 25 65 68 78 45 22 48 58 57 89 88 51 14 34 20 86 14 9 90 99 23 58 39 0 92 84 99 1
27 83 22 64 3 27 37 3 80 75 11 54 6 4 60 81 80 80 34 91 0 39 84 7 70 2 31 69 84 36 9 79 65 98 4 66 15 27 94 83 93 29 34 58 59 42 21 40 57 29
16 45 75 21 31 9 25 69 86 10 31 45 78 69 12 98 96 47 16 72 84 22 8 84 64 26 59 3 10 21 42 21 60 83 86 45 63 32 42 60 38 87 66 57 51 53 96 56 28 14
18 38 91 62 78 93 63 31 94 23 27 20 28 75 96 72 29 79 77 48 20 7 65 92 5 66 85 39 53 65 80 48 22 63 74 75 80 35 42 47 67 14 5 47 55 49 75 30 94 75
22 79 5 80 85 67 3 53 19 85 41 20 68 51 82 99 55 39 51 56 89 56 17 38 21 66 6 7 15 12 70 23 33 89 50 37 14 10 99 15 14 56 51 3 32 50 81 51 73 75
95 5 93 67 65 80 93 69 36 18 97 71 20 53 12 20 17 13 2 74 34 38 85 24 82 11 48 20 13 26 68 97 12 5 48 65 56 39 16 36 16 47 45 23 97 97 77 10 47 25
99 11 51 11 25 74 21 81 69 45 14 59 46 42 9 52 62 87 49 0 10 9 22 91 77 91 88 9 93 50 75 27 22 15 44 9 8 35 20 62 15 41 47 81 55 78 30 65 46 89
48 93 37 96 53 25 25 64 69 42 95 86 30 53 38 76 60 3 13 16 4 36 36 3 78 20 66 15 59 75 2 59 97 13 47 42 84 72 27 87 6 36 2 6 12 99 58 93 60 12
3 80 49 49 18 35 98 55 51 14 1 29 14 84 23 98 78 83 5 9 91 23 31 31 43 60 49 24 60 51 80 23 10 10 77 73 18 57 21 45 80 1 80 85 10 50 63 88 80 3
33 32 83 34 35 2 29 6 95 17 62 29 54 92 88 59 12 20 89 83 98 81 3 82 22 9 3 84 1 50 84 13 99 4 41 26 97 40 91 80 2 18 70 62 48 78 26 7 69 71
3 55 7 63 81 58 20 25 96 1 68 82 19 31 24 68 47 27 75 8 63 27 92 97 24 99 51 48 12 35 88 17 82 48 64 54 5 73 53 14 34 65 24 34 24 85 65 54 1 22
16 71 72 98 85 71 27 60 41 29 48 89 24 97 19 40 81 4 0 81 66 76 14 40 66 26 2 92 72 70 8 28 60 11 66 6 98 39 2 81 81 94 51 53 42 54 26 16 11 16
87 49 11 16 37 50 14 15 12 94 30 62 91 77 3 4 58 34 95 28 87 17 4 15 20 49 54 1 57 21 51 55 8 79 87 20 7 22 85 59 6 62 54 25 11 79 45 18 23 28
35 4 30 66 63 92 37 47 10 48 23 41 20 72 8 64 25 30 74 65 97 80 93 41 55 72 41 12 12 42 65 61 87 16 77 95 11 51 86 8 58 17 91 79 88 1 46 45 31 32
83 67 71 98 98 14 55 48 87 54 34 71 42 26 24 91 36 8 4 53 96 28 71 31 33 99 31 22 81 72 91 89 62 50 82 99 79 67 82 45 81 48 43 12 30 97 0 95 42 20
79 35 59 6 87 58 97 92 42 21 85 27 82 41 47 99 76 84 28 21 19 20 92 64 69 37 0 66 78 93 70 52 36 45 75 81 85 42 29 28 98 5 42 51 21 4 78 20 92 69
71 80 13 82 25 90 92 74 79 88 48 79 76 30 78 88 76 96 35 45 83 95 74 67 55 77 26 37 16 55 41 59 50 0 27 21 45 70 38 24 23 26 74 63 64 5 86 85 55 12
59 15 1 15 33 54 27 15 37 53 66 65 11 86 17 10 54 32 49 54 4 44 53 38 18 22 63 59 38 51 60 2 72 61 95 17 94 93 9 78 62 67 94 24 36 33 26 56 94 64
96 60 79 83 34 52 97 17 23 71 99 84 70 98 2 83 85 80 18 28 16 46 10 69 70 69 48 27 58 5 13 91 30 26 88 78 37 78 6 89 70 87 92 45 13 26 44 69 36 45
38 55 31 31 72 94 97 65 62 91 61 32 62 29 5 89 92 48 13 26 78 60 55 64 77 74 81 12 82 67 12 93 2 88 34 27 93 91 44 69 26 82 60 92 10 45 88 45 59 23
47 29 3 74 8 40 12 89 88 12 99 83 11 49 67 80 75 86 23 25 9 23 45 21 88 35 77 34 94 91 34 97 38 86 4 77 3 17 11 48 98 75 80 44 22 88 91 15 58 15
95 26 2 42 50 47 59 57 56 39 0 45 43 45 14 82 41 20 57 0 1 30 49 80 57 34 22 67 56 89 33 61 74 40 22 87 52 19 85 61 86 98 72 98 91 74 56 62 95 34
1 89 60 85 31 71 32 21 88 25 87 49 96 89 49 49 15 11 41 63 18 61 43 65 67 89 2 77 71 0 85 39 9 31 75 6 95 10 61 54 97 69 43 64 63 37 95 51 39 47
27 96 55 67 11 16 76 42 44 81 12 67 15 5 14 41 62 83 55 11 38 23 29 51 76 90 52 70 6 77 67 52 29 88 9 21 39 82 35 59 64 80 92 89 8 2 94 2 55 29
19 87 84 79 39 45 15 62 15 0 11 63 81 1 41 25 2 1 50 75 79 69 56 21 66 62 28 31 12 90 52 81 28 29 40 36 48 1 76 38 24 20 37 18 34 80 10 53 45 72
7 27 73 38 12 38 10 38 26 55 31 1 85 14 98 1 58 93 27 72 45 6 85 12 12 7 4 7 17 97 64 3 56 82 26 30 22 84 0 72 61 14 98 36 58 61 15 53 15 63
77 15 16 76 89 61 60 59 93 93 6 96 56 88 26 4 59 20 19 69 2 26 94 54 59 46 72 68 25 26 76 1 83 58 28 95 90 96 78 74 31 78 78 23 47 81 49 88 56 2
24 54 1 8 54 24 92 52 58 47 89 57 7 47 70 61 72 29 61 68 17 13 5 66 68 9 65 23 15 25 32 15 9 52 71 80 34 93 23 72 40 97 5 46 30 74 96 90 44 42
64 19 77 19 2 65 49 99 64 4 95 32 42 38 19 32 70 21 36 16 72 10 9 22 2 11 75 64 63 2 83 8 35 65 51 7 58 88 22 4 7 4 3 3 64 27 47 66 39 92
35 73 76 95 83 43 12 26 77 74 7 80 65 59 59 26 29 82 71 74 64 59 33 88 44 4 34 42 15 90 13 24 98 73 84 39 43 28 57 55 76 22 92 44 36 79 12 11 89 46
81 46 66 99 25 39 8 97 97 14 90 50 39 47 5 89 83 5 3 59 76 69 65 51 91 45 95 74 48 66 38 97 47 57 13 16 7 3 72 62 0 20 35 26 43 85 95 4 98 68
38 80 42 83 29 81 61 83 92 87 79 63 6 20 59 27 13 10 32 69 82 80 22 19 78 49 88 93 15 15 71 36 60 14 1 88 2 94 83 97 61 49 64 73 58 26 11 63 1 82
17 7 39 64 61 83 26 45 1 85 4 14 98 32 35 31 16 46 16 57 30 97 86 44 33 56 94 84 8 31 11 91 87 40 21 56 72 37 80 40 20 6 95 58 47 5 39 45 9 67
60 21 98 15 71 56 77 12 65 48 14 96 62 82 10 86 19 10 68 63 53 84 6 50 18 1 24 67 75 75 7 40 4 80 92 53 74 40 57 76 4 30 53 97 73 36 70 62 62 96
26 7 82 96 64 35 63 46 57 96 91 42 18 1 4 90 40 75 66 21 77 71 12 80 58 29 89 73 56 41 66 14 55 85 99 1 45 2 22 6 65 16 55 27 53 23 33 94 11 78
69 23 4 74 5 66 1 83 91 11 50 60 82 49 63 27 36 38 62 60 70 88 96 29 6 54 80 13 84 43 66 87 23 39 30 35 7 49 43 98 4 59 30 81 25 12 38 7 71 21
94 66 53 50 35 17 50 14 22 33 61 35 55 11 31 9 5 54 0 34 95 54 18 89 69 50 33 22 43 55 88 1 15 26 9 31 88 24 68 35 42 10 79 31 60 88 92 55 12 94
32 44 65 29 15 4 12 87 12 56 81 16 92 91 65 53 38 71 58 53 96 9 26 70 87 39 25 42 5 73 41 56 93 90 60 80 83 99 64 64 75 33 89 8 18 18 40 6 70 21
4 42 27 87 57 63 96 28 27 13 70 43 50 23 5 25 67 60 33 41 4 93 22 42 77 89 88 96 30 38 26 51 75 46 36 38 58 23 66 48 89 65 97 44 96 37 35 6 17 67
28 70 42 8 11 59 23 2 15 86 44 47 66 18 2 82 27 25 47 21 92 0 25 78 42 75 70 74 99 19 16 44 22 75 74 64 14 43 31 37 98 25 40 21 67 51 70 63 4 47
