22 3
0 1 2 2 3 3 4 5 6 6 7 8 8 9 10 10 11 12 12 13 14 15 15 16 17 18 18 19 19 20 21 22 23 24 25 25 26 26 27 28 28 29 30 30 31 32 33 33 34 34
0 35 36 37 37 38 4 5 39 39 7 40 41 9 42 43 44 45 45 13 14 46 46 16 17 47 48 49 49 20 21 22 23 24 50 50 51 52 52 53 53 29 54 55 31 56 56 57 58 58
59 35 36 60 60 38 61 61 62 62 63 40 64 64 42 65 44 66 67 68 68 69 69 70 70 47 48 71 71 72 72 73 73 74 74 75 51 76 76 77 77 78 79 55 80 80 81 81 82 83
59 84 85 85 86 86 87 88 88 89 63 90 91 92 92 65 93 66 67 94 94 95 96 97 98 98 99 100 101 102 103 103 104 105 105 75 106 106 107 107 108 78 79 109 110 111 112 113 113 83
114 84 115 115 116 117 117 118 118 89 119 90 91 120 120 121 93 122 122 123 124 95 96 97 125 126 99 100 101 102 127 128 104 129 129 130 131 132 132 133 108 134 134 135 110 111 136 136 137 138
114 139 140 140 116 141 141 142 143 144 144 145 146 146 147 121 148 149 150 123 151 151 152 152 125 126 153 154 154 155 127 128 156 157 157 130 158 158 159 160 160 161 162 135 163 163 164 165 137 166
167 167 168 168 169 170 171 142 143 172 173 145 174 175 147 176 176 149 150 177 178 178 179 179 180 180 153 181 182 155 183 183 156 184 184 185 185 186 159 187 188 188 162 189 190 191 164 165 192 166
193 194 194 195 169 170 171 196 197 197 173 198 174 175 199 200 201 201 202 177 203 203 204 204 205 206 207 207 182 208 209 210 210 211 211 212 212 186 213 187 214 215 215 189 190 216 216 217 192 218
193 219 219 195 220 221 221 196 222 223 223 198 224 224 199 200 225 225 202 226 227 227 228 229 205 206 230 231 231 208 209 232 232 233 233 234 234 235 235 236 214 237 237 238 239 239 240 217 241 218
242 243 243 244 220 245 246 247 222 248 248 249 250 251 252 252 253 253 254 255 256 256 228 229 257 257 230 258 258 259 259 260 261 261 262 262 263 264 264 236 265 266 267 238 268 269 269 270 270 271
242 272 273 244 274 245 275 247 276 277 277 249 250 251 278 278 279 280 254 255 281 282 283 284 285 285 286 287 287 288 289 290 290 291 292 293 294 294 295 296 265 266 267 297 298 298 299 300 301 302
303 272 304 304 274 305 275 306 276 307 308 309 310 311 312 313 279 314 315 316 281 317 283 284 318 319 286 320 320 288 289 321 321 291 292 322 323 323 295 324 325 326 326 297 327 327 328 300 301 302
329 329 330 330 331 305 332 332 333 307 308 309 310 311 312 334 334 314 315 316 335 317 336 337 318 319 338 338 339 340 341 341 342 342 343 322 344 344 345 324 325 346 346 347 348 348 328 349 349 350
351 352 352 353 354 355 356 357 333 358 358 359 359 360 361 361 362 363 363 364 335 365 336 337 366 366 367 368 339 340 369 369 370 370 343 371 372 372 345 373 373 374 375 347 376 377 378 378 379 350
380 381 382 353 354 383 356 357 384 385 386 386 387 387 388 389 362 390 390 364 391 392 393 394 395 395 367 396 396 397 398 398 399 399 400 371 401 402 403 404 404 374 405 405 376 377 406 407 408 409
380 381 382 410 410 383 411 411 384 385 412 413 413 414 414 389 415 416 416 417 391 392 418 394 419 419 420 420 421 397 422 422 423 423 424 425 401 402 426 427 427 428 428 429 430 431 406 432 408 433
434 435 436 436 437 437 438 438 439 439 412 440 441 441 442 442 415 443 444 444 445 445 418 446 447 448 449 450 421 451 452 453 454 454 424 455 456 456 426 457 457 458 458 429 430 431 459 432 460 433
434 435 461 461 462 463 464 465 466 466 467 468 468 469 470 470 471 471 472 472 473 473 474 446 447 448 449 475 475 451 452 453 476 476 477 455 478 479 480 480 481 482 482 483 483 484 459 485 485 486
487 488 488 489 489 463 464 490 491 491 467 492 493 493 494 495 496 497 497 498 499 499 474 500 501 501 502 503 504 504 505 505 506 506 507 508 478 479 509 510 510 511 511 512 513 484 514 515 516 486
487 517 517 518 518 519 519 490 520 521 521 492 522 522 494 495 496 523 524 498 525 525 526 500 527 528 502 503 529 530 531 531 532 532 507 508 533 533 534 535 535 536 537 537 513 538 538 515 539 540
541 542 543 543 544 545 546 546 547 547 548 548 549 550 550 551 552 553 524 554 555 555 526 556 527 528 557 557 529 558 559 560 561 562 562 563 564 565 534 566 567 536 568 568 569 569 570 570 539 571
541 542 572 572 544 545 573 574 575 576 576 577 578 579 580 551 552 553 581 581 582 583 583 556 584 584 585 585 586 558 559 560 587 588 589 563 564 565 590 566 567 591 591 592 592 593 594 594 595 571
596 597 597 598 598 599 573 574 575 600 600 601 578 579 580 602 603 603 604 604 582 605 605 606 607 608 609 610 610 611 611 612 587 588 589 613 613 614 615 615 616 616 617 617 618 593 619 620 620 621
622 623 624 625 625 626 627 628 629 630 630 601 631 631 632 602 633 633 634 635 635 636 637 637 607 608 609 638 639 640 641 641 642 643 644 645 645 646 647 647 648 649 650 651 651 652 652 653 653 621
622 623 654 654 655 626 656 628 629 657 658 659 659 660 632 661 661 662 662 663 663 664 664 665 665 666 667 638 639 640 668 668 669 643 670 670 671 646 672 673 648 674 650 675 675 676 676 677 678 679
680 681 682 683 655 684 656 685 686 686 658 687 687 660 688 688 689 689 690 690 691 691 692 692 693 666 667 694 695 696 697 697 669 698 698 699 671 700 672 701 702 674 703 704 705 706 707 677 678 679
680 681 682 683 708 709 710 685 711 712 713 714 714 715 716 717 718 719 720 721 721 722 723 723 693 724 725 725 695 726 727 727 728 729 729 699 730 730 731 701 702 732 732 704 733 706 707 734 735 736
737 737 738 738 708 709 739 739 711 712 713 740 741 715 716 717 718 742 720 743 743 722 744 744 745 746 747 747 748 726 749 749 728 750 750 751 752 752 731 753 754 754 755 755 733 756 757 734 735 736
758 759 760 761 762 762 763 763 764 765 766 766 741 767 768 768 769 742 770 771 772 772 773 773 745 746 774 775 775 776 777 778 778 779 780 751 781 782 782 753 783 783 784 785 786 756 757 787 787 788
758 759 760 789 789 790 791 791 764 765 792 792 793 794 794 795 796 797 770 798 799 799 800 801 802 803 774 804 805 805 777 806 806 779 780 807 807 808 809 810 810 811 811 785 812 812 813 813 814 788
815 816 817 818 818 819 820 821 822 822 823 824 824 825 825 795 796 797 826 798 827 827 800 801 802 828 828 829 830 830 831 832 832 833 833 834 834 808 835 835 836 837 837 838 839 839 840 840 814 841
815 816 817 842 842 819 843 821 844 844 823 845 845 846 846 847 848 848 826 849 850 850 851 852 852 853 854 829 855 855 856 857 857 858 858 859 859 860 860 861 861 862 862 838 863 864 864 865 865 841
866 866 867 868 869 870 843 871 871 872 872 873 874 875 876 876 877 877 878 879 880 880 851 881 882 882 854 883 884 884 856 885 886 886 887 888 888 889 890 891 891 892 893 893 894 894 895 896 897 898
899 899 867 868 869 870 900 900 901 901 902 873 903 875 904 905 906 906 878 879 907 907 908 909 910 910 911 911 912 913 913 885 914 915 915 916 916 889 890 917 918 892 919 919 920 921 921 896 897 922
923 923 924 925 926 926 927 927 928 929 930 930 903 931 904 932 933 934 935 936 937 938 938 909 939 940 940 941 912 942 942 943 944 944 945 945 946 947 948 917 918 949 949 950 920 951 952 953 953 922
954 955 955 925 956 957 957 958 958 929 959 959 960 931 961 932 933 934 935 936 937 962 963 963 964 965 965 941 966 966 967 967 968 968 969 970 970 947 948 971 971 972 972 973 973 974 952 975 976 976
977 978 978 979 956 980 981 981 982 983 983 984 985 986 961 987 988 988 989 990 991 991 992 993 964 994 994 995 995 996 997 997 998 998 969 999 999 1000 1001 1002 1003 1003 1004 1005 1005 974 1006 975 1007 1007
977 1008 1008 979 1009 980 1010 1010 982 1011 1011 984 985 986 1012 1013 1013 1014 989 990 1015 1016 992 993 1017 1017 1018 1018 1019 1019 1020 1021 1022 1023 1023 1024 1025 1025 1001 1002 1026 1026 1004 1027 1028 1028 1006 1029 1029 1030
1031 1032 1032 1033 1009 1034 1035 1035 1036 1037 1037 1038 1039 1040 1012 1041 1042 1043 1044 1044 1015 1016 1045 1046 1046 1047 1048 1049 1049 1050 1051 1021 1022 1052 1052 1024 1053 1053 1054 1055 1055 1056 1056 1057 1057 1058 1059 1060 1061 1030
1031 1062 1063 1063 1064 1034 1065 1066 1036 1067 1068 1038 1039 1040 1069 1041 1042 1043 1070 1070 1071 1071 1045 1072 1073 1047 1048 1074 1074 1075 1051 1076 1077 1077 1078 1079 1080 1080 1054 1081 1081 1082 1082 1083 1083 1058 1059 1060 1061 1084
1085 1062 1086 1086 1087 1087 1065 1066 1088 1088 1068 1089 1090 1090 1091 1091 1092 1093 1094 1094 1095 1095 1096 1072 1073 1097 1097 1098 1098 1075 1099 1076 1100 1101 1078 1079 1102 1102 1103 1103 1104 1104 1105 1105 1106 1107 1108 1109 1110 1110
1085 1111 1112 1113 1114 1115 1115 1116 1117 1117 1118 1089 1119 1119 1120 1120 1121 1093 1122 1123 1124 1124 1096 1125 1126 1126 1127 1128 1128 1129 1130 1130 1100 1131 1131 1132 1133 1133 1134 1135 1136 1137 1137 1138 1139 1107 1108 1109 1140 1140
1141 1111 1112 1113 1114 1142 1142 1116 1143 1143 1118 1144 1145 1146 1147 1147 1121 1148 1122 1123 1149 1149 1150 1151 1152 1152 1127 1153 1153 1129 1154 1155 1156 1156 1157 1157 1158 1159 1134 1135 1136 1160 1161 1138 1139 1162 1163 1163 1164 1164
1141 1165 1165 1166 1166 1167 1168 1169 1169 1170 1170 1144 1145 1146 1171 1172 1172 1148 1173 1174 1175 1175 1176 1151 1177 1177 1178 1179 1179 1180 1154 1155 1181 1182 1183 1183 1158 1159 1184 1185 1186 1160 1187 1187 1188 1188 1189 1189 1190 1190
1191 1192 1192 1193 1194 1194 1168 1195 1196 1196 1197 1198 1199 1200 1171 1201 1201 1202 1173 1174 1203 1203 1176 1204 1205 1206 1207 1208 1209 1210 1210 1211 1181 1212 1212 1213 1214 1215 1184 1185 1186 1216 1217 1217 1218 1218 1219 1220 1220 1221
1222 1223 1223 1224 1224 1225 1226 1227 1228 1228 1197 1198 1199 1200 1229 1229 1230 1202 1231 1232 1233 1233 1234 1234 1205 1206 1207 1208 1235 1235 1236 1211 1237 1237 1238 1213 1214 1215 1239 1240 1240 1216 1241 1242 1242 1243 1219 1244 1244 1221
1222 1245 1245 1246 1246 1247 1226 1227 1248 1249 1250 1251 1251 1252 1253 1254 1255 1256 1231 1232 1257 1258 1258 1259 1260 1261 1261 1262 1262 1263 1236 1264 1265 1266 1238 1267 1267 1268 1268 1269 1270 1271 1271 1272 1273 1273 1274 1275 1275 1276
1277 1278 1278 1279 1279 1247 1280 1281 1248 1282 1250 1283 1283 1252 1253 1254 1255 1256 1284 1285 1257 1286 1287 1259 1260 1288 1288 1289 1289 1263 1290 1290 1265 1266 1291 1292 1293 1293 1294 1269 1295 1295 1296 1297 1298 1299 1299 1300 1300 1276
1277 1301 1302 1302 1303 1303 1280 1304 1304 1282 1305 1306 1307 1307 1308 1309 1310 1310 1284 1311 1311 1312 1287 1313 1313 1314 1314 1315 1315 1316 1317 1318 1318 1319 1291 1292 1320 1321 1322 1323 1324 1324 1296 1297 1325 1326 1326 1327 1328 1328
1329 1301 1330 1331 1331 1332 1332 1333 1334 1334 1305 1306 1335 1335 1308 1309 1336 1336 1337 1337 1338 1312 1339 1339 1340 1341 1341 1342 1342 1316 1317 1343 1343 1319 1344 1345 1345 1321 1322 1323 1346 1346 1347 1347 1325 1348 1348 1327 1349 1349
73 16 79 46 51 11 34 40 93 22 74 47 61 81 0 78 35 64 30 82 53 83 95 24 17 63 6 72 78 13 95 13 45 14 5 37 5 34 76 88 68 33 96 68 24 20 36 12 6 72
4 32 36 14 41 95 2 0 13 80 91 36 64 5 77 12 48 78 92 69 98 2 59 47 39 0 43 58 30 27 45 25 88 16 31 62 11 12 79 15 53 10 27 62 41 42 76 5 96 6
23 7 0 22 21 4 51 87 60 70 44 8 1 6 42 38 30 46 94 75 23 50 76 21 28 25 99 74 79 25 65 35 60 49 77 63 0 83 3 99 74 80 85 63 7 55 96 32 15 75
58 83 98 72 86 48 33 97 28 32 40 21 67 96 22 77 2 84 16 77 91 65 75 67 39 21 54 85 47 52 62 97 34 92 80 87 83 0 85 22 6 78 77 68 62 69 0 61 70 61
35 29 85 36 67 96 45 34 94 35 99 7 30 40 31 26 11 7 17 62 54 66 87 31 62 82 59 82 17 62 39 34 82 71 38 26 84 21 11 46 46 37 94 82 4 20 58 62 86 70
33 25 20 38 87 34 86 84 48 89 97 27 74 38 29 83 81 36 3 97 76 51 34 68 49 80 21 52 96 87 62 19 80 85 24 10 75 72 56 9 23 68 27 76 22 49 54 59 11 58
98 8 86 27 93 77 25 72 8 35 69 17 67 98 5 85 60 8 44 67 71 46 7 82 71 55 92 43 48 11 53 28 12 27 42 66 35 59 4 63 34 61 49 7 27 49 44 13 3 80
54 67 74 75 92 22 90 60 8 30 3 34 41 4 89 94 31 66 77 48 96 45 18 97 6 5 33 52 10 29 50 66 27 16 57 55 49 37 53 0 69 16 37 14 96 7 49 64 11 62
43 52 26 18 89 7 93 52 49 41 25 17 93 15 92 45 13 26 21 48 21 6 49 39 33 85 29 42 9 38 3 86 54 58 95 39 91 58 66 86 90 34 72 39 8 86 50 67 46 90
55 47 7 27 62 81 93 63 89 95 83 14 38 2 23 97 75 83 48 55 52 50 92 30 44 8 62 65 30 20 43 71 92 55 94 10 3 72 73 83 18 96 62 20 78 8 11 39 9 84
65 22 17 73 13 99 19 43 30 80 48 32 39 61 78 68 49 44 78 24 56 54 4 51 35 59 71 11 64 47 35 98 69 1 80 61 42 10 7 19 64 6 17 50 61 29 18 60 68 75
51 10 54 91 40 46 23 77 75 94 99 67 47 52 9 18 18 34 22 64 68 20 33 58 92 49 73 1 51 54 20 9 38 31 59 42 14 24 86 68 3 37 84 89 78 31 63 33 96 1
79 31 99 24 74 87 30 19 66 62 92 72 51 82 22 26 8 65 57 91 85 16 41 39 81 44 91 25 90 45 78 7 14 27 82 32 30 61 29 1 38 78 88 86 16 26 40 80 30 51
1 87 31 74 14 52 63 24 65 53 70 38 96 66 97 78 88 91 76 66 89 35 77 5 35 71 15 71 84 1 46 88 53 1 69 94 61 93 97 9 27 14 9 35 40 55 99 3 60 35
43 59 88 30 34 66 16 9 49 70 87 71 58 55 91 19 0 40 56 93 89 47 9 78 81 47 86 11 23 86 35 98 12 42 97 28 21 97 85 10 18 66 45 77 52 25 83 91 64 73
37 49 74 32 21 83 37 68 35 59 80 56 56 51 24 3 69 24 86 86 70 19 83 47 66 47 35 49 20 68 60 81 37 96 78 53 61 64 23 88 41 48 33 20 61 98 57 80 30 42
71 94 47 76 3 62 9 86 97 48 43 52 70 41 62 0 52 51 66 18 78 91 11 83 2 5 35 75 36 54 83 37 14 9 98 44 77 2 8 39 81 90 44 60 68 0 73 1 2 68
75 63 11 98 67 99 58 77 62 83 17 12 90 82 75 18 57 18 5 66 87 85 66 40 22 57 91 58 14 37 11 79 6 61 4 36 78 93 84 40 80 77 89 15 43 96 16 22 23 13
77 78 1 41 49 80 92 62 32 98 88 6 8 73 65 55 64 73 38 15 20 8 77 22 22 11 52 78 97 82 63 50 81 27 9 41 61 7 3 19 25 63 52 38 67 13 0 39 70 4
79 49 80 95 18 29 31 36 6 6 88 32 81 55 27 26 38 64 98 1 11 35 60 5 6 16 75 73 22 53 63 45 5 30 71 95 35 61 34 20 33 80 53 6 34 64 66 66 73 72
96 40 64 86 60 43 41 72 13 31 95 90 53 86 34 87 14 15 67 92 2 35 3 54 21 18 57 54 53 57 82 64 16 18 69 85 97 72 32 24 8 29 92 96 49 40 87 48 62 51
65 12 78 30 61 19 75 65 99 85 99 63 28 58 1 96 44 56 25 19 97 10 41 77 60 62 68 16 10 18 81 66 2 21 36 73 20 24 71 74 29 5 71 40 63 92 33 37 44 97
10 77 64 36 39 91 26 22 45 97 92 62 62 44 79 28 67 22 52 68 3 32 64 18 76 77 69 10 23 15 64 97 30 83 26 59 4 38 27 74 59 56 19 10 15 64 77 19 90 94
39 0 34 82 97 64 82 34 58 35 83 14 27 15 96 98 44 77 58 58 51 3 5 20 90 59 74 20 21 47 94 54 2 86 39 80 79 24 13 93 70 52 53 61 33 7 96 10 39 64
68 9 87 59 26 79 13 76 70 80 11 90 44 45 11 22 78 85 94 70 17 50 99 10 0 90 81 27 73 91 20 62 83 21 45 96 47 93 28 28 77 87 39 91 87 78 27 34 80 46
70 57 3 68 52 11 63 85 8 86 26 5 83 88 79 49 52 81 84 3 11 5 82 83 39 55 6 27 41 12 50 68 69 38 81 42 93 54 41 35 97 16 53 70 0 46 75 77 92 60
41 46 73 78 82 92 94 73 31 42 77 10 75 37 54 62 86 70 92 11 84 22 85 60 50 8 88 81 90 45 51 22 30 52 16 26 3 80 37 61 12 59 51 53 1 98 41 76 85 79
9 58 54 59 93 56 95 73 47 31 29 37 31 22 50 95 32 63 33 24 40 86 33 68 57 88 54 98 27 75 6 97 60 3 12 32 90 68 35 32 83 9 74 29 76 60 72 71 23 12
80 86 64 88 42 37 64 50 37 29 85 53 67 50 86 21 22 10 9 43 64 16 46 99 41 33 28 20 46 62 82 12 50 31 14 94 46 32 16 98 46 41 21 64 83 71 25 88 40 81
51 14 32 12 93 83 53 96 49 39 84 2 64 92 6 86 58 57 64 78 32 50 63 75 57 85 71 7 91 76 99 48 11 42 74 12 25 68 21 75 95 78 90 47 31 22 99 5 0 24
21 5 59 33 42 26 88 4 2 23 67 61 76 35 52 60 69 40 26 44 62 55 88 98 93 56 66 96 72 95 11 70 40 6 28 24 75 99 46 90 40 56 91 76 74 7 35 6 80 99
84 23 21 56 12 5 34 25 36 85 25 73 49 27 77 81 55 14 12 13 21 23 81 7 84 78 42 60 45 64 80 64 19 93 47 92 67 26 77 74 30 43 10 15 76 16 83 36 94 10
64 80 98 90 77 50 2 88 2 77 66 15 28 31 41 11 79 34 97 0 88 81 18 52 64 48 83 98 15 44 13 39 31 27 19 13 26 86 19 40 85 89 63 29 72 37 6 88 18 41
45 51 96 97 66 70 30 77 7 89 2 35 4 26 57 62 1 50 56 66 38 14 63 98 94 81 0 81 48 76 37 6 44 36 55 61 69 4 68 52 81 53 56 42 87 57 85 35 96 86
54 84 26 81 31 10 91 70 79 87 26 28 19 7 9 64 49 93 88 10 23 96 81 54 41 51 41 64 49 51 62 81 0 15 5 52 38 56 86 10 60 70 2 43 96 61 31 35 82 63
83 95 85 9 5 47 2 80 41 68 0 91 46 91 23 40 25 6 82 72 30 14 93 78 84 24 53 21 89 4 98 64 7 27 62 8 18 3 37 88 85 25 50 80 56 38 39 12 48 34
17 29 94 60 59 42 83 12 50 33 72 59 54 20 11 87 27 35 86 56 80 2 22 15 85 4 38 33 27 78 4 37 25 78 94 2 39 21 42 46 50 13 77 5 28 70 86 91 5 95
41 44 66 65 5 88 88 56 18 77 16 47 76 47 9 62 39 45 95 46 69 30 28 90 16 70 25 52 57 71 46 90 22 31 24 11 11 47 26 57 41 48 74 73 64 28 68 79 12 86
32 58 53 52 71 63 64 61 25 50 54 9 45 40 91 60 8 85 98 55 19 76 13 17 80 9 87 40 41 27 3 72 51 87 60 23 35 98 70 58 89 79 62 28 81 28 9 32 77 8
94 69 44 38 84 27 65 13 32 41 1 78 30 32 89 30 29 98 84 44 9 46 2 39 54 96 76 3 81 41 70 93 11 19 0 89 62 18 26 48 18 86 61 4 26 73 36 13 75 36
26 68 51 38 71 77 84 29 45 3 54 60 47 74 89 43 71 81 55 0 58 94 85 36 74 28 59 53 18 86 5 25 78 47 66 31 25 75 1 4 34 38 47 39 53 43 64 14 79 74
37 7 51 47 14 80 14 11 89 22 81 0 58 4 81 12 48 99 61 42 11 33 20 22 41 90 69 11 51 40 50 16 73 51 46 92 37 3 78 84 28 86 44 24 60 58 83 3 14 49
8 29 82 35 6 61 82 6 80 68 78 82 14 43 48 67 3 20 37 56 42 45 96 62 17 38 17 63 13 41 13 97 16 74 78 43 15 6 47 12 26 91 67 48 32 77 95 84 10 40
96 75 97 73 17 8 74 35 19 13 20 58 36 9 55 69 21 12 35 4 84 50 67 67 95 12 77 92 76 97 39 37 70 33 24 12 7 36 29 64 93 88 74 86 13 20 96 5 88 65
2 32 1 33 57 49 14 23 70 60 66 22 74 80 13 7 28 27 53 87 85 70 45 8 16 53 86 60 50 46 56 73 61 3 21 11 25 14 39 27 32 15 42 91 22 48 18 88 27 5
62 50 78 2 1 63 52 72 28 57 19 27 3 34 58 60 43 27 90 49 81 18 94 76 65 88 94 77 24 27 41 13 86 20 60 2 4 52 30 45 77 69 76 9 66 41 69 66 40 46
26 11 4 13 88 75 80 80 48 58 55 66 52 82 36 74 66 45 17 32 49 45 74 81 69 22 37 94 25 89 35 86 10 94 50 44 15 50 16 86 32 57 94 34 44 76 16 80 51 88
57 4 89 79 59 3 52 10 83 33 60 5 97 34 0 27 2 22 63 82 75 75 40 42 41 94 62 65 81 6 38 23 94 16 85 98 36 36 30 84 24 3 31 0 86 65 69 80 75 41
52 55 44 12 45 93 68 8 78 49 56 54 72 23 50 28 85 87 12 48 51 42 69 72 77 63 89 46 54 79 47 66 30 20 34 38 15 19 26 85 34 33 47 72 26 55 6 70 93 23
15 62 82 85 52 4 33 94 29 69 36 83 87 25 53 90 38 83 77 9 24 68 5 47 90 71 83 0 72 83 41 70 39 67 36 46 94 62 61 29 66 58 40 56 90 59 32 59 10 79
