13 3
0 1 2 3 4 4 5 6 6 7 8 9 9 10 11 12 13 13 14 15 16 16 17 17 18 18 19 20 20 21 22 22 23 24 24 25 26 27 27 28 29 29 30 31 32 33 34 34 35 35
36 1 2 3 37 38 5 39 39 7 8 40 41 41 11 12 42 43 14 15 44 44 45 46 46 47 19 48 48 21 49 49 23 50 51 25 52 52 53 54 55 55 30 56 32 57 57 58 58 59
36 60 60 61 37 62 62 63 63 64 65 40 66 66 67 68 42 43 69 70 71 72 45 73 73 47 74 74 75 76 76 77 78 78 51 79 79 80 53 54 81 82 82 56 83 83 84 85 85 59
86 87 88 61 89 89 90 90 91 91 65 92 93 93 67 68 94 95 69 70 96 72 97 97 98 98 99 100 100 101 101 102 102 103 103 104 104 105 106 106 81 107 107 108 109 110 84 111 112 112
86 87 88 113 113 114 115 116 116 117 117 92 118 118 119 120 94 95 121 121 96 122 123 123 124 124 99 125 126 126 127 127 128 129 129 130 131 105 132 132 133 134 135 135 109 110 136 136 137 138
139 139 140 140 141 114 115 142 143 144 144 145 145 146 119 147 148 148 149 149 150 150 151 151 152 152 153 153 154 154 155 156 128 157 157 130 131 158 159 159 133 134 160 160 161 162 163 163 137 138
164 165 165 166 141 167 168 142 143 169 169 170 170 171 172 147 173 173 174 174 175 176 177 178 178 179 180 181 181 182 155 156 183 184 184 185 185 158 186 186 187 188 188 189 161 162 190 191 192 193
194 194 195 196 196 167 197 197 198 198 199 200 200 171 172 201 202 203 204 204 205 176 206 206 207 207 180 208 208 209 210 210 211 212 213 213 214 215 216 216 217 218 218 189 219 220 190 191 192 193
221 222 195 223 223 224 224 225 226 226 199 227 227 228 229 201 202 203 230 231 205 232 232 233 234 234 235 236 237 209 238 238 211 212 239 239 214 215 240 241 217 242 242 243 219 220 244 245 245 246
221 222 247 248 248 249 250 250 251 252 252 253 254 254 229 255 256 256 257 231 258 258 259 233 260 261 235 236 237 262 262 263 263 264 265 265 266 267 240 268 269 270 271 271 272 272 244 273 274 246
275 275 276 276 277 249 278 278 251 279 280 280 281 281 282 255 283 284 257 285 286 286 287 288 289 261 290 291 292 293 294 294 295 296 296 297 266 298 298 268 269 270 299 300 300 301 302 273 303 304
305 306 306 307 308 308 309 310 310 311 311 312 312 313 282 314 283 284 315 316 317 317 287 288 289 318 290 291 292 319 320 321 322 322 323 297 324 324 325 326 327 327 328 328 329 330 302 331 303 304
305 332 333 307 334 334 335 336 336 337 338 339 339 313 340 314 341 342 315 316 343 343 344 345 345 346 346 347 347 319 348 321 349 349 323 350 350 351 351 326 352 352 353 354 329 330 355 355 356 356
357 332 333 358 359 360 335 361 361 337 338 362 363 363 364 364 341 365 366 366 367 367 344 368 369 370 371 372 373 374 348 375 375 376 377 378 379 380 380 381 382 383 384 354 385 385 386 386 387 388
357 389 389 358 359 390 390 391 391 392 392 362 393 394 395 396 396 365 397 397 398 399 400 368 369 370 401 372 373 402 402 403 403 376 377 378 404 404 405 405 382 383 384 406 407 407 408 408 387 409
410 411 411 412 413 414 415 416 416 417 417 418 393 394 395 419 420 421 421 422 422 399 423 423 424 424 401 425 426 426 427 428 429 430 431 431 432 433 434 435 435 436 436 406 437 437 438 439 440 409
441 441 442 443 413 414 444 444 445 446 447 418 448 449 449 419 420 450 450 451 451 452 452 453 453 454 454 425 455 455 427 428 429 430 456 457 432 433 458 459 460 461 462 463 463 464 438 439 440 465
466 466 442 443 467 468 468 469 445 470 447 471 448 472 472 473 473 474 474 475 476 477 477 478 479 480 481 482 483 483 484 484 485 486 486 457 487 488 458 459 460 461 462 489 489 464 490 491 492 465
493 493 494 494 467 495 496 469 497 470 498 498 499 499 500 500 501 502 502 475 503 503 504 504 479 505 481 482 506 507 508 509 485 510 510 511 487 488 512 513 513 514 515 515 516 517 490 491 492 518
519 520 520 521 522 495 496 523 523 524 524 525 525 526 527 528 501 529 529 530 530 531 532 532 533 505 534 534 506 507 508 509 535 535 536 536 537 538 538 539 540 540 541 542 516 517 543 544 545 546
519 547 548 549 522 550 550 551 551 552 552 553 554 555 527 556 556 557 558 559 559 560 560 561 533 562 563 563 564 565 566 566 567 567 568 568 537 569 570 539 571 572 541 542 573 574 575 544 545 546
576 547 548 549 577 578 579 580 581 582 582 553 554 555 583 583 584 557 558 585 586 586 587 588 589 562 590 591 564 592 593 594 594 595 596 596 597 569 570 598 571 572 599 599 573 574 575 600 601 602
603 604 605 606 577 578 579 580 581 607 607 608 609 610 611 611 584 612 612 585 613 613 587 588 614 615 590 616 616 592 593 617 618 595 619 619 597 620 620 598 621 621 622 623 623 624 625 625 601 602
603 604 605 606 626 627 627 628 629 630 631 608 609 610 632 632 633 633 634 634 635 635 636 636 614 615 637 637 638 639 639 640 618 641 641 642 643 643 644 644 645 645 646 646 647 648 649 650 651 651
652 652 653 654 655 655 656 657 629 630 631 658 658 659 660 660 661 662 663 664 664 665 665 666 667 668 669 669 670 670 671 640 672 673 673 642 674 674 675 675 676 677 678 678 647 648 649 650 679 679
680 681 653 654 682 682 656 657 683 683 684 685 685 686 687 688 661 689 663 690 691 692 692 666 667 668 693 694 694 695 671 696 696 697 698 698 699 699 700 700 676 677 701 702 702 703 703 704 705 706
680 681 707 708 708 709 709 710 710 711 684 712 712 686 687 688 713 689 714 690 691 715 716 717 717 718 693 719 719 720 720 721 722 722 723 723 724 724 725 725 726 726 701 727 727 728 729 704 705 706
730 731 731 732 732 733 734 735 735 711 736 736 737 737 738 738 713 739 739 740 741 715 716 742 742 718 743 744 745 746 747 748 749 750 750 751 751 752 752 753 754 755 756 756 757 757 729 758 759 759
760 761 762 763 764 764 734 765 766 767 767 768 768 769 770 771 772 772 773 773 741 774 774 775 776 776 743 744 777 746 747 748 778 778 779 779 780 780 781 753 754 755 782 783 784 784 785 786 787 787
760 761 762 763 788 788 789 765 766 790 791 792 792 769 770 771 793 793 794 794 795 796 797 775 798 798 799 799 777 800 800 801 801 802 803 804 804 805 806 806 807 807 782 783 808 809 785 786 810 810
811 811 812 812 813 813 789 814 814 790 791 815 816 817 818 819 819 820 820 821 821 796 822 823 823 824 825 825 826 827 827 828 828 802 829 830 831 832 832 833 833 834 835 836 808 809 837 837 838 838
839 840 841 841 842 842 843 843 844 844 845 815 816 817 818 846 846 847 848 849 850 850 822 851 852 824 853 854 826 855 855 856 856 857 829 858 831 859 859 860 860 834 835 861 861 862 863 863 864 864
839 840 865 865 866 866 867 867 868 869 845 870 871 872 872 873 873 847 874 849 875 876 877 877 852 878 878 854 879 879 880 881 881 882 882 858 883 883 884 884 885 886 886 887 887 862 888 889 890 890
891 892 893 893 894 894 895 895 868 869 896 870 871 897 897 898 899 899 874 900 875 876 901 901 902 903 903 904 905 906 880 907 908 908 909 910 911 911 912 912 913 913 914 915 916 916 888 889 917 918
891 892 919 919 920 920 921 922 923 923 924 925 926 927 928 898 929 930 931 932 933 933 934 935 935 936 936 904 905 906 937 937 938 938 909 939 940 941 941 942 943 943 914 915 944 944 945 945 917 918
946 947 948 949 950 950 921 951 952 952 924 925 926 927 928 953 953 930 931 932 954 954 934 955 956 957 957 958 959 959 960 961 962 962 963 939 964 965 966 966 967 967 968 968 969 970 971 972 972 973
946 947 948 974 975 975 976 951 977 978 978 979 980 981 982 983 984 984 985 985 986 987 988 955 956 989 989 990 990 991 992 961 993 993 963 994 964 965 995 996 996 997 998 999 969 970 971 1000 1001 973
1002 1003 1003 974 1004 1005 976 1006 977 1007 1007 979 980 981 982 1008 1008 1009 1010 1010 1011 987 1012 1012 1013 1014 1015 1016 1016 991 992 1017 1018 1018 1019 994 1020 1021 995 1022 1022 997 1023 999 1024 1024 1025 1025 1001 1026
1002 1027 1027 1028 1004 1005 1029 1030 1030 1031 1031 1032 1033 1033 1034 1035 1036 1009 1037 1037 1011 1038 1039 1040 1013 1041 1015 1042 1043 1044 1045 1046 1047 1048 1019 1049 1020 1021 1050 1051 1052 1052 1023 1053 1053 1054 1055 1056 1057 1026
1058 1059 1060 1060 1061 1062 1063 1064 1065 1066 1066 1032 1067 1067 1068 1035 1036 1069 1070 1071 1071 1038 1039 1072 1073 1041 1074 1042 1043 1044 1045 1046 1047 1048 1075 1049 1076 1077 1077 1051 1078 1079 1079 1080 1080 1054 1081 1056 1057 1082
1083 1059 1084 1085 1085 1062 1063 1064 1086 1087 1088 1088 1089 1089 1068 1090 1090 1069 1091 1091 1092 1092 1093 1072 1073 1094 1074 1095 1095 1096 1096 1097 1097 1098 1098 1099 1099 1100 1100 1101 1101 1102 1102 1103 1104 1105 1081 1106 1106 1082
1083 1107 1108 1109 1109 1110 1111 1111 1086 1112 1112 1113 1113 1114 1114 1115 1116 1117 1118 1118 1119 1119 1093 1120 1120 1121 1121 1122 1122 1123 1123 1124 1125 1126 1127 1128 1129 1130 1131 1131 1132 1132 1133 1103 1104 1134 1134 1135 1136 1136
1137 1138 1108 1139 1139 1110 1140 1141 1142 1143 1144 1145 1146 1147 1147 1115 1116 1148 1148 1149 1150 1150 1151 1151 1152 1152 1153 1153 1154 1155 1155 1124 1125 1126 1156 1128 1129 1130 1157 1157 1158 1158 1159 1159 1160 1160 1161 1162 1163 1164
1137 1138 1165 1165 1166 1166 1140 1141 1142 1143 1144 1145 1167 1168 1169 1170 1170 1171 1172 1149 1173 1174 1174 1175 1175 1176 1176 1177 1177 1178 1179 1180 1181 1181 1156 1182 1183 1184 1184 1185 1186 1186 1187 1188 1189 1189 1161 1162 1163 1164
1190 1190 1191 1191 1192 1193 1193 1194 1195 1195 1196 1196 1167 1168 1197 1198 1199 1171 1172 1200 1173 1201 1202 1202 1203 1204 1205 1205 1206 1206 1179 1180 1207 1208 1209 1182 1183 1210 1211 1185 1212 1212 1187 1188 1213 1213 1214 1214 1215 1216
1217 1218 1219 1220 1220 1221 1222 1222 1223 1224 1224 1225 1225 1226 1197 1198 1199 1227 1228 1229 1229 1201 1230 1231 1232 1204 1233 1234 1234 1235 1236 1236 1207 1208 1209 1237 1238 1238 1211 1239 1239 1240 1241 1242 1243 1244 1245 1245 1246 1216
1217 1218 1247 1247 1248 1248 1249 1249 1250 1250 1251 1251 1252 1226 1253 1254 1255 1256 1228 1257 1257 1258 1258 1231 1232 1259 1259 1260 1260 1235 1261 1262 1262 1263 1263 1237 1264 1265 1266 1266 1267 1240 1241 1268 1243 1244 1269 1269 1246 1270
1271 1272 1273 1274 1275 1276 1277 1277 1278 1278 1279 1280 1281 1282 1253 1254 1255 1256 1283 1284 1284 1285 1285 1286 1286 1287 1288 1289 1289 1290 1290 1291 1291 1292 1293 1293 1264 1265 1294 1294 1267 1295 1295 1268 1296 1297 1298 1299 1300 1270
1271 1272 1273 1301 1275 1302 1302 1303 1303 1304 1279 1280 1281 1282 1305 1306 1306 1307 1283 1308 1308 1309 1309 1310 1311 1311 1288 1312 1313 1313 1314 1315 1316 1317 1317 1318 1319 1319 1320 1321 1321 1322 1322 1323 1296 1297 1298 1299 1300 1324
1325 1325 1326 1301 1327 1327 1328 1328 1329 1329 1330 1330 1331 1332 1332 1333 1333 1307 1334 1334 1335 1335 1336 1310 1337 1338 1338 1339 1339 1340 1314 1315 1316 1341 1341 1318 1342 1342 1320 1343 1344 1344 1345 1323 1346 1347 1347 1348 1348 1324
8 50 72 2 30 4 89 73 45 85 76 42 96 83 88 66 51 19 66 14 27 32 15 56 19 3 96 69 62 19 0 19 2 22 38 4 0 19 36 70 24 28 2 40 15 97 27 23 6 41
34 57 28 97 99 39 28 70 80 44 71 66 56 15 49 44 94 42 49 16 47 10 68 90 15 28 71 95 88 62 8 6 11 77 42 82 36 81 61 81 63 64 16 83 35 14 52 73 70 82
73 14 19 22 13 26 2 19 26 5 48 83 19 71 63 75 89 73 24 96 34 23 17 33 33 61 6 14 30 64 62 70 89 22 87 26 13 1 24 62 44 83 63 75 79 27 57 62 99 21
89 21 5 26 90 79 47 79 10 8 68 83 41 69 18 39 94 94 40 94 66 78 50 41 33 96 91 59 7 24 14 41 17 95 29 31 12 15 8 14 65 8 53 60 13 7 69 27 43 65
25 26 30 53 35 35 60 16 4 34 81 28 73 79 31 60 40 36 92 13 71 11 84 52 2 13 77 36 90 67 28 72 91 31 44 65 80 65 28 16 13 66 33 66 57 7 55 29 80 32
60 95 89 56 68 84 7 68 74 97 67 83 42 68 62 7 12 2 74 37 99 7 70 97 8 4 13 93 4 50 96 90 59 98 94 33 20 98 48 31 23 45 24 95 53 60 56 63 32 5
84 91 56 99 11 7 13 72 99 84 3 15 2 62 51 86 12 85 62 50 42 90 62 32 38 5 68 50 55 35 9 88 70 43 8 86 0 87 45 48 5 9 1 28 13 3 85 66 26 39
94 1 82 42 1 11 20 81 74 22 28 84 89 3 83 84 48 48 21 14 17 55 3 84 17 64 10 8 48 13 73 33 17 36 28 0 71 63 72 85 23 66 39 59 85 77 97 41 12 2
62 28 44 97 21 43 5 64 12 46 17 16 84 14 59 42 92 93 20 18 9 9 21 4 69 74 42 47 43 96 13 97 17 93 57 53 63 0 11 23 54 66 56 48 79 85 52 81 15 61
15 89 40 47 88 45 34 39 59 40 8 36 48 38 22 60 21 1 72 98 1 87 39 52 31 18 95 38 30 32 62 48 8 55 75 92 60 69 99 27 3 21 54 25 45 86 52 78 81 97
66 48 90 6 28 4 7 74 58 81 39 65 87 26 85 59 62 96 71 32 15 14 89 60 1 90 33 34 23 89 11 67 90 16 85 9 11 84 49 93 75 34 44 85 4 66 26 31 66 62
16 71 47 83 84 5 0 55 71 49 20 98 61 81 51 32 20 83 98 31 15 41 30 80 26 6 58 84 97 11 77 4 75 75 74 88 17 67 7 24 48 98 42 41 52 26 14 99 5 55
60 27 79 15 17 76 25 58 81 36 29 65 22 44 20 21 25 88 17 42 46 91 75 19 23 91 85 65 60 69 78 96 16 91 97 98 1 27 79 41 94 70 85 9 8 37 98 10 76 49
83 97 72 0 64 36 94 49 38 15 54 87 4 3 37 76 53 85 42 43 85 40 0 85 54 77 37 0 92 94 20 41 84 26 12 33 29 52 58 62 38 29 77 43 44 4 59 90 60 72
16 6 38 85 70 12 56 34 37 63 17 77 33 73 53 77 34 17 20 17 29 13 1 77 4 95 14 83 39 49 84 6 39 89 56 7 57 28 62 50 63 79 3 19 86 81 97 72 85 11
0 3 88 9 36 85 9 32 18 95 91 39 96 61 27 8 28 58 97 92 80 27 80 60 15 13 50 71 39 79 8 69 84 74 11 75 85 5 41 85 80 17 88 48 34 65 48 12 19 6
10 14 93 92 96 70 93 47 20 74 8 16 80 83 48 97 93 93 31 62 81 56 67 44 0 85 85 65 33 92 41 33 75 2 14 23 5 46 14 11 52 56 21 24 75 38 56 95 79 88
73 46 71 65 97 25 4 58 2 24 23 79 45 65 84 83 77 3 67 89 81 67 58 31 47 47 51 38 60 82 53 41 42 96 59 42 15 47 42 55 40 96 15 63 90 27 91 27 5 31
15 20 7 24 56 34 90 13 89 11 13 31 56 53 22 1 26 72 31 3 97 78 40 84 23 9 59 75 65 97 31 2 51 80 33 80 83 55 91 64 62 78 25 64 8 23 81 55 74 41
44 17 84 21 33 71 16 20 80 9 41 35 20 69 8 18 20 94 44 2 67 24 81 73 63 38 27 63 70 81 88 65 39 19 27 89 94 58 14 16 81 62 12 9 69 42 99 62 37 55
38 55 23 65 50 24 36 97 79 56 91 98 18 66 83 71 72 19 33 31 79 24 68 21 27 36 67 49 6 73 84 35 27 45 96 73 97 86 64 25 78 97 98 89 92 49 70 81 69 27
40 77 2 95 28 79 8 42 53 49 68 45 2 4 80 41 98 45 84 15 97 50 89 89 5 92 12 53 81 16 14 60 70 20 36 49 99 55 45 3 57 45 27 78 20 50 83 50 13 7
1 16 74 88 56 66 43 28 1 8 32 56 7 71 13 85 47 25 22 78 9 72 44 43 12 48 37 45 20 65 48 71 62 83 0 19 10 74 86 90 53 95 59 64 14 95 77 52 35 38
13 63 93 37 68 93 65 76 45 33 63 55 61 39 86 9 76 99 82 43 32 12 65 12 67 78 13 67 43 41 12 99 68 95 49 22 38 43 78 70 96 23 56 44 42 34 9 67 11 42
46 56 53 25 90 41 93 68 79 11 81 25 61 67 0 71 52 55 77 63 93 72 97 39 93 14 8 7 81 74 87 46 6 9 75 18 98 10 81 87 50 73 38 39 88 41 40 75 26 10
18 79 89 3 19 2 30 70 40 78 67 64 23 93 7 16 58 55 19 69 67 67 97 46 8 28 18 7 99 25 13 28 23 13 51 46 53 93 3 89 92 45 48 43 94 28 45 14 10 91
29 12 47 57 44 31 70 95 86 99 53 16 41 3 49 45 25 26 61 45 79 20 97 85 72 93 7 22 9 52 24 1 38 68 13 16 82 26 23 75 96 90 55 9 93 3 24 52 37 92
4 13 30 46 66 92 43 38 1 24 85 79 4 49 52 47 45 11 95 58 62 8 88 94 51 47 99 79 35 69 0 19 39 40 77 61 52 71 93 20 9 1 94 89 81 18 2 55 65 41
52 42 86 5 88 26 84 90 52 59 49 22 97 22 11 87 2 80 10 9 66 54 30 70 85 63 87 14 84 51 56 31 52 7 18 12 13 99 84 9 32 95 7 54 42 91 66 77 18 97
23 57 79 89 85 45 14 32 94 67 19 39 52 49 80 76 64 80 4 27 19 73 36 76 14 48 68 83 23 5 92 95 76 50 57 36 93 73 95 59 36 93 28 80 55 94 67 94 84 63
91 24 28 11 30 95 70 55 8 39 99 57 36 6 0 75 86 0 42 7 26 33 98 68 18 13 5 55 96 70 49 48 98 41 83 92 13 17 77 46 45 11 91 17 29 4 16 40 90 91
9 97 80 9 22 70 0 32 35 28 31 60 9 89 20 34 58 89 98 27 76 79 86 0 27 85 87 55 94 58 60 96 80 60 15 94 44 13 50 42 34 68 41 75 15 33 24 21 16 91
47 54 80 50 17 97 25 19 54 47 97 87 36 24 11 16 93 36 63 49 95 70 65 89 98 29 40 89 75 72 86 35 29 12 44 32 64 39 4 45 54 43 84 44 64 80 22 66 29 71
57 36 2 27 36 4 81 9 0 32 11 90 99 26 17 89 64 47 7 17 98 77 36 13 0 76 13 88 93 97 60 37 93 47 57 25 40 45 57 69 30 44 29 58 21 1 16 95 35 67
76 61 0 17 78 61 43 34 66 52 59 29 39 74 26 91 1 55 86 39 81 13 69 86 50 12 30 33 17 43 91 78 48 99 10 92 35 19 54 20 93 23 25 86 85 73 30 93 69 61
32 33 24 42 1 95 65 64 13 1 74 66 37 18 71 19 66 82 78 77 23 6 33 98 5 53 81 90 98 42 21 73 59 81 70 93 93 88 23 41 35 85 41 51 70 13 85 67 67 20
1 11 35 75 22 58 88 82 98 37 17 14 12 21 28 89 27 20 96 0 75 84 56 92 22 46 43 32 18 7 20 9 49 42 2 68 44 45 66 99 81 87 4 40 38 80 47 54 42 91
8 53 83 81 31 19 44 79 17 45 50 71 83 82 38 86 40 49 52 47 3 37 52 82 78 88 29 56 52 0 6 37 43 73 5 92 22 52 77 6 48 29 75 94 41 66 1 33 37 48
69 37 40 39 41 43 18 21 82 40 46 48 37 58 92 86 58 55 10 35 9 4 8 38 52 51 7 62 74 29 14 13 54 21 7 46 15 5 74 60 11 86 43 10 43 10 79 69 13 52
97 82 15 93 19 27 32 67 79 66 63 38 86 37 37 46 96 34 74 20 19 89 75 36 93 9 33 69 71 38 25 96 98 18 34 18 17 63 61 12 47 39 71 45 77 86 31 48 25 32
56 12 26 15 89 82 94 12 95 36 60 19 86 85 71 58 53 60 73 89 31 81 5 89 52 84 6 36 19 78 43 37 98 66 13 44 94 26 56 19 32 52 70 4 81 43 84 64 1 58
21 70 45 27 19 19 53 49 95 28 16 73 0 55 27 59 21 17 78 26 75 84 86 90 99 68 30 0 36 52 38 53 35 60 54 5 72 13 80 28 36 64 73 38 70 30 52 34 74 59
83 4 97 61 59 71 44 2 36 31 92 16 27 50 89 24 56 6 63 22 85 46 47 67 53 40 50 64 66 23 6 60 20 45 83 72 44 24 26 9 22 94 19 76 71 69 46 93 97 79
48 12 66 16 26 22 41 61 4 25 54 29 84 79 43 95 22 85 36 25 43 54 77 86 31 70 49 86 15 14 35 53 56 26 53 19 67 42 17 65 31 31 11 79 95 35 99 30 64 42
53 11 57 42 22 56 23 60 57 34 69 71 91 20 62 19 90 98 42 5 41 83 81 60 48 63 64 44 94 74 71 82 40 38 23 13 20 94 73 34 25 49 90 47 84 11 18 85 25 69
61 50 50 89 75 12 68 14 78 6 66 76 96 2 76 36 95 64 20 93 86 2 23 90 74 31 90 11 74 25 22 36 83 58 21 80 70 74 59 25 56 17 14 6 52 66 59 80 80 55
99 57 85 3 0 34 15 93 44 47 61 72 70 82 51 88 10 26 30 76 9 63 95 87 86 40 58 28 53 38 34 15 88 71 26 16 44 46 99 83 77 49 32 56 21 83 75 39 8 61
48 89 46 30 67 47 98 82 32 97 67 49 53 16 27 49 31 80 86 58 40 28 6 37 83 14 0 90 32 47 18 67 3 72 49 40 51 7 12 65 7 49 23 30 56 19 44 30 87 19
67 94 71 94 83 51 71 50 20 54 75 4 51 38 55 28 51 55 11 89 19 40 37 63 42 58 71 43 12 61 95 14 22 74 33 46 78 72 57 44 4 42 75 40 76 83 91 64 55 11
81 3 56 85 42 10 70 49 71 95 92 3 85 22 10 97 2 48 50 86 52 81 24 48 37 59 91 89 44 15 77 73 71 63 91 40 91 8 17 7 39 87 65 27 3 35 84 81 28 11
