0 1
0 0 1 2 2 3 3 4 5 5 6 6 7 8 9 10 10 11 12 13 13 14 15 16 16 17 18 18 19 20 21 22 22 23 24 25 26 27 28 28 29 29 30 31 32 33 33 34 35 36
37 37 38 38 39 39 40 4 41 41 42 42 7 8 9 43 43 11 12 44 44 14 15 45 45 46 46 47 19 20 21 48 48 23 49 25 26 27 50 51 52 53 30 31 32 54 55 56 35 36
57 58 58 59 60 61 61 62 62 63 64 64 65 66 67 67 68 68 69 70 70 71 71 72 72 73 74 47 75 76 76 77 77 78 49 79 80 81 50 51 52 53 82 82 83 83 55 56 84 84
85 86 87 59 60 88 88 89 89 63 90 90 65 91 91 92 93 94 69 95 96 97 97 98 98 73 74 99 75 100 101 102 102 103 103 79 80 104 105 106 107 108 109 110 111 111 112 113 114 114
85 86 87 115 115 116 117 117 118 119 119 120 121 122 122 92 93 123 123 95 96 124 125 125 126 126 127 99 128 100 101 129 129 130 130 131 131 104 105 106 107 108 109 110 132 132 112 113 133 134
135 136 137 138 138 116 139 139 118 140 140 120 121 141 142 143 143 144 145 146 146 124 147 147 148 149 150 151 152 153 153 154 154 155 156 156 157 158 159 159 160 160 161 161 162 162 163 163 133 134
135 136 164 165 165 166 166 167 167 168 168 169 170 141 171 171 172 173 145 174 174 175 176 176 148 149 150 151 152 177 178 178 179 155 180 181 181 158 182 182 183 184 184 185 186 186 187 188 189 189
190 190 164 191 191 192 192 193 193 194 194 169 170 195 196 196 172 173 197 198 199 175 200 200 201 202 202 203 203 177 204 205 179 206 180 207 207 208 208 209 209 210 211 211 212 213 187 188 214 214
215 215 216 216 217 218 218 219 220 221 221 222 222 195 223 223 224 224 197 198 199 225 225 226 226 227 227 228 229 230 204 231 231 232 232 233 234 235 236 236 237 237 238 238 212 239 240 240 241 241
242 242 243 243 217 244 245 219 220 246 247 248 249 250 251 252 252 253 253 254 254 255 255 256 257 257 258 228 229 230 259 260 260 261 262 233 234 235 263 263 264 265 265 266 266 239 267 268 269 269
270 271 272 273 274 244 275 276 277 246 278 248 249 250 251 279 280 280 281 281 282 282 283 283 284 285 258 286 287 287 288 289 290 290 262 291 292 292 293 294 294 295 296 296 297 298 299 268 300 300
270 271 272 273 301 302 275 276 277 303 278 304 305 306 306 279 307 307 308 309 309 310 311 312 284 285 313 313 314 314 288 289 315 316 316 317 318 318 319 319 320 320 321 322 297 298 299 323 323 324
325 326 327 327 301 302 328 329 330 330 331 304 305 332 333 333 334 334 308 335 336 310 311 337 337 338 338 339 340 340 341 342 343 344 345 317 346 347 348 349 350 350 321 322 351 352 353 353 354 354
325 355 355 356 357 358 328 359 359 360 331 361 361 362 362 363 363 364 364 335 336 365 365 366 366 367 367 339 368 369 341 342 343 344 370 370 346 347 348 349 371 371 372 373 351 374 374 375 375 376
377 378 379 356 357 358 380 380 381 360 382 382 383 383 384 384 385 385 386 387 388 389 390 391 392 392 393 393 394 369 395 396 396 397 397 398 399 399 400 400 401 401 372 402 403 403 404 405 405 376
377 378 379 406 407 408 408 409 381 410 410 411 412 413 414 415 416 416 386 387 388 389 390 391 417 418 418 419 394 420 421 421 422 422 423 423 424 425 425 426 426 427 427 402 428 428 404 429 429 430
431 431 432 432 407 433 434 434 435 435 436 411 412 413 414 437 437 438 439 439 440 441 441 442 442 443 443 419 444 420 445 446 447 448 448 449 449 450 451 451 452 452 453 454 455 455 456 457 458 430
459 459 460 461 462 463 463 464 464 465 436 466 466 467 467 468 468 438 469 470 440 471 472 473 474 475 476 476 444 477 445 446 447 478 478 479 479 480 480 481 481 482 453 454 483 484 485 457 486 487
488 488 460 461 489 489 490 491 491 465 492 493 494 494 495 495 496 496 469 470 497 497 472 473 474 475 498 498 499 500 500 501 502 503 504 505 506 507 507 508 509 482 510 510 511 484 485 512 486 487
513 514 515 515 516 516 517 518 519 520 492 493 521 521 522 522 523 523 524 525 526 526 527 528 529 530 531 531 532 532 533 534 502 503 504 505 535 536 536 508 509 537 538 539 511 540 540 512 541 541
542 514 543 544 544 545 517 518 519 520 546 546 547 548 548 549 550 550 524 525 551 551 527 528 552 530 553 553 554 555 556 534 557 558 558 559 535 560 561 561 562 537 538 539 563 564 565 565 566 567
542 568 543 569 570 545 571 571 572 572 573 573 574 575 576 576 577 578 579 580 580 581 581 582 552 583 583 584 554 555 556 585 557 586 586 587 588 560 589 589 590 590 591 592 592 564 593 594 566 595
596 568 597 597 570 598 598 599 599 600 600 601 574 575 602 603 577 578 579 604 604 605 605 606 606 607 607 584 608 608 609 610 610 611 611 587 588 612 613 614 615 616 617 618 619 620 620 594 621 595
596 622 622 623 624 624 625 626 627 628 629 601 630 631 602 632 632 633 634 635 636 637 637 638 638 639 640 640 641 641 609 642 642 643 643 644 644 612 613 614 615 645 617 618 619 646 646 647 621 648
649 650 651 652 653 654 654 626 655 628 629 656 656 631 657 657 658 633 634 635 659 660 661 661 662 639 663 664 665 666 667 668 669 670 671 671 672 673 674 675 676 645 677 678 679 680 680 647 681 682
649 650 651 652 683 683 684 685 655 686 687 687 688 689 690 691 658 692 692 693 659 694 695 696 662 697 663 664 665 666 667 668 669 670 698 699 699 673 674 675 676 700 677 678 679 701 702 703 681 682
704 704 705 706 706 707 707 685 708 708 709 710 688 689 690 691 711 711 712 712 713 694 695 714 714 697 715 715 716 717 718 719 720 721 698 722 723 724 724 725 725 700 726 727 727 701 702 703 728 728
729 730 705 731 731 732 732 733 734 735 709 710 736 737 737 738 739 740 741 741 713 742 742 743 743 744 744 745 716 717 718 719 720 746 746 747 723 748 749 749 750 750 726 751 752 753 753 754 754 755
729 756 757 758 759 760 761 733 734 735 762 762 736 763 763 738 739 764 764 765 765 766 767 767 768 769 770 770 771 772 773 773 774 774 775 747 776 777 778 778 779 779 780 751 752 781 781 782 782 755
783 756 784 758 759 785 761 786 787 788 789 789 790 790 791 791 792 792 793 794 794 795 796 796 768 769 797 797 771 772 798 798 799 800 775 801 801 777 802 802 803 804 804 805 806 807 807 808 808 809
810 810 784 811 811 785 812 786 787 813 813 814 815 816 816 817 818 818 793 819 819 795 820 820 821 822 822 823 823 824 825 826 826 800 827 827 828 829 830 830 803 831 831 805 806 832 833 833 834 834
835 836 837 838 839 840 841 842 842 843 843 814 815 844 845 846 846 847 848 848 849 850 851 852 852 853 854 855 855 824 856 856 857 858 858 859 860 829 861 862 863 863 864 865 866 866 867 867 868 868
835 836 837 869 839 840 841 870 871 871 872 872 873 844 845 874 875 847 876 876 849 850 877 878 878 853 879 880 880 881 882 883 883 884 884 859 860 885 861 862 886 887 887 865 888 889 889 890 890 891
892 893 894 869 895 895 896 870 897 897 898 899 900 900 901 874 902 902 903 904 905 906 877 907 908 908 879 909 910 910 882 911 912 913 914 915 915 916 916 917 886 918 919 920 920 921 921 922 923 923
892 893 924 924 925 925 896 926 926 927 928 899 929 930 930 931 931 932 903 904 905 933 933 907 934 934 935 909 936 937 938 938 912 913 914 939 939 940 941 942 943 944 919 945 946 947 947 922 948 949
950 951 951 952 953 953 954 955 956 956 928 957 929 958 959 960 961 962 963 963 964 965 965 966 967 968 968 969 936 937 970 970 971 972 973 973 974 940 941 942 943 944 975 945 946 976 977 977 948 978
950 979 979 952 980 980 981 955 982 982 983 984 985 958 959 960 961 962 986 987 988 989 989 966 967 990 990 969 991 992 993 994 971 972 995 995 974 996 997 998 998 999 1000 1000 1001 976 1002 1003 1004 978
1005 1006 1007 1008 1008 1009 981 1010 1011 1011 983 984 985 1012 1012 1013 1014 1014 1015 987 988 1016 1016 1017 1018 1018 1019 1019 991 992 993 994 1020 1021 1022 1022 1023 996 1024 1025 1025 999 1026 1027 1001 1028 1002 1003 1029 1030
1005 1006 1031 1032 1032 1009 1033 1034 1035 1036 1036 1037 1037 1038 1038 1013 1039 1039 1015 1040 1041 1042 1042 1017 1043 1044 1044 1045 1045 1046 1046 1047 1020 1021 1048 1049 1023 1050 1024 1051 1051 1052 1026 1027 1053 1028 1054 1055 1029 1030
1056 1056 1031 1057 1057 1058 1058 1034 1059 1059 1060 1061 1062 1062 1063 1064 1064 1065 1065 1040 1066 1067 1068 1068 1043 1069 1069 1070 1071 1072 1073 1073 1074 1075 1048 1049 1076 1077 1078 1078 1079 1079 1080 1080 1053 1081 1054 1082 1083 1083
1084 1085 1086 1087 1088 1088 1089 1089 1090 1090 1060 1061 1091 1091 1092 1092 1093 1093 1094 1095 1066 1096 1097 1097 1098 1099 1099 1070 1071 1072 1100 1100 1074 1075 1101 1102 1103 1077 1104 1104 1105 1105 1106 1107 1108 1081 1109 1082 1110 1111
1084 1085 1086 1087 1112 1112 1113 1114 1115 1116 1117 1117 1118 1119 1120 1121 1122 1123 1094 1095 1124 1096 1125 1125 1098 1126 1126 1127 1127 1128 1128 1129 1129 1130 1101 1102 1103 1131 1132 1133 1133 1134 1134 1107 1135 1135 1109 1136 1110 1111
1137 1137 1138 1139 1140 1140 1113 1114 1115 1116 1141 1142 1142 1119 1120 1121 1122 1143 1144 1145 1124 1146 1147 1147 1148 1149 1150 1150 1151 1152 1153 1153 1154 1155 1155 1156 1157 1131 1132 1158 1159 1159 1160 1160 1161 1162 1162 1136 1163 1164
1165 1165 1138 1139 1166 1167 1168 1169 1170 1171 1141 1172 1173 1174 1174 1175 1176 1143 1144 1145 1177 1177 1178 1178 1148 1149 1179 1180 1151 1152 1181 1182 1182 1183 1184 1184 1157 1185 1186 1158 1187 1188 1188 1189 1190 1190 1191 1192 1163 1193
1194 1194 1195 1195 1166 1167 1168 1169 1196 1171 1197 1172 1198 1199 1199 1175 1200 1200 1201 1201 1202 1203 1203 1204 1205 1206 1207 1180 1208 1208 1181 1209 1209 1183 1210 1211 1211 1185 1212 1212 1213 1213 1214 1189 1215 1216 1191 1192 1217 1193
1218 1219 1219 1220 1221 1222 1222 1223 1196 1224 1197 1225 1198 1226 1226 1227 1228 1229 1230 1231 1202 1232 1232 1204 1205 1206 1207 1233 1234 1235 1236 1236 1237 1237 1238 1239 1240 1240 1241 1242 1243 1243 1244 1245 1215 1216 1246 1246 1247 1247
1218 1248 1248 1220 1249 1249 1250 1223 1251 1251 1252 1225 1253 1253 1254 1254 1228 1255 1230 1231 1256 1257 1258 1258 1259 1259 1260 1233 1234 1235 1261 1262 1263 1263 1238 1239 1264 1265 1241 1242 1266 1267 1244 1268 1268 1269 1270 1271 1272 1272
1273 1274 1274 1275 1275 1276 1276 1277 1277 1278 1278 1279 1279 1280 1280 1281 1282 1255 1283 1284 1256 1257 1285 1285 1286 1286 1260 1287 1288 1288 1261 1262 1289 1289 1290 1290 1264 1291 1291 1292 1266 1267 1293 1294 1294 1269 1270 1271 1295 1295
1296 1296 1297 1297 1298 1299 1300 1301 1301 1302 1302 1303 1303 1304 1304 1305 1282 1306 1283 1284 1307 1307 1308 1309 1309 1310 1311 1312 1312 1313 1314 1315 1316 1317 1317 1318 1318 1319 1319 1292 1320 1321 1321 1322 1322 1323 1323 1324 1325 1326
1327 1327 1328 1328 1298 1299 1300 1329 1330 1330 1331 1331 1332 1333 1333 1305 1334 1306 1335 1335 1336 1336 1337 1337 1338 1310 1311 1339 1340 1340 1314 1315 1316 1341 1341 1342 1343 1343 1344 1344 1345 1345 1346 1347 1347 1348 1348 1324 1325 1326
78 40 45 40 96 89 5 76 79 68 88 66 14 28 22 97 57 29 60 91 27 10 18 77 40 6 12 31 40 7 72 21 75 97 74 88 83 10 69 43 56 59 54 12 9 18 29 30 81 48
55 62 68 13 98 58 46 16 59 79 79 64 36 85 10 71 64 28 6 73 10 23 26 49 59 18 29 48 20 63 94 57 64 89 50 75 24 53 89 28 40 60 7 29 34 57 20 8 7 37
82 33 68 1 60 88 81 18 82 66 78 57 64 52 61 96 0 81 74 58 68 16 46 7 6 13 82 70 68 1 87 23 32 95 7 87 29 12 65 39 78 73 19 19 63 47 33 42 26 49
18 6 18 75 23 7 94 1 18 22 95 40 99 31 69 93 80 11 88 88 47 22 52 28 55 99 84 52 96 40 49 25 78 90 61 54 35 5 65 93 14 75 83 52 53 39 47 71 30 19
4 0 29 3 25 42 46 84 37 65 32 92 3 31 17 39 52 18 67 61 5 13 96 88 45 58 50 45 21 86 29 94 89 38 9 0 38 32 16 50 2 83 60 45 80 59 91 13 72 5
29 81 94 52 16 83 22 81 28 4 47 86 7 69 60 99 18 68 81 12 5 17 96 30 39 66 28 88 33 66 25 63 6 66 79 12 95 9 67 5 16 42 98 26 64 24 36 55 99 1
58 1 72 37 18 7 52 43 8 52 24 85 89 64 64 18 51 69 27 76 58 96 54 77 65 94 83 47 75 60 31 96 48 47 25 74 23 67 69 47 71 98 41 53 28 53 30 76 89 83
9 48 74 42 15 18 43 42 89 83 74 60 78 71 26 27 78 52 94 21 30 61 73 99 58 32 43 82 0 36 81 59 20 98 16 99 90 61 97 98 68 2 17 76 79 75 10 51 2 54
94 65 46 24 73 72 72 95 21 69 88 82 20 90 78 36 93 42 17 46 71 64 82 42 48 63 49 96 14 86 45 19 84 60 75 92 47 19 3 50 80 99 94 90 9 22 68 98 37 33
94 65 14 80 77 33 94 62 38 82 62 7 65 83 2 22 18 91 71 96 10 70 81 75 21 82 22 27 31 16 8 26 49 62 17 64 54 4 70 11 36 88 24 60 65 44 15 70 56 43
2 68 43 95 35 53 37 42 0 5 95 29 8 28 99 12 99 86 57 37 99 48 55 82 72 84 31 99 40 4 22 72 73 27 71 27 21 88 29 31 18 60 1 39 31 72 51 24 62 21
13 83 30 47 15 48 72 99 15 34 61 43 29 18 38 44 15 36 77 75 96 92 47 76 53 36 60 52 15 88 42 50 87 50 37 8 76 73 57 4 54 91 39 52 9 26 86 27 44 43
90 72 86 10 57 57 68 33 18 76 0 82 77 86 6 73 33 65 57 56 42 14 63 45 22 3 23 15 23 90 52 21 58 69 51 47 33 91 21 9 82 38 7 82 31 20 30 91 14 51
80 36 85 59 7 16 81 4 24 98 2 37 24 84 67 97 60 55 30 70 18 40 0 94 11 58 10 48 94 90 34 5 78 62 18 80 52 75 28 94 11 43 18 94 66 2 22 58 58 50
98 58 79 89 33 20 93 33 93 89 52 0 63 66 35 11 71 63 58 66 42 71 18 42 32 40 25 76 60 20 6 38 49 27 90 85 6 82 79 44 63 25 84 17 76 27 0 40 97 43
46 90 33 34 81 44 1 98 60 44 11 17 77 0 92 20 64 64 29 13 88 12 33 30 25 24 9 8 58 86 40 44 52 9 49 95 32 60 32 76 50 10 95 94 56 33 30 13 96 87
65 67 86 61 31 82 76 28 33 65 68 55 18 50 94 41 49 26 65 81 82 2 37 3 58 88 95 99 43 2 34 4 84 2 79 88 62 0 54 63 32 76 74 7 94 44 41 75 14 79
38 8 9 82 54 2 63 1 25 85 44 79 36 22 49 51 46 76 53 53 39 12 63 53 76 55 46 76 24 64 3 45 84 71 3 44 59 8 22 33 49 57 25 12 32 61 96 35 50 43
62 24 93 4 11 62 13 63 0 91 59 95 54 9 84 80 41 67 9 19 92 15 72 31 33 9 83 91 80 87 59 9 16 30 54 56 75 32 59 94 35 39 42 67 18 17 20 96 3 39
63 94 80 7 5 25 30 73 76 0 31 92 57 92 94 17 37 73 46 90 58 40 44 90 63 6 55 32 78 4 28 33 93 31 88 82 75 44 30 20 64 29 71 31 81 4 91 92 96 67
72 6 65 76 89 29 17 64 70 1 17 95 12 85 87 53 41 84 63 18 35 60 86 95 99 43 73 35 75 22 34 94 98 50 34 81 25 87 62 56 35 93 71 82 47 51 21 30 60 35
77 8 90 36 54 25 2 56 11 37 15 76 40 73 82 39 75 69 51 34 36 83 81 58 21 7 0 9 23 46 46 98 55 58 12 89 42 34 44 69 43 73 71 97 39 26 69 52 11 35
55 22 82 47 66 55 52 33 11 99 51 19 98 10 52 85 3 60 57 7 66 16 63 73 3 94 69 51 1 96 10 70 45 47 72 94 50 33 36 16 64 78 43 55 98 46 35 62 55 67
63 13 53 91 69 68 44 98 65 44 52 67 52 1 36 44 13 47 72 97 53 87 20 34 82 89 80 41 1 67 80 85 17 36 80 17 27 35 7 46 56 24 39 50 16 69 13 76 63 10
39 10 92 24 53 1 52 1 9 59 49 16 48 14 7 96 47 92 35 58 68 71 50 18 80 19 21 44 14 25 64 9 31 91 29 79 80 47 62 48 26 49 39 49 42 10 8 23 92 31
87 72 93 39 75 74 48 97 48 57 94 12 91 77 34 63 17 36 10 2 52 78 80 12 10 48 92 33 61 94 6 20 10 66 47 21 76 76 70 65 22 98 92 10 74 43 6 71 65 29
85 92 91 31 41 28 12 87 13 8 21 50 39 14 37 41 72 79 38 46 91 89 17 47 86 39 81 85 95 5 79 10 37 29 67 88 11 89 65 63 92 63 88 98 30 39 65 12 99 60
63 54 80 71 86 2 10 77 27 33 21 22 10 19 37 95 81 83 6 32 90 68 60 30 68 32 24 79 60 12 2 84 94 8 64 36 71 28 1 47 52 48 10 80 51 18 49 27 75 57
88 83 61 80 41 62 33 5 27 93 94 86 54 82 40 77 67 75 33 68 2 96 12 20 57 52 70 79 8 76 11 93 50 67 56 68 59 52 63 62 47 1 63 90 80 86 53 43 46 13
78 0 39 95 41 46 2 34 15 79 49 10 87 87 7 31 17 22 7 37 83 6 20 83 36 20 50 70 11 82 25 8 8 93 44 44 74 79 23 94 55 11 68 64 0 24 85 72 2 33
23 18 89 39 74 65 21 51 70 75 50 53 55 89 85 42 62 77 28 68 29 11 74 27 28 95 3 55 99 85 2 38 3 63 11 83 43 54 74 41 73 13 79 55 70 50 17 0 94 5
71 95 23 68 85 20 7 90 33 13 77 65 92 78 41 69 60 73 38 37 47 98 99 55 98 18 44 36 61 33 37 51 6 69 43 14 31 74 61 81 48 28 14 57 28 29 18 34 42 0
44 4 48 43 48 47 48 98 88 40 0 26 99 45 96 79 6 56 57 66 31 89 33 42 60 21 26 58 71 87 70 64 10 7 47 12 72 81 83 67 70 3 92 7 27 29 91 47 47 32
78 61 91 52 37 40 87 90 47 39 8 7 73 29 12 65 80 79 92 88 23 57 79 74 0 65 18 99 1 17 68 34 44 74 42 56 47 60 41 10 78 1 90 13 1 73 31 45 55 83
9 63 45 33 51 89 52 44 2 96 5 81 19 19 23 3 18 33 39 54 0 53 70 48 27 86 34 83 46 82 35 50 37 11 45 75 12 57 47 64 56 38 41 43 78 57 19 21 68 84
91 75 50 2 91 34 31 18 74 56 92 69 34 18 0 63 77 73 14 69 30 10 96 24 91 16 82 37 8 8 70 51 10 87 25 29 19 31 99 96 89 88 64 30 36 73 19 53 76 63
59 28 89 58 1 7 76 64 34 94 48 27 39 14 44 0 25 9 89 50 53 59 88 70 19 44 73 63 50 18 22 8 8 81 98 76 23 11 43 96 95 50 9 85 49 42 10 53 44 36
41 35 21 47 47 55 32 27 49 59 55 21 51 96 51 73 60 81 45 89 5 53 76 16 76 16 24 92 18 66 26 90 84 51 91 53 52 39 0 86 51 92 59 60 54 59 89 6 90 14
85 97 18 45 33 42 92 53 60 43 38 37 29 78 16 49 36 17 40 92 52 45 7 42 67 37 66 88 23 18 69 75 1 12 25 6 84 19 30 42 6 5 83 75 10 85 48 77 44 53
24 77 6 16 6 43 80 10 69 30 29 9 63 10 25 38 88 60 87 29 44 81 90 64 20 80 90 75 92 82 94 79 32 46 4 67 46 24 50 94 86 17 86 60 35 54 18 66 10 59
78 16 29 49 27 88 88 84 81 18 63 18 25 98 66 99 78 83 58 80 59 68 39 78 66 55 93 21 58 53 22 1 1 93 44 62 86 63 38 45 0 56 74 16 29 10 51 59 99 91
14 98 88 40 75 25 28 78 5 73 89 64 76 62 80 14 62 48 7 63 99 99 86 42 78 50 33 16 15 34 78 68 68 31 82 17 74 85 72 14 78 35 57 59 68 64 98 93 96 55
48 18 76 41 29 30 87 41 91 83 26 6 40 15 29 78 64 20 96 43 6 17 87 70 7 81 39 61 57 15 42 57 98 31 60 73 10 23 54 64 99 0 19 81 9 59 88 4 26 26
18 95 19 47 9 4 89 83 67 21 29 74 40 7 16 92 95 78 38 58 89 46 38 88 43 36 71 12 25 74 8 8 70 28 57 91 27 5 61 15 58 25 45 18 97 19 41 80 38 3
65 18 40 43 88 78 88 82 73 36 96 4 31 83 35 92 74 29 94 96 78 33 12 95 88 30 7 56 56 47 6 58 28 7 96 75 52 25 89 37 58 56 77 83 63 25 22 83 71 79
91 44 28 44 97 85 39 72 17 94 99 97 50 91 58 56 44 37 44 11 76 93 23 95 92 91 48 36 21 24 50 9 96 87 54 2 7 43 82 46 9 20 78 7 14 8 90 41 35 17
86 41 62 46 97 25 79 63 35 71 32 78 64 29 26 11 33 98 32 37 95 30 92 94 11 28 92 98 66 76 91 17 51 78 8 94 39 90 2 89 57 98 52 70 38 60 53 86 31 38
11 18 21 64 43 95 74 55 88 82 71 16 25 64 36 27 77 88 81 5 47 99 79 42 95 53 7 82 44 80 40 82 53 73 29 8 31 83 95 96 60 1 35 4 15 69 56 39 30 26
82 10 82 67 72 48 79 37 68 19 47 92 87 17 6 85 28 62 16 54 49 81 42 58 72 8 69 74 29 97 4 24 74 31 53 61 89 41 72 32 36 81 85 39 40 84 8 63 24 51
60 68 99 50 13 48 30 6 63 41 81 55 48 7 52 38 88 47 99 97 32 25 47 19 82 36 54 50 21 46 75 84 35 80 66 29 9 36 63 48 60 10 96 63 9 56 12 22 91 84
