5 2
0 1 1 2 3 3 4 5 5 6 6 7 7 8 9 10 11 12 12 13 14 15 16 16 17 18 19 19 20 21 22 22 23 23 24 24 25 26 27 28 29 30 31 32 33 33 34 35 36 37
38 38 39 2 40 40 4 41 42 42 43 43 44 8 9 10 45 45 46 13 14 47 47 48 17 18 49 49 20 50 51 52 52 53 54 54 55 26 27 28 29 30 56 32 57 58 34 35 36 37
59 60 39 61 61 62 62 41 63 64 65 65 44 66 66 67 68 68 69 70 70 71 72 73 73 74 74 75 75 50 76 76 77 78 79 80 55 81 81 82 83 84 56 85 57 58 86 86 87 87
59 60 88 88 89 90 90 91 63 64 92 93 93 94 94 95 96 97 69 98 98 71 99 99 100 100 101 102 102 103 104 104 77 78 79 80 105 106 107 82 83 108 109 110 110 111 111 112 113 113
114 115 116 116 89 117 117 91 118 119 92 120 120 121 122 95 96 123 123 124 124 125 126 126 127 128 128 129 129 103 130 130 131 132 133 134 105 135 107 136 136 108 137 137 138 138 139 140 140 141
114 142 142 143 144 144 145 145 118 119 146 147 148 149 122 150 151 152 152 153 154 154 155 155 127 156 156 157 158 159 160 160 131 132 133 161 162 135 163 164 165 166 167 167 168 169 139 170 171 172
173 174 175 143 176 177 178 178 179 179 146 147 148 149 180 150 181 181 182 153 183 184 185 185 186 186 187 157 158 159 188 188 189 189 190 161 162 191 163 192 165 166 193 193 168 169 194 170 171 172
173 195 175 196 176 197 198 199 199 200 201 201 202 202 180 203 204 205 206 207 207 184 208 209 210 211 212 213 213 214 214 215 215 216 217 218 219 220 220 192 221 222 223 223 224 224 194 225 226 226
227 195 228 196 229 197 230 231 231 232 233 234 235 236 237 203 204 238 206 239 240 241 242 209 210 243 212 244 245 245 246 247 248 248 217 218 249 250 251 252 221 222 253 253 254 255 255 225 256 256
227 257 258 259 229 260 230 261 262 232 233 234 235 263 237 264 265 238 266 266 240 241 242 267 267 243 268 244 269 269 246 270 271 272 272 273 249 250 251 252 274 274 275 275 254 276 277 278 279 279
280 257 258 259 281 282 282 261 262 283 283 284 285 263 286 264 265 287 288 289 289 290 291 291 292 292 268 293 294 295 295 270 296 297 298 273 299 299 300 301 302 302 303 304 304 276 277 278 305 306
307 307 308 308 281 309 309 310 311 311 312 313 285 314 314 315 315 287 288 316 316 290 317 317 318 318 319 319 294 320 321 321 296 322 298 323 324 324 300 301 325 326 303 327 327 328 329 330 330 306
331 331 332 333 333 334 334 310 335 335 312 313 336 337 338 338 339 340 341 342 343 343 344 345 346 346 347 348 348 320 349 350 350 322 351 352 353 353 354 355 325 326 356 357 357 328 329 358 359 360
361 362 332 363 364 364 365 366 366 367 368 368 336 337 369 370 339 340 341 342 371 371 344 345 372 372 347 373 374 374 349 375 375 376 351 352 377 377 354 355 378 379 356 380 380 381 381 358 359 382
361 383 383 363 384 384 365 385 386 386 387 388 388 389 369 370 390 390 391 392 392 393 394 394 395 395 396 397 397 398 398 399 399 376 400 401 401 402 402 403 404 379 405 406 406 407 408 409 409 382
410 411 411 412 413 414 414 415 415 416 416 417 417 389 418 419 420 420 421 421 422 393 423 423 424 424 425 425 426 427 428 429 429 430 431 431 432 432 433 433 404 434 405 435 436 407 408 437 437 438
439 440 440 412 413 441 442 443 443 444 444 445 445 446 418 447 448 449 449 450 451 451 452 452 453 454 455 455 426 427 456 456 457 430 458 459 460 460 461 461 462 434 463 464 436 465 465 466 467 467
439 468 469 470 470 471 442 472 473 473 474 475 475 476 476 447 448 477 478 450 479 480 481 482 453 454 483 483 484 485 485 486 487 487 488 459 489 489 490 490 462 491 463 464 492 492 493 466 494 494
495 495 469 496 496 471 497 472 498 499 499 500 501 501 502 503 503 477 478 504 504 480 505 482 506 506 507 508 509 509 510 510 511 512 488 513 514 515 515 516 517 518 518 519 519 520 521 521 522 523
524 524 525 525 526 527 497 528 498 529 530 530 531 531 502 532 533 533 534 535 535 536 505 537 538 538 507 508 539 540 541 541 511 542 543 513 514 544 544 516 517 545 546 547 547 520 548 549 522 523
550 551 551 552 526 527 553 553 554 529 555 555 556 557 558 532 559 559 534 560 561 536 562 562 563 564 565 566 539 567 567 568 568 542 543 569 570 571 571 572 572 573 546 574 575 575 548 576 577 578
579 579 580 580 581 581 582 582 583 584 585 586 556 557 558 587 588 588 589 589 561 590 591 591 563 564 565 566 592 593 594 594 595 596 597 569 570 598 598 599 599 573 600 600 601 602 602 576 603 578
604 604 605 606 606 607 607 608 583 584 585 586 609 610 610 611 611 612 612 613 613 590 614 614 615 616 616 617 592 593 618 619 619 596 620 620 621 621 622 623 624 624 625 626 627 628 628 629 603 630
631 632 605 633 634 635 635 608 636 637 638 639 639 640 641 641 642 642 643 643 644 644 645 645 615 646 647 617 648 648 618 649 650 651 652 653 654 654 622 623 655 656 625 626 627 657 658 629 659 660
631 632 661 633 662 662 663 664 664 637 638 665 665 666 666 667 667 668 668 669 670 670 671 671 672 646 673 673 674 675 675 676 650 651 652 653 677 678 678 679 679 656 680 680 681 657 658 682 682 660
683 683 661 684 685 686 663 687 687 688 689 690 690 691 692 693 693 694 695 695 696 697 697 698 672 699 700 700 674 701 701 676 702 703 704 704 677 705 706 706 707 708 708 709 709 710 710 711 712 713
714 715 715 716 685 717 718 719 720 720 689 721 721 691 692 722 722 723 723 724 696 725 725 698 726 727 727 728 728 729 730 730 702 731 731 732 732 705 733 733 707 734 735 736 737 738 739 740 712 713
714 741 741 716 742 717 718 719 743 743 744 745 746 747 748 749 749 750 751 724 752 752 753 753 754 755 755 756 756 729 757 757 758 758 759 759 760 761 761 762 763 734 735 736 737 738 739 740 764 765
766 767 768 768 742 769 769 770 770 771 744 772 746 747 748 773 773 750 751 774 775 776 776 777 754 778 779 780 780 781 781 782 783 784 784 785 760 786 787 762 763 788 788 789 790 791 791 792 793 765
766 767 794 794 795 796 796 797 797 771 798 772 799 800 800 801 802 803 803 774 775 804 805 777 806 806 779 807 807 808 808 782 783 809 810 785 811 811 787 812 812 813 814 789 815 815 816 792 793 817
818 818 819 819 795 820 820 821 822 823 798 824 824 825 826 801 802 827 828 829 829 804 830 830 831 832 832 833 833 834 835 835 836 809 837 837 838 839 839 840 840 813 841 841 842 842 816 843 843 817
844 845 846 847 848 848 849 821 822 823 850 851 851 825 826 852 853 827 828 854 855 855 856 856 831 857 858 858 859 860 861 862 836 863 863 864 838 865 866 867 867 868 869 869 870 871 872 873 873 874
844 845 846 847 875 875 876 876 877 878 879 880 880 881 881 852 853 882 883 883 884 884 885 886 887 857 888 889 889 860 861 862 890 891 892 864 893 865 894 894 895 868 896 896 870 871 872 897 897 898
899 900 901 902 902 903 903 904 905 878 879 906 906 907 908 909 909 882 910 911 912 912 885 913 887 914 914 915 916 916 917 917 918 891 892 919 893 920 920 921 895 922 923 923 924 924 925 925 926 898
899 900 901 927 928 929 930 930 905 931 931 932 933 907 908 934 934 935 935 911 936 937 937 913 938 938 939 940 941 941 942 942 918 943 944 919 945 945 946 947 947 922 948 949 949 950 951 951 926 952
953 953 954 954 928 929 955 956 957 958 959 932 933 960 961 962 962 963 963 964 936 965 966 966 967 967 939 940 968 969 970 970 971 943 972 973 973 974 946 975 975 976 976 977 977 950 978 979 980 981
982 982 983 983 984 984 955 985 957 958 986 986 987 987 961 988 988 989 990 964 991 965 992 993 993 994 994 995 968 996 997 998 971 999 972 1000 1000 1001 1002 1003 1004 1004 1005 1006 1007 1008 978 979 980 981
1009 1009 1010 1011 1011 1012 1012 985 1013 1014 1015 1015 1016 1017 1017 1018 1019 989 990 1020 1020 1021 992 1022 1022 1023 1023 995 1024 996 1025 998 1026 1026 1027 1027 1028 1001 1002 1003 1029 1030 1005 1006 1031 1008 1032 1033 1033 1034
1035 1036 1010 1037 1038 1039 1039 1040 1013 1014 1041 1041 1016 1042 1043 1044 1019 1045 1045 1046 1047 1048 1049 1049 1050 1050 1051 1051 1024 1052 1025 1053 1053 1054 1055 1055 1028 1056 1056 1057 1029 1030 1058 1058 1031 1059 1032 1060 1060 1034
1035 1061 1061 1037 1038 1062 1063 1040 1064 1064 1065 1066 1066 1042 1043 1044 1067 1068 1069 1046 1047 1048 1070 1070 1071 1071 1072 1072 1073 1052 1074 1074 1075 1075 1076 1077 1077 1078 1079 1079 1080 1081 1081 1082 1082 1059 1083 1084 1085 1085
1086 1086 1087 1087 1088 1089 1063 1090 1091 1091 1065 1092 1093 1093 1094 1095 1095 1068 1069 1096 1096 1097 1098 1098 1099 1099 1100 1100 1073 1101 1102 1102 1103 1104 1105 1106 1106 1107 1108 1109 1110 1110 1111 1112 1112 1113 1083 1084 1114 1114
1115 1116 1117 1117 1088 1089 1118 1119 1120 1121 1121 1092 1122 1123 1094 1124 1125 1126 1126 1127 1128 1129 1129 1130 1130 1131 1131 1132 1133 1101 1134 1134 1103 1104 1105 1135 1135 1107 1108 1109 1136 1137 1137 1138 1138 1113 1139 1139 1140 1141
1115 1116 1142 1143 1144 1144 1118 1119 1120 1145 1146 1146 1122 1123 1147 1124 1125 1148 1149 1149 1128 1150 1150 1151 1152 1152 1153 1132 1154 1155 1155 1156 1156 1157 1157 1158 1159 1159 1160 1160 1161 1162 1162 1163 1164 1164 1165 1165 1140 1141
1166 1166 1142 1143 1167 1168 1169 1169 1170 1171 1171 1172 1173 1173 1174 1174 1175 1148 1176 1176 1177 1178 1178 1151 1179 1180 1180 1181 1154 1182 1183 1184 1185 1186 1187 1188 1188 1189 1189 1190 1161 1191 1192 1193 1193 1194 1194 1195 1195 1196
1197 1197 1198 1199 1167 1168 1200 1200 1170 1201 1201 1172 1202 1203 1204 1204 1175 1205 1206 1207 1207 1208 1209 1209 1210 1210 1211 1212 1212 1182 1213 1184 1185 1186 1214 1215 1216 1216 1217 1190 1218 1191 1219 1220 1221 1221 1222 1222 1223 1223
1224 1225 1198 1226 1227 1227 1228 1228 1229 1229 1230 1231 1202 1232 1232 1233 1234 1205 1206 1235 1235 1208 1236 1237 1237 1238 1239 1239 1240 1240 1213 1241 1241 1242 1214 1215 1243 1243 1217 1244 1218 1245 1219 1220 1246 1246 1247 1248 1248 1249
1224 1225 1250 1226 1251 1251 1252 1253 1254 1254 1230 1231 1255 1256 1256 1257 1234 1258 1259 1260 1260 1261 1236 1262 1262 1238 1263 1263 1264 1264 1265 1266 1267 1268 1269 1270 1270 1271 1271 1244 1272 1245 1273 1274 1275 1276 1276 1277 1278 1249
1279 1279 1250 1280 1281 1281 1252 1253 1282 1283 1284 1284 1255 1285 1286 1257 1287 1258 1259 1288 1289 1261 1290 1291 1292 1292 1293 1293 1294 1295 1296 1266 1267 1268 1297 1297 1298 1299 1299 1300 1301 1301 1302 1274 1275 1303 1304 1277 1305 1306
1307 1308 1309 1310 1311 1312 1312 1313 1282 1283 1314 1315 1316 1285 1286 1317 1287 1318 1318 1288 1319 1319 1290 1291 1320 1321 1322 1323 1323 1295 1296 1324 1324 1325 1325 1326 1327 1327 1328 1300 1329 1329 1302 1330 1330 1303 1304 1331 1305 1332
1307 1308 1309 1310 1311 1333 1333 1313 1334 1334 1314 1315 1316 1335 1335 1317 1336 1336 1337 1337 1338 1338 1339 1339 1320 1321 1340 1340 1341 1342 1342 1343 1343 1344 1344 1326 1345 1345 1328 1346 1346 1347 1347 1348 1348 1349 1349 1350 1350 1332
17 89 43 90 66 90 62 33 4 87 56 18 87 45 53 85 94 4 95 23 49 19 91 39 33 35 92 5 64 2 63 95 52 80 22 23 78 62 69 12 65 87 20 21 23 60 27 72 57 30
82 41 99 32 76 13 37 17 37 97 25 58 64 11 16 73 93 95 26 81 67 62 46 80 97 39 86 50 32 38 18 46 97 31 19 68 5 58 94 64 49 23 81 11 12 70 91 33 71 52
60 75 97 87 10 66 59 57 95 23 68 1 20 41 40 52 60 87 92 1 52 20 93 20 10 45 51 59 40 4 40 29 16 8 78 1 0 93 74 81 33 2 41 56 47 70 72 4 42 21
47 35 43 29 14 37 83 99 31 88 39 99 76 12 69 70 9 86 44 8 47 84 18 36 15 98 42 97 57 77 64 11 87 63 3 5 72 72 20 25 76 83 44 32 87 46 89 33 51 37
1 3 97 66 79 49 85 25 9 19 65 89 17 65 35 98 66 2 54 66 3 56 85 39 85 46 68 18 15 49 2 7 53 22 41 66 67 52 20 99 78 65 96 87 35 67 30 52 29 51
12 49 82 63 87 30 28 53 13 59 92 49 29 35 72 2 36 61 84 45 54 2 80 62 30 67 9 2 67 87 95 87 45 2 94 59 56 0 65 68 75 59 30 34 17 49 86 88 86 14
17 88 17 82 25 47 19 42 79 52 83 70 66 10 10 35 72 23 34 62 35 28 48 31 21 75 42 78 76 80 40 23 15 45 28 94 13 3 64 9 92 17 39 81 91 50 32 82 86 55
24 82 9 53 49 58 67 72 45 67 59 15 25 65 75 56 54 39 98 98 93 67 78 7 60 77 96 20 10 83 64 57 76 27 78 30 17 56 33 18 39 98 37 92 18 4 61 73 50 4
2 82 76 51 20 71 18 58 26 71 28 78 18 56 13 35 86 59 91 91 27 89 82 70 2 39 3 87 36 78 38 99 0 76 80 93 66 74 58 34 46 50 55 85 99 19 98 21 74 49
42 21 98 14 68 62 37 60 33 52 4 32 33 27 50 6 74 62 93 97 40 98 36 20 78 69 77 31 45 64 80 45 19 72 71 61 6 73 80 3 83 85 11 7 65 60 40 80 88 1
10 25 36 30 25 5 66 53 64 49 73 73 14 51 4 83 3 24 27 67 34 40 83 52 72 36 38 35 95 4 17 62 79 38 48 74 32 67 97 41 96 95 80 85 28 87 60 79 42 27
15 74 10 12 54 16 29 35 80 89 97 25 91 51 68 48 0 42 24 89 89 54 54 63 7 2 91 5 94 73 45 20 44 64 16 53 76 9 55 98 90 71 3 54 40 17 75 13 84 75
32 40 89 21 69 22 45 0 25 58 44 28 23 2 81 81 17 50 48 0 9 38 39 18 47 53 20 40 98 57 15 49 13 52 63 99 85 21 4 5 12 95 33 2 19 31 49 9 22 65
80 16 12 29 12 48 9 39 79 55 21 63 79 62 54 87 15 88 23 8 83 41 26 66 73 0 15 10 88 17 50 64 40 65 47 19 90 48 84 7 41 58 45 10 85 71 40 17 12 49
52 99 9 2 29 50 32 83 92 53 88 12 98 95 60 82 79 83 56 31 36 57 64 68 87 34 32 56 84 45 75 72 7 11 17 45 14 3 98 33 47 1 84 85 80 27 91 43 92 96
80 71 93 85 44 61 62 45 49 58 18 31 26 91 81 82 86 76 42 95 49 73 19 74 76 40 26 89 19 12 86 45 49 60 75 68 75 17 11 48 50 95 49 60 50 25 23 72 19 81
89 9 85 24 54 39 92 56 99 19 34 86 25 40 96 74 63 17 90 26 93 71 66 40 30 0 44 24 11 69 71 29 99 71 71 60 4 50 23 71 42 40 42 1 93 47 83 7 38 65
18 80 15 94 10 70 41 60 60 34 48 62 62 88 60 72 61 5 11 97 58 4 86 66 62 65 40 12 74 46 1 66 9 17 76 3 20 35 50 39 30 80 63 1 74 22 77 85 29 84
31 87 51 43 27 15 93 55 83 16 7 58 15 89 82 56 38 99 68 15 96 38 22 49 93 55 90 53 6 38 72 26 53 46 22 52 82 58 2 37 38 11 24 85 99 42 80 93 68 77
76 93 78 90 66 29 34 57 58 31 82 6 56 59 33 81 71 70 40 52 44 20 62 70 66 9 61 91 58 59 42 68 52 79 53 81 40 22 70 86 31 1 71 27 97 69 93 26 6 30
51 34 26 94 15 67 26 87 83 91 76 21 77 30 66 20 53 90 66 51 77 71 47 77 8 11 91 12 20 17 77 80 67 3 38 96 72 70 7 17 19 81 6 57 98 51 53 11 19 22
37 82 97 51 95 65 17 45 74 72 60 12 1 46 82 68 34 7 77 73 15 84 99 73 26 91 37 40 80 8 25 65 46 81 14 84 26 6 41 11 24 67 89 99 43 75 83 97 60 20
97 36 21 97 52 59 11 71 41 49 65 78 59 48 58 93 3 5 34 61 72 16 40 28 34 85 77 93 31 40 67 93 16 71 59 96 9 35 2 52 38 13 9 63 79 48 56 34 5 2
10 92 28 75 2 53 53 36 59 66 78 53 54 7 84 84 12 39 95 53 11 59 72 25 95 82 23 96 59 8 81 10 27 58 0 36 22 24 78 46 59 43 71 71 77 76 70 46 49 62
52 3 21 76 4 2 32 86 14 17 25 17 52 76 6 6 0 87 16 42 19 55 47 35 11 88 23 61 4 97 59 84 46 8 54 67 38 47 71 1 0 27 80 0 30 16 56 50 99 7
4 28 76 55 4 19 2 19 26 63 26 33 9 10 70 79 59 78 78 88 40 4 37 20 86 53 38 91 39 88 11 56 65 40 15 11 16 51 5 85 32 64 4 87 30 20 28 71 72 32
6 8 57 27 65 61 67 0 40 71 1 73 59 88 49 79 68 65 76 8 5 36 71 51 34 2 33 14 0 17 18 58 87 24 99 57 84 70 83 82 88 42 42 95 24 18 11 4 52 94
20 65 83 41 11 5 63 62 32 69 42 63 78 83 0 25 91 16 2 70 69 30 64 86 91 6 59 18 65 61 7 57 57 60 63 79 60 27 99 60 15 69 3 2 81 80 19 25 46 87
62 45 7 74 0 23 66 23 33 75 49 25 79 82 15 60 27 21 42 78 87 63 22 3 7 54 96 16 90 56 77 36 63 66 63 44 47 88 31 14 22 38 86 84 13 26 54 98 1 57
19 67 70 59 31 31 76 51 55 41 29 50 75 75 19 94 58 23 56 8 51 88 53 46 72 43 1 24 18 5 51 25 0 9 21 74 11 90 91 27 45 94 60 49 38 68 77 38 9 79
68 87 78 98 55 74 0 26 54 5 72 8 15 0 14 37 21 5 7 74 15 16 48 92 8 56 36 21 22 14 47 20 49 40 30 19 33 37 44 41 4 94 38 62 32 53 38 72 94 77
40 48 9 76 90 50 72 47 76 74 68 10 26 93 64 21 24 86 56 23 11 8 83 80 95 90 23 1 19 34 45 65 63 54 35 0 34 16 96 46 70 73 52 18 91 82 0 15 80 59
57 45 99 7 3 7 76 46 53 90 1 89 59 24 77 43 83 72 86 50 56 11 98 78 48 75 33 34 64 99 52 17 81 76 43 79 41 14 56 25 79 69 79 20 19 33 33 48 42 18
97 37 14 26 84 14 23 58 21 52 58 23 51 73 84 25 47 12 7 48 22 33 59 93 53 12 61 54 51 79 70 41 47 83 88 12 86 59 58 69 79 22 22 79 20 65 63 68 79 47
13 12 1 91 50 5 96 76 4 7 29 79 69 83 81 21 96 39 3 74 21 34 49 75 56 49 92 70 21 37 41 68 17 21 63 62 14 90 72 7 83 83 38 56 94 49 94 74 87 19
17 79 10 39 36 60 49 4 15 76 75 70 46 78 11 19 80 24 19 75 46 13 12 44 84 68 82 39 44 97 59 12 28 32 48 86 33 50 56 77 99 67 33 37 22 84 71 21 39 86
46 3 82 82 90 39 10 7 6 31 90 83 90 23 45 56 26 15 80 69 7 52 4 33 91 10 66 17 54 25 30 66 17 55 42 86 36 32 37 24 5 75 81 91 55 60 19 22 19 48
30 3 44 32 85 63 1 53 81 94 35 99 19 33 49 90 86 54 88 95 52 75 85 57 73 34 40 76 87 74 13 18 10 5 38 96 53 95 22 75 67 7 83 86 56 78 73 25 59 1
23 45 84 22 74 17 43 31 48 88 60 24 76 78 70 30 41 75 13 30 62 58 88 41 37 43 88 76 59 63 20 12 3 31 58 12 58 73 64 59 86 51 76 92 23 57 56 93 84 45
10 26 74 21 8 62 0 90 62 42 52 79 86 73 75 63 50 4 73 72 72 6 24 23 34 35 90 28 65 88 46 10 69 77 42 5 82 11 67 67 30 34 41 61 66 98 26 36 58 21
46 37 2 35 49 89 93 57 92 46 35 27 89 30 73 74 42 52 40 20 29 81 94 36 91 87 75 5 56 34 31 99 14 99 2 3 79 40 34 37 22 30 27 52 39 86 1 72 55 55
40 96 71 22 18 76 4 88 17 33 77 56 77 59 78 48 19 5 53 45 10 56 94 48 6 56 30 10 94 43 84 73 92 87 12 1 4 67 30 82 9 62 30 90 49 3 41 84 19 14
81 77 21 35 12 5 98 86 35 48 65 4 51 23 91 43 41 45 91 21 11 7 90 25 0 49 56 96 95 81 55 36 87 21 20 18 65 99 32 86 33 30 5 67 94 18 7 88 43 3
84 99 50 27 81 85 39 4 47 54 37 59 33 90 56 12 41 70 2 91 68 34 50 14 19 45 56 20 55 16 95 36 71 96 7 58 72 79 45 10 68 99 72 6 50 49 59 67 86 29
58 26 54 90 12 31 56 66 69 66 21 89 60 7 27 68 76 26 47 53 87 23 74 8 17 37 23 89 9 23 38 79 79 45 72 77 13 69 45 65 7 11 29 23 74 38 49 36 43 19
89 63 30 58 26 1 93 94 60 15 65 9 49 44 0 18 33 25 36 55 72 74 11 66 67 67 83 28 74 15 82 84 3 36 10 9 74 60 51 91 98 83 59 1 73 83 33 72 80 68
88 76 83 52 7 20 61 26 11 82 42 84 19 20 82 32 91 56 52 53 98 83 41 62 59 50 73 96 52 60 4 56 92 56 75 60 6 58 44 42 8 63 86 1 50 45 40 45 22 27
89 31 72 10 49 34 33 74 47 74 32 50 29 25 2 19 12 73 76 46 94 50 83 59 15 95 50 56 36 44 57 51 98 73 65 26 39 50 38 49 86 86 90 70 94 3 64 26 95 14
74 89 47 36 20 61 95 29 61 76 43 6 41 73 57 71 23 39 28 95 11 86 7 50 5 62 78 96 91 9 47 51 97 72 83 85 75 56 93 14 97 46 16 39 7 74 14 91 51 43
39 17 67 20 90 11 54 58 42 83 40 53 61 93 76 86 3 34 89 69 38 56 94 74 13 77 85 52 91 59 30 58 89 38 24 12 26 64 91 43 65 93 76 62 93 69 78 24 74 83
