30 43
0 0 1 1 2 2 3 4 4 5 6 6 7 7 8 9 10 10 11 12 13 14 14 15 15 16 17 18 18 19 20 20 21 21 22 23 23 24 25 26 26 27 27 28 28 29 29 30 31 32
33 34 34 35 36 36 3 37 37 5 38 38 39 40 8 9 41 41 42 12 13 43 43 44 45 16 17 46 47 47 48 49 50 50 22 51 52 24 25 53 54 55 56 57 58 59 60 30 31 32
61 62 62 35 63 64 64 65 65 66 66 67 67 40 68 69 70 70 42 71 71 72 72 44 73 74 74 46 75 75 48 49 76 77 77 78 52 79 80 53 54 55 56 57 58 81 60 82 82 83
61 84 85 85 86 86 87 88 89 89 90 91 92 93 93 69 94 94 95 95 96 97 97 98 73 99 99 100 101 102 103 104 76 105 106 78 107 107 80 108 109 110 110 111 112 81 113 113 114 114
115 116 117 118 119 120 87 88 121 122 90 91 92 123 124 124 125 125 126 127 128 129 129 98 130 130 131 100 101 102 103 104 132 133 106 134 134 135 135 108 136 137 137 111 112 138 139 139 140 141
115 116 142 118 143 120 144 144 121 122 145 145 146 147 148 149 150 150 126 151 128 152 152 153 153 154 154 155 156 157 158 158 132 133 159 159 160 161 162 162 136 163 163 164 165 138 166 166 167 141
168 168 142 169 143 170 171 172 173 173 174 174 146 147 148 149 175 175 176 151 177 177 178 179 180 181 182 155 183 157 184 184 185 186 186 187 187 161 188 189 190 191 192 193 165 194 194 195 167 196
197 198 199 200 200 170 171 172 201 201 202 203 203 204 205 206 206 207 176 208 209 210 211 179 180 181 182 212 183 213 214 214 215 215 216 217 217 218 218 189 190 191 192 193 219 219 220 221 221 196
197 198 222 223 224 225 226 226 227 227 202 228 229 204 205 230 230 231 231 208 209 210 211 232 232 233 234 212 235 235 236 237 237 238 239 239 240 241 242 243 244 245 246 246 247 247 220 248 249 250
251 251 222 252 224 253 253 254 255 256 257 228 229 258 259 259 260 260 261 262 262 263 264 264 265 233 234 266 266 267 268 269 269 238 270 270 271 241 242 243 244 245 272 273 273 274 275 248 249 250
276 277 277 252 278 279 279 280 255 256 257 281 281 282 282 283 283 284 284 285 286 287 288 288 265 289 289 290 290 267 268 291 291 292 292 293 271 294 295 296 297 297 272 298 299 299 275 300 300 301
276 302 303 303 278 304 304 280 305 305 306 307 307 308 309 309 310 311 312 285 313 287 314 314 315 315 316 317 318 319 320 320 321 322 322 293 323 324 295 296 325 326 326 298 327 327 328 328 329 301
330 331 332 333 333 334 334 335 336 336 306 337 338 308 339 339 340 311 312 341 313 342 343 343 344 345 316 317 318 319 346 346 347 348 348 349 323 324 350 351 351 352 353 353 354 355 356 357 358 358
330 331 332 359 360 360 361 335 362 363 364 337 338 365 366 367 340 368 369 370 370 342 371 371 344 345 372 373 374 375 376 376 347 377 378 349 379 379 380 380 381 352 382 382 354 355 356 357 383 383
384 384 385 359 386 386 361 387 387 363 364 388 389 365 366 390 391 368 369 392 393 393 394 394 395 396 396 373 374 397 397 398 398 377 399 400 400 401 402 403 381 404 405 405 406 407 408 409 410 411
412 413 414 414 415 416 416 417 417 418 419 420 389 421 422 390 391 423 423 424 424 425 426 427 428 429 430 431 431 432 433 433 434 434 399 435 436 436 402 437 437 404 438 438 406 407 439 409 410 440
412 413 441 441 442 443 443 444 444 445 419 420 446 446 422 447 448 448 449 449 450 450 426 427 428 429 451 452 452 432 453 454 454 455 456 435 457 458 458 459 459 460 460 461 461 462 439 463 463 440
464 464 465 465 442 466 467 468 469 445 470 470 471 471 472 473 474 474 475 476 476 477 477 478 479 480 451 481 482 482 483 483 484 455 456 485 485 486 487 487 488 489 489 490 491 462 492 492 493 494
495 496 496 497 498 466 467 468 469 499 499 500 501 502 472 473 503 503 475 504 504 505 506 506 479 480 507 481 508 509 510 510 484 511 511 512 513 513 514 514 515 515 516 490 491 517 517 518 519 494
520 520 521 497 522 522 523 523 524 524 525 500 526 502 527 528 528 529 530 531 532 532 533 534 535 536 507 537 508 538 539 540 541 542 542 512 543 544 545 545 546 547 547 548 549 549 550 551 519 552
553 553 521 554 554 555 556 557 557 558 525 559 526 560 560 561 561 529 530 531 562 563 533 564 535 565 566 566 567 538 539 540 541 568 568 569 543 544 570 571 546 572 572 548 573 573 550 551 574 552
575 575 576 576 577 578 556 579 579 558 580 559 581 581 582 583 584 584 585 586 562 587 587 564 588 565 589 590 591 592 593 593 594 595 596 569 597 598 570 571 599 600 601 602 603 603 604 604 574 605
606 607 607 608 608 578 609 610 610 611 580 612 613 614 614 583 615 616 585 617 617 618 618 619 619 620 589 590 591 592 621 621 594 595 596 622 623 598 624 625 599 600 601 602 626 627 628 628 629 605
630 631 631 632 632 633 609 634 635 635 636 612 613 637 637 638 615 616 639 640 640 641 641 642 642 643 643 644 644 645 646 646 647 648 648 622 623 649 624 625 650 650 651 652 626 627 653 653 629 654
630 655 656 656 657 658 658 659 659 660 661 662 663 663 664 665 665 666 666 667 668 668 669 669 670 671 672 673 674 645 675 676 647 677 677 678 679 649 680 681 681 682 651 683 683 684 684 685 686 654
687 655 688 688 657 689 689 690 690 691 661 662 692 692 693 693 694 695 696 696 697 697 698 698 670 671 699 673 674 700 700 676 701 702 703 678 704 705 680 706 707 682 708 708 709 710 710 711 686 712
687 713 713 714 714 715 716 716 717 691 718 718 719 720 720 721 694 695 722 722 723 723 724 725 726 726 699 727 727 728 728 729 701 702 703 730 704 705 731 706 732 732 733 733 709 734 734 711 735 712
736 737 737 738 738 739 740 741 717 742 742 743 719 744 745 745 746 746 747 747 748 749 724 725 750 750 751 752 752 753 754 729 755 756 757 758 759 759 731 760 761 762 763 764 764 765 766 766 767 768
769 770 771 772 772 739 740 741 773 774 774 775 775 776 776 777 778 779 779 780 748 749 781 781 782 783 751 784 785 753 754 786 755 756 757 758 787 787 788 760 789 762 763 790 791 765 792 793 767 768
769 770 771 794 794 795 796 796 797 798 799 800 801 801 802 803 778 804 805 780 806 807 807 808 782 783 809 809 785 810 811 786 812 812 813 814 814 815 788 816 789 817 818 790 791 819 819 793 820 820
821 822 823 823 824 824 825 826 797 798 799 800 827 828 829 803 830 804 831 832 833 834 835 808 836 836 837 838 839 839 811 840 841 842 843 844 844 845 845 816 846 846 818 847 848 848 849 850 850 851
821 822 852 853 854 854 825 826 855 856 856 857 827 828 829 858 859 859 831 832 833 834 835 860 860 861 837 838 862 863 863 840 841 842 843 864 865 866 867 867 868 868 869 870 871 871 849 872 872 851
873 873 852 853 874 875 875 876 855 877 877 857 878 878 879 880 881 881 882 882 883 884 884 885 886 861 887 887 862 888 888 889 889 890 890 864 865 891 892 892 893 894 869 870 895 895 896 897 897 898
899 900 900 901 902 903 904 876 905 906 907 907 908 909 879 880 910 911 911 912 912 913 913 885 914 915 916 917 918 919 919 920 920 921 922 922 923 891 924 924 893 925 926 927 927 928 929 930 930 898
899 931 931 901 902 903 904 932 932 906 933 933 908 909 934 934 910 935 936 936 937 938 938 939 914 915 916 917 918 940 941 941 942 943 943 944 944 945 945 946 946 925 926 947 948 948 929 949 949 950
951 951 952 953 954 955 956 956 957 958 959 959 960 961 961 962 962 935 963 963 964 964 965 939 966 966 967 968 968 940 969 969 970 971 972 972 973 973 974 974 975 975 976 977 978 979 980 981 982 982
983 984 952 953 954 955 985 985 957 958 986 986 987 988 989 990 990 991 991 992 993 994 995 996 997 997 967 998 999 1000 1001 1001 970 1002 1002 1003 1003 1004 1004 1005 1005 1006 976 977 978 979 980 981 1007 1007
983 984 1008 1008 1009 1010 1010 1011 1011 1012 1012 1013 987 988 1014 1014 1015 1015 1016 992 993 994 995 996 1017 1018 1018 1019 999 1000 1020 1021 1022 1023 1024 1025 1026 1026 1027 1027 1028 1006 1029 1029 1030 1031 1032 1033 1033 1034
1035 1035 1036 1036 1009 1037 1038 1039 1039 1040 1041 1041 1042 1043 1043 1044 1045 1045 1046 1046 1047 1047 1048 1049 1017 1050 1050 1019 1051 1051 1020 1021 1022 1023 1024 1052 1052 1053 1054 1054 1055 1055 1056 1056 1057 1031 1032 1058 1058 1034
1059 1060 1060 1061 1061 1037 1038 1062 1062 1040 1063 1064 1065 1065 1066 1044 1067 1068 1068 1069 1069 1070 1070 1049 1071 1071 1072 1073 1074 1075 1076 1077 1077 1078 1079 1080 1081 1053 1082 1083 1084 1084 1085 1085 1057 1086 1086 1087 1088 1089
1059 1090 1091 1091 1092 1092 1093 1094 1095 1096 1063 1064 1097 1097 1098 1098 1067 1099 1099 1100 1100 1101 1102 1102 1103 1104 1105 1073 1106 1075 1076 1107 1108 1078 1079 1080 1109 1109 1082 1083 1110 1110 1111 1112 1113 1113 1114 1115 1088 1089
1116 1090 1117 1117 1118 1119 1119 1094 1095 1120 1121 1122 1123 1124 1125 1125 1126 1127 1127 1128 1128 1101 1129 1130 1130 1104 1105 1131 1106 1132 1133 1107 1108 1134 1134 1135 1135 1136 1136 1137 1138 1139 1111 1112 1140 1141 1142 1115 1143 1144
1116 1145 1146 1146 1118 1147 1148 1148 1149 1120 1121 1122 1150 1124 1151 1152 1126 1153 1154 1155 1156 1157 1157 1158 1158 1159 1159 1131 1160 1132 1161 1161 1162 1162 1163 1163 1164 1165 1166 1167 1138 1168 1168 1169 1170 1141 1142 1171 1143 1144
1172 1173 1174 1175 1175 1147 1176 1176 1149 1177 1178 1179 1150 1180 1151 1152 1181 1153 1154 1155 1182 1182 1183 1184 1184 1185 1185 1186 1186 1187 1188 1188 1189 1189 1190 1191 1164 1165 1166 1167 1192 1193 1194 1169 1170 1195 1195 1171 1196 1196
1172 1173 1174 1197 1197 1198 1199 1199 1200 1177 1178 1179 1201 1180 1202 1203 1181 1204 1205 1206 1206 1207 1183 1208 1209 1209 1210 1211 1212 1187 1213 1214 1214 1215 1190 1191 1216 1216 1217 1218 1192 1193 1194 1219 1219 1220 1220 1221 1222 1222
1223 1224 1224 1225 1225 1226 1226 1227 1200 1228 1229 1229 1201 1230 1202 1203 1231 1232 1205 1233 1234 1207 1235 1236 1236 1237 1210 1211 1238 1238 1239 1240 1241 1215 1242 1242 1243 1244 1245 1218 1246 1247 1247 1248 1249 1249 1250 1250 1251 1251
1223 1252 1253 1254 1254 1255 1256 1256 1257 1258 1259 1259 1260 1261 1261 1262 1231 1232 1263 1264 1234 1265 1235 1266 1266 1237 1267 1268 1268 1269 1239 1240 1241 1270 1270 1271 1243 1244 1245 1272 1272 1273 1274 1274 1275 1276 1276 1277 1278 1279
1280 1280 1253 1281 1282 1283 1283 1284 1257 1258 1285 1285 1260 1286 1286 1262 1287 1287 1288 1264 1289 1289 1290 1290 1291 1292 1267 1293 1294 1269 1295 1296 1297 1297 1298 1271 1299 1299 1300 1301 1301 1302 1303 1304 1275 1305 1306 1306 1278 1307
1308 1308 1309 1281 1282 1310 1310 1284 1311 1312 1312 1313 1313 1314 1314 1315 1315 1316 1288 1317 1317 1318 1318 1319 1291 1292 1320 1293 1321 1321 1295 1296 1322 1323 1298 1324 1324 1325 1326 1327 1328 1302 1303 1329 1329 1305 1330 1331 1331 1307
1332 1332 1333 1333 1334 1335 1335 1336 1336 1337 1338 1338 1339 1340 1340 1341 1341 1316 1342 1343 1343 1344 1344 1319 1345 1345 1346 1346 1347 1347 1348 1348 1322 1323 1349 1350 1350 1325 1326 1327 1328 1351 1351 1352 1352 1353 1353 1354 1355 1355
19 32 4 89 48 69 7 59 16 99 72 46 0 18 10 80 13 19 18 58 48 19 8 76 0 14 61 28 53 60 34 12 38 18 99 50 83 28 15 85 52 63 79 52 27 82 14 33 60 46
48 99 15 47 62 89 58 58 44 51 2 78 6 63 44 36 13 4 82 1 50 66 12 83 93 65 2 96 65 61 83 88 99 67 18 1 40 32 85 78 47 84 32 79 91 55 92 19 69 93
87 29 20 55 67 15 25 95 27 77 95 49 38 76 15 90 35 34 69 39 92 10 29 87 55 41 38 85 99 94 25 93 75 15 92 82 44 89 19 59 35 48 11 83 28 31 39 54 12 70
63 60 12 52 51 64 31 52 58 43 52 46 6 68 35 68 4 28 73 50 30 63 17 59 65 53 60 17 4 47 14 67 87 54 57 45 28 1 9 11 86 86 86 4 98 88 23 9 38 91
96 8 62 39 84 81 52 62 86 17 12 13 7 34 88 67 98 6 24 48 56 14 79 2 42 3 0 80 33 75 91 67 26 99 62 19 3 3 88 15 16 45 73 16 17 10 88 53 75 30
60 62 47 1 61 37 15 69 6 5 40 43 4 40 91 1 89 70 49 21 40 1 81 45 90 16 79 25 10 12 58 17 65 37 28 12 65 67 61 89 80 40 34 47 18 28 39 40 6 91
16 15 18 31 99 65 45 21 91 2 33 84 46 72 47 37 41 33 68 88 10 19 19 87 78 6 12 98 89 0 70 91 12 47 92 47 11 17 22 61 78 91 32 96 46 89 64 53 51 60
42 12 78 79 11 59 57 83 19 66 88 45 78 95 13 90 89 91 62 45 37 19 54 86 56 67 1 55 72 67 70 37 28 29 16 62 58 29 41 59 87 94 44 19 61 72 72 70 62 27
55 94 22 84 99 89 78 29 93 37 16 64 52 34 76 51 98 78 16 83 18 97 12 7 70 62 50 73 2 19 34 74 23 46 76 98 30 38 32 10 63 87 27 33 84 97 89 54 13 44
35 95 0 17 35 20 39 48 63 93 34 12 85 76 86 25 60 95 38 33 86 85 37 88 55 11 40 44 33 62 3 61 34 57 61 91 54 68 95 78 80 5 87 57 61 73 73 69 14 64
13 28 57 3 86 2 90 99 87 17 72 16 92 8 82 55 9 65 87 86 85 31 45 85 19 67 2 38 59 88 75 80 3 23 37 26 84 43 75 60 31 84 69 30 52 30 58 67 40 76
35 2 94 81 73 6 65 97 4 21 87 50 71 86 55 94 44 57 25 81 43 21 55 59 4 70 14 95 26 54 86 98 0 98 83 82 63 63 86 40 50 89 48 34 9 13 62 75 3 9
59 82 21 18 88 45 71 75 76 59 48 88 94 97 78 13 50 76 24 68 97 27 39 81 79 35 58 68 89 56 1 26 15 17 81 84 32 21 88 33 66 57 57 84 56 71 68 26 86 60
38 47 94 46 4 71 86 95 39 91 46 21 91 80 4 11 29 19 52 13 59 96 28 62 89 19 78 45 34 16 14 25 57 30 73 76 48 3 16 39 36 68 22 64 4 58 89 29 97 5
2 89 84 51 71 50 54 54 14 28 51 60 17 49 8 34 41 96 23 32 6 54 18 62 5 99 66 30 19 39 91 30 35 93 69 40 19 53 46 48 94 92 61 96 11 2 54 53 71 50
33 16 52 31 93 72 36 76 16 5 15 80 33 36 44 17 63 96 55 60 69 88 6 7 8 41 16 70 88 47 68 54 73 29 39 55 78 96 26 54 95 3 37 12 80 45 70 0 6 46
49 51 80 62 85 39 49 99 7 68 65 18 9 86 43 20 44 90 20 65 9 23 69 76 82 47 72 14 42 58 9 84 87 13 43 17 21 24 45 36 26 96 75 1 23 50 90 52 17 64
7 3 27 5 61 2 9 2 7 58 69 85 69 58 84 98 13 9 2 88 66 80 73 83 52 76 31 87 25 28 7 82 95 4 65 73 44 27 91 64 0 97 84 90 94 27 25 15 13 76
24 6 99 65 57 83 79 90 70 16 11 79 67 41 56 42 1 97 40 31 64 47 94 57 89 34 3 71 77 33 97 12 29 56 72 60 40 83 43 4 10 46 36 96 81 26 77 87 16 72
85 16 35 65 31 8 21 55 48 50 94 96 6 3 11 0 12 36 34 53 23 38 75 17 46 31 61 17 76 53 92 54 54 8 50 53 37 1 7 6 63 54 52 21 71 86 58 73 41 94
46 34 87 7 0 9 72 19 46 88 69 94 93 88 37 42 87 76 55 38 59 59 35 53 69 46 11 84 48 60 94 0 90 37 87 48 15 17 24 86 73 20 15 48 64 34 64 69 79 21
46 92 79 86 89 87 44 28 25 19 80 6 73 94 97 96 43 62 26 96 47 94 10 97 49 23 35 87 30 21 34 8 12 0 33 31 33 54 36 26 48 83 38 81 63 52 54 78 64 48
36 75 83 38 34 73 25 63 66 57 99 98 75 10 60 18 93 90 96 66 59 55 22 33 39 86 42 92 3 76 99 65 90 93 32 51 49 34 83 34 33 18 11 51 51 80 62 59 59 63
20 27 5 55 39 49 36 16 2 13 34 49 88 10 30 24 52 83 4 86 40 2 27 15 18 67 45 84 42 59 40 24 51 65 28 27 20 47 8 0 86 33 23 23 1 19 63 43 63 2
9 22 58 8 15 97 41 16 29 21 48 14 46 30 76 23 49 43 67 28 39 72 54 9 32 7 38 54 66 16 90 22 1 73 40 56 40 88 78 71 47 89 42 49 14 79 22 1 54 31
25 17 53 85 10 61 75 52 88 74 5 95 64 48 12 24 36 43 22 38 36 98 27 73 34 66 11 72 50 81 78 21 76 26 87 42 55 53 69 97 95 48 77 50 88 9 13 63 92 77
75 95 55 25 6 53 33 47 55 12 87 22 17 5 74 59 78 90 66 51 24 0 76 33 79 92 64 36 59 15 72 34 28 53 59 22 26 35 82 27 26 7 5 42 81 86 97 8 70 71
82 89 31 99 66 69 71 5 25 23 45 73 3 18 25 92 39 63 43 31 60 8 3 56 17 0 93 62 23 2 43 75 47 78 84 58 93 92 2 15 72 86 20 11 94 17 77 34 24 52
44 62 66 35 24 54 96 56 12 65 45 39 50 35 45 17 49 48 32 76 32 67 95 1 45 13 68 16 11 42 25 13 40 1 31 4 68 58 31 83 16 76 33 55 98 6 44 63 53 18
60 45 46 95 74 43 18 44 55 8 87 61 61 24 47 99 58 84 86 49 59 52 64 65 16 28 63 64 70 27 24 97 86 16 7 30 84 28 47 9 68 72 8 15 49 55 64 27 81 14
37 73 29 27 18 58 66 25 21 24 37 57 93 32 10 61 7 13 44 22 53 64 9 85 25 12 42 90 66 32 62 55 30 18 55 42 64 73 81 29 19 13 2 32 2 53 96 93 71 87
76 76 96 5 29 47 45 33 29 56 46 6 31 38 29 64 46 34 43 27 73 46 96 64 0 10 72 61 5 61 76 8 9 4 80 88 21 28 41 30 34 12 67 25 79 67 37 5 95 34
46 46 18 13 12 90 82 7 58 33 19 13 32 60 52 57 3 51 22 51 89 8 50 10 63 35 79 20 47 71 9 1 75 29 11 56 75 31 37 88 10 42 93 27 32 34 46 5 64 12
16 79 25 60 62 72 69 88 54 4 56 15 34 54 20 89 9 75 3 77 84 41 54 17 90 28 5 89 43 31 58 11 75 26 57 35 3 71 49 55 49 38 50 26 48 44 36 17 70 27
89 54 52 89 1 28 49 60 58 64 37 14 61 67 93 75 88 74 46 31 13 31 98 81 44 30 60 80 65 22 70 40 85 24 62 72 45 3 73 80 88 62 85 91 86 36 25 64 95 65
57 86 79 37 56 30 73 38 0 54 91 58 22 62 74 80 31 79 9 68 49 52 50 55 67 81 42 94 81 81 96 40 50 54 30 15 33 78 61 4 76 72 88 50 43 79 10 43 57 68
41 11 56 57 25 19 34 58 94 54 83 61 33 67 89 4 96 46 70 80 52 56 96 35 97 86 14 17 5 51 55 47 45 51 93 46 17 22 52 1 28 50 70 54 93 4 6 78 5 14
67 29 58 90 96 46 62 40 54 83 20 32 90 53 83 64 49 40 33 23 56 95 75 51 59 53 86 12 90 53 2 32 81 47 70 30 35 50 59 78 24 92 81 31 10 93 66 73 82 64
19 76 4 1 21 8 91 96 23 7 74 63 15 51 94 8 59 4 96 66 31 27 75 78 9 51 33 99 63 18 82 18 8 26 44 44 34 55 24 38 54 82 85 16 77 17 93 46 31 6
51 80 13 93 29 23 15 74 76 17 0 73 36 92 89 26 31 96 58 73 85 4 27 86 33 39 36 68 36 1 43 12 19 81 68 65 56 95 7 5 25 48 88 93 68 93 32 42 4 70
46 0 23 43 58 67 34 65 16 52 1 72 35 78 34 22 32 61 77 49 84 79 61 87 91 89 93 40 18 70 91 82 58 64 88 14 39 47 17 9 25 55 13 53 49 24 23 36 99 5
66 86 40 78 65 76 87 84 49 1 44 37 14 84 17 37 94 7 15 86 78 99 27 11 99 72 45 26 27 96 25 99 44 65 53 25 36 10 60 29 65 2 85 67 22 73 83 21 23 95
9 11 94 73 28 22 7 64 16 21 38 19 35 59 38 51 19 70 59 81 8 8 24 52 42 33 76 22 53 75 32 77 33 68 91 85 17 8 71 21 36 74 51 47 81 47 33 8 26 81
17 18 43 99 9 11 65 8 20 41 91 83 64 51 36 13 85 47 93 0 36 59 3 82 29 52 13 77 76 2 25 27 36 33 47 0 69 82 31 65 21 11 6 47 99 22 48 57 10 90
79 93 94 16 46 12 82 39 57 64 35 75 4 19 60 11 64 53 18 79 74 92 66 11 84 31 74 43 10 64 93 82 73 44 71 37 80 74 71 84 34 55 2 99 59 1 75 90 50 41
42 74 68 39 33 19 22 53 79 45 18 71 21 25 89 38 4 89 53 94 25 49 97 74 99 52 5 12 75 87 85 13 22 31 67 37 44 39 50 58 50 78 96 22 52 27 31 1 97 34
63 98 51 63 23 67 75 5 23 88 98 95 96 11 41 18 23 97 39 26 65 5 74 30 82 16 87 85 71 58 35 39 60 60 79 20 99 77 73 83 56 84 0 70 97 43 44 87 59 65
76 28 61 35 74 92 35 80 25 9 10 90 56 24 46 84 14 59 26 20 82 57 51 16 24 83 77 65 13 76 30 22 5 32 26 20 21 47 57 41 48 22 79 65 14 93 28 56 25 82
61 25 21 39 1 58 59 57 8 27 19 66 0 88 13 48 33 65 44 50 81 85 1 60 80 16 77 57 25 5 72 22 58 83 44 70 7 58 14 9 16 44 32 91 18 26 20 36 49 56
73 9 99 86 75 41 42 90 2 53 15 22 5 82 35 69 82 19 36 33 66 8 69 16 80 33 84 3 11 48 29 81 44 43 89 80 87 17 70 41 78 70 53 62 93 45 68 62 40 1
