36 23
0 0 1 1 2 3 3 4 5 5 6 7 8 9 10 11 12 13 13 14 15 16 17 17 18 19 19 20 21 22 22 23 24 25 25 26 27 27 28 28 29 29 30 30 31 32 33 33 34 34
35 35 36 37 38 39 39 40 41 42 6 43 8 44 10 11 45 46 46 14 15 47 47 48 18 49 49 20 21 50 51 23 52 53 54 26 55 56 57 57 58 58 59 60 31 32 61 61 62 62
63 63 36 37 38 64 65 40 41 66 66 43 67 44 68 68 45 69 69 70 71 72 72 73 74 75 75 76 77 77 51 78 52 53 54 79 80 56 81 81 82 82 59 60 83 83 84 84 85 86
87 87 88 89 90 64 65 91 92 93 93 94 94 95 96 97 97 98 99 99 71 100 101 73 74 102 103 103 104 104 105 105 106 107 107 79 80 108 109 110 111 112 112 113 114 115 115 116 85 86
117 117 88 89 90 118 118 91 92 119 120 120 121 121 96 122 123 98 124 125 125 100 101 126 127 128 128 129 129 130 130 131 132 133 133 134 134 108 109 110 111 135 136 136 114 137 137 116 138 138
139 139 140 141 142 143 143 144 144 119 145 145 146 147 147 122 148 148 124 149 150 151 152 126 127 153 154 155 156 156 157 158 132 159 159 160 161 162 162 163 163 135 164 164 165 165 166 167 167 168
169 170 140 141 142 171 172 173 173 174 175 175 146 176 176 177 178 179 180 180 150 151 152 181 182 153 154 155 183 183 184 158 185 185 186 160 187 188 188 189 190 190 191 192 193 194 166 195 196 197
169 170 198 199 199 200 172 201 201 174 202 203 203 204 204 177 178 179 205 206 207 208 209 181 210 211 211 212 212 213 184 214 215 215 186 216 187 217 217 218 219 220 191 192 193 194 221 195 196 197
222 222 223 223 224 200 225 226 226 227 202 228 228 229 229 230 231 232 232 206 207 208 209 233 210 234 235 236 236 213 237 214 238 239 239 216 240 241 241 218 219 220 242 243 244 245 245 246 247 247
248 248 249 249 250 250 251 252 252 253 253 254 255 256 257 230 258 258 259 260 260 261 261 233 262 263 235 264 265 266 237 267 268 269 269 270 271 272 272 273 274 275 242 243 244 276 277 278 278 279
280 281 282 283 284 285 251 286 287 287 288 254 255 256 257 289 289 290 259 291 292 292 293 293 262 263 294 295 265 266 296 267 268 297 297 270 271 298 298 273 274 299 299 300 301 301 277 302 302 279
303 281 282 283 284 285 304 305 306 307 288 308 309 310 310 311 311 290 312 312 313 313 314 315 315 316 294 295 317 317 318 319 320 320 321 322 323 323 324 325 325 326 326 300 327 328 328 329 329 330
303 331 332 333 334 334 304 305 306 307 335 308 336 337 338 338 339 339 340 341 341 342 342 343 343 316 344 345 346 347 318 348 349 350 321 322 351 352 352 353 354 354 355 356 357 357 358 359 360 330
361 331 332 333 362 362 363 364 364 365 335 366 336 337 367 367 368 368 369 369 370 370 371 372 373 373 374 345 346 347 375 348 349 350 376 377 378 379 379 353 380 380 355 356 381 382 382 359 360 383
361 384 384 385 385 386 363 387 388 388 389 366 390 390 391 392 392 393 393 394 394 395 395 372 396 396 374 397 398 398 375 399 400 401 376 377 378 402 403 404 405 405 406 406 381 407 407 408 409 410
411 411 412 413 413 386 414 387 415 416 389 417 418 418 391 419 420 421 422 422 423 423 424 424 425 425 426 427 428 429 429 399 400 401 430 431 432 432 403 433 434 435 436 437 438 438 439 439 409 410
440 440 441 442 443 444 444 445 415 416 446 447 447 448 449 450 420 451 452 453 454 454 455 455 456 457 426 427 428 458 459 460 460 461 430 431 462 463 463 433 434 435 436 437 464 465 466 467 467 468
469 470 441 442 443 471 471 445 472 472 473 474 475 475 449 450 476 451 477 453 478 479 479 480 456 457 481 481 482 458 459 483 483 461 484 485 486 487 488 489 490 490 491 492 464 465 466 493 493 468
469 470 494 495 495 496 496 497 498 499 473 474 500 501 502 503 503 504 477 505 478 506 507 508 508 509 510 510 511 512 513 513 514 514 484 485 486 487 488 489 515 515 516 492 517 517 518 519 520 520
521 521 522 523 524 525 526 497 498 499 527 527 528 501 502 529 530 530 531 532 532 506 507 533 534 509 535 535 511 536 536 537 537 538 538 539 540 540 541 542 543 543 516 544 544 545 545 519 546 546
547 548 522 523 524 525 549 550 551 551 552 552 528 553 554 555 556 557 531 558 558 559 560 533 534 561 562 562 563 563 564 565 566 567 567 539 568 569 570 542 571 571 572 573 573 574 575 575 576 576
547 548 577 578 579 579 549 580 581 582 582 583 583 553 554 555 556 557 584 585 586 587 560 588 588 589 590 591 592 592 564 565 566 593 594 594 568 569 570 595 595 596 597 597 598 574 599 599 600 600
601 601 577 578 602 603 603 580 581 604 604 605 606 606 607 607 608 608 584 585 586 587 609 609 610 589 590 591 611 612 613 613 614 615 615 616 616 617 618 618 619 620 621 622 598 623 624 625 626 626
627 627 628 629 629 630 631 631 632 633 634 635 635 636 636 637 637 638 639 640 640 641 642 642 610 643 644 644 611 645 646 646 614 647 648 648 649 617 650 651 651 620 621 622 652 623 653 625 654 655
656 656 628 657 658 630 659 659 632 633 634 660 660 661 661 662 663 638 664 665 666 667 667 668 668 643 669 669 670 645 671 672 672 647 673 674 649 675 676 677 678 678 679 679 652 680 653 681 654 655
682 682 683 684 658 685 685 686 686 687 688 688 689 690 690 662 663 691 664 665 692 693 694 695 696 697 698 698 699 699 671 700 700 701 673 674 702 675 676 677 703 703 704 705 705 680 706 681 707 708
709 710 683 684 711 712 712 713 713 687 714 714 715 715 716 717 718 718 719 719 692 693 694 695 696 697 720 721 722 723 724 725 726 727 728 728 729 730 730 731 732 732 733 733 734 734 735 735 707 708
709 710 736 737 738 739 739 740 740 741 742 742 743 743 716 744 744 745 745 746 747 747 748 748 749 750 751 721 722 723 724 725 726 727 752 752 729 753 754 754 755 755 756 756 757 757 758 758 759 759
760 761 736 762 738 763 764 765 765 741 766 767 767 768 768 769 769 770 771 746 772 772 773 774 749 750 751 775 775 776 777 778 778 779 779 780 780 781 781 782 782 783 784 784 785 786 786 787 787 788
760 761 789 762 790 763 791 791 792 792 793 794 795 796 797 798 799 770 771 800 801 801 773 802 802 803 803 804 805 806 777 807 807 808 809 809 810 810 811 812 813 814 814 815 816 817 818 818 819 788
820 820 789 821 821 822 823 824 825 825 793 794 795 796 826 798 799 827 827 800 828 829 829 830 830 831 832 832 805 806 833 834 835 808 836 837 838 838 811 812 813 839 840 815 816 817 841 842 819 843
844 845 846 846 847 822 823 848 849 850 851 852 852 853 826 854 855 856 856 857 828 858 858 859 860 860 861 862 862 863 833 834 835 864 864 837 865 865 866 867 867 839 868 868 869 869 841 842 870 843
844 845 871 872 847 873 873 848 849 850 851 874 875 875 876 854 855 877 877 857 878 879 879 880 880 881 861 882 883 883 884 884 885 885 886 887 888 888 866 889 890 891 892 892 893 893 894 894 870 895
896 897 871 898 898 899 899 900 901 902 902 874 903 904 904 905 906 907 908 909 878 910 910 911 911 881 912 912 913 914 914 915 916 916 886 917 917 918 918 889 890 891 919 920 920 921 922 923 924 895
896 897 925 925 926 926 927 900 901 928 929 930 903 931 931 905 906 907 908 932 932 933 934 935 935 936 936 937 938 939 939 940 941 941 942 942 943 944 945 946 946 947 947 948 948 921 949 923 950 951
952 953 954 954 955 955 956 957 957 928 929 930 958 959 960 961 962 962 963 964 964 933 934 965 966 966 967 967 938 968 968 940 969 969 970 970 943 944 945 971 971 972 973 973 974 974 949 975 950 951
952 953 976 977 978 979 956 980 980 981 982 983 984 959 960 961 985 986 963 987 987 988 988 989 990 991 991 992 992 993 994 994 995 995 996 996 997 998 998 999 999 1000 1000 1001 1002 1003 1003 975 1004 1004
1005 1005 1006 977 978 1007 1007 1008 1009 1010 982 1011 984 1012 1013 1014 985 1015 1015 1016 1017 1018 1018 989 1019 1020 1021 1021 1022 1022 1023 1024 1025 1026 1027 1027 1028 1029 1029 1030 1030 1031 1032 1033 1002 1034 1035 1035 1036 1037
1038 1038 1006 1039 1039 1040 1041 1008 1009 1010 1042 1011 1043 1012 1013 1014 1044 1045 1046 1046 1017 1047 1048 1049 1019 1050 1050 1051 1051 1052 1023 1024 1025 1026 1053 1054 1028 1055 1055 1056 1057 1031 1032 1033 1058 1058 1059 1059 1036 1037
1060 1060 1061 1062 1062 1040 1041 1063 1064 1064 1065 1065 1043 1066 1067 1067 1044 1068 1068 1069 1069 1047 1070 1049 1071 1071 1072 1072 1073 1074 1074 1075 1075 1076 1077 1054 1078 1078 1079 1056 1080 1080 1081 1082 1083 1083 1084 1085 1086 1087
1088 1088 1061 1089 1089 1090 1090 1063 1091 1092 1093 1094 1094 1066 1095 1096 1096 1097 1098 1099 1099 1100 1070 1101 1101 1102 1103 1103 1073 1104 1105 1105 1106 1076 1077 1107 1107 1108 1108 1109 1110 1111 1081 1112 1113 1113 1084 1085 1086 1087
1114 1114 1115 1115 1116 1116 1117 1117 1091 1092 1118 1118 1119 1120 1120 1121 1121 1097 1098 1122 1122 1100 1123 1124 1125 1126 1127 1128 1129 1104 1130 1131 1106 1132 1133 1133 1134 1135 1135 1136 1110 1111 1137 1112 1138 1139 1139 1140 1141 1142
1143 1144 1144 1145 1145 1146 1147 1148 1148 1149 1149 1150 1151 1152 1153 1153 1154 1155 1156 1157 1158 1158 1123 1124 1125 1126 1127 1128 1159 1160 1160 1131 1161 1162 1163 1163 1164 1164 1165 1136 1166 1166 1167 1167 1168 1169 1169 1140 1141 1142
1170 1171 1171 1172 1173 1173 1147 1174 1174 1175 1175 1150 1151 1152 1176 1177 1154 1155 1156 1157 1178 1179 1179 1180 1180 1181 1182 1183 1159 1184 1184 1185 1161 1162 1186 1186 1187 1187 1188 1188 1189 1190 1190 1191 1168 1192 1193 1194 1195 1195
1170 1196 1196 1172 1197 1198 1198 1199 1199 1200 1200 1201 1202 1202 1176 1177 1203 1204 1205 1205 1178 1206 1206 1207 1207 1181 1182 1183 1208 1209 1209 1185 1210 1211 1211 1212 1212 1213 1213 1214 1214 1215 1216 1191 1217 1217 1193 1218 1219 1220
1221 1222 1222 1223 1197 1224 1224 1225 1226 1227 1228 1201 1229 1229 1230 1231 1203 1232 1233 1234 1234 1235 1236 1237 1238 1239 1239 1240 1240 1241 1242 1242 1210 1243 1244 1245 1245 1246 1247 1247 1248 1248 1216 1249 1249 1250 1250 1218 1219 1220
1221 1251 1252 1252 1253 1254 1254 1225 1226 1255 1228 1256 1256 1257 1230 1258 1258 1232 1233 1259 1260 1235 1236 1237 1238 1261 1262 1262 1263 1263 1264 1265 1265 1243 1244 1266 1267 1246 1268 1268 1269 1269 1270 1271 1271 1272 1272 1273 1274 1275
1276 1276 1277 1277 1253 1278 1279 1280 1281 1255 1282 1282 1283 1284 1285 1286 1287 1287 1288 1288 1260 1289 1289 1290 1291 1261 1292 1292 1293 1294 1295 1295 1296 1296 1297 1266 1267 1298 1298 1299 1300 1301 1270 1302 1303 1304 1304 1273 1305 1275
1306 1306 1307 1308 1309 1278 1310 1280 1281 1311 1311 1312 1313 1284 1285 1286 1314 1315 1316 1317 1318 1319 1319 1290 1291 1320 1320 1321 1293 1322 1323 1323 1324 1325 1297 1326 1326 1327 1327 1299 1300 1301 1328 1302 1303 1329 1330 1330 1305 1331
1332 1332 1307 1308 1333 1333 1310 1334 1334 1335 1336 1336 1313 1337 1338 1338 1314 1315 1316 1317 1318 1339 1339 1340 1340 1341 1341 1321 1342 1322 1343 1344 1344 1325 1345 1345 1346 1346 1347 1348 1348 1349 1349 1350 1350 1351 1351 1352 1352 1331
19 0 23 4 10 20 63 87 35 57 69 78 16 51 37 82 59 56 32 0 44 75 89 32 87 59 37 29 18 65 37 61 69 8 31 15 35 53 76 77 67 72 48 6 84 19 42 98 31 16
39 31 79 65 59 86 9 45 59 79 94 31 46 14 95 28 32 94 45 91 52 18 34 92 4 45 95 76 33 28 69 67 53 67 9 62 54 44 87 41 32 64 17 45 57 17 1 35 65 20
61 14 90 55 16 22 27 0 30 94 53 20 67 85 55 30 18 72 96 33 88 69 8 55 88 46 4 75 20 52 47 11 83 78 88 21 33 69 6 15 83 16 88 12 70 3 6 60 29 52
98 77 23 12 44 42 49 97 75 24 55 28 0 16 72 56 44 44 28 20 7 71 30 71 73 16 48 17 19 1 96 86 61 0 19 88 43 83 54 86 35 64 67 2 66 95 97 17 5 27
39 87 16 64 95 87 85 19 60 55 39 94 62 45 46 82 98 56 72 25 38 4 89 76 0 90 64 55 74 1 42 60 61 49 46 61 31 84 18 49 24 86 62 48 80 53 43 30 13 63
55 13 10 48 64 69 70 16 33 56 36 88 14 18 31 88 60 26 7 16 81 97 88 55 28 63 64 0 81 59 75 65 80 90 88 3 88 82 97 16 43 7 69 34 53 9 46 5 64 50
85 13 24 89 58 88 19 51 12 76 63 21 97 59 25 5 29 43 96 84 44 47 81 25 41 64 62 11 45 50 52 26 43 46 23 39 71 83 78 12 84 71 30 92 90 85 85 34 38 43
64 82 65 80 6 43 43 55 81 30 35 10 4 99 8 75 98 23 46 2 38 38 49 6 68 83 71 34 19 61 68 17 11 54 83 56 36 22 43 1 52 36 23 12 57 72 93 70 57 1
97 14 46 16 35 99 76 5 45 63 84 20 23 62 68 63 17 12 41 71 97 81 53 75 22 89 44 99 53 17 37 59 70 18 67 42 8 28 14 12 38 26 29 93 8 79 88 56 70 56
77 31 31 33 26 56 0 65 77 83 95 81 6 39 91 30 9 61 17 37 77 45 21 77 82 43 99 18 66 26 59 31 42 13 44 40 38 86 5 18 96 61 87 94 7 53 6 47 49 41
90 4 33 23 7 99 95 41 38 97 26 42 37 37 57 28 28 93 32 87 49 19 12 85 33 11 23 59 77 56 59 45 53 12 45 33 52 2 26 81 68 28 66 2 63 1 23 66 2 93
97 74 16 97 57 82 34 21 96 62 23 20 18 47 38 61 70 4 62 10 14 56 98 52 73 51 20 56 67 4 34 64 40 16 70 22 81 27 43 5 98 19 75 40 47 77 52 13 49 94
35 81 24 1 14 83 20 33 49 52 42 60 15 45 26 60 6 66 84 23 56 42 40 31 56 52 21 97 82 34 50 55 1 5 45 44 20 89 79 49 89 12 91 28 23 99 65 94 69 15
3 95 17 42 72 71 20 63 36 63 17 57 40 61 49 40 6 69 8 87 10 96 89 93 51 37 78 29 93 99 16 81 88 13 3 8 79 66 80 60 97 69 6 92 15 91 30 8 83 55
19 51 12 14 28 26 89 17 67 6 99 21 26 29 70 19 48 93 88 85 84 85 30 35 83 71 46 48 96 31 79 89 43 42 37 48 53 18 77 37 93 38 52 56 10 30 32 66 57 85
44 95 28 96 37 27 77 76 17 96 70 68 53 32 73 11 86 79 93 95 30 13 33 11 70 53 42 23 59 89 44 93 6 56 48 36 12 64 31 49 57 35 20 13 99 88 22 65 35 25
30 37 15 97 61 94 88 41 64 23 81 69 96 58 82 16 49 29 77 51 57 74 81 70 66 22 50 43 90 98 91 6 39 27 10 6 74 37 5 29 28 47 49 27 57 83 30 63 75 34
42 1 18 5 6 25 52 88 17 28 16 55 97 45 84 7 75 73 88 54 44 77 50 5 53 30 49 78 47 83 33 46 30 11 0 34 64 5 43 30 87 9 18 31 25 84 89 57 99 5
48 68 18 7 8 38 45 37 57 64 69 94 50 90 32 23 26 33 22 69 43 46 65 46 47 22 45 83 37 34 80 75 19 84 23 70 28 93 66 35 76 6 82 55 19 73 26 9 12 79
59 93 81 19 34 0 63 13 65 34 49 2 84 94 44 45 87 40 13 55 80 56 72 5 72 11 99 39 8 35 37 66 95 59 57 59 29 19 79 1 96 80 9 78 86 78 44 48 14 53
1 88 45 17 63 34 82 83 78 0 86 12 52 99 77 38 70 13 55 93 17 35 39 83 79 17 24 26 73 71 3 50 95 91 46 12 89 28 68 56 85 32 7 66 35 31 69 58 28 47
99 42 2 3 36 37 52 92 55 34 26 58 22 84 31 68 60 34 54 54 5 65 95 67 59 11 7 11 49 47 68 9 46 51 75 31 67 20 2 43 92 95 25 5 66 28 92 99 25 43
90 33 84 45 31 14 89 79 31 61 59 41 25 96 12 68 54 77 46 98 30 75 30 60 89 58 62 37 86 6 13 31 66 91 24 7 56 64 1 18 9 77 69 73 44 11 3 86 81 93
8 30 16 7 98 29 37 63 81 95 79 89 17 39 51 50 9 49 47 43 6 24 74 54 64 94 55 78 52 32 72 18 30 0 70 16 73 98 81 35 95 70 18 80 50 12 4 42 9 63
70 43 67 63 87 10 65 19 56 4 90 89 57 95 63 95 90 84 97 33 9 27 53 32 11 57 31 37 7 52 77 83 87 74 16 31 92 40 21 43 33 51 47 66 99 20 89 73 9 47
95 5 53 64 16 4 64 78 34 40 53 38 23 23 7 87 16 26 21 33 17 79 97 29 26 65 63 96 78 18 71 22 41 14 1 20 55 98 55 63 20 75 40 1 52 88 33 48 11 12
69 73 28 55 34 52 51 34 99 41 8 30 60 52 71 26 81 44 21 35 42 38 10 98 41 1 10 15 69 65 2 37 56 2 20 58 71 21 9 51 57 3 69 2 68 10 33 44 36 32
83 35 70 46 17 21 86 46 59 31 92 20 61 45 0 87 76 31 35 81 94 42 5 38 15 28 24 62 57 23 61 37 76 96 64 66 71 50 77 41 61 3 62 48 78 96 94 82 87 84
0 47 38 4 98 4 0 34 62 52 94 35 7 98 4 28 79 41 23 22 45 33 63 67 57 10 89 97 69 43 79 46 46 40 94 36 73 19 10 70 75 40 79 9 58 40 97 97 50 82
87 7 79 54 47 42 11 53 71 45 75 48 91 56 59 67 98 59 72 85 44 54 63 71 6 63 24 56 2 7 97 44 38 45 18 6 0 78 32 35 12 63 17 34 44 11 81 0 63 77
33 42 32 47 41 84 62 92 60 1 37 65 29 78 51 10 96 38 34 48 47 35 9 4 86 27 88 51 24 91 28 67 60 38 7 5 14 56 97 87 3 58 59 82 49 24 36 5 20 90
44 71 18 7 29 26 10 92 69 91 54 49 69 48 75 37 66 33 32 37 34 20 76 30 33 90 72 73 38 28 56 81 67 51 63 29 74 9 16 41 50 29 90 59 97 36 13 15 34 87
65 28 2 90 34 71 24 19 86 54 66 11 47 9 74 8 3 90 7 7 6 70 93 26 6 44 31 52 57 54 68 33 88 4 74 68 85 15 32 39 40 90 77 93 14 92 28 70 31 88
6 97 45 87 60 74 2 93 58 30 73 28 64 31 89 67 52 38 5 24 75 76 88 78 49 89 93 67 0 74 93 72 82 41 59 99 79 64 40 66 17 45 27 87 54 73 98 95 50 40
88 27 75 57 73 25 28 72 29 71 86 85 79 13 23 90 90 0 99 84 39 56 85 5 55 50 6 35 25 2 35 23 91 14 64 48 2 16 81 19 98 14 99 69 3 52 29 59 33 54
82 17 76 80 12 70 92 68 41 27 20 81 0 91 67 68 45 49 97 30 16 21 91 91 31 80 74 61 96 36 53 11 37 75 92 19 4 48 50 75 3 48 68 1 70 84 7 80 87 93
65 28 77 36 35 32 68 57 48 74 98 12 83 81 95 18 66 60 93 57 57 55 72 54 98 19 24 67 43 89 35 10 83 46 19 16 94 48 75 23 0 27 93 10 34 48 71 28 64 51
2 24 75 14 93 73 76 8 91 33 72 12 73 26 65 80 47 20 56 9 47 19 92 86 47 71 55 28 79 62 91 28 42 11 93 30 27 87 3 81 20 8 43 28 21 0 41 12 67 52
71 79 94 31 51 13 92 55 68 74 28 8 85 65 84 9 41 46 2 58 83 46 53 16 63 90 41 42 33 9 89 27 13 23 9 93 70 77 33 3 12 89 94 22 75 23 31 34 85 93
87 87 77 28 65 80 4 47 44 82 36 16 66 37 78 38 0 30 35 6 72 52 68 38 6 59 65 99 4 29 70 12 28 47 5 34 35 87 80 44 88 77 39 55 71 21 32 21 46 99
77 91 76 83 26 31 74 13 12 89 60 7 37 30 9 84 89 75 64 25 57 87 7 55 26 85 16 41 46 23 6 19 29 11 84 77 39 65 23 93 39 26 20 79 38 32 86 41 9 50
65 2 12 60 13 54 36 71 30 32 52 53 72 54 48 76 24 87 27 0 54 89 1 72 39 17 17 29 13 43 31 85 13 87 53 74 60 39 68 46 46 5 12 49 65 44 39 71 29 88
93 14 17 27 20 24 65 55 6 33 34 30 44 98 46 94 87 22 16 84 50 56 7 50 30 12 43 88 31 28 2 34 91 8 37 23 58 82 96 17 56 30 61 23 50 1 60 36 97 72
25 47 33 3 39 84 24 23 11 40 31 70 24 23 88 75 8 50 20 45 26 7 58 74 84 62 66 64 44 22 77 26 8 92 48 48 47 79 83 61 13 9 11 14 59 6 55 43 43 40
83 66 94 59 65 95 43 12 92 30 51 84 46 97 23 5 25 22 20 48 95 80 81 66 8 89 12 23 66 70 54 82 58 97 95 61 18 36 62 3 91 97 35 6 76 43 62 94 97 4
91 51 82 13 44 90 27 64 22 42 5 76 81 81 93 93 46 38 13 72 45 79 77 25 41 59 92 65 6 84 89 66 75 7 50 8 53 13 64 94 48 66 58 25 38 36 80 88 87 7
89 43 27 46 11 10 53 28 79 1 50 67 16 68 2 56 46 33 69 97 37 68 12 5 70 29 99 63 5 84 93 19 46 33 91 50 23 1 12 97 13 79 77 42 45 94 79 90 74 19
50 92 39 3 47 87 41 58 71 29 59 12 31 54 90 81 57 93 1 55 61 94 71 4 28 60 66 63 69 99 53 30 86 52 96 90 92 80 57 17 15 86 73 32 60 30 57 89 45 92
66 97 21 53 37 54 50 12 61 19 86 17 97 52 26 28 1 5 69 84 10 95 77 73 7 31 78 71 94 77 76 15 18 72 55 12 46 87 75 30 40 19 71 61 55 52 66 43 91 17
55 32 56 82 81 61 0 1 31 9 52 93 38 49 49 23 24 10 90 40 72 59 85 49 71 82 23 79 4 56 58 45 89 95 76 2 65 52 43 11 94 72 19 81 12 3 37 47 27 34
