3 36
0 0 1 1 2 3 4 4 5 6 6 7 8 9 10 11 12 13 14 15 16 16 17 17 18 19 19 20 20 21 22 23 23 24 24 25 26 26 27 28 28 29 30 31 31 32 32 33 34 35
36 37 38 39 39 3 40 41 42 42 43 43 8 9 44 11 12 13 14 45 46 46 47 47 48 48 49 50 50 21 51 51 52 53 54 55 55 56 56 57 57 58 30 59 59 60 61 33 34 35
36 37 38 62 62 63 64 41 65 66 66 67 68 69 44 70 70 71 71 45 72 73 73 74 74 75 76 76 77 78 78 79 79 53 80 81 81 82 83 83 84 58 85 85 86 60 61 87 88 88
89 90 90 91 91 63 64 92 92 93 93 67 68 69 94 95 95 96 97 97 72 98 99 100 100 75 101 101 77 102 103 104 104 105 80 106 106 107 107 108 108 109 110 111 86 112 113 113 114 114
115 116 117 118 118 119 119 120 121 122 123 124 124 125 126 126 127 128 128 129 130 98 99 131 131 132 133 133 134 102 103 135 136 136 137 138 138 139 140 141 141 109 110 111 142 142 143 144 145 146
115 116 147 148 148 149 150 120 121 122 123 151 152 152 153 153 127 154 155 129 130 156 157 157 158 132 159 160 134 161 162 135 163 164 165 166 166 139 140 167 168 168 169 169 170 170 143 144 145 146
171 171 147 172 172 149 150 173 174 175 176 151 177 177 178 179 180 154 181 181 182 156 183 184 158 185 185 160 186 161 187 187 163 164 165 188 189 190 191 167 192 193 193 194 195 195 196 196 197 197
198 199 199 200 200 201 201 173 174 175 176 202 202 203 178 179 180 204 204 205 182 206 183 184 207 207 208 209 210 211 212 213 214 214 215 188 189 190 191 216 192 217 218 194 219 220 220 221 222 222
223 224 224 225 225 226 227 227 228 229 229 230 231 203 232 232 233 233 234 235 235 206 236 236 237 238 238 209 210 211 212 213 239 239 240 240 241 242 243 216 244 244 218 245 245 246 246 247 248 249
223 250 251 252 252 226 253 254 228 255 256 230 231 257 257 258 259 260 261 261 262 262 263 263 264 265 266 266 267 268 269 270 271 272 273 274 241 242 275 275 276 276 277 277 278 278 279 247 248 249
280 250 251 281 282 282 253 283 284 255 256 285 285 286 287 258 259 288 288 289 289 290 291 292 264 265 293 293 294 268 269 270 271 272 273 295 295 296 297 297 298 299 300 301 302 302 279 303 304 304
280 305 305 281 306 307 308 283 309 310 310 311 312 286 287 313 313 314 315 316 317 317 291 292 318 319 319 320 294 321 322 322 323 323 324 325 326 296 327 327 298 299 300 301 328 328 329 330 331 331
332 333 334 335 306 307 308 336 309 337 337 311 338 339 340 341 341 314 315 316 342 342 343 343 318 344 344 320 345 321 346 346 347 347 324 325 326 348 349 349 350 351 352 353 353 354 329 330 355 356
332 333 334 335 357 358 358 336 359 360 360 361 338 362 340 363 364 364 365 365 366 367 367 368 368 369 370 370 345 371 372 373 374 375 375 376 377 348 378 378 350 351 379 379 380 380 381 381 355 356
382 382 383 384 357 385 385 386 359 387 388 389 389 362 390 363 391 391 392 393 366 394 394 395 396 369 397 398 398 371 372 399 374 400 401 376 402 402 403 404 404 405 406 407 408 409 409 410 411 411
412 412 383 384 413 413 414 415 415 387 416 416 417 417 390 418 419 419 392 393 420 421 422 395 423 423 424 424 425 426 426 399 427 427 401 428 429 429 403 430 431 432 406 407 433 433 434 435 436 436
437 437 438 439 439 440 414 441 442 443 444 445 446 447 447 418 448 448 449 450 420 421 451 451 452 452 453 454 425 455 455 456 457 458 458 428 459 460 460 430 431 432 461 462 462 463 463 435 464 465
466 466 438 467 468 468 469 441 442 443 444 445 446 470 471 471 472 472 449 450 473 473 474 475 476 477 453 454 478 479 479 456 480 480 481 481 459 482 483 484 484 485 486 487 488 488 489 489 464 490
491 491 492 493 494 494 469 495 495 496 496 497 497 470 498 498 499 499 500 501 501 502 474 475 476 503 504 505 505 506 506 507 508 509 509 510 510 482 483 511 511 485 486 512 512 513 514 515 516 490
517 518 518 493 519 519 520 520 521 522 523 524 525 525 526 526 527 528 500 529 529 502 530 531 531 503 504 532 533 534 534 507 508 535 536 537 537 538 538 539 540 540 541 542 542 513 514 515 516 543
544 544 545 545 546 546 547 548 521 522 523 524 549 550 550 551 527 528 552 552 553 553 530 554 554 555 555 532 533 556 557 557 558 558 536 559 560 561 562 563 564 565 541 566 566 567 568 568 569 543
570 570 571 572 572 573 547 548 574 574 575 575 549 576 577 551 578 579 579 580 581 581 582 583 583 584 584 585 586 587 588 589 590 591 592 559 560 561 593 563 564 565 594 595 595 567 596 597 569 598
599 599 600 601 601 573 602 602 603 604 605 605 606 576 607 608 578 609 610 580 611 612 612 613 613 614 614 615 586 587 588 589 590 591 592 616 617 617 593 618 619 619 620 621 622 622 596 597 623 598
624 624 600 625 625 626 627 628 603 629 629 630 631 631 607 608 632 609 610 633 611 634 634 635 635 636 637 615 638 638 639 639 640 640 641 616 642 642 643 618 644 644 620 621 645 645 646 646 623 647
648 649 650 650 651 626 627 628 652 653 653 630 654 655 656 657 632 658 658 659 660 661 662 663 664 665 637 666 667 667 668 669 670 670 641 671 672 672 643 673 673 674 675 675 676 676 677 678 678 647
648 649 679 679 651 680 681 681 682 682 683 684 685 655 686 657 687 688 688 659 660 661 689 663 664 665 690 691 691 692 668 693 694 694 695 695 696 697 697 698 698 674 699 699 700 701 677 702 702 703
704 705 705 706 707 680 708 708 709 709 710 684 685 711 686 712 713 714 715 716 717 717 689 718 719 719 720 721 722 722 723 693 724 724 725 725 696 726 726 727 727 728 729 729 700 730 731 732 733 703
704 734 734 706 707 735 736 737 737 738 710 739 739 740 740 712 713 714 741 716 742 743 744 718 745 745 720 746 747 748 723 749 749 750 751 751 752 752 753 754 754 728 755 755 756 730 731 732 733 757
758 758 759 760 760 735 736 761 761 762 763 764 764 765 766 767 768 769 741 770 742 743 771 771 772 773 773 746 747 748 774 775 775 776 776 777 778 779 753 780 781 782 783 783 784 784 785 786 787 757
788 788 789 789 790 791 792 793 794 762 763 795 796 765 766 797 768 769 798 770 799 800 800 801 772 802 803 804 805 805 774 806 807 808 808 777 778 779 809 780 781 782 810 810 811 812 813 786 787 814
815 816 817 817 790 791 792 793 818 818 819 795 796 820 821 797 822 823 823 824 825 826 827 828 829 829 803 804 830 830 831 806 807 832 832 833 834 834 835 835 836 837 837 838 839 812 813 840 840 841
815 816 842 842 843 843 844 845 846 846 819 847 848 820 849 849 850 850 851 824 825 826 852 828 853 853 854 854 855 855 831 856 857 858 859 833 860 860 861 862 863 863 864 864 839 865 866 867 867 841
868 868 869 870 871 871 844 845 872 873 873 847 848 874 874 875 876 876 851 877 878 878 852 879 879 880 880 881 881 882 882 856 857 858 859 883 884 884 861 862 885 886 886 887 887 865 866 888 888 889
890 891 869 892 892 893 894 894 872 895 895 896 897 897 898 875 899 900 901 877 902 903 903 904 905 906 906 907 908 908 909 910 910 911 912 883 913 913 914 915 916 916 917 918 918 919 919 920 920 889
890 891 921 921 922 922 923 924 925 925 926 896 927 927 898 928 899 900 901 929 902 930 930 904 931 932 933 934 934 935 935 936 937 911 912 938 938 939 914 940 941 941 942 942 943 944 944 945 946 947
948 949 950 950 951 951 923 952 953 953 954 954 955 955 956 928 957 958 959 929 960 961 962 962 931 963 933 964 965 966 967 967 937 968 969 969 970 971 972 940 973 973 974 974 943 975 975 945 946 976
948 949 977 978 978 979 979 952 980 980 981 982 983 983 956 984 984 958 959 985 985 961 986 986 987 963 988 964 965 966 989 989 990 990 991 991 970 971 992 992 993 994 995 996 997 997 998 998 999 976
1000 1000 977 1001 1002 1003 1003 1004 1005 1006 981 982 1007 1008 1009 1009 1010 1011 1011 1012 1012 1013 1013 1014 987 1015 988 1016 1016 1017 1018 1019 1019 1020 1021 1022 1023 1024 1025 1026 993 994 995 1027 1027 1028 1029 1029 999 1030
1031 1031 1032 1033 1002 1034 1035 1004 1005 1036 1037 1038 1007 1008 1039 1040 1010 1041 1042 1043 1044 1044 1045 1046 1046 1015 1047 1048 1049 1017 1018 1050 1051 1052 1021 1022 1023 1024 1025 1026 1053 1054 1055 1055 1056 1057 1057 1058 1059 1030
1060 1061 1061 1033 1062 1034 1035 1063 1064 1036 1037 1038 1065 1066 1067 1040 1068 1041 1042 1069 1070 1071 1072 1073 1074 1074 1047 1048 1075 1076 1077 1077 1051 1052 1078 1078 1079 1079 1080 1080 1053 1054 1081 1081 1082 1082 1083 1058 1084 1084
1060 1085 1086 1086 1062 1087 1088 1063 1064 1089 1089 1090 1065 1066 1067 1091 1068 1092 1092 1069 1070 1071 1072 1073 1093 1094 1094 1095 1075 1076 1096 1097 1098 1099 1100 1100 1101 1101 1102 1103 1103 1104 1105 1105 1106 1106 1083 1107 1108 1108
1109 1085 1110 1111 1112 1112 1088 1113 1114 1115 1116 1090 1117 1118 1118 1091 1119 1119 1120 1120 1121 1121 1122 1122 1123 1123 1124 1124 1125 1125 1096 1126 1098 1099 1127 1127 1128 1128 1102 1129 1129 1104 1130 1130 1131 1131 1132 1133 1133 1134
1135 1135 1110 1136 1136 1137 1138 1113 1114 1115 1116 1139 1140 1141 1142 1142 1143 1144 1144 1145 1145 1146 1147 1148 1148 1149 1150 1151 1151 1152 1152 1126 1153 1154 1154 1155 1156 1156 1157 1157 1158 1158 1159 1159 1160 1160 1132 1161 1162 1134
1163 1164 1165 1165 1166 1137 1138 1167 1168 1169 1170 1171 1140 1172 1173 1173 1174 1174 1175 1176 1176 1146 1147 1177 1177 1149 1150 1178 1178 1179 1180 1180 1153 1181 1181 1155 1182 1183 1183 1184 1185 1185 1186 1186 1187 1187 1188 1161 1189 1189
1163 1164 1190 1191 1192 1192 1193 1167 1194 1169 1195 1171 1196 1172 1197 1197 1198 1199 1175 1200 1201 1202 1203 1203 1204 1205 1206 1207 1207 1208 1209 1209 1210 1211 1211 1212 1212 1213 1213 1184 1214 1215 1216 1216 1217 1217 1188 1218 1218 1219
1220 1221 1190 1191 1222 1223 1193 1224 1194 1225 1195 1226 1227 1228 1229 1229 1230 1199 1231 1232 1201 1202 1233 1234 1204 1205 1206 1235 1236 1208 1237 1237 1210 1238 1238 1239 1240 1241 1241 1242 1214 1215 1243 1243 1244 1245 1246 1247 1248 1219
1220 1221 1249 1249 1222 1250 1250 1251 1252 1252 1253 1226 1227 1228 1254 1254 1230 1255 1255 1232 1256 1256 1233 1234 1257 1258 1258 1235 1236 1259 1260 1261 1262 1262 1263 1264 1240 1265 1266 1267 1268 1269 1270 1271 1244 1245 1246 1247 1248 1272
1273 1274 1275 1275 1276 1277 1277 1251 1278 1279 1279 1280 1280 1281 1282 1283 1283 1284 1284 1285 1286 1287 1288 1289 1257 1290 1291 1291 1292 1259 1260 1293 1294 1295 1263 1264 1296 1265 1266 1267 1268 1297 1270 1271 1298 1299 1300 1300 1301 1272
1273 1274 1302 1303 1276 1304 1304 1305 1306 1307 1308 1308 1309 1281 1282 1310 1311 1312 1313 1285 1286 1314 1288 1315 1315 1290 1316 1316 1317 1318 1319 1293 1294 1320 1321 1321 1296 1322 1322 1323 1324 1297 1325 1326 1298 1299 1327 1327 1301 1328
1329 1329 1302 1303 1330 1330 1331 1331 1306 1307 1332 1332 1309 1333 1333 1310 1311 1312 1313 1334 1334 1314 1335 1336 1336 1337 1338 1338 1317 1318 1339 1339 1340 1320 1341 1341 1342 1342 1343 1343 1324 1344 1344 1326 1345 1345 1346 1346 1347 1347
27 79 30 85 21 44 36 38 24 77 76 73 41 72 70 22 89 6 60 10 90 65 94 55 23 78 59 74 94 61 75 81 56 43 7 94 94 81 12 40 82 69 68 2 66 14 82 4 83 42
16 1 28 2 52 41 46 89 88 88 70 57 75 19 95 72 80 76 13 31 32 40 79 22 16 60 26 4 95 68 23 62 37 20 53 27 81 31 85 44 58 18 98 25 30 99 73 65 70 88
6 43 89 49 67 21 36 6 55 62 76 88 63 35 20 83 27 23 7 76 36 45 93 51 62 70 15 75 44 92 76 32 18 48 51 74 37 6 53 66 25 0 50 51 15 93 65 52 92 73
18 77 17 8 43 38 86 9 26 65 1 89 86 4 80 8 92 81 9 3 35 94 99 48 24 80 33 29 12 9 78 85 76 73 81 32 79 37 18 67 42 13 22 78 73 63 8 5 71 79
89 76 34 55 92 68 42 44 76 38 74 99 47 1 21 58 5 86 75 20 17 37 11 51 2 98 1 85 85 42 32 74 58 7 69 71 69 67 11 6 40 9 73 16 0 48 36 41 30 98
10 83 27 11 38 65 67 46 17 99 81 33 92 95 0 42 87 9 45 39 30 45 73 98 38 9 32 67 86 57 80 3 96 90 89 82 30 53 87 43 85 11 36 77 45 61 69 96 71 46
44 61 60 58 17 26 65 68 8 83 55 71 77 36 70 7 41 47 77 51 35 66 58 83 59 95 69 27 34 37 79 35 73 75 62 69 87 85 87 22 74 71 79 62 31 36 86 73 73 75
70 97 81 46 86 7 74 33 50 57 18 72 0 62 75 70 18 59 46 60 72 50 16 89 16 50 4 36 16 21 13 34 80 23 5 32 49 27 47 36 75 29 26 88 6 46 3 69 71 22
71 89 35 35 20 54 85 29 93 56 91 37 66 45 83 52 90 66 83 82 42 72 19 6 75 50 17 20 46 13 66 20 34 32 23 42 49 20 59 65 69 62 62 30 59 80 33 58 62 24
46 93 22 47 83 9 15 61 90 60 51 68 39 54 29 76 31 50 67 32 76 78 11 54 21 0 93 80 69 10 80 54 89 37 64 95 84 53 73 49 91 84 47 17 3 98 37 10 7 8
75 86 13 60 45 7 87 77 55 51 35 36 68 61 36 96 63 87 39 43 92 45 45 70 96 93 88 80 94 15 66 70 86 10 47 46 75 65 59 41 42 35 40 7 72 56 39 38 15 29
85 50 31 21 53 8 98 61 17 7 69 92 21 70 61 48 74 40 52 70 2 93 51 74 97 26 67 63 25 84 14 36 55 1 30 13 68 18 70 44 57 67 75 70 99 96 87 58 4 92
23 35 71 0 93 76 98 62 10 93 71 3 78 51 63 40 96 33 35 20 95 4 6 77 65 64 55 87 29 44 3 79 26 67 0 58 21 34 66 71 91 2 54 96 31 29 48 61 21 86
5 36 10 51 5 13 76 63 70 92 25 81 18 8 14 33 1 26 76 9 75 33 52 91 72 64 38 42 39 71 77 44 23 82 61 89 58 24 16 72 94 36 98 76 55 34 42 62 27 22
91 61 20 83 62 36 79 15 74 94 27 29 82 77 46 61 29 97 77 15 5 33 67 91 15 63 30 63 19 78 3 86 73 33 12 64 89 42 6 74 44 4 4 52 92 76 47 57 83 88
96 33 34 76 21 50 31 53 57 17 76 25 98 65 25 70 31 94 6 2 78 43 8 13 69 5 69 20 48 53 32 89 76 53 60 94 11 54 3 99 79 61 3 88 57 69 4 35 7 11
88 66 43 30 82 20 76 71 99 22 46 15 1 98 73 21 75 70 27 59 71 19 68 41 37 42 61 2 24 93 99 81 67 72 72 97 29 27 98 89 80 92 77 24 89 68 73 42 29 56
46 38 83 64 1 99 11 14 81 98 55 38 6 46 91 53 98 51 97 32 97 6 10 57 63 28 80 93 88 94 74 30 1 53 97 7 55 25 24 8 33 3 20 67 9 82 62 70 47 80
16 23 41 74 64 23 34 11 94 6 27 63 92 21 79 97 31 5 66 71 44 43 14 79 47 50 71 95 37 5 41 39 95 94 70 28 86 66 31 63 64 38 26 80 86 73 56 31 56 57
43 54 92 74 55 83 32 76 90 67 41 86 6 24 3 26 79 85 72 85 21 91 1 89 67 11 76 61 6 66 8 49 20 39 16 48 82 18 94 18 36 40 10 82 73 33 21 22 67 70
95 19 2 95 0 91 61 33 3 51 49 84 10 17 96 90 98 34 63 82 92 25 95 44 63 28 64 26 10 47 53 68 90 89 78 69 88 5 4 4 12 74 85 22 98 87 1 96 39 80
39 43 85 0 90 79 17 67 25 84 11 56 21 75 10 62 79 24 5 46 29 70 11 54 86 6 68 58 55 81 49 49 31 23 63 5 71 16 81 4 66 91 79 95 63 58 45 95 75 56
8 62 49 35 52 37 21 8 38 25 59 35 87 9 28 50 49 19 7 84 43 58 62 57 18 53 82 62 12 58 87 73 65 74 56 35 39 67 27 51 66 82 21 16 23 50 9 70 46 19
17 77 32 28 18 36 2 15 8 35 44 66 34 33 63 65 76 94 56 20 49 73 84 16 47 21 47 71 88 14 96 87 8 5 26 11 41 29 59 33 12 91 66 90 58 33 6 32 48 40
12 27 46 68 35 22 11 22 64 76 70 37 58 28 49 75 45 80 6 66 48 47 5 62 33 19 90 66 68 18 84 47 60 74 31 12 41 65 73 5 63 25 68 22 22 66 86 86 59 88
27 90 95 28 72 8 24 73 87 73 96 34 99 28 7 40 67 5 24 15 39 23 62 74 19 47 27 99 19 94 61 62 16 82 5 61 32 79 6 73 63 54 34 29 82 30 80 66 69 83
89 20 63 30 31 0 66 11 12 35 33 67 82 41 66 20 4 92 41 79 21 89 66 32 12 15 53 75 79 44 57 3 43 77 75 10 79 78 80 32 89 97 44 47 82 26 13 31 37 22
30 27 96 71 44 42 85 74 50 35 80 70 83 27 40 37 79 51 29 69 49 4 46 98 36 38 57 92 81 50 8 6 49 6 4 91 23 77 21 30 23 0 42 90 70 30 47 87 91 76
61 65 6 87 23 86 21 87 18 58 65 75 54 27 34 32 88 96 93 44 92 10 68 79 76 29 28 86 83 28 7 43 89 11 14 98 44 88 68 22 62 48 97 81 22 18 56 65 88 72
97 24 42 92 53 18 41 98 0 48 6 66 99 54 1 81 55 94 68 68 85 26 52 41 3 9 64 64 22 44 66 58 19 31 16 54 66 13 36 21 19 82 61 98 97 12 10 8 41 6
61 34 65 7 74 5 40 89 1 96 35 12 68 14 59 87 37 42 20 95 36 99 36 10 19 68 30 19 62 16 59 90 61 3 95 18 97 15 79 67 70 71 24 75 58 34 94 58 59 58
78 91 30 41 66 94 47 50 97 43 28 80 56 94 81 76 36 30 63 32 92 73 20 16 8 60 32 33 35 46 53 6 0 21 69 74 20 24 42 5 54 44 53 57 0 70 65 34 8 46
53 45 97 9 15 88 1 37 44 86 61 51 65 80 14 38 18 80 45 85 8 98 73 92 27 35 49 68 35 21 68 84 68 78 62 94 23 9 68 39 70 35 77 73 61 30 68 62 7 14
37 71 95 40 44 99 3 1 71 5 88 74 68 58 44 73 6 69 70 48 97 41 65 96 44 48 27 35 73 61 53 10 77 34 35 37 47 1 43 29 1 51 91 81 0 16 36 84 30 20
37 1 68 73 69 36 51 69 91 27 39 73 53 81 39 96 80 16 36 5 23 62 96 9 0 61 26 73 99 58 20 51 16 9 31 53 16 30 3 6 48 75 76 88 78 1 23 48 34 23
72 95 20 9 34 38 59 87 6 7 35 35 95 67 94 6 42 44 9 65 24 5 45 55 96 61 25 38 86 33 65 26 1 44 68 54 20 88 81 61 78 35 93 58 5 5 86 94 33 28
5 74 3 6 71 66 53 23 38 45 84 30 41 89 81 49 4 6 82 82 77 51 20 47 83 6 16 87 74 45 37 20 47 8 39 52 59 8 63 19 4 57 34 2 29 91 11 68 68 55
88 48 68 96 37 70 33 28 97 34 81 16 59 76 84 32 97 79 78 51 71 85 30 46 86 72 89 79 57 94 34 55 65 69 9 11 87 8 18 35 52 58 75 27 86 87 75 0 58 78
47 66 95 13 72 54 40 15 43 1 80 15 22 56 43 61 80 86 26 97 76 4 58 17 8 74 89 53 67 10 84 46 76 32 3 10 34 60 76 31 96 64 89 6 58 29 32 82 7 99
59 98 97 77 24 75 42 86 70 45 68 16 73 63 97 89 50 61 84 88 96 69 93 56 59 62 84 14 8 72 81 57 48 91 94 92 43 40 6 46 82 52 1 26 4 27 94 7 27 37
32 73 63 63 35 8 90 32 69 62 46 21 88 45 51 29 5 30 12 35 88 41 32 40 58 36 61 21 25 99 62 55 67 53 76 22 82 62 37 18 3 5 8 50 17 45 89 61 74 31
68 91 85 34 22 13 14 10 93 72 18 70 20 73 57 38 62 10 41 82 29 63 41 96 22 55 64 46 14 58 80 90 24 93 82 36 48 20 85 12 18 27 55 82 57 47 29 13 70 62
64 91 48 63 68 89 62 76 55 24 72 12 98 71 93 50 40 31 44 29 53 86 97 17 79 30 41 83 94 27 77 51 57 70 38 44 39 27 91 70 99 34 26 97 12 31 27 31 88 17
8 25 42 75 16 13 92 90 31 98 17 72 16 74 17 81 21 28 38 20 75 6 86 1 13 6 54 8 24 0 71 29 67 14 4 58 63 35 89 91 73 6 45 26 97 42 48 99 71 20
6 93 13 35 98 96 71 88 50 82 8 69 10 86 79 57 94 29 63 35 50 70 14 29 23 53 30 50 53 95 48 46 52 36 13 90 44 30 78 63 59 56 25 88 10 15 20 30 13 5
22 34 5 89 32 49 3 14 94 94 42 5 47 31 84 5 64 62 23 63 20 96 38 3 6 86 86 33 1 85 43 84 78 24 55 77 88 61 61 90 37 82 84 59 79 11 11 10 83 96
76 4 98 30 22 37 34 50 84 12 40 56 84 43 71 91 25 96 40 52 73 36 67 55 94 33 65 54 75 31 31 61 6 85 47 36 10 30 46 95 61 39 3 21 17 97 97 24 92 9
71 26 83 48 96 37 42 17 99 1 8 30 3 79 65 77 92 72 24 85 94 0 9 39 91 12 66 26 69 83 47 97 51 52 1 72 51 2 70 93 72 77 86 6 28 79 60 24 26 24
99 11 38 89 27 91 92 99 3 36 55 37 70 5 84 58 63 14 12 71 61 65 59 52 88 51 98 46 96 64 9 59 86 28 73 50 84 90 59 71 56 49 11 34 84 68 53 20 44 13
60 67 79 36 97 34 95 50 14 26 85 63 98 99 78 36 31 17 2 22 39 55 54 54 4 37 68 17 79 86 7 4 88 27 91 82 40 45 49 76 88 46 77 77 26 82 26 74 22 26
