14 23
0 0 1 1 2 3 3 4 4 5 5 6 7 8 9 10 10 11 11 12 13 14 14 15 15 16 17 18 19 20 21 22 23 24 24 25 25 26 26 27 27 28 28 29 30 31 32 33 33 34
35 36 37 37 38 39 40 40 41 41 42 6 7 8 9 43 44 44 45 12 13 46 46 47 48 48 17 18 49 20 50 22 23 51 51 52 52 53 53 54 55 56 56 29 30 31 32 57 57 34
35 36 58 58 38 39 59 60 61 61 42 62 63 64 64 43 65 65 66 67 67 68 68 47 69 70 71 71 49 72 50 73 74 74 75 76 77 77 78 78 55 79 79 80 81 81 82 83 84 85
86 86 87 87 88 88 59 60 89 90 90 62 63 91 92 93 94 95 66 96 97 97 98 99 69 70 100 101 101 102 102 73 103 104 75 76 105 105 106 107 107 108 109 80 110 110 82 83 111 85
112 112 113 113 114 114 115 115 89 116 116 117 117 91 92 93 94 118 118 96 119 120 98 99 121 122 123 124 124 125 126 126 103 104 127 128 129 129 106 130 130 108 109 131 131 132 132 133 111 134
135 135 136 136 137 138 138 139 140 140 141 142 143 143 144 145 146 147 147 148 148 120 149 149 121 122 123 150 151 151 152 152 153 153 154 128 155 156 157 158 159 160 160 161 162 162 163 164 165 134
166 167 167 168 169 170 171 171 172 172 141 142 173 173 144 145 174 175 176 176 177 178 179 179 180 181 181 182 182 183 184 185 186 186 154 187 155 156 157 188 159 189 189 161 190 190 163 164 165 191
166 192 192 193 169 194 194 195 196 197 197 198 199 200 200 201 174 175 202 202 177 178 203 204 204 205 205 206 207 183 184 208 208 209 210 211 211 212 212 188 213 213 214 215 215 216 216 217 218 218
219 220 221 193 222 223 223 195 196 224 224 198 199 225 225 226 226 227 228 228 229 229 230 230 231 232 233 233 207 234 235 236 236 209 210 237 237 238 238 239 239 240 240 241 242 243 244 217 245 245
246 220 247 247 222 248 248 249 250 251 252 252 253 253 254 255 255 227 256 256 257 257 258 258 231 232 259 260 260 234 261 262 263 263 264 265 265 266 267 268 269 269 270 270 242 271 244 272 272 273
246 274 274 275 275 276 277 277 250 251 278 279 280 281 282 283 284 284 285 286 287 288 288 289 290 290 259 291 292 292 261 293 293 294 294 295 295 266 267 268 296 297 298 299 299 271 300 301 301 273
302 303 303 304 305 305 306 307 307 308 309 279 280 281 282 310 310 311 311 286 287 312 312 289 313 314 314 315 315 316 316 317 318 318 319 319 320 320 321 322 296 297 323 323 324 324 300 325 326 327
328 328 329 330 331 332 333 334 334 335 309 336 337 337 338 338 339 339 340 341 342 342 343 343 313 344 344 345 345 346 346 317 347 348 349 349 350 351 351 322 352 353 353 354 355 356 356 325 326 327
357 358 329 330 331 332 333 359 359 335 360 336 361 361 362 363 364 364 340 341 365 366 367 368 368 369 369 370 370 371 371 372 373 348 374 375 350 376 376 377 352 378 379 354 355 380 380 381 382 382
357 383 383 384 385 386 387 388 389 389 360 390 391 391 362 363 392 393 394 394 395 366 396 396 397 398 399 399 400 400 401 372 373 402 374 375 403 404 405 405 406 378 379 407 408 409 409 381 410 411
412 413 413 414 385 386 387 415 416 417 417 390 418 419 420 420 392 421 422 422 395 423 424 425 397 398 426 426 427 428 429 429 430 402 431 432 433 404 434 434 406 435 436 436 408 437 437 438 410 411
439 439 440 414 441 442 442 415 443 443 444 444 418 419 445 446 446 421 447 447 448 448 424 449 449 450 450 451 427 428 452 452 453 454 454 432 433 455 455 456 457 435 458 459 460 460 461 461 462 462
463 463 440 464 464 465 466 466 467 467 468 469 469 470 471 472 472 473 474 474 475 476 476 477 478 479 480 480 481 481 482 483 453 484 485 486 486 487 488 488 457 489 458 459 490 491 491 492 493 493
494 494 495 496 497 498 499 500 500 501 502 503 503 470 471 504 504 505 505 506 475 507 508 477 478 479 509 509 510 511 482 483 512 484 513 513 514 515 516 516 517 518 518 519 490 520 520 492 521 521
522 522 495 496 497 498 499 523 523 501 502 524 525 525 526 527 528 528 529 506 530 507 508 531 531 532 533 534 534 511 535 536 537 537 538 538 514 515 539 539 540 540 541 542 542 543 544 544 545 546
547 547 548 548 549 549 550 551 552 552 553 524 554 554 526 527 555 556 529 557 530 558 559 559 560 532 561 562 563 563 535 536 564 564 565 565 566 566 567 568 569 570 541 571 572 543 573 574 545 546
575 576 576 577 578 579 550 551 580 580 553 581 582 583 584 585 555 556 586 586 587 558 588 588 589 590 561 562 591 591 592 593 594 594 595 596 596 597 567 568 569 570 598 571 572 599 600 574 601 602
603 603 604 604 578 579 605 606 606 607 607 581 582 583 584 608 608 609 610 610 587 611 611 612 589 590 613 613 614 614 592 615 616 617 595 618 619 620 620 621 621 622 622 623 624 599 600 625 601 626
627 628 628 629 629 630 630 631 632 633 633 634 634 635 635 636 636 609 637 637 638 638 639 639 640 640 641 642 643 643 644 615 616 617 645 618 646 646 647 648 649 649 650 623 651 652 653 654 654 626
627 655 655 656 657 658 659 631 660 660 661 662 663 664 664 665 666 667 668 669 670 671 671 672 673 673 641 642 674 674 675 676 677 677 645 678 679 680 681 648 682 682 683 683 651 652 653 684 685 685
686 686 687 656 657 658 659 688 689 689 661 662 663 690 691 665 666 692 668 669 670 693 693 694 695 696 697 697 698 698 675 699 699 700 700 701 679 680 681 702 703 704 704 705 705 706 706 707 708 708
709 709 687 710 710 711 711 688 712 713 713 714 714 690 715 715 716 692 717 717 718 719 719 694 695 696 720 721 722 723 723 724 724 725 726 701 727 728 728 702 703 729 729 730 730 731 731 707 732 733
734 735 736 737 737 738 738 739 712 740 740 741 742 743 744 745 745 746 746 747 747 748 749 749 750 750 720 721 722 751 751 752 752 725 726 753 727 754 754 755 756 756 757 758 759 759 760 760 732 733
734 761 736 762 762 763 764 739 765 766 767 768 742 743 744 769 770 771 771 772 773 748 774 774 775 775 776 776 777 777 778 779 780 781 782 782 783 784 784 785 785 786 786 758 787 787 788 789 790 790
791 761 792 793 793 763 794 794 765 766 767 768 795 795 796 769 770 797 797 772 773 798 799 799 800 801 802 803 804 804 778 779 780 781 805 806 783 807 807 808 808 809 810 811 812 813 788 789 814 814
815 815 792 816 816 817 818 818 819 820 821 822 823 824 825 826 826 827 827 828 828 798 829 830 800 801 802 831 831 832 833 833 834 835 805 836 836 837 838 839 839 809 810 811 812 840 840 841 842 843
844 845 845 846 847 848 849 849 819 850 821 822 823 824 825 851 852 853 854 855 856 857 829 858 858 859 860 861 862 863 864 864 834 835 865 865 866 866 838 867 868 868 869 869 870 870 871 841 842 843
844 872 872 846 847 848 873 873 874 850 875 875 876 877 877 851 852 853 854 855 856 878 879 880 880 859 860 861 862 863 881 882 882 883 884 884 885 885 886 886 887 887 888 889 889 890 890 891 892 892
893 894 895 896 896 897 897 898 899 900 901 901 876 902 903 904 904 905 905 906 907 878 879 908 908 909 910 910 911 912 913 914 915 915 916 916 917 917 918 919 919 920 888 921 922 923 924 891 925 926
893 927 895 928 929 929 930 898 899 900 931 931 932 902 903 933 934 934 935 906 936 936 937 938 939 940 941 942 911 912 913 914 943 944 945 946 947 947 918 948 948 949 950 921 951 923 924 952 925 926
953 927 954 928 955 956 956 957 957 958 959 959 932 960 961 962 963 963 935 964 964 965 965 938 939 940 966 942 967 968 969 970 970 944 945 971 972 972 973 974 975 949 950 976 951 977 977 952 978 978
953 979 979 980 955 981 982 982 983 958 984 984 985 985 961 962 986 987 987 988 989 989 990 991 992 993 966 994 967 968 969 995 995 996 996 971 997 997 973 974 975 998 999 976 1000 1001 1002 1003 1004 1004
1005 1006 1007 980 1008 981 1009 1010 983 1011 1012 1012 1013 1014 1015 1015 1016 1017 1018 988 1019 1020 990 991 992 993 1021 1021 1022 1023 1024 1025 1026 1027 1027 1028 1028 1029 1030 1030 1031 1031 999 1032 1000 1033 1002 1003 1034 1034
1005 1006 1007 1035 1008 1036 1037 1010 1038 1038 1039 1040 1013 1014 1041 1041 1016 1017 1018 1042 1019 1043 1044 1045 1045 1046 1046 1047 1022 1023 1024 1025 1026 1048 1049 1050 1050 1029 1051 1051 1052 1052 1053 1032 1054 1033 1055 1056 1057 1058
1059 1060 1060 1061 1061 1036 1037 1062 1063 1064 1065 1040 1066 1067 1067 1068 1068 1069 1069 1070 1071 1043 1072 1073 1074 1074 1075 1075 1076 1076 1077 1078 1078 1079 1049 1080 1080 1081 1082 1083 1084 1085 1053 1086 1087 1088 1089 1056 1057 1058
1059 1090 1090 1091 1091 1092 1092 1062 1093 1064 1065 1094 1095 1096 1097 1098 1098 1099 1099 1070 1071 1100 1072 1101 1102 1103 1104 1105 1105 1106 1106 1107 1107 1079 1108 1109 1109 1081 1082 1083 1084 1085 1110 1110 1087 1088 1089 1111 1112 1113
1114 1115 1116 1116 1117 1117 1118 1118 1093 1119 1119 1094 1095 1120 1097 1121 1122 1122 1123 1124 1125 1100 1126 1101 1102 1103 1127 1127 1128 1129 1130 1131 1132 1132 1133 1133 1134 1135 1135 1136 1137 1137 1138 1139 1140 1140 1141 1111 1112 1113
1114 1142 1142 1143 1143 1144 1145 1145 1146 1146 1147 1147 1148 1120 1149 1121 1150 1151 1151 1124 1152 1152 1153 1153 1154 1155 1155 1156 1128 1157 1130 1158 1159 1159 1160 1161 1161 1162 1162 1136 1163 1164 1138 1139 1165 1166 1141 1167 1168 1168
1169 1169 1170 1171 1171 1144 1172 1173 1174 1174 1175 1176 1148 1177 1149 1178 1150 1179 1180 1180 1181 1182 1183 1184 1154 1185 1185 1186 1186 1157 1187 1158 1188 1189 1160 1190 1190 1191 1192 1193 1163 1164 1194 1194 1165 1195 1196 1196 1197 1197
1198 1199 1170 1200 1201 1201 1172 1173 1202 1203 1175 1204 1205 1205 1206 1178 1207 1179 1208 1208 1181 1182 1183 1184 1209 1210 1210 1211 1212 1212 1213 1213 1188 1214 1215 1216 1217 1217 1192 1193 1218 1218 1219 1220 1220 1195 1221 1222 1223 1223
1198 1224 1224 1200 1225 1226 1226 1227 1202 1203 1228 1204 1229 1229 1206 1230 1230 1231 1231 1232 1233 1233 1234 1234 1235 1236 1237 1211 1238 1238 1239 1240 1240 1214 1215 1216 1241 1242 1242 1243 1244 1244 1219 1245 1245 1246 1221 1247 1247 1248
1249 1250 1250 1251 1225 1252 1253 1253 1254 1255 1256 1256 1257 1258 1258 1259 1259 1260 1261 1232 1262 1263 1264 1264 1235 1236 1265 1265 1266 1267 1239 1268 1269 1270 1270 1271 1272 1272 1273 1273 1274 1275 1275 1276 1276 1246 1277 1278 1279 1248
1249 1280 1280 1251 1281 1281 1282 1283 1254 1284 1285 1285 1257 1286 1287 1288 1288 1260 1261 1289 1262 1263 1290 1290 1291 1292 1293 1294 1266 1295 1296 1296 1269 1297 1297 1271 1298 1298 1299 1299 1274 1300 1301 1302 1303 1303 1277 1278 1279 1304
1305 1306 1307 1308 1309 1309 1282 1310 1310 1284 1311 1311 1312 1286 1287 1313 1313 1314 1315 1315 1316 1316 1317 1317 1291 1292 1293 1294 1318 1295 1319 1320 1320 1321 1321 1322 1322 1323 1324 1324 1325 1300 1301 1302 1326 1327 1328 1329 1329 1304
1305 1306 1307 1308 1330 1330 1331 1331 1332 1332 1333 1333 1312 1334 1335 1335 1336 1336 1337 1338 1338 1339 1339 1340 1340 1341 1342 1342 1318 1343 1344 1344 1345 1345 1346 1346 1347 1323 1348 1349 1349 1350 1350 1351 1326 1327 1352 1352 1353 1353
70 76 75 17 20 1 21 13 78 30 15 47 50 28 36 93 39 25 13 9 1 46 72 66 83 43 42 5 85 67 43 20 27 13 5 40 39 69 59 66 45 85 34 22 23 20 78 22 11 43
42 89 9 83 53 36 34 48 59 83 99 36 88 43 75 23 33 53 93 11 38 8 74 61 82 82 97 54 57 66 16 48 96 94 12 31 70 62 99 86 46 33 41 35 63 37 69 29 62 10
18 47 73 17 77 69 93 51 62 57 32 31 78 94 60 81 14 5 38 64 4 89 16 34 13 70 69 44 27 9 13 29 24 68 7 56 42 96 18 77 43 16 35 32 21 34 30 37 38 68
43 78 66 22 6 47 16 43 39 95 39 22 17 29 30 6 39 18 64 83 38 51 6 37 34 38 0 2 95 7 17 39 31 6 27 89 25 34 50 86 0 62 11 46 97 32 3 77 69 17
16 49 68 46 18 85 99 52 90 83 56 35 73 4 64 14 95 36 92 89 13 53 62 60 80 11 89 68 63 51 55 94 19 8 77 87 38 46 6 32 2 9 77 6 81 95 22 36 26 45
80 67 61 91 65 97 85 27 74 79 83 77 66 84 65 20 7 57 25 67 87 81 93 37 90 94 13 27 52 65 76 73 55 10 95 67 41 62 89 67 35 7 86 50 4 75 15 57 75 77
24 93 87 51 49 70 55 82 13 8 99 30 55 7 26 96 64 35 86 2 26 99 41 63 70 64 72 15 21 63 70 12 76 57 82 97 75 71 76 79 83 8 12 62 34 84 53 71 6 49
20 95 19 85 9 91 76 4 82 89 43 55 68 61 51 56 96 12 55 77 15 85 60 56 14 15 73 38 97 34 9 31 29 85 55 72 66 32 99 14 6 0 91 41 10 26 26 86 30 27
63 70 23 71 16 23 8 25 56 64 59 7 37 46 44 33 28 0 76 6 34 96 72 72 16 79 71 96 35 54 55 9 79 80 96 52 40 81 23 11 28 5 83 96 88 10 59 95 68 86
64 49 31 62 89 51 78 41 30 95 98 38 11 63 28 74 81 96 20 75 89 71 86 86 23 69 11 91 46 95 4 32 83 93 48 55 25 46 55 53 31 26 67 42 96 98 87 76 57 46
43 55 33 19 73 87 31 65 64 98 97 2 62 13 16 49 95 85 39 13 83 81 74 0 87 34 6 41 72 40 55 20 5 89 8 72 0 70 90 75 24 94 94 68 14 5 54 93 47 69
55 30 29 46 49 56 72 69 9 21 48 45 1 3 22 98 32 53 85 0 50 78 82 26 67 2 22 67 61 66 69 55 5 51 27 21 55 50 31 61 97 94 85 0 80 20 75 92 25 7
61 6 92 57 46 42 17 2 48 20 6 39 49 87 93 13 85 51 86 91 75 24 5 0 0 85 83 8 35 27 95 9 73 80 87 13 56 0 52 71 12 2 55 15 80 65 99 85 14 22
24 54 44 47 50 89 44 27 42 13 2 22 50 43 55 4 55 4 99 44 68 67 18 61 30 27 21 23 91 54 85 12 96 97 64 26 52 44 69 70 84 54 83 25 31 80 1 44 10 21
80 63 95 73 54 9 74 45 67 30 74 55 41 25 82 68 78 74 5 4 61 69 47 23 14 37 45 92 59 12 94 78 5 55 65 95 79 54 35 92 15 97 94 88 15 40 69 26 64 33
68 61 82 80 37 96 34 2 31 94 50 39 91 54 45 35 39 79 59 34 11 21 78 63 37 25 81 10 57 63 12 4 79 11 51 70 72 80 9 83 26 9 90 56 23 2 4 59 48 46
76 85 77 44 20 43 46 41 83 96 43 88 91 93 1 53 91 73 64 53 75 35 86 13 16 13 6 76 89 29 5 84 58 67 17 80 13 39 85 65 86 76 14 65 82 48 93 25 4 31
8 9 16 46 65 79 53 58 65 71 17 74 79 96 72 11 68 96 67 11 60 42 52 77 87 15 19 15 45 99 81 78 63 90 9 45 75 7 52 9 79 78 57 13 48 45 80 21 95 63
6 71 18 18 81 83 70 32 7 9 85 77 2 2 97 99 18 28 71 77 44 85 59 7 56 84 17 0 5 59 49 47 37 38 20 11 52 25 77 2 97 56 69 2 69 56 61 17 25 60
81 80 78 69 67 97 26 75 48 73 97 97 36 18 57 18 12 38 98 20 58 51 96 29 74 22 28 47 89 9 9 5 17 66 57 47 91 89 89 76 69 62 14 98 75 30 57 11 38 55
7 71 83 7 47 18 85 46 91 74 67 77 9 32 2 81 82 90 41 60 8 67 31 87 16 77 87 93 10 91 93 89 0 59 20 4 10 91 13 37 23 31 84 18 55 51 92 70 97 41
36 87 32 87 91 84 83 52 4 92 83 13 98 32 99 49 10 95 93 48 31 72 92 61 71 56 30 1 66 63 26 68 55 88 0 68 88 48 92 57 8 64 62 43 79 12 77 64 47 45
65 91 34 60 68 12 92 29 32 59 97 53 50 35 81 44 90 55 16 68 82 64 26 39 21 75 10 6 73 16 59 48 49 9 10 63 5 58 16 51 59 25 66 25 62 43 15 62 12 33
63 17 37 76 27 26 46 29 62 8 42 29 59 66 94 15 57 78 36 97 54 53 33 23 77 37 91 67 83 44 64 81 53 29 72 43 58 57 64 41 67 17 70 38 51 12 98 64 59 53
5 37 70 59 28 41 92 59 5 4 50 10 56 34 69 96 96 48 66 28 16 30 21 69 7 77 43 92 8 92 27 73 7 88 2 35 88 62 13 13 96 40 87 51 45 25 49 1 88 55
5 14 49 31 4 74 18 33 44 14 48 80 44 39 90 52 38 28 9 93 82 64 82 62 15 18 41 3 61 38 74 15 63 27 89 44 5 5 34 24 71 5 52 13 25 9 51 96 55 60
81 11 48 94 65 13 53 55 71 14 22 76 33 31 38 89 15 97 45 55 59 71 32 19 68 84 97 38 32 80 59 37 46 68 41 84 40 46 42 76 45 17 82 60 33 3 68 26 51 20
98 37 86 74 79 71 23 94 50 28 9 22 57 59 83 4 9 70 10 73 9 31 47 93 87 34 75 60 98 86 50 86 5 47 91 79 76 99 39 8 70 81 77 88 65 21 52 62 29 41
2 30 13 90 37 81 68 62 19 91 20 0 57 45 25 28 25 65 90 34 76 40 98 27 49 19 56 57 81 88 2 89 13 87 88 20 30 59 78 2 58 52 30 98 66 54 78 99 63 10
43 12 97 16 13 28 81 71 51 60 17 28 54 62 22 60 91 96 5 18 90 83 87 50 37 2 11 63 83 57 68 94 34 26 7 21 77 68 20 84 78 48 69 13 19 84 36 41 8 65
20 67 76 26 54 77 71 35 54 49 94 92 13 14 56 21 15 17 8 70 47 28 34 19 42 40 89 33 33 63 37 79 81 9 6 82 54 20 8 33 23 19 25 91 93 81 26 44 65 0
51 69 33 36 52 52 46 17 29 99 8 84 58 58 40 54 30 16 59 48 56 43 79 56 18 83 42 95 37 78 15 88 35 33 71 2 14 93 73 61 87 88 29 14 86 49 32 29 18 55
23 59 3 87 86 48 80 74 25 64 27 3 44 70 19 21 19 97 14 76 87 76 72 69 89 72 60 79 94 2 5 69 1 38 40 55 50 1 4 89 11 11 50 34 17 58 44 28 47 54
84 38 81 61 37 40 89 90 21 75 30 62 64 79 38 58 0 17 85 24 25 49 49 68 79 70 43 75 20 94 54 33 83 69 29 89 12 94 36 50 97 39 58 81 81 18 27 15 14 91
48 60 10 58 16 56 49 56 58 39 16 91 58 15 11 66 27 26 53 36 45 34 22 48 42 91 86 49 6 6 18 35 80 14 60 7 87 98 72 20 11 56 92 90 46 64 13 3 48 61
5 84 94 53 91 68 90 38 69 99 81 18 72 8 16 62 67 15 73 24 3 35 15 44 16 94 95 44 77 87 8 45 2 50 44 71 36 61 82 51 93 20 91 37 25 83 57 11 51 16
5 26 54 71 58 26 75 56 19 10 2 29 83 15 12 77 52 8 44 76 75 75 10 79 36 39 80 43 66 36 26 76 7 52 42 72 94 84 17 12 44 58 75 60 84 88 10 12 9 52
38 1 8 24 22 27 89 22 64 65 28 15 1 50 53 8 18 45 6 64 30 94 16 10 83 86 5 32 10 45 18 18 78 59 83 74 95 36 6 28 46 76 63 55 56 86 20 65 21 11
83 21 80 74 17 94 4 3 66 54 6 59 3 79 74 12 85 43 21 60 68 81 67 80 87 98 37 47 8 29 61 30 96 7 65 64 63 58 38 51 31 87 33 89 39 75 5 50 57 10
90 91 68 21 93 41 88 68 76 81 55 30 90 35 90 19 70 44 14 65 23 41 1 21 37 66 25 16 57 62 4 81 1 93 41 12 21 61 98 81 72 56 65 67 81 63 21 29 83 45
34 7 75 77 50 46 82 74 95 3 45 0 96 62 87 27 29 96 30 94 69 60 33 1 62 3 62 18 33 39 82 60 76 48 36 9 84 14 36 13 78 93 84 86 74 62 89 12 1 19
19 31 0 24 56 19 20 65 60 29 2 45 32 76 20 9 33 67 84 0 7 94 94 94 62 97 22 46 88 67 10 49 96 69 55 24 94 63 40 21 2 37 72 70 35 74 58 60 78 94
62 24 5 99 25 91 10 72 16 2 64 77 98 92 0 27 2 33 95 51 7 59 75 5 17 69 30 65 30 4 16 63 95 98 56 47 87 82 2 74 14 83 93 5 88 12 10 76 83 88
56 41 39 89 44 6 26 10 62 81 83 36 39 11 2 20 86 13 80 45 69 90 32 17 24 97 7 86 45 10 17 97 93 77 49 35 74 98 90 98 47 78 21 61 21 73 53 97 22 53
59 17 11 58 31 76 76 37 58 22 0 62 2 6 90 3 82 68 51 52 91 70 76 13 35 86 94 82 85 74 69 17 9 14 40 11 92 10 19 57 99 70 33 97 37 99 45 82 64 68
3 31 97 74 71 52 23 47 79 38 7 65 96 3 24 39 71 93 54 80 87 1 18 7 35 38 28 44 11 39 14 2 47 7 91 20 85 58 95 10 96 88 7 34 12 13 31 27 11 8
64 74 90 44 28 54 63 76 79 62 53 21 29 95 28 19 31 12 24 88 73 98 77 60 53 37 72 77 88 65 97 5 72 63 3 16 61 79 17 17 30 84 64 21 92 84 6 52 59 38
76 58 92 34 53 94 82 66 45 29 49 40 53 79 13 64 84 12 60 50 74 19 94 41 82 59 21 15 37 64 80 34 16 89 31 11 35 10 79 70 24 7 1 45 28 84 21 43 60 29
35 99 93 57 63 53 64 17 97 35 45 21 3 31 79 70 21 50 84 48 62 16 19 83 78 79 0 57 22 21 46 46 58 88 43 40 44 87 12 6 57 34 0 68 12 37 6 11 66 65
52 56 95 64 78 63 91 88 38 42 91 49 27 71 49 93 23 0 78 88 48 98 49 34 8 47 77 84 45 81 58 85 51 77 93 23 24 70 91 89 59 65 31 51 47 92 10 75 74 51
