12 26
0 1 1 2 3 4 5 6 7 8 8 9 9 10 10 11 11 12 12 13 13 14 15 16 17 17 18 18 19 19 20 21 22 22 23 23 24 24 25 26 26 27 28 29 29 30 31 32 32 33
0 34 34 2 3 4 5 6 35 35 36 37 37 38 38 39 39 40 41 42 42 14 15 16 43 44 45 45 46 47 20 48 49 50 50 51 52 53 54 55 56 56 28 57 58 58 31 59 59 60
61 61 62 62 63 63 64 64 65 66 36 67 68 69 70 70 71 40 41 72 72 73 73 74 43 44 75 75 76 47 77 48 78 78 79 51 80 53 54 55 81 82 82 57 83 84 85 86 86 60
87 87 88 88 89 90 91 92 92 66 93 67 68 69 94 95 71 96 97 98 98 99 100 74 101 101 102 103 76 104 77 105 105 106 106 107 80 108 108 109 109 110 110 111 112 84 113 113 114 114
115 116 117 117 89 90 91 118 118 119 120 121 121 122 122 95 123 124 97 125 125 99 126 126 127 127 128 103 129 104 130 130 131 131 132 107 133 133 134 134 135 136 137 137 112 138 139 139 140 141
115 142 142 143 143 144 145 146 146 119 120 147 148 148 149 149 123 124 150 150 151 152 152 153 154 154 128 155 129 156 157 157 158 158 159 159 160 160 161 162 163 136 164 164 165 166 166 167 140 141
168 169 170 171 171 144 172 172 173 173 174 175 175 176 177 177 178 179 180 181 181 182 183 153 184 185 185 155 186 156 187 188 188 189 190 190 191 191 161 162 163 192 192 193 165 194 195 195 196 196
197 169 198 198 199 200 200 201 201 202 203 204 205 176 206 206 178 207 180 208 208 182 183 209 184 210 210 211 212 212 187 213 213 189 214 215 215 216 217 217 218 219 219 193 220 194 221 222 222 223
197 224 225 226 226 227 228 228 229 202 203 204 205 230 231 231 232 207 233 233 234 234 235 235 236 237 237 211 238 239 239 240 241 241 242 242 243 244 244 245 218 246 246 247 220 248 221 249 250 223
251 224 252 252 253 227 254 255 229 256 256 257 258 258 259 260 232 261 261 262 262 263 264 265 236 266 267 267 268 268 269 270 270 271 271 272 273 273 274 245 275 275 276 247 277 278 278 249 279 279
251 280 281 281 282 282 254 283 283 284 285 257 286 287 259 260 288 288 289 289 290 263 291 265 292 292 293 294 295 295 269 296 296 297 298 272 299 299 274 300 301 302 276 303 303 304 305 306 306 307
308 309 310 310 311 312 312 313 313 284 314 314 286 315 316 316 317 317 318 318 319 319 291 320 321 322 323 294 324 325 326 327 327 297 298 328 329 330 331 300 301 302 332 333 333 304 334 335 336 307
308 309 337 337 311 338 339 339 340 341 341 342 342 315 343 344 344 345 345 346 346 347 348 320 321 322 323 349 324 325 326 350 350 351 352 353 329 330 331 354 355 355 332 356 357 358 334 335 336 359
360 361 362 363 363 338 364 364 340 365 366 367 368 368 343 369 369 370 370 371 372 347 348 373 373 374 375 349 376 377 378 379 379 380 352 353 381 381 382 382 383 384 384 356 357 385 385 386 386 359
387 361 362 388 388 389 390 390 391 365 366 367 392 392 393 394 394 395 395 371 396 396 397 397 398 398 375 399 376 377 378 400 401 380 402 403 403 404 404 405 406 406 407 407 408 409 410 411 411 412
387 413 414 415 415 389 416 417 391 418 419 420 420 421 422 423 423 424 424 425 426 427 428 428 429 430 431 399 432 432 433 400 401 434 434 435 436 437 438 405 439 439 440 440 408 409 410 441 441 412
442 413 414 443 444 444 416 417 445 445 419 446 447 448 422 449 449 450 451 451 426 427 452 453 429 430 431 454 454 455 433 456 456 457 457 435 436 437 438 458 458 459 460 461 462 463 463 464 465 465
442 466 467 443 468 469 469 470 471 471 472 446 447 448 473 473 474 474 475 476 477 477 478 453 479 480 480 481 481 482 482 483 484 485 486 486 487 488 489 489 490 459 460 461 491 491 492 492 493 493
494 494 467 495 496 497 498 498 499 500 472 501 502 502 503 504 505 505 475 476 506 506 478 507 479 508 509 510 510 511 512 483 484 485 513 514 487 515 516 517 518 519 520 520 521 522 523 524 525 525
526 526 527 527 496 528 529 529 499 530 530 501 531 532 503 504 533 534 534 535 536 536 537 538 538 539 509 540 541 511 512 542 543 543 513 514 544 515 516 517 518 519 545 545 521 522 523 546 546 547
548 548 549 550 550 528 551 552 553 553 554 555 531 532 556 557 533 558 558 535 559 560 561 561 562 539 563 540 541 564 565 542 566 566 567 567 568 569 569 570 570 571 572 573 574 575 575 576 577 578
579 580 549 581 581 582 583 552 584 584 554 555 585 586 556 557 587 587 588 588 559 589 589 590 591 592 563 593 593 564 565 594 594 595 595 596 568 597 597 598 598 571 572 573 599 599 600 576 577 578
579 601 601 602 602 582 583 603 604 604 605 605 585 606 606 607 608 608 609 610 610 611 611 590 591 592 612 612 613 614 614 615 616 617 617 618 618 619 619 620 621 622 622 623 624 625 626 626 627 627
628 629 630 631 631 632 632 603 633 634 635 635 636 637 638 638 639 640 640 641 641 642 642 643 644 644 645 646 647 647 648 649 616 650 650 651 652 652 653 653 621 654 654 623 624 655 656 656 657 657
628 629 658 659 659 660 661 662 663 634 664 664 636 637 665 665 639 666 667 668 669 670 671 643 672 672 645 673 673 674 648 649 675 676 677 678 679 680 681 682 683 683 684 684 685 655 686 686 687 688
689 689 658 690 690 660 661 662 663 691 692 692 693 694 694 695 696 666 667 668 669 670 671 697 698 699 699 700 700 674 701 701 675 676 677 678 679 680 681 682 702 703 704 704 705 705 706 706 687 688
707 707 708 708 709 709 710 711 711 691 712 712 693 713 713 695 696 714 715 715 716 717 717 697 698 718 719 720 720 721 722 723 723 724 725 725 726 727 728 728 729 703 730 730 731 732 732 733 734 735
736 737 738 738 739 740 740 741 741 742 743 744 744 745 746 747 747 714 748 749 750 750 751 752 753 718 754 754 755 721 722 756 757 724 758 758 726 759 760 760 729 761 762 762 731 763 764 733 734 735
736 765 765 766 766 767 768 769 769 742 743 770 770 745 746 771 772 772 748 749 773 774 775 752 753 776 776 777 755 778 779 756 757 780 780 781 781 759 782 783 784 785 786 787 787 763 764 788 789 790
791 791 792 792 793 767 768 794 794 795 796 796 797 797 798 799 799 800 801 801 773 774 775 802 803 803 804 777 805 805 779 806 807 807 808 808 809 810 782 783 784 785 786 811 812 813 813 788 789 790
814 814 815 816 817 817 818 818 819 820 821 821 822 822 823 823 824 824 825 825 826 826 827 802 828 829 804 830 831 831 832 806 833 834 834 835 835 810 836 837 838 839 839 811 840 840 841 842 843 844
845 846 815 847 847 848 849 850 850 820 851 851 852 852 853 853 854 855 856 857 858 859 827 860 828 861 862 863 864 864 865 866 866 867 867 868 869 869 870 837 838 871 871 872 872 873 841 842 843 844
845 846 874 874 875 848 849 876 876 877 877 878 878 879 880 881 882 855 856 857 858 883 883 860 884 861 862 863 885 885 865 886 887 888 888 889 889 890 870 891 891 892 893 893 894 873 895 895 896 897
898 898 899 899 900 901 901 902 903 903 904 904 905 879 880 881 882 906 907 907 908 909 909 910 884 911 912 912 913 913 914 886 887 915 915 916 917 917 918 919 919 920 921 922 922 923 924 925 925 897
926 926 927 927 900 928 929 902 930 930 931 931 905 932 932 933 933 934 934 935 936 936 937 937 938 911 939 940 940 941 914 942 943 944 944 916 945 945 918 946 947 920 948 948 949 949 924 950 951 951
952 952 953 953 954 928 955 956 956 957 958 959 960 960 961 961 962 963 963 935 964 965 966 966 967 967 939 968 969 969 970 942 943 971 971 972 973 973 974 975 947 976 977 977 978 979 979 980 980 981
982 983 983 984 984 985 955 986 986 957 987 959 988 989 989 990 962 991 991 992 992 965 993 994 994 995 995 968 996 996 970 997 997 998 998 999 1000 1001 1001 975 1002 1003 1004 1005 978 1006 1006 1007 1007 981
982 1008 1008 1009 1010 1010 1011 1012 1012 1013 987 1014 1014 1015 1016 1016 1017 1018 1019 1019 1020 1021 993 1022 1023 1023 1024 1025 1025 1026 1027 1027 1028 1028 1029 999 1030 1030 1031 1032 1002 1003 1004 1005 1033 1034 1035 1036 1037 1038
1039 1039 1040 1009 1041 1041 1042 1042 1043 1044 1044 1045 1046 1047 1047 1048 1017 1049 1049 1050 1020 1021 1051 1052 1052 1053 1024 1054 1055 1026 1056 1057 1057 1058 1029 1059 1059 1060 1031 1032 1061 1061 1062 1062 1033 1034 1035 1036 1037 1038
1063 1063 1064 1064 1065 1065 1066 1067 1067 1068 1068 1069 1046 1070 1071 1071 1072 1073 1074 1050 1075 1075 1051 1076 1076 1077 1077 1054 1078 1078 1079 1080 1081 1058 1082 1082 1083 1083 1084 1084 1085 1086 1086 1087 1088 1089 1089 1090 1091 1091
1092 1092 1093 1093 1094 1094 1066 1095 1095 1096 1096 1069 1097 1097 1098 1098 1072 1073 1074 1099 1099 1100 1101 1101 1102 1102 1103 1103 1104 1104 1079 1080 1081 1105 1105 1106 1107 1108 1109 1110 1085 1111 1112 1087 1088 1113 1113 1114 1115 1116
1117 1118 1118 1119 1120 1120 1121 1122 1123 1124 1125 1126 1126 1127 1127 1128 1129 1129 1130 1131 1131 1100 1132 1132 1133 1133 1134 1135 1135 1136 1136 1137 1137 1138 1138 1139 1107 1108 1109 1110 1140 1111 1112 1141 1141 1142 1143 1114 1115 1116
1117 1144 1144 1119 1145 1145 1146 1122 1123 1147 1125 1148 1149 1150 1151 1151 1152 1152 1153 1153 1154 1154 1155 1156 1156 1157 1134 1158 1158 1159 1160 1161 1161 1162 1162 1139 1163 1163 1164 1164 1140 1165 1165 1166 1167 1142 1168 1168 1169 1169
1170 1170 1171 1172 1172 1173 1146 1174 1174 1147 1175 1176 1149 1150 1177 1178 1178 1179 1180 1180 1181 1181 1155 1182 1182 1157 1183 1184 1184 1185 1160 1186 1187 1188 1189 1190 1190 1191 1191 1192 1193 1193 1194 1194 1167 1195 1195 1196 1197 1197
1198 1198 1171 1199 1200 1173 1201 1201 1202 1203 1175 1176 1204 1205 1205 1206 1207 1207 1208 1209 1209 1210 1211 1211 1212 1212 1213 1214 1214 1185 1215 1216 1187 1188 1217 1217 1218 1219 1220 1220 1221 1222 1222 1223 1224 1224 1225 1196 1226 1226
1227 1228 1228 1199 1200 1229 1229 1230 1231 1203 1232 1233 1204 1234 1235 1236 1237 1237 1208 1238 1239 1239 1240 1240 1241 1242 1213 1243 1244 1245 1215 1216 1246 1247 1248 1248 1218 1219 1249 1249 1250 1250 1251 1223 1252 1253 1225 1254 1255 1256
1257 1257 1258 1259 1260 1260 1261 1230 1231 1262 1232 1263 1263 1234 1235 1236 1264 1264 1265 1238 1266 1267 1268 1269 1241 1242 1270 1243 1244 1245 1271 1271 1246 1272 1273 1274 1275 1276 1276 1277 1277 1278 1279 1279 1252 1253 1280 1254 1255 1281
1282 1283 1258 1259 1284 1284 1261 1285 1286 1262 1287 1288 1288 1289 1290 1290 1291 1292 1293 1293 1266 1267 1268 1294 1294 1295 1296 1297 1297 1298 1298 1299 1300 1272 1273 1274 1301 1301 1302 1302 1303 1278 1304 1305 1305 1306 1280 1307 1307 1281
1282 1283 1308 1309 1309 1310 1310 1285 1311 1311 1287 1312 1313 1289 1314 1314 1291 1292 1315 1315 1316 1316 1317 1318 1318 1295 1296 1319 1320 1320 1321 1299 1300 1322 1322 1323 1323 1324 1324 1325 1303 1326 1327 1327 1328 1306 1329 1330 1330 1331
1332 1332 1333 1333 1334 1334 1335 1336 1336 1337 1337 1312 1313 1338 1338 1339 1339 1340 1340 1341 1341 1342 1342 1343 1344 1344 1345 1319 1346 1346 1321 1347 1347 1348 1348 1349 1349 1350 1351 1351 1352 1326 1353 1354 1354 1355 1355 1356 1356 1331
78 90 4 82 64 69 16 95 22 29 1 8 75 45 70 17 56 37 13 56 37 86 8 35 18 84 52 42 6 47 96 23 5 41 28 36 39 16 47 85 62 93 62 28 10 46 34 26 52 69
34 37 88 13 71 28 83 31 98 43 87 88 38 24 90 35 17 32 43 11 39 66 60 97 51 57 62 60 60 39 10 48 37 79 89 50 93 30 29 75 96 12 91 27 85 59 49 81 52 47
1 73 71 0 30 80 57 36 54 18 4 94 0 99 46 19 34 24 5 70 54 94 24 5 62 21 77 27 36 98 23 35 95 78 90 94 63 25 84 92 55 53 85 50 17 2 26 22 33 67
56 80 63 51 82 36 41 89 61 58 86 26 76 19 36 72 20 14 70 45 46 39 29 22 30 20 49 25 79 7 30 82 61 75 7 18 42 19 87 94 45 11 58 59 48 1 7 87 32 13
29 33 28 57 11 29 74 50 13 89 26 6 70 11 97 58 7 4 25 47 47 28 12 7 70 16 3 91 16 24 25 24 62 18 55 98 11 9 66 22 15 46 28 10 66 54 17 40 78 25
75 94 0 24 60 54 81 70 49 19 80 85 89 54 16 17 18 3 76 82 59 43 70 15 64 42 34 36 21 70 81 82 39 12 81 92 47 94 53 50 31 59 89 94 30 33 3 64 69 14
11 7 24 65 9 47 38 47 25 32 78 98 51 42 46 3 54 16 86 42 74 38 7 85 77 50 76 74 16 44 85 15 19 35 1 7 57 64 91 22 6 24 90 49 80 6 47 88 98 2
16 3 67 38 70 91 74 51 0 49 27 79 12 41 90 54 15 8 61 15 68 42 34 89 42 8 69 45 41 62 93 53 72 45 68 6 77 37 99 77 3 9 1 35 3 9 16 91 38 90
70 94 68 30 91 77 73 65 57 45 87 28 61 9 59 20 97 31 99 12 84 94 51 10 80 17 17 86 24 66 83 5 38 10 41 6 17 74 39 73 90 50 75 2 70 84 28 49 95 93
68 50 70 87 75 1 98 50 36 92 95 18 7 16 72 72 9 54 31 76 58 99 44 57 7 1 65 95 94 55 35 37 51 75 83 58 81 58 96 69 36 28 99 0 76 76 51 88 1 78
8 74 38 52 78 16 17 69 82 32 10 84 19 57 1 83 85 36 13 42 13 36 31 31 88 43 48 9 5 9 96 57 95 48 4 40 37 69 91 12 0 24 24 78 35 94 69 79 79 7
81 55 49 41 70 72 47 41 18 56 61 90 18 95 18 53 52 73 35 68 4 73 81 15 33 45 25 70 98 85 8 26 76 56 73 96 31 3 86 52 33 79 21 15 15 24 75 92 99 56
21 25 87 84 94 91 22 66 46 1 83 4 84 98 50 33 18 76 7 30 73 54 64 9 90 90 68 42 53 90 12 1 88 63 25 94 20 42 42 70 49 86 57 85 69 3 76 28 79 83
11 68 12 33 87 19 20 72 39 88 90 44 57 55 32 18 29 17 11 33 89 33 59 98 97 66 6 57 62 47 6 50 76 89 42 23 92 43 69 59 87 42 26 79 40 85 51 73 0 0
30 95 46 94 91 63 48 15 80 78 40 46 52 37 71 93 8 32 44 54 15 47 95 57 57 54 13 3 68 98 95 66 50 11 32 40 3 44 96 33 39 82 0 23 50 66 72 60 72 49
9 10 88 65 52 13 65 5 55 65 62 79 83 97 42 32 3 37 61 57 6 43 45 47 18 51 51 28 73 4 27 24 94 23 80 66 97 56 19 76 42 40 2 62 42 88 44 19 47 86
32 68 96 32 52 61 92 58 55 67 67 26 24 75 55 12 9 22 22 85 36 80 77 65 76 35 11 48 24 61 55 62 37 84 44 9 18 35 13 71 30 83 78 86 28 78 52 62 57 36
52 81 26 47 16 79 54 95 4 86 9 77 92 74 25 55 26 47 90 67 36 88 51 26 97 71 83 9 7 79 86 93 64 28 54 81 51 33 51 25 37 58 17 58 18 72 69 77 51 54
60 73 21 14 23 56 59 71 15 11 0 90 49 6 49 63 44 45 88 21 53 64 45 38 34 6 57 68 63 34 66 28 79 22 13 89 35 44 2 63 11 44 9 23 37 4 16 42 23 98
79 58 2 97 99 34 36 41 69 0 42 44 36 50 56 2 60 48 39 23 73 31 92 21 47 50 4 90 9 91 53 70 7 51 27 35 73 17 73 3 55 19 1 85 95 54 3 27 51 80
58 57 83 50 45 44 28 57 7 9 7 34 77 84 25 66 50 12 8 69 49 31 31 79 28 39 0 89 67 7 2 10 9 9 69 80 18 14 79 16 58 28 42 34 26 10 78 84 53 83
82 51 60 56 81 94 15 32 91 28 78 87 51 52 64 47 86 40 81 43 52 12 80 95 30 18 27 47 80 2 86 34 23 77 98 11 67 60 54 22 74 96 80 6 49 70 10 24 72 75
64 57 91 50 92 94 17 31 73 66 82 56 40 92 5 87 29 93 81 3 20 9 76 52 83 56 99 96 69 97 80 96 25 83 7 52 23 46 17 62 89 31 39 26 90 49 65 30 4 56
5 74 61 82 24 66 42 50 41 80 42 2 98 38 63 86 31 51 28 61 80 89 41 96 53 56 78 98 67 52 78 73 79 15 30 82 93 3 9 19 5 6 2 55 27 80 97 25 41 5
30 43 53 48 0 39 25 70 82 29 65 56 32 24 73 95 6 60 98 57 88 80 43 80 11 36 65 50 32 80 63 6 76 42 37 41 86 63 11 4 77 25 27 4 65 72 70 61 11 49
99 49 68 24 78 69 61 70 24 35 91 99 9 80 25 18 15 66 80 65 23 89 90 72 89 24 94 97 99 58 61 93 44 17 76 7 11 30 55 34 1 52 80 95 7 9 2 48 90 50
55 65 13 88 29 43 11 22 78 43 42 23 98 91 10 39 70 12 7 9 23 34 4 77 37 32 18 48 32 88 39 65 73 15 41 15 6 17 17 3 69 61 71 16 65 44 96 8 60 26
22 36 85 16 34 89 99 34 32 54 7 60 52 19 23 76 12 94 3 9 70 28 96 70 81 4 8 80 84 35 42 85 62 20 9 85 11 17 4 65 39 80 67 27 83 30 82 12 60 90
26 10 99 53 61 42 98 75 8 15 89 77 29 40 55 63 36 37 10 86 15 62 13 37 57 31 20 84 70 39 89 96 30 20 77 79 89 61 96 5 16 76 61 44 60 24 22 31 66 18
29 96 53 21 68 53 70 57 7 19 39 64 60 29 54 66 6 30 23 23 93 54 81 98 30 42 73 47 10 85 98 26 27 65 32 93 91 3 76 15 81 86 18 57 59 84 27 32 82 78
43 45 1 45 79 81 14 65 51 65 77 18 58 5 58 58 65 43 0 61 10 35 10 14 75 74 14 91 5 45 91 67 62 33 34 46 95 80 42 7 15 27 36 84 7 45 60 80 83 38
32 45 47 32 52 89 48 19 1 0 58 79 54 28 2 6 65 49 34 88 42 50 89 70 80 33 21 6 77 51 77 8 63 59 83 93 28 71 56 61 61 43 15 53 69 59 28 94 81 78
79 97 26 47 99 85 34 25 45 37 50 2 81 62 28 77 0 38 5 89 62 70 99 16 7 73 16 44 82 86 88 86 37 4 23 31 67 93 38 6 45 26 14 18 45 87 30 36 88 50
94 52 34 44 76 98 80 5 14 26 41 63 58 68 89 24 72 34 91 25 46 17 51 12 41 99 50 27 85 68 34 68 56 82 20 70 33 7 83 20 23 88 88 98 44 5 90 45 46 63
31 6 96 49 86 15 6 33 45 57 51 54 7 64 31 47 51 87 38 6 85 33 61 95 90 49 78 80 86 21 92 36 27 82 27 5 70 70 29 99 28 20 69 4 13 87 67 99 10 25
5 15 96 71 60 72 57 2 2 14 15 80 87 13 85 49 13 72 19 14 48 2 72 46 68 92 4 89 83 85 54 53 9 62 22 85 44 71 34 52 59 27 47 90 77 52 21 36 53 90
56 33 91 12 82 63 73 57 40 1 61 27 28 59 83 67 62 34 17 27 97 15 62 59 93 29 12 32 69 62 59 54 10 67 54 45 39 93 59 95 51 8 62 34 48 31 63 1 98 13
78 77 40 37 4 37 14 97 72 96 22 36 49 33 23 44 34 69 19 27 45 69 86 65 39 78 80 25 81 30 69 99 71 81 4 88 34 47 99 8 58 0 23 8 47 21 54 40 40 90
68 18 12 26 83 55 50 86 91 62 43 68 85 25 83 76 83 64 62 83 0 1 22 69 87 18 88 60 75 31 7 9 69 44 62 81 43 17 91 76 42 27 60 74 55 19 40 65 4 33
62 6 70 81 89 3 52 42 16 53 97 55 64 49 68 95 55 41 95 96 50 84 9 13 38 54 31 24 26 11 5 97 43 95 54 30 85 18 70 0 73 68 21 74 58 62 35 39 52 56
65 85 92 95 92 2 80 23 14 11 13 95 59 86 79 18 41 11 40 89 88 78 72 75 24 58 87 36 73 81 74 32 60 76 29 99 47 18 5 69 94 25 73 81 92 31 61 71 65 95
3 23 47 78 34 30 63 7 9 84 11 61 35 10 63 3 10 40 92 55 45 73 33 11 76 96 14 13 60 40 44 73 10 18 87 23 81 12 38 6 36 18 6 25 92 76 63 48 25 68
8 43 91 84 2 55 43 89 64 1 92 37 95 78 63 19 35 55 75 22 72 19 5 59 36 71 71 36 55 26 28 4 96 19 23 81 65 66 28 1 51 75 25 91 0 21 62 43 41 13
59 57 52 96 34 19 20 30 77 8 14 11 86 29 47 43 79 24 3 11 78 72 70 76 15 85 91 60 46 26 68 63 6 44 89 61 3 66 53 28 38 45 88 28 79 18 70 28 70 51
12 54 74 82 98 63 66 95 73 68 21 56 81 41 16 52 59 71 56 12 21 74 96 43 30 11 49 71 8 9 16 13 84 56 72 83 37 90 83 28 10 5 48 84 95 13 60 30 79 71
31 10 72 86 41 65 20 13 33 85 69 70 6 63 45 45 33 2 13 47 73 80 89 51 3 15 91 29 75 64 82 77 15 36 70 55 6 82 82 26 87 0 73 75 44 63 45 68 50 47
59 89 2 43 55 0 17 47 35 24 72 16 44 9 2 87 16 43 78 4 85 92 4 10 31 28 43 95 40 99 26 52 58 13 85 3 88 52 28 33 77 45 81 16 16 84 5 29 44 82
32 65 69 10 76 76 57 53 85 85 92 19 52 77 5 81 25 40 16 33 38 53 37 95 38 31 30 15 13 2 32 51 47 96 73 53 51 64 51 8 64 75 57 26 21 27 59 7 3 68
62 36 6 8 32 70 9 10 44 42 0 80 97 58 16 55 40 14 80 70 85 4 11 73 91 96 53 40 20 93 52 23 91 94 13 26 4 19 58 4 19 83 79 23 84 75 26 82 72 52
13 1 16 29 74 50 51 5 27 84 46 81 79 9 64 70 82 74 8 74 38 23 38 0 15 51 63 60 14 43 38 58 28 42 78 93 27 97 92 39 81 77 69 37 43 72 90 42 79 20
