32 0
0 0 1 1 2 3 4 5 6 7 8 8 9 9 10 11 12 13 14 15 15 16 17 18 19 19 20 21 22 22 23 23 24 25 26 27 27 28 28 29 29 30 31 32 32 33 34 35 35 36
37 38 38 39 39 3 4 5 6 7 40 40 41 41 42 11 12 13 14 43 44 45 17 18 46 46 20 47 47 48 48 49 49 25 50 50 51 51 52 53 54 30 31 55 56 33 57 57 58 59
60 60 61 62 62 63 64 65 66 67 68 68 69 70 42 71 72 73 73 43 44 45 74 74 75 75 76 77 77 78 79 79 80 81 82 82 83 83 52 53 54 84 84 85 56 86 86 87 87 59
88 88 61 89 90 63 64 65 66 67 91 91 69 70 92 93 72 94 95 96 97 98 99 100 100 101 102 102 103 78 104 104 105 81 106 107 108 108 109 109 110 111 111 85 112 113 114 115 116 116
117 117 118 89 90 119 119 120 120 121 122 123 123 124 124 93 125 94 95 96 97 98 99 126 127 101 128 128 129 129 130 131 105 132 106 107 133 134 134 135 136 137 137 138 138 113 114 115 139 139
140 141 141 142 143 144 145 145 146 121 122 147 147 148 148 149 149 150 150 151 152 152 153 153 127 154 155 156 157 157 130 131 158 158 159 160 160 161 162 135 136 163 163 164 164 165 166 166 167 167
140 168 169 142 143 144 170 170 171 171 172 172 173 173 174 175 175 176 176 177 178 178 179 180 181 181 155 182 182 183 184 184 185 186 187 187 188 188 162 189 190 191 191 192 192 165 193 194 194 195
196 197 169 198 199 200 200 201 202 202 203 203 204 204 174 205 206 207 207 177 208 209 209 180 210 211 211 212 213 214 214 215 215 186 216 216 217 218 219 219 190 220 220 221 222 222 193 223 223 195
196 197 224 198 199 225 225 201 226 227 228 228 229 229 230 205 206 231 232 232 233 233 234 235 235 236 237 237 213 238 239 240 241 241 242 243 217 218 244 245 246 247 247 221 248 248 249 250 251 251
252 252 224 253 253 254 254 255 226 227 256 256 257 258 259 259 260 261 261 262 262 263 264 265 266 236 267 268 268 238 269 240 270 270 242 243 271 272 272 245 273 273 274 274 275 276 249 250 277 277
278 279 280 281 281 282 282 255 283 284 284 285 257 258 286 287 260 288 289 289 290 290 264 265 291 292 267 293 293 294 269 295 296 296 297 297 298 298 299 299 300 301 302 303 303 276 304 304 305 306
278 279 307 308 308 309 310 311 312 312 313 285 314 315 286 287 316 316 317 317 318 319 320 320 291 321 321 322 322 294 323 323 324 325 326 327 328 329 329 330 300 301 302 331 332 333 333 334 334 306
335 335 307 336 337 309 310 338 338 339 313 340 314 315 341 342 343 344 344 345 318 319 346 346 347 348 349 350 351 352 353 354 324 325 355 327 328 356 357 357 358 359 359 331 332 360 360 361 362 362
363 364 364 336 337 365 366 367 368 339 369 370 370 371 371 342 343 372 372 373 374 374 375 376 347 348 349 350 351 352 353 377 377 378 355 379 379 356 380 380 358 381 381 382 382 383 383 361 384 384
363 385 386 387 388 388 366 367 368 389 390 390 391 392 392 393 393 394 394 373 395 395 375 396 396 397 397 398 398 399 399 400 400 401 401 402 402 403 403 404 405 406 406 407 408 409 409 410 410 411
412 385 386 387 413 413 414 415 416 389 417 417 391 418 419 419 420 421 422 423 424 425 426 427 427 428 428 429 429 430 430 431 431 432 433 433 434 435 435 404 405 436 437 407 408 438 438 439 439 411
412 440 440 441 441 442 442 415 416 443 443 444 444 418 445 446 420 447 422 423 424 425 426 448 449 449 450 451 452 453 454 454 455 432 456 457 434 458 459 460 461 436 437 462 462 463 464 465 465 466
467 467 468 468 469 470 471 471 472 473 473 474 474 475 445 446 476 447 477 477 478 478 479 480 480 481 481 451 452 453 482 482 483 484 485 457 486 486 459 460 461 487 487 488 489 463 464 490 490 466
491 491 492 492 493 470 494 495 496 497 497 498 498 475 499 500 500 501 502 503 503 504 479 505 506 506 507 508 509 509 510 510 483 484 485 511 511 512 512 513 513 514 515 488 516 517 518 519 520 521
522 523 523 524 493 525 525 495 496 526 526 527 528 528 499 529 529 501 530 531 532 504 533 505 534 534 507 535 536 536 537 538 538 539 539 540 541 541 542 543 543 514 544 544 516 517 518 519 520 521
522 545 545 524 546 546 547 547 548 549 549 550 551 552 553 554 555 556 530 557 532 558 559 560 561 562 562 535 563 563 564 564 565 565 566 567 567 568 568 569 570 571 572 572 573 573 574 574 575 575
576 577 577 578 578 579 579 580 548 581 582 550 551 552 553 583 555 556 584 557 585 586 559 560 587 588 589 590 591 591 592 593 594 595 595 596 597 598 598 569 570 571 599 599 600 601 602 602 603 604
576 605 606 607 608 608 609 580 610 581 611 612 613 614 615 583 616 616 584 617 585 586 618 619 587 588 620 590 621 621 592 593 594 622 622 596 597 623 623 624 624 625 626 627 627 601 628 629 630 604
631 605 606 607 632 632 609 633 633 634 611 612 613 614 615 635 635 636 637 617 638 638 618 619 639 640 620 641 641 642 643 644 645 645 646 646 647 648 648 649 649 625 626 650 651 651 628 629 630 652
631 653 653 654 654 655 656 656 657 634 658 658 659 659 660 661 661 636 662 662 663 664 665 665 639 666 666 667 667 642 643 644 668 669 669 670 671 671 672 672 673 673 674 674 675 675 676 677 677 652
678 678 679 680 680 655 681 682 657 683 684 684 685 685 686 686 687 687 688 689 663 690 690 691 691 692 692 693 693 694 695 695 668 696 697 697 698 699 700 700 701 701 702 702 703 704 704 705 705 706
707 708 679 709 710 711 681 682 712 683 713 714 714 715 716 716 717 717 688 718 718 719 719 720 720 721 721 722 722 694 723 723 724 725 725 726 727 699 728 728 729 729 730 731 731 732 733 733 734 734
707 735 736 736 710 711 737 738 712 739 739 740 741 715 742 742 743 743 744 745 746 746 747 747 748 748 749 750 751 751 752 753 724 754 754 726 727 755 755 756 756 757 757 758 758 732 759 760 761 762
763 735 764 764 765 765 737 738 766 767 767 740 741 768 769 769 770 770 744 745 771 772 772 773 774 774 749 775 776 777 752 753 778 778 779 779 780 780 781 781 782 782 783 784 784 785 785 760 761 786
787 787 788 789 790 791 791 792 766 793 793 794 795 768 796 796 797 798 799 800 771 801 801 773 802 803 804 775 776 777 805 805 806 807 807 808 809 809 810 811 812 813 814 814 815 815 816 817 817 786
818 818 788 789 790 819 820 792 821 822 823 794 795 824 825 826 826 798 799 800 827 828 828 829 830 803 804 831 832 833 833 834 835 835 836 837 838 839 839 811 812 813 840 841 841 842 816 843 844 844
845 846 847 847 848 819 820 849 849 822 823 850 850 824 825 851 851 852 853 854 854 855 856 829 830 857 858 858 832 859 860 860 861 861 836 837 838 862 863 863 864 864 865 865 866 867 867 843 868 868
845 846 869 870 848 871 871 872 872 873 873 874 875 875 876 877 877 852 853 878 878 879 856 880 881 857 882 882 883 859 884 885 886 886 887 888 888 889 889 890 891 892 893 893 866 894 894 895 895 896
897 897 869 898 899 900 900 901 901 902 902 874 903 903 904 904 905 906 906 907 907 879 908 880 909 910 911 911 883 912 913 885 914 914 887 915 916 916 917 890 891 918 919 919 920 920 921 921 922 922
923 923 924 898 899 925 925 926 926 927 927 928 928 929 930 930 905 931 931 932 933 933 934 934 909 910 935 935 936 912 913 937 938 938 939 915 940 940 917 941 941 918 942 943 944 945 945 946 946 947
948 949 924 950 951 952 953 954 955 956 957 958 959 929 960 961 962 963 964 932 965 965 966 966 967 968 968 969 970 971 972 972 973 974 939 975 976 976 977 978 978 979 942 980 944 981 981 982 982 947
948 949 983 984 951 952 953 954 955 956 985 958 986 986 960 961 962 963 964 987 987 988 988 989 990 990 991 969 970 971 992 992 973 974 993 994 994 995 995 996 996 979 997 980 998 998 999 1000 1001 1001
1002 1002 983 984 1003 1004 1004 1005 1006 1006 985 1007 1008 1008 1009 1009 1010 1010 1011 1011 1012 1013 1013 1014 1015 1015 1016 1017 1017 1018 1018 1019 1019 1020 993 1021 1021 1022 1022 1023 1023 1024 997 1025 1025 1026 999 1000 1027 1027
1028 1028 1029 1029 1003 1030 1031 1005 1032 1033 1034 1035 1036 1037 1038 1039 1039 1040 1041 1042 1042 1043 1043 1014 1044 1045 1016 1046 1046 1047 1047 1048 1049 1020 1050 1050 1051 1051 1052 1053 1054 1024 1055 1055 1056 1056 1057 1057 1058 1059
1060 1061 1062 1062 1063 1030 1031 1064 1032 1033 1065 1035 1036 1037 1066 1066 1067 1040 1041 1068 1069 1070 1070 1071 1071 1045 1072 1072 1073 1073 1074 1074 1049 1075 1076 1077 1077 1078 1078 1053 1079 1080 1080 1081 1081 1082 1083 1083 1058 1059
1060 1061 1084 1085 1063 1086 1087 1064 1088 1089 1065 1090 1090 1091 1092 1093 1067 1094 1094 1068 1069 1095 1095 1096 1097 1098 1099 1100 1101 1102 1103 1103 1104 1075 1076 1105 1106 1107 1108 1109 1079 1110 1111 1111 1112 1113 1113 1114 1114 1115
1116 1117 1084 1085 1118 1086 1119 1119 1088 1089 1120 1121 1122 1122 1092 1093 1123 1123 1124 1124 1125 1126 1127 1096 1097 1098 1099 1100 1101 1102 1128 1129 1104 1130 1130 1105 1106 1107 1108 1109 1131 1110 1132 1133 1112 1134 1134 1135 1135 1136
1116 1117 1137 1138 1138 1139 1139 1140 1141 1141 1120 1121 1142 1142 1143 1144 1145 1145 1146 1146 1125 1147 1127 1148 1148 1149 1149 1150 1151 1152 1128 1153 1154 1154 1155 1155 1156 1156 1157 1157 1131 1158 1132 1133 1159 1160 1160 1161 1161 1136
1162 1163 1163 1164 1165 1166 1167 1140 1168 1168 1169 1170 1170 1171 1143 1144 1172 1172 1173 1174 1174 1147 1175 1176 1177 1177 1178 1178 1151 1152 1179 1153 1180 1180 1181 1182 1182 1183 1183 1184 1184 1158 1185 1186 1187 1188 1189 1190 1191 1191
1192 1192 1193 1164 1165 1194 1167 1195 1196 1197 1169 1198 1198 1171 1199 1199 1200 1200 1201 1201 1202 1202 1175 1176 1203 1203 1204 1205 1205 1206 1207 1207 1208 1209 1210 1210 1211 1212 1213 1214 1214 1215 1185 1186 1187 1216 1189 1190 1217 1217
1218 1218 1219 1219 1220 1194 1221 1221 1196 1197 1222 1223 1224 1225 1225 1226 1226 1227 1227 1228 1229 1230 1230 1231 1231 1232 1232 1233 1233 1206 1234 1235 1208 1236 1236 1237 1211 1212 1238 1238 1239 1240 1240 1241 1241 1216 1242 1242 1243 1244
1245 1246 1247 1248 1249 1249 1250 1251 1251 1252 1222 1223 1224 1253 1254 1254 1255 1256 1257 1257 1229 1258 1258 1259 1260 1260 1261 1261 1262 1263 1234 1235 1264 1264 1265 1265 1266 1267 1267 1268 1239 1269 1270 1270 1271 1271 1272 1272 1243 1273
1245 1246 1274 1248 1275 1276 1277 1277 1278 1278 1279 1279 1280 1253 1281 1282 1255 1256 1283 1284 1284 1285 1286 1259 1287 1288 1289 1289 1290 1263 1291 1292 1293 1294 1295 1295 1266 1296 1296 1268 1297 1298 1299 1299 1300 1301 1302 1303 1304 1273
1305 1306 1274 1307 1275 1276 1308 1309 1309 1310 1311 1311 1280 1312 1281 1282 1313 1313 1283 1314 1314 1285 1286 1315 1287 1316 1316 1317 1290 1318 1319 1292 1293 1294 1320 1321 1322 1323 1324 1324 1297 1298 1325 1326 1300 1301 1302 1303 1304 1327
1305 1306 1328 1307 1329 1329 1308 1330 1330 1331 1331 1332 1332 1312 1333 1333 1334 1334 1335 1335 1336 1336 1337 1337 1338 1338 1339 1339 1340 1340 1319 1341 1341 1342 1320 1321 1322 1323 1343 1343 1344 1344 1325 1326 1345 1345 1346 1346 1347 1327
58 12 60 0 65 68 2 77 89 8 94 47 32 75 4 91 17 15 64 13 48 91 43 25 42 76 6 87 71 84 48 0 50 16 59 13 73 85 55 60 62 3 87 65 84 33 70 93 97 15
7 10 64 81 60 27 55 31 86 45 95 2 49 11 23 33 64 66 62 52 11 39 2 82 75 66 1 9 8 40 68 66 63 79 7 84 31 9 41 11 52 69 95 61 71 28 7 76 49 35
61 99 24 11 80 97 73 3 40 68 89 56 35 93 74 70 87 70 83 10 85 23 81 39 78 78 80 92 89 79 11 1 49 71 33 76 50 18 94 51 89 83 97 83 4 2 27 77 44 17
2 72 58 62 59 99 12 0 28 42 42 25 63 90 1 63 38 47 68 28 51 53 49 16 68 91 0 55 3 75 24 95 16 3 58 23 39 82 8 31 68 50 39 32 61 35 8 96 19 42
43 18 3 11 29 50 16 18 90 56 64 16 80 5 56 77 97 46 99 36 34 78 76 72 59 32 88 16 94 20 39 62 55 43 69 4 71 83 0 90 62 55 22 81 80 49 33 55 3 96
73 1 98 13 18 98 12 84 21 73 50 90 91 0 56 33 80 6 87 35 15 30 79 80 27 66 38 29 17 83 20 8 16 57 15 4 91 57 36 91 24 66 90 79 86 82 46 13 54 91
83 26 62 39 40 5 4 27 36 3 66 54 63 21 31 45 20 88 32 1 27 48 47 47 25 20 93 40 64 84 46 92 77 68 33 79 40 23 94 49 76 70 41 24 16 28 12 77 8 83
4 14 93 57 32 8 79 62 58 17 44 90 47 42 96 53 24 83 1 73 58 72 6 86 69 18 70 94 53 9 32 64 22 4 26 75 94 30 53 8 34 8 47 69 21 89 90 26 91 86
8 63 22 43 69 14 75 9 6 92 0 14 85 86 56 27 62 58 47 79 31 32 82 90 14 10 9 69 50 37 2 26 97 67 31 34 47 67 31 51 54 27 84 88 82 11 17 5 90 54
60 20 9 69 80 6 96 57 72 45 29 4 62 10 81 32 72 45 76 64 88 78 33 93 20 67 36 29 8 84 38 48 27 22 84 67 44 85 13 44 21 85 22 88 90 81 20 7 95 95
33 41 64 48 22 54 4 44 60 30 94 64 3 54 89 2 84 93 55 49 72 12 22 85 59 32 10 3 15 36 76 78 17 51 11 84 16 68 43 47 27 34 42 0 26 37 47 65 52 10
19 71 61 46 90 98 26 90 91 55 6 88 94 22 61 27 92 0 3 67 22 1 46 20 53 53 66 82 3 59 18 15 68 40 26 84 81 53 23 81 30 77 47 65 75 48 8 65 27 40
26 32 7 49 84 25 52 28 70 52 18 0 97 14 45 94 34 46 80 31 2 97 65 93 29 85 88 33 56 77 60 83 11 68 54 16 71 46 83 87 94 10 52 96 65 94 0 38 27 49
44 6 80 46 87 86 2 1 38 48 81 2 61 21 62 13 50 83 70 71 37 3 38 72 58 69 34 50 97 98 66 27 35 24 87 42 23 2 11 38 90 30 13 12 84 64 88 31 12 24
62 51 18 52 4 69 69 0 65 64 46 47 83 64 45 71 49 32 20 60 13 76 93 92 98 90 38 70 19 59 9 55 44 86 41 78 42 12 70 66 3 57 95 10 35 67 22 1 5 5
96 32 67 45 33 8 20 52 33 47 66 73 37 0 83 58 14 10 3 59 3 42 94 17 44 96 65 86 93 14 80 13 93 58 88 53 93 8 69 52 26 97 46 17 97 75 88 82 63 94
71 49 50 74 62 54 55 4 75 36 30 80 37 36 18 21 66 19 11 34 91 15 64 51 90 94 47 33 13 90 38 79 18 77 5 78 4 6 75 65 24 80 97 32 66 29 48 28 24 83
10 60 27 97 80 12 37 84 29 66 84 35 32 67 31 47 76 12 28 17 69 12 37 19 3 29 73 63 42 87 68 87 8 32 18 67 41 48 5 60 42 42 74 3 56 70 95 23 26 66
40 79 56 72 2 97 62 74 3 80 44 85 21 76 11 17 59 99 16 54 63 70 13 25 25 17 25 34 67 93 44 53 2 66 33 98 21 74 38 55 96 11 71 54 46 98 75 33 11 5
61 77 98 61 51 73 33 15 0 5 51 95 80 2 15 89 97 63 5 6 69 48 9 36 54 25 29 40 55 18 44 89 95 67 88 76 73 63 13 50 71 56 83 38 55 85 97 60 48 98
28 21 20 40 92 23 82 32 56 64 30 24 66 22 80 47 35 9 54 58 73 66 79 55 30 28 78 56 5 8 37 43 22 2 91 94 34 20 9 35 8 45 94 83 13 77 15 68 22 12
30 5 58 97 16 51 48 58 29 42 36 40 90 35 10 76 70 76 23 99 25 27 20 53 75 53 45 12 28 3 94 31 49 16 91 1 88 92 18 62 20 46 50 68 7 91 82 84 23 58
70 8 56 86 89 96 6 84 66 87 39 6 65 0 26 96 60 50 96 77 6 1 42 90 49 4 44 8 89 35 95 54 80 42 46 26 0 71 90 61 77 55 62 9 50 81 32 32 9 42
19 58 60 11 32 95 85 76 6 66 96 91 70 57 63 99 43 3 66 85 90 88 26 49 58 97 69 39 85 9 27 40 85 42 18 65 88 32 53 2 70 39 97 66 66 96 49 71 54 87
69 37 53 68 84 67 80 5 67 57 62 97 47 75 4 84 70 33 74 6 60 24 57 82 10 85 70 94 15 69 20 69 19 44 29 11 31 14 74 66 21 97 7 58 71 64 19 43 51 50
87 73 45 2 91 68 9 34 97 75 33 22 85 64 39 30 32 21 34 95 20 88 80 80 43 21 29 3 96 9 84 35 30 9 21 62 20 96 89 16 36 24 62 13 89 41 57 60 54 67
53 15 92 73 93 29 95 50 67 41 71 10 37 44 20 59 19 70 82 38 4 99 72 6 55 74 28 68 80 57 8 19 94 95 97 59 80 88 0 39 33 98 48 73 45 76 58 49 6 47
23 56 38 60 27 44 11 84 34 88 23 24 57 88 71 81 15 23 59 12 29 69 5 96 11 28 25 20 67 96 32 39 41 89 97 92 5 85 81 16 38 46 60 98 89 29 88 53 33 45
76 70 48 6 39 36 14 95 42 71 7 79 89 1 25 65 33 43 91 95 46 67 60 53 38 16 82 53 12 81 94 88 79 47 64 95 79 39 6 13 55 95 49 28 80 72 2 63 65 5
70 54 36 74 72 43 2 85 83 11 97 82 26 74 60 18 85 1 20 77 17 4 37 52 9 73 89 75 58 72 21 54 55 66 56 52 84 99 31 44 10 26 9 1 56 44 3 86 44 48
59 3 67 87 17 83 97 20 95 64 99 86 56 38 11 97 10 51 52 92 18 58 86 48 10 18 20 59 48 54 7 70 5 81 36 58 17 95 12 76 25 56 68 90 6 59 33 50 53 31
88 81 91 38 25 73 71 22 75 25 10 96 24 60 42 33 56 3 78 58 37 13 53 75 67 17 29 34 62 54 23 25 84 74 99 53 21 73 16 93 10 17 35 10 42 97 80 27 78 51
73 1 25 91 11 85 64 61 17 31 71 21 65 42 55 64 61 14 77 87 35 15 65 25 15 1 28 36 34 22 70 82 43 26 83 30 40 86 64 1 65 54 95 52 25 71 48 15 71 26
70 23 72 36 61 0 60 1 99 53 82 16 81 4 19 78 15 91 83 64 12 65 56 13 67 23 30 63 85 61 99 74 27 87 29 4 50 66 59 20 14 62 96 32 90 95 44 6 1 23
92 58 81 27 89 32 79 86 98 6 45 74 26 78 47 80 35 78 24 90 65 24 87 44 19 59 60 41 92 6 35 10 30 40 67 80 17 54 41 56 80 35 69 28 82 4 66 70 93 33
9 14 36 10 28 17 29 13 54 47 43 65 32 27 12 75 64 77 89 81 64 89 80 81 10 1 54 5 41 19 41 54 47 40 1 70 51 2 93 62 78 73 78 94 87 27 84 17 43 98
1 49 58 6 27 80 17 46 66 71 8 26 86 30 41 28 65 12 1 4 50 67 0 57 28 1 22 45 40 52 52 96 56 33 76 38 13 71 4 52 58 54 93 22 15 62 78 41 39 74
35 97 20 34 40 14 71 18 68 33 51 37 18 98 56 98 18 74 22 66 93 39 58 35 24 55 93 87 74 59 4 45 42 38 93 54 49 71 24 64 15 95 42 4 40 57 31 69 87 77
12 74 87 36 17 27 49 19 27 45 6 50 19 58 1 87 41 73 57 38 47 39 90 28 49 20 30 97 42 57 99 43 65 84 51 11 60 69 49 25 14 22 92 1 88 58 54 32 14 28
45 40 73 27 24 26 12 14 61 14 27 47 97 76 3 33 45 46 51 94 37 7 2 58 18 0 0 17 16 44 0 29 12 84 2 96 69 4 24 28 6 65 33 62 69 29 90 81 85 37
96 97 27 64 0 19 88 7 55 37 44 42 73 16 22 68 59 74 94 36 75 82 29 22 99 95 91 36 69 84 78 12 18 8 41 41 14 45 84 93 31 86 50 1 92 59 2 57 79 11
48 32 47 52 20 24 79 60 20 82 60 87 34 55 49 26 69 86 74 4 93 67 40 90 0 46 76 91 2 11 0 37 81 18 96 57 10 45 8 18 94 78 6 23 87 19 40 20 97 25
74 28 31 12 80 2 1 11 7 63 40 77 51 21 74 10 79 81 62 50 24 84 46 68 9 98 55 67 82 33 32 37 9 43 58 25 92 15 45 17 48 28 47 28 85 37 82 49 79 37
15 31 39 19 30 51 5 62 11 39 32 2 25 74 12 0 0 78 56 20 7 61 39 30 64 23 15 85 56 21 85 97 64 99 89 49 69 46 50 8 33 8 84 18 76 11 73 12 27 91
86 4 73 44 41 17 86 26 41 64 71 77 8 71 32 37 87 24 38 10 64 67 48 51 2 80 90 63 39 92 15 90 56 70 30 64 39 74 35 42 12 2 39 14 39 73 11 89 33 47
11 82 76 23 48 71 83 50 20 21 28 88 78 1 73 33 97 87 18 97 69 13 18 40 33 72 41 16 91 58 24 4 59 79 2 73 94 20 49 61 34 16 4 48 58 85 7 27 59 39
66 90 14 80 7 12 70 6 87 83 15 45 52 26 11 49 62 61 72 56 77 36 60 54 64 10 67 93 12 24 53 0 12 22 89 89 3 36 56 34 95 1 84 16 1 6 63 81 12 73
74 35 23 85 57 67 76 7 50 0 97 90 18 41 20 75 81 2 22 56 58 79 57 18 57 59 51 70 52 22 62 17 66 63 82 23 11 42 14 0 41 9 48 65 82 93 33 21 53 53
82 87 41 30 65 29 30 44 8 95 91 4 64 10 45 83 40 61 52 16 36 3 0 56 23 16 59 63 13 4 79 31 39 42 40 13 42 7 18 33 66 2 67 77 42 54 64 91 1 27
63 61 17 83 92 97 86 21 43 88 6 40 34 37 23 83 34 2 5 9 61 7 31 57 66 15 0 27 82 35 12 3 66 74 94 41 26 43 87 58 81 70 78 11 32 3 55 52 30 12
