3 29
0 0 1 2 3 3 4 4 5 5 6 6 7 8 9 10 11 12 13 14 14 15 15 16 16 17 18 18 19 20 21 21 22 23 23 24 24 25 25 26 27 27 28 28 29 29 30 30 31 32
33 33 1 2 34 35 36 37 37 38 39 40 7 8 9 10 11 12 13 41 42 42 43 44 45 46 47 48 19 20 49 50 22 51 52 52 53 53 54 26 55 56 56 57 57 58 58 59 31 32
60 61 61 62 34 35 63 63 64 64 39 40 65 66 66 67 68 68 69 41 70 70 43 44 45 46 47 71 71 72 49 50 73 74 74 75 76 76 77 77 55 78 79 80 81 81 82 82 83 84
85 86 86 87 88 88 89 90 90 91 92 92 65 93 94 95 96 96 69 97 97 98 99 100 100 101 101 102 102 72 103 103 73 104 105 106 106 107 108 108 109 78 79 80 110 111 111 112 83 113
85 114 114 87 115 115 116 117 118 91 119 119 120 93 121 95 122 123 124 125 126 98 99 127 128 129 130 130 131 132 132 133 134 104 105 135 135 107 136 136 109 137 138 138 139 140 141 112 142 113
143 143 144 144 145 146 116 117 118 147 147 148 120 149 121 150 151 123 124 125 126 152 152 153 128 129 154 154 155 156 157 133 134 158 158 159 160 161 161 162 162 137 163 164 139 140 165 165 166 166
167 167 168 169 145 146 170 171 172 173 174 148 175 176 177 150 151 178 179 179 180 180 181 153 182 183 183 184 155 185 157 186 186 187 187 159 160 188 188 189 190 190 163 191 191 192 193 194 195 195
196 197 168 169 198 198 170 171 172 173 199 200 175 176 177 201 202 202 203 203 204 204 181 205 182 206 206 184 207 185 208 208 209 210 210 211 211 212 212 189 213 214 215 216 217 192 193 194 218 218
219 197 220 221 221 222 223 223 224 224 199 225 225 226 226 201 227 228 228 229 229 230 230 205 231 231 232 233 234 235 235 236 236 237 238 239 240 241 242 242 243 214 215 216 217 244 244 245 245 246
219 247 220 248 248 222 249 249 250 250 251 252 253 254 255 255 256 257 258 258 259 259 260 260 261 261 232 262 234 263 263 264 265 237 238 239 240 241 266 267 243 268 268 269 269 270 271 272 273 273
274 274 275 276 277 277 278 279 279 280 251 252 281 254 282 283 256 284 284 285 286 287 288 289 290 291 292 262 293 294 294 264 265 295 295 296 297 298 266 267 299 299 300 301 301 270 271 272 302 302
303 303 275 304 304 305 306 307 308 280 309 310 281 311 311 283 312 312 313 314 286 287 288 289 290 291 292 315 293 316 317 317 318 318 319 296 297 298 320 321 321 322 322 323 323 324 324 325 326 326
327 328 329 330 331 305 306 307 308 332 332 310 333 333 334 335 335 336 336 314 337 337 338 339 340 341 341 315 342 316 343 344 345 346 319 347 348 348 320 349 350 350 351 352 352 353 353 325 354 355
327 356 329 330 357 357 358 359 359 360 360 361 361 362 362 363 364 364 365 366 367 367 338 339 340 368 369 369 342 370 370 344 345 346 371 372 373 374 375 349 376 377 351 378 378 379 379 380 354 355
381 356 382 382 383 383 358 384 385 385 386 387 388 388 389 363 390 390 365 391 391 392 392 393 394 394 395 395 396 396 397 397 398 398 371 372 373 374 375 399 376 400 400 401 401 402 403 380 404 404
381 405 405 406 407 408 408 384 409 410 411 387 412 412 413 413 414 414 415 415 416 417 417 393 418 419 419 420 421 421 422 423 424 424 425 425 426 426 427 428 428 429 430 430 431 402 432 433 434 435
436 436 437 406 438 439 440 441 409 442 411 443 444 444 445 446 447 447 448 448 416 449 449 450 418 451 451 420 452 452 422 453 454 455 455 456 456 457 427 458 459 460 461 462 431 463 432 433 434 435
464 465 437 466 438 439 467 441 468 442 469 470 470 471 472 446 473 474 475 476 477 477 478 478 479 479 480 480 481 481 482 453 454 483 483 484 485 486 486 458 459 460 461 487 487 463 488 488 489 489
464 465 490 491 492 493 467 494 494 495 469 496 496 471 472 497 473 474 475 498 499 500 500 501 502 502 503 503 504 505 505 506 506 507 507 484 485 508 508 509 510 511 512 512 513 514 515 516 517 517
518 518 490 491 492 519 519 520 521 495 522 523 524 525 525 497 526 527 527 498 528 528 529 501 530 531 532 533 533 534 534 535 536 536 537 537 538 538 539 509 510 511 540 540 513 514 515 541 541 542
543 543 544 544 545 545 546 547 521 548 548 523 524 549 550 550 526 551 552 552 553 554 555 556 530 531 532 557 557 558 558 535 559 560 560 561 562 562 563 564 565 565 566 566 567 568 569 569 570 542
571 571 572 573 574 574 546 547 575 576 577 577 578 579 579 580 580 581 581 582 582 554 555 583 583 584 585 585 586 587 588 588 589 590 591 561 592 592 563 564 593 593 594 594 595 568 596 596 597 597
598 598 572 573 599 599 600 600 575 576 601 601 602 602 603 603 604 604 605 606 607 608 608 609 610 611 611 612 586 587 613 614 589 590 591 615 616 616 617 618 619 620 620 621 595 622 623 624 625 626
627 628 628 629 630 631 631 632 633 634 635 635 636 637 638 638 639 639 605 606 607 640 640 609 610 641 642 642 643 644 645 614 646 647 647 648 648 649 617 618 619 650 650 621 651 652 623 624 625 626
627 653 654 629 630 655 656 657 633 658 658 659 659 637 660 661 662 663 664 665 665 666 667 667 668 641 669 670 643 671 645 672 646 673 673 674 675 649 676 676 677 678 679 679 651 652 680 680 681 681
682 653 683 684 684 655 656 657 685 685 686 687 688 689 690 661 662 663 664 691 691 666 692 693 693 694 669 670 695 671 696 696 697 697 698 699 675 700 700 701 677 702 703 704 704 705 705 706 707 708
682 709 683 710 711 712 712 713 714 714 686 715 688 716 690 717 718 719 719 720 721 722 692 723 723 694 724 725 726 726 727 727 728 729 698 699 730 731 731 701 732 702 733 733 734 734 735 735 707 708
736 709 737 738 711 739 740 740 741 742 742 715 743 716 744 717 718 745 746 720 721 722 747 747 748 749 749 725 750 750 751 751 752 729 753 753 754 754 755 756 732 757 758 759 759 760 761 762 763 763
736 764 764 738 765 739 766 766 741 767 768 768 743 769 769 770 771 771 746 772 772 773 773 774 748 775 776 777 778 779 779 780 752 781 782 782 783 784 755 756 785 757 786 786 787 787 761 762 788 789
790 791 792 792 793 793 794 794 795 795 796 796 797 797 798 799 799 800 800 801 801 802 803 774 804 775 776 777 805 805 806 780 807 808 809 810 811 784 812 812 785 813 813 814 815 815 816 816 788 789
817 791 818 819 820 820 821 822 823 824 825 826 827 828 828 829 830 830 831 832 833 833 803 834 835 835 836 837 837 838 806 839 807 808 809 810 811 840 841 841 842 843 843 844 844 845 845 846 846 847
817 848 848 819 849 850 850 822 823 824 825 826 827 851 852 829 853 853 831 832 854 854 855 855 856 856 857 857 858 858 859 859 860 861 861 862 862 863 863 864 842 865 865 866 867 867 868 868 869 847
870 871 871 872 849 873 873 874 875 876 876 877 877 851 878 879 880 880 881 881 882 883 883 884 884 885 886 887 887 888 889 890 891 891 892 893 894 894 895 896 896 897 898 866 899 899 900 900 869 901
902 902 903 872 904 905 906 906 875 907 908 908 909 909 878 910 911 912 912 913 913 914 914 915 915 885 886 916 917 888 918 890 919 919 892 893 920 921 895 922 923 897 898 924 924 925 926 927 927 901
928 928 929 929 904 905 930 930 931 931 932 933 934 934 935 910 911 936 936 937 938 939 940 941 941 942 943 916 944 944 918 945 946 947 948 949 949 921 950 950 923 951 952 952 953 925 926 954 955 956
957 957 958 958 959 959 960 961 961 962 932 933 963 963 935 964 964 965 966 937 938 939 940 967 968 969 943 970 971 972 972 945 946 947 948 973 973 974 974 975 975 951 976 977 978 979 979 954 955 956
980 980 981 981 982 983 960 984 985 962 986 987 987 988 989 989 990 965 966 991 991 992 992 967 968 969 993 970 971 994 994 995 995 996 997 997 998 998 999 999 1000 1000 976 1001 978 1002 1002 1003 1004 1004
1005 1006 1007 1007 982 983 1008 1009 985 1010 986 1011 1012 988 1013 1014 1015 1016 1017 1018 1019 1019 1020 1020 1021 1021 993 1022 1023 1023 1024 1024 1025 996 1026 1026 1027 1027 1028 1029 1029 1030 1030 1001 1031 1032 1032 1003 1033 1033
1005 1006 1034 1035 1035 1036 1008 1009 1037 1010 1038 1038 1012 1039 1040 1014 1015 1016 1017 1018 1041 1041 1042 1042 1043 1043 1044 1045 1045 1046 1047 1047 1025 1048 1049 1050 1051 1052 1028 1053 1054 1055 1056 1057 1031 1058 1059 1059 1060 1060
1061 1061 1034 1062 1062 1063 1063 1064 1037 1065 1065 1066 1066 1039 1040 1067 1067 1068 1069 1069 1070 1071 1072 1072 1073 1074 1044 1075 1076 1046 1077 1078 1078 1048 1049 1050 1051 1052 1079 1053 1054 1055 1056 1080 1081 1082 1082 1083 1084 1085
1086 1086 1087 1088 1088 1089 1090 1091 1091 1092 1092 1093 1093 1094 1094 1095 1095 1068 1096 1096 1070 1097 1097 1098 1073 1074 1099 1075 1100 1101 1077 1102 1102 1103 1103 1104 1105 1105 1079 1106 1106 1107 1107 1080 1081 1108 1109 1083 1084 1110
1111 1112 1087 1113 1113 1089 1090 1114 1115 1116 1117 1118 1118 1119 1119 1120 1121 1122 1123 1124 1125 1126 1127 1128 1129 1129 1099 1130 1100 1101 1131 1131 1132 1133 1133 1104 1134 1135 1135 1136 1137 1138 1138 1139 1140 1108 1141 1142 1142 1110
1111 1143 1144 1145 1145 1146 1147 1114 1115 1116 1117 1148 1149 1150 1151 1120 1121 1122 1123 1124 1125 1126 1127 1128 1152 1153 1154 1130 1155 1156 1156 1157 1157 1158 1159 1160 1134 1161 1162 1136 1163 1164 1165 1139 1140 1166 1141 1167 1168 1168
1169 1143 1144 1170 1170 1146 1147 1171 1171 1172 1172 1148 1149 1150 1173 1173 1174 1175 1176 1177 1178 1179 1179 1180 1152 1153 1154 1181 1155 1182 1182 1183 1184 1184 1159 1160 1185 1161 1186 1186 1163 1164 1165 1187 1188 1188 1189 1167 1190 1191
1192 1192 1193 1194 1194 1195 1195 1196 1197 1197 1198 1199 1200 1201 1201 1202 1174 1203 1176 1177 1178 1204 1205 1180 1206 1206 1207 1181 1208 1209 1209 1183 1210 1211 1211 1212 1185 1213 1213 1214 1215 1215 1216 1187 1217 1218 1219 1220 1190 1191
1221 1221 1193 1222 1223 1224 1224 1196 1225 1226 1198 1199 1200 1227 1227 1228 1229 1203 1230 1231 1232 1204 1205 1233 1233 1234 1234 1235 1208 1236 1236 1237 1238 1238 1239 1212 1240 1241 1241 1214 1242 1243 1243 1244 1217 1218 1219 1220 1245 1245
1246 1247 1248 1222 1223 1249 1249 1250 1225 1226 1251 1252 1253 1254 1255 1228 1229 1256 1257 1231 1258 1258 1259 1260 1261 1262 1262 1263 1264 1264 1265 1237 1266 1267 1239 1268 1268 1269 1270 1270 1242 1271 1272 1244 1273 1273 1274 1275 1276 1276
1246 1247 1277 1277 1278 1279 1280 1281 1281 1282 1251 1252 1253 1254 1255 1283 1284 1256 1257 1285 1286 1287 1259 1288 1261 1289 1289 1263 1290 1290 1291 1292 1292 1267 1293 1294 1294 1269 1295 1295 1296 1296 1272 1297 1298 1299 1274 1275 1300 1301
1302 1303 1304 1304 1278 1279 1305 1306 1306 1282 1307 1308 1308 1309 1310 1283 1284 1311 1312 1285 1286 1287 1313 1288 1314 1314 1315 1316 1317 1318 1291 1319 1320 1320 1293 1321 1322 1323 1324 1325 1325 1326 1327 1297 1298 1299 1328 1329 1300 1301
1302 1303 1330 1330 1331 1331 1305 1332 1332 1333 1307 1334 1334 1309 1310 1335 1335 1311 1312 1336 1336 1337 1313 1338 1339 1339 1315 1316 1317 1318 1340 1319 1341 1341 1342 1321 1322 1323 1324 1343 1344 1344 1327 1345 1345 1346 1346 1329 1347 1347
65 49 51 26 86 32 15 86 33 73 43 52 79 86 30 31 90 94 93 37 3 52 33 13 70 70 69 43 58 57 20 48 99 39 62 91 89 28 24 13 39 1 29 16 30 75 20 43 47 75
94 75 6 73 2 80 37 0 57 85 98 36 2 12 93 49 92 61 75 29 62 47 65 35 24 43 48 86 83 48 85 88 25 80 59 30 7 81 30 87 70 1 42 79 75 17 58 1 31 43
78 28 52 58 70 49 47 82 85 88 34 73 54 75 39 29 66 63 58 8 8 61 82 47 14 17 70 97 27 87 29 88 42 37 68 74 10 51 26 67 65 2 91 93 57 62 59 80 68 64
74 78 10 66 61 18 98 29 69 59 29 80 1 32 4 91 75 51 91 42 52 64 45 19 0 59 53 74 92 47 8 50 96 19 38 25 42 61 47 58 19 7 87 77 94 12 67 97 37 18
12 59 87 42 91 59 6 87 83 74 0 21 66 61 94 44 24 61 30 21 81 52 73 24 85 28 60 32 30 2 70 38 91 65 50 47 14 12 10 4 74 41 4 20 8 60 66 45 93 34
68 7 86 23 63 46 75 92 70 41 30 82 21 74 1 2 49 35 53 31 0 18 4 65 80 23 17 91 87 54 5 65 42 47 3 11 9 65 81 17 99 95 59 84 76 71 49 51 0 32
94 74 19 61 49 77 43 74 48 79 70 85 60 85 10 72 33 96 40 94 2 85 22 25 65 21 73 58 80 21 3 46 61 62 77 13 32 39 9 50 84 85 53 27 97 49 14 75 51 63
67 69 33 46 1 54 73 69 61 80 54 14 26 60 46 63 73 17 69 36 36 60 1 30 88 92 5 77 27 66 24 82 22 66 42 76 33 72 23 62 8 67 94 58 36 3 86 94 54 47
21 94 26 55 86 8 64 16 50 80 79 65 25 19 33 68 48 46 27 36 86 99 78 54 85 56 97 10 67 57 87 22 80 51 84 46 37 70 69 68 41 74 83 40 24 45 91 77 0 96
3 63 54 74 77 20 91 28 46 93 17 41 57 85 9 84 40 70 87 44 77 91 6 9 14 92 26 34 96 16 59 78 44 85 29 11 68 16 39 44 27 99 78 99 42 97 18 71 38 66
26 43 77 88 52 41 13 57 78 37 89 40 8 28 79 12 67 34 97 53 88 65 42 96 83 8 51 19 82 8 9 20 75 11 83 70 41 13 90 46 29 71 91 26 19 60 76 25 92 59
41 5 88 21 14 75 32 80 82 67 73 82 0 36 37 69 97 36 71 58 44 75 26 48 36 98 53 0 76 81 15 20 17 93 47 60 80 30 69 66 4 19 12 63 44 12 11 37 50 92
68 27 66 3 6 22 99 71 43 36 83 11 25 88 24 47 10 41 23 36 51 69 50 18 25 82 17 89 49 67 89 30 73 70 16 89 2 64 19 23 90 55 72 62 96 57 68 18 4 79
80 47 6 91 39 81 33 68 83 38 21 87 51 57 60 34 6 79 70 83 8 7 95 58 68 50 35 9 11 32 58 70 83 79 87 39 19 99 12 89 27 4 63 72 72 67 7 89 40 37
18 42 89 18 50 94 35 58 91 72 60 42 46 57 17 69 28 88 35 76 25 15 56 84 19 48 23 3 43 88 38 22 75 73 9 52 1 29 47 79 4 45 18 11 74 83 95 81 56 10
58 94 65 93 2 10 56 2 42 15 47 48 5 42 74 64 67 38 46 18 37 8 25 7 5 52 43 42 47 22 80 90 63 55 87 62 96 37 92 56 44 51 10 49 94 59 62 32 56 76
7 38 49 62 7 99 97 36 68 22 19 51 15 30 86 67 48 28 25 26 96 88 19 31 55 27 26 97 43 91 93 63 53 18 96 39 88 96 11 11 64 70 7 42 39 48 30 53 84 49
40 62 64 67 26 83 28 21 34 2 2 16 71 79 25 27 3 24 18 67 97 81 40 35 79 22 13 34 62 83 58 66 24 10 89 93 1 23 16 33 96 67 77 90 27 80 83 64 98 33
46 2 67 25 96 96 84 13 15 31 43 57 48 29 53 24 15 89 79 40 45 59 1 52 59 83 18 41 99 56 97 27 39 97 55 35 15 77 26 41 74 36 84 90 54 94 98 93 68 22
45 68 82 96 24 4 52 88 45 83 67 42 73 62 89 88 34 72 98 2 24 3 59 53 2 85 35 84 55 66 66 29 74 57 83 3 2 49 82 95 2 66 91 61 89 73 35 96 37 38
23 65 25 37 49 58 30 35 31 0 82 82 38 7 51 1 26 90 65 25 66 8 29 31 72 90 91 68 4 24 36 5 52 63 3 80 56 45 31 61 45 11 99 5 35 47 24 37 54 61
30 48 2 3 35 11 55 23 34 80 45 73 31 42 6 29 51 89 13 97 30 81 70 34 17 93 79 64 75 68 99 31 30 5 85 13 36 68 33 14 94 76 91 69 23 9 70 73 47 99
98 61 69 69 18 96 56 79 82 11 42 95 3 92 98 42 42 12 87 24 14 26 65 15 43 56 23 15 44 61 2 20 3 58 39 78 30 60 14 39 44 43 55 36 12 84 23 19 50 36
64 38 30 30 41 95 74 51 80 10 39 77 99 66 76 81 18 14 29 17 67 14 21 2 38 54 70 91 82 86 70 98 59 32 28 65 44 41 16 8 7 30 25 76 96 24 27 42 16 35
60 57 97 41 33 92 64 86 58 19 14 86 93 86 84 52 39 74 4 93 68 83 22 76 99 60 23 85 12 9 77 91 14 19 64 0 27 46 54 15 87 97 29 1 10 6 42 70 42 72
40 71 11 69 4 8 79 23 16 10 34 28 59 24 27 87 98 22 51 22 66 83 47 55 59 84 55 70 87 3 21 65 93 4 10 93 0 17 87 55 98 81 52 30 45 92 10 41 43 80
88 14 20 64 16 41 72 47 39 57 75 50 28 60 76 61 89 75 59 18 60 18 69 94 50 31 22 24 47 27 7 77 81 90 21 76 24 94 99 13 94 20 9 54 24 28 86 99 47 21
23 48 12 12 55 99 38 83 54 36 98 98 95 45 7 64 44 56 82 70 44 92 21 63 6 96 41 13 74 70 64 36 54 60 36 66 95 27 93 1 62 92 0 65 95 60 1 28 81 26
50 94 91 97 92 26 64 10 10 77 14 84 44 79 37 83 77 67 57 7 89 97 81 76 84 95 84 91 46 58 31 68 27 41 47 88 45 36 94 46 16 1 22 29 89 16 14 15 49 44
18 86 12 36 47 50 63 59 5 99 14 24 24 14 0 81 58 1 57 48 98 10 37 98 96 93 96 26 55 81 47 67 74 31 32 78 12 82 31 33 14 91 42 97 30 57 9 58 36 20
79 3 80 37 16 72 52 18 91 35 85 58 40 37 55 17 24 50 51 39 79 13 76 29 62 77 85 12 5 25 98 83 42 76 16 23 29 49 57 51 52 26 30 43 68 75 6 38 33 34
95 46 27 13 93 59 47 57 3 72 77 46 17 78 41 92 86 25 94 67 84 15 40 6 60 36 15 4 32 49 94 38 86 87 34 19 76 72 0 81 81 70 64 25 74 37 4 2 42 64
54 30 49 23 9 3 50 9 65 96 87 34 51 78 5 95 31 40 26 12 47 13 63 75 58 30 59 89 55 6 85 66 54 14 72 49 92 15 90 26 43 61 85 86 80 80 68 47 10 4
8 57 17 61 55 69 18 48 68 3 93 75 30 87 72 49 65 88 53 80 1 22 9 5 9 92 77 83 47 57 7 78 45 38 45 27 85 46 39 63 35 26 92 10 66 56 83 20 42 15
78 8 97 26 27 71 98 32 97 81 62 62 24 27 2 6 31 71 44 31 84 65 0 43 96 76 52 23 89 67 42 67 8 2 68 6 98 48 33 40 99 74 28 61 20 14 19 67 39 89
37 56 86 23 4 67 39 10 31 38 95 58 67 54 82 76 63 58 51 18 48 49 70 12 90 0 8 43 54 47 28 79 90 65 15 11 22 0 78 24 73 41 13 11 10 80 71 58 51 15
42 39 72 87 79 38 35 13 2 22 99 7 9 49 84 16 40 68 95 28 39 72 85 14 78 28 78 69 71 28 97 63 16 23 60 30 8 34 29 60 72 15 89 24 78 75 26 62 61 14
88 40 16 36 11 3 39 95 70 95 21 74 33 66 61 19 30 10 43 15 43 62 41 31 25 96 68 26 90 23 79 71 81 75 5 88 31 8 49 4 89 29 43 44 78 76 8 22 60 42
53 39 4 48 53 38 20 56 71 1 13 13 56 87 54 39 74 62 27 92 29 77 94 98 49 99 6 3 43 37 3 17 10 28 95 79 43 59 1 84 7 57 37 99 71 69 94 58 18 47
66 71 76 34 69 25 87 5 18 69 55 34 51 73 14 35 28 50 38 32 89 30 0 32 45 46 11 82 88 60 30 65 43 72 61 78 72 33 50 76 50 67 81 24 95 27 39 8 61 82
59 40 60 14 2 53 64 76 66 33 15 75 51 16 85 64 0 60 55 75 39 79 66 90 92 29 7 29 60 34 11 6 35 92 83 66 72 69 86 43 2 26 94 66 30 54 58 46 38 85
55 88 44 32 29 46 53 27 34 39 35 44 26 94 43 70 19 4 3 34 65 64 25 43 71 75 45 68 24 41 4 30 43 18 46 36 71 70 40 58 72 11 14 52 47 61 16 83 33 98
24 17 11 6 12 39 72 51 8 44 74 77 59 48 19 34 14 58 19 57 87 31 53 52 45 68 41 14 19 47 15 78 91 3 13 66 23 11 24 60 54 63 76 60 98 16 23 46 18 79
34 94 94 17 14 47 19 3 91 62 69 12 46 59 11 83 89 99 23 85 48 93 50 93 88 47 74 60 34 7 70 70 69 73 82 95 49 16 19 1 54 42 97 40 88 50 97 23 52 42
98 5 32 36 86 19 17 61 6 64 92 80 49 50 41 94 79 85 65 89 96 87 89 57 17 14 49 12 0 8 6 68 65 7 83 8 15 98 40 88 51 6 10 54 91 64 49 30 95 47
38 60 53 83 80 89 70 3 66 71 98 48 2 3 73 86 76 60 35 96 82 65 26 52 96 76 41 86 95 52 81 4 97 35 89 78 58 8 33 82 17 24 46 68 42 26 69 5 76 25
26 61 49 23 88 18 30 0 84 46 48 87 82 61 48 81 5 57 48 47 37 27 19 34 67 16 9 16 41 41 18 50 29 76 53 96 67 11 44 92 37 49 3 67 80 22 98 4 57 97
96 29 44 60 45 47 55 83 20 94 21 82 26 41 74 49 18 66 37 10 64 40 24 65 14 81 57 90 69 41 92 26 14 66 29 85 62 55 99 18 65 64 1 1 29 10 64 56 40 55
70 68 56 51 35 5 16 94 13 31 92 84 90 5 43 6 28 2 49 33 3 91 64 44 50 19 73 47 34 28 28 92 77 91 86 31 30 82 67 28 64 36 64 77 56 9 65 4 77 60
2 54 31 36 69 35 3 86 86 49 73 40 92 48 35 17 48 47 46 51 11 10 17 14 38 37 22 24 41 0 59 70 85 11 74 81 22 65 48 60 2 46 21 91 88 16 75 39 63 7
