13 24
0 0 1 1 2 3 4 5 5 6 7 7 8 9 9 10 10 11 11 12 12 13 13 14 15 15 16 16 17 18 18 19 19 20 21 21 22 23 23 24 24 25 25 26 27 28 28 29 30 30
31 32 32 33 2 3 34 35 35 36 37 37 8 38 39 40 41 42 43 44 44 45 46 14 47 47 48 48 17 49 49 50 50 20 51 51 22 52 53 53 54 55 56 56 27 57 58 29 59 59
60 61 61 33 62 63 34 64 64 36 65 65 66 38 39 40 67 42 68 68 69 45 46 70 71 71 72 73 74 75 75 76 76 77 77 78 79 79 80 81 81 55 82 82 83 83 58 84 84 85
60 86 87 87 62 63 88 89 89 90 90 91 92 93 94 94 67 95 96 96 69 97 97 70 98 99 72 73 100 101 102 102 103 104 104 105 105 106 106 107 108 109 109 110 110 111 112 112 113 85
114 114 115 115 116 116 88 117 118 119 119 91 92 93 120 121 121 95 122 122 123 123 124 125 126 99 127 128 100 101 129 130 130 131 131 132 133 133 134 107 108 135 136 136 137 111 138 138 139 139
140 141 142 143 144 144 145 145 118 146 146 147 147 148 149 150 150 151 151 152 153 154 124 125 126 155 155 128 156 156 157 158 159 159 160 132 161 161 134 162 162 135 163 163 137 164 164 165 166 166
140 167 142 143 168 168 169 170 170 171 172 172 173 148 149 174 175 176 176 152 153 154 177 178 179 179 180 180 181 182 157 158 183 184 184 185 185 186 186 187 188 189 190 191 191 192 192 165 193 193
194 167 195 195 196 196 169 197 198 171 199 199 173 200 201 201 175 202 203 204 205 205 177 178 206 206 207 207 181 208 208 209 183 210 211 211 212 212 213 187 188 214 190 215 216 216 217 217 218 218
219 219 220 220 221 221 222 222 198 223 224 224 225 226 227 227 228 202 229 204 230 231 232 232 233 234 234 235 235 236 236 209 237 237 238 239 240 241 213 242 243 214 244 215 245 245 246 247 248 248
249 250 250 251 252 252 253 254 254 223 255 256 225 226 257 258 228 259 229 260 261 231 262 262 233 263 263 264 265 266 266 267 267 268 238 239 240 241 269 269 243 270 271 271 272 273 274 247 275 276
277 278 278 251 279 280 253 281 281 282 255 256 283 284 284 258 285 259 286 260 261 287 287 288 289 290 291 264 265 292 292 293 293 268 294 295 295 296 297 297 298 299 299 300 300 273 274 301 301 276
277 302 303 303 279 280 304 304 305 306 306 307 283 308 309 310 311 312 286 313 313 314 314 288 289 315 291 316 316 317 317 318 319 320 320 321 321 322 323 323 324 325 326 327 328 329 329 330 331 331
332 333 333 334 334 335 335 336 336 337 338 338 339 339 309 310 311 340 340 341 341 342 343 344 344 315 345 346 347 347 348 318 319 349 349 350 350 322 351 351 324 325 326 327 328 352 352 353 353 354
355 356 357 358 359 359 360 360 361 362 362 363 364 364 365 366 366 367 367 368 369 342 343 370 371 371 345 346 372 372 348 373 374 374 375 376 377 377 378 379 380 381 381 382 382 383 383 384 385 354
355 386 357 358 387 387 388 388 389 389 390 363 391 392 365 393 394 395 395 368 369 396 397 370 398 399 400 401 401 402 403 404 405 406 375 376 407 407 378 379 380 408 409 409 410 411 411 384 385 412
413 386 414 415 415 416 417 417 418 418 419 420 391 392 421 393 422 422 423 424 424 396 425 425 398 399 400 426 426 402 403 404 405 406 427 427 428 429 430 431 431 408 432 432 433 433 434 435 436 412
437 437 414 438 438 416 439 439 440 440 419 420 441 441 421 442 443 443 423 444 444 445 446 446 447 448 449 449 450 451 451 452 452 453 454 455 428 429 456 457 457 458 459 459 460 460 434 435 461 462
463 463 464 465 466 467 468 468 469 470 471 472 472 473 473 474 474 475 476 477 477 478 478 479 447 448 480 481 450 482 483 484 485 486 454 487 487 488 456 489 490 490 491 491 492 493 494 495 461 462
496 496 497 465 466 467 498 499 469 470 471 500 501 501 502 502 503 475 504 505 506 507 507 508 509 510 480 481 511 482 483 484 485 486 512 512 513 513 514 489 515 515 516 517 517 493 494 518 519 519
520 520 497 521 521 522 498 499 523 524 524 525 525 526 527 527 503 528 504 505 506 529 530 508 509 510 531 532 532 533 534 534 535 535 536 537 538 539 514 540 541 542 516 543 544 545 546 518 547 547
548 549 549 550 550 551 552 552 553 553 554 554 555 526 556 557 558 558 559 559 560 529 530 561 562 563 531 564 565 533 566 567 568 568 536 537 538 539 569 540 570 542 571 543 544 545 546 572 572 573
548 574 575 576 577 551 578 578 579 580 581 582 582 583 556 557 584 585 585 586 560 587 588 561 562 589 590 564 565 591 566 567 592 592 593 593 594 595 596 596 570 597 571 598 598 599 599 600 600 573
601 601 575 576 602 602 603 604 579 580 581 605 606 583 607 607 584 608 609 610 611 611 588 612 613 589 614 615 615 591 616 616 617 617 618 618 594 595 619 620 620 621 621 622 622 623 624 625 626 626
627 628 628 629 630 631 631 604 632 632 633 633 606 634 635 635 636 608 609 610 637 638 638 612 613 639 614 640 640 641 642 642 643 644 644 645 646 646 619 647 648 649 649 650 650 651 624 625 652 653
627 654 654 629 655 655 656 657 657 658 658 659 659 660 660 661 662 662 663 663 637 664 665 665 666 639 667 667 668 669 669 670 643 671 671 672 673 673 674 674 648 675 675 676 676 651 677 677 652 678
679 680 680 681 681 682 682 683 684 684 685 686 687 687 688 688 689 689 690 691 692 664 693 694 694 695 695 696 668 697 697 698 698 699 700 672 701 702 702 703 704 704 705 706 707 707 708 708 709 678
679 710 710 711 712 712 713 714 714 715 685 716 716 717 717 718 719 719 690 691 692 720 721 722 723 724 725 696 726 727 727 728 728 699 729 729 701 730 730 703 731 732 733 706 734 734 735 736 709 737
738 738 739 711 740 741 741 742 743 715 744 744 745 745 746 718 747 748 748 749 749 720 721 722 723 724 750 751 726 752 753 753 754 754 755 755 756 756 757 758 758 732 733 759 759 760 760 736 761 737
762 763 739 764 764 765 765 766 743 767 767 768 768 769 769 770 747 771 772 773 773 774 774 775 775 776 750 751 777 752 778 779 779 780 781 782 782 783 783 784 785 786 787 788 789 789 790 790 791 791
762 763 792 792 793 793 794 766 795 796 796 797 798 798 799 799 800 771 772 801 802 803 804 804 805 806 806 807 808 808 809 810 810 780 811 812 813 814 814 815 785 786 787 788 816 817 818 819 820 820
821 821 822 823 824 825 826 827 827 828 828 797 829 830 830 831 800 832 832 833 802 803 834 834 805 835 836 836 837 838 809 839 840 840 811 812 813 841 841 815 842 842 843 844 844 817 818 819 845 845
846 847 848 823 849 825 826 850 851 851 852 853 829 854 854 855 856 857 857 833 858 859 860 860 861 862 863 864 837 865 866 866 867 867 868 869 870 871 872 873 873 874 843 875 876 876 877 878 878 879
846 847 848 880 849 881 881 850 882 883 852 884 884 885 886 855 856 887 887 888 858 889 890 891 861 862 863 892 892 865 893 894 894 895 868 869 870 871 896 896 897 874 898 899 899 900 900 901 901 879
902 902 903 880 904 904 905 905 882 883 906 907 908 885 886 909 909 910 911 912 912 889 890 891 913 914 915 915 916 916 893 917 918 895 919 919 920 921 922 922 923 924 924 925 925 926 927 928 928 929
930 930 931 931 932 933 933 934 934 935 906 907 908 936 937 938 938 910 939 939 940 940 941 941 913 914 942 943 943 944 944 917 945 946 947 948 920 921 949 950 923 951 951 952 953 926 927 954 955 929
956 956 957 957 958 959 960 961 962 962 963 963 964 964 937 965 966 966 967 967 968 968 969 969 970 970 971 972 972 973 974 974 945 946 947 975 975 976 949 950 977 977 978 952 979 980 980 954 981 982
983 983 984 984 958 959 960 961 985 985 986 987 987 988 988 989 990 990 991 991 992 992 993 993 994 994 971 995 996 973 997 997 998 998 999 1000 1000 1001 1001 1002 1003 1003 1004 1004 979 1005 1005 1006 981 982
1007 1008 1009 1010 1010 1011 1012 1013 1013 1014 986 1015 1016 1017 1017 989 1018 1019 1019 1020 1021 1021 1022 1022 1023 1024 1024 1025 996 1026 1027 1027 1028 1029 1030 1031 1032 1032 1033 1002 1034 1034 1035 1035 1036 1037 1037 1006 1038 1038
1039 1008 1009 1040 1040 1041 1012 1042 1042 1043 1043 1015 1016 1044 1045 1045 1018 1046 1046 1020 1047 1047 1048 1048 1023 1049 1049 1025 1050 1051 1051 1052 1028 1029 1030 1053 1054 1055 1033 1056 1056 1057 1058 1058 1036 1059 1059 1060 1061 1061
1039 1062 1062 1063 1063 1041 1064 1065 1065 1066 1066 1067 1067 1044 1068 1068 1069 1069 1070 1071 1071 1072 1072 1073 1073 1074 1075 1076 1076 1077 1078 1079 1080 1080 1081 1053 1054 1055 1082 1082 1083 1057 1084 1084 1085 1086 1086 1060 1087 1087
1088 1088 1089 1089 1090 1091 1064 1092 1092 1093 1093 1094 1095 1095 1096 1097 1098 1099 1100 1101 1102 1102 1103 1103 1104 1074 1105 1105 1106 1106 1078 1079 1107 1108 1108 1109 1110 1111 1112 1113 1113 1114 1115 1116 1117 1118 1118 1119 1119 1120
1121 1122 1123 1123 1090 1124 1124 1125 1125 1126 1126 1127 1127 1128 1096 1097 1098 1099 1100 1129 1129 1130 1131 1132 1104 1133 1133 1134 1135 1135 1136 1136 1107 1137 1137 1109 1110 1111 1112 1138 1138 1139 1115 1140 1117 1141 1142 1143 1144 1144
1121 1122 1145 1146 1147 1147 1148 1149 1149 1150 1151 1151 1152 1153 1154 1154 1155 1156 1156 1157 1158 1130 1159 1132 1160 1161 1161 1134 1162 1163 1164 1165 1166 1167 1168 1168 1169 1169 1170 1170 1171 1139 1172 1140 1173 1174 1142 1143 1175 1176
1177 1178 1145 1146 1179 1179 1180 1180 1181 1182 1182 1183 1183 1153 1184 1185 1185 1186 1186 1157 1158 1187 1159 1188 1188 1189 1190 1190 1162 1163 1164 1165 1166 1167 1191 1191 1192 1193 1193 1194 1194 1195 1196 1196 1173 1174 1197 1197 1175 1198
1177 1178 1199 1200 1200 1201 1202 1202 1203 1204 1204 1205 1206 1207 1207 1208 1208 1209 1209 1210 1211 1211 1212 1212 1213 1213 1214 1215 1216 1216 1217 1217 1218 1219 1219 1220 1192 1221 1221 1222 1222 1195 1223 1224 1225 1226 1226 1227 1227 1198
1228 1228 1199 1229 1230 1201 1231 1231 1203 1232 1233 1205 1206 1234 1234 1235 1235 1236 1237 1237 1238 1239 1240 1240 1241 1242 1214 1215 1243 1243 1244 1245 1246 1247 1248 1248 1249 1249 1250 1250 1251 1251 1223 1252 1225 1253 1253 1254 1254 1255
1256 1256 1257 1229 1258 1258 1259 1259 1260 1232 1233 1261 1262 1262 1263 1263 1264 1236 1265 1266 1266 1239 1267 1267 1241 1242 1268 1268 1269 1270 1270 1245 1246 1271 1271 1272 1273 1273 1274 1275 1275 1276 1276 1252 1277 1278 1278 1279 1280 1255
1281 1281 1257 1282 1283 1283 1284 1285 1260 1286 1286 1287 1288 1288 1289 1290 1264 1291 1291 1292 1293 1293 1294 1295 1296 1297 1297 1298 1298 1299 1299 1300 1300 1301 1301 1272 1302 1302 1303 1304 1305 1306 1307 1307 1277 1308 1309 1279 1310 1310
1311 1312 1312 1282 1313 1314 1314 1285 1315 1316 1316 1287 1317 1317 1289 1290 1318 1318 1319 1292 1320 1320 1321 1295 1322 1322 1323 1324 1324 1325 1325 1326 1326 1327 1328 1329 1329 1330 1303 1331 1305 1332 1333 1334 1334 1308 1335 1335 1336 1336
1311 1337 1338 1338 1339 1339 1340 1341 1341 1342 1342 1343 1343 1344 1344 1345 1345 1346 1319 1347 1348 1348 1321 1349 1349 1350 1323 1351 1351 1352 1352 1353 1354 1354 1328 1355 1355 1356 1356 1331 1357 1332 1358 1358 1359 1360 1360 1361 1362 1362
51 29 35 14 48 7 32 30 89 96 39 92 58 61 99 11 84 76 81 60 22 1 67 56 66 29 51 31 75 24 70 36 19 28 35 97 8 26 34 47 49 24 47 28 33 99 5 24 43 8
46 18 30 35 54 30 90 99 12 57 88 18 64 93 95 14 13 7 5 78 77 45 8 86 50 26 64 17 76 5 61 0 93 38 72 2 20 45 71 75 36 55 74 34 44 4 24 4 80 83
28 61 84 55 92 60 1 74 68 52 7 89 77 76 15 29 57 41 50 25 89 2 60 13 74 2 40 20 43 71 62 22 8 94 28 74 99 61 18 79 79 36 68 46 37 57 78 33 14 28
69 80 89 34 40 5 59 95 60 80 53 56 46 3 98 21 49 36 18 53 71 52 21 79 93 34 59 72 55 9 72 53 15 71 9 40 69 97 53 68 48 15 6 20 15 46 76 51 49 80
54 14 13 21 65 13 8 70 86 84 34 58 42 18 23 43 45 2 29 85 75 93 84 29 93 49 99 51 60 2 95 84 11 37 28 44 11 30 47 73 42 32 21 92 75 72 99 35 92 29
71 83 68 15 57 62 75 12 10 79 91 77 88 63 26 25 65 22 72 81 71 98 29 98 54 86 87 62 85 92 62 39 3 69 13 33 94 28 9 82 27 72 60 37 62 89 39 81 52 62
41 43 81 65 65 55 12 7 29 44 92 85 84 39 68 3 23 92 12 80 66 74 21 15 51 0 29 92 14 3 70 5 0 31 67 93 82 91 76 21 84 62 47 8 21 70 52 70 4 48
16 90 24 63 26 44 33 31 31 51 49 10 11 47 48 33 94 86 61 28 43 56 9 90 85 77 10 22 10 93 23 78 27 94 73 2 13 29 45 59 92 80 75 43 45 34 48 89 23 80
27 96 75 73 18 65 80 70 61 92 43 72 69 24 85 90 53 44 68 91 50 71 29 64 94 36 38 75 90 88 32 32 88 75 18 20 72 11 15 26 41 89 69 35 51 73 26 5 21 83
75 55 19 61 21 89 38 83 7 89 61 65 23 88 74 78 12 96 97 78 21 55 20 62 61 8 74 55 22 69 88 45 45 92 53 74 62 65 92 90 18 93 72 17 48 82 83 23 20 51
49 80 47 26 18 0 0 69 77 35 84 32 92 43 67 93 4 46 50 99 42 80 61 76 56 51 64 51 53 80 77 15 7 89 97 54 21 21 2 45 47 54 52 73 70 12 11 62 87 69
96 86 51 24 90 29 20 21 47 15 33 83 15 41 71 98 61 16 14 12 51 42 28 36 68 62 59 71 21 20 49 44 65 36 5 97 52 13 16 69 31 62 96 32 97 67 46 97 47 41
95 77 57 35 9 21 55 4 26 95 22 38 80 2 5 90 67 96 36 75 70 29 73 71 58 50 94 74 49 86 57 94 57 96 24 58 93 84 13 44 31 16 68 45 26 27 11 0 7 76
95 85 24 47 23 59 44 97 93 50 91 96 51 64 78 33 50 8 5 69 73 91 8 92 46 46 14 36 55 14 43 42 11 72 89 78 71 83 10 18 92 28 61 80 25 15 8 59 59 67
70 70 42 63 30 90 23 82 57 10 49 73 76 18 51 75 20 27 76 46 1 75 96 25 78 4 15 30 21 60 81 22 89 83 53 42 62 69 8 99 12 9 9 1 34 11 11 28 27 29
90 99 81 30 86 23 39 24 5 17 28 77 31 55 6 40 50 82 73 38 85 69 1 1 3 8 56 19 48 55 64 39 60 92 75 38 53 18 41 31 29 17 21 11 5 29 61 25 23 46
35 15 9 72 13 2 23 22 70 32 52 31 26 21 69 40 48 11 91 5 22 26 48 84 88 41 54 52 27 80 75 31 9 9 14 1 61 80 38 97 83 51 47 5 17 73 7 77 84 25
92 10 50 20 18 77 71 37 68 48 14 75 60 17 87 34 11 6 50 83 83 81 73 94 25 12 0 56 68 93 35 28 67 1 67 94 1 78 97 11 1 66 0 30 98 2 76 11 78 25
97 36 46 18 13 88 95 52 5 1 13 13 38 33 3 52 92 59 85 60 47 5 66 65 25 52 47 36 18 32 14 47 71 53 19 3 11 63 94 62 58 35 37 15 37 80 18 6 96 97
5 34 74 14 98 30 61 25 68 12 4 66 3 90 53 83 51 82 48 86 88 18 84 56 22 46 76 62 43 63 71 27 81 70 54 54 21 17 94 29 59 18 38 87 89 34 63 65 88 19
60 37 80 25 97 86 53 19 42 90 35 14 92 91 66 48 73 55 19 66 14 8 79 38 19 92 31 9 5 95 30 63 8 31 97 42 63 57 23 50 27 71 95 89 81 47 7 89 84 49
92 79 15 46 19 63 62 14 18 34 14 18 7 94 95 86 35 7 23 27 81 49 99 76 39 70 71 66 83 20 67 99 35 45 31 73 44 29 51 58 35 59 78 45 47 35 12 28 38 17
66 3 98 17 36 31 36 33 11 31 62 98 14 14 48 4 53 88 77 77 46 59 8 65 58 63 18 3 43 77 61 97 76 73 87 35 28 82 65 82 24 22 17 11 21 39 50 98 86 15
92 93 61 99 60 16 49 81 22 44 50 44 59 37 61 2 40 51 71 35 45 20 61 25 2 27 40 61 33 8 33 10 72 16 56 16 70 76 26 21 19 56 25 13 48 50 54 0 3 65
31 10 17 0 23 31 93 87 30 15 0 36 69 46 79 77 54 57 90 26 20 92 34 73 73 2 94 26 21 1 5 99 76 74 94 56 83 41 17 79 82 30 88 87 53 79 67 78 59 58
64 84 34 30 32 2 39 57 35 30 99 62 20 7 2 21 82 79 66 78 52 14 86 26 14 94 6 8 31 58 78 29 18 26 41 36 54 2 81 67 23 86 61 8 12 60 62 54 80 78
84 64 62 73 98 77 12 52 43 52 5 42 79 39 96 15 76 68 60 37 75 69 48 10 71 35 9 14 89 67 29 64 64 5 99 12 58 59 55 91 16 46 69 99 25 19 12 41 42 15
19 84 61 79 85 33 32 38 34 9 34 84 4 99 9 29 92 28 43 64 56 51 86 25 27 57 14 64 69 34 42 5 61 43 57 75 62 0 18 80 44 40 11 69 64 69 16 81 82 61
75 19 19 40 21 64 70 54 1 95 32 93 61 64 16 48 7 90 58 67 73 26 84 23 41 94 26 58 13 18 17 17 36 17 73 26 14 94 96 56 50 25 17 65 2 49 92 38 31 3
62 39 17 37 74 54 30 33 85 77 93 86 86 15 68 94 61 39 15 22 72 65 69 90 37 73 72 36 10 51 15 72 0 9 11 35 5 12 31 68 68 63 72 61 68 49 54 69 13 67
72 5 37 87 47 96 1 79 74 94 10 19 67 73 87 31 21 96 97 54 41 42 42 45 29 61 27 21 19 90 65 21 37 78 15 34 57 15 50 13 14 47 65 52 40 14 55 78 22 84
59 25 55 23 36 34 59 10 3 61 54 0 37 9 98 1 89 31 96 15 82 82 30 64 71 49 60 50 73 87 92 69 73 77 64 5 21 55 57 78 55 66 62 56 62 54 65 73 8 3
84 26 13 95 63 6 12 99 10 62 67 12 18 46 83 59 78 80 62 55 30 57 82 32 23 51 41 88 86 82 54 31 14 76 48 76 2 64 89 19 67 73 13 91 91 45 24 92 13 35
23 5 69 17 61 67 42 60 44 70 66 75 5 99 85 71 84 28 37 39 34 90 37 98 48 51 27 96 82 94 39 86 95 87 86 85 38 51 75 37 39 38 41 41 56 13 69 13 82 8
49 69 31 5 76 19 85 16 96 76 56 42 33 70 75 22 63 23 10 9 10 23 40 81 92 99 99 33 8 14 66 70 31 51 23 72 56 71 92 94 10 27 96 50 30 30 54 85 88 57
99 9 20 4 13 41 60 60 70 23 93 34 36 34 28 41 98 90 63 76 37 75 75 43 89 59 16 55 66 86 78 62 77 58 79 70 55 87 57 21 19 94 54 24 53 90 64 71 92 42
14 18 36 39 99 83 50 96 54 55 82 20 47 46 33 43 41 68 77 24 59 90 31 54 41 79 32 29 42 62 95 67 99 81 4 52 48 68 10 70 69 86 73 28 37 20 37 9 70 27
1 17 57 6 24 63 62 0 37 46 23 44 19 57 59 65 12 66 88 69 60 30 89 20 37 7 58 57 43 74 79 90 12 89 51 40 27 51 61 40 80 58 47 81 95 71 1 95 43 23
78 87 42 96 80 43 94 18 60 86 81 86 86 2 40 18 23 1 5 81 39 17 73 53 78 98 15 99 75 60 61 39 23 59 14 62 26 28 14 54 38 10 60 25 62 37 20 83 85 68
29 36 55 1 46 89 31 34 18 71 97 38 45 82 15 99 37 63 70 1 8 35 72 97 90 0 91 14 99 11 54 7 7 41 9 34 65 22 38 19 98 42 29 79 86 54 63 4 82 11
60 66 82 93 4 44 47 75 28 54 50 40 20 2 76 49 88 28 44 1 88 24 49 38 94 58 53 32 85 68 84 85 36 53 75 14 56 5 7 47 93 75 11 16 25 7 56 90 89 7
42 40 9 62 72 30 30 85 22 83 10 33 88 23 54 41 49 12 97 10 27 73 35 40 1 38 61 30 40 20 64 35 88 99 92 41 82 74 62 79 66 8 66 12 69 36 6 68 86 74
54 31 85 25 51 4 84 18 2 20 10 1 83 80 36 69 87 91 29 11 12 60 34 31 16 7 58 72 12 40 59 87 21 73 38 18 59 19 44 2 93 90 86 54 38 13 48 66 48 13
30 27 55 53 46 33 44 95 79 71 45 72 60 77 11 70 95 10 23 81 98 59 90 4 17 19 97 24 50 7 42 46 58 12 53 2 26 0 93 13 19 78 66 74 30 17 80 74 89 45
85 30 48 66 2 12 8 17 54 14 74 1 97 2 86 33 50 12 94 77 12 76 24 8 87 83 81 8 81 45 82 52 20 95 6 86 46 86 20 0 94 92 64 13 36 75 15 16 78 43
87 14 11 71 78 42 10 1 84 46 46 9 60 70 55 89 75 81 51 17 80 60 51 20 61 81 5 14 12 97 87 92 11 50 30 77 73 99 29 63 86 17 89 57 50 59 31 82 8 17
87 74 53 81 23 20 9 18 88 47 91 11 52 99 85 79 23 87 49 1 60 60 80 4 8 61 53 53 87 46 38 8 90 63 11 63 43 34 87 5 22 37 64 65 45 20 35 77 68 21
31 2 17 51 70 81 76 52 94 96 31 43 22 96 57 19 0 74 68 74 10 51 17 86 17 96 52 37 60 89 27 87 37 89 19 30 68 70 78 22 79 17 40 72 75 58 75 13 53 27
73 65 2 69 47 56 47 38 88 11 12 23 36 22 96 54 71 40 82 70 2 66 29 11 12 53 32 15 36 20 9 47 92 64 46 69 79 73 23 33 51 33 89 89 93 49 30 50 84 47
66 80 58 1 39 48 41 6 53 3 94 57 15 10 41 69 24 92 96 38 45 90 97 65 27 33 86 68 16 73 67 82 62 89 33 62 86 84 46 60 66 92 45 72 97 75 93 44 40 88
