48 1
0 0 1 2 3 4 4 5 5 6 7 8 8 9 9 10 11 11 12 13 13 14 15 16 17 17 18 19 19 20 21 21 22 23 23 24 25 26 26 27 28 29 30 31 31 32 33 34 35 35
36 37 37 2 3 38 39 39 40 6 41 41 42 42 43 10 44 44 45 45 46 14 15 16 47 47 48 48 49 20 50 50 22 51 51 24 25 52 52 27 28 29 30 53 54 54 33 34 55 56
36 57 58 58 59 59 60 61 40 62 63 63 64 65 43 66 67 67 68 69 46 70 70 71 72 72 73 73 49 74 75 76 77 78 78 79 80 80 81 81 82 83 83 84 84 85 85 86 55 56
87 57 88 88 89 90 60 61 91 62 92 93 64 65 94 95 95 96 97 69 98 99 99 71 100 101 101 102 102 74 75 76 103 103 104 104 105 106 106 107 82 108 108 109 109 110 111 111 112 113
87 114 114 115 115 90 116 116 117 118 92 93 119 120 120 121 121 96 97 122 122 123 123 124 100 125 126 127 128 128 129 129 130 131 131 132 133 134 135 135 136 136 137 137 138 139 139 140 112 113
141 142 142 143 143 144 144 145 117 118 146 146 119 147 147 148 149 150 151 151 152 153 154 155 155 125 126 156 156 157 158 159 159 160 160 132 133 134 161 161 162 163 164 165 165 166 167 140 168 168
169 169 170 171 172 173 173 145 174 174 175 176 176 177 178 179 149 180 180 181 181 153 182 183 184 184 185 186 187 157 158 188 189 190 191 191 192 193 193 194 162 163 164 195 195 166 167 196 196 197
198 199 170 171 172 200 200 201 201 202 175 203 204 177 178 179 205 205 206 207 208 209 182 183 210 210 185 211 187 212 212 213 189 190 214 215 216 217 217 218 218 219 220 220 221 222 223 224 224 197
225 199 226 226 227 228 228 229 230 202 231 203 232 233 233 234 235 235 206 207 208 236 236 237 238 239 239 211 240 241 241 213 242 243 214 215 216 244 244 245 245 246 247 247 221 222 223 248 249 249
225 250 251 252 227 253 253 229 254 255 231 256 232 257 257 234 258 258 259 259 260 261 261 237 262 263 263 264 240 265 266 266 267 243 268 269 269 270 270 271 272 246 273 274 275 275 276 276 277 277
278 278 251 279 280 280 281 281 254 282 283 284 285 286 286 287 288 289 289 290 260 291 291 292 262 293 294 294 295 265 296 296 267 297 268 298 299 299 300 271 272 301 302 274 303 303 304 304 305 305
306 307 307 279 308 309 310 310 311 282 283 284 285 312 313 314 288 315 316 290 317 318 318 292 319 293 320 320 295 321 321 322 323 323 324 298 325 326 326 327 328 301 302 329 329 330 331 332 332 333
334 334 335 336 308 337 338 338 311 339 339 340 341 312 313 314 342 315 316 343 317 344 344 345 319 346 347 347 348 349 349 350 351 352 353 353 325 354 354 327 328 355 356 357 358 330 331 359 359 333
360 360 335 336 361 337 362 363 364 365 365 340 341 366 367 367 342 368 369 369 370 370 371 371 372 346 373 373 348 374 375 350 351 352 376 376 377 378 378 379 380 380 356 381 358 382 382 383 384 384
385 386 387 387 361 388 362 363 364 389 390 391 392 392 393 393 394 368 395 395 396 396 397 397 372 398 399 399 400 374 401 401 402 402 403 403 377 404 404 405 405 406 406 381 407 407 408 409 410 410
411 386 412 413 414 388 415 416 417 389 390 391 418 419 419 420 394 421 421 422 423 424 425 426 427 398 428 428 400 429 429 430 430 431 432 433 434 435 435 436 437 438 439 440 441 442 408 409 443 443
411 444 412 413 414 445 445 416 417 446 447 448 449 450 450 420 451 452 452 422 423 453 425 426 454 454 455 456 456 457 458 459 460 431 432 433 434 461 461 436 437 438 439 440 441 442 462 463 464 465
466 444 467 468 468 469 469 470 470 471 447 472 449 473 474 474 451 475 475 476 477 453 478 478 479 479 455 480 480 457 458 459 460 481 481 482 483 483 484 485 486 486 487 487 488 488 462 463 489 465
490 490 467 491 491 492 493 494 495 471 496 472 497 497 498 498 499 499 500 500 477 501 501 502 502 503 503 504 505 506 507 507 508 509 509 510 510 511 511 485 512 513 514 514 515 516 516 517 489 518
519 520 520 521 521 492 493 494 522 523 524 524 525 526 526 527 528 529 530 530 531 532 533 534 535 535 536 504 505 537 537 538 539 539 540 541 542 542 543 543 512 544 544 545 545 546 546 517 547 518
519 548 549 550 551 551 552 553 522 523 554 554 555 555 556 556 528 529 557 557 558 532 533 534 559 560 536 561 561 562 563 538 564 564 540 541 565 565 566 566 567 568 569 570 571 571 572 573 574 575
576 576 549 550 577 577 552 578 579 580 580 581 582 582 583 584 584 585 586 586 558 587 588 588 559 560 589 589 590 590 563 591 592 592 593 593 594 594 595 596 567 568 569 570 597 597 572 573 574 575
598 599 600 601 602 603 603 578 604 605 606 581 607 607 583 608 608 609 610 611 611 587 612 612 613 614 615 615 616 616 617 591 618 619 619 620 621 622 622 596 623 624 625 626 626 627 627 628 629 629
598 599 600 601 602 630 631 631 604 605 606 632 632 633 633 634 634 609 610 635 636 636 637 637 613 614 638 638 639 639 617 640 640 641 642 620 621 643 643 644 623 624 625 645 646 646 647 648 649 649
650 650 651 651 652 630 653 654 655 655 656 656 657 658 659 660 661 662 663 664 665 666 667 668 668 669 670 671 672 673 673 674 674 641 675 675 676 677 677 678 679 679 680 645 681 681 647 648 682 683
684 685 686 687 688 688 653 654 689 690 690 691 657 692 659 660 661 662 663 664 665 666 693 693 694 694 670 671 695 696 696 697 698 699 700 700 676 701 701 678 702 702 680 703 703 704 705 705 682 683
684 685 706 687 707 707 708 708 689 709 710 691 711 692 712 713 714 715 716 717 717 718 719 720 720 721 722 723 695 724 724 697 698 699 725 725 726 726 727 728 729 730 731 732 732 704 733 733 734 734
735 736 706 737 738 739 740 740 741 741 710 742 742 743 712 713 714 744 716 745 745 746 719 747 747 721 722 723 748 749 749 750 750 751 751 752 753 753 727 728 729 730 731 754 755 755 756 756 757 757
735 758 758 737 738 739 759 760 760 761 762 762 763 764 764 765 765 744 766 766 767 746 768 768 769 769 770 770 748 771 772 772 773 773 774 752 775 775 776 777 778 779 779 780 780 781 781 782 782 783
784 784 785 786 787 787 759 788 789 761 790 790 763 791 792 793 793 794 794 795 767 796 796 797 798 799 800 801 801 802 803 803 804 805 774 806 806 807 808 777 778 809 809 810 810 811 811 812 813 783
814 814 815 786 816 817 818 788 789 819 820 820 821 822 792 823 823 824 824 795 825 825 826 827 798 799 800 828 829 802 830 830 804 831 831 832 832 807 808 833 834 834 835 836 836 837 837 812 813 838
839 839 815 840 816 817 818 841 841 819 842 842 821 822 843 844 844 845 846 847 848 848 826 827 849 850 851 828 852 852 853 853 854 855 856 856 857 858 859 833 860 860 835 861 862 862 863 863 864 838
865 866 867 868 868 869 870 870 871 871 872 872 873 874 843 875 876 845 846 877 877 878 879 880 880 850 851 881 881 882 883 883 854 855 884 885 885 858 859 886 887 888 888 861 889 890 890 891 891 892
865 866 867 893 893 869 894 894 895 896 896 897 897 874 898 875 899 900 901 901 902 878 879 903 904 905 905 906 906 907 908 908 909 909 884 910 911 912 913 886 887 914 914 915 889 916 916 917 917 892
918 919 919 920 920 921 921 922 895 923 924 925 926 926 927 927 899 928 928 929 902 930 931 931 904 932 933 933 934 907 935 935 936 937 937 910 911 912 913 938 939 940 941 915 942 943 943 944 945 945
946 946 947 948 948 949 950 950 951 923 924 925 952 953 954 955 956 957 958 929 959 930 960 961 961 962 962 963 964 964 965 965 966 967 968 969 970 971 972 973 939 940 974 975 976 977 978 944 979 980
981 982 983 983 984 949 985 986 951 987 987 988 952 953 954 955 956 957 989 989 959 990 960 991 991 992 993 993 994 995 996 997 966 967 968 998 970 971 972 973 999 1000 974 1001 976 977 978 1002 979 980
1003 982 1004 1004 984 1005 1005 986 1006 1007 1007 1008 1009 1010 1011 1011 1012 1012 1013 1014 1014 1015 1015 1016 1016 1017 1017 1018 994 995 996 1019 1020 1020 1021 998 1022 1023 1024 1024 999 1025 1025 1001 1026 1026 1027 1002 1028 1028
1003 1029 1030 1031 1031 1032 1032 1033 1033 1034 1034 1008 1009 1010 1035 1036 1036 1037 1038 1039 1039 1040 1040 1041 1041 1042 1042 1043 1043 1044 1044 1019 1045 1046 1047 1048 1022 1023 1049 1049 1050 1051 1051 1052 1053 1053 1027 1054 1055 1055
1056 1029 1030 1057 1058 1059 1060 1060 1061 1061 1062 1063 1064 1064 1035 1065 1066 1066 1038 1067 1067 1068 1069 1070 1071 1072 1072 1073 1074 1075 1075 1076 1045 1046 1047 1077 1077 1078 1078 1079 1080 1081 1082 1052 1083 1083 1084 1054 1085 1085
1056 1086 1087 1057 1088 1059 1089 1089 1090 1090 1062 1063 1091 1091 1092 1065 1093 1093 1094 1094 1095 1096 1069 1070 1071 1097 1098 1073 1074 1099 1099 1076 1100 1101 1101 1102 1102 1103 1104 1105 1080 1081 1082 1106 1106 1107 1084 1108 1109 1110
1111 1111 1087 1112 1088 1113 1114 1115 1116 1116 1117 1117 1118 1119 1119 1120 1120 1121 1122 1123 1095 1096 1124 1125 1126 1127 1098 1128 1128 1129 1130 1131 1132 1133 1133 1134 1134 1103 1104 1105 1135 1135 1136 1137 1137 1107 1138 1138 1109 1110
1139 1139 1140 1141 1142 1113 1114 1115 1143 1144 1145 1145 1146 1146 1147 1147 1148 1121 1122 1123 1149 1149 1150 1125 1126 1127 1151 1152 1152 1129 1130 1131 1132 1153 1154 1155 1156 1157 1158 1158 1159 1159 1160 1161 1162 1162 1163 1163 1164 1164
1165 1166 1140 1141 1167 1167 1168 1169 1143 1170 1170 1171 1172 1173 1174 1174 1175 1175 1176 1177 1178 1178 1150 1179 1179 1180 1181 1182 1183 1184 1185 1185 1186 1186 1154 1155 1156 1187 1187 1188 1189 1189 1160 1190 1191 1191 1192 1193 1194 1195
1165 1166 1196 1197 1197 1198 1168 1169 1199 1199 1200 1171 1172 1173 1201 1201 1202 1202 1176 1203 1203 1204 1205 1205 1206 1206 1181 1207 1183 1184 1208 1208 1209 1209 1210 1211 1212 1212 1213 1214 1215 1215 1216 1190 1217 1217 1192 1193 1194 1195
1218 1219 1220 1221 1222 1222 1223 1224 1224 1225 1226 1226 1227 1228 1228 1229 1230 1230 1231 1232 1233 1204 1234 1234 1235 1236 1236 1207 1237 1238 1238 1239 1240 1241 1242 1211 1243 1243 1213 1214 1244 1244 1216 1245 1245 1246 1246 1247 1248 1248
1218 1219 1220 1221 1249 1249 1223 1250 1251 1225 1252 1253 1254 1255 1256 1229 1257 1258 1231 1232 1233 1259 1259 1260 1235 1261 1262 1263 1263 1264 1264 1239 1240 1241 1242 1265 1265 1266 1266 1267 1268 1269 1270 1271 1271 1272 1273 1247 1274 1274
1275 1276 1276 1277 1278 1278 1279 1279 1251 1280 1281 1253 1254 1255 1256 1282 1257 1283 1284 1284 1285 1285 1286 1287 1287 1261 1262 1288 1289 1290 1290 1291 1291 1292 1293 1293 1294 1294 1295 1267 1268 1269 1296 1296 1297 1272 1273 1298 1299 1300
1275 1301 1302 1303 1304 1305 1306 1306 1307 1280 1281 1308 1308 1309 1309 1282 1310 1283 1311 1312 1312 1313 1286 1314 1314 1315 1316 1288 1289 1317 1318 1319 1319 1292 1320 1321 1321 1322 1323 1323 1324 1325 1326 1327 1327 1328 1329 1330 1299 1331
1332 1301 1302 1303 1304 1305 1333 1333 1307 1334 1334 1335 1335 1336 1336 1337 1337 1338 1338 1339 1339 1313 1340 1340 1341 1341 1316 1342 1342 1317 1318 1343 1343 1344 1320 1345 1345 1322 1346 1346 1324 1325 1326 1347 1347 1328 1329 1330 1348 1331
75 37 35 94 43 19 82 59 61 57 92 94 81 59 38 96 85 14 33 49 83 54 5 29 62 17 36 60 49 82 67 26 37 55 7 24 22 54 33 29 54 35 49 27 53 50 94 93 56 92
26 37 91 63 64 65 63 84 1 94 55 56 24 54 99 94 92 88 84 31 74 66 73 40 30 75 59 62 28 33 6 96 81 77 38 90 81 44 47 13 85 98 14 60 46 32 48 82 13 22
41 46 75 96 91 47 34 92 54 72 18 51 44 81 56 86 62 73 40 77 46 74 62 17 47 15 4 82 16 59 8 23 62 64 39 19 32 83 84 17 46 38 40 73 13 44 14 49 70 17
13 55 32 12 84 24 81 97 18 85 29 63 85 39 58 36 50 86 2 7 90 46 84 17 77 42 84 76 30 8 62 36 17 27 81 68 84 90 44 15 25 68 98 71 39 20 62 6 27 82
61 21 36 89 13 49 63 58 29 56 96 21 98 52 40 57 15 91 98 87 59 68 28 87 2 3 83 90 84 98 97 57 29 30 68 19 48 37 61 55 53 66 33 43 29 47 20 83 62 57
61 55 29 34 36 94 76 17 31 69 73 22 30 56 77 18 61 12 46 73 99 17 7 33 2 62 47 98 54 65 43 72 79 56 39 74 18 10 43 38 29 25 51 33 90 11 41 13 6 65
95 76 40 6 45 63 14 22 8 49 59 67 26 28 53 63 46 99 0 17 83 88 1 2 25 76 92 99 53 73 17 94 86 54 13 86 58 65 61 89 17 91 65 38 83 94 52 41 33 68
82 61 16 94 24 74 38 82 54 25 21 9 24 78 1 14 24 73 70 42 68 92 82 2 60 88 77 15 66 96 28 93 67 21 0 38 58 62 18 95 83 48 14 94 60 8 76 47 25 29
15 37 10 90 88 30 29 81 74 85 69 64 13 9 81 52 57 80 85 40 67 81 21 25 48 6 59 38 9 18 79 21 11 81 87 78 22 32 13 79 17 67 51 14 66 13 90 11 64 92
30 91 73 85 27 12 54 28 61 27 38 90 26 51 8 69 43 12 57 79 65 86 14 75 34 24 80 69 4 85 24 29 13 88 22 64 95 96 71 75 38 32 44 89 87 49 11 81 71 38
65 63 97 84 29 24 15 96 76 66 26 20 39 88 95 93 6 35 29 68 5 25 40 28 62 83 35 67 24 56 26 1 93 28 19 26 31 79 24 23 30 13 93 83 91 72 32 5 48 40
45 20 61 25 89 18 82 49 94 68 54 57 95 71 72 9 54 63 8 45 47 30 30 69 18 54 70 37 62 44 18 5 49 67 6 12 51 97 18 40 41 50 92 62 21 88 86 39 1 42
62 83 54 63 74 63 89 98 50 26 23 94 43 5 76 85 60 18 62 86 87 14 3 14 83 86 21 42 42 52 98 84 71 49 49 52 66 48 52 47 44 87 7 60 41 63 12 40 71 46
94 52 60 0 64 20 81 78 82 37 28 45 35 65 18 62 39 61 43 9 30 64 0 27 64 7 98 51 9 96 61 67 46 43 7 20 18 29 91 64 16 68 4 84 13 66 37 88 51 44
14 61 78 9 49 47 57 30 47 56 29 63 73 72 91 92 14 7 53 90 19 53 65 50 59 29 83 2 45 10 12 97 41 34 87 4 55 90 82 7 42 30 31 95 99 43 4 86 38 50
73 95 84 15 20 25 70 9 65 61 13 57 8 49 94 79 5 32 28 79 73 44 91 40 33 95 76 26 98 92 94 94 62 13 10 86 58 76 71 88 98 89 31 5 81 60 78 35 84 74
19 15 20 3 88 20 73 15 50 51 19 99 89 18 61 36 64 92 55 77 85 26 76 6 10 21 16 78 92 91 93 48 99 32 86 49 45 38 47 45 39 70 58 36 10 68 60 14 25 34
25 55 47 29 93 85 23 74 91 29 39 89 25 31 9 31 37 0 70 85 57 58 14 49 96 5 82 64 96 83 36 73 52 2 40 97 51 36 62 73 97 95 44 50 24 82 18 15 36 25
61 87 87 73 6 19 62 28 97 98 94 17 73 39 88 63 19 99 17 27 43 56 56 23 61 10 61 81 23 63 59 8 79 83 20 1 38 85 90 61 90 12 32 56 32 34 91 63 0 48
94 55 73 32 41 93 17 61 68 98 2 73 58 24 29 41 70 37 73 54 19 68 30 43 30 91 92 59 24 77 64 49 91 89 10 80 39 90 87 94 8 64 56 56 46 57 72 38 85 3
68 32 95 65 77 94 29 98 61 99 11 21 2 92 28 10 93 97 18 23 92 21 24 37 65 0 8 85 94 6 76 21 85 11 57 27 68 44 43 73 91 13 9 6 83 34 97 88 70 94
85 74 3 35 8 83 30 29 63 45 29 87 78 31 9 89 28 35 30 68 44 95 63 64 82 51 14 94 35 21 74 33 13 84 10 68 85 60 27 18 0 47 99 50 2 98 51 93 51 38
30 35 33 36 34 51 66 51 94 39 95 42 6 11 27 44 34 74 53 60 64 4 22 96 1 13 92 59 33 74 72 98 72 50 32 79 58 54 63 12 34 57 10 64 12 80 75 19 45 36
38 16 14 53 47 42 20 16 68 50 7 94 54 60 63 67 17 16 53 50 15 6 80 71 29 51 15 79 68 71 67 27 25 13 21 32 74 9 13 15 31 74 44 29 29 73 60 67 38 16
81 53 71 13 65 54 35 41 96 95 12 54 58 63 89 1 43 79 92 20 80 71 61 65 81 76 6 77 24 88 58 41 56 62 89 76 16 19 90 55 46 87 98 74 19 17 15 18 63 56
10 2 54 68 89 25 41 60 65 20 47 7 96 35 48 73 74 58 93 48 40 81 70 51 35 2 73 56 80 16 41 49 55 84 36 60 19 3 40 28 18 60 29 67 38 3 55 60 32 18
21 33 45 73 19 91 61 1 45 37 73 66 30 64 94 90 48 89 61 38 57 20 75 22 10 15 34 45 68 47 16 37 5 9 80 29 76 86 25 37 6 17 72 12 75 75 95 45 13 88
54 89 92 9 1 64 25 5 93 3 22 59 63 45 68 27 79 91 29 18 6 82 16 80 99 68 97 57 6 40 20 93 45 25 5 5 6 59 62 66 71 96 0 42 66 12 33 0 37 93
34 81 5 37 22 77 53 76 20 66 8 16 99 25 28 4 67 11 82 82 8 90 19 84 64 65 30 62 45 44 13 64 89 18 93 83 24 41 92 51 72 46 4 5 33 68 35 26 44 20
15 47 18 50 39 44 88 69 12 23 59 39 9 17 39 89 11 55 92 85 27 27 71 19 60 58 47 62 42 49 83 77 46 29 61 47 42 95 18 70 95 89 51 18 65 83 89 30 22 24
73 64 21 96 3 96 73 63 1 77 82 21 39 23 31 57 16 10 49 75 5 2 28 12 69 33 17 84 17 84 52 68 50 1 21 34 89 9 90 34 48 97 27 17 70 67 59 86 61 60
34 48 88 8 8 11 88 64 76 66 27 1 69 58 16 51 35 7 42 3 8 49 39 99 51 68 16 80 90 7 37 59 29 82 5 98 89 71 61 48 96 10 26 89 43 6 4 92 57 33
26 25 15 72 36 54 78 79 5 39 11 71 30 54 26 35 31 91 79 99 35 23 68 77 95 71 52 79 66 53 27 54 38 12 3 82 0 47 5 92 37 90 73 92 0 28 99 93 19 15
53 26 99 40 89 91 54 36 55 10 70 21 29 0 85 40 21 48 15 64 1 15 99 4 88 80 60 39 70 77 20 85 32 6 32 0 94 11 97 51 21 82 9 99 59 13 75 0 26 44
93 1 74 62 40 26 89 97 52 86 51 49 46 54 17 7 56 7 49 46 35 62 28 69 26 82 54 28 23 93 89 42 8 36 28 58 88 42 2 74 61 5 71 18 2 4 92 73 66 5
26 15 87 85 22 86 82 80 4 95 66 38 80 83 88 83 71 79 69 36 90 41 58 4 3 71 30 66 17 66 68 70 55 41 98 67 89 48 51 94 0 49 29 20 6 48 54 17 28 80
4 71 61 38 80 19 9 59 82 51 82 83 31 51 39 88 14 4 39 81 28 15 22 82 3 62 8 84 55 26 99 48 48 95 54 96 17 92 69 54 4 77 2 13 16 17 40 43 66 96
30 40 93 69 13 18 17 99 64 7 66 61 9 85 22 74 22 83 73 69 85 9 22 2 1 89 78 21 57 13 99 12 10 99 35 14 62 81 94 0 97 33 76 55 60 3 57 3 51 16
5 92 83 65 84 92 22 92 30 34 77 8 92 29 3 32 32 72 17 93 62 15 38 65 98 53 81 70 69 95 95 27 61 82 65 58 26 9 85 66 40 54 81 68 0 33 48 51 79 21
74 70 82 34 45 83 24 6 30 62 22 75 23 38 17 96 26 33 15 91 7 44 70 77 72 33 59 25 50 27 0 60 84 4 83 42 15 63 36 71 85 9 54 94 55 96 15 39 5 40
25 3 15 10 18 48 97 63 15 43 28 69 46 61 57 95 39 84 60 47 95 20 35 82 10 14 65 61 47 50 61 57 77 7 82 7 21 64 63 44 45 39 24 71 69 11 2 42 75 66
66 58 63 36 25 8 80 39 10 96 64 69 84 36 41 65 45 38 40 43 63 5 44 29 27 16 22 5 50 64 11 80 35 74 76 11 45 88 29 65 6 80 17 32 68 22 13 75 85 62
36 62 44 10 75 2 86 67 26 67 61 41 41 51 53 46 82 18 59 28 37 28 54 29 34 45 16 55 88 31 33 89 87 53 4 44 31 60 2 37 59 60 93 88 82 39 86 23 31 84
63 96 95 57 35 0 24 88 0 5 52 50 52 41 42 79 54 98 24 84 14 21 37 25 79 88 13 70 43 15 37 64 9 85 14 27 13 83 16 14 33 16 28 15 74 18 37 98 0 62
80 65 32 9 92 86 89 87 11 70 89 91 33 12 9 8 13 74 85 53 66 41 73 6 24 71 35 42 35 75 41 3 1 41 52 65 44 79 90 34 42 25 17 78 69 73 80 49 26 46
63 27 75 42 57 58 82 19 67 43 54 64 19 28 70 57 83 58 89 79 36 66 81 84 24 88 15 18 20 34 49 67 30 99 70 84 54 2 5 10 94 39 65 56 64 61 57 63 4 18
96 79 45 48 72 91 27 5 33 4 78 20 78 55 57 11 8 79 34 65 96 42 69 27 26 25 44 63 71 47 60 97 49 10 75 5 12 64 22 65 66 7 88 10 57 74 9 98 27 83
46 62 7 75 51 20 25 5 6 53 74 69 19 19 46 45 0 49 12 97 48 18 99 7 71 12 21 69 25 99 85 54 29 53 64 21 35 98 56 85 89 95 89 44 4 43 0 82 29 42
27 95 15 56 97 97 92 61 65 1 49 26 66 30 68 93 58 81 34 38 55 38 50 69 49 0 84 28 7 11 93 22 23 78 40 65 7 92 18 87 13 23 78 15 12 80 91 20 33 60
22 43 12 90 85 72 49 27 31 44 98 75 99 52 96 62 17 17 16 8 73 36 56 17 35 47 53 20 54 12 23 64 16 47 17 92 17 11 44 22 99 80 54 88 22 17 87 21 76 12
