25 20
0 0 1 2 3 4 5 5 6 7 8 9 10 11 12 13 14 15 15 16 17 17 18 18 19 20 20 21 21 22 23 23 24 25 25 26 26 27 28 29 30 31 32 33 34 35 36 36 37 38
39 39 1 2 3 40 41 42 42 7 8 9 10 11 43 13 14 44 44 45 45 46 46 47 19 48 48 49 50 22 51 51 52 52 53 54 54 27 28 29 30 31 32 33 34 35 55 55 37 38
56 56 57 57 58 40 41 59 60 60 61 62 63 63 43 64 64 65 65 66 66 67 67 47 68 68 69 49 50 70 70 71 71 72 53 73 74 75 76 76 77 78 78 79 80 80 81 82 82 83
84 85 86 87 58 88 89 59 90 90 61 91 91 92 92 93 93 94 95 95 96 96 97 98 98 99 100 100 101 102 103 104 105 105 106 107 74 75 108 108 109 110 110 79 111 111 112 113 114 83
84 85 86 87 115 88 89 116 116 117 117 118 119 120 121 121 122 94 123 123 124 125 126 127 127 99 128 129 101 102 103 130 131 131 132 107 133 133 134 135 109 136 137 137 138 138 112 113 114 139
140 141 141 142 143 144 144 145 145 146 146 118 119 147 147 148 149 149 150 150 124 125 126 151 152 152 128 153 153 154 154 130 155 155 132 156 156 157 134 135 158 158 159 160 160 161 162 162 163 163
140 164 165 142 143 166 167 168 168 169 170 170 171 172 172 173 174 175 176 177 177 178 179 179 180 181 181 182 183 184 184 185 185 186 186 187 188 188 189 190 190 191 159 192 192 193 193 194 194 195
196 164 165 197 198 199 167 200 201 201 202 203 204 205 205 173 206 175 207 208 209 178 210 210 180 211 212 212 183 213 214 214 215 216 217 218 218 219 220 221 221 191 222 223 223 224 225 226 227 227
228 229 230 230 198 199 231 200 232 232 202 233 204 234 235 235 206 236 207 237 209 238 238 239 239 211 240 240 241 213 242 242 215 216 217 243 244 219 220 245 246 247 248 248 249 224 225 226 250 250
228 229 251 251 252 253 254 254 255 256 256 233 257 234 258 258 259 260 260 237 261 262 262 263 264 264 265 265 266 266 267 268 268 269 269 243 244 270 270 271 246 247 272 273 274 275 275 276 277 277
278 279 280 281 252 253 282 282 283 284 284 285 285 286 287 287 259 288 289 289 261 290 291 263 292 293 294 295 296 296 267 297 297 298 299 299 300 300 301 271 302 303 272 273 274 304 304 276 305 306
278 307 280 281 308 308 309 310 283 311 311 312 312 286 313 314 314 288 315 316 317 290 291 318 292 293 294 295 319 319 320 321 321 298 322 322 323 324 325 325 302 326 326 327 328 329 330 330 305 306
331 307 332 333 333 334 309 310 335 336 337 338 339 340 341 342 343 343 315 316 317 344 345 346 347 348 349 350 351 352 320 353 353 354 355 355 323 356 356 357 358 358 359 327 360 329 361 361 362 362
331 363 332 364 365 334 366 366 335 367 337 368 339 340 341 369 370 371 371 372 372 373 345 346 347 348 374 350 351 352 375 375 376 354 377 377 378 378 379 380 380 381 381 382 360 383 384 385 386 387
388 363 389 364 365 390 390 391 391 367 392 368 393 393 394 369 395 395 396 396 397 373 398 399 400 401 374 402 403 404 405 406 406 407 407 408 408 409 379 410 411 412 412 413 414 414 384 385 386 387
388 415 416 417 417 418 418 419 420 420 392 421 422 422 394 423 423 424 425 425 397 426 427 399 400 401 428 402 403 404 429 430 430 431 431 432 433 433 434 410 411 435 435 413 436 436 437 438 438 439
440 415 416 441 442 443 444 419 445 445 446 447 447 448 449 450 451 424 452 452 453 426 427 454 455 456 456 457 458 458 429 459 460 461 461 462 462 463 434 464 465 465 466 467 468 468 437 469 470 439
440 471 472 441 442 443 444 473 473 474 446 475 475 448 449 450 476 477 477 478 453 479 480 454 455 481 482 457 483 483 484 484 460 485 486 487 488 489 489 490 490 491 466 492 493 494 494 469 495 495
496 471 472 497 498 499 499 500 501 502 502 503 504 504 505 505 476 506 506 478 507 479 508 508 509 481 482 510 510 511 511 512 512 485 486 487 488 513 513 514 514 515 515 492 516 517 518 519 519 520
521 522 523 497 524 524 525 500 501 526 527 503 528 529 530 531 531 532 532 533 534 534 535 536 509 537 538 538 539 539 540 540 541 541 542 543 544 545 546 546 547 547 548 548 516 549 518 550 551 551
521 522 552 553 554 554 525 555 555 526 527 556 556 529 530 557 557 558 559 533 560 561 535 562 562 537 563 563 564 565 565 566 566 567 542 543 544 545 568 568 569 569 570 571 572 549 573 550 574 575
576 576 552 577 577 578 579 579 580 580 581 582 582 583 584 585 585 558 586 587 587 561 588 588 589 590 590 591 564 592 592 593 594 567 595 596 596 597 598 599 600 601 570 571 572 602 602 603 604 575
605 606 607 607 608 609 610 611 612 613 613 614 615 583 616 616 617 618 586 619 619 620 621 621 622 623 624 591 625 625 626 593 594 627 627 628 628 597 598 599 600 601 629 630 631 632 633 603 604 634
605 635 635 636 608 609 610 611 612 637 638 614 615 639 639 640 617 641 642 642 643 643 644 644 622 623 645 646 647 648 626 649 650 650 651 651 652 652 653 653 654 654 629 630 631 632 633 655 655 634
656 657 657 636 658 659 659 660 660 637 661 661 662 663 663 664 665 641 666 667 667 668 668 669 669 670 645 646 647 648 671 671 672 672 673 674 674 675 676 677 678 678 679 679 680 680 681 681 682 682
656 683 684 685 658 686 686 687 688 688 689 690 662 691 691 664 665 692 693 693 694 695 696 696 697 698 698 699 699 700 700 701 701 702 673 703 703 675 676 677 704 705 705 706 706 707 707 708 709 710
711 683 684 712 712 713 714 687 715 715 689 690 716 716 717 718 719 720 720 721 721 695 722 723 724 724 725 726 726 727 727 728 728 702 729 729 730 731 731 732 733 733 734 734 735 736 736 737 709 738
711 739 740 741 742 713 714 743 744 744 745 746 747 748 717 718 719 749 750 750 751 751 722 752 752 753 725 754 755 755 756 757 758 759 760 760 761 761 762 762 763 764 764 765 766 766 767 737 768 738
769 739 740 770 742 771 771 743 772 773 745 746 747 774 775 776 777 749 778 779 780 780 781 782 782 753 783 754 784 785 756 757 758 786 786 787 788 788 789 790 763 791 792 793 793 794 795 795 768 796
769 797 798 770 799 800 800 801 772 802 802 803 803 774 775 776 777 804 778 805 806 806 781 807 808 808 783 809 784 810 811 811 812 812 813 787 814 815 815 790 816 791 792 817 818 819 820 821 822 822
823 824 798 825 826 827 828 828 829 829 830 831 831 832 833 833 834 804 835 805 836 837 837 838 838 839 839 809 840 810 841 841 842 842 813 843 814 844 845 845 816 846 847 817 848 819 820 821 849 849
823 824 850 825 826 851 852 852 853 854 854 855 856 832 857 858 834 859 859 860 836 861 861 862 863 863 864 865 865 866 866 867 868 869 869 870 871 872 872 873 873 846 847 874 848 875 875 876 877 877
878 878 850 879 880 851 881 882 883 884 885 855 886 886 857 858 887 887 888 860 889 889 890 890 891 891 892 892 893 893 894 895 868 896 896 870 871 897 898 898 899 899 900 874 901 901 902 876 903 904
905 905 906 906 880 907 907 882 883 884 885 908 908 909 909 910 911 911 912 913 914 915 916 917 918 919 920 921 921 922 922 895 923 924 925 926 927 928 929 930 930 931 900 932 933 933 902 934 903 904
935 935 936 936 937 938 938 939 940 940 941 942 943 944 944 910 945 945 912 913 914 946 916 917 918 947 920 948 949 949 950 951 951 924 925 926 952 928 929 953 954 931 955 956 956 957 958 959 959 960
961 962 963 964 937 965 965 939 966 967 941 942 943 968 969 970 971 971 972 972 973 946 974 974 975 947 976 948 977 977 978 978 979 980 981 981 952 982 982 983 954 984 985 986 986 957 958 987 987 988
989 962 963 964 990 991 992 992 966 993 994 995 995 968 969 970 996 996 997 998 973 999 1000 1001 975 1002 1002 1003 1003 1004 1005 1006 1007 980 1008 1009 1009 1010 1010 983 1011 1011 985 1012 1013 1013 1014 1015 1015 988
989 1016 1017 1017 990 991 1018 1019 1019 993 1020 1020 1021 1021 1022 1023 1023 1024 997 998 1025 1025 1000 1001 1026 1026 1027 1027 1028 1004 1005 1029 1007 1030 1008 1031 1032 1033 1034 1035 1036 1036 1037 1038 1039 1039 1014 1040 1041 1041
1042 1016 1043 1043 1044 1044 1018 1045 1045 1046 1047 1047 1048 1048 1022 1049 1049 1024 1050 1051 1052 1052 1053 1053 1054 1055 1055 1056 1028 1057 1058 1029 1059 1060 1061 1031 1032 1033 1034 1035 1062 1062 1037 1038 1063 1064 1065 1040 1066 1066
1067 1068 1069 1070 1071 1072 1073 1074 1074 1046 1075 1075 1076 1077 1077 1078 1078 1079 1079 1051 1080 1081 1082 1082 1054 1083 1084 1056 1085 1057 1086 1086 1087 1060 1061 1088 1089 1089 1090 1090 1091 1092 1093 1094 1094 1064 1065 1095 1095 1096
1067 1068 1069 1070 1071 1072 1097 1097 1098 1098 1099 1100 1076 1101 1101 1102 1103 1104 1105 1106 1080 1081 1107 1107 1108 1083 1084 1109 1085 1110 1110 1111 1087 1112 1113 1088 1114 1114 1115 1116 1091 1117 1093 1118 1119 1119 1120 1121 1121 1096
1122 1123 1123 1124 1125 1126 1127 1128 1128 1129 1099 1130 1130 1131 1131 1102 1132 1104 1105 1106 1133 1134 1134 1135 1108 1136 1136 1109 1137 1138 1138 1111 1139 1139 1113 1140 1141 1141 1115 1116 1142 1117 1143 1144 1145 1146 1120 1147 1147 1148
1122 1149 1150 1151 1125 1126 1127 1152 1152 1153 1153 1154 1154 1155 1156 1156 1132 1157 1158 1158 1159 1159 1160 1135 1161 1161 1162 1163 1137 1164 1164 1165 1166 1167 1167 1168 1169 1170 1170 1171 1171 1172 1143 1144 1145 1146 1173 1174 1174 1175
1176 1177 1150 1151 1178 1178 1179 1180 1180 1181 1181 1182 1182 1155 1183 1184 1184 1157 1185 1186 1187 1187 1160 1188 1189 1190 1162 1163 1191 1192 1193 1165 1166 1194 1194 1168 1169 1195 1196 1196 1197 1198 1199 1200 1201 1202 1173 1203 1203 1175
1176 1177 1204 1204 1205 1206 1179 1207 1208 1208 1209 1209 1210 1210 1211 1211 1212 1212 1185 1186 1213 1214 1215 1188 1189 1190 1216 1216 1191 1192 1193 1217 1218 1218 1219 1220 1220 1195 1221 1221 1197 1198 1199 1200 1201 1202 1222 1222 1223 1223
1224 1225 1226 1226 1205 1227 1227 1207 1228 1228 1229 1230 1231 1231 1232 1233 1234 1235 1236 1236 1213 1214 1215 1237 1237 1238 1238 1239 1240 1241 1242 1242 1243 1244 1245 1246 1247 1248 1248 1249 1250 1250 1251 1251 1252 1252 1253 1253 1254 1255
1224 1225 1256 1257 1258 1259 1259 1260 1260 1261 1229 1262 1262 1263 1263 1233 1234 1264 1264 1265 1266 1266 1267 1268 1268 1269 1270 1271 1240 1272 1272 1273 1243 1244 1245 1246 1247 1274 1275 1249 1276 1277 1277 1278 1278 1279 1280 1281 1254 1282
1283 1284 1256 1257 1258 1285 1285 1286 1286 1287 1287 1288 1288 1289 1289 1290 1291 1292 1292 1265 1293 1293 1267 1294 1295 1269 1270 1271 1296 1297 1298 1299 1299 1300 1300 1301 1302 1274 1275 1303 1304 1305 1306 1306 1307 1279 1280 1281 1308 1282
1283 1284 1309 1309 1310 1311 1311 1312 1313 1314 1315 1315 1316 1317 1317 1290 1318 1319 1320 1321 1322 1322 1323 1324 1295 1325 1325 1326 1327 1297 1328 1328 1329 1330 1331 1332 1302 1333 1334 1334 1304 1305 1335 1336 1307 1337 1337 1338 1308 1339
1340 1340 1341 1341 1310 1342 1343 1343 1313 1314 1344 1344 1345 1345 1346 1346 1318 1319 1320 1321 1347 1347 1323 1324 1348 1348 1349 1349 1327 1350 1350 1351 1351 1330 1331 1332 1352 1333 1353 1353 1354 1354 1335 1336 1355 1355 1356 1356 1357 1357
75 12 24 83 88 4 63 67 83 60 71 98 50 76 36 4 56 95 49 93 59 22 1 75 80 17 63 91 67 36 31 60 48 88 33 64 23 95 59 35 26 10 94 12 81 55 33 44 15 91
79 5 97 2 63 48 94 66 86 69 84 6 35 69 25 40 98 69 74 5 58 78 94 10 83 38 50 5 65 42 9 39 45 65 94 27 40 23 42 68 50 16 92 28 92 66 0 49 91 0
53 59 14 32 52 10 51 98 65 30 61 9 64 85 48 51 5 12 66 31 3 18 62 74 67 40 45 82 66 25 13 64 81 99 86 31 85 87 80 5 0 48 33 88 38 96 4 36 50 13
36 96 99 37 73 70 60 38 58 12 63 53 64 4 27 26 10 79 41 45 78 15 9 67 85 12 76 68 9 27 79 62 77 73 68 43 80 2 22 77 90 49 41 66 84 18 82 88 81 21
81 34 35 63 61 32 42 41 76 55 45 3 15 55 14 90 83 39 56 26 52 63 71 3 97 29 47 58 99 41 6 41 70 88 76 29 62 88 85 78 17 98 57 91 13 81 70 34 44 31
74 66 76 97 30 37 84 48 95 35 98 3 92 40 22 35 52 28 67 17 88 99 64 95 19 23 4 35 31 99 74 28 64 27 88 6 63 16 47 75 20 11 70 78 48 73 94 28 29 10
92 28 93 59 86 14 82 52 67 32 25 8 12 62 64 54 81 34 45 60 67 65 45 77 29 28 86 20 0 28 11 6 74 74 36 76 11 14 21 98 56 9 69 51 44 0 81 12 73 38
54 25 57 59 68 91 56 45 90 3 32 44 76 17 5 10 51 51 40 26 60 47 58 43 63 35 88 85 42 47 43 92 79 66 88 53 66 91 21 6 38 82 95 30 2 58 57 88 97 30
86 49 79 5 8 68 23 72 18 91 26 88 5 54 73 25 35 68 21 57 24 73 32 15 95 96 34 44 81 83 33 50 94 11 43 84 27 41 86 54 24 53 86 99 27 73 97 75 80 42
84 47 19 93 4 25 11 70 48 97 16 22 12 8 97 6 30 68 28 52 85 23 44 70 3 63 91 7 48 72 41 20 61 13 1 94 73 76 43 41 92 7 64 97 21 39 62 27 2 44
60 58 10 53 65 53 98 8 69 33 69 42 5 73 94 90 53 64 97 85 13 23 80 11 2 96 13 42 79 47 86 79 13 66 22 82 96 93 19 18 76 15 94 34 50 51 65 94 17 94
33 61 47 48 69 9 54 68 14 87 75 47 14 58 4 85 25 57 30 64 35 62 23 71 48 16 4 92 21 85 33 91 28 70 47 87 24 15 33 8 97 24 79 78 65 19 70 0 75 59
66 87 69 8 26 36 72 28 90 39 81 92 0 44 72 58 96 89 20 68 16 21 27 41 36 44 16 32 64 14 44 23 40 78 51 67 75 30 95 12 98 59 20 39 21 21 6 63 25 97
67 70 38 40 87 76 71 83 92 8 86 92 26 23 8 74 80 87 24 88 26 56 73 11 95 75 52 2 63 22 16 13 73 80 24 98 18 97 66 31 49 77 10 12 66 47 20 42 40 21
60 40 49 67 26 18 58 54 0 87 40 37 62 68 91 39 86 78 54 41 3 70 68 92 15 34 83 74 89 4 7 71 68 84 66 29 21 44 48 92 17 54 13 61 25 0 91 62 34 84
48 41 71 58 37 30 30 22 38 52 86 49 83 64 9 62 74 24 33 97 76 53 95 96 20 16 70 30 67 28 93 53 43 50 19 11 25 13 83 21 53 20 17 46 52 61 80 62 96 66
25 9 66 5 75 58 46 27 75 21 48 97 66 3 82 61 32 9 54 78 72 91 27 14 86 74 60 62 78 56 45 16 27 19 59 82 9 77 97 85 86 44 95 44 83 95 82 7 92 60
67 17 59 34 17 48 85 14 69 79 75 9 68 14 27 26 92 94 91 39 23 21 71 84 19 43 83 8 54 12 78 46 12 88 37 8 10 8 99 48 43 95 58 45 95 22 26 95 59 24
14 59 38 28 63 64 45 23 39 36 22 50 85 34 88 76 83 6 28 18 30 95 98 5 4 49 27 46 93 3 4 14 82 55 20 60 26 22 71 5 1 90 83 70 76 22 65 5 58 75
72 46 15 45 25 34 7 49 44 23 21 22 55 58 85 78 6 96 23 6 18 46 48 28 56 53 68 78 80 44 51 54 74 34 60 29 14 72 50 24 78 83 23 28 94 8 90 22 17 26
12 66 48 11 87 64 70 37 21 30 17 21 19 4 85 81 41 82 9 41 32 25 50 10 22 31 56 14 22 65 60 78 38 3 71 46 66 35 91 20 72 29 41 15 96 78 41 41 77 42
71 62 87 61 58 61 43 2 31 30 68 51 35 92 50 40 53 62 55 20 93 32 40 25 76 73 61 10 9 43 88 77 13 81 35 57 78 23 78 60 2 39 41 46 21 0 67 63 62 49
47 37 21 3 6 89 86 74 28 36 47 4 36 63 4 26 48 20 19 88 1 50 13 77 91 42 7 56 35 19 81 64 10 12 85 72 29 63 90 61 95 52 84 71 33 85 36 7 45 66
9 96 67 89 83 85 96 96 61 84 7 49 18 61 36 81 26 61 81 20 54 98 38 47 25 1 27 38 82 43 48 59 93 35 63 95 35 51 2 19 0 14 48 54 66 41 38 55 87 60
20 2 93 37 12 46 27 44 8 1 85 50 47 35 94 66 57 65 78 99 12 35 10 79 2 53 80 64 30 84 1 12 4 66 53 55 30 1 34 72 65 96 15 79 89 94 65 15 73 23
74 10 83 9 24 8 4 38 30 35 36 10 18 2 36 45 53 89 74 61 71 39 67 13 56 31 96 92 79 71 18 97 39 68 38 83 36 73 97 53 67 74 96 65 1 24 45 93 54 10
50 3 30 68 40 81 75 27 52 57 10 34 1 89 86 14 31 97 93 29 96 82 23 2 25 59 88 39 13 73 56 49 24 80 89 24 72 89 47 42 63 40 66 64 50 50 22 71 92 97
69 80 25 52 29 35 29 79 71 35 33 56 65 50 45 20 10 67 80 57 49 3 96 18 18 40 98 3 13 54 41 42 98 41 88 83 58 42 16 7 61 93 3 45 48 11 31 71 33 70
47 3 94 38 5 11 99 18 79 4 23 78 18 71 14 91 19 15 23 80 1 46 19 40 95 17 89 16 29 81 48 52 48 76 79 85 32 89 94 77 48 36 75 70 48 23 45 59 90 82
6 37 56 32 10 12 2 6 51 52 29 11 78 64 38 50 26 42 12 21 10 2 74 62 35 6 13 12 77 84 80 37 23 81 71 83 3 41 18 27 18 78 51 57 21 21 18 11 64 97
42 99 39 19 41 90 9 24 17 86 94 32 79 96 87 97 57 83 74 62 30 29 46 53 10 59 52 67 82 54 46 42 53 92 10 36 46 63 24 4 91 73 1 57 2 45 26 29 45 86
78 22 35 52 3 82 73 38 64 36 58 31 70 57 58 70 27 81 57 0 18 50 56 59 68 54 10 31 37 64 37 48 23 22 78 98 34 10 13 70 77 57 20 41 87 44 24 48 86 78
16 59 98 22 14 99 59 14 92 14 46 39 21 80 41 85 45 3 84 77 17 86 91 95 62 3 24 81 12 74 31 73 68 41 5 0 0 51 85 94 55 15 54 47 85 49 17 69 6 36
59 79 0 61 37 66 89 18 27 28 59 71 19 6 66 23 46 92 37 70 42 21 18 82 21 33 82 28 57 26 71 65 59 26 20 25 8 9 82 75 56 5 56 4 31 64 60 10 77 45
79 29 29 78 38 37 32 18 2 36 49 87 58 91 78 3 32 17 17 29 67 88 66 52 77 25 35 17 26 48 25 56 53 96 70 87 33 6 76 83 39 56 94 44 92 7 21 96 54 2
72 87 34 58 2 15 3 51 81 6 64 26 3 86 3 14 53 25 8 38 78 21 38 47 42 31 38 59 11 80 62 57 18 96 43 88 98 41 46 27 53 27 26 97 44 99 83 55 35 37
42 16 6 70 89 76 59 88 22 52 18 37 3 33 94 76 62 19 82 19 50 74 83 83 3 21 26 55 30 8 23 12 97 64 15 90 77 30 1 20 89 77 59 57 60 75 59 46 80 72
40 39 79 68 95 68 54 48 35 40 43 46 0 48 59 23 36 40 38 61 61 58 6 32 46 56 4 2 36 0 30 44 77 77 80 74 97 47 44 89 6 72 42 94 6 21 72 9 11 27
25 87 4 28 54 99 29 21 32 83 33 18 67 87 12 87 10 24 67 20 55 26 85 82 80 50 20 58 56 92 16 62 22 21 50 83 49 97 68 70 57 70 72 95 73 23 49 13 11 63
51 62 20 67 52 90 17 81 57 7 44 78 58 32 3 44 54 28 46 4 43 26 8 67 11 43 4 48 82 7 44 88 4 34 1 57 71 7 24 41 14 3 59 30 27 23 42 46 2 74
85 35 55 87 48 83 17 98 51 66 17 14 86 71 22 58 2 4 47 54 35 53 17 60 57 78 51 20 85 85 95 75 80 20 13 54 46 94 25 61 37 18 67 7 20 93 91 60 10 69
42 57 52 19 1 38 92 18 19 74 21 98 38 16 70 99 70 51 66 99 22 7 42 27 38 70 71 75 66 91 73 91 94 64 48 94 24 0 25 90 88 18 85 28 76 10 73 93 50 79
25 26 35 38 77 8 82 80 28 77 9 55 14 17 45 89 32 92 15 68 16 93 21 76 22 61 69 68 91 69 49 99 41 60 98 68 47 91 27 93 2 36 54 49 67 13 36 9 10 74
76 68 10 9 90 41 47 80 7 40 22 18 17 80 6 81 18 97 22 34 91 37 52 16 5 18 62 4 7 99 71 49 10 61 36 93 33 16 21 34 19 48 32 7 4 23 43 56 48 75
0 1 75 76 33 34 39 86 74 48 88 92 49 76 14 21 41 15 47 22 77 49 28 85 99 23 57 57 75 51 42 8 4 15 62 72 75 26 15 82 90 28 41 58 31 76 69 49 8 34
3 69 49 9 53 35 20 89 73 11 0 45 82 56 39 11 91 97 33 13 65 6 47 6 10 35 64 17 88 30 56 86 78 59 96 48 47 67 88 89 53 75 56 55 36 85 15 49 4 91
81 12 18 35 40 61 35 57 59 26 58 88 36 64 49 31 16 41 87 76 51 25 99 66 21 91 22 26 9 23 24 70 97 79 44 90 74 47 18 52 2 33 45 16 16 71 3 57 37 38
69 0 54 26 28 73 79 28 76 45 45 42 61 94 63 75 60 85 12 16 77 85 55 42 62 65 74 48 20 62 65 57 47 78 49 29 21 73 99 9 61 76 26 96 43 64 58 76 57 17
45 13 46 53 65 69 3 50 42 77 19 87 44 84 19 28 78 7 77 59 97 23 13 7 93 13 57 39 73 17 61 54 19 6 27 75 85 46 84 33 20 77 4 31 59 57 91 93 89 78
59 22 92 42 52 38 14 79 68 84 73 45 78 44 86 19 19 92 98 53 72 91 41 58 48 46 22 75 68 4 99 0 71 28 61 4 33 76 37 78 75 6 34 7 19 89 41 64 15 80
