28 14
0 1 2 2 3 3 4 4 5 5 6 7 8 9 10 11 11 12 12 13 13 14 15 15 16 17 17 18 19 20 20 21 22 22 23 24 25 26 27 27 28 29 30 31 32 33 34 35 36 36
0 37 38 39 39 40 41 41 42 43 6 7 44 9 45 46 47 48 49 50 51 14 52 53 53 54 54 18 19 55 56 21 57 58 23 59 25 26 60 60 28 29 61 31 32 33 34 35 62 63
64 37 65 65 66 40 67 68 68 43 69 70 44 71 45 46 47 72 49 50 51 73 73 74 75 76 77 78 78 55 56 79 79 58 80 59 81 81 82 82 83 84 61 85 85 86 87 87 62 63
88 88 89 89 66 90 67 91 91 92 69 93 93 94 94 95 96 72 97 97 98 98 99 74 75 76 100 101 102 103 104 104 105 106 106 107 107 108 108 109 83 110 111 111 112 113 113 114 114 115
116 116 117 117 118 90 119 120 121 92 122 123 124 124 125 95 96 126 127 128 128 129 99 130 131 132 100 101 102 103 133 133 105 134 134 135 136 137 138 139 139 110 140 141 141 142 142 143 144 145
146 147 147 148 149 150 119 120 121 151 151 123 152 152 125 153 154 154 127 155 156 157 158 130 131 159 160 161 162 162 163 164 164 165 166 135 136 137 167 167 168 168 169 169 170 171 172 172 144 145
146 173 173 148 149 174 174 175 176 177 178 179 180 181 181 153 182 183 184 185 156 157 158 186 186 159 160 161 187 187 163 188 188 165 166 189 189 190 190 191 191 192 193 194 195 171 196 196 197 197
198 198 199 200 201 202 202 175 176 177 178 179 180 203 204 205 182 183 184 185 206 207 208 209 210 210 211 212 212 213 213 214 215 216 217 218 219 219 220 220 221 192 193 222 195 223 224 225 226 227
228 229 199 200 230 230 231 231 232 232 233 234 234 203 204 205 235 235 236 237 206 207 208 238 238 239 211 240 241 241 242 214 215 243 217 218 244 244 245 245 221 246 246 222 247 223 248 225 226 249
228 229 250 250 251 252 252 253 254 254 255 256 257 257 258 259 259 260 236 237 261 261 262 262 263 239 264 240 265 265 242 266 266 243 267 268 269 270 271 271 272 272 273 274 247 275 248 276 277 249
278 279 279 280 251 281 281 253 282 282 255 283 283 284 258 285 285 260 286 286 287 288 289 289 263 290 290 291 291 292 293 293 294 294 267 268 269 295 296 296 297 297 273 274 298 298 299 299 277 300
278 301 301 280 302 302 303 304 304 305 305 306 307 307 308 309 309 310 310 311 287 312 312 313 313 314 314 315 315 292 316 317 318 319 319 320 320 295 321 321 322 322 323 324 325 326 327 327 328 300
329 329 330 331 331 332 333 333 334 334 335 306 336 336 337 337 338 338 339 311 340 341 341 342 343 343 344 344 345 345 316 317 346 347 348 349 350 350 351 352 353 353 323 324 325 326 354 355 356 357
358 358 359 360 361 332 362 363 363 364 335 365 366 367 368 368 369 369 370 370 371 371 372 342 373 374 375 375 376 376 377 377 346 347 348 349 378 379 351 352 380 381 382 383 384 385 385 355 356 357
386 386 359 360 387 387 362 388 389 364 390 390 366 367 391 392 393 394 395 396 396 397 372 398 373 374 399 399 400 400 401 401 402 402 403 403 378 404 404 405 380 381 382 383 384 406 407 407 408 409
410 410 411 412 413 414 414 388 415 416 416 417 418 418 391 392 393 394 395 419 419 397 420 398 421 422 423 423 424 424 425 425 426 427 428 428 429 429 430 431 432 432 433 434 435 406 436 437 408 438
439 439 411 412 440 441 441 442 415 443 443 444 445 445 446 447 448 448 449 450 451 451 452 453 454 422 455 456 456 457 457 458 426 427 459 459 460 461 430 431 462 462 433 434 435 463 436 464 464 438
465 466 466 467 440 468 468 442 469 470 470 444 471 472 473 447 474 475 476 450 477 477 452 453 454 478 478 479 480 481 482 482 483 483 484 485 485 461 486 487 488 488 489 490 490 463 491 492 493 494
495 496 497 467 498 498 499 499 469 500 500 501 471 472 473 502 474 475 476 503 504 505 506 506 507 507 508 479 480 509 510 511 512 512 484 513 513 514 486 487 515 516 516 517 518 518 491 519 493 494
495 496 497 520 521 522 522 523 523 524 524 501 525 525 526 527 528 529 530 503 504 531 531 532 533 533 534 535 535 509 510 511 536 536 537 538 538 514 539 539 515 540 540 541 541 542 543 519 544 545
546 547 548 548 521 549 550 550 551 551 552 552 553 553 526 527 528 529 530 554 555 555 556 557 557 558 534 559 560 561 561 562 562 563 537 564 564 565 565 566 567 567 568 569 570 542 571 572 544 545
546 547 573 574 575 549 576 576 577 578 578 579 579 580 581 581 582 582 583 554 584 584 556 585 585 558 586 559 587 587 588 589 590 590 591 592 592 593 593 594 595 595 568 596 570 597 571 572 598 598
599 599 573 574 575 600 601 601 577 602 602 603 604 605 606 607 608 609 583 610 611 611 612 613 614 615 586 616 617 617 588 589 618 618 591 619 620 620 621 594 622 622 623 596 624 624 625 625 626 626
627 627 628 629 630 631 631 632 633 634 634 603 604 605 606 607 608 609 635 635 636 637 637 613 614 615 638 638 639 639 640 640 641 642 643 619 644 645 645 646 647 648 623 649 649 650 650 651 651 652
653 653 628 629 630 654 655 656 633 657 658 659 660 661 662 663 663 664 664 665 636 666 666 667 667 668 668 669 670 671 671 672 641 642 643 673 674 675 675 646 647 648 676 677 677 678 678 679 679 680
681 682 682 683 683 684 655 656 685 685 658 659 660 661 686 686 687 688 689 665 690 690 691 692 692 693 693 669 670 694 695 695 696 697 698 673 674 699 700 701 701 702 676 703 704 705 706 707 708 680
681 709 710 710 711 684 712 712 713 714 714 715 716 717 717 718 718 688 719 720 721 722 723 723 724 725 725 726 726 727 728 728 696 697 698 729 730 699 700 731 732 733 733 703 704 734 706 735 708 736
737 709 738 739 739 740 740 741 741 742 743 715 716 744 744 745 745 746 719 747 721 722 748 748 724 749 749 750 751 727 752 753 753 754 755 755 730 756 757 731 732 758 759 759 760 734 761 735 762 762
737 763 738 764 764 765 766 767 767 768 743 769 769 770 770 771 772 746 773 747 774 775 775 776 777 778 778 750 751 779 752 780 781 781 782 783 784 785 757 786 786 758 787 787 788 788 761 789 790 790
791 792 793 794 794 795 766 796 796 768 797 797 798 799 800 771 772 801 802 803 804 804 805 806 777 807 807 808 809 810 810 811 812 812 782 813 784 785 814 815 815 816 817 817 818 819 819 820 820 821
791 792 822 823 823 795 824 825 826 826 827 827 798 799 828 828 829 829 802 803 830 831 832 806 833 834 834 808 809 835 835 811 836 836 837 813 838 839 814 840 841 816 842 842 843 844 845 846 847 848
849 849 822 850 851 851 824 825 852 853 853 854 854 855 856 857 858 858 859 860 860 831 832 861 862 863 863 864 864 865 865 866 866 867 868 869 869 839 870 871 841 872 873 873 843 844 845 846 847 848
874 875 876 850 877 878 878 879 879 880 881 882 882 855 856 857 883 883 859 884 884 885 886 886 862 887 887 888 888 889 889 890 891 867 868 892 893 894 894 871 895 872 896 897 897 898 899 900 901 901
874 875 902 903 877 904 904 905 905 880 881 906 907 907 908 909 910 910 911 911 912 885 913 913 914 914 915 916 916 917 918 890 891 919 920 892 893 921 921 922 895 923 896 924 924 925 899 926 927 927
928 929 902 930 930 931 931 932 933 933 934 906 935 936 936 909 937 937 938 939 912 940 940 941 941 942 915 943 943 917 944 945 945 919 920 946 947 948 948 922 949 949 950 951 952 925 953 926 954 954
955 929 956 956 957 958 958 932 959 959 960 960 935 961 962 963 963 964 964 939 965 966 966 967 968 942 969 969 970 970 944 971 971 972 972 946 947 973 974 975 975 976 950 951 952 977 977 978 979 979
955 980 981 982 983 983 984 984 985 985 986 986 987 987 962 988 988 989 989 990 965 991 991 967 968 992 993 994 995 995 996 997 997 998 998 999 999 973 974 1000 1001 976 1002 1003 1004 1005 1005 978 1006 1007
1008 980 981 982 1009 1010 1010 1011 1011 1012 1012 1013 1014 1014 1015 1016 1017 1018 1019 1019 1020 1021 1021 1022 1022 992 993 994 1023 1024 1025 1026 1027 1027 1028 1029 1029 1030 1030 1000 1001 1031 1002 1032 1004 1033 1033 1034 1006 1007
1035 1035 1036 1036 1037 1037 1038 1038 1039 1040 1041 1013 1042 1043 1015 1016 1017 1044 1045 1045 1046 1047 1048 1049 1050 1051 1052 1052 1023 1024 1025 1026 1053 1053 1054 1055 1055 1056 1056 1057 1058 1031 1059 1032 1060 1060 1061 1061 1062 1062
1063 1063 1064 1064 1065 1066 1066 1067 1039 1040 1041 1068 1069 1043 1070 1071 1071 1044 1072 1072 1046 1047 1048 1073 1050 1051 1074 1075 1076 1077 1078 1078 1079 1080 1054 1081 1081 1082 1083 1057 1058 1084 1059 1085 1086 1087 1088 1089 1089 1090
1091 1092 1092 1093 1094 1094 1095 1067 1096 1097 1097 1068 1069 1098 1070 1099 1099 1100 1100 1101 1102 1102 1103 1073 1104 1104 1074 1075 1076 1077 1105 1106 1079 1080 1107 1108 1109 1082 1083 1110 1111 1111 1112 1085 1086 1087 1088 1113 1113 1090
1091 1114 1115 1115 1116 1117 1095 1118 1096 1119 1119 1120 1121 1098 1122 1123 1123 1124 1125 1126 1126 1127 1103 1128 1128 1129 1130 1131 1132 1132 1105 1106 1133 1134 1134 1108 1135 1135 1136 1136 1137 1137 1112 1138 1138 1139 1139 1140 1141 1142
1143 1114 1144 1144 1116 1117 1145 1146 1147 1148 1148 1120 1121 1149 1149 1150 1150 1124 1125 1151 1152 1152 1153 1153 1154 1129 1130 1131 1155 1156 1156 1157 1133 1158 1158 1159 1160 1160 1161 1161 1162 1163 1164 1164 1165 1166 1166 1167 1141 1142
1143 1168 1169 1169 1170 1170 1145 1146 1171 1172 1172 1173 1174 1175 1175 1176 1176 1177 1178 1151 1179 1180 1181 1181 1154 1182 1182 1183 1183 1184 1185 1157 1186 1187 1188 1159 1189 1189 1190 1190 1162 1163 1191 1191 1192 1193 1193 1167 1194 1194
1195 1168 1196 1197 1197 1198 1199 1199 1171 1200 1200 1173 1201 1202 1203 1204 1205 1177 1178 1206 1179 1180 1207 1207 1208 1208 1209 1209 1210 1210 1185 1211 1186 1187 1188 1212 1212 1213 1214 1214 1215 1216 1216 1217 1192 1218 1218 1219 1219 1220
1195 1221 1196 1222 1223 1224 1224 1225 1225 1226 1227 1228 1201 1202 1203 1204 1205 1229 1230 1206 1231 1231 1232 1233 1233 1234 1235 1236 1236 1237 1238 1211 1239 1239 1240 1241 1242 1242 1243 1244 1215 1245 1245 1246 1247 1247 1248 1249 1250 1250
1251 1221 1252 1222 1223 1253 1254 1254 1255 1226 1227 1228 1256 1257 1257 1258 1258 1229 1259 1260 1261 1262 1262 1263 1263 1234 1264 1265 1265 1237 1238 1266 1267 1268 1240 1241 1269 1269 1243 1244 1270 1271 1271 1246 1272 1273 1248 1249 1274 1275
1251 1276 1252 1277 1278 1278 1279 1280 1255 1281 1282 1283 1284 1284 1285 1286 1286 1287 1259 1260 1261 1288 1288 1289 1289 1290 1264 1291 1292 1293 1293 1266 1267 1294 1294 1295 1295 1296 1297 1297 1270 1298 1299 1299 1272 1273 1300 1301 1274 1275
1302 1303 1304 1277 1305 1305 1279 1306 1306 1281 1282 1283 1307 1308 1285 1309 1310 1287 1311 1312 1313 1313 1314 1315 1316 1290 1317 1291 1292 1318 1319 1319 1320 1321 1321 1322 1323 1324 1324 1325 1325 1298 1326 1326 1327 1327 1300 1301 1328 1328
1302 1303 1304 1329 1329 1330 1330 1331 1331 1332 1332 1333 1333 1308 1334 1334 1310 1335 1311 1312 1336 1336 1314 1315 1316 1337 1317 1338 1338 1318 1339 1339 1320 1340 1340 1322 1323 1341 1341 1342 1343 1343 1344 1344 1345 1345 1346 1346 1347 1347
43 57 39 17 98 98 44 41 84 69 61 13 63 34 76 68 83 25 81 84 93 50 46 53 64 53 63 75 58 81 5 96 34 72 75 33 17 52 53 97 80 46 89 10 97 25 81 25 40 96
11 42 72 25 81 0 63 58 6 41 11 60 42 57 31 96 83 51 24 56 97 98 46 61 92 20 59 23 51 19 33 38 13 27 38 35 91 93 90 24 77 77 40 27 15 80 50 56 67 17
86 52 49 42 73 50 89 85 28 65 68 1 31 79 28 65 13 16 70 56 73 13 6 32 5 40 55 61 56 55 22 96 84 27 23 60 69 21 39 11 77 28 20 56 28 73 99 75 10 8
15 10 21 50 22 18 5 14 44 70 56 61 10 36 80 83 39 66 91 5 11 47 79 86 46 61 25 99 75 66 23 71 34 3 36 78 11 37 81 98 78 53 1 13 81 47 85 35 57 23
98 56 5 34 46 80 95 75 52 9 27 93 32 84 14 41 75 45 99 86 8 83 30 87 7 83 47 43 74 23 21 71 41 42 5 60 0 26 49 3 28 6 63 49 92 2 33 33 49 70
23 37 84 92 43 36 84 6 91 99 1 16 63 40 16 93 56 22 53 24 36 92 33 14 70 88 37 61 58 9 79 63 58 81 12 65 79 92 46 24 84 95 55 97 43 61 12 31 7 44
5 86 81 99 36 42 33 6 12 44 10 31 46 19 91 40 66 97 8 11 80 48 3 67 56 93 36 90 41 78 47 89 55 78 66 23 13 90 48 57 95 16 12 87 60 22 92 28 43 65
61 16 83 23 37 73 78 28 60 40 73 24 7 26 70 31 34 7 80 68 56 87 6 73 78 91 20 12 66 28 28 0 22 10 36 15 11 73 71 69 46 4 8 5 69 93 88 32 23 33
38 18 1 6 35 3 36 69 35 37 49 95 39 73 82 87 44 7 53 22 5 29 87 9 64 88 8 49 25 95 83 64 86 94 41 61 57 1 78 58 76 75 93 36 81 81 10 14 10 81
57 23 12 21 1 63 44 48 32 46 21 82 49 29 40 19 37 79 54 47 55 56 91 62 27 89 92 35 67 38 91 59 69 63 12 81 54 58 86 55 73 61 77 94 20 69 49 1 44 80
24 42 89 17 82 29 44 69 18 21 35 19 11 53 69 79 32 88 54 15 61 46 8 28 58 60 6 43 84 9 14 83 98 96 42 70 40 78 13 27 41 91 2 56 17 79 13 82 29 39
73 77 18 32 6 39 97 69 95 19 86 96 96 69 78 62 72 60 12 6 69 13 76 71 7 80 22 47 86 45 82 79 40 63 55 55 31 63 66 23 66 41 77 73 29 33 14 63 10 2
95 55 86 49 52 10 1 0 30 53 89 81 73 42 57 47 20 25 17 93 17 58 76 72 8 88 63 11 64 26 13 37 12 0 69 45 15 96 55 6 25 37 20 79 55 77 13 82 97 77
30 36 90 73 40 3 17 49 26 71 21 38 81 67 27 94 26 74 9 88 10 54 87 7 58 32 56 14 29 45 51 42 39 21 77 93 77 12 3 12 26 71 29 75 90 1 78 71 88 41
35 89 80 69 12 72 7 96 20 17 1 40 24 70 54 54 77 98 59 65 65 41 57 46 72 46 44 16 20 78 19 24 14 61 33 8 38 6 95 5 14 50 35 56 17 50 75 76 76 27
86 34 50 91 8 73 5 22 90 25 89 14 47 39 60 84 80 95 5 74 76 61 82 38 65 39 44 68 13 78 76 8 70 43 80 64 21 60 27 43 49 50 89 77 15 30 86 82 47 23
95 1 26 92 30 32 7 41 14 12 5 32 77 38 14 84 53 29 12 98 89 24 68 55 74 24 21 26 75 32 36 49 95 25 86 97 76 96 78 74 23 38 15 17 86 20 29 72 55 89
86 66 99 41 70 99 69 5 90 14 1 76 23 30 76 65 68 55 69 7 29 20 71 70 65 90 49 7 35 38 69 96 90 16 20 82 11 91 39 8 17 87 19 39 78 22 20 30 24 44
81 80 5 5 30 55 15 29 42 15 29 92 54 13 53 2 62 59 17 75 88 35 29 14 86 23 27 51 67 97 10 34 89 36 95 67 25 86 8 66 22 38 3 23 38 53 80 54 38 73
45 58 10 27 82 25 84 1 67 38 43 96 28 72 20 45 50 8 0 47 44 17 72 60 58 66 35 3 78 20 63 72 85 3 53 92 20 34 31 95 77 83 15 61 87 54 79 63 84 95
98 89 81 70 23 93 8 87 59 37 88 50 90 24 20 50 93 76 22 49 60 32 50 67 10 57 19 80 8 64 65 4 9 81 38 71 72 18 39 84 80 74 53 15 92 23 71 14 75 89
31 59 89 99 38 87 28 61 5 3 0 39 34 87 76 61 50 39 74 64 1 13 21 5 38 39 59 21 80 77 49 75 50 94 81 47 59 41 82 23 48 11 68 9 16 18 80 80 16 10
36 74 94 48 6 63 49 57 64 25 30 49 83 46 30 34 33 91 42 17 52 5 92 57 34 67 22 65 30 6 76 76 13 58 82 34 18 24 94 56 47 20 23 15 89 88 90 15 52 35
37 31 46 23 57 47 71 69 65 7 10 27 66 57 37 94 1 67 76 34 2 18 69 81 99 43 64 31 53 21 24 77 19 51 0 86 67 71 67 37 15 46 77 79 90 16 99 73 42 0
26 44 36 93 50 8 52 39 56 67 97 18 13 49 30 60 99 26 82 97 93 8 75 24 28 51 98 82 27 17 13 93 70 89 64 31 93 58 52 10 3 17 41 22 7 90 20 52 90 66
76 14 34 24 63 49 87 44 47 98 12 30 91 62 26 55 80 41 84 50 66 74 90 65 7 80 96 34 95 13 7 57 62 70 2 68 79 22 32 13 72 23 68 53 12 80 76 43 70 84
34 5 81 32 17 67 74 35 96 39 76 29 43 46 81 88 46 48 91 48 18 0 45 62 70 30 71 45 29 10 6 35 98 91 49 67 38 98 95 54 0 73 66 33 68 9 33 90 80 81
80 19 78 55 27 35 31 46 76 1 70 8 67 81 81 62 27 33 55 2 70 90 76 73 79 83 17 63 85 84 85 11 59 55 72 27 20 92 45 9 80 41 90 56 70 34 60 34 56 33
86 22 33 0 33 39 21 4 1 51 85 20 83 99 22 67 27 57 90 20 66 40 78 96 24 80 48 71 85 25 87 71 50 10 84 69 92 82 72 30 76 27 8 15 77 73 33 62 9 96
29 18 8 32 45 70 98 55 67 79 17 28 99 48 97 33 58 57 23 62 89 25 36 11 88 12 11 40 5 11 51 18 3 66 18 68 73 15 16 31 26 33 38 99 84 12 36 30 39 20
19 70 6 94 79 27 85 0 33 2 80 73 94 73 51 44 96 47 19 61 44 72 84 4 49 77 41 67 48 21 57 18 27 7 21 97 92 20 44 25 15 76 14 61 9 29 49 31 32 13
46 66 45 68 19 69 64 46 94 64 36 33 6 87 53 97 12 34 73 33 48 15 76 91 57 25 44 71 65 67 46 45 12 61 48 90 9 58 19 62 24 95 53 72 15 8 7 3 8 1
53 24 54 96 7 28 4 30 22 19 45 24 73 7 15 33 85 46 8 20 66 13 3 99 44 12 32 92 88 64 64 88 1 81 49 9 78 47 78 25 38 39 85 71 34 92 80 10 99 1
30 78 87 59 64 5 50 44 93 24 6 14 40 95 34 46 96 5 4 2 98 78 17 89 51 81 95 90 56 19 96 69 44 56 77 40 94 4 46 7 81 4 3 78 68 66 20 40 58 15
86 6 33 93 3 75 47 42 62 21 64 59 14 30 71 68 15 30 35 41 13 52 11 12 39 80 48 42 2 91 74 15 45 24 9 63 32 22 41 92 23 12 65 32 68 93 31 44 3 23
3 77 44 30 6 64 83 65 48 41 35 51 64 82 80 38 57 68 18 14 93 76 97 82 26 71 8 54 5 23 78 58 19 8 72 66 31 43 17 69 6 94 14 10 57 3 79 57 73 53
90 90 54 61 34 22 95 70 86 85 36 69 92 72 36 77 76 4 81 79 79 60 19 6 50 74 58 86 60 71 96 16 26 71 45 16 94 0 7 93 26 70 35 13 43 35 28 90 16 85
19 88 28 66 20 9 94 20 55 68 97 86 56 44 98 74 20 29 58 32 92 96 27 16 16 60 44 42 69 45 9 43 39 71 50 61 93 56 79 45 75 99 4 48 67 66 70 24 16 28
65 32 11 46 85 11 58 3 0 73 67 89 89 21 32 89 75 9 64 76 63 35 65 30 0 86 1 76 67 57 55 39 28 62 19 37 86 72 41 60 47 94 90 83 6 66 76 10 50 99
34 24 73 23 79 83 9 12 87 60 97 0 81 44 54 44 58 1 6 46 46 33 27 3 45 46 88 37 32 10 79 76 32 62 67 60 20 75 77 32 13 47 51 61 99 44 83 66 32 46
11 61 42 59 45 61 29 13 4 17 54 11 44 7 45 24 12 3 48 11 25 97 61 74 42 3 0 71 73 30 31 92 82 65 68 63 43 93 61 35 47 39 54 42 16 12 84 82 66 59
41 23 22 11 6 1 7 5 98 79 13 32 18 69 32 43 39 78 31 35 3 77 38 24 11 91 70 46 25 70 71 89 61 46 45 33 25 83 75 26 4 56 0 36 88 17 75 43 15 20
22 53 98 10 58 18 24 48 32 92 46 52 71 63 27 77 69 87 36 76 76 74 26 42 55 36 51 67 57 58 55 96 79 36 33 58 38 62 71 90 16 64 9 99 44 44 70 52 79 5
17 36 51 5 66 64 43 78 82 15 27 44 99 8 28 85 29 82 20 94 74 43 2 50 96 81 81 20 53 67 68 38 40 20 40 95 76 45 43 2 48 38 21 99 33 36 67 29 57 47
87 99 64 37 91 25 79 70 98 20 42 68 29 66 8 76 42 91 47 97 29 13 58 78 99 39 45 59 14 12 43 87 53 92 65 17 84 43 89 66 27 15 88 18 68 9 51 54 7 33
79 74 57 5 85 24 23 89 70 6 7 16 81 66 10 34 75 19 77 81 21 67 67 53 25 84 25 42 19 28 7 63 92 60 38 63 76 10 51 8 75 24 26 90 71 38 85 91 93 30
36 45 15 10 74 60 9 86 61 17 42 9 46 56 90 26 50 65 9 57 59 28 61 76 21 93 60 99 81 49 94 75 82 85 3 9 76 9 20 35 95 57 83 75 38 86 23 35 57 29
32 97 61 7 9 65 40 15 28 82 17 39 40 70 15 21 84 54 15 34 98 32 33 71 88 0 87 24 48 16 89 90 40 24 40 30 70 78 27 12 49 91 76 35 61 62 32 66 80 30
98 35 54 73 67 50 76 61 58 42 91 66 42 51 14 96 20 89 65 67 28 57 37 96 80 7 65 39 10 18 56 85 28 37 13 34 23 95 22 71 96 2 52 34 53 58 1 39 45 29
72 82 21 36 62 19 99 34 58 71 20 7 54 28 69 83 36 86 24 98 48 44 75 65 7 8 40 6 14 23 17 75 27 69 72 73 11 80 38 42 13 77 24 7 15 15 27 42 67 76
