23 21
0 0 1 1 2 2 3 4 5 6 7 7 8 9 9 10 11 12 12 13 13 14 15 15 16 16 17 18 18 19 19 20 20 21 21 22 23 23 24 25 26 27 28 29 29 30 31 31 32 33
34 35 36 36 37 37 3 38 5 39 39 40 41 42 42 10 11 43 44 45 45 46 47 48 49 49 17 50 51 51 52 53 54 55 56 22 57 57 24 58 26 27 28 59 60 61 62 63 63 33
64 35 65 66 66 67 67 38 68 68 69 40 41 70 71 72 72 43 44 73 73 46 47 48 74 74 75 50 76 77 77 53 54 55 78 79 80 81 81 58 82 83 84 59 60 61 85 85 86 87
64 88 88 89 90 91 92 92 93 94 94 95 96 70 71 97 98 98 99 100 101 102 102 103 104 104 75 105 105 106 107 108 108 109 78 79 110 111 112 113 82 83 84 114 115 115 116 116 117 87
118 118 119 119 90 91 120 120 93 121 122 95 96 123 123 97 124 124 99 100 125 125 126 126 127 128 129 129 130 106 107 131 131 109 132 133 110 111 112 113 134 135 135 114 136 137 138 138 117 139
140 140 141 142 142 143 144 144 145 121 146 146 147 148 148 149 149 150 151 152 152 153 153 154 127 128 155 156 130 157 157 158 158 159 132 133 160 161 162 162 134 163 164 165 136 166 167 168 168 139
169 169 170 171 172 143 173 174 175 175 176 177 177 178 179 180 180 150 151 181 182 182 183 154 184 184 155 156 185 186 186 187 187 159 188 189 189 161 190 191 192 192 164 165 193 166 194 195 195 196
197 197 170 171 172 198 173 199 199 200 176 201 202 202 179 203 203 204 205 181 206 206 183 207 207 208 208 209 185 210 211 211 212 213 214 214 215 216 217 191 218 218 219 220 193 221 194 222 222 196
223 223 224 224 225 226 226 227 228 229 230 201 231 232 233 233 234 204 235 235 236 236 237 237 238 239 239 209 240 240 241 241 212 242 243 244 215 245 217 246 246 247 219 248 248 249 249 250 251 251
252 252 253 254 254 255 256 256 228 229 230 257 231 232 258 259 259 260 261 262 262 263 264 265 266 266 267 267 268 269 269 270 271 242 243 272 273 245 274 274 275 247 276 276 277 278 279 279 280 280
281 282 283 283 284 285 286 287 288 289 290 257 291 291 258 292 293 260 261 294 295 295 264 265 296 296 297 298 268 299 299 300 271 301 302 272 303 303 304 304 305 305 306 306 277 278 307 307 308 308
281 282 309 310 311 285 286 287 288 289 312 312 313 313 314 315 293 316 316 294 317 317 318 319 319 320 297 321 322 322 323 300 324 301 325 326 326 327 327 328 328 329 330 330 331 332 332 333 333 334
335 335 309 310 311 336 337 338 339 340 341 341 342 342 314 315 343 343 344 344 345 346 346 347 348 349 349 321 350 350 351 352 324 353 325 354 354 355 356 356 357 358 359 360 361 362 362 363 363 334
364 365 365 366 367 368 337 369 339 370 371 372 372 373 374 375 376 377 378 379 345 380 380 347 381 381 382 383 383 384 351 385 385 353 386 387 387 355 388 388 357 358 359 389 361 390 391 391 392 392
364 393 394 366 367 368 395 369 396 370 371 397 397 373 398 375 376 377 378 379 399 400 400 401 402 403 403 404 405 384 406 407 408 409 409 410 411 411 412 413 413 414 415 389 416 417 418 419 419 420
421 421 394 422 422 423 424 425 426 427 427 428 429 429 398 430 431 431 432 432 399 433 433 401 402 434 434 404 405 435 406 407 408 436 436 437 438 438 412 439 439 414 415 440 440 417 441 442 442 443
444 444 445 445 446 446 424 425 426 447 447 428 448 449 449 430 450 450 451 452 452 453 453 454 454 455 455 456 456 435 457 458 458 459 460 437 461 462 463 463 464 464 465 466 466 467 441 468 468 443
469 470 471 471 472 473 473 474 475 476 477 478 479 479 480 481 481 482 451 483 483 484 485 486 486 487 488 489 490 490 457 491 492 492 460 493 493 462 494 494 495 496 465 497 497 467 498 499 499 500
469 470 501 501 472 502 503 474 475 476 477 504 504 505 505 506 507 508 508 509 509 484 485 510 510 487 488 489 511 511 512 491 513 513 514 514 515 515 516 516 495 517 517 518 519 520 520 521 521 500
522 522 523 523 524 524 503 525 526 527 528 529 530 531 531 506 532 532 533 534 534 535 535 536 537 537 538 539 540 541 542 542 543 543 544 544 545 545 546 547 548 548 549 518 519 550 551 551 552 553
554 555 555 556 556 557 557 525 558 527 528 559 530 560 561 561 562 562 533 563 563 564 565 536 566 566 538 539 540 541 567 568 569 569 570 571 572 572 546 547 573 574 574 575 575 550 576 577 578 553
554 579 579 580 580 581 582 583 558 584 584 559 585 560 586 586 587 587 588 588 589 564 590 591 591 592 592 593 593 594 594 568 595 596 570 571 597 597 598 599 599 600 600 601 601 602 576 577 578 603
604 604 605 606 606 581 582 583 607 608 609 609 585 610 611 612 612 613 614 614 589 615 590 616 616 617 617 618 618 619 620 620 595 621 621 622 623 623 598 624 624 625 626 627 628 602 629 630 630 631
632 633 605 634 635 636 636 637 607 608 638 638 639 610 611 640 641 642 642 643 643 615 644 644 645 645 646 647 647 648 649 650 650 651 651 622 652 653 653 654 655 656 626 627 628 657 629 658 658 631
632 633 659 634 660 660 661 661 662 663 663 664 639 665 665 640 641 666 667 667 668 668 669 669 670 671 646 672 672 648 649 673 674 674 675 675 652 676 676 654 655 656 677 678 679 657 680 680 681 682
683 683 684 684 685 686 686 687 688 689 690 664 691 692 693 693 694 666 695 695 696 696 697 697 670 671 698 699 699 700 700 673 701 702 703 703 704 705 706 707 707 708 677 678 679 709 710 710 681 682
711 711 712 712 685 713 713 687 688 689 690 714 691 715 715 716 717 718 719 720 720 721 721 722 722 723 698 724 724 725 725 726 727 702 728 729 729 705 730 730 731 731 732 733 734 734 735 735 736 737
738 738 739 739 740 740 741 742 742 743 743 744 745 746 747 716 717 748 719 749 749 750 750 751 752 723 753 753 754 755 756 756 727 757 757 758 759 759 760 761 762 763 764 733 765 765 766 766 736 767
768 768 769 770 770 771 772 772 773 774 775 744 745 746 747 776 777 748 778 779 780 781 782 751 752 783 784 785 754 786 786 787 788 788 789 758 790 791 760 761 762 763 764 792 792 793 793 794 795 767
796 796 797 797 798 771 799 799 773 774 775 800 800 801 801 776 777 802 802 779 803 781 804 804 805 805 784 806 807 807 808 787 809 809 789 810 790 791 811 812 812 813 813 814 815 816 816 794 795 817
818 818 819 820 821 821 822 823 824 825 826 827 827 828 829 830 831 831 832 833 803 834 835 836 837 838 838 806 839 839 808 840 840 841 842 810 843 844 844 845 845 846 847 848 815 849 849 850 850 817
851 851 819 852 853 853 822 823 854 825 826 855 856 828 829 830 857 857 832 833 858 858 835 836 859 859 860 861 862 862 863 864 864 841 865 865 843 866 866 867 868 868 847 848 869 869 870 871 871 872
873 874 874 852 875 875 876 876 854 877 878 855 856 879 879 880 881 881 882 883 884 884 885 886 886 887 860 861 888 888 889 889 890 890 891 892 893 893 894 867 895 896 896 897 898 898 870 899 899 900
873 901 902 902 903 903 904 904 905 906 878 907 908 908 909 909 910 911 912 883 913 914 914 915 915 887 916 917 918 919 920 920 921 922 922 892 923 924 924 925 895 926 926 897 927 928 928 929 929 900
930 931 932 933 934 934 935 936 937 906 938 907 939 939 940 940 941 911 912 942 943 943 944 945 945 946 916 947 918 948 948 949 921 950 951 952 952 953 954 954 955 955 956 957 957 958 959 959 960 960
961 931 932 933 962 962 935 936 937 963 938 964 965 965 966 966 941 967 967 942 968 969 969 970 970 946 971 947 972 972 973 949 974 974 951 975 975 953 976 976 977 978 956 979 979 980 981 981 982 983
961 984 984 985 986 987 988 989 990 991 991 964 992 993 994 994 995 996 997 998 968 999 1000 1000 1001 1001 1002 1003 1003 1004 1004 1005 1005 1006 1007 1007 1008 1008 1009 1009 977 1010 1011 1012 1013 980 1014 1014 982 983
1015 1016 1016 985 986 987 988 989 990 1017 1018 1018 992 993 1019 1019 995 996 997 998 1020 1021 1021 1022 1023 1024 1002 1025 1025 1026 1027 1027 1028 1006 1029 1030 1031 1032 1033 1034 1035 1010 1011 1012 1013 1036 1037 1038 1039 1039
1015 1040 1040 1041 1041 1042 1042 1043 1043 1044 1044 1045 1046 1047 1047 1048 1049 1050 1051 1051 1020 1052 1053 1053 1023 1024 1054 1054 1055 1055 1056 1057 1057 1058 1058 1030 1031 1032 1033 1034 1035 1059 1060 1061 1061 1036 1037 1062 1062 1063
1064 1064 1065 1065 1066 1067 1068 1069 1070 1070 1071 1071 1046 1072 1072 1048 1049 1050 1073 1074 1075 1075 1076 1077 1078 1079 1080 1081 1082 1082 1083 1084 1085 1086 1087 1088 1089 1090 1090 1091 1092 1059 1060 1093 1093 1094 1095 1096 1096 1097
1098 1098 1099 1100 1066 1101 1068 1069 1102 1103 1103 1104 1105 1105 1106 1107 1108 1108 1073 1109 1110 1110 1076 1077 1078 1079 1111 1081 1112 1112 1083 1113 1085 1114 1087 1088 1089 1115 1115 1091 1092 1116 1116 1117 1118 1094 1119 1120 1120 1097
1121 1121 1099 1122 1122 1101 1123 1123 1124 1125 1126 1127 1127 1128 1106 1107 1129 1130 1130 1109 1131 1132 1133 1134 1134 1135 1111 1136 1136 1137 1137 1113 1138 1114 1139 1139 1140 1140 1141 1142 1143 1143 1144 1117 1145 1145 1119 1146 1147 1148
1149 1150 1150 1151 1151 1152 1152 1153 1124 1125 1154 1154 1155 1155 1156 1156 1129 1157 1157 1158 1131 1132 1133 1159 1160 1160 1161 1162 1162 1163 1164 1164 1138 1165 1165 1166 1166 1167 1141 1142 1168 1168 1144 1169 1169 1170 1170 1146 1147 1148
1171 1171 1172 1173 1173 1174 1174 1153 1175 1175 1176 1177 1177 1178 1179 1179 1180 1181 1181 1158 1182 1183 1183 1184 1184 1185 1186 1187 1188 1188 1189 1189 1190 1191 1191 1192 1192 1193 1193 1194 1195 1195 1196 1197 1198 1199 1199 1200 1200 1201
1202 1202 1172 1203 1204 1205 1206 1206 1207 1208 1208 1209 1210 1210 1211 1211 1180 1212 1213 1213 1182 1214 1215 1215 1216 1185 1186 1187 1217 1218 1218 1219 1190 1220 1221 1222 1222 1223 1223 1224 1224 1225 1196 1197 1198 1226 1227 1228 1228 1229
1230 1230 1231 1231 1204 1205 1232 1233 1207 1234 1234 1209 1235 1236 1236 1237 1238 1212 1239 1239 1240 1214 1241 1241 1242 1242 1243 1243 1217 1244 1245 1219 1246 1220 1247 1247 1248 1249 1250 1251 1252 1252 1253 1253 1254 1226 1227 1255 1255 1229
1256 1257 1257 1258 1259 1259 1232 1233 1260 1261 1261 1262 1263 1263 1264 1237 1265 1265 1266 1266 1240 1267 1268 1269 1269 1270 1270 1271 1271 1244 1245 1272 1272 1273 1273 1274 1274 1249 1250 1275 1275 1276 1276 1277 1254 1278 1278 1279 1280 1280
1256 1281 1281 1258 1282 1282 1283 1283 1260 1284 1284 1262 1285 1285 1264 1286 1287 1288 1289 1289 1290 1290 1268 1291 1292 1293 1294 1294 1295 1295 1296 1296 1297 1297 1298 1299 1300 1301 1302 1302 1303 1303 1304 1304 1305 1306 1307 1307 1308 1309
1310 1311 1312 1312 1313 1314 1314 1315 1315 1316 1316 1317 1318 1318 1319 1286 1287 1320 1321 1322 1322 1323 1324 1324 1292 1293 1325 1325 1326 1327 1327 1328 1328 1329 1329 1299 1300 1301 1330 1330 1331 1331 1332 1332 1305 1333 1334 1335 1335 1309
1310 1311 1336 1336 1313 1337 1337 1338 1338 1339 1339 1317 1340 1340 1319 1341 1341 1320 1342 1342 1343 1343 1344 1344 1345 1346 1346 1347 1347 1348 1348 1349 1349 1350 1351 1351 1352 1352 1353 1353 1354 1354 1355 1355 1356 1333 1334 1357 1357 1358
12 34 72 9 9 77 11 34 55 49 11 90 49 76 3 62 5 60 79 56 84 2 39 57 23 23 91 61 44 33 5 55 51 65 30 45 83 51 49 82 1 27 67 52 59 54 91 68 54 13
44 42 50 13 22 96 58 13 98 61 59 35 97 8 6 31 28 75 55 23 36 25 24 74 16 32 26 71 25 35 46 13 89 94 38 18 25 73 95 6 45 31 46 16 73 24 7 95 84 97
59 3 93 14 65 21 66 41 60 33 23 36 32 11 57 94 38 85 14 26 97 92 80 28 51 66 60 86 24 20 83 44 76 74 43 23 90 18 56 34 13 81 26 90 93 67 57 50 41 17
26 86 76 78 66 50 58 4 52 6 89 75 90 25 96 19 15 10 56 59 65 74 47 17 64 64 36 67 52 90 73 5 85 82 64 23 3 27 59 89 13 37 86 18 25 41 97 74 49 94
95 66 87 89 99 81 39 42 72 18 67 62 52 42 42 90 52 31 85 87 93 84 98 33 96 53 77 4 19 4 47 10 82 25 70 7 68 82 7 65 43 9 6 26 61 98 72 60 17 51
60 66 44 88 3 79 18 21 8 27 15 98 88 74 46 71 14 93 47 85 22 12 36 21 24 43 15 45 23 58 6 94 34 88 64 32 95 48 56 17 0 78 52 97 68 24 79 63 39 66
14 21 88 81 65 1 12 99 24 46 93 69 89 82 91 36 42 49 24 35 77 29 69 0 83 12 54 98 2 14 14 32 53 44 52 28 16 60 68 91 78 76 59 38 33 5 49 76 60 15
64 1 28 72 96 68 90 1 2 13 9 40 25 2 93 54 13 4 65 36 45 68 17 36 19 90 27 45 19 55 2 32 48 35 11 37 47 1 55 21 57 85 57 28 34 76 36 16 17 63
37 75 81 41 68 68 47 19 87 29 6 54 85 96 78 96 61 18 58 65 8 43 74 90 47 92 89 94 49 43 70 91 41 84 18 58 88 69 29 47 2 9 51 57 23 48 48 46 7 18
39 99 39 57 27 15 70 51 12 48 17 48 68 48 56 1 27 20 67 67 34 50 25 91 81 17 7 40 62 86 4 41 88 79 27 34 58 75 51 96 51 12 43 65 96 67 87 63 62 56
72 48 20 27 3 36 78 31 28 29 96 59 57 56 35 11 80 62 42 87 59 90 45 20 87 39 78 23 69 87 55 18 45 43 80 94 68 66 40 31 75 48 90 28 19 61 8 38 59 24
80 71 49 95 55 21 27 42 60 34 6 61 37 6 1 61 63 35 21 9 45 68 95 49 16 43 77 75 43 99 18 58 56 88 63 96 40 79 22 41 74 57 43 64 59 77 37 92 62 40
26 68 23 79 52 9 98 3 67 28 10 7 23 53 27 8 49 66 50 82 84 65 37 76 92 6 9 61 51 85 83 56 0 60 84 19 15 55 33 17 28 91 34 67 94 62 35 82 95 11
12 41 15 18 3 55 88 26 34 61 20 97 73 20 57 53 78 73 28 68 47 43 77 90 27 54 65 38 11 24 64 69 88 27 45 96 48 12 23 67 24 93 39 81 58 53 74 73 45 22
86 28 39 84 51 46 4 33 31 40 50 89 10 13 65 17 70 0 46 57 72 32 48 25 6 53 84 91 95 43 11 73 71 67 11 34 23 79 47 24 84 2 11 17 47 25 95 47 76 61
17 44 98 54 75 66 66 17 71 66 12 91 64 62 20 83 8 86 87 89 81 21 96 95 11 77 78 61 30 68 71 76 47 19 88 6 94 23 15 91 74 17 14 33 51 67 89 57 72 24
26 36 1 18 98 56 53 1 43 41 64 60 20 91 18 9 99 67 3 12 24 20 99 48 46 7 78 74 96 41 84 61 95 77 79 53 35 38 13 97 60 70 42 60 48 95 49 67 64 0
50 63 84 30 74 55 67 92 13 8 27 51 30 28 37 39 77 85 74 82 81 65 33 70 26 98 36 67 23 36 23 17 73 13 14 95 22 66 53 44 77 89 25 63 89 72 53 98 79 76
63 91 77 84 97 19 23 19 25 19 30 90 37 83 86 11 56 21 48 48 67 20 17 5 94 6 33 16 5 38 52 72 63 25 29 23 53 58 78 56 71 93 80 18 47 66 20 30 90 86
99 1 39 57 11 75 7 88 65 47 36 75 62 61 69 20 31 3 77 70 97 8 83 31 15 28 51 94 19 87 47 30 81 23 74 33 4 60 85 13 51 77 95 32 63 32 17 15 7 9
48 68 37 36 34 6 87 23 75 46 99 31 56 7 28 30 21 31 86 62 3 73 41 16 92 19 93 65 1 83 31 42 92 77 95 20 88 90 55 84 36 48 73 88 30 75 92 20 91 62
59 71 93 49 72 19 84 33 33 42 68 55 70 26 39 84 71 17 66 91 22 13 30 40 64 16 25 11 12 90 53 19 38 70 39 25 22 79 56 32 1 69 75 47 25 84 41 20 77 68
67 24 49 74 5 61 39 34 13 32 87 94 72 86 4 21 31 12 68 4 99 95 78 47 3 22 1 89 93 40 40 5 11 17 6 93 9 85 10 93 95 17 5 83 2 16 36 22 41 99
82 90 57 68 21 1 71 44 83 12 40 63 31 97 61 41 86 54 69 94 55 60 56 45 3 66 19 88 31 56 6 23 38 93 94 80 28 76 32 15 95 32 45 53 71 73 17 66 3 56
52 3 49 28 67 19 82 38 33 32 75 95 60 0 50 57 84 35 97 56 78 70 50 22 63 83 49 22 34 61 8 6 38 48 96 39 91 89 26 25 8 3 83 56 73 48 98 59 42 31
64 9 44 29 46 79 74 10 23 99 39 76 20 24 65 36 1 23 50 85 65 74 51 12 45 52 57 55 8 36 78 55 70 41 27 61 7 65 15 28 67 18 58 33 74 84 31 18 27 58
26 9 66 48 26 0 65 76 79 53 34 6 44 85 51 3 72 20 82 37 40 72 99 18 66 20 55 95 2 40 90 93 23 58 26 27 36 61 62 49 3 32 94 44 81 89 75 41 4 23
30 37 39 7 88 81 43 23 22 44 36 97 1 33 13 21 36 12 84 73 63 93 74 50 75 64 3 84 9 65 62 40 26 45 34 14 7 44 2 55 90 40 94 99 55 14 7 72 29 4
86 72 60 33 41 53 18 24 81 89 78 25 60 96 58 81 81 49 28 49 61 37 56 6 39 89 33 67 7 45 48 87 90 67 10 9 29 48 97 71 70 13 78 12 70 99 17 33 70 73
23 39 76 67 72 21 96 4 14 37 10 19 30 24 9 95 45 43 45 73 26 27 63 59 10 11 53 48 72 48 79 94 32 70 17 99 22 5 58 34 4 91 9 23 71 31 4 89 39 83
14 7 50 57 73 0 41 59 29 68 37 40 87 19 52 43 33 92 99 92 42 5 42 38 19 48 20 49 96 12 0 8 93 96 95 68 95 96 69 82 35 97 93 25 3 76 2 35 29 58
55 92 76 17 92 67 58 93 64 45 93 30 46 59 15 70 42 54 86 38 84 20 37 22 63 64 0 10 51 65 11 29 6 24 8 59 84 42 37 1 49 71 48 36 30 11 84 71 43 80
94 33 26 11 79 82 12 81 28 90 75 15 51 49 29 57 77 58 54 77 55 72 71 66 46 51 73 16 59 92 21 95 46 14 19 99 90 16 14 3 85 86 9 79 92 89 16 19 60 87
59 76 28 4 20 20 73 91 64 13 45 22 93 18 87 18 69 54 7 81 1 92 99 40 19 52 31 41 74 48 65 51 21 24 7 53 71 49 7 9 33 46 81 5 30 58 9 4 41 89
61 23 91 2 26 58 98 44 78 87 46 16 21 79 58 97 7 43 76 28 67 40 79 91 28 65 77 38 31 34 19 66 73 56 69 25 74 5 77 53 74 99 59 71 0 32 87 5 77 40
15 55 36 44 78 77 66 88 37 97 63 93 60 18 7 36 0 38 34 72 67 93 48 1 55 41 12 25 22 2 53 58 68 1 92 67 75 80 86 17 54 39 28 19 30 57 22 59 95 21
64 18 73 17 46 83 91 48 1 54 9 63 39 25 3 28 24 17 41 78 28 1 15 23 43 46 64 30 73 36 7 67 22 66 18 82 70 91 45 66 68 18 51 44 20 43 79 1 56 12
64 95 10 28 98 7 62 62 2 57 58 46 66 6 1 90 82 47 61 76 51 85 76 84 72 33 19 68 2 75 9 49 62 99 79 42 31 95 36 59 91 72 13 81 49 5 82 42 78 94
73 3 72 2 22 9 17 69 76 79 44 7 91 57 22 97 72 3 67 40 8 12 9 53 17 8 6 82 54 4 3 94 89 22 66 6 76 11 75 58 68 34 95 82 15 80 53 80 62 47
95 9 22 34 8 71 91 92 52 36 48 19 81 23 59 15 95 55 69 77 88 47 0 61 9 38 59 10 41 8 54 19 24 85 10 58 58 94 94 40 12 29 51 50 75 3 52 94 20 50
40 64 95 17 45 40 70 75 70 51 25 50 92 83 26 69 55 99 96 23 37 37 61 29 42 78 59 95 87 8 45 32 54 13 55 53 65 94 91 71 57 75 81 89 94 64 85 18 71 70
17 26 24 26 22 55 33 17 2 92 5 89 35 81 7 55 81 25 93 55 27 34 28 72 5 62 15 28 31 63 37 76 57 4 81 69 6 7 55 24 78 81 81 26 80 34 2 47 37 44
8 76 77 54 8 50 82 89 78 2 63 0 33 65 89 24 91 31 55 78 19 91 3 16 48 99 24 29 28 8 33 82 70 76 53 16 0 54 30 77 93 6 99 47 70 67 34 15 83 92
84 59 19 4 28 69 43 93 97 24 47 24 10 55 79 55 54 64 51 68 11 10 15 90 91 40 82 48 88 24 18 18 19 53 53 16 40 81 74 20 96 98 30 36 12 95 51 30 92 43
90 22 65 41 40 55 97 23 0 41 74 97 87 96 26 39 94 10 70 20 62 74 56 17 27 27 66 39 31 90 97 74 14 40 16 83 25 3 42 51 69 62 75 5 47 32 66 62 6 19
59 79 97 82 23 74 73 68 47 28 10 71 48 7 92 90 80 64 7 50 16 93 70 65 29 72 56 36 9 40 26 2 87 30 53 0 77 72 93 98 86 20 5 8 7 64 68 55 0 25
45 46 87 47 51 86 55 30 5 50 40 38 60 59 20 20 71 41 35 28 81 80 51 68 12 78 45 68 92 77 50 6 42 40 9 93 84 39 34 46 66 57 44 32 79 79 11 41 21 27
28 2 52 65 83 60 17 10 80 63 8 99 18 27 11 22 47 47 48 41 58 65 79 91 19 47 58 62 99 62 46 83 84 36 90 19 17 58 25 24 37 38 19 15 79 61 49 28 30 4
62 49 70 32 28 79 96 97 71 26 33 79 99 96 50 81 63 50 10 29 23 94 70 13 85 0 83 13 25 83 34 28 44 43 70 20 33 50 47 88 5 31 89 77 69 35 74 3 76 56
42 24 2 76 29 96 23 28 26 24 97 62 92 58 41 12 78 77 63 34 3 70 83 0 76 41 50 75 38 71 32 65 90 86 2 40 0 8 82 30 95 81 89 13 84 24 92 63 37 23
