0 39
0 0 1 2 2 3 3 4 4 5 6 7 7 8 8 9 10 10 11 12 13 13 14 15 15 16 16 17 17 18 19 19 20 20 21 22 22 23 24 24 25 26 27 28 28 29 29 30 30 31
32 32 1 33 34 34 35 35 36 5 6 37 37 38 39 39 40 40 11 41 41 42 43 43 44 44 45 45 46 18 47 47 48 49 50 50 51 51 52 52 53 26 54 54 55 55 56 57 58 58
59 60 61 33 62 62 63 63 64 65 65 66 66 38 67 68 69 70 70 71 71 72 72 73 74 74 75 76 46 77 77 78 48 49 79 80 81 81 82 83 53 84 84 85 86 86 56 87 88 88
59 60 61 89 90 90 91 91 64 92 92 93 94 94 67 68 69 95 96 97 97 98 99 100 100 101 75 76 102 103 103 78 104 104 79 105 106 106 82 107 107 108 109 109 110 110 111 87 112 112
113 114 115 116 117 118 119 119 120 121 121 93 122 122 123 124 124 95 125 126 126 98 127 128 129 130 130 131 132 133 134 134 135 136 136 105 137 138 139 139 140 108 141 141 142 142 143 143 144 144
113 114 115 116 117 145 145 146 146 147 147 148 148 149 123 150 150 151 125 152 152 153 127 128 129 154 155 155 132 133 156 157 135 158 159 159 137 138 160 160 140 161 161 162 163 164 165 165 166 166
167 168 169 169 170 171 172 173 173 174 174 175 175 149 176 176 177 151 178 178 179 179 180 181 181 154 182 183 183 184 156 185 185 186 186 187 188 188 189 190 190 191 191 162 163 164 192 193 194 194
167 195 196 197 170 171 172 198 199 200 201 202 203 204 205 206 206 207 208 209 210 211 211 212 213 213 182 214 214 215 215 216 217 217 218 187 219 219 189 220 220 221 222 222 223 224 192 193 225 225
226 195 196 227 228 229 230 198 199 231 201 202 203 204 205 232 232 207 208 209 210 233 234 212 235 236 237 237 238 239 240 240 241 242 242 243 243 244 244 245 245 221 246 246 223 247 247 248 249 249
250 251 252 227 228 229 230 253 253 231 254 254 255 256 257 257 258 258 259 260 260 233 261 262 263 236 264 265 238 239 266 266 241 267 268 269 269 270 271 272 273 273 274 274 275 275 276 277 277 278
250 251 252 279 280 280 281 281 282 282 283 284 284 256 285 286 287 287 259 288 289 289 261 262 263 290 264 291 292 293 294 295 296 267 268 297 297 270 271 298 298 299 299 300 301 301 276 302 303 278
304 304 305 306 306 307 307 308 309 309 310 311 311 312 285 286 313 314 315 288 316 317 317 318 318 290 319 291 320 293 294 295 321 321 322 323 323 324 325 326 326 327 328 328 329 329 330 302 303 331
332 332 333 333 334 335 335 308 336 336 310 337 338 339 339 340 340 314 315 341 316 342 342 343 343 344 319 345 320 346 347 348 348 349 322 350 351 324 352 353 353 354 355 356 356 357 358 358 359 359
360 360 361 361 362 363 363 364 364 365 366 337 338 367 368 368 369 370 370 341 371 372 373 373 374 344 375 345 376 346 347 377 378 349 379 379 351 380 352 381 381 354 355 382 382 357 383 383 384 384
385 386 387 387 362 388 388 389 390 365 366 391 392 392 393 394 394 395 396 396 371 372 397 398 398 399 400 400 376 401 401 377 378 402 403 403 404 380 405 406 406 407 408 408 409 409 410 411 412 413
385 386 414 415 416 416 417 389 418 419 419 391 420 421 422 422 423 423 424 424 425 425 426 426 427 427 428 429 429 430 430 431 431 402 432 433 404 434 434 435 435 436 437 437 438 439 439 411 412 413
440 440 414 415 441 441 417 442 418 443 444 444 420 445 446 447 448 448 449 450 451 451 452 453 454 454 428 455 456 457 458 458 459 459 460 433 461 462 463 463 464 436 465 465 438 466 466 467 468 468
469 469 470 470 471 471 472 442 473 474 474 475 475 445 446 476 477 478 449 479 479 480 452 481 481 482 482 455 456 457 483 484 484 485 460 486 461 487 487 488 464 489 490 490 491 491 492 467 493 493
494 495 496 496 497 497 472 498 498 499 500 500 501 501 502 476 477 478 503 504 504 505 506 506 507 508 508 509 510 511 483 512 512 485 513 486 514 515 515 488 516 489 517 518 519 519 492 520 520 521
494 522 522 523 524 524 525 525 526 527 528 529 529 530 530 531 532 532 533 533 534 505 535 535 507 536 537 537 510 538 538 539 540 540 513 541 542 542 543 543 516 544 517 545 545 546 547 547 548 521
549 549 550 523 551 552 552 553 526 527 528 554 554 555 555 531 556 556 557 558 534 559 560 561 562 536 563 564 564 565 566 539 567 568 568 541 569 569 570 570 571 571 572 573 573 574 574 575 548 576
577 577 578 579 551 580 581 553 582 582 583 583 584 585 586 587 588 588 557 558 589 559 560 561 562 590 563 591 592 565 566 593 593 594 594 595 595 596 596 597 598 598 572 599 599 600 601 575 602 602
603 604 578 605 605 580 581 606 607 608 609 610 610 585 586 587 611 611 612 613 589 614 614 615 615 590 616 591 592 617 618 618 619 619 620 620 621 621 622 622 623 624 624 625 626 627 601 628 628 629
603 604 630 631 631 632 633 606 607 608 634 635 635 636 636 637 638 638 612 613 639 639 640 640 641 642 643 643 644 617 645 646 647 647 648 649 650 650 651 652 623 653 653 625 654 627 655 655 656 656
657 658 630 659 659 660 633 661 661 662 634 663 664 665 666 667 667 668 668 669 670 670 671 672 672 642 673 674 674 675 645 646 676 677 648 649 678 678 651 679 679 680 681 681 654 682 683 684 685 685
657 658 686 686 687 660 688 689 690 662 691 663 664 665 666 692 692 693 694 669 695 695 696 697 698 698 699 699 700 701 701 702 676 703 704 704 705 705 706 707 707 708 708 709 710 682 711 684 712 712
713 714 714 715 716 717 688 689 690 718 718 719 720 720 721 722 723 693 694 724 724 725 696 726 726 727 728 728 700 729 730 702 731 703 732 732 733 734 735 735 736 736 737 738 710 739 711 740 741 742
713 743 744 715 716 717 745 745 746 746 747 747 748 748 721 722 749 750 750 751 751 725 752 752 753 754 755 756 757 757 730 758 758 759 760 760 733 734 761 761 762 763 763 738 764 764 765 766 741 742
767 768 744 769 770 770 771 772 773 774 775 776 776 777 778 778 749 779 779 780 781 782 783 783 753 754 755 756 784 785 786 787 787 759 788 788 789 789 790 790 762 791 792 793 793 794 765 766 795 795
796 768 797 769 798 799 771 772 773 800 775 801 801 802 803 804 805 806 806 780 781 782 807 808 809 810 810 811 784 785 786 812 813 814 814 815 815 816 816 817 817 791 818 818 819 820 821 821 822 822
796 823 797 824 798 825 826 827 828 800 829 830 830 802 803 804 805 831 831 832 832 833 807 808 834 834 835 835 836 837 837 838 813 839 840 840 841 842 843 844 845 846 846 847 847 820 848 849 850 850
851 852 853 824 854 825 826 827 828 855 829 856 857 858 859 860 860 861 862 862 863 864 865 865 866 866 867 867 836 868 869 838 870 839 871 872 872 842 873 844 845 874 875 875 876 877 848 878 879 879
851 852 853 880 881 881 882 883 883 855 884 856 857 858 885 886 887 887 888 889 889 864 890 890 891 891 892 893 894 868 895 895 896 896 871 897 898 898 873 899 900 874 901 901 876 902 902 878 903 903
904 905 905 880 906 906 882 907 908 908 909 909 910 910 885 886 911 911 888 912 913 914 914 915 916 916 892 893 894 917 918 918 919 919 920 921 922 923 923 899 900 924 924 925 926 927 927 928 928 929
930 930 931 932 932 933 934 907 935 936 936 937 937 938 938 939 940 941 942 912 913 943 943 915 944 944 945 946 946 947 948 949 949 950 951 921 952 952 953 953 954 955 955 925 926 956 956 957 958 958
959 960 960 961 962 962 934 963 964 965 965 966 967 967 968 939 940 941 942 969 970 970 971 972 972 973 973 974 974 947 948 975 975 950 951 976 976 977 978 979 980 981 982 982 983 984 985 957 986 987
959 988 989 961 990 990 991 963 964 992 993 966 994 994 968 995 996 996 997 969 998 998 999 999 1000 1001 1001 1002 1002 1003 1004 1004 1005 1006 1007 1007 1008 977 978 979 980 981 1009 1009 983 984 985 1010 986 987
1011 988 1012 1012 1013 1014 991 1015 1016 992 993 1017 1018 1019 1019 995 1020 1020 1021 1021 1022 1023 1023 1024 1024 1025 1025 1026 1026 1003 1027 1028 1028 1006 1029 1030 1008 1031 1031 1032 1032 1033 1034 1034 1035 1035 1036 1010 1037 1038
1039 1040 1040 1041 1013 1014 1042 1015 1043 1043 1044 1045 1018 1046 1047 1047 1048 1048 1049 1050 1022 1051 1051 1052 1052 1053 1054 1055 1055 1056 1056 1057 1058 1059 1029 1030 1060 1061 1062 1062 1063 1033 1064 1065 1066 1067 1067 1068 1037 1038
1039 1069 1069 1070 1070 1071 1072 1072 1073 1073 1044 1045 1074 1046 1075 1076 1076 1077 1078 1050 1079 1080 1080 1081 1082 1053 1054 1083 1084 1084 1085 1085 1058 1059 1086 1087 1087 1061 1088 1088 1089 1089 1064 1065 1066 1090 1091 1068 1092 1093
1094 1094 1095 1095 1096 1096 1097 1097 1098 1098 1099 1100 1101 1102 1103 1104 1104 1077 1078 1105 1079 1106 1107 1081 1082 1108 1108 1083 1109 1110 1111 1111 1112 1113 1086 1114 1114 1115 1116 1116 1117 1118 1119 1120 1120 1090 1091 1121 1092 1093
1122 1123 1123 1124 1125 1126 1127 1127 1128 1128 1099 1100 1101 1102 1103 1129 1130 1130 1131 1131 1132 1106 1107 1133 1133 1134 1134 1135 1135 1110 1136 1137 1137 1113 1138 1139 1140 1115 1141 1141 1142 1118 1119 1143 1143 1144 1144 1145 1146 1146
1122 1147 1147 1124 1125 1126 1148 1148 1149 1150 1150 1151 1152 1152 1153 1129 1154 1155 1156 1156 1157 1157 1158 1159 1160 1160 1161 1161 1162 1163 1136 1164 1165 1166 1138 1139 1140 1167 1167 1168 1142 1169 1170 1171 1172 1173 1174 1145 1175 1176
1177 1177 1178 1178 1179 1180 1180 1181 1149 1182 1182 1151 1183 1183 1153 1184 1154 1155 1185 1185 1186 1187 1158 1159 1188 1189 1190 1190 1162 1163 1191 1191 1165 1192 1192 1193 1194 1195 1196 1196 1197 1197 1170 1171 1172 1173 1198 1198 1175 1176
1199 1200 1201 1202 1179 1203 1204 1181 1205 1205 1206 1207 1207 1208 1208 1184 1209 1210 1210 1211 1186 1187 1212 1213 1188 1189 1214 1215 1216 1216 1217 1218 1218 1219 1220 1193 1194 1195 1221 1221 1222 1222 1223 1223 1224 1225 1226 1227 1227 1228
1199 1200 1201 1229 1229 1230 1204 1231 1232 1232 1233 1234 1234 1235 1236 1237 1209 1238 1238 1211 1239 1239 1212 1213 1240 1241 1214 1215 1242 1242 1217 1243 1243 1219 1220 1244 1244 1245 1246 1247 1247 1248 1249 1250 1224 1225 1226 1251 1251 1228
1252 1252 1253 1254 1254 1230 1255 1256 1256 1257 1233 1258 1258 1235 1236 1237 1259 1260 1260 1261 1261 1262 1262 1263 1240 1241 1264 1265 1265 1266 1266 1267 1267 1268 1269 1270 1270 1245 1246 1271 1271 1272 1249 1250 1273 1274 1275 1275 1276 1277
1278 1278 1279 1279 1280 1280 1255 1281 1282 1257 1283 1283 1284 1285 1286 1287 1259 1288 1288 1289 1289 1290 1291 1292 1292 1293 1264 1294 1295 1296 1297 1297 1298 1268 1299 1300 1300 1301 1301 1302 1303 1272 1304 1304 1273 1305 1306 1307 1276 1277
1308 1309 1310 1310 1311 1312 1313 1281 1282 1314 1315 1316 1284 1285 1286 1287 1317 1317 1318 1319 1319 1290 1291 1320 1321 1321 1322 1323 1295 1324 1324 1325 1325 1326 1299 1327 1328 1328 1329 1302 1330 1330 1331 1331 1332 1305 1306 1307 1333 1333
1308 1334 1334 1335 1335 1312 1313 1336 1336 1314 1315 1316 1337 1337 1338 1338 1339 1339 1318 1340 1341 1341 1342 1343 1343 1344 1322 1323 1345 1345 1346 1346 1347 1347 1348 1348 1349 1349 1329 1350 1351 1351 1352 1352 1332 1353 1353 1354 1355 1355
94 54 0 87 77 31 48 14 35 72 48 48 0 35 63 18 46 32 33 27 74 54 68 66 90 24 66 41 49 66 93 68 74 96 73 32 15 15 37 3 50 34 43 85 83 53 7 53 54 67
43 22 37 85 63 86 31 53 26 34 95 51 39 85 28 50 32 95 28 63 51 15 89 81 64 30 85 88 16 76 22 61 9 57 40 80 25 21 77 30 69 20 85 10 12 10 94 14 34 66
25 89 57 11 67 20 14 89 89 97 95 70 84 78 20 61 58 53 10 10 46 59 82 28 91 46 33 19 71 31 21 76 32 30 72 87 93 35 20 71 33 89 45 76 66 35 69 32 33 51
29 11 97 1 19 81 90 14 59 90 7 9 66 29 9 95 20 49 97 42 20 5 86 77 53 32 36 38 35 76 28 53 28 81 41 77 64 95 53 24 10 29 99 63 66 81 7 51 74 71
71 28 7 35 1 25 99 72 83 96 0 70 13 1 66 36 35 20 30 58 29 11 13 46 69 56 43 86 32 94 43 76 19 53 59 17 13 69 79 92 83 67 47 63 50 58 51 50 75 49
97 73 93 65 77 32 33 50 5 71 71 66 24 0 21 47 81 94 61 66 76 68 21 50 30 71 85 3 89 16 27 21 18 15 41 70 16 50 19 58 6 43 30 48 97 74 78 41 54 6
44 3 24 82 7 38 8 30 83 45 74 65 29 67 54 89 89 74 57 12 20 18 27 46 27 30 91 33 74 65 12 7 58 23 65 78 99 35 43 67 56 12 68 60 9 43 96 58 99 93
39 37 51 59 95 91 79 9 10 5 29 66 82 69 3 82 2 96 65 69 94 10 30 88 36 83 22 90 91 64 71 85 28 67 34 27 21 33 2 86 3 88 95 5 43 61 91 69 68 0
94 23 11 97 18 10 67 4 37 27 27 55 30 9 23 3 23 60 25 48 81 45 24 70 10 5 74 9 77 55 15 49 42 4 44 22 3 24 64 56 35 45 47 11 23 98 58 97 51 94
50 37 43 62 8 0 36 16 27 32 22 34 12 95 45 23 5 83 63 39 43 12 5 91 2 0 47 93 38 44 92 55 98 67 13 66 95 85 43 7 8 32 49 99 39 10 63 65 59 15
71 74 72 99 82 90 7 62 56 84 23 10 85 70 2 92 2 75 73 47 50 53 72 57 54 35 67 53 60 80 31 95 63 58 41 32 38 45 16 42 83 14 92 31 42 58 55 90 84 71
13 78 34 44 27 50 52 18 51 32 47 85 12 89 53 56 44 63 8 0 87 85 4 27 78 72 68 61 42 84 60 47 9 23 91 77 63 74 33 72 9 78 63 43 81 36 14 17 53 46
85 94 11 58 82 24 95 52 60 11 58 18 15 76 16 61 87 10 23 15 35 68 90 47 89 9 85 61 73 11 96 51 30 1 62 14 96 83 93 89 10 67 85 22 11 90 97 70 80 71
1 59 68 69 98 43 60 84 65 8 98 91 18 46 32 88 84 36 72 87 84 37 17 55 47 96 78 76 20 64 59 7 8 84 29 30 46 96 14 50 58 30 43 21 96 42 7 47 50 71
67 95 94 91 64 68 69 21 80 19 8 15 4 82 14 17 77 87 89 47 2 88 58 92 15 43 49 16 0 70 92 75 15 33 97 54 93 36 9 16 80 45 69 32 28 84 51 25 67 85
21 4 25 0 64 59 13 59 52 45 15 94 76 10 26 16 71 81 32 92 96 21 13 65 51 48 48 49 41 81 16 33 95 74 78 99 22 44 79 8 67 58 21 68 76 96 78 39 69 94
29 71 29 36 13 32 34 13 87 58 60 23 34 67 19 97 24 29 40 10 21 1 68 46 6 17 34 85 4 38 72 5 43 75 54 24 98 10 79 94 20 35 98 77 64 73 70 42 56 4
22 13 85 43 46 97 22 26 2 24 72 50 82 60 70 62 13 38 13 1 82 60 73 8 7 69 49 22 0 62 44 93 50 22 48 61 62 42 8 73 47 73 90 15 44 52 57 97 52 23
94 27 91 87 37 27 29 78 46 82 31 67 53 0 33 88 51 13 10 78 24 9 78 65 35 78 71 79 63 87 96 1 45 14 96 59 77 39 16 58 52 40 23 68 6 85 80 13 31 97
69 97 60 21 69 99 31 80 7 73 56 29 43 46 36 83 97 39 21 8 34 97 7 24 46 49 53 28 3 34 60 40 99 49 0 52 9 83 39 13 13 9 8 77 3 62 83 94 56 76
56 78 78 55 87 56 37 70 96 93 42 41 55 45 3 12 6 66 48 93 34 23 92 51 1 5 88 53 78 16 59 91 36 13 82 12 1 67 78 73 25 19 72 31 28 36 52 66 8 60
37 20 80 96 16 21 36 31 89 52 96 25 97 6 28 64 57 55 37 36 79 35 69 92 28 63 55 24 84 22 66 18 22 93 71 27 27 28 55 15 41 98 52 85 34 81 30 0 81 13
38 53 79 12 76 34 58 0 38 32 75 37 80 43 46 99 71 26 2 60 16 81 84 87 71 49 11 53 57 47 50 75 82 70 92 26 54 37 85 84 2 79 66 85 29 38 46 4 75 25
4 15 7 68 32 69 44 15 23 72 91 92 15 9 72 23 43 68 51 45 91 70 32 57 25 2 28 58 23 73 59 33 87 74 40 77 79 28 82 23 38 68 31 58 28 16 5 56 76 99
66 89 23 30 56 36 12 22 22 98 24 27 34 9 43 1 93 32 98 46 90 83 96 96 17 75 53 31 69 16 72 9 38 97 22 70 90 37 37 72 31 22 63 74 3 8 24 43 63 32
12 51 3 65 44 8 37 92 60 94 90 83 28 57 18 60 85 67 19 22 76 28 81 18 77 33 61 23 56 31 30 80 61 13 39 23 1 81 65 61 65 51 84 25 6 47 69 39 18 83
43 9 63 23 77 76 28 3 58 47 84 53 99 99 6 56 2 94 73 31 50 53 55 17 94 86 94 47 61 87 25 65 76 59 93 45 26 94 79 65 63 92 54 3 69 35 26 12 77 28
94 37 38 90 71 25 77 10 3 2 32 65 83 38 58 69 30 47 1 79 78 25 35 48 6 38 18 13 57 71 77 94 93 89 76 49 62 24 97 14 80 41 47 87 84 50 53 94 67 38
59 81 45 1 38 72 94 18 98 99 33 21 7 61 81 83 30 22 31 91 98 20 36 8 53 7 39 86 18 82 0 52 90 30 44 1 71 33 65 35 14 78 60 21 58 10 96 1 82 65
36 77 60 75 21 16 5 93 86 88 43 34 89 19 17 63 85 55 38 66 68 42 86 60 47 65 58 58 55 8 34 15 92 11 23 86 50 3 30 18 8 70 9 10 12 56 49 98 74 31
46 80 80 16 64 31 4 93 2 18 30 43 79 81 57 29 36 65 60 34 90 91 51 66 13 17 5 83 6 72 20 57 5 69 76 22 3 13 91 7 6 1 73 23 89 56 82 13 61 71
76 54 12 0 11 29 57 54 94 59 30 6 97 66 75 11 69 77 66 14 60 77 96 48 96 23 34 2 61 19 28 69 92 99 34 96 1 50 7 29 42 45 85 37 67 5 98 58 20 92
2 84 62 18 21 74 98 79 12 8 24 81 45 11 64 36 45 53 16 13 2 77 98 59 71 13 90 97 61 33 73 41 53 3 66 92 37 61 39 49 51 22 95 37 14 28 79 67 60 4
95 77 72 82 83 24 23 42 93 9 21 97 88 75 61 13 32 12 45 66 95 45 40 78 28 24 40 39 21 12 1 58 67 20 93 88 99 45 44 78 54 57 3 3 50 29 16 46 44 50
51 5 55 48 91 19 95 89 15 6 77 84 4 26 63 19 64 0 47 80 65 56 29 12 4 89 92 92 33 50 79 31 37 57 63 6 16 89 23 81 64 68 69 24 68 90 35 4 86 63
85 7 21 92 38 66 15 93 59 9 57 75 96 91 26 17 4 39 70 80 3 95 21 58 82 55 72 48 34 40 87 28 49 0 34 12 53 71 38 57 15 9 49 0 59 35 10 26 78 7
30 88 87 41 4 51 17 10 15 51 0 92 98 51 6 12 23 38 90 10 79 0 46 84 73 33 44 87 93 60 59 36 76 93 6 61 56 83 22 58 32 47 29 3 54 38 39 14 7 7
29 72 81 7 5 19 61 4 15 18 6 63 94 21 24 81 46 16 51 42 74 6 81 17 62 41 85 60 8 61 21 24 33 99 12 42 26 40 6 48 64 91 88 1 42 90 68 51 78 9
3 36 53 19 81 86 72 11 67 44 67 49 52 1 11 43 94 31 71 32 70 3 43 45 95 62 51 78 93 83 58 11 39 54 34 60 29 37 94 66 45 32 9 20 16 84 71 55 38 44
91 71 86 73 49 28 23 59 30 88 19 42 91 14 40 67 95 89 62 3 62 9 28 2 29 71 9 34 27 10 89 62 68 91 41 93 21 29 60 28 14 10 56 13 49 49 11 37 96 67
66 11 35 7 70 52 98 80 97 85 53 44 82 93 60 14 38 74 56 44 56 57 21 45 17 64 69 32 55 58 88 35 1 93 51 96 83 65 44 24 19 24 61 15 4 75 45 10 73 97
99 40 38 47 64 74 66 1 57 28 50 36 65 86 73 86 70 97 0 97 65 59 44 34 59 5 94 32 41 2 90 69 49 77 67 77 67 90 21 29 80 41 95 31 46 31 18 13 65 60
70 84 3 74 19 72 89 19 53 25 43 65 77 82 78 16 72 73 23 26 70 76 4 55 60 41 59 11 72 37 26 93 21 72 64 42 11 52 42 87 94 75 35 40 88 27 92 97 72 89
57 76 11 42 94 43 32 40 29 42 83 98 77 24 1 36 3 13 49 53 85 67 8 33 76 49 80 67 54 10 66 88 8 42 98 8 92 1 83 84 66 2 79 31 36 57 31 0 82 98
17 20 32 65 43 15 19 34 44 22 99 29 12 46 58 99 21 14 80 86 94 72 70 94 26 9 80 46 42 7 39 26 64 2 56 63 96 71 56 42 8 24 64 89 51 70 24 60 69 51
31 40 25 64 40 30 82 93 77 81 72 37 4 85 97 50 57 32 88 65 2 81 30 17 19 69 88 93 78 85 35 14 99 76 37 80 83 96 57 89 17 67 25 58 4 11 50 94 64 95
79 83 75 67 13 91 73 27 46 4 10 34 27 10 9 80 56 71 29 5 13 2 62 33 61 90 30 16 55 57 95 63 28 60 99 54 62 5 30 90 67 74 4 33 69 8 92 52 3 76
91 25 69 58 62 80 29 11 27 37 83 1 77 70 52 40 95 81 79 4 36 22 31 49 89 53 44 97 98 26 9 85 73 54 46 30 25 86 67 53 10 52 18 32 22 45 36 77 28 86
22 21 23 18 58 36 49 99 99 45 11 14 56 57 41 18 32 33 74 36 76 76 77 48 46 93 21 52 65 45 30 14 87 34 21 30 10 58 46 30 88 41 81 19 16 53 38 51 68 17
74 22 59 7 79 2 37 65 90 22 53 52 32 30 38 96 37 91 69 95 58 51 56 86 25 79 37 31 53 82 20 77 92 61 97 81 57 47 50 1 19 30 11 87 4 85 14 58 25 40
