8 14
0 0 1 2 3 3 4 5 5 6 7 8 9 10 11 11 12 12 13 13 14 15 15 16 17 17 18 18 19 20 21 22 22 23 23 24 24 25 25 26 26 27 27 28 28 29 30 31 31 32
33 33 1 2 34 35 35 36 37 6 38 8 9 39 40 40 41 42 42 43 44 45 45 16 46 46 47 48 19 20 21 49 49 50 50 51 52 53 53 54 54 55 56 56 57 29 30 58 59 32
60 61 62 62 63 64 64 36 37 65 38 66 67 39 68 68 41 69 70 70 44 71 72 73 74 75 75 48 76 76 77 78 79 79 80 51 52 81 82 82 83 84 85 86 86 87 88 88 59 89
60 61 90 91 63 92 92 93 93 65 94 66 67 95 95 96 97 69 98 99 100 71 72 73 74 101 102 103 104 104 77 105 105 106 80 107 108 108 109 109 83 84 85 110 111 87 112 112 113 89
114 115 115 91 116 117 118 118 119 119 94 120 120 121 121 96 122 122 98 99 100 123 124 125 125 101 126 103 127 128 129 130 131 131 132 133 133 134 134 135 136 136 137 110 111 138 139 139 140 141
114 142 142 143 116 144 144 145 145 146 146 147 148 149 149 150 151 152 153 154 155 123 124 156 157 158 126 159 127 128 129 130 160 161 132 162 162 163 163 135 164 165 137 166 167 138 168 168 140 141
169 170 171 171 172 173 173 174 175 175 176 147 177 177 178 150 179 152 153 154 180 180 181 156 182 158 183 159 184 185 186 186 160 161 187 187 188 189 190 190 164 191 191 166 192 193 194 195 195 196
169 197 198 198 172 199 200 174 201 201 202 203 204 204 205 205 179 206 207 207 208 209 181 210 182 211 212 212 213 185 214 215 215 216 217 218 188 189 219 220 221 221 222 223 192 193 194 224 224 196
225 197 226 226 227 227 200 228 228 229 202 203 230 230 231 232 232 206 233 233 234 209 235 236 237 238 238 239 213 240 214 241 241 216 217 218 242 243 219 220 244 244 222 223 245 246 246 247 247 248
225 249 250 250 251 252 252 253 254 229 255 255 256 256 231 257 257 258 259 259 234 260 235 236 261 262 262 263 263 240 264 264 265 265 266 267 268 243 269 270 271 271 272 272 245 273 273 274 275 248
276 249 277 278 279 279 280 253 254 281 282 282 283 283 284 285 286 286 287 288 289 260 290 290 261 291 291 292 293 294 295 296 297 297 266 267 268 298 269 299 299 300 300 301 302 302 303 274 275 304
305 305 277 278 306 306 280 307 308 281 309 310 310 311 284 285 312 313 314 288 289 315 315 316 316 317 317 292 293 294 318 296 319 320 321 321 322 323 323 324 325 325 326 326 327 327 303 328 328 304
329 329 330 330 331 332 332 307 308 333 333 334 335 335 336 336 312 337 314 338 338 339 339 340 341 342 343 343 344 344 318 345 319 320 346 347 347 348 349 349 350 351 352 352 353 354 355 356 357 358
359 360 360 361 331 362 363 363 364 365 366 334 367 368 369 370 370 337 371 371 372 373 373 340 341 342 374 374 375 375 376 377 378 379 346 380 380 381 382 383 383 351 384 385 353 386 355 356 357 358
387 387 388 389 390 362 391 392 392 365 393 393 367 394 369 395 396 396 397 397 398 398 399 399 400 400 401 402 402 403 403 377 378 379 404 405 405 381 406 406 407 407 384 385 408 386 409 410 411 412
413 414 388 389 415 415 416 417 418 418 419 420 421 394 422 423 423 424 424 425 425 426 427 428 428 429 401 430 431 432 433 434 435 436 437 438 438 439 439 440 441 442 442 443 408 444 409 445 411 446
413 414 447 447 448 449 416 417 450 450 419 451 421 452 453 453 454 455 456 457 458 426 427 459 459 460 461 430 462 432 433 434 435 436 437 463 463 464 464 440 441 465 465 443 466 467 467 445 468 446
469 469 470 471 448 449 472 473 474 474 475 451 476 452 477 477 454 455 456 457 458 478 478 479 480 460 481 481 462 482 483 483 484 485 486 487 488 489 490 491 492 493 493 494 494 495 496 497 468 498
499 500 470 471 501 501 472 502 502 503 503 504 476 505 506 507 508 509 509 510 511 511 512 479 480 513 513 514 515 516 516 517 484 485 518 487 488 489 519 491 492 520 521 522 523 495 496 497 524 498
525 500 526 527 528 529 530 530 531 532 532 504 533 505 506 507 534 535 535 536 537 537 538 538 539 540 540 514 515 541 542 517 543 543 518 544 544 545 519 546 546 520 521 522 523 547 548 548 524 549
525 550 526 527 528 529 551 552 531 553 553 554 533 555 556 556 534 557 557 536 558 558 559 560 539 561 561 562 562 541 542 563 563 564 564 565 565 545 566 566 567 568 569 569 570 547 571 571 572 549
573 574 575 576 576 577 551 552 578 578 579 580 580 555 581 582 582 583 584 585 586 586 559 587 588 588 589 590 590 591 592 592 593 593 594 595 595 596 596 597 567 568 598 599 570 600 601 602 603 603
604 574 575 605 606 577 607 607 608 609 579 610 611 611 581 612 613 613 584 585 614 615 616 587 617 617 589 618 618 591 619 619 620 620 594 621 622 623 624 625 626 626 598 627 628 629 601 630 630 631
604 632 632 605 633 634 634 635 636 609 637 610 638 638 639 612 640 641 642 643 644 615 616 645 646 646 647 648 649 650 651 652 653 654 654 621 622 623 624 625 655 656 656 627 628 629 657 658 659 659
660 660 661 661 633 662 662 663 636 664 665 666 667 668 668 669 640 641 670 643 644 671 672 673 674 674 647 648 649 650 651 652 675 676 677 677 678 679 680 681 682 682 683 683 684 685 657 686 686 687
688 689 690 691 692 692 693 663 694 664 665 666 667 695 696 669 697 698 670 699 700 700 672 673 701 701 702 702 703 704 704 705 675 676 706 707 678 679 680 681 708 709 709 710 684 711 711 712 712 687
688 689 690 691 713 713 714 714 715 715 716 717 718 718 696 719 697 698 720 721 722 722 723 723 724 724 725 726 703 727 728 729 730 731 706 707 732 733 734 735 708 736 737 738 738 739 740 740 741 741
742 743 744 744 745 746 747 747 748 749 749 717 750 751 751 752 753 754 754 721 755 756 757 757 758 759 725 726 760 727 728 729 730 731 761 762 762 733 763 735 764 736 737 765 766 739 767 767 768 769
742 743 770 770 745 746 771 771 748 772 773 774 775 776 776 752 753 777 778 778 755 779 779 780 758 759 781 782 783 784 785 786 786 787 761 788 789 790 763 791 764 792 793 793 766 794 795 796 768 769
797 798 799 799 800 801 801 802 802 803 773 774 775 804 804 805 805 777 806 806 807 808 808 780 809 809 781 782 783 784 785 810 811 811 812 788 789 813 814 791 815 815 816 817 818 818 795 796 819 819
797 798 820 820 800 821 822 823 823 803 824 824 825 826 826 827 827 828 829 829 807 830 831 832 833 833 834 834 835 835 836 836 837 837 812 838 839 813 840 840 841 841 816 817 842 842 843 843 844 845
846 847 848 849 850 821 822 851 852 852 853 854 825 855 856 857 857 828 858 859 859 830 831 860 861 862 862 863 863 864 864 865 865 866 866 838 839 867 867 868 868 869 870 870 871 872 872 873 844 874
875 847 848 849 850 876 877 851 878 878 853 854 879 855 880 881 882 882 858 883 884 884 885 860 861 886 887 888 889 890 890 891 892 893 893 894 895 896 897 897 898 869 899 899 900 901 902 873 903 874
875 904 905 905 906 906 877 907 908 908 909 909 879 910 880 911 911 912 913 883 914 915 885 916 916 886 887 888 889 917 917 891 892 918 919 919 895 896 920 921 898 922 923 923 900 901 902 924 925 926
927 928 929 930 930 931 931 907 932 933 934 935 936 937 937 938 939 912 940 940 914 915 941 941 942 943 944 945 945 946 947 948 949 918 950 950 951 952 920 921 953 922 954 955 955 956 956 924 925 926
957 928 958 958 959 960 960 961 932 933 934 962 936 963 963 938 964 965 966 967 968 969 970 971 942 943 944 972 972 946 947 948 973 973 974 974 951 952 975 975 976 976 954 977 977 978 978 979 980 981
957 982 982 983 959 984 985 961 986 986 987 962 988 988 989 989 964 990 966 967 968 969 970 971 991 991 992 993 993 994 994 995 995 996 996 997 998 998 999 1000 1000 1001 1002 1002 1003 1003 1004 979 980 1005
1006 1007 1008 1008 1009 1009 985 1010 1011 1011 1012 1012 1013 1014 1014 1015 1016 990 1017 1017 1018 1018 1019 1019 1020 1020 1021 1022 1022 1023 1024 1025 1026 1027 1028 1028 1029 1029 999 1030 1030 1001 1031 1031 1032 1032 1004 1033 1033 1005
1006 1034 1035 1036 1036 1037 1038 1038 1039 1040 1041 1042 1013 1043 1044 1044 1016 1045 1046 1047 1047 1048 1049 1050 1051 1051 1021 1052 1052 1023 1024 1025 1026 1053 1053 1054 1055 1056 1057 1057 1058 1058 1059 1060 1061 1062 1063 1064 1065 1065
1066 1034 1035 1067 1067 1037 1068 1069 1039 1040 1041 1042 1070 1071 1072 1073 1074 1074 1046 1075 1075 1048 1049 1050 1076 1076 1077 1077 1078 1079 1079 1080 1080 1081 1081 1054 1055 1056 1082 1083 1084 1085 1085 1060 1061 1086 1063 1087 1087 1088
1066 1089 1089 1090 1091 1091 1068 1069 1092 1092 1093 1093 1070 1071 1072 1073 1094 1094 1095 1096 1096 1097 1097 1098 1098 1099 1100 1100 1078 1101 1102 1102 1103 1104 1105 1106 1107 1107 1082 1083 1108 1109 1110 1110 1111 1086 1112 1113 1113 1088
1114 1115 1116 1090 1117 1117 1118 1119 1120 1121 1122 1122 1123 1123 1124 1124 1125 1125 1095 1126 1126 1127 1127 1128 1128 1129 1129 1130 1131 1131 1132 1132 1103 1104 1105 1133 1134 1135 1136 1136 1108 1109 1137 1138 1111 1139 1112 1140 1141 1141
1114 1115 1142 1143 1143 1144 1118 1119 1120 1121 1145 1145 1146 1146 1147 1147 1148 1149 1150 1151 1151 1152 1153 1154 1155 1155 1156 1130 1157 1157 1158 1159 1160 1160 1161 1133 1134 1135 1162 1162 1163 1163 1137 1164 1164 1165 1165 1166 1167 1167
1168 1168 1142 1169 1169 1144 1170 1170 1171 1172 1173 1174 1174 1175 1176 1177 1148 1149 1178 1179 1180 1152 1153 1154 1181 1181 1182 1183 1183 1184 1158 1185 1185 1186 1161 1187 1187 1188 1188 1189 1189 1190 1190 1191 1191 1192 1193 1166 1194 1195
1196 1196 1197 1197 1198 1198 1199 1199 1200 1172 1173 1201 1202 1203 1176 1204 1204 1205 1178 1179 1206 1206 1207 1207 1208 1209 1182 1210 1210 1184 1211 1212 1212 1186 1213 1214 1214 1215 1215 1216 1217 1218 1218 1219 1219 1220 1193 1221 1194 1222
1223 1224 1225 1226 1227 1228 1228 1229 1200 1230 1230 1201 1231 1203 1232 1233 1234 1234 1235 1235 1236 1237 1237 1238 1208 1239 1240 1241 1242 1242 1211 1243 1244 1244 1213 1245 1246 1247 1247 1216 1217 1248 1248 1249 1249 1220 1250 1250 1251 1222
1223 1224 1225 1226 1227 1252 1252 1229 1253 1253 1254 1254 1231 1255 1255 1233 1256 1256 1257 1258 1236 1259 1259 1260 1261 1239 1240 1262 1263 1263 1264 1265 1266 1267 1268 1245 1246 1269 1269 1270 1271 1272 1272 1273 1273 1274 1275 1276 1276 1277
1278 1279 1279 1280 1281 1281 1282 1282 1283 1284 1284 1285 1286 1287 1288 1289 1289 1290 1257 1258 1291 1291 1292 1260 1261 1293 1293 1262 1294 1294 1264 1265 1266 1267 1268 1295 1295 1296 1297 1270 1298 1299 1300 1301 1301 1274 1275 1302 1302 1277
1303 1303 1304 1280 1305 1306 1307 1307 1308 1308 1309 1309 1286 1287 1288 1310 1310 1311 1312 1312 1313 1314 1315 1316 1317 1317 1318 1319 1319 1320 1321 1321 1322 1322 1323 1324 1324 1296 1297 1325 1298 1299 1326 1327 1328 1328 1329 1329 1330 1331
1332 1332 1304 1333 1305 1334 1334 1335 1335 1336 1336 1337 1337 1338 1338 1339 1339 1311 1340 1341 1341 1314 1315 1316 1342 1342 1318 1343 1343 1344 1344 1345 1345 1346 1323 1347 1347 1348 1348 1325 1349 1349 1326 1327 1350 1350 1351 1351 1330 1331
31 89 45 41 29 35 28 74 0 41 6 64 66 99 5 42 90 59 13 65 39 59 90 12 90 62 0 44 46 81 95 39 12 33 14 76 39 30 54 62 66 90 49 97 46 3 26 58 57 31
86 67 64 4 27 74 17 39 12 51 42 96 87 16 29 57 76 91 70 15 42 62 18 52 36 91 53 21 26 26 38 68 8 69 81 98 50 31 0 25 52 31 10 29 61 20 42 82 42 37
53 50 75 7 81 96 90 70 63 96 93 87 84 41 26 84 44 6 98 97 63 24 29 69 74 98 32 85 44 61 65 86 4 2 41 12 41 71 74 23 93 25 60 68 69 41 13 67 91 52
97 35 16 52 40 23 58 23 65 45 83 66 44 13 52 25 39 51 13 43 29 56 37 80 81 22 12 12 35 74 47 62 3 40 92 88 18 13 21 11 85 16 19 6 94 99 34 56 40 63
60 73 61 19 1 25 75 25 1 66 8 51 18 99 21 29 97 32 84 15 93 49 55 20 39 61 71 91 85 86 21 66 88 91 10 37 45 90 34 31 33 85 89 55 65 5 42 59 91 82
52 71 14 44 36 99 4 79 94 49 18 64 71 46 4 93 30 84 66 99 14 26 26 19 62 1 73 13 26 64 13 61 66 41 26 71 68 47 46 90 30 27 7 4 11 27 34 2 97 7
17 43 42 93 34 23 47 41 83 57 33 24 48 6 20 58 11 5 36 97 15 5 35 76 70 22 77 79 16 98 14 96 49 50 64 93 87 25 3 63 58 17 94 78 49 73 19 78 42 33
54 47 18 14 71 52 45 64 45 80 89 37 61 92 29 37 2 69 98 94 27 88 37 27 23 62 63 1 71 79 41 1 88 85 66 83 51 2 61 42 94 13 50 64 97 19 37 15 22 29
37 31 57 58 13 49 66 44 91 7 6 65 40 68 84 79 77 64 55 47 24 95 25 79 77 2 12 47 53 5 30 59 2 84 28 25 92 47 85 92 99 10 32 38 16 49 45 26 44 3
33 82 47 50 89 83 37 31 43 97 48 7 40 11 38 73 9 4 45 28 40 41 56 61 27 7 64 93 22 48 92 29 60 57 66 14 79 19 33 91 35 74 62 34 18 92 73 60 77 15
16 70 98 4 40 48 49 82 29 51 29 89 45 93 45 26 61 12 60 87 92 53 38 79 83 7 25 71 72 58 14 64 82 71 93 50 39 83 68 54 47 97 93 68 3 54 2 98 0 55
75 42 2 76 37 22 88 16 59 10 5 79 12 90 93 95 89 31 81 44 74 86 13 75 36 10 66 18 40 27 4 71 39 14 48 67 84 44 91 31 44 38 95 34 73 81 12 42 77 41
10 77 20 73 30 30 92 26 0 74 66 9 38 97 76 83 86 29 22 83 15 6 26 16 97 42 27 73 47 2 77 4 6 21 76 50 20 30 41 91 13 89 78 97 44 31 67 54 92 77
68 49 24 12 7 5 28 11 64 89 6 81 40 99 8 22 39 8 36 82 86 56 91 6 64 78 89 33 72 65 40 24 2 24 24 36 66 86 4 47 66 75 69 37 7 99 21 9 20 17
71 6 17 76 88 7 22 68 39 45 6 68 43 47 98 82 70 18 21 18 42 44 95 86 22 90 42 7 19 53 56 64 18 54 21 38 57 99 89 78 94 14 51 52 45 63 62 27 28 71
53 12 46 51 97 82 11 50 56 93 43 36 8 37 72 4 78 94 14 44 93 21 50 90 37 83 42 74 63 57 25 31 62 19 80 8 78 27 86 96 23 78 78 73 89 59 91 45 46 33
97 5 20 28 80 58 64 3 94 62 90 40 18 80 63 24 36 29 74 60 6 90 60 22 34 94 27 86 87 34 80 42 21 41 48 57 72 38 14 99 8 54 0 0 93 71 25 60 38 23
96 16 92 94 19 48 32 10 82 27 2 33 91 99 54 10 99 74 10 37 61 71 59 65 97 31 84 84 23 49 2 58 54 62 76 25 3 37 5 91 60 28 76 55 93 0 85 13 16 66
24 28 35 96 20 78 26 95 12 69 75 48 4 15 47 1 13 77 32 44 15 50 56 74 94 90 80 85 2 28 22 97 24 95 27 52 38 29 53 43 33 11 2 55 20 62 40 56 63 76
54 49 4 4 66 34 54 86 85 75 95 51 93 23 37 95 51 4 22 10 19 74 84 97 76 2 11 37 91 34 62 52 89 62 66 1 79 32 80 16 66 61 46 51 1 67 91 36 75 56
25 32 55 93 87 26 5 94 91 17 5 40 89 79 84 62 71 64 83 26 53 96 3 5 9 73 42 56 78 72 61 32 6 3 71 6 49 28 51 10 85 12 72 65 74 8 27 58 71 34
25 13 38 67 34 93 52 61 68 98 83 43 7 31 57 86 66 43 34 53 5 78 34 32 37 89 91 16 93 19 81 28 35 79 8 9 83 97 31 85 82 91 68 82 95 27 60 37 2 23
17 41 16 51 66 59 41 8 71 71 69 78 86 91 26 22 9 50 30 77 92 53 85 89 90 38 44 14 6 7 79 77 35 84 46 51 18 71 91 9 87 97 57 90 13 19 4 97 16 44
51 86 7 11 1 63 37 50 42 8 37 95 36 41 69 73 94 9 50 19 74 18 11 79 45 76 22 91 28 2 57 67 70 50 51 5 0 60 16 64 0 70 20 52 8 36 36 97 37 7
45 53 70 0 69 71 74 40 49 69 51 85 55 90 57 94 45 89 14 37 6 69 20 26 7 65 7 83 0 93 39 75 20 58 59 1 50 41 10 45 7 16 96 18 45 12 98 38 62 99
77 1 58 57 87 26 75 51 65 13 94 17 98 12 26 21 67 80 91 23 16 64 39 19 37 34 3 39 10 35 84 48 38 83 73 63 66 79 42 15 7 81 98 39 80 12 6 39 4 69
94 32 53 93 56 13 47 45 97 6 8 32 93 45 60 37 9 3 2 42 55 75 50 27 66 65 9 45 12 89 22 43 49 61 20 46 85 96 74 68 73 24 85 34 31 27 55 84 64 44
4 95 32 70 50 61 75 86 86 6 95 3 89 87 86 55 99 84 70 58 20 20 47 96 42 0 34 38 23 81 42 51 61 62 69 19 96 5 16 86 55 95 99 90 34 29 94 54 79 8
12 28 61 99 47 7 82 58 24 90 26 67 6 17 94 53 27 49 25 32 59 41 25 92 52 52 84 59 47 44 42 61 78 87 1 68 88 85 73 16 86 74 60 77 84 37 58 0 16 42
96 36 28 12 84 56 44 22 25 66 63 85 34 27 26 90 82 59 6 29 78 51 88 56 53 83 84 11 73 66 96 76 53 2 26 37 98 36 68 10 62 50 40 7 55 32 88 30 70 53
31 68 52 3 73 12 64 75 55 14 94 65 46 94 73 4 30 99 76 54 15 66 59 51 99 24 65 58 35 37 43 0 48 94 6 21 70 76 13 50 66 59 40 14 90 17 22 71 38 16
62 7 97 78 48 20 2 16 75 93 3 74 98 0 22 72 11 56 35 36 96 77 78 34 7 72 57 74 68 59 93 67 67 6 69 68 72 27 88 77 74 54 82 7 76 23 96 28 66 3
25 47 61 0 30 69 12 67 21 94 3 69 79 40 52 91 26 89 34 59 29 96 3 31 73 22 13 46 34 50 35 45 87 5 28 79 63 53 8 25 6 47 75 63 9 50 20 8 22 19
4 49 94 12 85 9 91 31 41 33 5 45 3 11 7 36 38 82 6 1 10 84 4 47 32 28 10 26 49 92 92 16 99 15 42 63 98 65 83 25 41 92 91 46 12 86 2 49 44 65
95 31 69 19 26 77 16 92 56 34 59 47 25 1 89 31 34 5 74 82 98 55 46 35 79 64 9 16 45 9 43 46 59 59 70 97 99 17 11 94 10 95 80 68 57 81 20 18 18 11
7 6 25 52 42 84 7 65 37 22 13 51 13 77 27 40 83 29 34 5 4 60 15 43 28 52 33 68 68 42 67 3 83 24 46 87 46 29 70 87 1 45 83 20 82 96 94 69 46 31
9 73 82 48 42 26 30 66 31 61 9 13 60 3 57 28 42 90 32 55 68 29 96 7 20 21 79 29 26 50 17 21 18 27 38 62 19 95 69 49 39 25 80 45 91 3 93 91 83 19
41 19 3 8 34 25 17 31 49 3 91 43 39 53 71 55 65 38 66 37 9 64 77 70 52 53 91 26 37 97 6 63 82 85 24 48 54 96 76 13 71 40 30 6 14 66 43 86 89 96
44 88 83 96 15 47 70 77 98 64 24 36 40 58 13 9 93 77 68 64 46 54 45 6 30 51 11 93 82 47 50 8 80 61 84 10 54 27 82 74 4 96 98 25 9 91 74 78 69 86
71 50 4 64 37 90 30 84 3 80 37 73 77 50 80 86 91 29 65 23 12 50 42 26 8 59 28 65 7 45 87 80 60 10 67 64 30 0 79 42 20 22 45 41 75 13 65 89 99 70
27 98 20 64 45 6 49 67 16 59 12 96 68 12 97 82 3 90 82 93 77 70 1 1 12 59 2 21 29 64 0 38 84 92 94 17 83 24 11 12 46 8 68 49 85 23 69 0 72 16
92 83 7 47 90 97 28 5 90 64 92 92 64 16 60 31 9 16 67 70 55 12 96 72 39 43 41 60 53 50 61 48 52 6 79 53 63 55 58 64 80 72 3 96 34 54 42 36 0 39
36 22 23 8 26 81 78 27 86 77 2 27 18 34 19 2 94 2 28 6 81 98 83 64 25 36 31 66 70 35 57 59 18 88 77 97 70 69 3 9 82 79 98 63 74 36 20 64 92 62
37 14 62 78 80 57 92 15 42 81 11 24 50 78 90 70 63 46 92 46 16 80 89 65 22 99 46 27 62 75 89 43 69 57 95 50 39 33 5 92 10 22 7 98 46 61 64 93 92 50
85 21 59 37 18 49 64 37 51 21 79 22 33 18 81 19 25 49 47 53 86 88 25 25 55 90 54 8 52 98 64 60 86 44 30 49 81 54 52 23 35 72 51 37 88 99 20 84 28 36
36 83 28 63 45 30 84 27 32 72 17 32 58 46 24 51 48 6 58 30 15 82 50 80 59 6 86 37 60 26 25 34 3 76 43 98 32 95 9 73 63 44 24 90 60 97 21 49 64 83
80 39 36 88 67 42 16 51 76 9 56 50 48 57 60 92 59 77 67 28 1 46 14 26 66 80 73 40 76 9 43 54 49 27 26 85 88 57 70 33 77 30 69 10 53 45 77 85 7 30
63 85 36 57 99 79 63 4 47 80 77 14 24 49 71 27 36 32 97 5 13 17 13 86 29 6 50 87 93 28 78 14 33 60 21 11 59 96 12 62 93 49 92 19 37 73 1 74 24 29
89 18 81 73 50 12 52 4 60 64 3 62 94 81 39 34 25 86 5 6 91 89 11 6 53 54 42 24 9 68 62 90 20 81 12 80 64 36 81 25 33 9 9 33 52 19 22 99 89 58
35 43 28 33 57 9 65 32 11 56 4 52 45 45 9 35 78 26 30 72 56 87 24 39 56 42 47 66 39 25 91 96 78 85 1 48 48 25 46 85 0 47 91 30 96 13 40 94 64 29
