6 47
0 0 1 1 2 3 4 4 5 5 6 6 7 7 8 8 9 10 10 11 12 12 13 13 14 15 15 16 16 17 18 19 20 21 22 23 24 25 25 26 26 27 28 29 30 30 31 32 33 34
35 36 37 38 2 39 40 41 41 42 42 43 43 44 44 45 9 46 47 11 48 48 49 49 14 50 51 51 52 17 18 19 20 53 22 23 24 54 55 56 57 57 28 29 58 58 31 32 33 34
35 36 37 38 59 39 60 60 61 61 62 63 63 64 64 45 65 46 47 66 67 68 68 69 69 50 70 71 72 73 74 74 75 53 76 76 77 54 55 56 78 78 79 80 81 82 82 83 83 84
85 86 87 87 59 88 88 89 90 90 91 91 92 93 94 95 95 96 96 66 97 97 98 99 99 100 70 71 72 73 101 101 75 102 102 103 104 104 105 106 107 107 79 80 81 108 109 109 110 84
85 111 111 112 113 113 114 114 115 115 116 117 92 93 94 118 118 119 120 120 121 122 122 123 123 100 124 125 126 127 127 128 128 129 130 130 131 132 105 106 133 134 134 135 135 136 136 137 138 139
140 140 141 112 142 142 143 144 145 145 116 117 146 146 147 148 149 150 150 151 152 152 153 153 154 155 155 125 126 156 157 157 158 129 159 159 131 132 160 161 133 162 163 163 164 165 166 167 138 139
168 169 169 170 171 172 143 144 173 173 174 174 175 176 176 148 149 177 177 151 178 179 179 180 154 181 181 182 183 156 184 185 158 186 186 187 187 188 160 161 189 162 190 190 164 165 166 167 191 192
168 193 194 195 171 172 196 196 197 198 199 200 200 201 202 202 203 203 204 205 178 206 206 180 207 208 209 182 183 210 210 185 211 211 212 213 214 188 215 216 189 217 217 218 219 220 221 221 191 192
222 193 194 195 223 224 224 225 197 198 199 226 226 227 228 228 229 230 230 205 231 231 232 232 233 208 209 234 235 235 236 237 237 238 239 213 214 240 240 216 241 241 242 218 219 220 243 243 244 244
222 245 245 246 246 247 247 248 249 250 251 251 252 227 253 254 229 255 255 256 256 257 258 258 233 259 260 234 261 261 236 262 263 264 239 265 266 267 268 268 269 270 271 272 273 273 274 275 276 276
277 278 279 279 280 280 281 248 249 250 282 283 284 284 253 285 286 286 287 288 289 289 290 290 291 259 260 292 293 294 295 262 263 264 296 265 266 267 297 298 269 270 271 272 299 300 300 275 301 301
277 278 302 303 304 305 306 306 307 308 308 283 309 310 310 285 311 312 312 288 313 314 315 316 291 317 318 292 293 294 295 319 320 321 322 322 323 324 297 325 326 326 327 328 328 329 329 330 330 331
332 333 302 303 304 334 335 335 336 336 337 337 309 338 339 339 311 340 341 342 313 314 315 343 344 317 318 345 346 347 347 319 320 321 348 348 323 349 349 325 350 350 327 351 351 352 353 354 354 355
332 356 357 358 358 334 359 360 360 361 361 362 363 363 364 364 365 340 341 366 366 367 368 343 344 369 369 345 370 370 371 372 373 374 374 375 376 376 377 378 378 379 380 381 382 352 353 383 383 355
384 356 357 385 386 387 388 388 389 390 390 391 391 392 393 393 365 394 394 395 396 397 368 398 399 400 400 401 402 402 371 372 373 403 403 404 405 406 377 407 408 409 380 381 410 410 411 411 412 413
414 415 416 385 386 417 417 418 389 419 420 421 422 422 423 424 424 425 426 395 396 397 427 427 399 428 428 429 429 430 430 431 432 433 434 404 405 406 435 407 408 409 436 436 437 438 439 439 412 440
414 415 441 441 442 443 443 444 445 445 420 421 446 446 423 447 448 425 426 449 450 451 451 452 452 453 454 454 455 456 457 431 458 433 434 459 460 461 435 462 462 463 464 465 437 438 466 466 467 440
468 469 469 470 471 471 472 444 473 473 474 475 475 476 477 477 448 478 479 449 480 480 481 482 482 453 483 484 484 456 485 485 458 486 486 459 460 487 487 488 488 463 464 465 489 489 490 490 467 491
468 492 493 494 495 496 472 497 498 498 474 499 499 476 500 501 501 478 479 502 503 504 481 505 506 507 507 508 509 509 510 511 511 512 513 514 514 515 515 516 517 518 519 520 520 521 521 522 522 523
524 492 493 494 525 496 526 497 527 527 528 529 530 531 500 532 533 533 534 502 535 504 536 505 506 537 538 538 539 540 510 541 541 512 513 542 543 543 544 516 517 518 519 545 546 547 547 548 549 523
524 550 550 551 525 552 552 553 554 554 528 529 530 531 555 555 556 556 557 557 535 558 558 559 560 537 561 562 539 540 563 564 564 565 566 567 567 568 544 569 570 571 571 545 546 572 572 548 549 573
574 575 576 551 577 577 578 553 579 580 581 582 583 584 584 585 586 586 587 588 589 590 591 559 592 593 561 562 594 594 563 595 595 565 566 596 596 568 597 569 598 599 600 601 602 602 603 604 604 573
605 575 576 606 607 607 578 608 609 580 610 582 583 611 612 613 613 614 587 588 589 590 591 615 592 616 616 617 617 618 619 620 620 621 622 622 623 624 624 625 598 599 600 626 626 627 628 628 629 629
605 630 630 606 631 631 632 608 609 633 610 634 635 611 636 637 637 614 638 638 639 639 640 641 642 642 643 643 644 644 619 645 645 621 646 646 623 647 647 648 649 650 650 651 652 653 653 654 654 655
656 656 657 658 658 659 660 661 662 633 663 663 635 664 636 665 665 666 666 667 668 669 669 641 670 670 671 671 672 673 673 674 675 676 676 677 678 678 679 648 680 680 681 681 652 682 683 683 684 655
685 686 686 687 687 659 660 661 662 688 689 689 690 691 692 693 694 694 695 695 668 696 696 697 697 698 698 699 700 700 701 674 702 702 703 677 704 705 705 706 706 707 708 709 710 710 711 711 712 713
714 715 715 716 717 718 718 719 720 720 721 722 723 691 692 693 724 725 725 726 726 727 727 728 729 729 730 731 731 732 701 733 734 735 703 736 736 737 737 738 738 707 708 709 739 739 740 741 712 742
714 743 743 716 717 744 745 745 746 747 748 722 723 749 750 751 751 752 753 754 755 755 756 728 757 757 758 758 759 732 760 733 734 761 761 762 763 764 764 765 765 766 767 767 768 769 740 741 770 742
771 771 772 773 773 744 774 775 746 776 748 777 778 749 779 779 780 752 753 754 781 781 756 782 782 783 783 784 784 785 760 786 787 787 788 788 763 789 789 790 790 766 791 792 768 793 794 794 795 796
797 797 772 798 799 800 801 775 802 776 803 777 778 804 804 805 780 806 806 807 808 809 809 810 811 812 812 813 814 814 815 816 816 817 818 819 819 820 821 821 822 822 791 792 823 793 824 824 795 825
826 826 827 798 799 800 801 828 828 829 803 830 831 832 833 834 835 835 836 807 808 837 837 810 811 838 838 839 840 840 841 842 842 817 818 843 844 820 845 846 847 847 848 848 849 850 851 851 852 825
853 854 854 855 855 856 857 857 858 829 859 830 831 832 833 834 860 860 836 861 861 862 862 863 863 864 865 839 866 866 841 867 868 869 870 871 844 872 845 873 873 874 875 876 849 850 877 877 878 878
853 879 880 881 882 883 884 885 858 886 887 887 888 888 889 890 890 891 891 892 893 893 894 895 895 896 865 897 897 898 899 900 868 869 870 871 901 901 902 903 903 874 875 876 904 905 905 906 907 907
908 879 880 881 909 883 884 885 910 886 911 912 912 913 914 915 916 916 917 918 919 920 894 921 922 896 923 924 924 898 899 900 925 925 926 926 927 927 902 928 929 930 930 931 931 932 932 933 933 934
935 935 936 936 909 937 938 938 939 939 940 940 941 913 914 915 942 942 917 918 919 920 943 921 944 945 945 946 946 947 948 949 949 950 951 952 953 954 954 928 929 955 955 956 957 958 959 959 960 934
961 962 962 963 963 937 964 965 965 966 966 967 967 968 969 969 970 971 972 973 974 974 943 975 944 976 976 977 977 978 948 979 980 950 951 952 953 981 982 982 983 984 984 985 957 958 986 987 988 988
989 989 990 990 991 991 964 992 993 993 994 995 995 968 996 997 970 971 972 973 998 999 999 975 1000 1000 1001 1001 1002 978 1003 1003 980 1004 1005 1005 1006 981 1007 1008 983 1009 1010 985 1011 1011 986 987 1012 1012
1013 1014 1015 1016 1016 1017 1017 1018 1019 1019 1020 1021 1021 1022 996 997 1023 1023 1024 1024 1025 1026 1026 1027 1028 1029 1029 1030 1030 1031 1032 1032 1033 1004 1034 1035 1006 1036 1007 1008 1037 1009 1038 1038 1039 1040 1040 1041 1041 1042
1013 1014 1043 1043 1044 1045 1046 1018 1047 1047 1020 1048 1048 1022 1049 1049 1050 1051 1051 1052 1025 1053 1054 1027 1055 1055 1056 1057 1057 1058 1059 1059 1033 1060 1034 1035 1061 1061 1062 1063 1064 1065 1066 1067 1039 1068 1069 1070 1071 1042
1072 1073 1073 1074 1075 1045 1046 1076 1077 1077 1078 1079 1080 1081 1082 1083 1083 1084 1084 1052 1085 1053 1086 1087 1088 1089 1056 1090 1090 1058 1091 1092 1092 1060 1093 1094 1095 1095 1096 1063 1064 1065 1066 1067 1097 1068 1069 1098 1071 1099
1072 1100 1101 1074 1075 1102 1102 1076 1103 1103 1078 1079 1104 1081 1082 1105 1106 1106 1107 1108 1109 1109 1086 1087 1088 1089 1110 1111 1111 1112 1091 1113 1113 1114 1093 1094 1115 1116 1096 1117 1118 1118 1119 1119 1097 1120 1120 1098 1121 1121
1122 1100 1123 1124 1125 1126 1126 1127 1128 1128 1129 1129 1104 1130 1131 1105 1132 1132 1107 1133 1134 1134 1135 1136 1136 1137 1138 1139 1139 1140 1141 1142 1142 1143 1143 1144 1115 1145 1146 1147 1147 1148 1148 1149 1150 1151 1152 1153 1154 1154
1122 1155 1123 1124 1156 1157 1157 1127 1158 1159 1160 1160 1161 1130 1131 1162 1163 1164 1165 1133 1166 1167 1135 1168 1168 1169 1138 1170 1171 1140 1141 1172 1172 1173 1174 1174 1175 1145 1146 1176 1177 1177 1178 1178 1150 1151 1152 1153 1179 1179
1180 1181 1182 1182 1156 1183 1184 1184 1158 1159 1185 1186 1186 1187 1188 1162 1163 1164 1189 1189 1166 1190 1191 1191 1192 1169 1193 1170 1171 1194 1194 1195 1196 1197 1197 1198 1175 1199 1199 1200 1200 1201 1202 1203 1204 1204 1205 1206 1207 1208
1209 1181 1210 1211 1212 1213 1214 1215 1215 1216 1185 1217 1217 1187 1218 1219 1219 1220 1221 1222 1222 1190 1223 1223 1224 1224 1225 1226 1227 1227 1228 1195 1229 1229 1230 1198 1231 1231 1232 1233 1233 1201 1202 1203 1234 1235 1236 1206 1207 1208
1209 1237 1237 1211 1238 1213 1214 1239 1239 1216 1240 1241 1241 1242 1218 1243 1244 1220 1221 1245 1246 1246 1247 1247 1248 1249 1225 1250 1250 1251 1228 1252 1253 1254 1255 1256 1256 1257 1232 1258 1258 1259 1259 1260 1234 1235 1236 1261 1262 1262
1263 1264 1265 1265 1238 1266 1267 1267 1268 1269 1270 1271 1272 1242 1273 1243 1244 1274 1274 1275 1275 1276 1277 1277 1248 1278 1278 1279 1279 1251 1280 1280 1253 1254 1255 1281 1282 1282 1283 1283 1284 1285 1285 1286 1286 1287 1287 1261 1288 1289
1263 1264 1290 1290 1291 1291 1292 1292 1268 1269 1270 1293 1272 1294 1273 1295 1295 1296 1297 1297 1298 1299 1299 1300 1300 1301 1301 1302 1303 1303 1304 1305 1305 1306 1306 1281 1307 1307 1308 1309 1310 1310 1311 1312 1313 1313 1314 1314 1288 1289
1315 1316 1317 1317 1318 1319 1320 1320 1321 1322 1323 1293 1324 1294 1325 1325 1326 1296 1327 1328 1329 1329 1330 1331 1332 1332 1333 1333 1334 1335 1335 1336 1337 1338 1339 1340 1341 1342 1342 1309 1343 1343 1311 1312 1344 1345 1346 1346 1347 1347
1315 1316 1348 1348 1318 1319 1349 1350 1350 1322 1351 1351 1352 1352 1353 1353 1326 1354 1327 1355 1355 1356 1330 1331 1357 1357 1358 1358 1334 1359 1359 1336 1337 1338 1339 1340 1341 1360 1360 1361 1362 1362 1363 1363 1344 1345 1364 1364 1365 1365
92 35 8 95 77 69 38 76 33 47 40 94 65 75 28 49 73 43 57 9 69 16 57 27 94 26 47 37 21 80 26 54 66 19 47 8 10 72 67 88 45 99 35 83 91 79 21 87 25 61
32 0 50 91 20 95 22 85 92 97 21 50 3 15 74 24 51 87 2 68 34 41 94 89 56 93 47 11 75 35 39 81 84 83 19 12 79 44 87 17 73 7 24 78 22 50 32 55 39 0
26 27 58 96 25 66 44 41 52 36 88 53 3 9 4 22 79 99 60 36 96 1 58 21 11 58 33 77 16 9 4 43 93 54 88 22 84 82 85 49 62 57 38 49 1 96 88 55 80 43
75 32 78 83 64 71 97 91 43 41 75 67 65 81 81 54 13 21 41 16 47 61 8 77 1 40 56 59 70 37 71 38 30 71 50 99 40 77 29 14 64 16 84 8 16 61 4 31 34 58
54 92 93 35 27 55 40 80 96 43 67 50 65 95 49 91 2 64 12 24 83 58 98 57 62 53 82 86 42 88 16 45 72 32 12 5 60 33 9 51 17 77 64 49 31 94 65 33 1 26
84 52 19 65 53 5 4 8 4 20 54 42 55 43 24 72 41 79 83 39 33 33 17 41 13 65 0 55 98 8 24 6 73 58 69 90 97 79 40 40 14 76 11 49 15 32 16 14 77 59
50 84 4 49 4 63 32 19 8 92 43 6 72 44 20 53 46 95 77 30 25 41 83 60 78 56 33 14 52 53 24 27 79 26 23 33 13 27 38 29 71 37 77 49 24 5 52 17 44 10
7 84 43 15 81 95 51 68 76 84 47 10 10 18 50 45 59 82 12 31 98 96 21 29 80 18 5 45 8 91 96 79 78 80 29 88 28 34 50 53 42 2 40 94 7 43 56 34 97 5
1 59 30 89 29 42 96 40 97 60 97 98 93 47 65 84 56 93 63 27 81 87 53 23 32 12 33 76 20 49 47 82 53 24 74 25 70 13 95 36 27 72 96 46 24 93 71 52 44 37
27 79 80 45 77 82 52 7 14 25 17 39 77 10 43 44 42 5 71 81 81 13 5 79 75 51 74 8 24 69 40 62 14 23 50 71 6 47 19 15 68 81 51 14 65 33 53 57 48 66
56 50 14 41 32 86 76 18 18 9 32 30 51 73 31 4 26 38 23 44 13 25 57 83 94 38 33 35 6 69 0 59 15 43 67 53 0 95 31 83 11 10 77 54 85 80 47 66 36 55
72 90 90 12 10 52 99 26 23 13 59 70 55 89 98 13 52 31 55 58 3 23 12 35 32 52 48 96 72 47 20 24 19 96 30 75 57 56 3 35 88 49 90 86 47 16 32 56 84 46
27 23 76 4 98 41 10 82 47 46 27 26 64 47 77 74 33 25 11 64 43 41 26 37 20 55 57 60 32 15 88 27 60 89 81 25 52 23 88 36 48 40 59 79 68 9 21 34 60 14
36 23 95 10 55 45 49 97 50 90 60 95 95 90 41 93 24 25 29 68 97 3 11 29 70 56 5 75 80 52 83 43 18 45 66 94 92 19 33 54 84 57 59 1 98 92 65 85 69 65
92 79 43 50 87 17 83 91 72 30 18 10 72 65 30 36 87 74 91 77 41 80 64 97 38 26 82 78 44 56 8 17 90 93 48 13 18 53 87 90 56 81 77 30 29 37 62 42 12 32
67 64 56 29 34 69 72 81 48 46 43 71 98 39 11 67 69 84 59 28 10 26 2 47 28 35 12 64 52 91 88 57 36 52 93 62 42 6 61 42 67 59 76 63 23 65 14 57 28 34
19 22 7 80 56 37 84 91 23 98 46 77 52 6 19 18 19 13 89 34 10 1 29 66 71 34 22 41 12 99 57 67 60 93 9 41 38 14 41 84 13 32 84 40 41 71 27 39 22 14
79 65 69 86 29 34 76 72 99 36 76 90 12 19 17 60 69 89 48 98 70 48 52 32 37 5 60 96 14 29 24 16 42 63 2 38 21 64 52 23 88 13 72 70 15 67 27 83 44 40
21 5 79 5 62 86 15 93 54 15 63 2 67 63 46 51 8 21 48 65 33 30 81 44 14 47 12 29 12 75 3 27 60 72 82 34 38 5 68 81 14 24 31 32 64 54 45 98 63 10
37 56 63 73 48 44 44 46 2 26 79 73 28 32 45 38 71 91 36 25 93 42 2 79 0 8 72 38 29 90 11 54 74 14 28 24 96 85 93 45 28 73 85 12 6 21 65 51 57 10
28 66 29 76 75 19 23 11 50 65 14 37 15 6 52 62 22 0 78 26 81 70 97 70 29 34 10 88 81 70 67 52 86 32 67 98 45 9 25 41 11 23 61 54 24 96 50 86 69 56
88 39 15 72 88 21 2 84 74 94 90 76 78 18 33 79 34 3 91 58 83 21 16 81 42 47 71 6 9 2 44 41 66 71 75 20 26 18 54 75 13 0 49 81 35 21 88 94 18 89
11 65 9 41 41 93 70 6 15 49 76 42 18 10 89 53 36 79 46 74 85 86 49 1 1 27 48 41 57 74 30 59 94 24 21 71 20 20 61 88 46 59 6 84 50 19 26 60 54 70
7 5 91 22 11 70 47 73 9 87 22 2 66 95 27 2 8 89 97 94 28 39 67 45 90 96 87 66 52 61 73 63 33 64 36 20 53 77 48 44 20 67 93 98 29 41 67 59 6 0
16 48 65 51 46 56 26 42 80 65 88 51 57 4 48 97 12 22 24 43 2 53 95 77 7 79 34 34 36 68 5 67 88 4 86 72 78 57 39 99 89 11 58 83 53 8 90 62 9 15
28 69 25 60 65 15 9 80 91 29 57 56 28 19 81 65 42 65 88 71 91 30 95 93 24 12 87 86 97 74 54 59 30 46 26 80 78 33 62 69 49 58 85 13 10 49 16 18 60 83
8 6 79 99 64 71 93 14 27 20 89 6 44 23 52 76 11 48 98 74 72 46 54 43 35 53 50 3 15 7 22 39 21 93 49 53 76 32 77 74 12 0 49 67 80 23 90 3 27 7
89 77 52 23 8 67 1 59 75 37 24 59 43 57 28 98 66 17 63 35 63 55 86 53 19 95 90 16 17 94 9 24 11 69 57 96 55 62 85 48 4 13 74 4 53 66 95 29 61 87
31 51 67 10 1 37 4 40 67 11 4 46 98 56 32 88 49 74 3 11 27 62 75 29 99 82 23 18 95 56 94 22 72 73 2 69 83 42 47 86 71 19 98 76 55 56 75 29 67 71
52 87 1 10 93 96 39 87 32 86 23 3 78 45 85 80 16 70 36 4 36 97 50 22 80 30 20 20 66 26 2 33 72 45 42 62 64 32 3 7 75 46 61 13 25 42 44 28 91 93
24 34 73 55 57 49 41 17 50 84 95 79 11 30 27 20 47 2 31 86 87 6 87 23 36 21 23 82 62 1 34 14 25 2 77 77 65 67 92 77 74 66 55 70 61 60 54 27 50 86
38 0 53 74 14 0 92 8 29 82 45 9 48 88 95 2 70 46 57 57 70 88 27 52 96 66 48 40 72 9 85 26 46 39 37 29 66 79 2 65 99 39 45 96 9 26 17 58 19 31
21 81 55 50 17 78 61 99 55 65 83 53 46 78 95 10 25 57 59 35 36 13 76 67 55 23 50 27 47 64 15 42 49 48 52 70 62 86 31 29 24 54 77 33 12 47 83 48 27 63
75 44 57 14 97 67 78 90 74 97 55 11 36 0 3 47 11 33 17 72 85 9 78 47 81 70 25 47 56 40 48 38 16 45 64 39 7 19 61 57 35 21 27 64 25 94 95 75 72 11
5 41 98 84 33 8 99 85 71 10 58 10 45 34 66 92 94 53 74 30 84 35 62 98 90 58 86 73 99 93 16 6 87 71 33 56 12 56 37 18 58 62 52 79 82 78 40 58 64 33
33 79 25 41 24 8 20 31 60 4 35 18 63 36 70 1 19 93 17 28 92 2 87 45 46 49 39 55 9 49 99 11 52 44 71 1 74 25 60 7 93 33 75 54 25 17 68 46 93 9
17 72 21 99 12 17 33 26 52 22 48 56 36 7 91 31 38 63 69 10 81 60 72 25 41 83 33 65 67 70 0 76 21 82 80 97 59 2 38 0 58 92 72 64 26 90 73 10 30 33
83 80 78 83 65 63 42 43 6 67 70 81 82 49 47 7 79 39 44 50 21 89 4 16 70 27 84 25 65 35 10 34 33 51 18 33 47 12 82 59 50 33 75 81 30 68 99 67 72 7
80 98 99 75 96 41 93 39 58 74 38 49 94 60 2 47 85 47 4 38 98 43 9 73 22 19 4 51 19 28 75 22 85 47 4 17 24 8 18 6 44 98 13 69 53 56 45 9 38 67
42 60 62 81 15 27 76 27 2 95 84 93 21 29 38 40 0 36 51 14 46 78 58 58 89 66 97 59 63 96 33 35 26 74 86 10 26 87 28 43 86 99 22 84 72 47 51 1 63 34
19 8 76 70 21 41 93 22 33 75 65 89 44 45 64 71 65 84 39 48 96 43 40 50 95 16 69 93 71 59 1 63 99 12 86 97 4 49 99 54 10 76 92 6 92 12 54 89 60 14
71 42 90 60 32 7 76 37 39 51 45 97 79 24 75 95 81 33 20 42 34 45 82 67 74 73 90 13 89 73 73 79 66 86 41 96 2 5 27 87 92 17 78 19 16 29 71 48 18 47
42 52 29 3 75 7 49 74 27 51 47 34 72 67 46 56 43 93 28 82 98 10 81 30 55 2 74 79 49 24 52 11 77 33 7 26 0 30 49 85 60 11 33 30 78 47 23 11 67 70
85 8 98 69 8 97 15 37 67 31 95 32 12 85 65 26 46 78 57 89 78 26 25 98 51 4 73 38 88 46 81 19 63 34 5 37 2 43 53 1 47 66 95 58 8 20 67 54 29 71
6 3 73 20 78 51 21 70 81 67 72 25 66 68 58 97 18 77 54 75 50 29 95 97 15 19 31 21 7 71 11 8 25 59 26 42 23 46 7 90 6 48 9 90 48 73 38 42 27 16
36 86 42 98 65 1 49 7 42 26 73 59 30 69 3 32 44 94 72 6 50 86 18 36 15 79 93 65 88 36 16 49 71 73 23 99 67 65 54 47 25 88 92 40 10 85 1 65 28 66
28 52 56 38 81 69 46 98 24 31 68 40 31 20 83 44 60 70 3 28 39 21 74 79 18 20 78 34 44 87 30 28 6 89 10 29 79 57 72 28 43 99 37 17 93 71 6 29 29 46
10 28 99 22 18 70 85 99 75 63 34 37 62 93 95 56 9 56 91 81 18 89 6 41 26 9 27 21 26 93 68 26 1 31 48 31 46 64 76 93 81 91 22 81 7 6 41 95 63 84
79 75 13 64 85 6 43 50 66 25 17 68 79 23 96 8 71 77 16 75 54 30 92 95 46 46 80 4 24 78 15 47 55 47 39 12 23 25 96 93 62 54 30 94 40 61 23 47 59 58
42 6 64 60 63 4 19 93 79 65 65 11 76 74 58 68 8 23 23 1 56 78 0 63 33 84 89 46 33 91 15 30 6 57 58 37 98 13 5 67 19 43 8 57 67 8 32 50 18 27
