12 10
0 1 2 3 4 4 5 5 6 6 7 8 9 9 10 11 12 13 13 14 14 15 15 16 16 17 17 18 18 19 19 20 21 22 23 24 25 26 26 27 28 28 29 29 30 30 31 32 33 33
0 1 2 34 35 36 37 38 39 40 40 8 41 42 42 11 43 44 45 45 46 46 47 48 49 50 51 52 53 54 55 20 21 22 23 24 56 57 58 27 59 60 61 61 62 62 31 32 63 63
64 65 65 34 35 36 37 38 39 66 67 67 41 68 69 69 43 44 70 71 71 72 47 48 49 50 73 52 53 74 55 75 76 76 77 78 56 57 79 80 80 60 81 82 83 84 85 86 87 88
64 89 89 90 90 91 92 92 93 93 94 94 95 95 96 97 97 98 99 100 100 72 101 102 103 103 73 104 105 74 106 106 107 108 77 109 110 111 79 112 113 114 114 82 115 84 85 86 116 88
117 117 118 119 119 91 120 120 121 122 123 123 124 124 96 125 126 98 99 127 128 128 101 102 129 130 131 104 105 132 133 133 107 108 134 109 110 135 135 112 136 136 137 137 115 138 139 139 116 140
141 141 142 143 143 144 144 145 121 122 146 146 147 148 148 125 149 150 150 151 152 153 154 155 156 130 157 157 158 132 159 159 160 160 134 161 161 162 163 163 164 164 165 166 166 138 167 168 169 169
170 171 142 172 172 173 174 175 176 176 177 178 147 179 179 180 149 181 181 151 152 153 182 155 156 183 184 184 158 185 185 186 187 188 189 190 191 162 192 193 193 194 165 195 196 197 167 168 198 199
170 171 200 200 201 201 174 175 202 203 177 178 204 205 205 206 206 207 208 209 209 210 182 211 212 213 213 214 215 215 216 217 187 188 189 190 191 218 192 219 220 220 221 195 196 222 223 224 224 199
225 226 226 227 227 228 228 229 202 203 230 231 204 232 233 233 234 207 208 235 235 236 236 211 237 238 239 239 240 240 216 217 241 242 243 244 244 245 245 219 246 246 221 247 247 222 248 249 250 250
251 252 252 253 254 254 255 229 256 256 230 231 257 258 258 259 260 260 261 262 262 263 264 265 237 238 266 266 267 267 268 268 269 242 243 270 270 271 272 272 273 274 274 275 275 276 248 249 277 278
251 279 279 280 281 282 255 283 283 284 285 286 287 287 288 259 289 290 261 291 292 263 264 265 293 293 294 294 295 296 297 298 269 299 300 301 302 271 303 303 273 304 304 305 306 306 307 308 277 278
309 309 310 280 281 311 311 312 312 313 285 286 314 314 315 315 289 290 316 291 292 317 317 318 318 319 319 320 320 296 321 298 322 323 300 301 302 324 325 325 326 326 327 327 328 329 307 308 330 331
332 333 310 334 335 335 336 337 338 313 339 340 340 341 342 342 343 344 316 345 345 346 347 348 349 350 351 352 353 354 321 355 355 323 356 356 357 357 358 359 359 360 361 362 328 363 364 364 330 331
332 333 365 366 366 367 336 337 368 368 369 369 370 341 371 371 343 344 372 373 373 374 347 348 349 350 375 352 353 354 376 376 377 377 378 378 379 379 380 380 381 381 361 362 382 363 383 383 384 385
386 386 387 388 388 367 389 389 390 390 391 392 370 393 394 395 396 396 372 397 397 374 398 398 399 399 375 400 400 401 402 403 403 404 405 406 406 407 407 408 409 409 410 410 411 411 412 412 384 385
413 414 387 415 416 417 418 418 419 420 391 421 422 423 394 395 424 425 426 427 428 429 430 431 432 433 434 435 435 401 436 436 437 404 438 438 439 440 441 408 442 443 444 445 446 447 448 448 449 450
413 451 451 415 452 417 453 454 419 420 455 421 422 423 456 456 424 425 457 427 428 429 430 431 432 433 458 458 459 460 461 461 462 462 463 463 439 464 441 465 442 443 444 445 446 447 466 466 449 450
467 467 468 468 452 469 453 470 470 471 455 472 473 473 474 475 476 476 457 477 477 478 479 480 481 481 482 483 459 460 484 485 485 486 487 488 489 464 490 465 491 492 492 493 494 495 496 496 497 498
499 500 500 501 501 469 502 502 503 504 504 472 505 506 474 475 507 508 509 509 510 510 479 480 511 511 482 483 512 512 484 513 514 486 487 488 489 515 516 517 491 518 519 520 494 495 521 521 497 498
499 522 522 523 523 524 524 525 525 526 526 527 505 506 528 528 507 529 529 530 531 531 532 532 533 533 534 534 535 535 536 536 514 537 537 538 539 515 516 517 540 518 519 520 541 542 542 543 543 544
545 546 546 547 547 548 548 549 550 550 551 552 553 553 554 555 556 557 557 530 558 559 559 560 560 561 561 562 562 563 564 565 565 566 566 567 539 568 569 570 540 571 572 573 574 574 575 575 576 577
578 578 579 579 580 580 581 549 582 582 551 552 583 583 554 555 556 584 585 586 587 587 588 588 589 589 590 590 591 591 564 592 593 593 594 567 595 568 569 570 596 571 572 573 597 597 598 598 576 577
599 600 600 601 602 602 581 603 603 604 605 605 606 606 607 608 609 584 585 586 610 610 611 612 613 614 615 615 616 616 617 618 619 619 594 620 595 621 621 622 622 623 623 624 624 625 625 626 627 627
599 628 628 601 629 630 630 631 632 632 633 634 635 635 607 608 636 637 637 638 638 639 611 612 613 614 640 641 642 643 617 618 644 644 645 646 647 648 649 650 650 651 652 653 654 654 655 626 656 656
657 658 658 659 659 660 660 631 661 662 633 663 663 664 665 666 636 667 667 668 668 639 669 670 671 672 640 673 642 643 674 674 675 676 645 646 647 648 649 677 678 678 652 653 679 679 655 680 681 682
657 683 684 684 685 686 687 687 661 662 688 689 690 664 665 691 692 692 693 693 694 695 669 670 671 696 696 673 697 697 698 699 675 676 700 701 701 702 703 704 704 705 705 706 707 707 708 680 681 682
709 683 710 710 685 711 712 713 713 714 714 689 690 715 716 691 717 717 718 718 694 695 719 720 721 722 723 724 724 725 725 699 726 726 727 728 728 702 729 729 730 731 731 706 732 732 708 733 733 734
709 735 735 736 737 711 738 739 739 740 741 742 742 715 743 744 745 746 747 747 748 749 719 720 750 722 723 751 751 752 752 753 754 754 727 755 756 757 758 759 730 760 761 761 762 763 763 764 765 765
766 767 767 736 768 768 738 769 770 740 741 771 772 773 743 744 745 746 774 774 748 775 776 776 750 777 778 779 779 780 780 781 781 782 782 783 756 757 758 784 785 760 786 786 762 787 787 764 788 789
766 790 791 792 792 793 793 769 794 795 795 771 772 773 796 796 797 798 799 799 800 775 801 801 802 802 778 803 803 804 804 805 806 807 807 783 808 809 809 784 785 810 811 811 812 812 813 814 788 789
815 815 791 816 816 817 817 818 794 819 819 820 821 822 823 823 797 824 825 825 800 826 826 827 828 828 829 830 830 831 831 805 806 832 832 833 808 834 834 835 835 836 836 837 837 838 813 814 839 840
841 841 842 843 844 845 846 818 847 847 848 848 821 822 849 850 850 824 851 851 852 852 853 827 854 855 855 856 856 857 858 858 859 859 860 833 861 862 862 863 863 864 864 865 865 838 866 866 839 840
867 867 842 843 844 845 868 868 869 869 870 871 872 873 849 874 875 875 876 877 878 878 853 879 880 881 881 882 883 884 885 886 886 887 888 889 861 890 891 892 893 893 894 895 896 896 897 898 898 899
900 901 902 902 903 903 904 905 905 906 870 907 872 873 908 874 909 910 876 877 911 912 913 914 880 915 915 882 883 884 885 916 917 887 888 889 918 890 919 892 920 921 894 895 922 922 897 923 924 925
900 901 926 927 927 928 904 929 929 906 930 907 931 932 908 933 909 934 935 935 911 912 913 914 936 937 938 938 939 940 941 916 917 942 943 943 944 944 919 945 946 921 947 947 948 948 949 923 924 925
950 951 926 952 953 928 954 955 955 956 956 957 931 932 958 958 959 934 960 960 961 961 962 962 936 937 963 964 939 965 941 966 967 942 968 969 969 970 970 945 946 971 972 972 973 974 949 975 976 977
978 951 979 979 953 980 954 981 982 982 983 984 984 985 986 987 959 988 989 990 990 991 992 993 994 994 963 964 995 965 996 997 967 998 998 999 1000 1001 1001 1002 1002 1003 1003 1004 973 1005 1006 975 976 977
978 1007 1008 1009 1009 980 1010 1011 1012 1013 1014 1015 1015 985 986 987 1016 988 1017 1017 1018 991 992 993 1019 1019 1020 1021 995 1022 996 997 1023 1024 1024 999 1000 1025 1026 1027 1027 1028 1029 1004 1030 1005 1006 1031 1031 1032
1033 1033 1008 1034 1035 1036 1036 1011 1037 1013 1014 1038 1039 1039 1040 1041 1041 1042 1042 1043 1018 1044 1045 1045 1046 1047 1020 1048 1049 1049 1050 1050 1023 1051 1051 1052 1053 1025 1054 1054 1055 1055 1029 1056 1030 1057 1057 1058 1058 1032
1059 1059 1060 1034 1061 1061 1062 1062 1037 1063 1063 1038 1064 1064 1040 1065 1065 1066 1066 1067 1067 1044 1068 1068 1069 1047 1070 1048 1071 1072 1072 1073 1074 1074 1075 1052 1076 1076 1077 1078 1079 1080 1081 1056 1082 1083 1083 1084 1084 1085
1086 1086 1060 1087 1087 1088 1088 1089 1089 1090 1091 1092 1092 1093 1094 1095 1095 1096 1096 1097 1098 1098 1099 1099 1069 1100 1070 1101 1071 1102 1103 1103 1104 1104 1105 1105 1106 1107 1108 1078 1079 1080 1081 1109 1082 1110 1110 1111 1111 1085
1112 1113 1113 1114 1115 1116 1116 1117 1117 1090 1091 1118 1119 1119 1094 1120 1121 1122 1122 1097 1123 1123 1124 1124 1125 1100 1126 1101 1127 1127 1128 1129 1130 1131 1131 1132 1132 1107 1108 1133 1134 1135 1136 1109 1137 1138 1139 1140 1141 1141
1112 1142 1143 1114 1115 1144 1144 1145 1146 1146 1147 1118 1148 1149 1149 1120 1150 1150 1151 1152 1153 1153 1154 1155 1155 1156 1126 1157 1157 1158 1128 1159 1130 1160 1160 1161 1161 1162 1163 1164 1134 1135 1136 1165 1137 1138 1166 1140 1167 1167
1168 1142 1169 1170 1170 1171 1171 1145 1172 1173 1147 1174 1175 1175 1176 1176 1177 1177 1151 1152 1178 1178 1179 1180 1181 1156 1182 1183 1183 1184 1184 1159 1185 1186 1187 1188 1189 1189 1163 1164 1190 1191 1191 1165 1192 1193 1166 1194 1194 1195
1168 1196 1169 1197 1198 1199 1200 1201 1172 1202 1202 1174 1203 1204 1205 1206 1207 1208 1208 1209 1210 1211 1179 1180 1212 1213 1214 1214 1215 1215 1216 1217 1185 1186 1187 1188 1218 1218 1219 1219 1190 1220 1220 1221 1221 1193 1222 1223 1224 1224
1225 1196 1226 1197 1198 1199 1200 1201 1227 1228 1228 1229 1203 1204 1205 1206 1230 1231 1231 1209 1210 1232 1233 1234 1212 1213 1235 1236 1237 1238 1216 1217 1239 1240 1240 1241 1242 1242 1243 1244 1245 1245 1246 1246 1247 1248 1222 1249 1249 1250
1251 1252 1226 1253 1254 1255 1255 1256 1227 1257 1257 1258 1258 1259 1260 1260 1230 1261 1261 1262 1262 1232 1233 1234 1263 1263 1235 1264 1237 1238 1265 1265 1239 1266 1266 1267 1268 1268 1243 1244 1269 1269 1270 1270 1247 1271 1271 1272 1273 1273
1251 1274 1274 1253 1275 1275 1276 1277 1278 1279 1280 1280 1281 1281 1282 1282 1283 1283 1284 1284 1285 1286 1287 1287 1288 1289 1289 1264 1290 1290 1291 1292 1292 1293 1293 1267 1294 1295 1295 1296 1296 1297 1297 1298 1298 1299 1299 1272 1300 1301
1302 1303 1303 1304 1304 1305 1305 1277 1278 1279 1306 1306 1307 1307 1308 1309 1310 1311 1312 1312 1285 1313 1313 1314 1315 1316 1317 1318 1318 1319 1291 1320 1320 1321 1322 1322 1294 1323 1324 1324 1325 1326 1326 1327 1328 1329 1330 1330 1300 1301
1302 1331 1331 1332 1332 1333 1333 1334 1335 1335 1336 1336 1337 1337 1308 1309 1310 1311 1338 1338 1339 1339 1340 1314 1315 1316 1317 1341 1341 1319 1342 1342 1343 1344 1344 1345 1345 1323 1346 1346 1325 1347 1347 1327 1328 1329 1348 1348 1349 1349
87 58 0 8 86 64 78 84 62 75 72 42 9 53 0 20 86 97 70 21 90 66 18 64 96 51 5 94 75 89 46 17 84 22 33 40 16 1 68 30 48 7 79 91 29 26 61 62 20 2
55 57 87 64 59 19 25 16 61 69 30 60 61 23 81 13 54 14 21 73 45 76 46 69 24 58 17 90 73 71 2 94 13 2 4 49 45 76 43 21 2 78 43 57 73 99 95 82 3 48
68 85 28 99 42 22 30 3 31 19 31 52 6 13 84 19 79 61 42 36 29 4 6 31 21 14 69 21 99 49 72 57 32 44 36 69 41 64 90 71 45 80 60 76 71 13 26 67 23 99
34 49 48 45 34 55 86 28 76 84 65 48 26 6 57 32 98 74 20 73 74 43 34 12 5 87 78 11 74 31 91 22 79 15 89 40 50 27 74 2 36 96 35 47 15 48 99 30 59 20
63 3 6 43 62 92 82 64 98 17 25 88 42 1 70 8 67 77 82 8 87 55 98 72 47 40 84 78 68 98 6 1 22 96 45 83 18 2 86 17 48 13 96 18 78 63 64 88 51 57
48 42 15 85 73 29 73 56 35 94 60 96 9 79 20 55 21 82 46 62 61 15 87 25 6 8 32 68 76 99 4 97 39 27 89 59 24 78 91 96 56 52 35 69 99 26 40 91 81 95
85 3 85 66 27 17 22 98 84 11 61 0 76 52 43 85 10 81 89 65 34 30 15 83 76 78 4 79 91 0 90 86 57 2 97 14 24 73 5 34 81 11 73 80 52 94 73 57 92 60
74 11 34 69 3 46 28 63 31 24 98 18 55 77 94 33 99 50 42 40 58 26 54 78 72 76 29 77 53 14 75 92 47 93 16 86 33 71 79 76 27 29 92 1 58 43 9 13 92 59
21 45 99 30 64 76 85 39 99 9 14 10 45 0 56 94 1 42 63 87 73 56 94 64 75 74 26 49 53 37 46 98 99 22 81 25 89 89 26 25 15 32 28 72 18 42 2 32 98 14
59 59 42 50 73 13 28 87 27 40 16 50 11 57 84 79 48 6 95 94 49 87 49 92 67 30 75 98 55 33 58 26 0 17 58 57 2 15 44 71 52 86 37 97 9 53 74 44 73 13
16 19 65 2 94 44 9 16 73 69 0 39 79 98 17 20 0 72 50 59 14 1 89 54 49 94 1 39 62 69 53 86 8 0 34 12 42 50 78 56 6 24 94 36 81 9 5 81 36 68
77 23 39 99 84 98 61 29 46 86 88 98 40 83 87 10 26 26 75 6 97 36 51 10 62 95 3 99 99 35 94 22 52 89 37 44 94 56 79 8 91 35 1 8 65 46 47 29 6 69
84 73 51 70 82 54 96 8 47 7 19 63 72 85 85 91 33 93 17 36 21 46 83 38 28 2 77 76 19 57 74 28 31 57 82 73 79 7 39 89 28 44 47 44 40 76 82 5 86 88
31 18 47 20 46 77 19 19 38 72 6 67 26 25 90 55 77 48 81 16 68 4 24 39 85 46 43 81 67 70 4 75 43 25 18 77 27 86 67 8 58 20 62 23 78 94 73 16 82 41
98 38 66 88 30 4 34 13 54 94 86 79 12 91 32 21 5 42 32 47 46 14 55 39 57 50 71 8 4 82 2 71 25 78 48 79 10 98 95 57 25 38 42 12 20 48 88 98 58 71
71 10 39 82 10 61 98 15 51 25 27 86 75 99 97 51 22 22 25 38 32 51 97 45 34 20 40 75 59 45 95 81 73 91 45 30 18 39 3 63 32 27 65 52 72 41 31 55 85 64
12 37 74 36 13 37 46 19 33 97 62 86 29 87 86 80 48 79 45 61 99 20 73 20 34 23 87 2 41 83 98 56 77 1 36 13 45 76 0 60 3 40 51 70 59 0 52 76 94 31
33 49 54 17 53 80 10 99 11 79 92 35 98 63 62 76 75 74 57 53 40 57 90 69 99 5 13 62 29 17 80 73 49 10 73 52 44 44 8 62 45 38 36 79 86 49 58 37 42 32
48 99 21 51 41 23 74 8 84 30 38 59 29 76 59 83 29 25 88 62 68 32 54 20 80 68 12 63 9 22 6 2 69 89 57 87 90 11 34 80 97 65 80 64 75 60 39 24 5 98
92 32 15 55 17 98 46 4 4 23 20 84 35 13 40 49 94 75 8 51 19 37 97 36 29 16 19 58 62 73 10 33 55 51 64 49 30 6 78 71 61 6 70 95 88 4 15 97 92 66
63 25 53 20 83 34 0 9 94 72 96 45 99 74 68 66 75 6 71 33 88 94 35 74 20 67 66 88 35 15 79 29 22 14 52 71 68 72 52 53 36 4 75 55 96 6 47 29 12 54
58 27 34 90 50 7 22 29 66 11 60 51 55 84 12 6 78 71 92 64 64 88 98 29 49 56 96 37 28 64 23 65 30 50 98 47 47 75 81 76 12 62 13 75 18 40 13 88 27 52
58 36 67 30 13 22 85 37 25 27 46 41 58 42 59 40 11 60 84 52 36 85 96 2 7 99 69 97 32 23 72 85 27 87 49 94 21 1 32 17 91 7 80 79 62 30 0 63 95 14
78 76 63 31 52 31 6 4 86 59 7 31 39 75 22 10 26 45 53 36 16 69 60 85 96 71 88 35 24 69 34 84 66 99 9 27 51 34 26 65 91 33 35 20 22 81 89 36 10 88
55 76 64 21 23 25 48 1 23 13 84 54 2 67 55 94 83 24 57 94 84 34 24 23 29 25 75 45 16 42 88 83 83 63 70 2 72 45 72 33 24 67 20 99 3 99 70 51 4 74
67 83 18 73 70 47 2 67 79 58 13 13 78 62 75 45 68 51 41 90 83 4 36 1 60 66 87 80 44 87 88 85 73 34 66 20 93 7 15 45 29 99 3 20 36 20 64 18 89 31
73 16 80 73 43 52 94 31 2 72 73 97 89 3 39 88 75 46 77 45 44 27 39 29 44 66 70 34 80 54 56 4 36 13 41 27 70 60 20 44 9 93 46 38 43 78 30 84 41 2
85 40 88 52 5 3 30 90 67 91 96 16 42 13 31 36 14 11 90 35 9 58 17 35 42 50 2 80 19 47 49 97 67 96 77 4 88 83 71 89 5 50 65 54 48 43 40 62 18 2
7 87 68 86 7 19 60 43 70 84 0 34 32 0 92 80 89 54 48 20 79 43 64 60 31 80 60 56 31 35 90 54 81 51 88 71 44 25 83 6 94 52 97 80 24 93 20 61 58 35
14 21 39 14 35 89 74 3 2 36 74 61 27 17 87 55 57 68 2 12 39 16 14 65 1 48 34 72 65 93 98 8 56 62 73 47 77 35 52 40 6 77 25 24 60 93 67 67 96 65
46 4 8 4 35 4 55 77 74 30 24 58 81 72 4 53 16 61 93 90 69 15 47 79 77 32 88 90 67 78 92 78 59 73 53 50 55 36 84 86 0 79 41 58 87 73 25 22 77 87
9 15 26 37 98 9 6 85 42 59 6 74 90 65 99 35 76 25 40 63 27 70 48 45 36 61 7 20 40 87 84 73 36 68 44 80 50 31 90 7 45 71 98 60 76 45 3 14 71 83
6 75 71 13 43 30 0 45 86 71 47 69 26 51 28 53 52 93 48 22 37 7 21 70 19 84 55 64 58 18 29 95 13 46 36 6 58 3 84 89 68 53 81 82 48 6 19 11 68 25
76 78 32 97 29 88 83 93 65 40 81 76 79 65 23 59 88 82 35 2 94 36 70 86 25 3 7 1 44 22 56 51 47 70 14 59 96 97 89 99 60 17 95 56 90 65 56 15 67 15
50 7 13 45 85 14 53 99 18 17 94 72 28 37 21 14 62 12 45 38 41 90 96 63 41 95 9 14 89 88 29 33 43 1 22 80 64 46 7 88 60 55 49 36 45 17 99 78 33 96
26 32 69 5 33 92 46 3 46 18 89 82 62 6 40 22 39 67 53 60 4 35 14 17 61 78 56 68 27 11 97 23 52 62 87 90 19 9 4 42 58 42 23 97 3 40 22 28 36 62
99 52 61 91 17 52 93 81 4 61 3 69 84 7 44 14 74 24 80 48 81 32 12 47 49 75 51 10 61 79 32 28 35 7 58 94 46 80 80 22 39 90 36 65 71 92 34 18 43 92
57 24 29 30 55 78 54 37 52 98 41 86 89 69 43 14 27 85 59 66 57 94 99 95 32 30 62 36 29 90 87 62 97 15 6 86 85 63 45 20 87 38 83 55 70 61 1 85 19 26
0 70 43 58 50 85 49 44 98 69 64 5 36 92 27 14 96 50 49 53 13 56 11 93 67 98 41 76 59 60 11 59 34 73 18 73 35 16 6 22 31 30 12 97 37 73 14 4 64 10
11 15 0 59 98 1 25 0 42 65 23 67 38 10 20 64 46 96 0 54 54 2 29 78 81 3 36 86 90 30 85 5 4 94 14 95 50 31 92 12 63 15 33 7 82 58 28 29 85 44
8 38 86 93 58 36 54 52 70 8 79 39 25 20 12 97 22 50 52 15 54 52 69 37 36 38 52 84 31 14 75 26 9 27 33 7 64 64 37 42 34 54 27 17 15 95 61 94 82 25
44 84 67 99 39 70 85 50 67 49 76 47 53 80 14 22 61 13 7 10 67 1 61 59 29 73 37 20 19 28 71 71 35 66 91 40 47 54 42 99 12 55 98 65 67 21 1 32 8 0
74 26 66 58 4 78 57 80 41 27 68 18 52 92 45 20 97 52 65 14 69 11 37 96 60 8 77 75 92 58 65 84 41 7 92 59 18 63 20 23 87 33 99 99 21 56 12 32 1 52
39 78 95 55 42 10 75 19 84 62 64 73 10 87 16 39 81 76 29 67 60 85 80 31 46 89 25 73 71 87 38 15 42 42 29 36 91 92 50 90 30 27 20 99 43 16 79 95 96 82
96 87 8 96 83 68 31 61 88 78 69 86 73 61 50 1 70 6 91 27 84 65 66 91 0 76 16 5 21 19 85 7 22 63 21 44 31 21 24 93 34 8 45 25 46 60 13 4 20 49
98 31 89 46 9 55 95 33 57 71 30 93 85 15 88 96 97 9 0 88 10 65 11 3 14 13 54 83 85 53 21 72 51 20 86 38 16 7 36 1 77 68 70 40 20 1 56 40 84 83
59 34 26 66 47 26 88 97 79 93 20 23 35 17 28 23 87 36 13 37 84 16 27 47 15 67 1 67 62 88 71 1 46 89 60 54 63 31 32 45 22 97 95 77 71 23 3 1 56 92
31 26 17 68 9 6 3 28 22 18 41 51 72 4 15 2 76 16 57 82 72 8 14 88 93 87 22 9 53 45 3 3 8 38 75 37 33 43 54 47 41 83 76 32 59 66 95 48 64 96
28 34 69 33 79 39 39 99 39 24 37 23 20 37 85 39 56 29 68 42 43 35 81 1 52 21 26 28 98 56 45 69 68 20 30 74 5 2 18 1 97 89 70 18 89 78 89 77 67 92
0 98 4 99 51 29 75 95 34 56 39 70 60 12 95 7 88 82 20 6 50 77 32 59 30 87 20 73 83 69 29 97 87 52 7 79 16 72 42 11 34 63 21 97 14 26 4 42 20 87
