17 20
0 0 1 2 2 3 3 4 4 5 6 7 7 8 9 9 10 10 11 11 12 13 14 15 15 16 17 18 19 20 21 21 22 23 23 24 25 26 27 28 28 29 30 30 31 32 33 33 34 35
36 36 1 37 38 39 40 41 41 5 6 42 42 43 44 45 45 46 47 47 12 13 14 48 48 16 17 18 19 20 49 49 22 50 51 24 25 26 52 52 53 54 54 55 31 32 56 56 34 35
57 57 58 58 38 39 40 59 59 60 60 61 61 43 44 62 63 46 64 65 66 66 67 68 69 70 71 72 72 73 74 74 75 50 51 76 77 77 78 78 53 79 80 55 81 82 83 84 84 85
86 87 88 89 89 90 91 92 92 93 94 94 95 95 96 96 63 97 97 65 98 98 67 68 99 70 71 100 100 73 101 101 75 102 102 103 103 104 105 105 106 107 80 108 81 82 83 109 109 85
86 87 110 110 111 112 91 113 114 93 115 116 117 117 118 119 119 120 121 121 122 122 123 123 99 124 125 126 127 127 128 129 129 130 131 132 132 133 133 134 106 107 135 136 137 138 138 139 140 140
141 141 142 143 111 112 144 113 114 145 115 116 146 147 147 148 148 149 149 150 151 152 153 153 154 154 125 126 155 156 128 157 157 130 131 158 159 159 160 134 161 161 135 136 162 163 164 139 165 165
166 167 142 143 168 168 169 169 170 171 172 173 146 174 174 175 175 176 176 150 151 152 177 177 178 178 179 179 180 156 181 182 183 183 184 184 185 186 160 187 188 188 189 189 162 190 164 191 191 192
166 193 194 195 195 196 197 197 198 171 172 173 199 200 201 202 203 204 204 205 205 206 207 208 208 209 209 210 180 211 212 182 213 213 214 215 185 186 216 216 217 218 218 219 219 190 220 220 221 221
222 193 223 224 224 196 225 225 198 226 226 227 199 200 228 202 229 229 230 231 232 233 207 234 234 235 235 210 236 237 212 238 238 239 239 215 240 241 242 243 244 244 245 246 247 248 249 249 250 251
222 252 223 253 254 255 255 256 256 257 257 227 258 259 228 260 260 261 230 262 232 233 263 263 264 264 265 265 266 237 267 268 269 270 271 272 272 241 242 243 273 273 245 246 247 248 274 274 250 251
275 252 276 253 254 277 278 279 280 281 282 283 258 259 284 285 285 286 286 262 287 288 288 289 290 291 291 292 266 293 267 268 269 270 294 294 295 296 297 297 298 299 299 300 301 301 302 302 303 303
275 304 304 305 305 277 278 279 280 281 282 306 306 307 284 308 308 309 310 310 287 311 311 289 290 312 313 314 315 315 316 317 318 318 319 319 295 296 320 321 321 322 323 300 324 324 325 326 326 327
328 328 329 330 330 331 332 333 334 335 336 336 337 307 338 339 339 309 340 341 342 343 344 344 345 345 313 314 346 346 316 317 347 347 348 349 350 350 320 351 352 352 323 353 353 354 355 356 357 327
358 359 329 360 360 361 332 333 334 335 362 362 363 363 338 364 364 365 340 341 342 366 366 367 368 369 370 371 372 372 373 374 374 375 375 349 376 377 378 351 379 379 380 381 382 354 355 356 357 383
358 359 384 385 385 361 386 387 387 388 389 389 390 390 391 391 392 365 393 394 394 395 396 367 368 369 370 371 397 397 398 399 400 401 402 403 403 377 378 404 404 405 405 381 382 406 406 407 407 408
409 410 384 411 412 412 413 413 414 388 415 415 416 416 417 418 418 419 393 420 420 395 396 421 421 422 422 423 424 425 398 399 400 401 402 426 427 428 429 429 430 431 432 432 433 433 434 435 435 408
409 410 436 437 438 438 439 440 414 441 441 442 442 443 444 444 445 419 446 446 447 447 448 448 449 449 450 450 424 425 451 451 452 452 453 426 427 428 454 454 430 431 455 456 456 457 434 458 458 459
460 461 436 437 462 463 464 440 465 466 467 467 468 468 469 469 445 470 470 471 471 472 473 474 475 475 476 476 477 477 478 479 479 480 453 481 482 482 483 483 484 484 485 486 487 457 488 488 489 489
460 490 490 491 462 463 464 492 465 466 493 494 495 496 497 497 498 499 500 501 502 503 473 474 504 504 505 506 507 507 508 508 509 510 510 511 512 513 514 514 515 515 485 486 487 516 516 517 517 518
519 520 521 491 522 523 523 524 525 525 493 494 495 496 526 527 527 499 500 501 528 503 529 529 530 531 505 506 532 533 533 534 534 535 536 511 512 513 537 537 538 538 539 540 541 542 543 544 544 518
519 520 521 545 522 546 547 524 548 548 549 550 550 551 526 552 553 554 555 555 528 556 557 557 530 558 558 559 560 561 562 562 563 535 536 564 564 565 565 566 566 567 539 540 541 542 543 568 569 570
571 571 572 573 573 546 547 574 575 575 549 576 576 551 577 552 553 554 578 578 579 580 580 581 582 583 584 559 560 561 585 586 563 587 587 588 589 590 591 591 592 567 593 593 594 595 596 568 569 570
597 597 598 599 600 601 601 574 602 603 604 604 605 606 607 608 609 609 610 611 612 613 613 581 582 583 584 614 615 615 585 586 616 617 617 588 589 618 619 619 620 620 621 621 594 595 596 622 622 623
624 624 598 599 600 625 625 626 602 627 628 629 629 606 607 608 630 630 631 611 612 632 633 634 635 635 636 636 637 638 638 639 616 640 641 641 642 618 643 643 644 645 646 647 648 649 649 650 651 623
652 653 653 654 655 656 656 626 657 627 658 658 659 659 660 661 662 662 631 663 663 632 633 634 664 665 666 666 637 667 667 639 668 669 670 670 671 672 672 673 644 645 646 647 674 674 675 650 651 676
677 678 679 680 655 681 682 682 683 683 684 684 685 685 660 661 686 687 687 688 688 689 689 690 664 665 691 691 692 693 694 695 668 669 696 696 671 697 697 673 698 698 699 700 700 701 702 703 704 676
677 678 679 680 705 681 706 707 707 708 708 709 710 710 711 711 686 712 713 714 715 716 716 690 717 718 718 719 692 693 694 695 720 721 722 723 724 724 725 725 726 726 699 727 727 701 702 703 728 728
729 729 730 730 705 731 706 732 732 733 734 734 735 735 736 737 738 738 713 714 715 739 739 740 717 741 742 742 743 744 744 745 720 746 722 723 747 748 749 749 750 751 751 752 752 753 753 754 754 755
756 756 757 757 758 759 759 760 761 761 762 762 763 764 764 737 765 765 766 766 767 767 768 769 769 741 770 771 772 773 774 775 776 746 777 777 747 748 778 779 780 781 782 782 783 783 784 785 785 755
786 787 788 788 758 789 790 790 791 792 792 793 794 795 795 796 796 797 798 799 799 800 801 802 803 803 804 771 772 805 774 775 806 807 808 808 809 809 778 779 780 810 810 811 811 812 812 813 814 814
786 815 815 816 816 817 818 818 791 819 820 793 794 821 821 822 822 823 798 824 824 800 801 825 826 827 804 828 828 805 829 829 806 807 830 831 831 832 833 833 834 834 835 835 836 837 838 813 839 839
840 840 841 841 842 817 843 844 845 819 846 846 847 847 848 848 849 823 850 851 851 852 853 825 826 854 855 856 856 857 858 859 859 860 860 861 861 832 862 863 863 864 865 865 836 837 866 866 867 868
869 870 870 871 872 872 843 844 873 874 874 875 875 876 876 877 849 878 850 879 879 852 853 880 881 854 855 882 883 857 858 884 884 885 886 887 888 888 862 889 889 890 891 891 892 893 893 894 894 868
869 895 896 871 897 898 899 899 873 900 900 901 901 902 903 904 904 878 905 905 906 906 907 908 881 909 910 910 883 911 912 913 914 885 886 915 915 916 917 917 918 890 919 920 920 921 922 922 923 923
924 895 896 925 897 926 926 927 928 929 929 930 931 902 903 932 933 934 935 935 936 936 907 908 937 909 938 939 939 911 912 913 914 940 941 941 942 916 943 943 918 944 944 945 945 921 946 946 947 948
924 949 950 950 951 952 953 927 928 954 954 930 931 955 956 956 933 934 957 958 959 960 961 961 937 962 938 963 964 964 965 966 966 967 968 969 942 970 970 971 971 972 972 973 973 974 974 975 947 976
977 949 978 979 951 952 980 980 981 981 982 982 983 955 984 985 986 986 987 958 959 960 988 988 989 962 990 963 991 991 992 993 993 967 968 969 994 994 995 995 996 996 997 998 999 1000 1000 1001 1001 976
977 1002 1002 979 1003 1004 1005 1005 1006 1006 1007 1008 1009 1009 984 985 1010 1010 987 1011 1012 1013 1014 1014 989 1015 1015 1016 1017 1018 992 1019 1020 1020 1021 1022 1023 1024 1025 1026 1026 1027 997 998 999 1028 1028 1029 1030 1030
1031 1031 1032 1032 1003 1004 1033 1034 1035 1036 1007 1037 1038 1038 1039 1040 1041 1041 1042 1042 1012 1013 1043 1044 1045 1046 1046 1016 1047 1018 1048 1049 1049 1050 1051 1022 1023 1024 1052 1052 1053 1054 1054 1055 1055 1056 1057 1058 1059 1060
1061 1062 1063 1064 1064 1065 1033 1034 1035 1036 1066 1037 1067 1068 1068 1040 1069 1069 1070 1071 1072 1073 1074 1044 1045 1075 1076 1077 1047 1078 1048 1079 1079 1050 1051 1080 1081 1082 1083 1083 1053 1084 1084 1085 1085 1056 1057 1058 1059 1060
1061 1062 1063 1086 1086 1065 1087 1088 1088 1089 1066 1090 1067 1091 1092 1093 1094 1094 1070 1071 1072 1073 1074 1095 1096 1075 1076 1077 1097 1078 1098 1098 1099 1100 1100 1080 1081 1101 1102 1102 1103 1104 1105 1105 1106 1106 1107 1108 1109 1109
1110 1111 1112 1113 1114 1115 1115 1116 1116 1089 1117 1090 1118 1091 1092 1093 1119 1119 1120 1120 1121 1122 1123 1095 1096 1124 1125 1125 1097 1126 1127 1127 1128 1128 1129 1129 1130 1101 1131 1131 1132 1104 1133 1133 1134 1134 1107 1108 1135 1135
1136 1111 1112 1113 1114 1137 1138 1139 1140 1140 1117 1141 1141 1142 1143 1144 1144 1145 1145 1146 1121 1122 1123 1147 1148 1124 1149 1150 1151 1152 1152 1153 1153 1154 1155 1155 1156 1157 1157 1158 1132 1159 1159 1160 1160 1161 1162 1162 1163 1164
1136 1165 1166 1167 1168 1168 1138 1139 1169 1169 1170 1171 1171 1142 1143 1172 1173 1173 1174 1175 1175 1176 1177 1147 1148 1178 1178 1150 1151 1179 1179 1180 1180 1154 1181 1181 1156 1182 1183 1184 1184 1185 1186 1186 1187 1161 1188 1188 1163 1164
1189 1190 1166 1167 1191 1191 1192 1192 1193 1193 1170 1194 1195 1196 1197 1197 1198 1198 1199 1200 1201 1176 1202 1202 1203 1203 1204 1205 1205 1206 1207 1207 1208 1208 1209 1209 1210 1182 1183 1211 1211 1185 1212 1212 1187 1213 1214 1214 1215 1216
1189 1190 1217 1218 1218 1219 1220 1220 1221 1222 1222 1194 1223 1196 1224 1224 1225 1226 1199 1200 1201 1227 1228 1229 1230 1230 1231 1232 1233 1206 1234 1234 1235 1235 1236 1236 1237 1237 1238 1239 1239 1240 1241 1242 1243 1244 1245 1245 1215 1216
1246 1246 1217 1247 1247 1219 1248 1248 1249 1249 1250 1250 1223 1251 1252 1252 1225 1253 1254 1255 1256 1227 1257 1229 1258 1259 1231 1232 1260 1260 1261 1262 1263 1264 1265 1266 1267 1268 1238 1269 1269 1240 1241 1242 1270 1244 1271 1272 1273 1274
1275 1276 1276 1277 1277 1278 1278 1279 1279 1280 1281 1282 1283 1284 1284 1285 1285 1253 1254 1255 1286 1287 1257 1288 1288 1259 1289 1290 1290 1291 1261 1292 1263 1264 1265 1266 1267 1268 1293 1293 1294 1294 1295 1295 1270 1296 1271 1272 1273 1274
1275 1297 1298 1299 1299 1300 1301 1301 1302 1280 1281 1282 1283 1303 1304 1304 1305 1306 1307 1308 1286 1287 1309 1310 1311 1312 1313 1314 1314 1291 1315 1292 1316 1317 1318 1319 1320 1320 1321 1321 1322 1322 1323 1324 1324 1296 1325 1326 1327 1328
1329 1297 1298 1330 1330 1300 1331 1331 1302 1332 1332 1333 1333 1334 1334 1335 1335 1306 1307 1308 1336 1336 1309 1310 1311 1312 1313 1337 1338 1338 1339 1339 1316 1317 1318 1319 1340 1341 1341 1342 1343 1343 1344 1344 1345 1345 1325 1326 1327 1328
48 63 39 84 23 58 67 30 33 46 60 84 93 9 70 39 92 33 64 35 41 62 86 2 15 64 72 15 63 5 4 67 81 75 98 62 66 92 74 25 40 22 37 98 79 33 13 23 65 74
93 21 66 68 20 76 45 34 40 94 95 64 3 44 18 27 35 75 49 58 18 53 86 69 84 66 30 23 95 19 86 98 6 21 11 34 45 25 44 45 50 63 90 27 53 62 75 97 22 46
78 91 17 75 68 38 32 55 39 1 86 57 59 96 34 2 37 14 89 14 13 99 86 50 15 74 73 41 98 20 8 41 39 1 1 5 96 81 96 34 82 87 52 63 32 71 40 65 39 86
47 43 24 34 3 60 91 71 23 17 89 93 17 82 41 45 46 2 99 75 64 75 7 81 75 87 80 62 9 56 47 87 37 48 5 85 7 7 15 28 22 21 3 56 30 23 72 85 81 86
6 33 7 41 3 24 16 65 24 21 98 34 36 12 14 22 70 83 46 87 16 73 18 23 69 6 89 15 53 88 37 67 20 1 98 9 80 59 79 23 18 31 72 95 38 83 56 80 61 11
86 45 32 29 54 65 96 87 3 13 5 5 10 8 2 66 47 6 99 21 21 94 13 18 65 21 3 92 50 76 94 57 43 30 6 54 39 82 8 41 10 88 85 2 49 19 74 3 31 43
4 58 76 72 86 88 68 55 22 24 62 34 2 29 34 56 16 3 6 11 81 12 1 72 44 47 82 1 35 39 62 33 45 70 71 34 54 35 99 19 96 32 51 55 31 16 0 59 92 48
56 85 99 94 68 43 72 0 87 23 12 96 91 39 30 23 70 29 88 35 64 85 57 93 7 79 2 55 73 63 15 0 25 97 89 52 4 60 61 5 25 11 12 13 23 59 82 48 31 32
97 31 33 79 35 38 97 5 38 84 67 89 73 60 49 90 42 18 24 19 98 78 66 22 77 84 74 91 83 60 70 60 57 48 71 80 45 9 34 37 95 45 72 89 36 34 77 19 7 89
6 78 61 80 6 78 44 66 94 85 38 60 45 60 5 68 84 5 20 39 9 45 60 28 88 61 46 22 25 97 97 0 26 77 97 46 56 3 28 86 33 92 33 43 54 1 72 0 73 79
61 16 44 9 6 68 66 97 39 15 43 35 88 23 53 38 97 85 98 24 55 32 49 54 40 9 81 2 36 80 66 34 16 13 94 59 78 59 31 41 67 50 18 15 80 21 98 1 37 9
8 19 44 97 55 36 49 61 76 12 28 40 28 29 0 31 97 8 6 10 38 72 57 34 81 59 47 65 39 76 10 93 75 78 21 60 71 26 63 10 41 34 64 52 0 29 56 32 85 72
67 33 37 87 47 86 2 65 53 68 39 53 25 63 6 83 10 75 51 75 98 16 38 7 40 33 91 25 51 38 70 62 5 76 56 15 98 69 24 44 78 26 14 64 58 45 74 73 63 95
82 1 6 47 65 49 14 91 18 45 18 91 99 15 71 1 47 63 51 96 66 63 62 25 46 28 1 10 57 78 52 28 19 58 81 97 29 57 90 11 12 40 85 74 92 94 11 6 13 75
0 49 82 54 24 1 45 25 99 45 55 75 59 12 92 32 66 80 7 0 67 18 27 11 88 94 26 16 81 66 26 59 14 59 10 29 45 15 63 10 38 21 48 50 93 72 25 47 39 70
89 67 12 29 25 46 3 20 34 88 49 63 48 6 25 69 96 12 14 69 43 46 2 4 75 50 12 76 84 91 97 52 95 63 40 80 3 0 26 91 28 35 38 41 43 41 32 33 68 13
18 69 38 43 71 55 57 68 92 98 46 79 89 24 1 82 13 25 31 5 62 44 4 84 32 49 18 80 12 56 79 16 59 81 73 89 90 80 47 70 56 31 95 80 36 19 3 2 27 43
28 15 71 79 39 90 86 41 48 21 52 40 76 20 89 82 37 70 18 8 0 30 99 22 51 71 76 68 19 28 19 45 2 93 6 41 37 67 94 10 22 0 9 94 26 45 32 14 47 63
84 39 69 67 73 61 19 91 46 92 0 42 5 60 21 77 28 60 56 59 7 54 46 72 89 35 79 9 9 82 90 47 45 87 79 15 41 97 88 2 41 99 49 58 56 92 68 55 17 93
14 86 99 70 12 62 76 31 41 0 59 1 47 95 68 60 95 43 3 0 50 50 16 82 84 18 31 85 12 97 43 19 83 42 86 55 21 0 83 88 49 74 50 93 24 31 79 64 10 88
26 17 83 36 77 31 51 88 35 66 40 60 18 85 46 72 2 78 13 77 95 47 50 91 53 39 10 28 66 83 71 4 91 96 24 16 98 53 35 36 19 50 89 75 79 5 66 43 26 56
31 59 20 39 44 91 78 18 33 4 94 7 35 87 40 71 80 48 28 56 29 64 48 84 90 3 36 65 43 18 23 19 17 76 59 57 53 81 43 29 7 12 20 10 51 5 39 42 46 92
44 6 5 84 28 50 83 11 73 82 22 54 34 3 55 16 83 65 75 73 25 66 73 86 27 77 16 33 24 81 38 12 98 11 76 53 35 67 62 88 92 0 26 70 28 99 41 86 81 62
92 46 73 59 60 45 55 58 1 29 69 81 73 4 37 62 76 8 54 47 21 99 11 9 18 89 67 1 76 86 96 61 72 75 41 99 28 78 5 31 91 47 95 81 25 49 5 23 47 10
95 38 77 86 96 68 11 58 27 7 82 48 5 71 15 9 49 18 19 14 52 35 49 73 68 93 16 29 67 71 22 86 27 4 33 93 78 63 76 88 12 9 69 32 93 36 22 61 60 9
48 57 32 61 50 17 30 11 97 54 43 16 8 29 41 41 88 1 96 65 23 62 86 56 42 36 76 42 28 15 26 30 1 38 85 87 41 94 90 66 88 27 68 72 7 28 31 80 52 99
22 23 35 14 15 20 10 60 52 6 94 27 40 79 23 47 30 24 35 97 48 53 38 38 81 93 51 40 31 10 25 26 30 54 65 12 29 33 12 50 39 65 41 12 7 73 75 61 5 26
37 55 26 79 68 97 55 65 23 81 98 96 15 7 71 60 87 17 60 70 19 16 55 55 92 6 53 50 97 7 31 77 67 40 48 18 79 34 70 72 98 13 95 82 36 35 86 59 22 44
24 42 25 13 72 97 90 4 37 49 24 28 81 3 49 19 95 19 1 23 15 0 47 94 19 45 14 73 29 19 95 15 61 53 74 25 68 95 12 40 24 8 63 33 98 58 60 72 9 90
39 38 98 55 72 68 83 97 22 3 53 78 33 78 42 64 29 16 91 70 39 47 16 20 13 54 59 43 81 1 28 49 53 24 66 89 21 18 7 46 38 44 94 73 41 56 33 54 62 56
7 87 0 52 35 13 6 36 42 88 72 83 12 37 95 14 88 75 80 72 84 40 46 67 46 1 1 24 90 5 39 60 17 61 25 64 20 61 7 37 80 17 79 22 90 86 85 48 45 38
52 59 3 26 91 73 11 75 55 97 36 92 70 91 39 14 86 89 78 86 67 46 72 13 52 30 27 1 54 86 37 93 38 8 8 96 21 19 69 7 47 31 57 51 15 6 75 79 69 81
56 15 30 25 76 36 85 18 78 23 63 39 96 5 12 3 94 60 28 28 84 13 53 29 96 31 53 4 39 93 88 35 89 79 64 57 17 62 50 90 95 91 46 70 3 55 81 47 70 41
36 46 26 12 89 82 58 7 57 42 91 13 42 85 8 89 99 69 75 67 94 24 59 48 70 52 38 60 11 65 41 34 19 73 38 41 38 76 94 57 54 73 20 13 28 83 10 43 14 79
23 72 27 77 56 82 44 48 66 5 13 65 54 11 26 78 42 52 99 40 95 27 95 77 66 38 58 58 37 74 91 96 29 25 29 19 81 8 54 14 0 85 63 88 95 31 55 58 65 28
93 79 54 49 32 41 56 34 93 92 66 56 64 22 1 76 73 16 11 52 66 49 31 85 23 73 91 98 65 4 53 92 98 74 90 96 21 6 59 24 78 16 78 56 90 16 85 21 58 4
54 83 18 78 73 42 32 16 85 22 30 68 85 23 36 24 62 96 94 39 7 29 6 93 22 27 90 73 42 35 76 92 45 22 73 17 23 61 42 54 1 54 18 47 18 42 28 98 31 97
37 82 65 62 66 61 65 35 59 59 89 69 84 61 51 8 63 43 21 16 28 71 86 82 87 22 70 0 90 35 40 40 72 38 42 43 99 80 44 30 54 14 29 70 78 76 55 44 93 12
20 80 45 53 89 9 35 61 92 51 54 45 51 59 9 37 21 81 13 72 98 30 44 36 29 75 87 25 55 33 17 38 68 5 82 65 65 16 33 10 17 76 10 14 56 24 80 58 8 72
60 62 88 97 51 42 40 6 69 41 67 70 4 48 49 53 75 23 38 22 33 21 66 49 27 94 40 6 42 87 71 79 82 69 90 58 74 47 87 72 22 82 69 82 12 35 86 37 14 63
62 72 84 55 84 38 97 9 0 40 1 10 28 90 84 80 1 35 59 20 34 1 1 94 42 87 10 22 6 88 71 8 40 33 42 60 38 73 61 74 55 72 42 83 67 75 96 25 38 76
2 84 0 3 64 46 4 81 67 78 88 50 80 8 99 7 36 77 68 16 37 76 1 86 42 42 53 80 15 53 56 75 88 53 50 65 45 40 29 59 79 43 76 81 53 20 14 92 65 46
65 36 21 43 74 62 68 6 84 58 10 49 57 97 86 32 38 9 55 25 12 49 93 11 46 7 41 13 68 50 41 2 57 3 90 98 72 1 79 17 71 63 83 77 78 83 53 11 99 9
59 30 6 25 95 35 2 19 99 64 26 50 28 56 59 4 97 72 59 23 61 23 23 55 30 75 44 13 83 35 63 28 24 64 66 17 65 52 58 24 24 47 87 18 96 63 46 79 38 59
98 73 48 68 58 64 49 51 87 91 30 30 14 84 14 21 31 20 35 41 86 0 61 23 52 47 0 40 65 49 60 55 30 21 63 41 26 73 60 78 88 17 18 59 97 91 55 9 89 98
49 15 62 24 34 71 86 30 99 73 54 37 7 93 33 8 7 29 12 39 0 26 70 18 50 6 63 80 17 65 83 7 20 22 78 91 84 3 99 18 12 59 69 58 64 60 12 4 92 35
64 46 5 83 45 69 28 82 94 53 12 9 89 58 60 85 55 90 98 83 15 42 55 54 98 61 46 55 32 91 94 28 45 10 89 42 35 5 8 89 62 81 76 94 78 15 43 88 68 70
79 34 82 93 16 17 78 38 45 18 41 5 36 37 56 71 74 8 6 0 96 71 89 89 16 65 45 40 38 2 35 75 82 11 16 71 15 72 28 25 38 84 2 77 84 98 1 71 74 61
97 48 50 44 73 30 99 71 88 49 64 69 4 54 94 41 46 12 24 0 54 50 88 70 27 45 69 71 71 67 49 69 18 49 77 17 64 54 97 74 63 57 60 56 62 50 85 88 96 15
11 99 87 58 53 6 18 57 65 2 85 72 35 48 49 23 28 87 40 30 77 90 9 71 14 71 67 92 12 27 54 60 77 57 47 30 43 52 97 76 66 43 26 91 81 46 59 89 72 11
