44 24
0 1 1 2 2 3 3 4 4 5 6 7 8 9 10 11 12 13 14 14 15 15 16 17 17 18 18 19 20 20 21 22 22 23 24 24 25 26 26 27 28 28 29 29 30 31 31 32 33 34
0 35 35 36 36 37 37 38 38 5 6 7 8 9 39 11 12 13 40 41 42 42 43 43 44 44 45 19 46 47 21 48 48 23 49 49 50 50 51 27 52 52 53 54 55 56 56 32 33 57
58 58 59 59 60 60 61 62 62 63 63 64 65 66 39 67 68 68 40 69 69 70 71 71 72 73 73 74 46 47 75 75 76 77 77 78 79 79 51 80 81 82 82 54 55 83 83 84 84 57
85 86 87 88 89 89 61 90 90 91 91 64 65 66 92 67 93 93 94 94 95 96 97 97 72 98 98 99 100 100 101 101 76 102 102 103 103 104 104 80 81 105 105 106 107 107 108 109 109 110
85 111 87 88 112 112 113 114 114 115 116 116 117 118 92 119 120 121 122 123 123 96 124 124 125 125 126 99 127 127 128 128 129 130 131 131 132 133 133 134 135 136 137 138 139 139 108 140 140 141
142 111 143 143 144 144 113 145 145 115 146 147 117 148 148 119 120 121 122 149 150 150 151 151 152 152 126 153 154 154 155 156 129 130 157 158 132 159 160 134 135 136 137 138 161 162 163 164 164 141
142 165 166 167 168 168 169 170 170 171 146 147 172 172 173 173 174 175 176 177 177 178 179 179 180 181 182 153 183 183 184 156 185 185 157 186 186 159 187 187 188 188 189 189 161 162 163 190 191 191
192 192 166 193 193 194 169 195 196 171 197 197 198 198 199 200 174 175 176 201 202 178 203 204 204 181 182 205 205 206 184 207 208 208 209 210 210 211 212 213 214 214 215 215 216 217 218 218 219 219
220 220 221 222 222 194 223 195 224 224 225 226 227 227 199 228 228 229 229 201 230 231 203 232 232 233 234 235 235 206 236 236 237 238 209 239 239 211 212 213 240 240 241 242 216 217 243 244 244 245
246 247 221 248 248 249 250 250 251 252 225 226 253 254 254 255 256 256 257 258 230 259 259 260 260 233 234 261 262 263 264 264 265 238 266 267 268 268 269 269 270 270 241 271 272 273 243 274 274 245
246 275 276 276 277 277 278 278 251 252 279 279 253 280 280 255 281 282 257 258 283 284 284 285 285 286 286 261 262 263 287 287 265 288 288 267 289 290 291 292 293 293 294 271 272 273 295 296 296 297
298 275 299 300 300 301 301 302 303 304 304 305 305 306 306 307 281 282 308 308 283 309 309 310 310 311 312 312 313 314 315 315 316 317 317 318 289 290 291 292 319 320 294 321 322 323 324 325 326 297
298 327 327 328 329 329 330 331 303 332 333 333 334 335 335 307 336 336 337 338 339 340 340 341 341 311 342 343 313 314 344 344 316 345 346 346 347 348 349 349 319 320 350 321 322 323 324 325 351 351
352 353 353 354 354 355 356 331 357 332 358 358 359 359 360 360 361 361 337 338 339 362 362 363 363 364 364 343 365 365 366 366 367 368 369 370 347 348 371 372 373 374 374 375 375 376 376 377 377 378
379 380 380 381 382 355 356 383 384 385 386 387 387 388 388 389 389 390 390 391 391 392 392 393 394 394 395 395 396 396 397 397 367 368 369 370 398 398 371 372 373 399 400 401 401 402 403 403 404 378
379 405 405 381 406 407 407 383 384 385 408 408 409 409 410 411 412 413 413 414 415 415 416 417 418 419 419 420 421 421 422 422 423 424 425 426 427 427 428 429 429 399 400 430 430 431 431 432 433 433
434 434 435 435 406 436 436 437 438 438 439 440 440 441 442 411 412 443 443 414 444 445 445 417 418 446 446 420 447 448 448 449 423 424 450 426 451 451 428 452 452 453 454 455 456 456 457 457 458 459
460 460 461 462 463 464 465 466 467 467 439 468 469 441 442 470 471 471 472 472 473 474 474 475 475 476 477 477 478 479 480 449 481 481 450 482 482 483 484 484 485 453 454 455 486 486 487 488 488 459
489 489 461 462 463 464 465 466 490 490 491 468 469 492 492 470 493 494 495 495 473 496 496 497 497 498 498 499 478 479 480 500 501 502 503 504 505 483 506 506 507 508 508 509 510 511 487 512 513 514
515 516 517 517 518 519 520 520 521 522 491 523 524 524 525 526 493 527 527 528 528 529 530 530 531 532 533 533 534 534 535 500 536 502 537 504 505 538 538 539 507 540 541 509 510 542 542 512 513 514
515 516 543 543 544 519 545 545 521 546 546 523 547 548 549 526 550 550 551 552 553 529 554 554 531 555 556 556 557 558 535 559 536 560 537 561 562 563 563 539 564 540 541 565 565 566 566 567 567 568
569 570 570 571 544 572 573 573 574 575 575 576 577 548 549 578 579 580 551 552 553 581 581 582 582 555 583 584 584 558 585 559 586 587 587 561 562 588 589 590 591 591 592 593 594 595 596 596 597 568
598 598 599 600 601 572 602 602 574 603 604 576 577 605 606 606 579 580 607 607 608 608 609 610 611 611 583 612 612 613 614 614 586 615 616 616 617 588 589 618 619 619 620 593 594 595 621 622 597 623
624 625 625 600 601 626 626 627 627 603 604 628 628 629 629 630 630 631 632 633 634 635 609 610 636 637 638 639 639 613 640 641 642 615 643 644 617 645 645 618 646 646 620 647 648 649 621 622 650 623
651 651 652 653 653 654 655 656 657 657 658 658 659 659 660 661 661 631 662 633 663 635 664 664 665 637 638 666 667 667 640 641 668 668 669 644 670 671 671 672 673 673 674 647 648 649 675 675 650 676
677 678 652 679 679 654 680 656 681 681 682 683 683 684 660 685 686 686 662 687 663 688 689 689 665 690 690 691 692 692 693 693 694 695 669 696 670 697 698 672 699 700 674 701 702 703 703 704 705 705
677 678 706 706 707 708 680 709 710 710 682 711 711 684 712 713 713 714 714 715 715 716 717 717 718 719 720 691 721 721 722 722 694 695 723 696 724 697 725 726 699 727 727 701 702 728 729 729 730 730
731 731 732 732 707 708 733 709 734 735 736 737 738 738 712 739 740 740 741 742 743 716 744 744 718 719 720 745 745 746 747 747 748 748 723 749 750 751 725 726 752 752 753 753 754 755 755 756 757 758
759 760 761 762 762 763 764 765 734 735 736 766 766 767 768 739 769 770 741 742 771 771 772 773 774 775 776 777 778 746 779 779 780 781 782 749 750 751 783 784 785 786 787 788 754 789 790 756 757 758
759 760 791 791 792 793 764 794 795 796 796 797 798 798 768 799 769 770 800 800 801 801 802 773 774 803 776 777 778 804 804 805 780 781 782 806 807 808 808 784 785 786 787 788 809 789 790 810 810 811
812 812 813 813 792 793 814 794 795 815 815 797 816 817 818 819 819 820 821 822 823 824 802 825 825 803 826 827 828 829 829 805 830 830 831 806 807 832 832 833 833 834 835 835 809 836 836 837 837 838
839 840 840 841 842 842 843 843 844 845 845 846 816 817 818 847 847 820 821 848 823 849 849 850 850 851 851 827 852 853 853 854 855 856 856 857 857 858 859 860 860 861 861 862 862 863 863 864 864 838
839 865 865 866 866 867 868 869 870 870 871 871 872 872 873 873 874 874 875 848 876 877 877 878 878 879 880 881 852 882 882 854 855 883 884 885 885 858 886 886 887 887 888 889 889 890 890 891 891 892
893 893 894 895 895 867 868 869 896 897 897 898 899 899 900 901 902 903 903 904 904 905 905 906 907 879 880 881 908 909 910 911 911 883 912 912 913 913 914 914 915 916 916 917 918 918 919 920 920 892
921 921 894 922 922 923 924 924 925 925 926 927 927 928 929 901 902 930 931 931 932 933 934 906 935 935 936 936 908 909 910 937 937 938 939 940 941 941 942 942 943 944 945 917 946 947 947 948 948 949
950 950 951 951 952 923 953 954 954 955 926 956 956 957 929 958 958 959 959 960 960 933 934 961 962 963 964 965 966 966 967 968 968 938 939 940 969 970 970 971 943 944 945 972 972 973 974 974 975 949
976 976 977 978 978 979 953 980 981 981 982 983 984 957 985 986 986 987 987 988 989 989 990 961 962 963 964 991 991 992 992 993 993 994 995 995 996 996 997 998 999 999 1000 1001 1001 1002 1002 1003 975 1004
1005 1005 977 1006 1006 979 1007 1008 1008 1009 982 983 984 1010 1010 1011 1011 1012 1013 988 1014 1014 990 1015 1016 1016 1017 1018 1019 1020 1021 1022 1022 994 1023 1023 1024 1025 1026 998 1027 1028 1029 1030 1030 1031 1032 1003 1033 1034
1035 1035 1036 1036 1037 1038 1039 1040 1040 1009 1041 1042 1043 1044 1045 1046 1046 1012 1047 1048 1049 1049 1050 1050 1051 1051 1017 1018 1019 1020 1021 1052 1053 1053 1054 1054 1024 1025 1026 1055 1055 1028 1029 1056 1056 1031 1032 1057 1057 1034
1058 1059 1060 1060 1037 1038 1039 1061 1061 1062 1041 1042 1043 1044 1045 1063 1063 1064 1047 1048 1065 1066 1066 1067 1067 1068 1069 1069 1070 1070 1071 1052 1072 1072 1073 1073 1074 1075 1076 1076 1077 1077 1078 1079 1079 1080 1081 1081 1082 1083
1058 1059 1084 1085 1086 1087 1088 1088 1089 1090 1090 1091 1091 1092 1093 1093 1094 1064 1095 1095 1065 1096 1097 1098 1099 1068 1100 1101 1101 1102 1102 1103 1104 1105 1105 1106 1106 1075 1107 1107 1108 1108 1078 1109 1109 1080 1110 1111 1111 1083
1112 1112 1084 1085 1086 1113 1114 1114 1115 1115 1116 1116 1117 1092 1118 1118 1094 1119 1119 1120 1121 1096 1097 1098 1099 1122 1100 1123 1123 1124 1125 1125 1104 1126 1127 1127 1128 1128 1129 1130 1130 1131 1131 1132 1133 1133 1110 1134 1135 1135
1136 1137 1137 1138 1138 1113 1139 1140 1141 1141 1142 1142 1117 1143 1143 1144 1144 1145 1146 1120 1147 1147 1148 1148 1149 1122 1150 1151 1151 1124 1152 1153 1153 1126 1154 1154 1155 1156 1157 1157 1158 1159 1160 1161 1162 1163 1164 1164 1165 1165
1136 1166 1166 1167 1167 1168 1168 1140 1169 1170 1170 1171 1172 1173 1173 1174 1175 1145 1146 1176 1176 1177 1178 1178 1149 1179 1180 1181 1181 1182 1152 1183 1184 1184 1185 1185 1155 1186 1186 1187 1158 1159 1160 1161 1162 1163 1188 1188 1189 1189
1190 1191 1192 1192 1193 1193 1194 1194 1169 1195 1195 1171 1172 1196 1196 1174 1197 1197 1198 1198 1199 1199 1200 1201 1202 1179 1180 1203 1204 1182 1205 1183 1206 1207 1207 1208 1208 1209 1210 1187 1211 1212 1213 1213 1214 1214 1215 1216 1217 1217
1190 1218 1218 1219 1220 1220 1221 1222 1222 1223 1223 1224 1224 1225 1225 1226 1226 1227 1228 1229 1230 1231 1232 1201 1233 1234 1234 1203 1204 1235 1236 1236 1206 1237 1237 1238 1239 1209 1210 1240 1211 1241 1242 1242 1243 1243 1215 1216 1244 1245
1246 1247 1247 1219 1248 1249 1221 1250 1250 1251 1252 1252 1253 1254 1254 1255 1256 1257 1228 1258 1230 1259 1232 1260 1233 1261 1261 1262 1262 1235 1263 1264 1265 1265 1266 1266 1239 1267 1268 1240 1269 1241 1270 1270 1271 1272 1272 1273 1244 1245
1246 1274 1275 1275 1248 1276 1276 1277 1277 1251 1278 1278 1253 1279 1279 1280 1256 1257 1281 1258 1282 1259 1283 1284 1285 1285 1286 1287 1288 1288 1263 1264 1289 1290 1290 1291 1292 1267 1268 1293 1269 1294 1294 1295 1295 1296 1297 1273 1298 1298
1299 1274 1300 1300 1301 1301 1302 1303 1304 1305 1305 1306 1306 1307 1307 1280 1308 1308 1281 1309 1282 1310 1283 1284 1311 1312 1313 1287 1314 1315 1316 1316 1289 1317 1317 1291 1292 1318 1318 1319 1320 1321 1321 1322 1322 1323 1297 1324 1325 1325
1299 1326 1326 1327 1328 1328 1302 1303 1304 1329 1329 1330 1330 1331 1331 1332 1332 1333 1333 1334 1334 1310 1335 1335 1311 1312 1313 1336 1336 1315 1337 1337 1338 1338 1339 1339 1340 1341 1341 1319 1320 1342 1342 1343 1343 1323 1344 1344 1345 1345
10 86 0 77 55 81 37 69 24 26 61 88 88 12 94 54 12 96 22 68 4 27 67 81 71 8 42 24 84 33 36 48 85 24 68 97 28 37 95 18 3 42 41 23 52 32 44 56 88 31
86 31 44 92 80 97 45 96 59 21 92 14 88 65 24 80 64 46 60 1 67 13 14 26 0 4 7 1 34 73 44 78 18 72 22 72 31 38 46 64 75 28 18 58 75 5 16 72 86 19
40 8 46 62 81 99 43 54 56 77 73 85 71 35 93 85 77 61 7 1 31 45 90 25 34 28 8 67 62 43 76 69 27 5 71 30 34 82 44 59 43 9 8 92 32 79 62 57 85 49
51 43 36 32 68 86 15 62 34 92 47 16 28 68 53 89 87 80 1 62 25 93 3 29 36 63 82 94 15 78 92 4 45 38 28 51 41 59 0 99 31 19 96 5 36 92 89 56 84 44
59 56 97 60 2 95 15 2 18 60 81 17 35 73 72 96 47 31 34 72 97 6 6 31 32 84 16 33 66 45 25 1 43 49 6 25 6 97 23 26 85 89 68 27 18 94 82 29 6 16
57 49 5 64 43 9 62 39 91 9 32 29 63 89 95 60 19 74 81 50 60 7 3 45 24 25 73 4 68 51 28 44 39 8 97 53 36 8 88 46 61 41 21 96 91 74 28 71 23 27
22 84 92 63 91 88 94 28 90 31 9 31 87 84 39 88 32 24 76 2 81 56 6 56 16 95 32 13 61 50 29 73 94 44 26 20 90 13 35 77 15 97 54 52 59 86 2 96 54 23
77 87 15 24 38 11 9 63 89 67 57 99 10 19 13 7 51 29 17 81 90 85 82 62 3 44 47 35 79 73 58 71 9 90 29 42 37 40 1 88 19 14 40 69 42 88 84 74 74 58
81 97 83 68 95 74 66 94 30 35 18 2 21 31 38 93 1 77 70 33 56 7 75 93 12 14 83 67 44 85 20 12 85 90 79 45 39 64 66 77 68 85 73 17 58 60 32 14 53 50
1 16 49 95 41 53 45 74 91 92 54 60 3 50 74 95 82 59 69 39 36 20 54 75 99 96 86 28 77 50 60 13 27 35 97 89 20 68 4 93 69 13 51 20 18 30 58 4 10 83
5 15 38 58 30 55 65 72 91 66 3 41 5 53 71 86 83 53 51 28 14 2 94 98 37 31 79 5 91 24 93 36 93 80 38 4 71 89 89 35 99 94 43 24 27 24 11 9 51 46
97 16 36 54 34 17 80 74 38 32 55 17 95 0 76 20 41 20 59 23 24 6 75 12 26 38 27 36 1 20 89 58 33 3 1 53 81 35 44 9 57 68 23 24 79 56 33 49 41 32
3 57 67 57 40 63 99 28 31 99 79 71 81 42 69 60 18 88 98 52 63 34 71 94 86 69 51 29 24 60 30 86 63 67 94 72 79 27 73 17 7 91 7 55 98 60 17 21 58 52
72 95 6 50 83 83 76 85 84 0 6 37 87 46 16 34 79 5 55 48 39 6 14 6 38 17 25 75 87 97 38 74 30 26 60 19 92 27 38 56 45 24 16 68 61 19 2 31 69 57
25 53 73 49 74 46 79 96 13 47 56 81 78 78 91 48 51 94 76 86 15 27 27 32 48 89 71 79 19 52 54 97 17 19 49 14 71 97 27 40 32 56 88 43 51 27 60 73 78 91
72 89 10 91 49 93 73 40 8 85 17 9 23 46 24 2 50 10 27 57 81 50 84 46 45 64 68 8 63 8 33 82 8 19 21 48 0 2 37 69 3 71 90 15 19 93 40 5 49 27
83 24 22 28 99 22 96 81 5 35 32 75 56 56 95 16 96 94 87 73 91 34 28 13 46 0 34 9 6 71 86 59 87 48 58 5 41 94 0 0 25 59 15 57 18 43 56 78 41 49
6 75 89 80 57 73 82 62 0 25 21 89 75 29 56 95 34 56 84 17 73 80 22 46 16 59 29 14 24 37 28 87 28 47 51 1 18 11 89 54 46 63 74 0 87 72 16 91 82 6
55 4 52 94 19 12 50 7 76 69 47 67 91 47 71 41 58 10 3 48 3 10 60 12 90 81 72 32 92 82 57 99 9 12 60 30 58 90 61 24 25 73 21 59 98 88 23 77 40 90
23 44 19 53 85 98 62 38 98 42 72 5 41 61 84 33 78 90 96 19 34 74 80 28 50 23 32 6 93 55 26 40 93 42 21 18 26 75 36 9 69 58 95 98 22 26 53 22 95 63
40 65 75 47 29 19 57 29 17 88 10 32 13 59 13 73 3 68 75 65 49 75 73 74 99 91 78 46 71 12 26 66 74 8 28 33 91 47 27 93 7 23 86 74 29 36 71 28 24 33
78 3 36 74 59 57 18 86 83 34 38 47 62 38 2 93 11 25 41 22 69 81 70 97 28 8 8 75 0 79 68 29 84 65 43 59 12 1 4 4 41 79 33 35 13 32 76 50 24 91
74 90 84 79 27 5 1 14 80 16 90 30 73 10 50 61 27 83 11 87 37 88 84 38 87 9 27 15 43 70 17 79 97 47 81 95 80 6 50 23 57 51 13 50 77 5 41 97 77 90
95 95 6 43 40 25 35 2 54 86 90 17 78 17 40 50 26 31 15 29 10 7 72 45 14 41 44 27 39 91 37 73 31 36 91 93 98 63 80 47 31 77 12 84 49 52 80 55 29 22
92 8 8 49 32 15 25 80 60 37 68 26 16 39 76 51 1 93 86 37 49 34 2 57 42 66 18 97 90 55 78 28 9 43 46 91 79 65 12 7 59 37 13 47 89 43 0 96 24 34
88 97 50 27 14 10 99 23 60 23 19 48 63 19 48 95 25 98 63 42 34 75 77 96 44 99 64 38 86 27 31 68 31 72 69 13 98 17 91 67 17 87 80 73 97 57 46 26 66 54
79 77 42 33 53 41 33 93 76 79 34 84 38 17 19 49 52 40 40 36 20 89 71 98 22 52 74 98 5 48 93 57 54 40 48 44 43 19 41 88 72 59 99 29 46 53 94 20 88 44
17 4 3 52 48 1 73 67 77 32 61 82 86 66 94 57 84 23 98 64 58 21 33 91 52 71 62 18 23 46 82 32 81 26 77 30 57 46 71 60 26 80 23 4 54 0 67 34 64 3
69 28 95 5 24 86 44 4 62 27 66 26 1 38 96 24 67 89 26 42 42 4 84 95 34 35 40 47 52 24 46 14 25 99 44 49 3 20 27 76 33 87 73 22 12 77 27 38 4 56
59 79 99 91 66 64 24 70 31 42 51 74 74 29 92 54 62 2 86 64 41 69 59 22 88 89 48 2 19 19 57 20 63 51 37 12 61 49 0 68 59 16 44 88 64 86 67 6 72 42
45 47 86 67 78 8 78 25 23 95 24 69 1 21 84 31 30 68 97 93 80 27 63 53 16 98 9 26 85 49 96 28 2 67 81 54 15 52 24 45 99 70 5 29 12 98 40 17 30 34
91 66 22 2 67 66 17 5 79 94 56 52 82 92 29 9 67 98 10 35 79 64 9 38 21 65 93 65 48 60 72 63 68 74 86 77 29 62 54 31 76 72 98 58 48 45 68 22 42 65
16 33 68 44 97 74 7 96 97 38 49 15 49 91 93 68 22 87 55 41 32 8 85 15 82 57 84 93 88 18 85 8 84 47 67 17 34 92 25 70 80 37 73 64 59 50 55 97 97 49
57 14 94 27 47 0 30 86 52 36 7 73 92 98 15 98 74 80 57 54 0 9 95 95 1 5 80 39 77 90 64 13 3 12 24 93 39 71 70 36 5 94 24 55 63 43 96 11 40 97
54 6 84 11 25 87 29 88 40 73 73 29 13 8 89 82 50 7 76 11 30 15 89 75 92 49 16 5 9 60 78 56 68 76 3 72 91 82 22 90 13 86 13 50 38 10 28 11 24 9
67 29 57 29 60 53 34 81 85 81 2 16 27 50 21 60 30 81 24 63 63 59 54 26 88 88 78 35 74 24 3 2 16 77 31 63 42 54 88 77 10 49 93 47 97 83 72 12 33 85
16 88 7 33 99 73 60 23 59 76 68 71 32 11 28 74 20 38 7 32 87 48 3 23 73 90 8 98 57 4 85 82 59 85 31 52 5 36 73 27 13 37 36 4 35 9 15 69 3 2
33 57 54 97 17 47 46 11 21 41 60 82 68 40 86 61 84 16 17 52 66 57 0 51 13 6 19 20 91 12 95 80 13 4 67 19 16 19 72 15 96 66 93 17 64 24 68 49 81 34
96 96 50 82 54 46 16 77 15 73 27 93 22 45 62 4 93 77 34 17 70 16 58 47 61 18 63 31 14 11 73 98 57 93 7 59 14 85 43 24 60 12 5 82 88 91 53 18 62 74
3 91 43 85 26 4 13 15 46 46 5 35 35 16 3 99 38 64 32 1 64 86 78 84 86 2 53 5 52 10 63 21 30 86 89 35 31 92 76 0 37 4 77 26 84 26 39 13 77 89
11 20 70 78 22 55 82 5 74 99 43 4 55 99 63 82 88 44 74 14 27 35 38 39 46 44 86 24 13 74 15 75 21 76 98 12 72 86 62 55 39 73 65 74 8 48 20 52 59 4
94 56 41 5 40 68 22 84 26 33 84 85 38 49 54 34 21 73 15 64 81 42 48 47 25 49 86 9 57 61 94 71 7 72 80 29 60 25 75 98 72 12 67 51 92 12 11 13 77 50
25 23 43 64 53 32 96 33 50 98 92 30 30 43 8 1 29 80 84 13 4 7 23 37 21 22 17 95 57 28 3 51 2 19 41 42 94 60 27 79 92 70 93 22 94 20 73 82 79 70
17 53 22 56 29 35 26 82 66 16 17 92 70 50 19 30 95 96 61 92 91 72 11 89 20 23 23 55 0 63 98 52 33 39 40 41 18 17 52 14 94 90 53 50 4 23 36 26 8 86
21 21 0 2 31 45 27 51 95 11 73 54 76 6 96 17 59 16 28 94 40 17 74 79 50 57 18 14 42 51 99 28 62 0 95 21 29 69 27 15 11 83 55 19 6 51 85 55 2 92
93 89 60 21 38 85 17 64 0 1 96 96 24 19 55 82 75 27 9 30 24 44 96 23 94 39 73 40 30 78 41 44 7 42 20 87 21 33 33 66 26 81 6 71 4 61 25 11 54 98
36 29 66 52 29 76 63 83 89 3 19 77 47 87 50 46 26 50 7 59 8 93 19 26 87 17 76 10 12 58 69 19 90 50 16 9 49 30 99 73 3 76 80 47 57 51 81 89 84 92
41 61 18 73 49 60 57 69 74 81 1 44 26 56 51 5 9 54 89 47 14 5 59 84 28 82 4 63 47 13 25 95 85 66 4 84 95 61 51 71 22 55 70 63 66 90 3 85 95 12
50 28 25 67 26 41 4 84 15 50 7 68 75 68 75 80 71 26 31 17 15 23 84 88 9 91 71 69 17 55 97 2 60 1 71 39 64 32 53 89 89 25 80 24 7 14 6 54 78 1
75 69 62 19 27 80 59 3 18 51 47 54 54 67 18 75 3 96 6 33 61 72 76 62 4 15 35 44 22 32 34 50 61 98 73 49 42 26 94 31 83 45 84 32 18 96 51 34 68 68
