12 14
0 1 2 3 3 4 4 5 6 7 7 8 9 9 10 11 12 12 13 14 15 16 17 18 19 20 21 22 23 23 24 25 25 26 26 27 28 28 29 30 31 31 32 33 34 34 35 35 36 36
0 1 37 37 38 38 39 5 6 40 40 8 41 42 10 11 43 44 13 14 15 16 17 18 19 20 21 45 46 46 24 47 48 49 50 51 52 52 29 30 53 53 32 54 54 55 55 56 56 57
58 59 59 60 61 62 39 63 63 64 65 65 41 42 66 66 43 44 67 68 68 69 69 70 70 71 71 45 72 72 73 47 48 74 50 51 75 75 76 76 77 78 78 79 80 81 82 83 83 57
58 84 85 85 61 62 86 87 88 89 89 90 91 92 93 94 95 96 97 98 98 99 100 101 102 102 103 103 104 104 73 105 105 74 106 107 107 108 109 110 111 111 112 79 80 81 113 114 114 115
116 117 118 119 119 120 120 87 88 121 121 90 91 92 93 94 95 96 97 122 122 99 100 101 123 124 124 125 125 126 127 128 128 129 106 130 130 108 131 110 132 133 133 134 134 135 113 136 137 115
138 117 139 139 140 141 141 142 143 144 145 146 147 147 148 148 149 149 150 151 151 152 152 153 154 155 156 156 157 126 127 158 159 129 160 161 161 162 131 163 163 164 164 165 165 135 166 136 137 167
138 168 169 170 140 171 172 172 143 144 145 173 173 174 175 176 177 178 150 179 180 181 181 153 154 155 182 182 157 183 184 158 159 185 160 186 186 162 187 187 188 188 189 190 190 191 191 192 192 167
193 168 169 170 194 171 195 195 196 197 198 198 199 174 175 176 177 200 201 179 180 202 203 204 204 205 205 206 206 183 207 207 208 185 209 210 211 211 212 212 213 213 189 214 214 215 216 216 217 218
219 219 220 221 222 222 223 223 196 197 224 224 199 225 225 226 227 200 228 229 229 202 203 230 230 231 231 232 232 233 233 234 235 236 209 210 237 238 238 239 240 240 241 242 242 215 243 244 217 218
245 246 246 221 247 248 248 249 249 250 251 251 252 253 254 226 255 256 228 257 258 259 260 261 261 262 262 263 263 264 265 265 235 266 266 267 237 268 268 239 269 270 241 271 272 273 273 244 274 274
275 275 276 276 247 277 278 278 279 279 280 280 252 253 254 281 255 256 282 257 258 259 260 283 284 284 285 285 286 287 288 289 290 291 291 292 292 293 294 294 269 295 295 271 272 296 296 297 298 298
299 299 300 300 301 277 302 302 303 304 305 306 306 307 308 281 309 310 282 311 311 312 313 283 314 314 315 315 286 287 288 289 290 316 317 318 318 293 319 320 320 321 322 322 323 324 324 297 325 326
327 328 328 329 330 330 331 331 332 304 333 334 335 307 336 336 309 310 337 337 338 312 339 339 340 340 341 342 342 343 343 344 345 316 346 346 347 347 319 348 348 321 349 350 351 351 352 352 325 326
353 354 355 329 356 356 357 357 332 358 333 334 335 359 359 360 361 362 363 364 364 365 365 366 367 368 341 369 370 371 371 344 345 372 372 373 373 374 375 376 377 377 378 350 379 380 381 382 383 384
353 354 355 385 385 386 386 387 387 388 389 390 391 391 392 393 361 362 394 395 396 397 397 366 367 398 398 369 370 399 399 400 401 401 402 403 403 374 375 404 405 405 378 406 379 407 381 382 383 384
408 408 409 409 410 410 411 411 412 388 389 390 413 413 392 393 414 414 394 395 415 415 416 417 418 419 419 420 421 421 422 400 423 423 402 424 424 425 425 404 426 427 427 428 429 407 430 431 431 432
433 434 434 435 436 437 437 438 438 439 439 440 441 442 443 444 445 446 446 447 448 448 416 417 449 449 450 450 451 452 452 453 453 454 455 456 456 457 457 458 458 459 459 428 460 461 462 462 463 432
433 464 465 435 436 466 466 467 467 468 468 440 441 442 443 444 445 469 469 470 470 471 471 472 473 474 474 475 476 476 477 478 479 480 455 481 482 483 483 484 485 486 486 487 460 488 489 489 463 490
491 464 465 492 492 493 494 495 495 496 496 497 498 498 499 499 500 500 501 502 503 503 504 504 473 505 505 475 506 507 477 478 479 480 508 509 482 510 511 484 485 512 512 487 513 488 514 515 516 516
491 517 517 518 519 493 494 520 520 521 521 497 522 523 523 524 525 525 501 502 526 527 528 528 529 529 530 530 506 507 531 532 532 533 508 509 534 510 511 535 536 536 537 537 513 538 514 515 539 540
541 542 542 518 519 543 543 544 545 545 546 546 522 547 548 548 549 550 551 552 552 527 553 554 555 555 556 557 558 558 531 559 559 533 560 560 534 561 561 562 563 564 565 566 566 538 567 567 539 540
541 568 569 570 570 571 571 544 572 573 573 574 574 575 575 576 549 550 551 577 578 578 579 554 580 580 581 557 582 583 583 584 585 586 586 587 587 588 588 562 589 564 590 590 591 592 593 593 594 595
596 568 569 597 597 598 598 599 599 600 601 602 602 603 603 576 604 605 605 577 606 606 579 607 607 608 581 609 582 610 610 584 585 611 612 612 613 614 614 615 589 616 616 617 591 618 618 619 594 595
596 620 620 621 622 622 623 624 624 600 625 626 627 627 628 629 604 630 630 631 632 632 633 633 634 608 635 635 636 636 637 638 639 611 640 641 613 642 642 643 644 645 646 647 648 649 650 650 651 652
653 653 654 654 655 655 656 657 658 658 625 626 659 659 628 660 660 661 662 662 663 663 664 664 634 665 665 666 667 667 637 638 639 668 640 641 669 670 670 643 644 645 671 647 648 672 672 673 673 652
674 675 675 676 677 678 656 657 679 679 680 680 681 682 683 683 684 685 685 686 686 687 688 689 689 690 690 691 692 692 693 694 694 668 695 695 669 696 697 697 698 699 671 700 701 702 703 704 705 705
674 706 707 676 677 678 708 708 709 710 711 711 681 682 712 713 713 714 714 715 716 687 717 718 718 719 719 691 720 721 721 722 723 724 724 725 725 696 726 727 698 699 728 700 701 702 729 704 730 730
731 706 707 732 733 733 734 734 735 710 736 736 737 737 738 738 739 739 740 715 716 741 717 742 743 744 745 745 720 746 746 722 723 747 747 748 749 750 750 727 751 751 728 752 753 754 729 755 756 756
731 757 758 758 759 760 760 761 735 762 762 763 764 764 765 765 766 767 740 768 768 741 769 742 743 770 771 772 772 773 773 774 774 775 776 748 749 777 777 778 778 779 779 752 780 754 781 755 782 783
784 785 785 786 786 787 787 761 788 788 789 763 790 790 791 791 766 792 792 793 793 794 795 795 796 770 771 797 798 799 799 800 801 802 776 803 803 804 804 805 805 806 806 807 780 808 809 809 782 783
784 810 810 811 811 812 812 813 814 814 815 815 816 817 817 818 818 819 819 820 821 794 822 823 824 824 825 797 798 826 826 800 827 802 828 828 829 829 830 831 832 833 834 807 835 808 836 836 837 837
838 838 839 839 840 841 841 842 842 843 843 844 816 845 845 846 847 847 848 820 821 849 850 823 851 852 825 853 853 854 855 856 827 857 858 859 860 861 861 831 862 833 834 863 835 864 865 865 866 867
868 868 869 869 840 870 871 872 872 873 874 874 875 875 876 876 877 877 878 878 879 849 850 880 851 852 881 881 882 854 855 883 883 857 858 859 860 884 885 885 862 886 886 863 887 864 888 889 866 867
890 891 892 893 893 870 871 894 894 895 895 896 896 897 898 899 900 900 901 901 879 902 902 880 903 903 904 904 905 906 907 908 909 909 910 910 911 912 912 913 913 914 915 915 887 916 888 889 917 917
890 891 892 918 919 920 920 921 922 923 924 925 925 897 898 926 926 927 927 928 928 929 929 930 930 931 931 932 905 933 907 908 934 934 935 936 911 937 937 938 938 914 939 940 941 942 942 943 944 945
946 947 947 918 919 948 948 921 922 949 924 950 950 951 952 953 953 954 955 955 956 956 957 958 959 959 960 961 961 933 962 962 963 964 935 936 965 966 966 967 968 968 939 940 941 969 970 943 944 945
971 972 972 973 974 975 975 976 976 949 977 978 978 951 979 980 980 954 981 981 982 983 957 984 984 985 960 986 986 987 987 988 963 964 989 989 990 991 991 992 992 993 994 994 995 969 970 996 997 997
971 998 999 973 974 1000 1001 1002 1003 1003 977 1004 1005 1005 979 1006 1007 1007 1008 1008 982 1009 1009 1010 1010 1011 1011 1012 1012 1013 1014 1015 1015 1016 1017 1017 990 1018 1018 1019 1020 993 1021 1021 995 1022 1022 1023 1024 1025
1026 998 1027 1027 1028 1000 1001 1029 1029 1030 1030 1004 1031 1031 1032 1006 1033 1034 1034 1035 1035 1036 1037 1038 1038 1039 1040 1041 1042 1042 1014 1043 1043 1016 1044 1045 1046 1046 1047 1048 1020 1049 1050 1050 1051 1052 1052 1023 1053 1025
1026 1054 1055 1055 1028 1056 1056 1057 1058 1059 1059 1060 1060 1061 1061 1062 1063 1064 1064 1065 1065 1036 1066 1066 1067 1039 1040 1041 1068 1068 1069 1070 1070 1071 1072 1045 1073 1074 1047 1048 1075 1049 1076 1076 1077 1078 1079 1080 1053 1081
1082 1083 1083 1084 1084 1085 1085 1057 1058 1086 1087 1088 1088 1089 1089 1062 1063 1090 1090 1091 1091 1092 1092 1093 1094 1094 1095 1096 1096 1097 1098 1098 1099 1100 1072 1101 1102 1074 1103 1103 1104 1104 1105 1105 1077 1078 1079 1106 1106 1081
1082 1107 1108 1108 1109 1110 1111 1112 1112 1086 1087 1113 1114 1114 1115 1116 1117 1118 1118 1119 1119 1120 1120 1093 1121 1121 1122 1123 1124 1097 1125 1125 1099 1100 1126 1126 1102 1127 1127 1128 1129 1129 1130 1131 1131 1132 1133 1133 1134 1134
1135 1107 1136 1136 1109 1110 1137 1137 1138 1139 1139 1113 1140 1141 1115 1116 1142 1143 1143 1144 1145 1146 1147 1148 1148 1149 1122 1123 1124 1150 1151 1151 1152 1153 1153 1154 1154 1155 1156 1156 1157 1158 1130 1159 1160 1160 1161 1162 1163 1163
1164 1165 1166 1166 1167 1168 1169 1170 1138 1171 1171 1172 1140 1141 1173 1174 1142 1175 1176 1144 1145 1146 1147 1177 1177 1149 1178 1179 1180 1180 1181 1182 1152 1183 1183 1184 1185 1155 1186 1186 1157 1158 1187 1187 1188 1188 1161 1162 1189 1189
1164 1165 1190 1190 1191 1168 1169 1170 1192 1192 1193 1193 1194 1195 1173 1196 1197 1175 1176 1198 1198 1199 1200 1200 1201 1202 1178 1179 1203 1204 1181 1182 1205 1206 1207 1184 1185 1208 1209 1210 1211 1212 1213 1213 1214 1214 1215 1215 1216 1217
1218 1219 1219 1220 1191 1221 1221 1222 1222 1223 1224 1225 1194 1226 1226 1196 1197 1227 1228 1229 1229 1199 1230 1230 1201 1231 1232 1233 1203 1204 1234 1235 1205 1236 1207 1237 1237 1208 1209 1210 1211 1238 1238 1239 1239 1240 1241 1241 1216 1217
1242 1243 1243 1220 1244 1245 1246 1246 1247 1223 1224 1225 1248 1248 1249 1250 1250 1227 1228 1251 1251 1252 1252 1253 1253 1231 1232 1233 1254 1255 1234 1256 1256 1236 1257 1257 1258 1259 1260 1261 1261 1262 1263 1263 1264 1240 1265 1265 1266 1266
1242 1267 1267 1268 1268 1245 1269 1270 1247 1271 1272 1273 1274 1274 1275 1276 1277 1277 1278 1278 1279 1279 1280 1281 1282 1283 1283 1284 1254 1285 1286 1286 1287 1288 1288 1289 1258 1259 1260 1290 1290 1262 1291 1292 1264 1293 1294 1295 1296 1296
1297 1298 1298 1299 1299 1300 1301 1270 1302 1303 1272 1273 1304 1304 1275 1305 1305 1306 1306 1307 1307 1308 1308 1281 1282 1309 1309 1284 1310 1285 1311 1312 1287 1313 1314 1289 1315 1316 1317 1317 1318 1319 1291 1292 1320 1321 1294 1295 1322 1323
1324 1324 1325 1326 1326 1300 1301 1327 1327 1303 1328 1329 1329 1330 1330 1331 1331 1332 1332 1333 1333 1334 1334 1335 1335 1336 1336 1337 1310 1338 1311 1339 1339 1313 1314 1340 1340 1316 1341 1341 1318 1342 1342 1343 1320 1321 1344 1344 1322 1323
72 39 24 95 14 58 21 83 90 16 59 85 86 65 37 58 43 83 44 79 13 3 82 77 51 29 79 92 28 59 76 79 93 23 98 80 22 88 12 14 3 41 10 39 19 67 45 58 31 66
63 29 39 3 3 68 58 57 9 59 53 41 89 46 18 40 45 56 96 92 85 71 10 23 71 68 77 24 32 20 7 15 45 73 96 54 69 62 25 66 8 81 77 60 48 4 88 25 72 11
30 87 60 61 35 74 7 33 26 66 78 41 15 37 62 61 64 25 39 28 24 8 56 53 72 67 84 28 71 57 59 54 96 33 40 13 63 13 82 88 71 44 50 29 9 28 45 2 48 92
81 8 26 65 4 34 36 19 68 22 81 4 54 38 86 95 94 68 86 3 91 62 37 74 69 90 38 67 55 29 86 80 44 6 47 66 62 84 90 4 95 9 84 14 31 61 20 38 48 57
52 20 54 94 4 62 54 38 9 85 35 71 52 52 34 17 52 35 75 52 23 8 57 47 17 23 7 98 87 81 33 93 96 71 29 15 53 31 50 53 3 26 64 75 2 75 98 21 46 66
30 4 16 45 14 13 68 64 15 17 60 87 13 46 28 89 18 31 26 45 34 67 97 65 85 15 18 48 61 50 87 12 71 49 12 92 95 22 99 44 32 72 34 11 1 13 95 63 49 79
26 50 4 91 34 36 58 80 39 16 59 52 12 98 35 89 39 98 0 42 83 84 14 53 84 18 5 7 10 19 82 33 23 16 32 23 52 86 95 0 34 50 36 96 80 17 98 41 95 52
91 88 48 23 20 11 98 51 77 56 24 16 6 37 46 80 68 21 67 97 27 35 18 35 30 13 60 18 54 36 45 10 36 65 44 12 81 32 35 18 62 27 67 67 55 81 9 89 89 76
32 32 85 20 48 11 38 88 17 53 87 51 92 65 45 20 45 87 28 92 26 13 7 95 7 47 38 72 19 83 78 98 44 53 98 3 78 35 40 68 80 99 63 17 60 8 32 68 72 7
8 75 73 40 67 31 7 49 12 23 43 31 22 10 41 18 89 85 48 47 90 16 45 17 13 15 12 26 7 66 55 62 30 45 46 56 92 85 16 15 24 88 1 57 64 80 81 58 58 44
6 64 56 32 6 68 64 67 98 49 21 61 2 54 29 77 23 2 63 15 46 81 77 53 12 75 14 77 42 75 98 58 79 79 29 18 36 55 95 16 59 57 7 71 12 89 69 8 5 30
63 57 72 92 6 58 94 13 98 86 70 61 16 30 93 17 67 0 65 81 62 99 90 66 59 50 46 48 52 64 29 56 83 92 90 59 63 44 72 10 92 47 49 44 82 92 76 68 60 2
86 2 61 26 69 37 54 75 75 17 99 40 74 48 6 79 37 49 24 90 67 65 32 86 43 78 90 8 68 58 45 6 15 72 87 1 12 39 97 53 45 59 52 55 62 62 12 39 67 32
62 51 35 33 37 16 90 85 73 82 26 60 51 70 41 44 73 82 57 67 29 47 36 24 46 70 99 54 82 29 58 6 0 59 26 57 84 75 66 49 22 59 33 25 28 67 84 91 85 49
56 78 97 21 61 5 29 11 21 58 69 89 18 81 53 95 70 50 25 34 79 68 59 8 34 23 71 24 60 65 62 31 77 53 63 2 17 32 70 40 76 44 37 48 27 40 87 3 80 81
29 67 52 33 46 99 76 87 35 55 6 43 48 70 99 65 6 10 31 28 96 80 85 80 22 89 14 14 72 7 17 52 74 87 15 98 71 88 70 68 32 58 59 85 43 90 49 96 71 18
19 27 41 80 20 23 28 93 98 54 21 68 11 55 60 80 6 81 16 90 17 85 43 57 66 94 16 96 29 65 32 47 31 28 3 81 10 99 95 44 92 94 45 79 59 33 57 2 35 58
61 26 47 84 92 46 0 35 57 20 79 87 48 1 61 87 2 79 40 46 38 86 33 69 61 10 40 53 71 26 24 69 14 92 61 57 1 35 14 26 98 44 8 14 93 87 11 60 54 92
59 75 52 94 86 62 81 52 46 16 12 57 84 41 59 0 58 15 18 76 4 53 87 79 18 38 47 61 49 32 41 55 97 56 82 66 18 59 0 55 93 77 97 87 4 16 97 79 74 89
74 16 18 91 24 24 0 95 74 8 90 65 22 5 28 55 14 97 51 1 41 93 23 75 36 3 32 43 38 76 32 31 64 39 88 61 70 84 63 9 19 57 33 52 95 68 69 65 81 11
23 91 70 82 54 60 61 35 17 75 82 21 58 76 51 9 54 21 83 68 72 7 4 27 2 1 82 26 51 30 43 77 16 60 85 40 96 59 43 98 57 88 28 14 74 77 13 57 17 2
89 47 88 70 70 29 77 20 78 1 84 65 25 34 19 69 20 17 64 46 9 30 60 85 73 67 92 88 30 29 94 91 77 96 54 27 60 70 20 49 47 15 48 17 40 96 26 82 61 20
23 92 65 18 48 22 96 89 65 5 76 22 97 50 12 17 30 23 12 58 47 2 87 60 47 70 12 37 7 29 82 13 89 19 7 97 71 34 54 82 27 88 3 34 88 26 35 10 34 47
68 51 95 70 62 72 96 71 57 73 74 61 60 86 86 87 75 50 49 92 53 47 71 40 63 7 31 4 48 98 52 85 37 21 26 81 60 83 17 3 71 88 57 91 20 63 83 77 48 6
3 33 14 5 91 63 11 18 4 57 48 68 20 39 25 14 37 13 84 83 23 0 59 70 27 93 20 72 49 67 11 67 75 54 62 32 81 37 6 71 64 61 25 9 70 11 97 48 25 76
70 7 87 24 64 42 42 68 6 15 28 78 5 84 67 70 79 96 74 90 79 48 84 67 45 11 34 61 84 12 82 41 79 73 87 66 89 14 18 31 4 71 41 11 46 62 44 83 63 10
2 97 36 62 60 25 77 70 61 28 15 29 18 55 51 66 45 33 83 73 46 30 25 76 21 59 60 48 39 67 17 10 74 5 86 92 77 65 41 37 75 30 32 89 4 13 70 36 0 67
98 24 66 37 95 61 32 25 53 13 53 2 20 18 67 29 16 11 93 5 20 81 49 11 0 12 60 39 57 1 73 32 91 12 6 57 55 74 92 78 17 84 25 34 92 94 47 65 92 42
97 37 6 72 85 69 85 81 65 89 2 65 86 66 3 79 32 11 59 15 8 55 48 17 59 0 21 77 43 99 23 68 42 68 35 94 96 38 67 86 64 9 92 73 61 96 79 77 17 27
30 29 79 53 56 54 72 10 68 6 33 30 45 96 53 58 58 82 10 8 35 15 75 40 36 50 50 73 52 69 99 85 0 52 50 93 18 77 69 61 47 69 42 40 16 59 30 55 22 73
62 94 36 36 2 94 48 82 69 24 2 23 52 95 16 79 34 51 71 1 31 17 81 70 56 38 91 25 88 73 52 8 57 29 10 2 27 40 36 72 60 47 70 31 79 30 84 82 38 6
18 68 41 47 91 35 79 16 70 18 88 38 88 68 85 5 33 65 95 76 48 81 2 61 63 37 50 34 21 91 18 62 39 33 13 56 28 71 25 18 43 78 68 58 0 21 59 99 15 62
50 43 31 36 92 40 27 55 84 75 81 10 16 39 29 8 11 77 12 43 77 75 18 56 84 27 56 14 88 81 75 67 98 12 11 55 70 5 2 43 31 55 23 39 76 73 26 89 88 12
15 32 14 65 27 25 78 79 24 26 64 68 29 88 72 79 76 72 50 36 52 20 69 70 16 6 98 11 46 77 88 64 89 51 20 98 97 8 45 41 56 46 97 25 92 94 50 83 52 78
6 61 70 50 19 63 24 13 90 63 11 85 91 83 33 43 36 77 1 99 35 93 76 34 94 25 92 51 66 86 17 37 44 0 87 28 18 33 74 59 12 76 50 12 91 81 90 14 23 45
0 98 19 53 25 98 16 81 41 47 8 30 35 77 67 24 10 87 57 31 31 8 96 75 27 73 76 37 88 10 73 57 56 43 97 79 80 99 73 77 83 26 18 5 91 7 67 55 79 26
88 44 49 31 38 31 42 0 16 69 25 62 40 94 24 1 62 17 45 66 80 4 74 52 96 65 36 87 38 53 36 54 22 9 84 73 77 91 48 42 23 90 43 77 7 69 2 31 43 1
98 11 55 55 1 35 35 84 47 27 98 96 14 40 15 12 50 38 5 93 39 35 45 3 11 92 53 17 66 39 57 79 62 43 41 11 94 65 48 12 63 46 12 52 24 70 12 76 33 62
73 48 48 67 31 49 90 30 70 92 17 73 29 30 54 17 41 9 29 45 84 39 92 4 78 61 90 22 10 20 3 58 61 5 75 20 10 75 65 7 26 99 18 53 71 62 32 31 36 59
13 85 61 64 84 88 80 92 73 21 86 67 67 61 72 22 23 51 90 94 19 37 66 59 90 50 19 19 17 16 89 91 19 71 37 57 37 11 85 98 39 75 88 31 57 52 34 8 80 89
88 13 52 21 88 3 54 63 83 31 33 61 64 32 13 84 47 69 73 10 89 97 50 37 2 2 94 99 0 73 59 75 20 17 54 93 63 63 35 54 55 26 21 82 54 1 23 6 14 74
98 97 47 99 77 89 59 35 20 32 54 54 6 51 28 60 96 2 10 31 95 89 14 29 60 20 46 96 90 82 75 16 3 2 33 70 93 18 82 64 43 65 8 74 68 11 55 55 87 88
47 29 6 13 99 85 55 23 46 5 40 86 48 52 75 12 13 60 31 87 2 92 57 8 88 77 42 17 46 0 33 31 44 58 58 92 11 3 21 44 9 86 58 17 1 94 88 14 76 49
24 79 42 21 17 88 53 90 9 64 72 5 51 39 44 98 77 49 9 0 61 67 2 22 94 19 11 60 22 58 25 58 75 80 13 61 95 24 51 88 73 77 40 36 54 32 48 73 68 23
18 54 60 70 55 5 17 39 54 1 58 3 40 83 70 98 96 59 8 66 85 5 95 24 5 48 9 29 13 41 49 56 36 18 24 11 2 14 34 23 51 11 80 90 82 92 48 59 70 37
57 91 79 28 46 24 47 13 8 6 93 38 59 31 70 66 39 3 20 90 97 62 56 94 46 32 98 57 65 40 77 30 82 91 84 91 63 49 43 70 2 54 60 31 49 42 90 42 2 54
93 42 70 95 18 75 29 57 0 54 37 74 26 96 92 57 18 85 90 50 24 26 48 15 90 17 96 57 12 88 64 50 44 21 58 52 96 94 63 82 7 4 54 74 74 93 95 74 55 19
56 4 85 20 87 24 71 74 2 13 45 55 31 61 99 41 63 91 43 11 90 19 96 0 82 42 23 73 16 95 87 61 30 44 19 10 26 55 15 18 1 33 63 8 85 86 60 21 54 88
94 52 45 35 59 96 24 52 76 11 14 34 30 2 53 78 96 66 57 45 90 33 55 46 90 35 89 69 72 3 41 15 8 39 14 8 67 6 7 43 52 3 87 51 70 5 9 59 6 33
74 75 6 68 28 13 4 15 57 90 35 93 46 98 11 77 1 47 14 96 76 24 35 48 3 3 21 92 32 94 47 79 72 31 88 58 73 76 84 51 47 50 3 3 32 78 13 53 79 16
