48 25
0 0 1 2 2 3 3 4 4 5 6 7 7 8 8 9 10 10 11 12 13 13 14 14 15 15 16 17 17 18 18 19 20 21 22 22 23 23 24 25 26 27 28 28 29 30 30 31 31 32
33 33 34 35 35 36 36 37 37 5 38 38 39 40 41 41 42 43 43 12 44 45 46 47 47 48 49 49 50 51 52 52 20 21 53 53 54 54 24 55 26 56 56 57 29 58 59 60 61 32
62 62 34 63 64 64 65 65 66 66 67 68 68 40 69 70 71 71 72 73 74 45 46 75 75 48 76 76 50 51 77 78 79 80 80 81 81 82 82 55 83 84 84 85 86 58 87 60 61 88
89 89 90 63 91 92 92 93 94 95 95 96 97 98 69 70 99 100 72 73 74 101 101 102 103 104 104 105 106 106 77 78 79 107 108 109 109 110 111 111 112 113 113 85 86 114 87 115 116 88
117 117 118 118 91 119 120 93 94 121 121 96 97 122 122 123 99 100 124 125 125 126 126 102 103 127 127 105 128 128 129 129 130 107 131 131 132 110 133 134 112 135 136 137 138 114 139 115 116 140
141 141 142 143 143 119 120 144 144 145 146 146 147 147 148 149 149 150 124 151 152 152 153 154 155 156 156 157 157 158 158 159 159 160 161 161 132 162 133 163 164 165 136 137 138 166 139 167 168 168
169 170 170 171 171 172 172 173 174 145 175 175 176 177 178 179 179 150 180 151 181 181 153 154 155 182 182 183 184 185 185 186 186 160 187 187 188 189 189 163 164 165 190 191 192 166 193 193 194 195
169 196 196 197 197 198 199 173 174 200 201 201 176 177 178 202 202 203 180 204 204 205 206 206 207 208 208 183 184 209 209 210 211 212 213 213 214 215 216 217 218 218 190 191 192 219 220 221 194 195
222 223 223 224 225 198 199 226 226 227 227 228 228 229 229 230 230 203 231 232 232 233 233 234 234 235 235 236 236 237 238 210 211 212 239 239 214 215 216 217 240 241 241 242 243 219 244 221 245 246
222 247 248 248 225 249 249 250 251 252 253 254 255 255 256 257 257 258 231 259 259 260 260 261 261 262 262 263 263 237 264 264 265 266 266 267 267 268 269 269 240 270 270 242 271 271 244 272 245 246
273 247 274 275 275 276 277 250 251 252 278 254 279 279 280 280 281 258 282 283 284 284 285 285 286 287 287 288 288 289 289 290 265 291 291 292 292 268 293 293 294 295 296 297 297 298 299 299 300 301
302 303 274 304 304 276 277 305 306 307 278 308 309 310 310 311 281 312 282 283 313 313 314 315 316 316 317 318 318 319 320 321 322 322 323 324 325 325 326 326 294 295 296 327 328 298 329 329 330 301
302 303 331 331 332 332 333 305 306 307 334 308 309 335 335 336 336 337 338 338 339 339 314 340 341 341 342 343 343 319 320 321 344 345 345 324 346 346 347 348 349 350 351 327 328 352 353 353 330 354
355 356 356 357 357 358 333 359 360 361 362 362 363 364 365 365 366 337 367 367 368 368 369 340 370 370 342 371 372 373 374 374 344 375 376 377 378 379 379 348 349 350 380 380 381 381 382 383 383 354
355 384 384 385 386 387 387 359 360 388 389 389 363 364 390 390 366 391 392 392 393 393 369 394 395 395 396 396 372 397 397 398 399 375 376 400 378 401 401 402 403 403 404 404 405 405 382 406 406 407
408 408 409 385 386 410 410 411 411 388 412 412 413 413 414 414 415 416 417 418 419 420 420 394 421 422 422 423 424 425 425 398 399 426 426 400 427 428 428 402 429 429 430 431 432 433 434 435 435 407
436 437 409 438 438 439 440 440 441 442 443 444 445 445 446 447 448 416 417 418 449 450 450 451 452 452 453 423 424 454 455 455 456 456 457 458 458 459 459 460 461 462 463 431 464 433 465 465 466 467
436 437 468 469 470 471 472 472 441 442 443 473 473 474 446 447 448 475 476 476 449 477 478 451 479 479 480 480 481 454 482 482 483 483 457 484 484 485 485 460 461 462 463 486 464 487 487 488 466 467
489 489 468 469 490 471 491 491 492 493 493 494 494 495 495 496 497 497 498 499 500 477 478 501 502 502 503 503 481 504 505 506 507 507 508 508 509 510 510 511 511 512 512 513 514 515 516 516 517 518
519 519 520 521 490 522 523 523 492 524 524 525 526 526 527 496 528 529 529 499 500 530 530 501 531 532 532 533 534 534 505 506 535 535 536 536 537 537 538 539 540 540 541 513 514 515 542 543 543 518
544 544 520 545 545 546 547 547 548 549 549 550 551 551 552 552 528 553 554 555 555 556 557 558 531 559 559 533 560 560 561 562 563 564 564 565 566 566 538 539 567 567 568 568 569 569 542 570 570 571
572 573 574 575 575 546 576 576 548 577 577 550 578 579 579 580 581 553 582 583 584 556 557 585 586 587 587 588 588 589 561 562 563 590 590 565 591 591 592 593 593 594 595 595 596 597 598 598 599 599
572 573 574 600 600 601 601 602 602 603 604 605 578 606 606 580 581 607 582 583 584 608 609 585 586 610 610 611 612 589 613 613 614 615 616 617 617 618 592 619 619 594 620 620 596 597 621 622 623 623
624 625 626 627 628 628 629 629 630 603 604 605 631 631 632 633 634 607 635 636 637 608 609 638 639 640 640 611 641 641 642 642 614 615 643 644 645 646 647 647 648 649 650 651 651 652 653 622 654 654
624 625 626 627 655 655 656 657 657 658 659 659 660 660 632 633 634 661 635 636 662 662 663 663 639 664 664 665 666 666 667 667 668 669 643 644 645 646 670 670 648 649 650 671 671 652 653 672 673 673
674 675 676 677 677 678 678 679 680 680 681 682 682 683 683 684 684 661 685 685 686 686 687 688 689 689 690 691 691 692 693 694 695 669 696 696 697 697 698 698 699 699 700 701 702 702 703 704 705 706
674 675 707 707 708 708 709 679 710 710 711 711 712 712 713 714 714 715 715 716 716 717 718 688 719 719 690 720 720 692 693 721 695 722 722 723 723 724 725 725 726 727 700 701 728 728 703 704 705 729
730 730 731 731 732 732 709 733 733 734 734 735 736 737 713 738 738 739 740 740 741 717 718 742 743 744 745 745 746 747 748 721 749 750 750 751 751 752 753 754 754 727 755 755 756 756 757 758 759 729
760 760 761 761 762 763 763 764 764 765 766 735 736 767 767 768 768 739 769 769 741 770 771 742 772 744 773 773 746 747 748 774 775 776 777 777 778 752 753 779 779 780 780 781 782 782 783 758 759 784
785 786 787 787 762 788 788 789 789 790 766 791 791 792 793 793 794 794 795 796 796 770 797 797 772 798 799 800 801 801 802 774 775 803 804 804 778 805 806 806 807 807 808 781 809 810 783 811 811 784
785 786 812 812 813 813 814 815 816 790 817 818 818 792 819 819 820 820 795 821 821 822 822 823 824 825 799 826 826 827 802 828 828 803 829 830 830 805 831 832 832 833 833 834 809 810 835 836 837 838
839 840 840 841 842 843 843 815 816 844 817 845 846 846 847 847 848 849 849 850 850 851 851 823 824 825 852 853 853 827 854 855 855 856 829 857 858 858 831 859 860 861 862 863 864 865 865 836 866 838
867 868 869 869 842 870 871 872 873 874 875 875 876 877 878 878 879 880 880 881 881 882 882 883 883 884 852 885 885 886 854 887 887 856 888 857 889 890 891 891 860 861 862 863 864 892 893 893 866 894
867 895 896 896 897 870 898 872 873 874 899 900 876 877 901 901 879 902 903 904 905 905 906 907 907 908 909 909 910 886 911 911 912 913 913 914 889 890 915 915 916 916 917 917 918 918 919 919 920 894
921 895 922 922 897 923 898 924 924 925 899 926 927 927 928 929 929 902 903 930 930 931 906 932 933 908 934 935 935 936 937 938 912 939 940 914 941 942 942 943 944 945 946 947 947 948 949 949 950 950
921 951 951 952 952 953 953 954 954 955 955 926 956 956 957 957 958 959 959 960 960 931 961 932 933 962 934 963 963 936 937 964 964 939 965 965 941 966 966 943 944 945 946 967 968 948 969 969 970 971
972 973 974 974 975 976 977 978 979 980 981 981 982 983 984 985 958 986 987 987 988 989 961 990 990 991 991 992 993 994 994 995 995 996 996 997 998 999 999 1000 1000 1001 1002 967 968 1003 1003 1004 970 971
972 1005 1006 1007 975 976 977 978 979 1008 1008 1009 1009 983 984 1010 1010 986 1011 1012 988 989 1013 1014 1015 1015 1016 1017 993 1018 1018 1019 1020 1021 1021 997 998 1022 1023 1023 1024 1001 1002 1025 1025 1026 1026 1027 1027 1028
1029 1005 1006 1007 1030 1030 1031 1031 1032 1033 1034 1035 1036 1036 1037 1038 1038 1039 1011 1040 1040 1041 1013 1014 1042 1043 1016 1017 1044 1044 1045 1045 1020 1046 1047 1048 1049 1049 1050 1050 1051 1051 1052 1053 1054 1055 1056 1056 1057 1057
1058 1058 1059 1060 1060 1061 1061 1062 1062 1033 1034 1063 1063 1064 1064 1065 1066 1039 1067 1067 1068 1041 1069 1069 1042 1070 1071 1071 1072 1073 1073 1074 1074 1046 1047 1048 1075 1075 1076 1077 1077 1078 1079 1053 1054 1055 1080 1081 1081 1082
1083 1084 1084 1085 1086 1087 1088 1088 1089 1089 1090 1091 1092 1093 1094 1065 1066 1095 1095 1096 1068 1097 1097 1098 1098 1070 1099 1100 1101 1101 1102 1102 1103 1104 1104 1105 1105 1106 1076 1107 1108 1078 1079 1109 1110 1111 1080 1112 1112 1082
1113 1113 1114 1085 1086 1115 1115 1116 1117 1118 1090 1091 1092 1093 1094 1119 1120 1121 1121 1096 1122 1122 1123 1123 1124 1124 1099 1100 1125 1126 1127 1127 1103 1128 1128 1129 1129 1106 1130 1107 1131 1132 1133 1109 1110 1111 1134 1135 1136 1137
1138 1139 1139 1140 1141 1142 1143 1116 1117 1118 1144 1145 1145 1146 1146 1119 1147 1148 1149 1149 1150 1151 1152 1152 1153 1153 1154 1154 1125 1126 1155 1155 1156 1157 1157 1158 1159 1159 1160 1161 1131 1132 1133 1162 1162 1163 1134 1135 1136 1137
1138 1164 1164 1140 1141 1142 1165 1166 1167 1168 1168 1169 1169 1170 1171 1171 1147 1148 1172 1173 1150 1174 1175 1176 1176 1177 1177 1178 1179 1180 1181 1182 1156 1183 1183 1158 1184 1184 1160 1185 1185 1186 1187 1188 1188 1163 1189 1189 1190 1190
1191 1191 1192 1193 1193 1194 1165 1166 1167 1195 1195 1196 1197 1197 1198 1198 1199 1199 1172 1200 1201 1174 1175 1202 1202 1203 1203 1178 1179 1204 1181 1182 1205 1205 1206 1207 1207 1208 1209 1210 1210 1186 1187 1211 1212 1212 1213 1214 1214 1215
1216 1216 1192 1217 1218 1194 1219 1219 1220 1221 1221 1222 1222 1223 1223 1224 1225 1225 1226 1200 1227 1227 1228 1229 1230 1231 1232 1233 1233 1204 1234 1235 1236 1236 1206 1237 1237 1238 1209 1239 1239 1240 1240 1211 1241 1241 1242 1243 1244 1245
1246 1247 1248 1217 1249 1250 1250 1251 1220 1252 1252 1253 1254 1255 1256 1257 1258 1259 1226 1260 1260 1261 1228 1229 1230 1231 1262 1263 1264 1265 1265 1235 1266 1267 1267 1268 1268 1238 1269 1269 1270 1270 1271 1272 1273 1273 1242 1274 1244 1245
1246 1247 1275 1275 1249 1276 1276 1251 1277 1278 1278 1253 1254 1279 1256 1257 1258 1280 1280 1281 1281 1261 1282 1283 1284 1285 1262 1263 1264 1286 1286 1287 1266 1288 1288 1289 1290 1291 1292 1292 1293 1294 1294 1272 1295 1295 1296 1274 1297 1298
1299 1299 1300 1301 1302 1302 1303 1304 1305 1306 1307 1308 1309 1279 1310 1311 1311 1312 1312 1313 1313 1314 1282 1283 1284 1285 1315 1316 1316 1317 1317 1287 1318 1318 1319 1289 1320 1291 1321 1322 1323 1323 1324 1325 1325 1326 1327 1327 1297 1298
1328 1328 1300 1301 1329 1329 1303 1304 1305 1306 1307 1308 1309 1330 1330 1331 1332 1332 1333 1334 1334 1314 1335 1335 1336 1336 1315 1337 1337 1338 1339 1339 1340 1340 1341 1341 1320 1342 1342 1322 1343 1343 1344 1344 1345 1326 1346 1346 1347 1347
82 79 48 17 15 25 74 45 0 38 24 53 40 89 11 74 81 86 79 96 47 44 69 14 4 1 72 98 9 92 43 56 39 60 55 15 43 52 30 53 79 33 66 98 70 69 96 42 22 30
91 75 21 51 54 44 75 6 44 19 8 38 14 23 37 24 21 66 34 77 29 91 38 16 95 55 81 16 83 93 40 20 91 96 45 28 94 37 25 14 28 70 92 69 94 75 16 88 69 63
25 92 95 43 82 69 5 96 49 32 58 35 92 43 69 77 33 93 4 98 36 38 57 85 82 17 33 35 14 70 4 1 97 17 12 4 72 74 29 73 45 37 91 78 61 51 23 49 44 22
76 7 16 96 90 6 72 70 50 77 87 60 76 8 34 98 73 81 11 13 1 57 38 80 8 30 62 26 88 20 1 61 29 87 25 63 54 7 74 54 65 53 34 84 58 52 55 87 11 39
74 74 86 46 14 23 13 91 74 20 50 83 23 47 34 9 51 39 47 47 3 59 36 67 33 53 12 14 9 18 74 15 96 81 59 30 92 97 41 47 91 89 32 35 31 75 73 77 29 36
32 26 88 82 62 93 68 14 26 76 48 29 98 62 73 34 78 50 45 8 88 53 1 93 94 64 70 52 36 36 81 63 93 46 50 28 83 0 66 73 7 37 57 19 20 85 93 77 19 50
72 6 91 73 28 68 58 59 45 73 48 78 7 92 69 21 32 29 23 88 35 23 14 15 34 93 13 96 44 39 82 40 87 34 95 25 60 1 48 11 38 56 16 2 95 50 73 71 42 86
13 9 38 41 20 64 1 41 12 84 1 91 93 38 67 76 81 82 4 9 80 16 41 28 77 53 75 56 73 98 39 38 15 21 80 72 80 90 38 7 31 11 13 31 77 44 23 46 23 37
94 1 55 98 16 40 88 1 42 86 58 39 19 47 44 7 96 72 56 15 61 39 80 18 50 23 2 95 47 50 34 48 13 45 27 98 96 50 12 63 2 5 36 19 81 82 47 69 71 69
74 98 8 57 55 5 66 45 14 56 69 27 31 15 83 81 56 51 14 13 28 83 55 28 52 78 56 71 37 48 59 71 40 27 44 64 86 32 86 73 87 2 31 44 26 98 41 29 94 12
51 18 34 35 69 98 58 18 81 77 40 93 60 94 33 18 70 37 53 7 0 12 59 25 3 8 62 37 92 99 95 34 31 10 9 29 96 47 95 25 6 96 35 85 37 59 3 39 13 23
21 3 67 86 8 60 95 27 39 94 31 30 84 38 38 39 27 98 37 99 3 37 51 93 45 53 80 85 55 70 58 37 77 4 81 43 54 59 52 73 26 66 89 44 58 19 79 13 9 65
78 67 28 77 56 8 4 35 70 79 22 29 25 47 95 86 10 50 49 33 93 92 45 14 5 68 29 75 1 8 33 29 37 0 22 20 95 85 69 88 1 76 79 91 91 58 16 21 41 74
56 51 13 42 3 55 40 44 92 10 93 24 97 29 8 10 11 47 60 38 32 7 58 17 37 49 60 94 84 97 93 28 96 81 19 85 83 10 12 31 5 69 70 64 55 97 27 70 5 60
96 90 59 2 76 72 59 99 60 0 79 84 22 62 49 5 30 91 63 35 91 44 67 95 99 41 58 4 97 49 7 12 52 22 96 28 9 98 15 20 89 83 49 27 43 50 43 6 49 69
8 9 98 10 29 19 36 6 87 93 64 33 43 31 50 71 16 63 31 88 41 39 59 13 2 16 52 95 36 34 9 26 93 10 13 67 37 96 31 79 26 43 29 60 12 66 27 94 30 90
81 44 71 58 61 13 19 85 90 57 80 81 48 36 71 29 25 61 93 68 67 27 64 23 77 12 6 73 37 15 53 4 64 34 41 40 10 1 57 45 7 33 52 38 27 85 80 26 41 84
95 31 22 89 92 61 21 59 49 41 88 38 57 25 18 98 49 16 26 61 13 47 78 6 77 50 66 20 14 47 85 4 32 4 70 82 42 76 90 49 16 41 48 66 13 55 14 91 51 47
67 99 57 88 7 82 17 16 23 52 79 35 65 36 47 21 64 87 75 81 45 15 74 19 2 77 8 30 89 46 71 22 14 62 94 77 1 61 17 54 79 57 27 60 59 51 88 92 54 94
45 68 97 35 94 52 95 91 6 68 48 66 69 59 60 69 69 28 68 49 74 83 56 36 42 54 4 77 34 72 77 9 68 9 4 19 70 54 71 90 22 42 91 52 88 82 22 8 76 86
24 70 91 88 74 64 95 85 47 82 80 12 82 14 21 11 87 73 65 13 71 48 65 52 78 84 74 26 91 97 36 57 32 54 41 62 35 53 4 62 52 76 70 32 64 37 94 73 97 29
66 18 97 61 75 91 11 13 49 6 67 75 86 39 66 92 42 42 39 65 7 67 91 40 37 78 32 67 46 88 1 63 16 54 13 17 41 56 61 73 64 52 43 71 11 37 13 1 21 6
11 17 65 49 96 56 83 48 27 47 43 48 60 22 4 49 51 0 84 29 10 34 44 9 97 11 73 16 73 28 95 61 32 23 53 61 17 28 91 42 7 31 29 39 16 49 11 80 33 70
25 58 4 81 69 38 91 44 86 76 27 67 25 83 88 0 21 22 26 90 41 76 64 1 17 53 70 83 82 87 89 75 67 67 31 33 73 83 60 71 96 86 51 57 23 18 44 47 0 73
51 23 10 98 92 28 35 85 32 66 28 37 68 97 23 55 42 95 31 29 25 92 38 72 51 68 31 8 17 82 81 56 24 89 42 75 20 12 62 68 52 79 17 87 35 54 27 19 87 16
90 90 90 10 14 44 55 96 78 91 22 25 86 76 13 52 5 78 4 21 51 73 36 42 7 32 2 11 1 13 68 60 93 37 98 51 56 91 28 89 91 65 37 4 79 15 16 38 14 87
68 16 82 96 2 3 60 99 60 44 68 43 95 62 17 22 84 55 86 48 78 42 47 77 45 94 40 51 48 76 86 37 79 22 79 51 31 21 95 40 19 70 49 64 88 77 14 16 29 83
90 52 97 25 66 59 39 84 37 27 46 49 18 31 10 88 57 98 65 74 60 21 83 21 7 9 97 37 14 61 13 62 78 33 46 79 36 11 10 97 81 36 88 89 90 87 14 16 91 68
80 59 20 5 50 46 55 22 15 49 46 59 55 35 58 81 97 84 79 65 90 1 3 23 53 21 53 95 96 17 47 94 19 79 27 31 46 76 18 78 4 59 69 88 89 38 97 84 14 23
92 66 88 9 16 61 13 4 26 70 94 99 80 71 84 21 61 83 24 85 23 79 80 6 54 45 22 36 5 95 46 71 63 41 39 58 19 5 23 92 4 83 75 67 26 29 66 31 77 13
81 63 99 98 9 88 48 95 54 65 55 77 42 50 54 93 88 14 88 90 73 11 91 35 80 72 2 33 98 61 59 17 27 8 92 95 66 3 73 27 8 16 99 56 41 96 66 11 12 3
91 45 70 56 21 25 4 36 82 89 40 21 9 8 34 69 85 23 90 21 59 62 19 51 32 72 26 72 52 33 14 89 30 56 73 14 48 38 79 74 62 70 91 35 80 64 14 77 34 7
41 16 15 44 35 42 31 85 82 48 23 24 60 65 84 31 35 78 6 18 24 33 88 8 75 23 73 53 56 97 59 70 92 8 14 25 20 82 1 61 9 59 1 34 30 62 48 87 97 81
59 69 34 25 20 66 26 76 67 2 56 45 76 1 66 61 59 33 13 66 17 1 4 31 83 75 59 72 46 71 1 95 86 42 51 38 12 84 8 30 98 14 36 63 53 56 86 74 57 77
92 9 20 54 23 11 5 14 53 72 11 96 67 97 96 48 82 5 51 31 0 29 41 6 50 61 69 54 99 44 79 1 23 17 18 79 60 26 97 44 84 57 56 92 72 94 30 20 39 31
59 41 82 50 16 11 1 68 75 70 20 97 6 11 58 2 16 62 23 73 65 65 20 87 44 44 31 74 13 47 22 37 7 65 60 86 95 7 59 84 66 88 58 25 95 6 32 15 44 96
37 77 34 27 74 43 17 65 8 42 40 89 44 42 96 75 69 79 97 66 96 2 27 22 35 18 19 25 72 82 92 71 68 43 19 45 27 26 30 53 85 70 83 11 46 46 78 75 82 11
56 57 12 74 76 90 84 47 98 30 15 23 12 42 17 4 15 49 94 83 34 17 12 62 90 31 81 20 73 6 52 52 94 69 92 42 42 20 22 0 87 67 11 27 91 84 75 70 39 11
76 43 50 23 78 51 50 67 35 19 52 87 38 2 19 19 74 13 78 6 4 47 7 19 87 65 52 99 50 85 93 18 56 60 12 46 67 68 79 52 68 54 97 56 4 51 72 8 81 49
73 26 27 57 18 87 22 66 71 20 14 4 48 59 80 0 3 78 64 10 56 93 87 37 96 37 64 56 90 36 70 12 19 24 33 62 31 46 95 25 29 60 1 70 16 86 21 14 53 24
59 7 87 81 78 75 6 51 99 5 67 52 74 80 67 92 78 42 85 40 51 48 71 16 84 83 77 53 80 82 58 49 97 51 75 93 39 82 93 31 39 69 46 78 51 55 9 5 53 98
68 19 93 15 61 3 29 59 47 70 0 7 99 48 1 94 46 96 75 61 83 61 41 7 18 94 2 49 60 92 61 29 32 3 34 57 40 30 28 51 72 96 95 45 9 67 10 27 17 91
66 3 69 8 72 78 16 40 87 14 26 22 57 29 70 88 80 13 95 79 57 77 8 99 60 79 4 56 46 55 70 62 58 18 23 76 21 55 86 49 79 35 87 61 98 73 21 35 83 36
92 40 16 92 86 9 96 85 25 95 91 35 4 25 80 85 24 90 78 57 60 4 60 93 48 98 35 31 58 96 28 70 99 20 29 2 38 82 34 75 32 66 80 24 87 99 4 99 56 35
46 62 84 12 89 29 26 48 16 61 23 91 64 90 15 56 49 32 9 97 38 33 23 11 92 22 39 44 4 56 91 92 13 71 88 4 51 2 45 54 17 83 25 97 28 89 42 62 10 82
26 53 90 57 74 50 98 19 39 94 16 72 49 31 92 18 17 62 9 33 13 48 49 32 18 14 65 44 8 84 25 2 44 3 74 71 97 74 37 51 88 42 14 78 20 37 31 92 5 44
87 90 88 0 20 79 8 11 2 81 81 52 70 20 33 57 41 4 63 26 99 19 32 13 73 56 73 80 12 40 61 29 53 73 53 21 6 56 24 79 61 63 1 62 6 69 84 21 3 90
53 17 20 99 6 85 25 36 19 61 84 73 36 82 84 77 56 11 3 72 81 89 33 65 19 56 34 19 26 91 40 87 51 39 70 57 8 68 73 69 17 67 87 73 74 32 99 51 18 86
11 4 45 64 74 83 45 92 20 16 76 6 56 96 41 71 23 32 2 81 97 8 52 1 55 87 91 25 3 91 97 53 6 97 57 51 26 91 27 56 84 77 80 45 45 92 37 38 72 16
84 47 45 16 65 58 48 66 80 54 86 51 36 29 90 38 13 64 19 12 39 20 75 3 44 43 32 34 6 77 36 58 48 15 55 82 71 1 34 11 18 8 90 80 94 13 62 6 57 49
