36 27
0 1 1 2 3 4 5 6 7 7 8 9 9 10 11 12 13 14 14 15 15 16 17 17 18 19 19 20 21 21 22 22 23 24 24 25 26 27 28 28 29 29 30 30 31 32 33 33 34 35
0 36 37 2 3 38 5 6 39 39 8 40 40 10 11 41 13 42 42 43 44 16 45 46 46 47 48 20 49 49 50 51 51 52 53 54 26 27 55 55 56 56 57 57 58 32 59 60 60 35
61 36 37 62 62 38 63 64 64 65 66 67 68 69 70 41 71 71 72 43 73 73 45 74 74 47 48 75 75 76 76 77 77 78 53 54 79 80 81 82 83 83 84 85 58 86 86 87 87 88
61 89 89 90 91 91 63 92 93 65 66 67 68 94 70 95 95 96 72 97 97 98 99 99 100 100 101 102 102 103 104 105 105 78 106 107 108 80 109 82 110 111 84 85 112 113 113 114 115 115
116 117 118 90 119 120 120 92 93 121 121 122 123 94 124 125 126 96 127 128 128 98 129 130 131 132 133 133 134 103 135 136 137 137 106 107 108 138 109 139 110 111 140 141 142 142 143 114 144 145
116 117 118 146 147 147 148 149 150 151 152 122 123 153 124 125 126 154 127 155 155 156 156 130 131 132 157 158 159 159 135 136 160 160 161 162 162 138 163 163 164 164 140 141 165 165 166 166 144 167
168 168 169 170 170 171 148 149 150 151 172 172 173 173 174 175 175 176 176 177 177 178 178 179 180 180 157 158 181 182 183 184 184 185 186 186 187 187 188 188 189 189 190 191 192 192 193 194 195 167
196 196 169 197 198 199 199 200 200 201 202 202 203 204 205 206 207 207 208 208 209 210 210 179 211 211 212 213 214 182 183 215 216 216 217 217 218 218 219 220 221 221 190 191 222 222 193 194 223 224
225 225 226 226 198 227 228 228 229 229 230 230 203 204 205 206 231 231 232 232 209 233 233 234 235 235 212 213 214 236 236 237 237 238 239 240 240 241 219 220 242 243 243 244 245 245 246 246 223 247
248 248 249 250 250 227 251 252 253 253 254 255 255 256 256 257 257 258 259 260 261 261 262 234 263 264 265 265 266 267 267 268 268 269 239 270 271 241 272 272 273 274 275 244 276 277 278 278 279 247
280 280 249 281 281 282 282 252 283 284 284 285 285 286 287 288 288 258 259 260 289 289 262 290 263 264 291 291 292 293 293 294 295 269 296 270 271 297 297 298 273 274 275 299 299 277 300 300 279 301
302 303 304 304 305 305 306 307 283 308 309 309 310 286 311 312 312 313 314 314 315 316 317 317 318 318 319 320 292 321 321 294 295 322 322 323 324 325 326 298 327 328 329 329 330 330 331 332 333 301
334 303 335 335 336 336 337 307 338 338 339 339 340 340 311 341 342 313 343 344 315 316 345 345 346 347 319 348 349 349 350 350 351 351 352 323 324 325 326 353 353 328 354 354 355 356 331 332 333 357
334 358 359 359 360 361 337 362 362 363 364 364 365 365 366 341 342 367 343 344 368 369 370 371 346 372 373 348 374 375 375 376 376 377 377 378 379 380 381 381 382 383 384 384 355 356 385 385 386 357
387 388 389 390 391 361 392 392 393 393 394 394 395 396 366 397 398 367 399 399 368 369 370 400 401 372 402 402 374 403 404 405 406 406 407 378 379 380 408 408 382 383 409 409 410 411 411 412 413 413
387 388 389 390 391 414 415 415 416 416 417 418 395 419 420 397 421 422 423 423 424 425 426 400 401 427 427 428 429 403 404 430 431 432 432 433 434 434 435 435 436 436 437 437 410 438 439 439 440 440
441 441 442 443 443 444 445 446 446 447 447 418 448 419 449 449 421 422 450 450 424 425 426 451 451 452 452 453 429 454 454 430 431 455 456 433 457 457 458 458 459 460 461 462 463 463 464 465 466 466
467 467 468 469 470 444 471 471 472 472 473 473 448 474 474 475 476 476 477 477 478 479 480 480 481 481 482 453 483 483 484 484 485 455 486 486 487 487 488 488 459 460 461 489 489 490 490 465 491 492
493 494 468 469 470 495 495 496 497 498 499 500 501 501 502 475 503 503 504 505 478 479 506 506 507 507 508 508 509 509 510 511 485 512 512 513 513 514 515 515 516 516 517 517 518 519 519 520 491 492
493 521 522 523 524 525 525 496 497 498 499 526 526 527 502 528 528 529 504 530 531 532 533 534 535 536 537 537 538 539 510 511 540 541 542 542 543 514 544 544 545 545 546 546 547 548 549 550 551 552
553 521 522 523 524 554 555 556 557 558 559 559 560 560 561 562 563 563 564 530 531 532 533 534 565 536 566 567 567 539 568 568 540 541 569 569 543 570 571 572 573 574 575 575 547 576 549 550 551 552
553 577 578 579 579 554 555 556 580 558 581 582 583 584 584 562 585 585 564 586 586 587 588 589 565 590 591 591 592 593 594 595 596 596 597 598 598 570 571 599 573 600 600 601 602 576 603 604 605 605
606 577 578 607 607 608 608 609 580 610 581 582 583 611 612 613 613 614 615 616 617 587 588 589 618 619 620 621 592 593 594 595 622 623 597 624 624 625 625 599 626 626 627 627 602 628 628 604 629 629
630 631 631 632 632 633 633 609 634 635 636 636 637 611 612 638 638 614 615 616 617 639 640 640 641 619 620 642 643 644 645 645 622 623 646 646 647 648 649 650 651 652 653 654 655 655 656 657 657 658
630 659 660 661 662 663 664 664 634 635 665 665 637 666 667 667 668 668 669 670 670 639 671 671 641 672 672 642 643 673 673 674 675 676 676 677 677 648 649 650 651 678 653 654 679 679 656 680 680 681
682 682 660 683 662 684 684 685 686 687 687 688 688 666 689 689 690 690 691 691 692 693 693 694 695 696 696 697 698 699 700 674 675 701 702 702 703 704 705 706 707 678 708 708 709 709 710 711 712 681
713 714 714 683 715 716 717 685 686 718 718 719 719 720 721 721 722 723 723 724 692 725 726 694 695 727 728 697 729 699 700 730 731 731 732 732 703 704 705 706 707 733 733 734 734 735 710 711 736 736
713 737 737 738 715 716 739 740 741 742 743 744 744 745 745 746 722 747 748 749 749 725 726 750 750 727 728 751 729 752 752 730 753 754 755 756 756 757 757 758 758 759 760 761 762 762 763 763 764 764
765 766 767 767 768 769 739 740 741 742 743 770 771 772 772 746 773 747 774 775 776 777 777 778 779 780 781 782 782 783 783 784 753 785 755 786 786 787 788 788 789 759 790 761 791 792 792 793 793 794
765 766 795 796 768 769 797 798 799 799 800 770 771 801 802 802 803 803 774 775 804 805 806 778 779 780 781 807 808 809 809 810 811 785 812 813 813 787 814 814 815 815 790 816 816 817 818 818 819 794
820 821 795 796 822 822 797 798 823 824 800 825 825 826 827 828 829 830 830 831 804 805 832 832 833 834 834 807 808 835 835 810 811 836 812 837 837 838 839 839 840 841 841 842 843 844 845 845 846 846
820 847 848 848 849 849 850 851 823 852 852 853 854 826 855 828 829 856 857 858 858 859 859 860 833 861 862 862 863 864 865 865 866 866 867 867 868 838 869 869 840 870 871 842 843 844 872 872 873 873
874 847 875 875 876 876 877 851 878 879 880 853 854 881 855 882 883 883 857 884 885 886 887 860 888 888 889 890 863 864 891 892 893 894 895 896 897 898 898 899 900 900 871 901 902 903 903 904 905 905
906 907 908 909 910 910 877 911 911 879 880 912 912 881 913 914 915 916 917 884 885 918 887 919 919 920 889 890 921 922 922 892 923 894 895 924 897 925 925 926 927 928 929 929 902 930 931 904 932 933
906 907 908 909 934 935 936 936 937 937 938 939 939 940 913 914 915 916 941 942 943 918 944 945 945 920 946 946 921 947 948 948 923 949 949 924 950 950 951 926 927 928 952 952 953 930 931 954 932 933
955 955 956 957 934 958 958 959 959 960 961 961 962 940 963 963 964 964 941 942 943 965 944 966 966 967 968 969 969 970 971 971 972 972 973 974 974 975 951 976 976 977 978 979 953 980 980 954 981 982
983 983 984 957 985 986 987 988 988 960 989 990 962 991 992 993 994 994 995 995 996 965 997 997 998 967 999 999 1000 970 1001 1002 1002 1003 1004 1004 1005 975 1006 1007 1007 977 978 979 1008 1009 1010 1010 981 1011
1012 1012 984 1013 1013 986 987 1014 1015 1015 989 990 1016 991 992 993 1017 1018 1018 1019 996 1020 1021 1022 1022 1023 1023 1024 1000 1025 1026 1027 1028 1029 1030 1031 1031 1032 1032 1033 1034 1035 1036 1036 1008 1009 1037 1038 1038 1011
1039 1040 1040 1041 1041 1042 1043 1014 1044 1044 1045 1046 1016 1047 1047 1048 1017 1049 1050 1050 1051 1051 1021 1052 1053 1054 1055 1024 1056 1025 1026 1027 1028 1029 1057 1058 1059 1059 1060 1033 1034 1061 1062 1063 1064 1065 1037 1066 1067 1068
1069 1069 1070 1070 1071 1042 1043 1072 1072 1073 1045 1046 1074 1074 1075 1048 1076 1049 1077 1078 1078 1079 1079 1052 1053 1054 1080 1080 1081 1082 1083 1083 1084 1084 1057 1058 1085 1085 1060 1086 1086 1061 1062 1063 1064 1065 1087 1066 1067 1068
1088 1089 1090 1090 1091 1092 1093 1094 1094 1073 1095 1095 1096 1097 1098 1098 1099 1100 1100 1101 1102 1102 1103 1103 1104 1104 1105 1105 1081 1082 1106 1107 1107 1108 1108 1109 1109 1110 1110 1111 1112 1112 1113 1113 1114 1114 1087 1115 1116 1117
1088 1089 1118 1119 1091 1092 1093 1120 1120 1121 1121 1122 1122 1097 1123 1123 1099 1124 1124 1101 1125 1126 1126 1127 1128 1128 1129 1130 1131 1131 1106 1132 1133 1133 1134 1134 1135 1136 1136 1111 1137 1138 1138 1139 1139 1140 1141 1115 1116 1117
1142 1142 1118 1119 1143 1143 1144 1145 1146 1146 1147 1147 1148 1148 1149 1150 1151 1152 1153 1153 1154 1155 1156 1127 1157 1157 1129 1130 1158 1158 1159 1160 1161 1161 1162 1163 1164 1165 1166 1166 1167 1167 1168 1169 1170 1140 1141 1171 1172 1172
1173 1174 1174 1175 1175 1176 1144 1145 1177 1177 1178 1179 1179 1180 1149 1150 1151 1152 1181 1181 1154 1155 1182 1183 1184 1185 1186 1186 1187 1187 1159 1160 1188 1189 1189 1163 1164 1165 1190 1190 1191 1191 1168 1169 1170 1192 1193 1171 1194 1195
1196 1196 1197 1197 1198 1176 1199 1199 1200 1200 1178 1201 1201 1180 1202 1202 1203 1204 1205 1205 1206 1206 1182 1183 1184 1207 1207 1208 1208 1209 1210 1211 1188 1212 1212 1213 1214 1215 1216 1216 1217 1217 1218 1219 1219 1192 1193 1220 1194 1221
1222 1223 1223 1224 1198 1225 1226 1226 1227 1228 1229 1229 1230 1231 1231 1232 1203 1204 1233 1233 1234 1235 1236 1236 1237 1237 1238 1239 1240 1209 1210 1211 1241 1241 1242 1213 1243 1215 1244 1245 1246 1246 1247 1248 1249 1249 1250 1250 1251 1221
1222 1252 1252 1224 1253 1225 1254 1254 1255 1228 1256 1257 1258 1258 1259 1232 1260 1260 1261 1262 1234 1263 1263 1264 1264 1265 1238 1239 1266 1267 1268 1269 1270 1270 1242 1271 1243 1272 1244 1245 1273 1274 1247 1248 1275 1276 1277 1277 1251 1278
1279 1279 1280 1281 1281 1282 1282 1283 1255 1284 1256 1257 1285 1286 1259 1287 1288 1288 1261 1289 1290 1291 1292 1292 1293 1294 1294 1295 1266 1267 1268 1269 1296 1297 1297 1298 1298 1272 1299 1299 1273 1300 1301 1302 1302 1276 1303 1304 1305 1278
1306 1306 1307 1307 1308 1308 1309 1283 1310 1311 1311 1312 1285 1286 1313 1287 1314 1314 1315 1289 1290 1316 1316 1317 1317 1318 1318 1295 1319 1319 1320 1321 1322 1322 1323 1323 1324 1325 1326 1327 1327 1300 1301 1328 1328 1329 1329 1304 1305 1330
1331 1332 1332 1333 1334 1334 1335 1335 1310 1336 1336 1312 1337 1337 1313 1338 1339 1339 1340 1340 1341 1341 1342 1342 1343 1343 1344 1345 1345 1346 1346 1321 1347 1347 1348 1348 1324 1325 1326 1349 1349 1350 1350 1351 1351 1352 1352 1353 1354 1354
56 7 40 98 30 95 65 71 95 71 74 69 79 82 94 40 38 78 20 49 53 89 71 89 78 15 80 37 7 34 63 57 32 61 55 94 86 61 59 0 74 37 55 11 97 21 0 28 20 46
80 50 3 31 15 33 66 66 49 69 39 31 13 88 47 34 91 2 91 10 82 31 25 66 15 12 72 57 45 95 84 68 19 49 98 65 43 27 58 65 20 45 50 83 72 4 23 77 22 44
36 76 60 88 92 76 19 66 91 61 43 57 3 29 10 95 19 69 47 48 66 76 51 94 45 63 66 65 59 20 59 63 7 39 0 60 29 98 49 11 11 46 96 54 24 52 19 26 19 18
33 73 51 97 50 13 67 87 35 57 29 15 79 72 58 57 60 21 64 44 58 23 5 65 78 71 1 83 35 31 55 51 19 17 0 38 22 95 65 3 34 24 97 69 25 7 50 86 29 39
92 34 8 77 87 88 99 6 44 81 53 72 83 67 91 84 92 16 6 6 36 53 28 56 44 4 38 82 86 11 19 85 87 12 9 91 8 74 64 77 90 91 78 10 3 55 12 81 80 47
98 10 90 25 26 16 30 49 74 37 77 32 57 88 6 1 88 58 88 72 6 93 39 63 96 96 26 24 2 35 87 8 86 39 19 95 38 67 15 2 44 31 91 0 38 45 87 78 78 27
50 61 96 79 66 81 2 60 22 63 79 93 19 93 75 60 44 28 17 99 22 64 46 14 78 46 79 18 80 16 99 45 94 85 86 69 70 4 12 65 24 54 29 80 18 65 3 18 48 43
53 65 48 38 26 50 98 59 44 15 72 47 89 27 94 14 63 69 94 52 69 81 41 28 77 45 37 89 37 23 40 55 39 65 37 11 11 80 43 60 30 82 86 16 14 20 17 69 18 59
52 5 30 86 14 95 31 10 35 40 50 74 60 18 20 44 74 42 32 81 24 18 33 49 77 98 14 85 88 49 4 92 29 72 15 90 45 35 1 71 86 71 92 52 61 75 30 39 10 6
44 42 87 54 13 32 37 16 42 13 17 8 19 93 39 19 75 3 11 93 32 66 57 14 47 63 73 6 49 49 11 90 32 1 35 52 36 23 87 87 12 77 54 75 49 95 77 62 13 97
71 90 16 54 12 29 78 32 58 25 70 23 8 36 73 32 77 75 51 76 79 80 31 54 27 82 39 40 50 45 74 35 65 3 8 92 34 72 29 80 24 78 5 86 40 70 50 36 7 60
84 37 96 12 18 88 8 1 62 39 96 58 73 53 94 22 15 57 69 90 33 99 56 67 44 1 15 98 94 7 76 34 49 71 74 95 77 92 58 87 61 69 92 72 4 43 30 73 12 41
17 67 35 9 35 86 59 33 53 24 0 46 83 51 97 41 87 54 44 92 86 60 18 36 56 61 1 16 79 76 50 74 60 88 91 27 39 88 81 91 89 57 41 44 78 17 68 21 56 80
45 36 0 39 95 35 60 61 70 32 69 29 10 23 66 92 64 4 71 39 78 19 9 65 42 56 97 53 83 80 53 68 72 21 26 95 22 30 2 75 74 14 6 99 18 74 56 77 40 11
99 16 96 77 20 30 99 67 82 84 85 69 55 11 88 43 59 96 27 94 8 44 33 50 26 76 9 85 38 50 87 30 39 54 90 75 81 92 86 53 61 39 39 35 26 2 46 51 3 86
57 97 96 36 41 91 59 53 40 96 99 66 82 62 68 84 47 80 55 15 26 29 86 17 64 50 76 35 77 93 49 85 81 92 65 78 69 25 49 69 13 65 33 15 81 15 50 71 80 43
82 32 60 80 10 39 87 87 87 41 68 13 24 67 85 27 4 24 86 89 46 37 64 98 72 4 0 10 91 95 33 98 33 9 24 50 54 3 27 74 19 90 49 8 99 28 49 82 47 38
74 82 18 35 59 32 75 28 2 56 33 53 58 25 0 32 25 18 33 89 57 13 6 52 94 15 53 75 45 45 24 71 68 1 91 31 6 51 69 25 35 43 22 38 54 78 76 88 9 71
62 98 97 16 61 52 37 92 75 92 9 54 73 52 90 24 61 92 42 14 1 68 20 4 16 86 61 35 85 95 46 63 10 6 2 58 95 93 4 80 24 63 67 8 20 70 17 41 20 89
98 7 14 42 63 28 31 14 77 25 44 14 86 82 33 11 72 22 10 59 18 85 12 99 24 30 56 98 88 38 8 67 13 68 6 98 23 7 4 34 4 62 90 18 46 35 24 60 83 70
83 16 36 60 18 55 81 78 14 16 24 36 13 11 89 68 78 40 95 21 74 23 37 12 1 51 70 28 75 29 67 76 82 63 89 47 16 22 56 42 28 27 27 21 2 38 56 11 33 18
70 23 84 20 14 48 20 85 55 78 96 47 71 68 47 56 41 76 92 97 13 38 30 62 63 68 82 19 59 73 1 47 98 7 19 45 58 60 10 8 92 4 11 55 86 78 94 35 67 44
36 30 59 61 74 55 87 24 27 72 89 23 80 15 26 68 76 49 5 72 84 96 22 67 23 39 21 57 83 61 29 67 30 9 66 17 25 50 91 47 12 95 79 39 81 2 10 22 72 15
82 13 92 48 85 82 57 37 89 68 61 88 8 97 96 32 64 84 12 51 47 1 9 0 15 77 23 95 56 30 13 83 56 69 4 6 95 77 73 56 1 24 63 83 72 13 18 82 23 17
24 87 77 32 27 16 70 12 95 14 9 26 32 34 69 49 30 34 42 97 4 21 57 59 26 42 35 30 84 89 43 66 17 87 99 77 95 26 49 41 1 98 96 77 86 33 89 1 35 60
14 9 38 16 93 76 75 18 83 19 36 37 56 35 21 35 98 81 62 14 49 39 33 65 50 90 32 10 55 1 59 15 55 45 86 85 46 28 73 54 28 44 31 10 16 36 95 26 86 86
62 1 26 22 49 1 34 26 40 52 90 39 59 94 89 62 37 62 78 81 27 71 19 52 41 65 94 40 47 94 74 24 27 16 8 58 0 69 96 43 63 97 98 41 78 98 53 85 58 77
29 29 32 87 17 92 41 96 84 51 12 56 7 8 8 56 80 13 54 69 1 59 18 66 42 78 99 92 47 18 10 90 59 74 12 78 0 19 79 30 42 21 37 62 17 42 52 4 42 38
98 23 2 40 95 73 60 74 26 90 88 46 0 49 26 84 33 33 77 14 41 24 34 41 50 97 64 84 50 88 54 81 86 77 25 68 51 88 73 59 79 90 41 80 88 58 40 59 38 98
2 56 20 6 48 60 62 94 6 34 5 44 18 8 2 29 1 0 56 66 3 84 38 89 2 90 35 62 30 49 89 27 36 52 7 3 56 67 92 27 23 90 24 22 7 94 88 96 22 47
16 42 95 27 67 11 73 84 5 18 7 39 56 66 42 76 91 61 44 90 6 53 57 58 58 88 52 65 98 69 65 57 48 98 65 8 75 43 41 33 74 94 0 24 80 93 50 2 35 95
14 54 27 15 12 53 89 12 85 80 36 56 65 60 33 9 15 54 72 86 71 98 86 86 41 8 50 45 82 19 95 58 52 42 69 91 1 34 98 83 44 10 59 10 49 56 98 19 49 75
62 11 54 85 86 56 75 6 92 35 26 16 58 32 33 55 11 88 39 60 65 51 77 45 45 75 83 25 81 74 63 65 1 74 91 21 60 22 84 95 66 73 40 14 34 79 88 88 77 40
0 7 25 54 73 5 17 83 12 59 35 77 61 27 25 27 38 41 9 15 8 81 13 84 71 73 79 63 22 94 39 4 76 15 30 78 22 47 13 82 5 53 49 76 37 91 85 8 67 54
35 75 21 49 16 79 58 50 16 47 98 0 26 85 27 12 58 91 62 59 19 8 68 65 53 3 99 81 7 50 27 48 17 14 37 52 94 19 11 21 93 25 84 30 89 86 69 2 35 35
88 9 3 63 23 48 72 47 50 32 91 88 26 92 94 25 72 74 40 57 77 68 47 19 89 76 11 53 31 79 72 23 48 33 34 65 26 39 17 94 35 29 23 37 79 98 31 99 12 89
23 38 24 38 70 43 48 2 7 98 82 65 15 26 46 78 23 63 68 63 27 20 34 92 13 4 73 1 27 31 21 90 75 24 35 64 64 61 26 59 17 58 21 73 86 30 95 22 21 80
80 99 53 18 25 57 37 32 74 65 20 50 50 98 72 24 3 45 3 94 87 13 86 95 18 0 72 51 1 89 41 13 69 45 34 26 86 38 50 69 91 74 31 71 67 98 23 40 66 62
70 95 61 37 95 57 10 4 44 60 90 94 27 89 37 46 25 74 95 43 38 95 5 49 95 1 39 35 38 24 10 23 3 21 71 51 95 70 58 48 41 40 25 6 9 47 11 75 59 27
59 45 29 85 46 36 58 88 18 68 2 1 58 36 12 28 95 76 13 14 87 15 94 4 61 43 70 62 86 26 85 48 76 64 71 31 58 66 18 35 78 34 55 62 39 48 62 10 62 78
41 42 1 20 63 10 11 55 50 1 81 84 38 2 72 65 61 27 46 16 57 29 9 83 75 6 9 76 38 83 59 21 65 61 54 12 3 35 69 83 54 2 18 2 62 68 84 59 70 88
7 49 83 17 2 97 7 34 92 63 90 65 87 21 13 4 58 30 26 67 61 26 21 97 2 41 18 31 65 3 33 19 30 17 0 98 40 90 41 1 13 14 7 4 51 55 45 42 31 4
86 22 59 58 37 47 51 92 62 3 57 48 28 15 87 54 32 30 63 51 23 45 9 42 34 15 18 46 93 27 28 17 77 94 67 86 41 60 78 88 72 84 17 28 16 6 85 23 15 71
0 35 0 32 15 95 43 10 82 78 4 42 11 10 67 62 28 92 97 23 23 90 90 5 28 2 76 94 40 30 53 4 35 73 21 89 72 83 8 60 86 34 51 18 76 26 33 53 56 82
87 89 44 25 85 15 68 93 11 75 75 20 79 30 88 48 1 29 91 67 28 67 19 15 68 61 28 98 21 44 90 21 88 87 60 31 91 86 81 32 14 95 66 22 64 27 48 51 64 24
49 49 83 0 22 72 89 50 16 32 68 46 20 98 75 51 59 64 95 89 80 45 27 52 61 11 30 2 32 91 26 75 3 70 8 90 63 13 96 44 45 50 46 15 37 90 75 67 61 44
9 35 42 51 10 18 21 57 55 3 32 12 55 93 90 27 81 97 36 25 72 29 29 96 68 90 38 94 65 41 52 22 4 83 36 15 71 57 69 28 44 59 63 56 19 90 1 89 19 83
86 15 24 68 76 42 18 20 81 27 84 12 41 50 70 65 55 47 92 57 68 2 56 64 68 27 62 44 93 20 36 31 69 72 59 63 0 3 65 78 16 33 47 49 2 70 41 88 21 14
42 28 46 92 65 85 93 19 74 71 29 56 99 15 38 24 3 18 37 58 70 51 12 65 5 77 18 71 31 68 41 88 86 56 54 59 52 27 42 45 71 10 46 72 41 98 64 62 33 13
72 80 11 72 24 0 95 14 63 1 67 18 36 62 32 27 3 79 89 67 63 6 21 72 81 29 5 5 44 52 35 45 75 83 94 26 2 73 28 76 50 4 79 21 49 35 16 73 45 82
