11 27
0 1 1 2 2 3 4 5 6 7 7 8 8 9 9 10 10 11 12 12 13 14 14 15 16 17 17 18 18 19 20 21 22 22 23 24 24 25 26 26 27 28 29 30 31 32 32 33 34 34
35 36 36 37 38 3 4 5 6 39 39 40 40 41 41 42 43 11 44 45 13 46 46 15 16 47 48 49 50 19 20 21 51 51 23 52 52 25 53 54 27 28 29 30 31 55 55 33 56 56
35 57 58 58 38 59 59 60 60 61 62 63 64 64 65 42 66 67 44 45 68 69 69 70 71 47 48 49 50 72 72 73 74 74 75 76 77 77 78 54 79 79 80 81 81 82 83 84 85 85
86 57 87 88 88 89 89 90 91 91 62 92 93 94 65 95 66 96 96 97 68 98 99 70 100 100 101 102 103 104 104 73 105 106 75 107 107 108 78 109 110 110 80 111 112 82 83 84 113 113
114 115 116 116 117 118 118 90 119 119 120 92 93 94 121 122 123 124 124 97 125 125 99 126 127 127 101 102 103 128 129 129 105 130 131 132 133 133 134 134 135 136 137 111 112 138 139 140 140 141
114 115 142 143 144 144 145 145 146 146 120 147 148 149 121 122 123 150 151 151 152 152 153 126 154 154 155 156 157 157 158 159 159 130 131 160 160 161 161 162 135 136 137 163 164 138 139 165 166 167
168 169 142 143 170 171 171 172 173 174 175 175 148 149 176 177 178 179 180 180 181 182 182 183 184 184 155 156 185 186 187 187 188 189 190 190 191 192 192 162 193 193 194 163 195 195 196 196 166 167
168 169 197 198 198 199 199 172 173 174 200 200 201 201 176 177 178 179 202 202 181 203 203 204 204 205 205 206 206 186 207 208 188 189 209 209 191 210 211 212 213 213 214 214 215 216 217 217 218 218
219 219 197 220 221 222 223 224 224 225 225 226 226 227 228 228 229 230 230 231 232 233 234 235 235 236 237 238 238 239 239 208 240 240 241 241 242 210 211 212 243 244 245 245 215 216 246 247 248 249
250 251 251 220 221 222 223 252 252 253 254 255 255 256 257 258 258 259 259 231 232 233 234 260 260 236 237 261 262 262 263 264 265 266 266 267 268 269 270 271 243 244 272 273 273 274 246 247 248 249
250 275 276 277 277 278 278 279 279 280 254 281 282 256 257 283 284 285 286 287 287 288 288 289 290 291 291 261 292 292 263 264 265 293 294 267 268 269 270 271 295 296 296 297 297 274 298 299 300 301
302 275 276 303 303 304 305 306 306 280 307 281 282 308 309 283 310 285 286 311 312 312 313 289 290 314 315 316 317 317 318 318 319 320 294 321 322 323 323 324 325 325 326 327 328 329 298 299 300 301
330 330 331 332 333 304 305 334 335 335 307 336 336 308 337 338 310 339 340 311 341 342 313 343 343 314 344 316 345 346 346 347 319 320 348 321 322 349 350 350 351 352 326 327 328 329 353 353 354 354
355 355 331 332 333 356 357 357 358 358 359 360 361 362 337 363 363 339 364 364 341 342 365 365 366 366 344 367 345 368 368 369 370 370 371 372 372 349 373 374 374 352 375 375 376 376 377 378 379 380
381 382 383 383 384 385 385 386 386 387 387 360 361 388 388 389 389 390 390 391 391 392 392 393 393 394 394 395 396 397 397 369 398 399 371 400 401 402 403 403 404 404 405 406 406 407 377 378 379 380
381 382 408 408 409 409 410 411 412 413 413 414 414 415 416 417 417 418 418 419 419 420 420 421 422 422 423 395 396 424 425 426 427 399 428 428 401 402 429 430 431 431 405 432 433 434 434 435 435 436
437 437 438 438 439 440 440 411 412 441 441 442 442 415 443 443 444 444 445 446 447 448 449 449 450 451 452 453 453 424 425 426 427 454 454 455 455 456 457 430 458 458 459 432 460 461 462 463 463 436
464 465 466 466 439 467 468 468 469 470 471 471 472 473 474 475 476 476 445 446 447 448 477 477 450 451 452 478 479 480 481 481 482 483 483 484 485 456 457 486 487 487 459 488 460 461 462 489 490 491
464 465 492 493 493 467 494 495 469 470 496 497 472 473 474 498 499 499 500 501 501 502 503 503 504 505 506 507 479 480 508 509 510 510 511 511 485 512 513 486 514 515 515 488 516 517 517 489 490 491
518 519 520 521 521 522 494 495 523 524 496 525 526 527 528 498 529 530 500 531 532 502 533 533 504 505 506 507 534 535 508 509 536 537 538 539 540 512 513 541 542 543 544 545 516 546 546 547 548 548
518 549 520 550 550 522 551 552 523 524 553 525 554 527 555 555 529 530 556 531 557 557 558 558 559 559 560 560 534 535 561 561 536 562 538 539 563 563 564 564 542 565 544 545 566 567 567 547 568 569
570 549 571 572 572 573 551 574 574 575 553 576 554 577 577 578 579 579 580 580 581 582 582 583 583 584 584 585 585 586 586 587 588 562 589 590 590 591 592 593 593 565 594 594 566 595 595 596 568 569
597 597 598 599 599 600 600 601 601 575 602 603 604 605 606 606 607 607 608 608 581 609 609 610 611 611 612 613 613 614 615 587 616 616 589 617 617 591 592 618 619 619 620 621 621 622 622 623 624 624
625 626 598 627 627 628 629 630 631 631 602 603 604 632 632 633 634 635 635 636 636 637 637 610 638 638 612 639 640 614 615 641 642 643 644 644 645 645 646 618 647 648 649 650 650 651 652 623 653 653
625 654 654 655 655 628 629 630 656 657 658 658 659 660 660 633 661 662 663 663 664 664 665 665 666 666 667 667 640 668 669 641 642 643 670 670 671 671 646 672 647 648 649 673 673 651 652 674 674 675
676 677 677 678 678 679 679 680 681 657 682 683 659 684 685 685 661 686 687 688 689 689 690 691 692 693 693 694 694 668 669 695 695 696 696 697 698 698 699 672 700 700 701 701 702 702 703 704 705 675
706 707 708 708 709 709 710 680 681 711 682 712 712 684 713 714 715 686 687 688 716 717 717 691 718 719 720 721 721 722 723 724 724 725 725 697 726 726 699 727 727 728 729 730 730 731 703 704 705 732
706 707 733 734 734 735 710 736 737 738 739 740 741 742 713 714 743 743 744 744 716 745 746 747 718 719 720 748 748 722 749 749 750 751 751 752 753 753 754 754 755 728 756 756 757 757 758 759 759 732
760 760 733 761 762 735 763 736 737 738 739 740 741 742 764 765 766 766 767 768 769 745 746 747 770 770 771 772 773 774 774 775 750 776 777 777 778 778 779 779 755 780 780 781 781 782 783 783 784 785
786 786 787 761 788 789 763 790 791 791 792 793 793 794 764 765 795 795 767 768 769 796 797 798 799 800 771 772 773 801 801 802 803 804 805 806 807 808 808 809 810 810 811 811 812 782 813 814 815 785
816 817 817 818 788 789 819 790 820 820 792 821 822 794 823 824 824 825 825 826 827 828 797 798 799 829 829 830 830 831 832 802 803 804 805 806 833 833 834 835 835 836 836 837 812 838 813 814 815 839
840 840 841 818 842 843 843 844 844 845 845 821 846 846 847 847 848 849 849 826 827 828 850 851 852 853 853 854 854 831 832 855 856 856 857 857 858 859 859 860 860 861 861 837 862 838 863 863 864 839
865 866 867 868 842 869 870 870 871 871 872 873 873 874 874 875 875 876 877 878 878 879 880 851 881 882 883 884 884 885 886 886 887 887 888 888 858 889 890 890 891 891 892 892 862 893 894 894 864 895
865 896 867 868 897 869 898 899 900 900 872 901 901 902 902 903 903 876 877 904 904 879 880 905 881 882 906 906 907 885 908 908 909 909 910 911 912 913 913 914 915 916 917 917 918 919 920 921 922 895
923 896 924 925 926 926 898 927 927 928 929 930 931 931 932 933 934 935 936 937 937 938 938 939 940 941 941 942 907 943 944 945 946 947 948 911 949 949 950 950 915 916 951 951 952 919 920 953 922 954
923 955 924 925 956 957 957 958 958 928 929 930 959 960 961 933 934 935 962 962 963 964 964 939 965 965 966 967 967 943 944 945 968 947 948 969 970 970 971 972 973 973 974 974 952 975 976 953 977 977
978 979 980 981 981 982 983 984 984 985 985 986 959 960 961 987 987 988 988 989 963 990 991 992 992 993 966 994 995 996 996 997 968 998 999 999 1000 1000 971 972 1001 1002 1003 1004 1004 975 1005 1005 1006 1006
978 979 1007 1007 1008 1009 983 1010 1011 1012 1013 1014 1014 1015 1015 1016 1016 1017 1017 989 1018 990 991 1019 1020 1020 1021 994 1022 1022 1023 997 1024 1025 1026 1026 1027 1027 1028 1029 1001 1002 1003 1030 1031 1032 1033 1034 1035 1035
1036 1036 1037 1037 1008 1009 1038 1038 1011 1012 1013 1039 1040 1040 1041 1041 1042 1042 1043 1043 1044 1045 1045 1019 1046 1046 1021 1047 1048 1048 1023 1049 1050 1025 1051 1051 1052 1052 1028 1029 1053 1053 1054 1055 1031 1032 1033 1034 1056 1056
1057 1058 1059 1060 1060 1061 1061 1062 1063 1064 1065 1039 1066 1066 1067 1067 1068 1069 1070 1071 1044 1072 1072 1073 1073 1074 1075 1075 1076 1076 1077 1077 1050 1078 1079 1080 1080 1081 1082 1082 1083 1084 1054 1055 1085 1086 1086 1087 1088 1088
1089 1058 1059 1090 1091 1092 1092 1062 1063 1093 1065 1094 1094 1095 1095 1096 1068 1069 1070 1097 1097 1098 1099 1100 1100 1074 1101 1101 1102 1103 1104 1105 1106 1078 1107 1107 1108 1108 1109 1110 1083 1111 1111 1112 1112 1113 1113 1087 1114 1114
1089 1115 1115 1116 1091 1117 1118 1119 1120 1093 1121 1122 1122 1123 1124 1096 1125 1126 1126 1127 1128 1098 1099 1129 1130 1130 1131 1131 1102 1103 1104 1105 1132 1132 1133 1133 1134 1134 1109 1110 1135 1136 1136 1137 1137 1138 1138 1139 1139 1140
1141 1141 1142 1116 1143 1143 1118 1144 1120 1145 1121 1146 1147 1147 1124 1148 1125 1149 1149 1127 1150 1150 1151 1129 1152 1153 1153 1154 1154 1155 1156 1157 1158 1159 1159 1160 1160 1161 1161 1162 1162 1163 1164 1165 1166 1166 1167 1168 1169 1140
1170 1171 1142 1172 1173 1173 1174 1144 1175 1145 1176 1176 1177 1178 1178 1148 1179 1179 1180 1180 1181 1181 1151 1182 1152 1183 1183 1184 1185 1155 1156 1157 1158 1186 1186 1187 1187 1188 1188 1189 1190 1163 1164 1165 1191 1192 1192 1168 1169 1193
1170 1194 1194 1172 1195 1195 1174 1196 1175 1197 1198 1198 1199 1199 1200 1200 1201 1202 1203 1204 1204 1205 1205 1206 1207 1208 1208 1184 1209 1209 1210 1210 1211 1211 1212 1213 1213 1214 1215 1189 1190 1216 1216 1217 1191 1218 1218 1219 1220 1193
1221 1221 1222 1222 1223 1224 1224 1196 1225 1226 1227 1227 1228 1228 1229 1230 1201 1231 1203 1232 1232 1233 1234 1206 1207 1235 1236 1236 1237 1238 1238 1239 1240 1241 1212 1242 1242 1214 1215 1243 1244 1245 1245 1217 1246 1246 1247 1219 1248 1248
1249 1250 1250 1251 1252 1253 1254 1255 1225 1226 1256 1257 1258 1258 1229 1259 1260 1231 1261 1262 1263 1233 1264 1265 1265 1266 1267 1268 1269 1269 1270 1239 1240 1241 1271 1271 1272 1273 1273 1243 1274 1274 1275 1276 1276 1277 1278 1278 1279 1280
1281 1281 1282 1251 1252 1253 1254 1255 1283 1284 1256 1257 1285 1285 1286 1259 1260 1287 1261 1288 1263 1289 1264 1290 1290 1266 1267 1291 1291 1292 1293 1293 1294 1295 1296 1297 1297 1298 1299 1299 1300 1301 1275 1302 1302 1303 1303 1304 1305 1280
1306 1307 1307 1308 1309 1310 1310 1311 1283 1312 1312 1313 1314 1314 1315 1315 1316 1317 1318 1288 1319 1320 1320 1321 1322 1322 1323 1324 1325 1292 1326 1327 1294 1295 1328 1328 1329 1298 1330 1331 1332 1301 1333 1333 1334 1334 1335 1304 1305 1336
1337 1337 1338 1338 1309 1339 1339 1311 1340 1341 1341 1313 1342 1342 1343 1343 1316 1317 1344 1344 1319 1345 1345 1321 1346 1346 1323 1324 1347 1347 1326 1327 1348 1348 1349 1349 1329 1350 1350 1331 1332 1351 1351 1352 1353 1353 1335 1354 1354 1336
35 84 7 14 79 8 79 51 8 16 83 58 61 97 58 33 13 32 98 50 58 14 91 83 27 92 31 39 50 51 9 89 41 52 23 80 54 2 74 26 54 20 78 70 30 37 76 39 87 5
49 1 54 38 24 79 93 44 28 61 54 15 59 99 74 88 33 46 36 31 19 53 77 33 29 37 83 79 48 91 7 52 40 9 54 50 15 80 19 69 1 65 27 5 74 48 20 52 70 70
1 21 19 23 43 10 90 90 58 13 20 33 22 62 81 25 41 65 82 4 30 39 41 60 57 70 11 38 77 26 42 21 6 45 44 35 58 33 19 82 9 5 65 35 17 77 24 55 65 5
81 8 93 14 21 90 62 13 32 16 21 58 86 97 31 6 58 86 22 53 57 58 91 44 46 2 22 54 90 87 43 95 39 67 8 85 40 99 95 77 15 70 28 8 0 46 38 2 87 12
6 20 73 46 76 97 78 27 33 74 12 43 57 93 63 92 38 59 22 31 57 21 89 35 21 84 16 41 79 29 93 23 43 80 40 69 81 36 65 9 30 69 94 63 41 61 57 12 83 44
22 34 89 22 30 14 53 25 94 56 20 56 52 16 94 79 20 82 75 55 47 93 89 11 96 87 98 81 4 79 81 95 10 84 32 85 67 85 44 87 22 41 60 90 9 14 38 10 56 14
83 14 50 75 19 34 31 74 81 83 64 23 53 75 30 9 87 36 58 85 74 95 57 32 91 85 41 87 80 98 91 12 34 94 88 4 78 72 32 38 29 2 94 0 90 78 6 40 28 14
37 84 62 19 51 33 96 70 49 3 57 90 41 43 0 56 36 15 76 78 17 5 80 6 3 22 84 48 5 87 49 79 50 17 13 74 76 33 27 90 84 38 43 48 20 2 41 72 56 37
87 91 48 63 18 37 91 36 92 35 25 44 5 63 1 63 16 61 4 23 96 69 33 74 88 37 39 0 29 40 87 80 60 39 93 99 93 1 16 59 64 62 49 10 11 32 36 36 66 88
54 13 69 84 95 81 33 68 20 59 71 45 99 37 63 10 69 76 50 64 93 42 25 69 12 55 61 47 66 42 72 4 19 24 65 75 4 43 70 88 48 37 34 49 10 5 97 48 18 14
40 75 15 45 97 27 62 19 31 66 43 81 25 99 17 17 16 86 27 0 88 70 40 83 11 35 93 74 34 51 79 30 84 40 71 31 70 61 49 85 41 32 3 94 9 57 98 92 79 79
8 9 5 36 73 93 28 73 65 61 40 43 51 41 5 94 35 25 79 93 5 67 35 59 61 47 40 83 4 12 57 48 76 33 77 35 18 85 8 91 5 44 45 16 53 94 82 65 28 62
14 52 70 7 76 82 25 36 31 46 22 83 62 77 1 51 34 72 21 13 9 33 16 30 98 42 37 56 80 39 23 13 71 58 13 23 45 57 7 89 81 64 35 15 51 6 72 31 29 2
1 99 93 83 45 30 72 15 77 50 76 8 64 6 49 76 77 4 78 41 35 61 73 66 57 43 87 77 48 37 36 52 68 20 49 97 67 40 99 64 73 48 27 38 4 1 66 53 92 18
80 36 34 55 44 18 29 90 77 63 30 47 76 82 6 78 9 43 84 82 21 11 46 40 42 47 8 36 68 53 53 56 34 16 96 79 32 27 51 31 58 57 13 38 9 95 18 91 8 60
33 31 31 18 30 73 19 16 30 41 92 57 37 71 12 82 28 10 8 68 51 28 37 12 27 42 94 44 78 65 72 44 6 34 22 68 89 53 95 39 88 21 43 99 70 57 24 89 22 42
82 7 77 35 75 60 48 87 79 44 53 3 13 76 75 52 67 39 80 61 59 83 66 57 89 36 34 17 33 4 92 9 7 72 39 59 45 33 37 71 65 98 35 20 9 24 71 44 7 55
32 80 26 48 35 68 96 38 31 34 20 16 54 49 25 18 49 73 25 67 53 56 3 65 66 91 71 76 41 78 16 78 93 42 88 93 49 65 28 49 80 0 97 80 38 42 29 22 41 62
1 33 22 28 35 98 30 65 81 69 60 25 75 51 10 10 46 11 90 78 64 6 82 13 94 12 40 94 26 89 94 7 74 6 41 26 17 58 14 21 33 97 37 1 12 81 20 14 65 50
11 51 51 95 94 47 38 27 85 31 87 8 81 41 16 61 34 71 19 81 51 64 13 24 89 60 74 65 20 53 37 92 86 76 32 9 25 46 2 58 87 26 32 10 71 14 28 97 5 15
85 21 33 43 56 72 21 22 9 30 24 80 23 68 90 14 44 76 27 98 26 63 44 70 18 70 34 30 87 13 69 4 3 2 2 44 81 59 83 94 83 94 80 41 65 89 90 22 98 79
48 51 3 11 56 69 88 58 97 63 37 77 58 90 39 66 94 86 63 94 10 65 73 16 35 72 29 15 90 87 13 57 69 22 90 18 69 49 43 10 60 8 72 46 65 73 38 9 69 58
14 94 23 12 63 47 96 61 68 30 86 1 55 17 12 29 24 66 11 8 28 60 16 30 91 97 82 0 17 79 90 48 81 76 76 76 2 12 14 28 52 66 7 41 44 35 28 52 14 81
79 95 72 8 65 77 43 25 21 16 49 72 80 18 48 16 7 7 29 29 11 59 67 4 56 42 28 82 62 84 36 11 57 67 17 41 93 54 75 57 49 92 22 28 75 54 34 26 26 40
54 88 72 27 24 35 59 76 88 68 13 52 16 10 91 71 46 34 59 45 56 57 62 77 84 49 67 21 98 47 62 76 28 0 87 98 60 67 60 32 36 86 74 28 54 30 81 55 51 54
34 11 79 11 83 49 17 50 89 53 41 66 21 69 61 4 48 5 30 14 94 12 0 35 77 59 18 32 95 92 75 71 89 50 58 24 17 71 45 96 15 80 80 65 90 90 66 64 93 91
41 33 29 50 66 83 71 41 40 24 72 39 76 78 24 42 31 19 84 76 13 41 60 64 5 62 95 61 20 1 11 6 14 7 30 47 91 98 85 41 27 71 95 53 0 55 14 43 76 0
70 75 73 57 6 19 28 98 34 27 91 33 21 5 62 67 41 86 38 36 46 41 19 94 65 24 88 19 57 81 51 13 6 65 43 40 36 54 70 57 43 89 71 67 2 55 60 52 67 18
2 89 68 49 4 87 48 53 11 78 22 10 56 57 6 65 73 20 87 31 88 40 47 24 11 14 38 18 67 12 80 56 63 8 64 23 90 42 78 6 93 24 50 56 17 85 81 92 7 24
44 20 12 9 64 63 2 27 10 99 51 27 75 18 89 37 38 50 33 68 55 76 68 70 1 91 81 89 18 41 92 38 29 64 80 3 16 78 2 29 68 97 62 26 71 26 25 28 13 76
60 71 52 88 54 15 86 71 39 19 30 13 63 29 94 76 62 57 40 28 87 26 30 74 71 15 63 24 63 80 61 83 64 1 11 40 60 28 64 59 88 91 77 13 9 66 24 0 28 23
63 76 54 91 39 71 54 2 43 98 65 62 65 94 27 84 1 77 1 18 50 4 5 33 78 12 79 35 80 0 17 56 34 54 59 12 33 33 70 97 94 39 75 54 14 50 35 80 79 52
15 67 79 37 69 78 83 73 95 54 73 64 70 18 48 79 21 7 57 33 8 61 97 87 50 52 70 79 34 40 88 76 17 94 69 5 51 88 34 53 7 3 57 29 68 46 26 88 94 40
62 60 96 18 44 65 67 47 97 13 56 91 50 74 10 49 4 62 81 50 54 29 54 81 98 94 90 10 91 58 68 28 76 88 84 12 16 12 31 14 85 25 36 69 75 89 11 29 73 13
32 92 20 68 13 35 96 49 52 17 70 84 34 65 20 38 77 72 42 20 66 78 66 14 46 39 77 75 77 14 68 97 69 7 85 7 77 34 0 28 10 43 33 93 95 69 35 55 5 84
88 32 11 60 91 93 79 62 72 36 92 84 60 51 16 98 68 98 69 82 35 56 47 76 57 12 36 95 17 53 3 64 34 70 27 27 65 57 1 54 92 11 4 9 41 33 18 29 98 39
58 21 20 85 62 50 65 17 10 37 86 38 30 76 59 74 63 74 63 20 15 58 30 18 69 26 84 20 63 8 60 90 29 11 43 46 80 66 71 34 70 12 87 67 87 79 54 46 58 99
28 97 8 99 0 47 47 78 21 1 3 14 6 7 75 9 16 47 3 76 66 39 63 91 82 2 3 13 22 52 42 83 33 55 21 37 6 32 42 87 79 5 65 1 17 83 57 32 18 2
94 67 95 19 5 66 93 15 59 53 75 31 70 63 63 37 31 67 51 65 11 59 84 98 0 51 77 26 81 81 61 81 40 68 58 47 54 84 3 84 85 80 52 98 52 7 38 51 61 74
44 79 63 3 38 90 83 39 78 89 34 96 0 28 8 93 74 66 30 20 13 91 12 21 18 69 50 40 67 33 13 17 70 0 56 89 68 84 41 15 62 95 42 63 84 26 59 81 82 43
58 44 91 4 49 47 96 39 75 66 89 92 31 60 22 76 28 52 17 56 73 52 89 50 6 71 19 37 45 92 95 57 89 7 89 32 80 66 17 28 8 32 61 40 23 83 31 41 17 44
49 3 60 90 12 76 52 23 77 81 40 77 48 27 89 15 26 9 12 39 0 35 38 86 78 30 95 20 72 58 21 23 27 44 47 11 51 35 65 93 74 85 79 42 76 54 53 30 99 61
45 70 74 41 0 95 32 91 84 89 94 60 39 39 90 59 98 56 25 25 18 86 58 53 13 84 26 53 14 93 25 44 13 49 35 12 12 73 5 91 96 29 20 36 11 67 94 15 67 45
74 43 96 16 51 97 18 80 24 41 61 42 91 48 49 41 60 83 40 46 38 18 4 33 50 75 10 61 10 98 65 97 66 18 16 42 58 74 16 34 78 43 71 10 94 50 68 8 20 58
52 22 38 27 5 36 17 31 23 19 0 30 58 24 23 97 85 41 53 34 81 14 78 10 37 70 93 97 61 94 0 70 84 5 38 81 97 65 93 65 35 75 14 45 27 31 84 99 11 66
44 51 87 74 69 60 90 40 68 23 10 27 70 36 35 19 46 20 5 58 1 77 32 15 50 22 30 30 15 32 66 11 69 6 17 76 20 33 29 96 61 95 67 67 65 53 76 73 9 12
29 34 58 74 42 47 2 45 37 6 50 65 85 85 44 24 53 59 51 63 20 64 41 67 45 2 73 10 39 68 26 18 19 31 28 14 60 31 72 67 67 79 66 64 82 12 53 51 8 96
91 5 35 76 13 11 36 37 0 13 22 40 36 60 77 67 12 85 53 23 87 93 89 72 42 85 87 72 93 35 65 8 88 70 82 36 44 64 69 77 23 67 28 40 69 77 83 75 96 81
64 8 33 19 49 14 85 49 49 38 7 75 35 18 85 78 55 71 40 78 31 88 6 87 57 39 12 97 0 51 36 44 75 31 94 53 87 9 50 27 92 39 1 69 36 94 3 31 69 18
49 45 55 58 55 25 68 55 95 57 86 73 33 77 70 74 98 57 15 90 1 35 1 92 19 34 6 7 95 92 97 2 0 93 43 1 25 94 97 5 12 57 95 58 0 66 82 47 12 46
