1 10
0 0 1 1 2 2 3 3 4 4 5 6 7 7 8 8 9 9 10 10 11 12 13 14 15 15 16 16 17 18 19 20 21 22 23 23 24 25 25 26 26 27 28 29 30 31 32 33 33 34
35 35 36 36 37 37 38 39 40 40 5 41 42 43 44 44 45 46 46 47 48 12 13 14 49 49 50 51 51 18 19 20 21 22 52 53 24 54 54 55 56 56 28 29 30 31 32 57 57 34
58 59 60 60 61 62 62 39 63 64 65 41 42 43 66 67 67 68 68 47 48 69 69 70 71 72 73 74 75 76 76 77 77 78 52 53 79 79 80 81 81 82 82 83 84 85 86 87 88 89
58 90 91 92 61 93 93 94 95 64 96 97 98 98 66 99 100 100 101 102 102 103 104 70 71 105 73 74 75 106 106 107 108 108 109 109 110 111 80 112 112 113 114 83 84 85 115 87 88 89
116 90 91 92 117 118 118 94 95 119 96 120 120 121 121 122 123 123 101 124 125 125 104 126 127 105 128 128 129 130 130 131 131 132 132 133 110 111 134 135 135 113 136 136 137 138 115 139 140 140
116 141 141 142 142 143 144 145 146 119 147 147 148 149 150 122 151 151 152 153 154 154 155 155 127 156 157 157 129 158 159 160 161 161 162 133 163 163 134 164 164 165 166 166 137 167 168 139 169 170
171 172 173 174 175 143 144 145 146 176 176 177 178 149 150 179 180 181 182 153 183 183 184 185 186 187 187 188 189 158 159 190 191 191 192 192 193 193 194 195 195 196 196 197 197 167 168 198 198 170
171 172 199 174 175 200 200 201 202 203 204 177 178 205 206 207 180 181 182 208 209 210 184 185 211 211 212 188 189 213 214 190 215 216 216 217 218 218 194 219 220 221 222 222 223 223 224 225 226 226
227 228 199 229 230 230 231 201 202 203 232 232 233 205 206 207 234 235 235 236 209 210 237 238 239 239 212 240 241 241 214 242 242 243 243 217 244 244 245 219 220 221 246 247 247 248 249 225 250 250
227 251 252 229 253 253 231 254 254 255 256 256 233 257 258 258 259 260 260 236 261 261 237 238 262 263 264 240 265 265 266 267 268 268 269 269 270 270 245 271 271 272 272 273 274 275 249 276 276 277
278 251 279 279 280 280 281 282 283 284 285 285 286 286 287 288 259 289 289 290 290 291 291 292 262 263 264 293 294 294 266 267 295 296 296 297 297 298 298 299 299 300 300 273 274 275 301 302 302 277
278 303 303 304 305 306 307 282 283 284 308 308 309 309 287 288 310 311 312 312 313 314 314 315 315 316 317 318 318 319 320 320 295 321 321 322 323 323 324 325 326 326 327 327 328 328 301 329 330 330
331 332 333 304 305 334 307 335 336 336 337 338 338 339 340 340 310 311 341 341 313 342 343 343 344 316 345 345 346 346 347 348 349 350 350 322 351 351 324 325 352 352 353 354 354 355 356 356 357 358
331 332 359 359 360 334 361 335 362 362 363 364 365 339 366 367 368 368 369 369 370 342 371 372 344 373 373 374 375 376 347 348 349 377 377 378 379 379 380 381 381 382 383 384 385 386 386 387 387 358
388 389 390 391 391 392 361 393 394 395 363 364 396 396 397 367 398 399 399 400 400 401 371 372 402 403 403 404 375 376 405 406 407 408 409 410 411 411 380 412 413 382 383 384 385 414 415 416 416 417
418 389 390 419 419 420 420 393 394 395 421 422 422 423 397 424 425 425 426 427 428 428 429 430 402 431 432 404 433 434 405 406 407 408 409 410 435 435 436 412 413 437 438 438 439 414 440 440 441 441
418 442 442 443 443 444 444 445 446 446 447 448 449 449 450 424 451 451 426 427 452 452 429 430 453 453 432 454 455 434 456 456 457 457 458 458 459 459 460 461 462 437 463 463 464 465 466 467 468 469
470 470 471 471 472 473 473 445 474 474 447 448 475 475 450 476 477 477 478 479 480 480 481 481 482 482 483 483 455 484 484 485 485 486 486 487 488 489 460 461 462 490 491 491 464 465 466 492 468 469
493 493 494 495 495 496 497 497 498 498 499 499 500 501 502 503 504 505 478 506 507 508 508 509 509 510 510 511 511 512 512 513 513 514 514 515 488 516 517 518 518 519 520 520 521 521 522 492 523 523
524 525 525 526 527 528 529 529 530 531 532 533 500 501 502 503 504 505 534 506 507 535 536 536 537 538 539 539 540 541 542 542 543 544 544 515 545 516 546 546 547 519 548 548 549 549 522 550 551 552
524 553 553 526 527 528 554 554 530 531 532 533 555 556 557 557 558 559 559 560 560 561 562 563 563 538 564 564 540 541 565 566 567 567 568 568 545 569 569 570 547 571 571 572 573 573 574 550 551 552
575 575 576 577 578 579 579 580 580 581 582 582 555 556 583 583 584 585 585 586 586 561 587 587 588 588 589 590 591 591 565 566 592 593 593 594 594 595 595 570 596 596 597 597 598 599 599 600 600 601
602 602 576 577 578 603 604 604 605 581 606 606 607 608 609 610 584 611 612 612 613 614 614 615 616 616 589 590 617 618 618 619 620 620 621 621 622 623 623 624 624 625 625 626 598 627 628 629 629 630
631 631 632 632 633 633 634 634 605 635 635 636 607 608 609 610 637 638 639 640 613 641 642 642 643 643 644 644 617 645 645 619 646 647 647 648 622 649 649 650 651 651 652 626 653 627 628 654 654 630
655 655 656 657 658 658 659 659 660 660 661 662 662 663 664 665 637 638 639 640 666 641 667 668 669 669 670 671 672 672 673 674 646 675 675 648 676 677 677 678 678 679 680 680 653 681 681 682 683 683
684 685 656 657 686 687 688 689 690 690 661 691 692 663 664 665 693 693 694 695 695 696 696 668 697 697 670 698 699 700 673 674 701 701 702 702 676 703 703 704 705 679 706 706 707 707 708 709 710 710
684 685 711 711 686 687 688 712 713 714 715 715 692 716 717 717 718 719 694 720 720 721 722 722 723 724 725 698 699 700 726 727 727 728 729 730 731 731 732 732 705 733 734 735 736 736 708 709 737 738
739 739 740 740 741 742 743 712 713 714 744 745 746 716 747 747 718 719 748 748 749 721 750 750 723 724 725 751 752 752 753 753 754 755 729 730 756 757 758 758 759 733 760 735 761 761 762 762 763 738
764 764 765 766 766 742 743 767 768 768 744 745 769 770 771 772 772 773 774 774 749 775 775 776 777 777 778 751 779 779 780 781 754 755 782 782 783 757 784 784 785 785 760 786 787 787 788 789 763 790
791 792 765 793 793 794 795 767 796 796 797 798 769 770 771 799 799 773 800 800 801 802 803 776 804 804 805 805 806 806 780 781 807 808 808 809 783 810 811 812 812 813 813 814 815 816 816 789 817 817
791 792 818 818 819 819 795 820 821 822 822 798 823 824 825 825 826 827 827 828 828 802 829 829 830 830 831 832 833 833 834 834 835 835 836 809 837 810 811 838 838 839 839 814 840 841 842 842 843 843
844 845 846 847 848 849 850 820 821 851 852 853 854 824 855 855 826 856 856 857 858 858 859 860 860 861 831 832 862 862 863 863 864 864 836 865 866 867 867 868 869 869 870 871 840 872 873 873 874 875
844 845 846 847 848 849 850 876 876 851 852 853 854 877 878 879 880 880 881 857 882 882 883 883 884 885 885 886 886 887 888 888 889 890 891 865 866 892 892 893 893 894 894 871 895 872 896 896 897 875
898 898 899 899 900 900 901 901 902 902 903 904 904 877 878 879 905 905 881 906 907 908 908 909 884 910 911 911 912 912 913 913 889 890 891 914 914 915 916 916 917 917 918 918 919 920 921 922 897 923
924 924 925 925 926 927 928 929 930 931 903 932 933 933 934 935 936 937 937 906 907 938 939 939 940 910 941 941 942 942 943 944 945 946 947 948 948 915 949 950 950 951 952 952 919 953 921 922 954 923
955 956 957 957 926 927 958 929 930 931 959 960 961 961 934 935 936 962 963 964 964 938 965 965 940 966 966 967 967 968 968 944 945 946 947 969 970 970 949 971 972 973 973 974 974 953 975 975 954 976
955 977 977 978 979 980 958 981 982 982 959 960 983 983 984 984 985 985 963 986 987 988 989 989 990 991 992 992 993 993 994 994 995 995 996 969 997 997 998 998 972 999 999 1000 1001 1001 1002 1003 1003 976
1004 1004 1005 978 979 980 1006 1007 1007 1008 1008 1009 1009 1010 1011 1012 1013 1014 1015 986 987 988 1016 1017 990 991 1018 1019 1019 1020 1021 1021 1022 1023 996 1024 1024 1025 1025 1026 1027 1027 1028 1028 1029 1030 1002 1031 1032 1033
1034 1035 1005 1036 1037 1038 1038 1039 1040 1041 1042 1042 1043 1010 1011 1012 1013 1014 1015 1044 1045 1045 1016 1017 1046 1047 1047 1048 1049 1049 1050 1051 1052 1023 1053 1054 1055 1056 1057 1026 1058 1058 1059 1059 1029 1060 1060 1031 1032 1033
1034 1035 1061 1036 1062 1063 1063 1039 1040 1041 1064 1064 1065 1066 1066 1067 1067 1068 1069 1069 1070 1071 1072 1072 1073 1074 1074 1048 1075 1075 1076 1051 1052 1077 1053 1054 1055 1056 1078 1078 1079 1079 1080 1081 1081 1082 1083 1083 1084 1085
1086 1086 1061 1087 1062 1088 1089 1089 1090 1090 1091 1091 1065 1092 1093 1093 1094 1068 1095 1096 1097 1071 1098 1098 1073 1099 1100 1101 1101 1102 1076 1103 1104 1077 1105 1106 1106 1107 1108 1109 1110 1111 1112 1112 1113 1082 1114 1115 1084 1085
1116 1117 1118 1118 1119 1120 1120 1121 1121 1122 1122 1123 1124 1092 1125 1125 1094 1126 1095 1096 1097 1127 1128 1128 1129 1129 1100 1130 1131 1132 1133 1103 1104 1134 1135 1135 1136 1107 1108 1109 1110 1111 1137 1137 1138 1138 1114 1115 1139 1139
1116 1117 1140 1140 1119 1141 1142 1143 1144 1145 1145 1123 1124 1146 1147 1148 1149 1126 1150 1150 1151 1151 1152 1152 1153 1154 1154 1155 1131 1132 1133 1156 1156 1134 1157 1157 1136 1158 1159 1160 1160 1161 1161 1162 1162 1163 1163 1164 1165 1166
1167 1168 1168 1169 1169 1141 1142 1143 1144 1170 1170 1171 1171 1146 1147 1148 1149 1172 1172 1173 1174 1175 1176 1176 1153 1177 1177 1155 1178 1179 1179 1180 1181 1182 1183 1184 1184 1158 1185 1186 1187 1187 1188 1189 1189 1190 1191 1164 1165 1192
1193 1193 1194 1194 1195 1196 1197 1198 1199 1200 1201 1202 1202 1203 1204 1205 1206 1206 1207 1173 1174 1175 1208 1208 1209 1210 1210 1211 1178 1212 1212 1180 1181 1182 1183 1213 1214 1215 1185 1216 1217 1218 1188 1219 1219 1190 1191 1220 1220 1192
1221 1221 1222 1223 1195 1224 1197 1198 1199 1200 1201 1225 1225 1203 1204 1226 1227 1227 1228 1229 1230 1230 1231 1231 1209 1232 1233 1211 1234 1234 1235 1235 1236 1237 1238 1213 1214 1239 1239 1216 1217 1240 1240 1241 1242 1243 1244 1245 1246 1246
1247 1248 1222 1223 1249 1224 1250 1250 1251 1251 1252 1253 1253 1254 1254 1226 1255 1255 1228 1229 1256 1257 1257 1258 1258 1232 1259 1260 1261 1262 1262 1263 1236 1237 1264 1265 1265 1266 1267 1267 1268 1268 1269 1269 1242 1243 1244 1245 1270 1270
1247 1271 1271 1272 1249 1273 1274 1275 1276 1276 1252 1277 1277 1278 1279 1280 1281 1281 1282 1282 1256 1283 1283 1284 1284 1285 1259 1260 1261 1286 1287 1288 1288 1289 1264 1290 1291 1291 1292 1293 1293 1294 1295 1295 1296 1297 1297 1298 1298 1299
1300 1300 1301 1302 1302 1273 1274 1275 1303 1304 1305 1306 1307 1278 1279 1308 1309 1310 1311 1311 1312 1313 1314 1314 1315 1316 1317 1318 1319 1286 1320 1321 1322 1323 1324 1324 1325 1326 1326 1327 1327 1294 1328 1329 1296 1330 1331 1332 1333 1299
1334 1334 1301 1335 1336 1336 1337 1337 1303 1304 1305 1306 1307 1338 1338 1308 1309 1310 1339 1339 1312 1313 1340 1340 1315 1316 1317 1318 1319 1341 1320 1321 1322 1323 1342 1342 1325 1343 1343 1344 1344 1345 1328 1329 1346 1330 1331 1332 1333 1347
77 29 48 11 55 91 31 12 8 83 58 37 10 53 72 1 74 21 43 49 49 69 89 54 53 26 5 40 47 15 17 41 51 99 96 4 5 69 92 43 28 31 46 33 75 8 73 37 31 2
75 71 80 87 54 69 71 98 24 2 77 43 74 4 21 54 45 8 41 89 37 85 52 85 67 46 72 31 47 53 27 98 5 77 80 17 79 61 32 4 3 90 49 72 37 58 51 20 6 97
79 34 49 23 57 16 43 98 94 70 8 26 43 11 27 62 5 78 0 12 17 73 77 64 58 6 67 29 65 52 76 90 14 99 81 14 39 13 80 66 57 61 71 70 95 3 26 97 45 61
61 23 32 27 53 65 35 32 15 34 36 52 53 48 66 38 10 2 48 97 0 21 79 88 97 92 44 29 87 37 15 49 69 9 61 47 73 25 24 62 70 34 54 82 1 99 96 48 61 47
33 65 79 63 56 99 92 9 50 9 53 1 24 58 74 72 76 17 2 68 94 78 54 63 16 3 81 61 15 80 52 87 42 60 73 8 8 68 44 88 34 7 79 35 26 82 86 99 20 34
58 17 76 7 7 17 80 35 60 78 94 72 43 39 2 10 0 94 73 30 92 55 26 63 20 34 1 93 74 29 13 21 46 48 59 82 24 83 3 29 45 47 52 88 47 70 81 88 86 64
56 97 90 24 20 11 66 35 67 8 24 94 27 5 64 47 69 79 73 18 58 42 3 84 8 97 41 51 9 46 83 30 55 27 62 3 24 41 89 47 44 44 25 27 3 28 41 51 65 2
65 63 28 18 86 46 11 41 31 88 20 54 42 70 6 11 17 80 25 63 61 48 22 4 75 31 2 84 62 21 29 5 26 5 57 98 64 63 90 96 47 99 79 53 9 27 46 88 75 44
26 71 23 75 26 83 86 14 23 83 0 47 79 59 14 48 34 45 30 5 33 60 9 79 55 66 52 0 92 92 78 55 83 92 89 76 97 69 73 61 84 1 6 11 72 73 4 60 21 21
80 31 69 93 18 48 88 71 46 60 72 95 28 75 48 96 4 36 57 78 73 31 41 93 27 40 69 85 67 75 37 14 1 92 6 50 78 72 50 40 85 28 30 14 73 89 27 34 66 95
87 91 81 5 24 5 69 59 89 44 34 9 4 43 20 10 6 64 40 94 82 19 85 23 5 28 5 30 17 25 75 78 11 36 70 37 2 96 8 46 49 68 38 54 45 24 63 30 86 97
27 83 35 13 53 52 43 85 48 25 40 82 49 69 59 93 42 43 77 21 9 12 25 10 11 31 73 98 32 63 95 33 99 0 79 9 45 60 8 66 86 43 35 0 55 32 68 4 41 42
71 5 62 41 46 4 57 65 4 50 22 61 8 77 74 23 46 61 57 2 33 82 61 16 42 97 75 57 58 94 60 12 1 4 6 86 5 14 39 51 39 92 92 56 43 11 21 65 54 9
60 75 57 68 64 79 81 88 92 56 75 4 25 68 62 20 31 78 87 78 42 89 57 83 24 56 28 16 36 62 30 34 14 16 13 98 38 99 9 92 0 58 96 21 75 7 58 9 85 78
33 65 98 99 83 29 87 84 32 73 7 74 37 22 10 92 49 42 91 89 58 45 77 19 20 42 82 62 31 86 81 10 25 51 58 34 19 97 77 64 7 69 84 94 27 86 91 66 12 85
74 97 50 22 4 61 69 74 75 9 57 51 97 11 69 79 52 28 56 83 80 46 14 62 92 98 89 21 68 94 77 1 83 38 7 48 91 67 46 43 81 45 61 32 6 7 63 83 22 35
6 36 15 7 63 92 14 83 96 97 6 75 0 30 38 73 82 5 33 75 92 75 18 54 31 99 37 90 2 82 72 77 0 82 64 35 45 91 20 64 84 21 69 52 57 71 23 55 14 66
81 13 49 13 51 63 50 74 61 83 62 18 9 25 75 93 38 4 34 15 88 37 21 28 78 84 63 56 39 17 81 38 9 87 7 17 41 89 27 22 74 92 60 21 58 89 22 71 13 7
4 8 23 92 4 4 55 67 39 73 80 50 7 64 57 69 7 86 24 10 21 41 79 50 69 41 22 28 5 52 62 41 78 32 79 2 0 56 19 84 81 64 10 75 37 89 81 99 16 2
38 0 71 11 64 52 55 64 59 80 60 83 86 75 49 21 88 2 8 16 37 36 71 50 73 58 24 36 42 9 76 31 4 42 90 38 64 40 69 65 72 89 72 86 34 85 92 5 43 20
31 1 36 13 3 76 9 24 73 82 84 35 22 23 22 49 4 45 37 34 74 4 57 12 64 24 8 77 15 12 21 57 87 24 28 73 77 41 52 47 20 66 93 10 74 88 60 25 28 49
20 24 88 88 66 85 72 31 3 52 92 53 10 86 24 57 23 77 22 95 35 59 42 51 48 52 64 71 37 15 13 34 8 70 89 6 60 58 41 15 30 89 69 14 79 39 74 83 0 99
71 5 8 92 97 42 83 88 6 68 68 12 17 73 88 55 17 79 83 18 86 91 93 1 59 82 20 84 53 44 76 12 31 60 10 57 11 14 64 81 78 53 87 48 47 64 87 94 65 41
76 37 34 56 54 15 4 78 10 36 82 15 37 63 71 93 97 66 41 64 16 63 79 41 31 53 37 11 55 31 7 29 68 43 63 10 47 50 81 61 6 89 77 30 63 94 51 78 27 81
94 46 83 10 44 49 80 73 78 75 73 57 50 61 12 15 81 55 16 75 51 5 39 15 87 74 43 32 52 52 21 28 56 66 18 60 62 51 73 88 57 92 20 16 5 90 9 92 22 25
16 75 24 26 81 68 91 18 80 51 10 82 83 27 87 13 75 84 84 34 33 86 60 45 69 34 87 57 87 41 65 63 90 46 63 86 94 76 96 68 7 94 3 86 34 26 23 83 73 83
66 15 89 2 10 46 89 38 99 75 8 36 57 4 28 10 27 29 98 91 71 73 33 21 94 67 98 63 60 82 46 12 55 93 86 56 93 37 66 77 51 15 8 95 96 5 33 46 31 69
83 73 16 19 63 21 12 46 33 56 10 78 41 21 96 87 23 64 43 4 92 82 64 33 25 95 49 86 59 82 37 51 47 67 85 15 84 95 19 74 19 46 92 2 30 31 6 11 86 58
35 30 93 42 84 37 76 38 0 16 10 84 8 54 83 97 6 49 91 30 79 79 59 82 18 31 45 93 41 14 42 58 6 57 75 79 45 28 69 14 55 26 65 29 61 83 30 57 8 86
87 51 42 46 71 17 5 42 46 84 25 11 42 78 96 53 14 25 4 45 88 42 48 18 34 83 21 33 0 36 30 23 5 73 92 27 88 10 47 46 15 27 68 11 41 62 56 44 40 52
31 20 67 64 26 8 20 28 78 87 55 20 98 9 13 76 22 74 48 88 6 30 79 67 78 13 94 62 27 94 93 99 29 98 18 1 19 68 22 65 53 83 24 87 21 18 85 43 61 98
43 49 2 32 93 5 36 23 1 79 77 34 13 5 12 89 33 16 49 7 1 30 28 72 81 31 20 76 5 29 94 92 84 73 95 5 99 19 75 86 56 49 22 44 38 91 63 78 91 84
70 12 10 68 33 24 18 21 74 62 88 31 33 20 85 91 4 7 35 11 30 41 9 4 31 81 45 25 42 29 19 77 20 31 21 11 67 53 78 62 73 70 83 65 9 44 66 31 12 89
36 66 91 30 91 42 84 39 57 7 33 45 7 73 65 82 44 56 29 93 4 69 89 85 51 29 4 59 65 6 83 33 5 96 40 33 60 71 74 0 88 53 21 12 64 60 9 47 78 85
54 75 78 51 29 10 74 44 34 94 88 26 66 63 76 12 47 33 6 26 13 83 92 97 74 49 5 14 87 82 82 6 49 51 51 31 46 31 0 46 92 10 30 93 45 73 46 86 8 80
7 66 51 9 45 54 34 82 96 54 14 40 94 15 40 39 17 52 93 43 7 62 3 47 66 9 30 22 45 95 84 89 62 1 7 63 29 80 95 51 99 58 46 71 91 5 92 89 0 39
93 72 89 51 94 52 60 48 35 97 61 53 69 64 20 37 5 45 81 60 95 15 96 67 57 94 32 76 27 5 9 90 17 30 58 19 35 25 74 90 21 80 68 83 10 46 65 72 71 78
0 25 71 14 76 17 81 6 5 32 7 81 79 41 82 80 35 1 44 76 73 23 19 17 8 98 42 60 17 67 39 6 40 68 57 95 95 0 42 21 14 44 64 11 24 69 81 96 35 96
6 94 56 18 87 6 56 46 64 18 30 30 11 42 36 25 66 80 46 36 78 52 53 94 67 21 45 62 75 99 76 50 39 88 76 1 35 91 95 96 71 41 22 76 70 84 64 61 44 65
21 4 41 6 60 35 41 16 18 67 77 53 30 99 3 60 84 20 48 41 57 31 52 38 69 46 29 29 67 63 67 36 74 53 25 45 75 16 78 14 7 97 7 82 50 77 68 76 82 81
4 84 76 52 3 14 99 5 38 49 31 61 48 47 1 88 36 63 2 6 74 26 61 40 61 44 37 93 0 12 43 9 57 84 0 36 32 60 46 0 62 70 74 73 25 42 67 68 19 89
22 92 71 8 90 25 81 56 23 41 29 99 96 41 87 74 79 66 83 4 12 89 35 72 41 81 1 32 88 68 3 88 37 70 73 62 87 4 56 27 10 73 66 76 57 48 18 83 33 57
52 48 83 39 52 96 69 53 9 12 29 33 78 32 80 23 79 99 31 12 68 37 93 54 53 18 20 80 23 30 18 79 28 57 1 28 94 67 90 91 38 60 56 13 35 98 93 99 68 55
31 76 9 12 75 90 30 67 76 40 33 15 72 11 86 3 51 87 36 71 93 16 76 94 44 16 43 67 40 98 31 14 44 89 15 80 56 46 73 61 1 48 95 47 35 36 85 8 59 15
61 63 72 47 71 36 13 4 79 24 47 97 37 89 45 99 40 74 14 76 84 0 66 32 90 16 19 14 45 32 51 9 32 1 4 16 82 51 20 88 68 85 60 57 21 83 24 21 18 94
2 97 50 55 77 88 65 30 37 53 44 43 79 65 90 9 36 51 46 59 64 62 43 73 1 74 98 86 33 20 12 66 71 69 25 65 69 63 98 54 82 88 69 12 95 70 68 55 90 98
23 78 26 99 58 92 9 19 88 48 47 48 12 35 49 50 36 47 61 61 23 51 31 10 68 44 41 12 67 18 58 63 40 70 70 34 56 88 81 51 42 28 8 88 5 47 41 35 7 92
23 2 94 55 54 0 89 35 93 80 89 97 16 73 70 11 49 75 81 32 25 89 66 57 51 95 7 35 5 66 67 65 92 10 23 30 20 96 61 88 33 51 95 69 78 18 85 29 2 14
32 58 36 0 74 89 53 53 26 19 29 45 42 25 16 58 67 74 7 52 89 19 81 79 79 32 88 53 6 54 7 73 29 72 80 66 27 31 39 24 79 16 57 4 63 6 34 89 86 7
62 89 91 98 4 12 55 58 16 19 20 10 82 28 40 2 33 79 3 72 1 88 7 2 5 76 51 29 68 55 8 92 53 34 47 93 44 79 8 82 97 66 82 24 19 35 11 38 53 99
