44 34
0 1 2 3 3 4 4 5 6 6 7 7 8 9 10 11 12 13 14 15 15 16 16 17 18 18 19 19 20 20 21 21 22 22 23 24 24 25 26 26 27 27 28 29 29 30 31 31 32 32
0 33 2 34 34 35 35 5 36 37 38 39 40 9 41 11 12 13 42 42 43 44 45 46 46 47 47 48 48 49 50 50 51 52 23 53 54 55 56 56 57 58 58 59 59 30 60 61 62 62
63 33 64 64 65 66 66 67 67 37 38 39 40 68 41 69 70 70 71 71 43 44 72 73 74 75 75 76 77 49 78 79 80 52 81 53 82 55 83 84 57 85 85 86 86 87 60 88 89 89
90 91 91 92 65 93 94 95 95 96 96 97 98 98 99 100 101 102 102 103 103 104 72 73 105 105 106 76 77 107 107 79 80 108 108 109 82 110 83 111 112 113 113 114 114 115 115 88 116 116
90 117 118 92 119 93 120 121 122 123 124 125 125 126 99 100 127 127 128 129 129 104 130 131 131 132 133 133 134 134 135 136 136 137 137 109 138 138 139 111 112 140 141 141 142 142 143 144 144 145
146 117 118 147 119 148 120 121 149 123 124 150 150 126 151 151 152 152 128 153 153 154 130 155 155 156 156 157 158 159 135 160 161 162 162 163 164 164 165 165 166 166 167 168 168 169 170 170 171 145
172 173 174 175 175 176 176 177 149 178 178 179 180 180 181 182 182 183 184 184 185 154 186 186 187 188 188 157 158 159 189 160 190 190 191 191 192 192 193 193 194 194 195 196 197 198 198 199 171 200
172 173 174 201 202 202 203 177 204 205 205 206 206 207 208 209 209 183 210 211 211 212 213 213 187 214 214 215 215 216 189 217 218 218 219 219 220 220 221 221 222 223 195 224 197 225 225 226 226 200
227 227 228 228 229 230 230 231 231 232 232 233 234 207 208 235 236 237 210 238 238 239 240 241 241 242 243 244 245 245 246 246 247 247 248 249 250 250 251 252 222 253 254 224 255 255 256 257 258 258
259 259 260 261 262 262 263 264 264 265 265 233 266 266 267 267 236 237 268 269 269 239 240 270 270 242 243 244 271 271 272 273 273 274 248 275 276 276 251 277 278 253 279 279 280 280 281 257 282 282
283 283 260 261 284 284 285 286 287 287 288 288 289 290 290 291 291 292 293 294 295 295 296 296 297 298 298 299 300 301 301 302 302 303 304 275 305 306 307 277 308 308 309 310 310 311 281 312 313 313
314 315 316 316 317 317 285 318 318 319 320 321 322 323 323 324 325 325 293 294 326 327 328 329 330 330 331 331 300 332 332 333 334 303 335 335 305 306 307 336 336 337 338 339 340 311 341 312 342 342
314 315 343 343 344 345 345 346 346 319 320 321 322 347 347 324 348 349 350 350 326 327 328 329 351 352 353 353 354 355 355 356 334 357 357 358 359 360 360 361 362 363 338 339 340 364 364 365 366 366
367 367 368 368 344 369 369 370 371 372 373 374 375 375 376 376 348 349 377 378 378 379 380 380 351 352 381 381 354 382 382 356 383 383 384 385 359 386 387 387 362 363 388 389 390 391 391 392 393 393
394 394 395 395 396 396 397 397 371 398 373 374 399 400 401 401 402 403 404 405 406 407 407 408 409 409 410 410 411 412 412 413 414 415 416 385 417 417 418 418 419 420 388 389 421 422 422 392 423 424
425 426 426 427 428 429 429 430 430 398 431 431 399 400 432 432 402 403 404 405 433 433 434 408 435 435 436 436 437 438 438 413 414 415 416 439 439 440 441 441 419 420 442 443 421 444 445 445 423 424
446 446 447 448 428 449 449 450 451 452 453 453 454 455 455 456 457 457 458 459 460 460 461 462 463 463 464 464 437 465 465 466 466 467 467 468 469 440 470 470 471 471 442 443 472 444 473 473 474 475
476 477 477 448 478 478 479 450 451 480 481 481 454 482 482 456 483 483 458 459 484 484 461 462 485 485 486 487 487 488 488 489 489 490 490 468 469 491 492 493 493 494 495 495 496 497 498 499 474 475
476 500 501 501 502 502 479 503 503 480 504 505 505 506 507 508 509 509 510 511 511 512 513 514 514 515 516 517 517 518 519 520 520 521 521 522 522 491 492 523 523 494 524 524 496 497 498 499 525 525
526 500 527 527 528 528 529 529 530 531 531 532 533 506 507 508 534 534 510 535 536 512 513 537 538 515 516 539 539 518 519 540 541 541 542 542 543 543 544 545 545 546 546 547 547 548 548 549 550 551
526 552 553 553 554 555 555 556 557 557 558 532 533 559 560 561 561 562 563 564 536 565 566 537 567 567 568 568 569 569 570 571 572 572 573 574 575 575 544 576 577 577 578 579 580 580 581 549 550 551
582 552 583 584 554 585 586 587 587 588 558 589 590 559 560 591 592 562 563 564 593 565 594 595 596 596 597 598 598 599 599 571 600 601 573 602 603 604 604 576 605 606 578 579 607 607 581 608 608 609
610 611 583 612 613 585 586 614 614 588 615 589 590 616 616 591 592 617 617 618 619 619 594 595 620 621 597 622 622 623 623 624 600 601 625 602 626 626 627 628 605 606 629 629 630 631 631 632 632 633
610 634 634 612 635 636 636 637 637 638 638 639 639 640 640 641 641 642 643 643 644 644 645 645 620 646 647 648 649 649 650 650 651 651 652 653 654 654 627 628 655 655 656 657 630 658 658 659 659 633
660 661 661 662 635 663 664 664 665 665 666 666 667 668 668 669 670 671 672 672 673 674 675 676 676 646 647 648 677 677 678 678 679 679 652 653 680 681 681 682 683 683 656 657 684 685 685 686 687 687
660 688 689 662 690 691 691 692 693 694 694 695 695 696 696 669 670 671 697 698 698 674 675 699 699 700 701 701 702 702 703 703 704 704 705 705 680 706 706 707 707 708 708 709 684 710 711 686 712 712
713 688 714 715 690 716 717 717 693 718 719 720 720 721 722 723 723 724 697 725 726 727 728 729 729 730 730 731 731 732 732 733 733 734 734 735 736 736 737 737 738 739 740 709 741 710 711 742 742 743
713 744 714 715 745 716 746 747 747 718 748 749 750 750 722 751 751 752 752 725 726 727 728 753 754 755 755 756 757 758 758 759 760 761 761 735 762 763 764 765 738 739 766 766 767 767 768 769 769 743
770 744 771 772 773 773 746 774 775 775 748 749 776 777 778 779 779 780 781 782 783 784 785 753 754 786 787 756 788 789 789 759 760 790 790 791 791 763 764 765 792 793 793 794 794 795 768 796 796 797
798 798 771 799 799 800 801 802 802 803 804 804 776 777 778 805 806 806 781 782 783 784 807 807 808 786 809 809 788 810 810 811 812 813 814 814 815 815 816 817 817 818 818 819 819 820 821 821 822 822
823 824 825 826 827 800 801 828 828 803 829 830 830 831 831 805 832 832 833 834 835 835 836 837 808 838 839 839 840 841 841 811 812 842 842 843 844 845 816 846 846 847 847 848 849 820 850 850 851 852
823 824 825 826 827 853 853 854 854 855 855 856 857 858 859 860 861 862 833 863 864 865 836 837 866 838 867 868 869 870 871 871 872 872 873 873 844 845 874 875 875 876 876 848 849 877 878 878 851 852
879 880 881 881 882 882 883 884 884 885 885 856 857 858 859 860 886 862 887 863 864 865 888 888 866 889 867 868 869 890 890 891 891 892 892 893 894 894 895 895 896 897 898 898 899 899 900 901 901 902
879 880 903 904 905 906 883 907 908 909 909 910 911 912 912 913 886 914 887 915 916 916 917 917 918 889 919 920 920 921 921 922 923 924 924 893 925 926 927 927 928 897 929 929 930 931 931 932 932 933
934 935 903 904 905 906 936 936 908 937 937 910 938 938 939 913 940 941 942 943 944 945 946 946 918 947 948 949 949 950 950 922 923 951 951 952 925 926 953 953 928 954 954 955 930 956 957 958 958 933
934 935 959 960 960 961 962 962 963 963 964 964 965 965 966 967 940 941 942 943 944 945 968 969 970 970 948 971 972 972 973 974 975 975 976 977 977 978 979 979 980 981 981 982 983 956 957 984 985 986
987 988 988 989 990 990 991 992 993 993 994 995 995 996 966 967 997 998 999 1000 1001 1001 968 1002 1003 1004 1004 1005 1005 1006 1007 974 1008 1009 1009 1010 1011 1011 1012 1013 980 1014 1014 982 1015 1015 1016 1016 985 986
1017 1018 1019 1019 1020 1021 1021 992 1022 1022 994 1023 1023 1024 1024 1025 997 998 999 1000 1026 1026 1027 1002 1028 1029 1030 1031 1032 1006 1007 1033 1034 1034 1035 1035 1036 1036 1012 1013 1037 1038 1038 1039 1040 1041 1041 1042 1043 1043
1017 1018 1044 1045 1045 1046 1047 1047 1048 1049 1050 1051 1052 1052 1053 1053 1054 1054 1055 1056 1056 1057 1058 1058 1028 1029 1030 1031 1059 1060 1061 1062 1062 1063 1064 1064 1065 1066 1066 1067 1068 1068 1069 1039 1040 1070 1070 1042 1071 1071
1072 1073 1044 1074 1075 1046 1076 1076 1048 1049 1050 1051 1077 1077 1078 1078 1079 1079 1080 1080 1081 1082 1083 1084 1085 1086 1087 1088 1059 1060 1061 1089 1090 1063 1091 1092 1065 1093 1093 1094 1094 1095 1069 1096 1096 1097 1098 1099 1100 1100
1072 1101 1101 1074 1075 1102 1103 1103 1104 1104 1105 1106 1107 1107 1108 1108 1109 1110 1111 1111 1081 1082 1112 1084 1085 1086 1087 1088 1113 1113 1114 1114 1090 1115 1115 1092 1116 1116 1117 1117 1118 1095 1119 1120 1121 1122 1098 1099 1123 1123
1124 1124 1125 1126 1126 1102 1127 1127 1128 1128 1105 1129 1130 1131 1131 1132 1109 1133 1134 1134 1135 1135 1112 1136 1137 1138 1139 1139 1140 1140 1141 1141 1142 1142 1143 1143 1144 1145 1145 1146 1147 1147 1119 1120 1121 1122 1148 1148 1149 1150
1151 1151 1125 1152 1153 1154 1155 1156 1157 1157 1158 1129 1130 1159 1159 1160 1160 1133 1161 1161 1162 1163 1164 1164 1137 1138 1165 1166 1167 1168 1169 1169 1170 1170 1171 1172 1172 1173 1174 1175 1175 1176 1177 1178 1178 1179 1180 1181 1149 1150
1182 1182 1183 1152 1153 1154 1155 1184 1184 1185 1186 1187 1188 1188 1189 1190 1190 1191 1191 1192 1162 1193 1193 1194 1194 1195 1165 1166 1167 1168 1196 1197 1197 1198 1199 1199 1200 1173 1174 1201 1202 1202 1177 1203 1204 1179 1205 1181 1206 1206
1207 1208 1183 1209 1210 1211 1212 1212 1213 1214 1186 1187 1215 1216 1189 1217 1217 1218 1219 1192 1220 1221 1222 1223 1223 1195 1224 1225 1226 1226 1196 1227 1228 1228 1229 1229 1200 1230 1230 1201 1231 1231 1232 1203 1204 1233 1205 1234 1235 1236
1237 1208 1238 1209 1239 1211 1240 1241 1242 1214 1243 1244 1244 1216 1245 1246 1247 1218 1219 1248 1248 1221 1222 1249 1250 1251 1251 1225 1252 1252 1253 1254 1254 1255 1256 1256 1257 1258 1259 1259 1260 1261 1232 1262 1263 1233 1264 1234 1235 1236
1237 1265 1265 1266 1239 1267 1268 1241 1242 1269 1243 1270 1270 1271 1271 1246 1247 1272 1272 1273 1273 1274 1274 1249 1250 1275 1276 1276 1277 1278 1278 1279 1279 1280 1281 1282 1257 1258 1283 1283 1260 1284 1285 1286 1263 1287 1288 1289 1290 1291
1292 1292 1293 1294 1295 1296 1268 1297 1297 1298 1298 1299 1300 1300 1301 1301 1302 1303 1304 1305 1306 1306 1307 1307 1308 1275 1309 1309 1277 1310 1311 1311 1312 1280 1281 1282 1313 1313 1314 1314 1315 1284 1285 1286 1316 1287 1288 1289 1290 1291
1317 1318 1318 1294 1319 1296 1320 1320 1321 1322 1322 1323 1323 1324 1325 1325 1302 1303 1304 1305 1326 1327 1327 1328 1328 1329 1330 1331 1331 1310 1332 1333 1312 1334 1334 1335 1335 1336 1337 1338 1338 1339 1340 1340 1316 1341 1342 1343 1344 1344
1345 1345 1346 1346 1319 1347 1347 1348 1348 1349 1349 1350 1350 1324 1351 1351 1352 1353 1353 1354 1354 1355 1355 1356 1356 1329 1357 1357 1358 1358 1332 1333 1359 1360 1360 1361 1361 1336 1337 1362 1362 1363 1363 1364 1364 1341 1342 1343 1365 1365
69 75 58 21 13 70 51 57 91 18 19 46 16 88 68 74 82 10 92 57 21 43 36 91 62 42 87 76 41 88 95 85 60 71 36 9 80 18 80 47 98 15 17 1 19 80 72 23 67 85
1 24 17 49 54 21 51 75 88 13 60 79 17 19 64 44 38 9 38 68 2 83 20 42 71 47 23 57 74 59 76 43 74 36 13 62 21 23 25 4 91 97 34 4 20 42 7 17 27 75
39 36 61 84 53 63 18 22 11 62 36 78 61 6 31 77 10 69 72 98 77 55 88 22 0 67 12 1 56 40 62 10 45 62 59 13 59 26 40 85 39 14 26 42 45 35 21 36 65 65
57 13 85 53 72 90 53 36 89 90 35 69 49 6 89 28 46 95 63 25 34 0 93 83 39 41 52 49 35 82 29 54 32 57 23 85 35 25 12 21 74 13 39 63 15 34 27 96 17 59
66 5 3 25 7 30 49 82 75 76 43 70 6 9 2 88 40 22 93 30 13 56 49 48 52 30 34 81 29 72 29 22 16 33 74 59 57 0 81 98 82 88 26 62 40 98 65 20 57 60
53 21 64 99 43 27 73 15 43 43 21 27 68 90 98 87 71 71 75 71 82 56 84 43 55 70 65 21 86 52 11 78 46 61 47 26 70 58 70 82 52 12 55 61 59 82 54 86 54 52
44 56 45 42 72 35 19 66 95 60 82 12 47 10 10 21 84 22 95 92 51 9 96 18 80 11 46 79 27 2 78 90 21 6 8 5 53 40 17 92 34 42 73 61 19 77 93 90 81 67
64 38 5 65 60 52 68 21 21 40 33 69 49 71 63 46 18 84 23 56 84 92 19 12 65 70 26 38 19 73 27 86 48 94 97 11 68 2 9 18 27 76 71 10 97 59 56 28 35 67
52 92 7 40 27 75 79 86 26 34 66 12 79 26 59 78 52 55 20 55 9 61 87 64 95 67 58 17 18 97 37 56 72 64 66 99 34 95 0 97 93 19 31 13 4 68 90 61 97 16
59 60 27 48 35 42 75 19 96 63 57 87 22 40 1 34 60 99 70 50 29 21 25 17 18 83 22 79 7 84 23 96 58 71 51 41 25 94 94 84 0 56 67 57 28 35 64 71 43 36
48 51 4 13 57 94 88 96 69 82 46 63 4 49 24 91 43 66 96 86 46 4 71 77 5 93 70 21 53 99 88 25 67 74 41 8 69 8 2 39 92 51 77 63 91 10 76 93 44 75
85 88 60 55 14 26 24 27 40 41 42 71 94 39 61 53 36 64 35 91 32 62 77 6 20 59 1 76 49 22 69 14 48 71 85 81 2 68 96 4 60 91 64 74 47 76 86 33 10 69
22 43 30 38 91 49 12 8 92 87 19 14 4 51 48 58 84 22 11 57 70 96 21 42 22 81 56 98 74 31 16 30 95 79 6 34 43 43 69 50 96 30 59 87 38 66 93 14 30 32
30 43 90 21 11 14 55 40 11 7 38 59 29 80 44 87 31 81 13 0 83 15 35 88 10 28 74 71 37 55 40 38 1 63 60 63 80 54 37 85 32 61 26 94 29 21 99 64 32 68
5 31 49 52 47 48 93 23 21 36 89 86 30 22 1 22 72 46 58 31 94 98 9 84 97 40 58 83 6 5 34 73 98 34 77 54 44 10 51 92 27 40 43 49 10 34 50 43 56 45
71 19 9 9 76 1 25 35 43 99 49 42 28 61 9 33 42 44 15 88 11 53 84 80 60 91 25 56 95 23 77 16 58 10 24 50 29 67 86 81 18 45 68 88 41 53 76 18 18 68
77 13 30 23 85 69 2 27 41 69 78 56 6 53 77 37 4 54 11 90 74 74 22 70 17 11 54 79 13 72 69 87 71 35 98 46 12 12 51 83 11 86 78 94 19 39 84 1 85 21
6 12 20 32 36 81 49 28 13 20 10 59 41 2 3 38 2 97 93 42 33 92 57 42 98 6 46 3 26 32 68 92 26 19 87 80 34 28 71 10 47 74 88 76 16 25 48 97 19 69
38 74 27 69 69 84 99 36 7 76 61 94 98 65 72 81 18 50 73 31 85 77 77 76 34 6 58 56 45 25 70 62 71 83 98 83 31 57 57 86 38 71 22 82 12 48 92 95 34 53
82 6 14 58 85 63 23 12 79 40 72 75 8 37 99 62 46 72 96 5 93 30 67 87 59 76 15 8 24 56 70 4 84 46 27 57 55 94 57 78 50 79 41 30 69 50 55 0 96 52
60 41 63 77 33 88 45 69 51 97 53 75 21 4 59 38 39 38 21 48 81 76 10 44 72 38 41 22 85 61 86 69 2 96 70 79 66 42 52 64 14 15 65 34 47 97 17 28 13 4
4 59 38 21 50 49 31 60 6 1 67 66 89 24 51 16 36 84 42 66 96 32 27 42 70 59 65 61 35 9 56 36 18 42 53 71 46 41 89 39 62 13 91 75 51 23 99 83 63 88
13 45 87 14 12 50 80 89 15 23 95 97 54 69 40 22 56 72 53 72 80 78 39 56 38 65 92 12 76 51 92 11 97 40 11 26 65 67 29 63 6 98 19 93 66 7 86 62 68 56
52 93 72 75 43 83 84 88 55 58 32 89 84 5 35 94 65 6 90 43 43 6 72 5 87 47 74 49 7 18 74 71 29 55 78 22 24 70 53 32 17 34 78 71 19 40 10 52 27 46
80 71 49 18 32 50 50 38 15 67 16 45 43 31 73 21 14 2 82 28 98 34 23 16 81 5 43 42 37 76 34 80 61 30 16 48 91 59 42 5 43 71 48 56 18 7 7 4 83 60
38 19 93 80 5 9 38 90 68 28 74 8 30 14 71 13 65 10 71 33 50 1 12 42 12 40 43 40 21 65 81 61 59 39 67 28 84 22 65 71 69 62 46 72 86 12 25 58 20 67
74 27 39 90 30 96 57 29 6 38 64 26 90 11 24 15 82 1 36 95 32 16 18 4 53 21 38 74 6 23 94 37 44 27 43 80 93 40 88 41 25 91 56 16 19 50 42 67 75 81
57 85 85 32 49 48 64 84 64 2 92 42 18 89 23 65 91 59 29 63 61 13 1 43 69 58 43 23 68 36 44 39 48 97 75 84 95 16 4 48 85 59 22 74 4 75 64 63 8 41
47 47 61 27 31 45 77 49 3 29 12 87 22 22 84 62 71 64 22 21 67 40 41 65 32 46 20 95 34 13 35 11 30 82 67 37 9 38 69 64 92 16 31 6 17 20 32 47 22 46
77 82 39 70 5 64 57 44 59 21 25 50 36 85 64 56 33 25 11 97 83 73 20 51 30 49 72 40 69 33 61 67 58 36 84 99 27 61 49 80 94 56 86 56 76 86 33 61 10 80
82 33 80 59 73 12 62 97 35 6 91 69 77 82 5 43 26 25 84 60 41 62 7 43 3 2 3 14 71 40 88 8 86 78 44 82 59 40 69 46 56 39 86 85 36 49 80 35 8 1
45 3 21 18 66 93 34 54 73 57 38 67 63 32 51 55 12 68 58 48 4 75 61 91 69 83 26 34 64 3 77 56 96 35 52 79 78 77 11 40 24 31 64 50 28 35 35 87 19 3
76 44 53 37 52 70 74 8 76 75 69 15 82 70 57 93 72 16 10 16 67 81 76 67 16 34 42 95 79 16 21 50 39 31 10 70 84 35 12 83 94 36 85 73 11 41 48 1 82 38
80 66 6 92 44 42 86 61 86 13 91 71 24 50 2 79 98 91 64 33 3 81 86 32 76 52 81 34 32 39 10 53 44 72 2 49 48 95 35 74 31 68 94 73 36 74 71 41 94 52
62 80 75 51 77 59 87 33 32 61 49 13 86 27 68 94 7 78 97 56 79 11 80 24 47 22 49 4 74 55 34 43 21 71 43 98 57 97 7 56 10 6 48 96 91 59 68 76 91 5
90 88 9 54 91 86 44 35 67 2 7 85 20 28 85 37 27 82 24 79 60 19 89 28 38 40 36 58 67 9 51 17 94 49 11 38 35 0 41 80 54 37 6 85 87 13 10 56 60 83
7 90 32 36 31 8 69 70 16 83 45 37 2 89 12 51 17 93 97 49 32 28 25 33 28 6 4 62 98 29 39 18 92 21 37 63 22 9 51 18 65 64 25 26 97 88 71 8 58 48
77 64 0 59 70 72 47 2 23 82 89 38 93 24 66 75 41 60 16 4 3 28 73 56 53 63 38 13 30 22 6 14 6 88 51 39 93 78 99 29 97 84 40 21 39 24 61 75 14 64
39 70 83 86 19 94 89 78 59 64 97 26 71 59 92 57 94 1 28 89 23 86 50 29 62 80 77 54 75 94 37 39 94 1 98 60 8 1 56 14 89 6 42 40 63 26 92 17 9 63
37 56 27 25 90 9 49 61 90 86 80 78 28 73 59 41 47 31 39 90 88 7 90 64 2 14 26 9 23 9 10 70 47 99 75 97 6 37 62 99 83 20 60 84 39 31 57 95 49 85
61 0 16 84 29 91 19 39 61 13 4 10 62 13 55 2 10 52 42 68 21 20 37 67 2 10 77 90 66 45 81 0 79 47 2 11 21 79 78 72 6 63 79 72 6 98 8 1 70 60
85 21 33 46 62 10 6 33 9 9 57 15 26 21 24 1 45 41 45 28 58 1 55 78 95 74 89 85 1 26 17 24 83 93 7 12 62 86 17 34 0 92 22 0 39 54 39 89 8 40
10 31 85 72 24 82 96 46 40 64 29 3 84 26 35 71 56 76 67 71 26 14 39 73 71 50 73 3 7 13 5 31 97 20 15 54 19 40 29 47 45 90 3 54 10 47 13 26 15 29
55 28 2 10 81 87 12 8 57 87 5 19 79 37 79 61 3 51 84 8 3 94 25 11 86 6 45 2 56 99 77 9 32 29 39 66 26 77 87 98 32 6 0 96 15 44 93 86 21 50
72 73 33 42 38 41 45 40 22 71 38 40 67 92 44 26 65 17 48 67 90 73 64 5 33 25 81 87 40 17 35 14 86 0 3 49 57 87 92 98 95 90 44 1 6 81 79 20 12 85
28 42 60 56 45 57 38 53 60 61 40 53 98 58 51 3 45 81 59 80 52 80 79 55 57 98 80 43 61 35 17 77 22 91 22 83 67 16 24 84 94 80 25 86 40 62 96 19 77 49
96 69 11 49 6 95 18 8 99 46 13 41 64 95 72 3 64 58 93 38 84 99 54 82 68 36 43 87 79 4 50 20 14 50 22 39 57 24 61 88 90 99 59 3 94 10 47 54 91 44
55 46 0 97 50 98 78 66 16 40 36 66 3 29 13 97 62 16 12 22 5 25 40 73 72 72 91 23 52 24 60 22 53 60 97 14 34 21 0 18 97 98 6 67 53 4 38 95 9 87
23 11 59 46 26 10 1 92 63 57 44 52 51 84 82 22 69 95 45 47 47 2 76 47 66 68 90 20 53 35 73 22 11 81 23 63 66 39 66 8 14 95 74 78 19 62 11 74 84 5
33 86 49 17 4 75 86 2 70 7 81 66 59 31 17 68 20 27 77 33 21 50 99 71 64 97 86 72 54 35 38 37 76 72 97 15 45 17 52 87 95 45 81 68 86 27 56 13 77 47
