0 36
0 1 2 3 3 4 4 5 5 6 7 7 8 8 9 10 11 12 13 14 15 16 17 18 18 19 19 20 21 22 23 23 24 24 25 25 26 27 28 28 29 30 30 31 32 33 34 35 36 37
38 1 2 39 39 40 41 42 42 6 43 43 44 44 9 10 45 12 46 14 15 16 17 47 48 49 49 20 21 22 50 50 51 52 52 53 26 54 55 56 57 57 58 31 32 33 34 35 36 37
38 59 60 61 62 40 41 63 63 64 65 65 66 67 68 68 45 69 46 70 71 71 72 73 48 74 74 75 75 76 77 78 79 79 80 53 81 54 82 56 83 84 85 86 87 87 88 89 89 90
91 59 60 61 62 92 92 93 94 94 95 95 66 96 96 97 97 69 98 70 99 99 72 73 100 101 102 102 103 76 77 78 104 104 80 105 105 106 82 107 107 84 85 108 109 109 88 110 111 111
91 112 112 113 114 114 115 116 117 118 118 119 119 120 121 122 123 123 98 124 124 125 126 126 100 127 128 128 129 129 130 131 131 132 133 133 134 106 135 136 136 137 138 108 139 139 140 110 141 141
142 143 143 113 144 144 115 116 117 145 146 147 147 120 121 122 148 148 149 150 151 152 152 153 153 127 154 155 155 156 130 157 157 132 158 158 159 160 135 161 162 163 138 164 164 165 165 166 167 167
142 168 169 170 171 171 172 172 173 145 146 174 174 175 175 176 176 177 177 150 178 179 179 180 180 181 182 183 184 156 185 186 186 187 188 188 159 160 189 161 162 163 190 190 191 191 192 166 193 193
194 168 195 170 196 196 197 197 173 198 199 200 201 201 202 202 203 203 204 205 178 206 207 207 208 208 182 183 209 210 211 211 212 213 213 214 214 215 189 216 216 217 217 218 219 219 192 220 221 221
222 223 195 224 225 225 226 226 227 198 199 200 228 229 229 230 231 231 232 205 233 206 234 235 235 236 236 237 209 210 238 239 212 240 240 241 241 242 242 243 243 244 245 245 246 247 248 249 249 250
222 223 251 224 252 252 253 253 254 255 256 257 257 258 259 230 260 261 232 262 263 263 234 264 264 265 266 237 267 267 268 239 269 270 271 271 272 272 273 274 275 244 276 276 246 247 248 277 278 250
279 279 251 280 281 282 282 283 254 255 256 284 284 258 285 285 260 261 286 286 287 288 288 289 289 265 290 291 292 292 268 293 269 270 294 295 295 296 273 297 275 298 299 300 301 302 302 303 278 304
305 305 306 280 281 307 308 309 310 311 311 312 312 313 313 314 314 315 315 316 317 317 318 319 319 320 290 291 321 322 322 323 323 324 324 325 325 326 326 297 327 298 299 300 328 328 329 303 330 331
332 333 333 334 334 307 335 309 336 337 337 338 339 339 340 341 341 342 342 343 343 344 345 346 347 320 348 348 321 349 350 351 352 352 353 354 354 355 356 356 327 357 357 358 359 359 329 360 330 331
332 361 362 363 363 364 335 365 336 366 366 367 368 369 370 370 371 372 373 373 374 344 345 346 347 375 375 376 376 349 350 351 377 377 353 378 379 355 380 380 381 382 383 358 384 385 385 360 386 387
388 361 389 389 390 364 391 391 392 393 393 367 368 369 394 395 371 396 397 398 374 399 399 400 401 401 402 402 403 404 404 405 405 406 406 378 379 407 408 408 381 382 383 409 410 411 411 412 386 387
388 413 414 415 415 416 416 417 392 418 418 419 420 421 394 422 423 396 397 424 424 425 425 400 426 426 427 427 403 428 429 429 430 430 431 431 432 432 433 434 435 435 436 437 410 438 439 412 440 441
442 413 443 444 444 445 445 446 446 447 448 448 420 421 449 422 450 450 451 452 453 454 455 455 456 457 457 458 458 428 459 459 460 461 462 463 463 464 433 434 465 465 436 437 466 466 439 467 467 441
468 468 443 469 469 470 471 472 473 447 474 474 475 475 449 476 476 477 451 478 453 454 479 480 481 481 482 482 483 483 484 484 460 461 462 485 486 487 488 489 489 490 491 491 492 492 493 494 495 495
496 496 497 498 499 470 500 472 473 501 501 502 502 503 503 504 505 505 506 478 507 507 479 508 509 510 511 512 512 513 514 515 516 516 517 485 486 487 518 519 520 521 522 523 523 524 493 494 525 525
526 526 497 498 499 527 500 528 529 530 531 532 532 533 534 534 535 536 537 537 538 538 539 508 540 510 511 541 541 513 514 515 542 543 544 544 545 545 518 519 520 521 522 546 546 547 547 548 549 549
550 551 552 553 553 554 555 528 529 530 531 556 557 533 558 558 535 536 559 559 560 560 561 561 540 562 563 563 564 565 565 566 566 543 567 568 569 569 570 570 571 571 572 572 573 573 574 548 575 575
550 551 552 576 576 554 577 578 579 580 580 556 557 581 582 583 584 584 585 585 586 586 587 588 589 589 590 590 564 591 591 592 593 594 567 568 595 596 596 597 598 598 599 599 600 600 601 602 602 603
604 605 605 606 607 608 577 609 579 610 611 611 612 612 582 583 613 613 614 615 616 617 617 588 618 619 619 620 621 621 622 622 593 594 623 623 624 625 625 597 626 627 627 628 629 630 601 631 632 603
604 633 633 606 607 634 634 609 635 610 636 636 637 637 638 639 639 640 614 615 616 641 641 642 643 643 644 645 645 646 646 647 648 649 649 650 624 651 652 653 653 654 655 628 629 630 656 657 632 658
659 660 661 662 663 664 665 666 667 667 668 668 669 670 670 671 671 640 672 673 674 675 676 677 678 679 644 680 680 681 682 647 648 683 683 650 684 651 685 686 687 654 655 688 688 689 689 657 690 658
659 660 691 662 692 664 693 666 694 695 695 696 669 697 697 698 699 699 672 700 674 675 676 677 678 701 701 702 702 681 682 703 703 704 705 706 684 707 685 708 687 709 709 710 710 711 712 712 713 713
714 714 691 715 692 716 693 717 694 718 719 696 720 721 722 722 723 724 724 700 725 726 726 727 728 729 730 731 731 732 732 733 733 704 705 706 734 735 735 708 736 737 737 738 739 739 740 740 741 742
743 744 744 745 745 746 746 717 747 718 719 748 748 721 749 750 723 751 751 752 725 753 754 727 728 729 730 755 756 756 757 757 758 759 759 760 734 761 762 763 736 764 765 766 766 767 768 768 769 742
770 770 771 772 772 773 774 775 747 776 776 777 778 778 749 750 779 779 780 752 781 753 754 782 783 784 785 785 786 787 787 788 789 789 790 790 791 761 762 763 792 793 765 794 795 795 796 796 769 797
798 798 799 799 800 773 774 775 801 802 802 803 804 804 805 805 806 807 807 808 809 810 810 811 783 812 812 813 786 814 815 788 816 817 817 818 818 819 820 821 792 793 822 823 823 824 825 826 826 827
828 829 829 830 830 831 832 832 801 833 833 803 834 834 835 835 836 836 837 837 809 838 839 811 840 841 842 813 843 814 815 844 845 846 847 847 848 848 820 849 850 851 822 852 852 824 825 853 853 827
854 854 855 856 856 831 857 858 859 859 860 860 861 862 862 863 863 864 865 865 866 838 839 867 840 841 842 868 869 870 870 871 845 872 872 873 874 875 875 849 850 851 876 876 877 877 878 879 880 881
882 882 855 883 884 884 857 858 885 886 887 887 861 888 889 889 890 890 891 891 866 892 892 893 894 894 895 868 869 896 896 871 897 898 899 873 874 900 900 901 902 903 903 904 905 905 906 879 880 881
907 908 908 909 910 910 911 912 912 886 913 913 914 888 915 916 917 918 919 920 921 922 922 893 923 923 895 924 924 925 926 926 897 898 899 927 928 929 930 901 902 931 932 904 933 934 906 935 936 936
907 937 938 909 939 939 940 941 941 942 943 943 944 944 915 945 917 918 919 920 946 946 947 948 948 949 950 950 951 925 952 953 953 954 954 927 928 929 930 955 955 931 932 956 933 934 957 935 958 959
960 937 938 961 962 963 940 964 965 966 966 967 967 968 969 945 970 970 971 971 972 972 947 973 974 949 975 975 976 977 952 978 978 979 980 980 981 981 982 982 983 984 985 986 986 987 957 988 988 959
960 989 990 961 962 963 991 964 965 992 992 993 994 968 969 995 996 996 997 997 998 998 999 999 974 1000 1001 1002 976 977 1003 1004 1004 979 1005 1005 1006 1007 1008 1009 1009 984 1010 1010 1011 987 1012 1013 1013 1014
1015 989 990 1016 1017 1017 1018 1019 1020 1021 1021 993 1022 1022 1023 1023 1024 1025 1026 1027 1027 1028 1028 1029 1030 1000 1031 1002 1032 1032 1033 1033 1034 1034 1035 1036 1037 1007 1008 1038 1039 1039 1040 1040 1011 1041 1042 1042 1043 1014
1015 1044 1044 1016 1045 1045 1018 1019 1020 1046 1046 1047 1047 1048 1048 1049 1049 1025 1050 1051 1051 1052 1052 1029 1030 1053 1031 1054 1055 1055 1056 1057 1057 1058 1035 1036 1037 1059 1060 1060 1061 1061 1062 1063 1063 1064 1064 1065 1065 1066
1067 1068 1069 1070 1071 1071 1072 1073 1073 1074 1074 1075 1076 1077 1078 1079 1079 1080 1050 1081 1082 1083 1084 1084 1085 1085 1086 1087 1087 1088 1056 1089 1089 1058 1090 1091 1091 1059 1092 1093 1094 1095 1062 1096 1096 1097 1098 1099 1100 1066
1067 1068 1069 1070 1101 1102 1072 1103 1104 1105 1105 1106 1076 1077 1078 1107 1108 1109 1110 1081 1082 1111 1111 1112 1113 1113 1114 1114 1115 1116 1117 1118 1118 1119 1090 1120 1120 1121 1092 1093 1094 1122 1122 1123 1123 1097 1098 1099 1100 1124
1125 1126 1127 1128 1101 1129 1130 1130 1104 1131 1131 1106 1132 1133 1133 1107 1134 1109 1110 1135 1136 1137 1138 1139 1140 1141 1141 1142 1142 1116 1117 1143 1144 1144 1145 1146 1147 1147 1148 1149 1150 1151 1152 1153 1153 1154 1155 1156 1156 1124
1125 1126 1127 1157 1158 1129 1159 1160 1160 1161 1161 1162 1162 1163 1163 1164 1134 1165 1165 1135 1136 1137 1166 1139 1140 1167 1168 1168 1169 1170 1170 1171 1171 1172 1172 1146 1173 1173 1148 1149 1150 1174 1152 1175 1175 1154 1155 1176 1176 1177
1178 1179 1180 1157 1158 1181 1181 1182 1182 1183 1183 1184 1184 1185 1186 1164 1187 1188 1189 1190 1190 1191 1166 1192 1192 1167 1193 1194 1194 1195 1196 1196 1197 1197 1198 1198 1199 1200 1200 1201 1201 1174 1202 1203 1204 1204 1205 1205 1206 1177
1207 1179 1180 1208 1209 1210 1210 1211 1211 1212 1212 1213 1214 1185 1186 1215 1187 1188 1189 1216 1217 1191 1218 1219 1219 1220 1220 1221 1221 1195 1222 1223 1224 1224 1225 1226 1227 1227 1228 1228 1229 1229 1202 1230 1230 1231 1232 1232 1206 1233
1207 1234 1234 1208 1235 1236 1237 1237 1238 1238 1239 1213 1214 1240 1240 1241 1241 1242 1242 1216 1217 1243 1218 1244 1244 1245 1245 1246 1247 1248 1249 1223 1250 1251 1225 1226 1252 1252 1253 1254 1254 1255 1256 1256 1257 1231 1258 1259 1260 1260
1261 1262 1263 1264 1235 1236 1265 1266 1267 1268 1239 1269 1269 1270 1270 1271 1272 1273 1273 1274 1274 1275 1275 1276 1277 1277 1278 1246 1247 1279 1249 1280 1250 1251 1281 1282 1283 1283 1253 1284 1284 1255 1285 1285 1257 1286 1258 1259 1287 1287
1261 1262 1263 1288 1288 1289 1265 1266 1267 1268 1290 1290 1291 1291 1292 1271 1293 1293 1294 1295 1295 1296 1296 1276 1297 1297 1278 1298 1298 1279 1299 1280 1300 1300 1301 1282 1302 1303 1304 1304 1305 1305 1306 1306 1307 1307 1308 1308 1309 1310
1311 1312 1313 1313 1314 1314 1315 1316 1316 1317 1318 1318 1319 1319 1320 1320 1321 1321 1322 1323 1324 1325 1326 1327 1328 1328 1329 1330 1331 1332 1299 1333 1333 1334 1301 1335 1302 1336 1336 1337 1337 1338 1339 1340 1341 1341 1342 1343 1309 1310
1311 1312 1344 1344 1345 1345 1346 1346 1347 1317 1348 1348 1349 1350 1350 1351 1352 1352 1322 1323 1324 1325 1326 1327 1353 1353 1329 1330 1331 1332 1354 1354 1355 1355 1356 1335 1357 1357 1358 1358 1359 1359 1339 1340 1360 1360 1342 1343 1361 1361
93 2 18 10 86 25 94 86 32 48 24 5 44 51 38 79 48 86 85 46 44 20 35 93 42 65 66 87 71 66 43 6 14 1 22 4 76 55 14 9 9 30 98 71 24 32 78 39 67 92
76 52 56 29 17 18 40 76 37 44 66 83 40 96 89 34 65 78 75 28 65 18 69 32 78 93 4 9 36 93 70 19 80 6 85 54 37 24 7 7 53 51 38 81 56 64 25 28 58 76
45 14 26 11 99 46 69 73 27 8 43 24 92 24 27 18 32 13 44 44 81 26 90 43 1 6 65 30 73 66 39 23 26 48 65 30 37 74 96 25 80 89 14 63 57 93 32 38 52 81
1 26 90 64 28 82 72 37 78 11 94 27 89 88 27 97 1 36 59 96 94 11 61 47 67 11 8 14 58 42 75 30 92 2 21 5 89 20 59 61 12 16 10 72 41 8 6 52 23 47
75 79 17 78 0 9 50 33 16 71 18 22 55 75 16 96 0 35 4 25 45 23 45 74 14 18 99 96 11 79 79 14 36 17 55 37 63 99 93 58 44 16 5 65 47 36 76 27 65 64
59 58 95 62 69 37 8 5 79 74 3 59 66 4 92 69 71 80 79 66 70 94 15 3 41 2 1 92 33 8 22 80 39 21 57 3 73 88 23 75 44 86 60 90 97 17 9 58 44 78
76 42 59 27 68 41 30 71 44 29 18 37 12 76 60 40 45 7 74 69 57 44 16 8 50 66 81 39 82 94 24 61 61 20 8 12 7 72 81 36 31 34 84 47 92 53 31 31 12 31
87 66 18 76 85 64 93 93 20 69 61 8 3 13 26 12 66 69 98 81 35 43 45 94 60 91 75 20 99 69 2 95 58 2 22 56 47 53 67 8 28 1 45 37 70 15 37 62 85 2
72 46 61 81 58 2 69 6 34 96 39 82 79 77 72 93 79 32 4 62 35 43 44 11 87 37 35 87 65 67 96 8 95 35 51 34 11 15 82 87 32 75 52 15 86 90 5 92 7 26
78 35 88 56 96 41 48 55 87 15 43 3 17 79 57 95 73 24 42 25 5 63 20 95 56 57 65 14 64 64 64 8 8 67 76 2 72 82 35 47 28 0 14 37 36 25 67 39 85 17
50 93 39 80 28 97 80 82 99 86 23 65 41 77 0 84 67 63 65 93 98 9 3 22 81 66 1 29 80 69 80 65 51 18 62 64 85 76 46 19 81 30 46 6 59 28 36 59 14 30
27 85 2 41 36 20 65 79 75 31 29 66 59 74 75 15 19 63 67 23 75 17 67 1 65 55 79 15 26 39 22 95 10 8 81 30 18 7 36 76 56 81 63 76 13 86 51 10 36 29
52 72 62 94 47 17 4 0 67 12 5 59 25 94 86 15 45 89 96 7 62 7 39 43 75 60 3 75 60 2 9 58 98 90 34 44 15 59 48 40 11 20 11 12 79 17 49 71 53 29
87 90 67 99 6 76 52 65 62 83 56 14 25 2 80 85 32 77 64 50 83 27 99 81 47 95 56 75 7 10 91 55 13 19 3 73 57 20 18 29 24 4 17 70 72 72 54 36 66 69
25 31 27 14 31 58 59 87 61 57 94 57 81 65 96 17 48 37 58 5 52 88 34 72 69 96 56 21 72 96 39 47 45 31 83 87 42 88 90 71 69 14 7 65 79 59 51 68 74 8
45 15 60 73 46 83 39 0 60 70 90 93 35 34 71 92 1 68 64 98 27 5 78 6 58 58 23 53 66 21 40 19 47 67 63 12 59 85 76 33 9 83 85 87 12 96 51 88 55 20
22 39 62 81 75 68 83 9 92 17 58 8 70 54 38 3 53 27 21 44 18 22 39 38 45 43 96 88 6 5 46 16 39 39 94 58 42 15 3 36 49 42 33 44 75 64 11 73 68 27
40 37 3 29 56 76 54 52 22 99 52 47 7 57 44 66 90 62 13 56 24 67 84 27 61 26 21 92 38 57 17 39 42 58 99 84 31 78 94 74 7 84 85 46 20 66 64 12 89 99
42 11 8 43 79 5 98 93 23 47 95 97 92 26 71 22 64 17 74 91 95 4 8 10 43 33 20 43 1 99 29 49 28 74 18 99 8 53 40 90 93 45 73 57 1 13 47 13 92 69
37 98 16 78 33 16 50 56 4 31 66 53 27 52 29 19 45 50 30 30 9 3 89 1 9 47 24 31 76 39 79 42 30 19 27 68 62 99 21 17 74 14 82 80 34 92 79 71 59 89
95 20 18 98 26 98 54 85 3 63 17 38 18 22 8 26 11 59 68 83 62 42 48 88 42 6 28 63 89 68 46 38 1 25 29 39 43 53 83 98 48 12 57 6 67 7 76 3 13 25
24 99 35 26 75 46 1 69 24 26 12 6 82 22 86 19 3 77 60 1 11 95 73 87 60 38 2 10 25 40 69 9 23 62 28 0 95 93 49 11 80 8 63 33 38 1 27 86 12 31
46 19 71 7 19 8 85 42 96 18 47 69 78 42 95 23 28 24 34 74 32 30 9 94 53 31 8 6 51 19 81 56 74 78 59 77 54 78 95 87 51 19 39 78 99 86 15 54 70 28
88 16 0 35 67 4 22 17 57 90 8 16 52 57 42 54 2 14 55 76 23 90 98 6 68 78 28 82 63 66 61 48 86 61 28 7 12 26 69 24 17 11 29 63 42 15 1 82 30 63
66 8 30 74 33 84 66 51 95 76 17 48 44 18 28 33 29 44 25 26 54 94 44 68 70 4 93 7 67 51 57 13 51 48 18 37 22 72 44 87 55 80 15 40 37 10 67 27 80 15
75 88 44 93 24 8 23 12 10 12 68 41 79 45 84 23 38 81 46 90 41 59 52 74 45 31 94 85 85 72 6 91 98 3 6 93 32 97 4 91 93 94 38 61 19 80 62 56 41 42
3 20 72 16 27 1 90 14 50 43 5 34 52 99 25 47 53 30 7 43 35 88 33 95 47 77 57 8 0 25 4 20 53 84 40 4 34 47 21 54 18 25 16 88 7 65 34 12 76 56
58 18 19 20 1 16 8 59 0 7 99 59 52 73 18 56 15 65 12 10 89 87 40 4 24 39 41 39 38 59 84 40 77 34 92 70 72 58 4 57 99 0 21 83 24 28 29 7 50 28
50 15 20 65 71 49 57 77 84 20 26 2 2 94 3 96 44 37 2 16 59 2 0 37 86 47 7 60 56 17 18 76 80 73 81 11 19 90 87 59 88 13 5 92 95 99 40 43 32 42
90 16 68 72 47 52 71 77 18 0 20 41 46 31 39 48 50 65 42 85 5 11 55 75 66 80 87 35 17 21 43 98 80 19 76 65 45 33 94 63 45 36 6 22 14 66 66 5 69 99
33 33 60 54 41 33 60 92 14 50 27 37 30 95 49 37 31 71 15 4 62 29 26 21 20 98 93 32 37 62 70 98 67 80 35 15 94 73 2 35 70 3 17 89 75 94 62 60 7 60
62 16 61 8 82 31 42 46 82 72 83 6 16 78 55 3 2 40 62 3 77 74 90 93 16 86 17 18 42 42 11 65 13 48 17 16 56 3 5 49 32 55 29 81 81 22 63 10 82 56
85 57 11 4 55 95 45 1 81 38 83 10 43 66 89 35 32 21 61 43 0 29 30 54 70 13 89 25 15 77 82 45 33 42 79 43 53 84 49 28 49 64 1 19 17 57 51 56 16 91
40 12 12 48 77 48 92 74 1 68 17 55 42 88 57 97 40 91 80 33 40 92 65 15 80 76 26 27 38 81 22 56 65 52 13 54 76 11 58 55 38 11 58 33 85 57 53 21 9 22
56 51 96 82 38 87 65 33 80 79 91 77 61 46 97 29 20 94 22 5 51 40 20 44 30 47 37 22 75 49 3 40 99 1 3 94 88 31 85 6 71 57 25 0 63 17 44 87 31 80
56 13 54 87 3 30 97 71 57 85 39 15 96 98 60 54 29 86 43 6 3 79 52 89 97 38 25 39 62 3 49 9 46 80 65 5 32 17 90 13 0 50 29 49 57 47 19 24 52 74
16 80 86 43 54 51 27 47 0 61 80 41 42 91 87 6 74 14 49 22 94 45 33 18 25 24 99 19 13 4 51 75 90 97 87 43 80 19 33 94 14 37 34 42 28 85 70 85 56 48
14 68 84 79 96 55 53 10 68 11 75 99 50 78 47 6 10 94 87 86 33 48 72 71 47 30 0 16 72 76 86 9 87 55 74 50 27 56 43 62 7 13 38 9 16 77 89 44 67 4
61 13 73 94 34 52 4 70 66 84 98 39 99 30 27 41 49 87 59 37 92 41 55 1 95 46 36 71 62 14 68 10 8 45 56 40 45 82 41 64 79 92 7 93 22 15 88 49 97 79
1 94 97 54 68 45 9 6 69 49 7 85 81 16 1 84 31 83 75 72 93 2 21 16 71 82 4 3 4 82 33 66 24 59 37 32 63 62 71 20 62 94 43 30 92 21 87 89 33 63
41 92 31 74 45 87 15 14 76 30 15 61 47 87 70 92 37 47 6 5 12 7 49 37 31 97 54 10 75 26 93 56 96 53 76 59 45 39 98 92 8 38 17 98 40 78 70 54 89 38
37 41 36 65 31 41 61 39 97 89 96 49 16 14 69 33 96 16 89 2 53 29 15 6 51 64 31 94 10 14 43 50 10 4 14 43 62 37 92 83 50 70 21 22 56 69 39 17 65 4
15 32 42 24 22 59 65 8 1 93 68 24 57 55 18 94 26 14 38 87 26 65 83 90 50 72 7 36 8 66 47 18 64 66 5 97 78 91 42 58 60 73 82 40 19 57 20 79 8 80
43 93 29 15 48 68 91 88 47 76 76 9 16 96 96 3 84 85 11 61 21 21 18 74 9 62 93 24 79 73 61 81 41 25 52 27 13 77 16 68 59 59 54 64 28 25 77 56 49 60
84 69 77 93 84 13 19 93 8 45 53 40 28 90 67 64 96 87 3 39 52 53 88 38 17 89 94 62 66 31 57 2 40 57 66 2 41 89 75 33 83 28 6 58 19 6 32 73 20 43
55 91 86 71 69 60 27 74 17 79 50 26 42 41 72 64 0 24 5 75 78 40 38 22 96 93 29 43 19 19 5 31 46 26 56 38 38 27 71 57 85 23 24 85 6 51 35 17 9 11
49 75 36 18 20 3 11 64 97 53 67 87 72 37 1 14 47 64 88 38 9 81 90 34 4 83 18 12 51 58 94 22 20 18 49 77 72 26 82 68 96 70 17 49 68 64 61 60 62 90
20 55 99 82 33 3 85 53 41 21 58 90 59 27 22 42 89 87 92 62 97 22 1 55 27 41 96 34 86 8 19 63 16 91 41 98 43 32 81 65 3 40 47 27 1 87 69 13 50 17
37 84 42 32 30 84 21 26 45 49 94 81 54 64 59 37 48 99 3 42 64 58 83 20 26 83 97 96 7 64 67 41 97 70 52 84 12 68 18 20 31 99 31 19 31 11 13 21 90 26
28 6 56 52 28 14 18 57 15 20 35 40 44 37 61 94 86 16 16 95 89 60 96 94 68 96 62 71 63 38 31 95 72 3 37 23 97 87 43 19 31 17 8 22 83 94 49 82 18 1
