44 24
0 1 1 2 3 4 4 5 5 6 7 7 8 9 9 10 11 11 12 13 14 14 15 16 16 17 17 18 19 19 20 21 22 23 24 25 25 26 26 27 27 28 29 29 30 31 32 32 33 33
0 34 35 2 3 36 36 37 38 6 39 39 8 40 41 41 42 43 44 13 45 46 47 48 48 49 49 18 50 51 20 21 22 23 24 52 53 54 55 56 57 28 58 59 30 60 61 61 62 63
64 65 35 66 67 67 68 69 38 70 70 71 71 72 72 73 42 43 44 74 45 46 47 75 75 76 77 78 50 79 80 81 82 83 84 85 53 86 55 56 57 87 58 59 88 60 89 90 90 63
91 65 92 66 93 94 68 69 95 95 96 97 97 98 99 100 101 101 102 74 103 104 104 105 106 107 77 78 108 79 80 81 82 83 109 85 110 86 111 112 112 87 113 113 88 114 89 115 115 116
91 117 118 118 93 119 120 120 121 121 96 122 123 123 99 100 124 124 125 125 103 126 126 105 106 107 127 127 128 129 130 131 131 132 109 133 110 134 111 135 135 136 137 138 139 114 140 141 141 116
142 117 143 143 144 119 145 146 147 147 148 148 149 150 150 151 152 153 153 154 155 156 157 157 158 159 160 160 128 129 130 161 162 132 163 133 164 134 165 166 166 136 167 138 139 168 168 169 170 170
142 171 172 173 174 174 145 175 175 176 177 177 178 178 179 179 152 180 181 154 155 156 182 183 183 159 184 184 185 186 186 161 162 187 163 188 164 189 190 190 191 192 167 193 194 194 195 196 197 197
198 171 199 173 200 201 201 202 203 176 204 205 205 206 207 208 209 180 181 210 211 211 212 213 213 214 214 215 185 216 217 218 219 187 220 188 221 221 222 223 191 192 224 193 225 225 195 196 226 227
228 228 199 229 200 230 230 202 203 231 232 232 233 206 207 208 234 234 235 236 236 237 212 238 238 239 240 240 241 241 217 218 219 242 243 244 244 245 222 223 246 247 247 248 249 249 250 250 226 227
251 251 252 229 253 254 254 255 256 257 257 258 233 259 260 261 261 262 235 263 263 237 264 265 265 239 266 267 268 268 269 270 271 242 243 272 273 245 274 275 276 276 277 277 278 278 279 279 280 281
282 282 283 284 253 285 285 255 286 286 287 258 288 259 260 289 290 291 291 292 292 293 293 294 294 295 266 267 296 296 269 270 271 297 298 272 273 299 274 275 300 301 302 302 303 303 304 305 280 281
306 307 283 284 308 309 310 311 311 312 287 313 288 314 314 289 315 315 316 316 317 317 318 319 320 321 321 322 323 324 325 326 327 297 298 328 329 329 330 330 300 301 331 331 332 332 304 305 333 334
306 307 335 335 308 309 310 336 336 312 337 313 338 339 339 340 340 341 341 342 342 343 318 319 320 344 345 345 323 324 346 326 327 347 348 328 349 350 350 351 351 352 352 353 353 354 355 355 333 334
356 356 357 358 358 359 360 361 362 362 337 363 338 364 365 366 366 367 367 368 368 343 369 370 370 344 371 371 372 373 346 374 375 347 376 376 377 378 378 379 380 380 381 382 382 354 383 383 384 385
386 387 357 388 389 389 360 361 390 391 391 392 393 364 365 394 395 396 397 398 399 400 400 401 401 402 402 403 404 373 405 406 375 407 408 408 377 409 410 410 411 411 412 413 413 414 415 415 384 416
386 417 418 419 420 421 422 422 390 423 424 392 393 425 426 426 395 396 397 398 399 427 428 428 429 429 430 403 404 431 405 406 432 407 433 433 434 434 435 435 436 436 412 437 437 414 438 439 440 416
441 417 442 419 420 443 443 444 445 423 424 446 446 447 447 448 449 450 451 452 452 453 453 454 454 455 456 456 457 431 458 458 432 459 459 460 460 461 462 463 464 465 466 467 467 468 438 439 440 469
441 470 442 471 471 472 472 444 445 473 474 475 476 476 477 477 449 450 451 478 478 479 479 480 480 455 481 481 457 482 482 483 484 485 486 486 487 487 462 463 488 465 466 489 490 491 491 492 492 469
493 470 494 494 495 495 496 497 497 473 474 475 498 498 499 499 500 501 502 503 504 505 506 506 507 508 508 509 510 510 511 483 484 512 513 514 514 515 516 516 488 517 517 489 490 518 518 519 520 521
493 522 522 523 524 524 525 525 526 526 527 528 528 529 530 530 531 501 532 503 504 505 533 534 507 535 535 509 536 536 511 537 537 512 513 538 539 540 540 541 542 542 543 543 544 545 545 519 520 521
546 547 547 523 548 549 549 550 551 551 527 552 552 553 554 555 531 556 532 557 558 558 533 534 559 560 560 561 561 562 562 563 564 565 565 538 539 566 566 541 567 567 568 569 570 571 571 572 573 573
574 574 575 575 576 577 577 550 578 578 579 579 580 553 554 555 581 556 582 557 583 583 584 585 585 586 587 588 588 589 589 590 564 591 592 592 593 593 594 594 595 596 568 569 570 597 598 599 599 600
601 601 602 603 576 604 605 606 607 607 608 608 580 609 609 610 611 611 612 613 614 614 584 615 615 586 587 616 616 617 617 590 618 591 619 619 620 621 621 622 595 596 623 624 625 625 598 626 627 600
628 628 602 603 629 604 605 606 630 631 631 632 632 633 634 610 635 636 612 613 637 638 639 640 641 641 642 642 643 644 644 645 618 646 646 647 620 648 648 649 649 650 623 624 651 651 652 626 653 653
654 655 655 656 657 658 659 659 630 660 660 661 661 662 634 663 635 636 664 664 637 638 665 640 666 667 667 668 643 669 670 645 671 671 672 673 673 674 675 676 677 678 678 679 679 680 681 681 682 683
654 684 685 656 657 658 686 687 688 689 690 690 691 662 692 692 693 694 694 695 695 696 665 697 666 698 699 668 700 669 670 701 701 702 703 704 704 674 675 676 677 705 705 706 707 707 708 708 682 683
709 684 710 710 711 711 686 687 688 689 712 713 714 715 716 716 717 718 719 719 720 696 721 697 722 698 723 723 700 724 725 725 726 726 703 727 727 728 728 729 730 731 732 732 733 734 735 735 736 736
709 737 738 738 739 739 740 740 741 742 742 713 714 715 743 743 717 744 744 745 746 746 721 747 747 748 748 749 749 724 750 751 751 752 752 753 754 755 755 756 730 731 757 757 733 734 758 759 760 761
762 737 763 763 764 764 765 765 741 766 767 767 768 769 769 770 771 771 772 772 773 774 774 775 776 776 777 777 778 779 750 780 781 782 782 753 783 784 784 756 785 785 786 786 787 787 788 759 789 761
762 790 791 791 792 793 793 794 795 795 796 797 797 798 799 799 800 800 801 801 802 802 803 804 804 805 805 806 778 779 807 780 781 808 808 809 783 810 811 812 812 813 813 814 815 815 788 816 789 817
818 818 819 820 792 821 821 794 822 823 823 824 825 798 826 827 828 828 829 830 830 831 803 832 832 833 833 834 834 835 836 837 837 838 838 809 839 839 811 840 840 841 842 814 843 843 844 844 845 817
846 847 819 820 848 848 849 850 850 851 852 852 825 853 826 827 854 854 855 855 856 831 857 857 858 858 859 859 860 860 836 861 862 862 863 863 864 865 865 866 867 841 868 869 870 871 872 872 845 873
846 847 874 874 875 875 849 876 877 877 878 879 880 853 881 882 883 883 884 884 856 885 886 887 888 889 890 890 891 892 892 893 894 895 896 896 897 898 899 866 900 901 868 869 902 871 903 904 904 873
905 905 906 906 907 908 909 909 910 910 878 879 911 912 881 882 913 914 914 915 915 885 886 887 888 916 916 917 918 919 919 893 894 895 920 920 897 898 899 921 900 901 922 922 902 923 903 924 925 926
927 927 928 929 907 908 930 930 931 932 933 934 911 912 935 936 936 937 938 938 939 940 941 942 943 944 944 917 918 945 946 946 947 947 948 948 949 949 950 951 951 952 952 953 953 923 954 924 925 926
955 955 928 956 956 957 958 959 959 932 960 934 961 961 935 962 962 937 963 963 939 940 941 942 964 965 966 967 967 968 968 969 969 970 971 971 972 972 950 973 974 975 975 976 976 977 954 978 978 979
980 981 981 982 982 957 958 983 983 984 960 985 986 987 987 988 988 989 990 991 991 992 993 993 964 965 994 994 995 995 996 997 997 998 999 999 1000 1001 1001 973 1002 1002 1003 1003 1004 1005 1006 1007 1007 979
1008 1008 1009 1010 1011 1012 1013 1014 1015 1016 1017 985 986 1018 1018 1019 1020 989 990 1021 1022 992 1023 1023 1024 1024 1025 1025 1026 1026 996 1027 1028 998 1029 1030 1031 1031 1032 1033 1033 1034 1034 1035 1004 1005 1006 1036 1037 1037
1038 1038 1009 1010 1011 1012 1013 1014 1015 1016 1017 1039 1040 1040 1041 1019 1042 1042 1043 1043 1022 1044 1044 1045 1046 1046 1047 1048 1049 1050 1051 1051 1028 1052 1053 1030 1054 1054 1032 1055 1056 1056 1057 1058 1059 1060 1061 1061 1062 1063
1064 1065 1066 1066 1067 1068 1069 1070 1070 1071 1071 1039 1072 1072 1041 1073 1074 1075 1075 1076 1077 1078 1078 1045 1079 1080 1047 1048 1049 1081 1082 1083 1083 1052 1053 1084 1084 1085 1086 1087 1087 1088 1088 1058 1059 1060 1089 1089 1062 1063
1064 1090 1091 1091 1092 1068 1069 1093 1094 1094 1095 1096 1096 1097 1098 1073 1074 1099 1099 1076 1077 1100 1101 1102 1079 1080 1103 1104 1105 1081 1082 1106 1107 1107 1108 1109 1110 1085 1086 1111 1112 1112 1113 1114 1115 1115 1116 1117 1118 1118
1119 1090 1120 1121 1092 1122 1122 1123 1123 1124 1095 1125 1126 1127 1098 1128 1128 1129 1129 1130 1131 1131 1101 1132 1133 1134 1103 1104 1135 1135 1136 1136 1137 1138 1108 1139 1110 1140 1141 1111 1142 1142 1113 1143 1143 1144 1116 1117 1145 1145
1119 1146 1120 1121 1147 1147 1148 1149 1150 1150 1151 1151 1126 1127 1152 1153 1154 1154 1155 1155 1156 1157 1157 1132 1133 1158 1158 1159 1159 1160 1161 1162 1163 1138 1164 1139 1165 1165 1141 1166 1167 1168 1169 1170 1171 1171 1172 1173 1174 1174
1175 1146 1176 1177 1178 1178 1148 1179 1179 1180 1181 1182 1183 1183 1152 1153 1184 1184 1185 1185 1186 1187 1188 1188 1189 1189 1190 1191 1192 1160 1161 1162 1163 1193 1164 1194 1195 1195 1196 1166 1167 1168 1169 1197 1198 1198 1172 1199 1200 1201
1175 1202 1202 1177 1203 1203 1204 1204 1205 1180 1181 1182 1206 1207 1207 1208 1208 1209 1210 1210 1186 1187 1211 1212 1213 1213 1190 1214 1192 1215 1216 1217 1217 1218 1219 1219 1220 1221 1222 1222 1223 1223 1224 1197 1225 1226 1226 1199 1200 1227
1228 1228 1229 1230 1231 1231 1232 1233 1205 1234 1235 1235 1206 1236 1237 1238 1238 1209 1239 1240 1241 1241 1211 1212 1242 1243 1244 1214 1245 1245 1216 1246 1246 1218 1247 1247 1220 1221 1248 1249 1250 1250 1251 1252 1225 1253 1254 1254 1255 1227
1256 1256 1229 1257 1257 1258 1232 1233 1259 1234 1260 1261 1261 1262 1237 1263 1264 1264 1239 1240 1265 1266 1267 1267 1242 1243 1268 1268 1269 1269 1270 1270 1271 1272 1272 1273 1274 1274 1248 1249 1275 1275 1251 1276 1276 1277 1278 1279 1255 1280
1281 1281 1282 1282 1283 1284 1284 1285 1259 1286 1287 1288 1288 1262 1289 1263 1290 1290 1291 1292 1265 1266 1293 1294 1295 1295 1296 1297 1298 1299 1299 1300 1271 1301 1302 1273 1303 1304 1304 1305 1306 1306 1307 1307 1308 1277 1278 1279 1309 1280
1310 1311 1312 1312 1313 1313 1314 1285 1315 1286 1287 1316 1316 1317 1289 1318 1319 1320 1291 1292 1321 1321 1293 1322 1323 1323 1296 1297 1324 1324 1325 1326 1327 1301 1302 1328 1328 1329 1330 1331 1331 1332 1332 1333 1334 1335 1336 1336 1309 1337
1310 1311 1338 1339 1339 1340 1341 1341 1315 1342 1342 1343 1343 1344 1344 1318 1319 1320 1345 1346 1346 1347 1347 1322 1348 1349 1349 1350 1350 1351 1351 1326 1352 1352 1353 1353 1354 1354 1330 1355 1356 1356 1357 1357 1334 1335 1358 1358 1359 1359
55 21 86 23 97 96 54 31 43 89 51 33 43 17 46 95 1 58 83 76 8 46 90 37 92 25 66 66 66 6 13 1 72 71 49 0 20 52 0 2 30 50 21 51 23 78 28 68 1 78
14 71 59 25 65 94 31 89 60 72 84 17 25 43 33 5 77 36 29 32 78 55 54 67 32 93 48 47 20 24 91 47 13 73 30 75 74 76 35 14 24 52 71 89 56 2 11 8 99 5
57 88 12 33 44 70 8 64 54 40 48 90 42 54 53 46 92 20 8 69 5 71 3 70 84 62 32 66 48 34 83 65 94 2 49 43 7 23 31 2 87 51 73 86 11 54 1 80 46 42
91 12 87 91 57 60 95 90 2 5 11 81 63 24 60 12 17 29 12 91 41 61 17 14 88 40 36 94 16 82 82 56 19 36 62 29 14 47 63 49 95 53 91 72 30 9 36 54 20 14
78 89 33 42 79 22 89 71 88 52 65 51 9 19 61 10 48 36 98 95 41 38 11 70 7 93 61 33 40 55 64 97 79 78 54 37 27 44 76 48 96 62 32 65 19 1 33 99 24 50
85 35 57 77 82 80 44 48 4 42 85 50 5 4 19 47 2 60 25 97 92 37 34 49 9 62 3 9 74 45 6 63 85 86 87 28 13 22 77 5 83 94 14 24 42 65 34 20 88 73
64 53 87 72 34 90 69 44 86 46 5 80 2 99 44 51 83 25 39 70 42 1 94 71 29 4 64 57 86 59 75 27 27 4 32 87 6 91 73 14 67 48 1 62 20 80 77 93 59 37
45 30 18 88 49 41 59 62 39 60 80 40 8 75 89 44 29 38 39 89 99 2 68 97 88 18 0 40 68 13 95 70 65 69 32 97 27 55 9 65 61 37 61 93 66 39 12 2 39 23
79 34 53 87 5 81 55 54 17 72 14 26 3 43 36 92 3 41 66 31 10 88 4 37 64 88 76 85 16 13 78 91 14 89 26 79 13 13 32 20 94 26 94 97 13 66 31 73 98 94
39 13 43 10 5 95 72 71 70 77 59 56 5 34 18 10 40 6 1 78 21 72 38 35 17 52 41 45 5 63 94 49 69 90 78 15 44 83 10 13 87 57 9 56 72 85 43 7 71 32
97 67 65 51 16 95 49 24 55 15 75 42 55 15 11 63 65 12 97 78 6 41 4 12 6 97 83 18 47 68 34 0 83 2 49 61 54 14 25 14 81 11 12 72 80 14 0 79 52 67
47 21 37 51 31 21 26 55 71 21 47 41 41 98 48 68 97 94 26 45 76 23 89 44 95 72 58 58 83 1 64 51 1 82 5 98 23 16 32 91 10 96 15 31 92 83 54 9 80 35
38 90 69 3 33 22 27 50 16 80 60 84 59 83 98 67 59 54 52 33 27 95 81 31 97 82 35 99 33 69 84 17 92 85 49 47 57 0 44 11 6 45 32 97 82 50 26 24 56 28
7 9 75 59 91 43 4 47 98 27 44 99 83 8 64 13 65 19 64 90 21 74 29 70 45 54 14 77 51 18 39 88 72 74 25 80 42 43 23 8 91 25 93 91 41 76 9 97 56 77
96 87 31 48 26 9 88 88 44 35 45 70 98 21 13 31 42 39 20 39 57 46 16 39 96 98 10 39 74 18 4 63 1 35 92 55 99 43 70 47 87 27 9 93 33 25 54 82 52 32
90 35 98 37 4 46 57 72 6 58 99 56 8 32 23 51 18 52 91 44 30 39 79 14 78 32 49 97 6 2 86 43 76 81 39 59 26 35 56 18 2 19 75 32 79 44 53 50 9 85
64 27 8 75 21 50 39 70 67 58 6 2 9 73 7 33 6 16 29 52 12 15 47 37 15 98 64 54 2 95 65 60 45 40 32 97 89 80 70 78 38 21 39 91 59 61 84 33 87 73
41 31 20 55 87 12 63 3 73 21 19 13 32 18 46 32 8 94 28 34 76 15 31 2 27 19 80 0 10 2 80 66 82 22 72 97 15 21 58 97 36 53 91 96 8 99 54 5 33 12
68 96 38 71 15 34 93 72 25 4 97 87 71 7 44 9 39 37 94 64 51 91 79 42 84 71 57 34 93 17 97 22 11 98 85 17 59 86 7 84 44 60 15 68 37 46 46 25 80 90
83 19 71 94 97 75 94 72 41 32 34 75 64 72 48 52 81 58 0 74 41 25 59 39 36 46 30 45 47 36 44 47 87 85 61 56 53 5 35 70 31 68 51 18 23 22 99 94 87 57
45 28 26 6 93 32 19 25 86 44 85 28 43 14 81 19 94 78 39 62 90 19 90 28 33 9 76 42 87 29 83 98 24 73 2 61 75 25 54 79 42 44 6 98 71 36 86 33 29 64
50 96 13 77 20 19 37 69 20 14 69 13 79 24 44 96 27 42 84 19 73 26 30 4 35 68 17 85 83 63 91 31 40 21 62 53 29 98 89 73 55 14 49 3 29 0 32 78 96 25
52 5 29 91 13 32 87 23 32 39 0 56 79 90 97 34 90 98 48 21 54 65 46 83 75 71 66 69 8 10 79 9 8 32 8 55 60 41 29 85 19 88 51 62 79 95 84 63 34 60
83 16 15 88 49 2 95 55 61 39 63 74 82 40 73 21 5 41 98 31 86 48 82 43 12 77 90 1 17 41 92 81 61 53 21 80 20 77 93 43 48 65 76 96 97 18 55 0 55 27
35 27 99 8 33 28 35 55 47 4 20 75 77 3 87 58 93 80 5 27 14 14 8 49 17 73 86 4 74 72 13 32 62 71 4 4 8 43 86 4 6 73 63 4 10 58 99 62 52 75
92 27 29 35 36 83 0 45 67 28 13 46 75 79 82 43 3 62 5 23 86 2 90 20 9 46 14 34 98 61 37 63 0 14 85 14 1 97 83 40 84 39 31 10 11 75 94 98 33 63
71 27 39 22 32 72 0 75 30 11 46 25 17 13 76 97 79 71 97 36 20 83 20 72 26 57 85 69 28 51 95 79 10 72 4 74 67 78 31 21 72 74 68 21 93 99 37 44 37 53
57 59 54 82 8 28 4 6 99 69 69 78 68 34 83 84 35 9 72 4 63 38 29 31 57 28 99 61 3 57 7 39 62 4 55 68 21 45 0 73 12 21 77 17 34 22 40 70 78 0
80 88 11 4 72 31 5 33 37 56 21 91 35 10 20 83 25 8 18 32 68 63 77 1 92 55 7 10 56 52 42 97 79 46 55 28 0 83 99 36 81 90 64 46 36 42 51 47 98 66
76 24 18 95 67 81 25 97 45 15 93 61 35 88 66 34 3 20 21 39 90 46 16 27 75 37 4 76 26 49 74 83 71 88 25 79 69 41 43 5 38 67 59 16 45 71 48 99 76 12
79 33 19 78 67 62 58 74 48 99 79 81 67 89 84 80 63 84 14 50 34 15 55 75 68 71 3 3 21 88 77 52 89 85 80 39 23 13 86 91 61 56 34 1 52 20 25 49 64 77
94 81 9 97 1 65 40 66 54 21 96 11 49 46 0 39 97 3 74 82 51 7 90 64 16 53 14 56 22 82 85 30 39 89 78 13 54 10 2 86 41 9 4 91 86 23 39 66 55 9
23 23 98 76 17 1 10 71 86 4 44 6 41 82 0 71 98 47 95 63 25 66 19 38 68 67 49 66 1 69 78 28 55 5 87 69 64 97 67 72 66 43 79 83 36 97 48 25 50 11
84 64 37 1 96 77 49 51 11 7 35 86 8 19 45 46 8 76 39 11 70 81 69 22 7 43 7 21 17 90 5 34 1 26 33 56 26 60 95 80 75 92 28 19 16 82 44 12 17 62
75 48 46 91 7 65 5 44 90 99 47 13 0 54 6 97 37 72 79 30 72 90 90 79 7 80 38 70 95 2 32 17 47 87 49 31 61 19 67 0 37 97 80 99 42 80 47 55 45 88
81 80 20 97 19 70 35 20 29 34 75 74 51 74 21 54 11 12 51 28 14 59 13 90 47 12 39 97 35 65 31 86 10 71 76 24 84 54 34 74 56 98 99 55 19 35 10 86 27 12
89 34 22 7 10 81 59 6 78 88 99 96 43 92 1 51 40 27 73 75 97 79 75 9 77 5 14 98 83 86 39 94 15 3 69 85 4 11 53 40 21 23 35 3 49 41 73 82 36 61
76 39 63 82 4 6 26 13 26 60 46 41 21 61 30 99 3 76 80 50 26 15 99 27 68 87 15 55 31 97 81 56 47 15 40 50 49 20 70 23 57 67 68 36 38 46 89 0 84 92
60 13 33 71 54 75 68 8 72 61 62 82 49 64 31 81 89 40 91 46 63 90 89 18 77 48 39 73 55 42 10 87 76 20 23 10 18 66 18 88 67 91 70 9 98 0 97 21 3 31
91 55 92 78 24 33 88 17 4 45 65 80 56 27 31 6 1 57 74 41 75 4 57 5 17 23 61 12 81 59 56 72 1 60 7 11 50 87 14 81 20 80 41 81 71 4 27 89 56 99
19 57 79 15 68 54 17 7 89 40 45 51 94 95 15 5 66 89 42 49 7 15 70 38 20 53 51 92 71 9 82 65 38 42 57 25 89 95 72 43 35 73 78 48 83 92 64 91 6 96
31 52 2 44 48 51 55 70 51 17 80 89 65 24 19 30 72 30 94 84 63 45 12 41 69 58 83 49 72 60 70 91 39 2 72 5 32 31 85 18 98 84 61 42 32 23 42 27 37 58
44 91 35 8 94 86 35 65 11 24 15 8 38 77 18 8 49 8 94 67 26 99 53 17 43 27 53 44 7 80 20 60 82 36 29 34 45 79 52 49 13 82 11 18 49 4 90 56 12 41
31 57 9 78 22 87 17 83 61 72 73 91 61 62 87 84 30 1 32 11 71 17 67 24 80 3 4 38 63 98 95 79 31 10 32 13 53 55 78 2 62 67 46 62 72 3 5 9 27 82
52 17 4 25 66 43 84 18 28 73 60 8 61 22 31 3 99 7 15 3 53 8 63 5 23 84 92 9 37 55 15 11 58 28 37 57 21 8 30 33 75 42 96 47 7 67 38 24 12 8
24 74 21 83 35 28 3 17 67 68 66 70 58 69 15 44 48 4 22 62 0 19 71 76 54 12 39 99 53 87 83 6 96 63 82 19 95 62 1 23 58 82 17 41 14 99 10 46 30 83
41 71 15 59 23 21 26 10 25 81 3 91 21 10 23 64 51 49 34 97 63 77 68 66 88 38 99 71 2 7 55 26 21 86 0 1 84 46 2 70 21 22 86 29 18 13 12 2 90 47
55 55 52 3 37 27 52 71 65 9 73 88 26 50 9 91 40 66 14 89 95 4 12 15 98 14 90 30 86 40 66 16 45 65 66 40 18 31 6 37 46 59 23 58 47 26 72 99 59 24
85 45 94 0 83 73 46 8 79 50 37 30 10 4 42 68 22 23 70 22 78 45 68 44 51 41 51 8 15 45 66 13 72 71 56 2 88 54 40 22 47 50 50 45 92 36 74 94 37 63
90 60 53 83 96 82 95 90 40 54 40 28 54 44 74 81 32 36 80 64 77 85 60 83 40 68 52 23 9 91 53 76 79 63 90 58 64 87 98 48 47 62 56 1 86 73 79 25 88 31
