27 18
0 0 1 2 3 3 4 4 5 6 7 7 8 9 10 10 11 12 13 14 15 15 16 17 17 18 19 19 20 20 21 21 22 22 23 24 24 25 26 27 28 28 29 30 30 31 32 32 33 33
34 34 1 2 35 35 36 37 5 6 38 38 8 9 39 40 41 12 13 14 42 42 16 43 43 18 44 44 45 46 47 47 48 49 49 50 51 25 26 27 52 53 54 54 55 55 56 56 57 58
59 59 60 61 61 62 36 63 63 64 64 65 66 67 39 68 41 69 69 70 71 72 73 73 74 75 75 76 76 46 77 78 79 79 80 80 51 81 81 82 52 53 83 83 84 85 85 86 86 58
87 88 60 89 89 62 90 90 91 91 92 92 66 67 93 68 94 94 95 70 71 72 96 96 74 97 98 99 99 100 100 78 101 102 103 104 105 105 106 106 107 107 108 109 84 110 111 111 112 113
87 114 114 115 116 116 117 118 119 119 120 121 121 122 93 123 124 124 95 125 126 127 128 128 129 130 98 131 132 132 133 133 101 102 103 104 134 135 136 136 137 138 138 109 139 110 140 140 112 141
142 143 143 115 144 145 145 118 146 146 120 147 147 122 148 148 149 150 150 151 126 152 152 153 129 130 154 131 155 156 157 158 159 160 161 162 134 135 163 163 137 164 164 165 165 166 166 167 167 141
142 168 169 170 171 171 172 172 173 173 174 174 175 176 177 177 149 178 178 151 179 180 181 153 182 183 183 184 155 156 157 158 159 160 161 185 185 186 187 188 189 190 191 191 192 192 193 194 195 195
196 168 169 197 198 199 199 200 200 201 202 203 204 176 205 206 207 208 208 209 179 180 181 210 211 211 212 212 213 214 214 215 216 216 217 217 218 218 187 188 189 190 219 220 221 221 193 194 222 222
223 223 224 197 198 225 225 226 227 201 202 203 204 228 205 206 207 229 230 231 232 233 233 210 234 235 236 237 213 238 239 239 240 241 241 242 243 244 245 245 246 246 219 247 248 248 249 249 250 250
251 252 253 254 255 256 256 226 257 258 259 260 261 228 262 263 263 229 230 231 264 264 265 265 234 235 236 266 266 238 267 267 240 268 269 270 243 271 271 272 273 274 274 247 275 276 277 277 278 278
251 252 253 254 255 279 280 280 257 281 259 260 261 282 282 283 284 285 286 286 287 288 288 289 289 290 290 291 291 292 293 294 295 268 296 270 297 297 298 272 299 299 300 300 275 276 301 302 303 303
304 305 305 306 306 279 307 307 308 281 309 309 310 311 311 283 284 285 312 312 287 313 314 314 315 315 316 317 318 319 293 294 295 320 296 321 322 322 298 323 324 324 325 326 327 328 301 302 329 330
331 332 332 333 333 334 334 335 308 336 337 338 310 339 340 341 342 343 343 344 344 313 345 346 346 347 347 317 318 319 348 349 350 350 351 321 352 352 353 354 355 356 325 326 327 328 357 357 329 330
331 358 358 359 359 360 361 361 362 336 363 338 364 339 365 341 366 367 367 368 369 370 371 372 373 373 374 375 375 376 348 349 377 377 351 378 378 379 353 354 355 380 381 382 382 383 384 384 385 385
386 386 387 388 388 389 389 390 362 391 363 392 393 394 365 395 366 396 396 368 369 370 371 372 397 397 374 398 398 376 399 400 400 401 401 402 402 403 403 404 405 380 381 406 407 408 409 410 410 411
412 413 387 414 415 416 417 390 418 391 419 419 393 394 420 421 421 422 422 423 423 424 425 426 427 428 428 429 430 430 399 431 432 433 434 435 436 437 437 438 405 439 440 406 407 408 409 441 442 411
443 413 444 414 415 416 417 445 446 447 447 448 449 450 451 451 452 452 453 454 454 424 425 426 427 455 455 456 456 457 458 458 432 433 434 435 436 459 459 438 460 439 440 461 461 462 462 441 442 463
443 464 444 465 466 466 467 445 446 468 469 469 449 450 470 470 471 472 453 473 474 474 475 475 476 477 477 478 479 457 480 480 481 481 482 482 483 484 485 486 487 488 489 490 491 492 493 494 494 463
495 464 496 496 497 497 467 498 499 500 500 501 501 502 503 503 471 504 504 473 505 506 506 507 507 508 509 478 510 510 511 511 512 512 513 514 514 484 515 486 487 488 489 490 516 492 493 517 518 518
495 519 520 520 521 522 522 498 499 523 523 524 524 525 526 527 527 528 528 529 529 530 530 531 532 508 509 533 533 534 535 535 536 536 513 537 538 539 515 540 541 541 542 543 516 544 544 517 545 546
547 519 548 548 549 550 550 551 551 552 553 553 554 525 555 556 556 557 557 558 559 560 561 531 532 562 562 563 563 534 564 564 565 566 566 537 538 567 567 540 568 568 542 543 569 570 570 571 545 546
547 572 573 573 549 574 574 575 575 552 576 576 554 577 555 578 579 580 580 558 559 560 561 581 582 583 584 584 585 586 587 587 565 588 588 589 590 591 591 592 593 594 595 595 569 596 596 571 597 598
599 572 600 601 602 602 603 603 604 604 605 605 606 577 607 578 579 608 608 609 610 610 611 581 582 583 612 612 585 613 613 614 615 615 616 589 617 617 618 592 593 619 619 620 620 621 621 622 597 598
599 623 623 601 624 624 625 625 626 627 628 629 606 630 607 631 632 633 634 635 636 637 637 638 639 639 640 641 641 642 642 614 643 644 616 645 646 647 648 648 649 649 650 651 651 652 652 622 653 654
655 656 656 657 658 659 660 661 626 627 662 629 663 663 664 664 632 665 634 635 666 667 668 638 669 670 640 671 672 673 673 674 674 644 675 676 646 647 677 677 678 678 679 680 680 681 682 682 653 683
655 684 685 686 658 659 660 661 687 688 662 689 690 691 691 692 692 665 693 693 666 667 668 694 694 670 695 696 672 697 698 699 700 700 675 676 701 702 703 703 704 704 679 705 705 681 706 707 708 683
709 684 685 686 710 711 712 712 687 688 713 689 714 714 715 716 716 717 718 718 719 719 720 721 722 723 695 696 724 697 698 725 726 726 727 727 701 702 728 728 729 730 731 731 732 733 706 707 708 734
709 735 736 736 710 711 737 738 739 739 740 740 741 742 742 743 744 744 745 746 746 747 720 721 722 723 748 748 749 750 750 725 751 752 753 753 754 755 756 756 757 730 758 759 732 760 760 761 762 734
763 735 764 764 765 765 737 766 766 767 768 769 741 770 771 772 773 773 745 774 774 747 775 776 777 778 778 779 749 780 781 781 751 752 782 783 754 755 784 784 757 785 758 759 786 787 788 761 762 789
790 791 792 792 793 794 794 795 795 767 796 769 797 797 771 772 798 799 799 800 801 802 802 776 777 803 803 779 804 780 805 806 807 807 782 783 808 809 809 810 810 785 811 811 786 787 788 812 812 813
790 791 814 814 815 815 816 817 818 819 796 820 820 821 821 822 822 823 823 800 801 824 824 825 825 826 827 827 828 828 805 829 830 830 831 832 832 833 833 834 834 835 835 836 837 838 838 839 839 813
840 841 842 842 843 844 844 817 818 819 845 845 846 846 847 847 848 849 849 850 851 851 852 852 853 826 854 854 855 856 857 829 858 859 859 860 861 862 862 863 864 864 865 836 837 866 867 867 868 869
840 841 870 871 872 873 874 874 875 875 876 876 877 878 879 880 848 881 882 850 883 883 884 885 853 886 887 888 855 856 889 889 858 890 891 860 861 892 893 863 894 895 895 896 896 866 897 897 868 869
898 899 870 900 872 901 901 902 902 903 903 904 877 878 879 880 905 905 882 906 907 907 884 885 908 886 887 888 909 909 910 911 911 890 891 912 912 892 913 913 914 915 915 916 917 917 918 919 920 921
898 899 922 900 923 923 924 925 926 926 927 904 928 929 930 930 931 932 932 906 933 934 935 936 908 937 937 938 939 939 910 940 941 942 942 943 943 944 945 946 914 947 948 948 949 950 918 919 951 921
952 952 953 953 954 955 924 956 956 957 958 958 928 929 959 959 931 960 961 961 962 934 963 936 964 965 966 966 967 967 968 940 941 969 969 970 970 944 945 946 971 947 972 972 973 950 974 974 951 975
976 977 978 979 979 955 980 980 981 957 982 982 983 984 985 985 986 987 987 988 962 989 963 990 964 991 992 993 993 994 968 995 995 996 996 997 997 998 999 1000 1001 1001 1002 1002 973 1003 1003 1004 1004 975
976 977 978 1005 1005 1006 1007 1007 981 1008 1008 1009 1010 984 1011 1012 986 1013 1013 1014 1014 1015 1016 1017 1017 991 1018 1019 1020 994 1021 1022 1022 1023 1023 1024 1025 1025 999 1000 1026 1026 1027 1027 1028 1029 1029 1030 1031 1032
1033 1033 1034 1035 1035 1036 1036 1037 1037 1038 1038 1009 1010 1039 1011 1012 1040 1040 1041 1041 1042 1015 1043 1044 1045 1046 1018 1019 1047 1047 1048 1049 1050 1051 1051 1052 1053 1053 1054 1054 1055 1055 1056 1056 1028 1057 1057 1030 1031 1058
1059 1059 1034 1060 1061 1061 1062 1063 1063 1064 1064 1065 1065 1039 1066 1066 1067 1068 1069 1070 1070 1071 1043 1044 1045 1046 1072 1072 1073 1074 1048 1049 1050 1075 1076 1052 1077 1077 1078 1078 1079 1080 1080 1081 1081 1082 1083 1083 1084 1058
1085 1086 1087 1060 1088 1089 1062 1090 1091 1092 1092 1093 1093 1094 1095 1095 1067 1068 1069 1096 1097 1098 1098 1099 1100 1100 1101 1101 1102 1074 1103 1104 1105 1075 1076 1106 1107 1108 1108 1109 1079 1110 1110 1111 1111 1112 1112 1113 1084 1114
1115 1086 1087 1116 1088 1089 1117 1117 1091 1118 1119 1119 1120 1094 1121 1121 1122 1123 1124 1124 1097 1125 1125 1099 1126 1127 1128 1128 1102 1129 1103 1104 1105 1130 1130 1106 1107 1131 1131 1132 1133 1133 1134 1135 1136 1136 1137 1113 1138 1114
1115 1139 1139 1140 1141 1142 1142 1143 1144 1144 1145 1145 1146 1146 1147 1147 1122 1148 1149 1150 1150 1151 1152 1152 1126 1127 1153 1153 1154 1155 1156 1157 1157 1158 1159 1160 1160 1161 1161 1132 1162 1162 1134 1135 1163 1164 1137 1165 1138 1166
1167 1167 1168 1140 1141 1169 1169 1170 1170 1171 1171 1172 1172 1173 1174 1175 1176 1148 1177 1177 1178 1151 1179 1180 1180 1181 1181 1182 1154 1155 1156 1183 1183 1184 1159 1185 1186 1186 1187 1187 1188 1188 1189 1189 1163 1164 1190 1190 1191 1166
1192 1192 1193 1193 1194 1194 1195 1195 1196 1197 1198 1199 1199 1173 1174 1175 1176 1200 1201 1201 1178 1202 1202 1203 1204 1204 1205 1205 1206 1207 1208 1209 1209 1184 1210 1185 1211 1212 1213 1214 1215 1216 1216 1217 1217 1218 1218 1219 1191 1220
1221 1221 1222 1223 1224 1225 1225 1226 1227 1197 1228 1228 1229 1230 1230 1231 1231 1232 1232 1233 1234 1235 1236 1237 1238 1238 1239 1240 1206 1207 1208 1241 1242 1242 1243 1244 1211 1245 1213 1214 1215 1246 1247 1248 1248 1249 1249 1250 1250 1220
1251 1251 1222 1223 1224 1252 1253 1226 1227 1254 1255 1255 1229 1256 1257 1258 1258 1259 1259 1233 1234 1235 1260 1237 1261 1261 1239 1262 1262 1263 1264 1241 1265 1265 1243 1244 1266 1245 1267 1268 1269 1246 1270 1271 1272 1273 1273 1274 1274 1275
1276 1277 1277 1278 1278 1252 1279 1279 1280 1280 1281 1281 1282 1256 1283 1284 1284 1285 1286 1287 1288 1289 1260 1290 1290 1291 1292 1293 1294 1263 1264 1295 1296 1296 1297 1298 1266 1299 1299 1268 1269 1300 1270 1271 1272 1301 1301 1302 1303 1303
1304 1305 1305 1306 1306 1307 1307 1308 1309 1310 1311 1312 1312 1313 1283 1314 1315 1285 1316 1287 1288 1289 1317 1317 1318 1291 1292 1293 1294 1319 1320 1295 1321 1321 1297 1298 1322 1322 1323 1323 1324 1325 1326 1326 1327 1328 1328 1302 1329 1329
1304 1330 1330 1331 1331 1332 1333 1333 1309 1310 1311 1334 1334 1313 1335 1314 1336 1336 1316 1337 1337 1338 1338 1339 1318 1340 1340 1341 1341 1319 1320 1342 1342 1343 1344 1344 1345 1345 1346 1346 1324 1325 1347 1348 1348 1349 1349 1350 1350 1351
75 81 3 7 15 0 6 61 21 95 32 8 41 50 57 48 31 94 96 64 12 31 54 69 50 49 88 80 13 90 77 95 68 11 41 44 86 26 21 59 79 42 80 70 96 19 77 33 91 86
80 7 28 13 66 72 66 37 85 10 36 26 95 49 75 4 99 61 83 15 44 11 96 27 58 49 32 52 79 84 37 39 5 37 68 82 50 35 59 97 82 12 83 8 21 64 53 90 43 58
53 79 74 11 91 37 46 80 57 16 97 6 21 38 74 26 54 59 43 58 22 3 63 98 63 94 67 63 22 90 75 98 14 68 35 63 99 46 18 47 17 67 25 9 72 81 22 23 81 32
45 14 44 18 93 89 86 22 39 47 6 45 12 35 68 47 79 65 64 84 52 37 99 37 99 45 19 62 95 43 76 90 1 56 60 44 70 48 18 88 21 24 5 23 93 85 59 5 43 0
96 85 92 24 68 94 89 20 28 41 11 96 84 25 78 21 32 0 27 34 2 61 36 33 32 30 29 37 83 88 9 19 15 41 28 83 78 47 75 79 65 34 53 79 31 37 35 43 1 36
30 95 89 3 25 91 52 69 9 98 44 75 43 93 73 82 61 27 95 31 4 58 57 67 36 78 22 98 10 40 79 84 44 8 75 50 37 35 59 83 60 51 13 22 71 42 11 67 47 96
30 34 51 77 38 7 70 24 27 97 92 42 18 58 76 42 72 12 74 96 2 9 22 83 36 77 59 54 33 81 71 7 97 46 16 89 38 91 3 30 1 91 87 27 50 64 91 83 56 88
65 66 24 35 61 67 47 41 27 42 59 81 92 43 96 37 96 86 52 94 96 42 44 46 91 58 25 0 80 94 37 44 43 90 15 25 41 57 43 12 47 56 2 8 52 0 71 57 39 65
91 29 51 77 9 62 44 13 41 94 99 11 91 92 10 51 26 24 56 7 99 11 38 47 13 66 20 5 77 33 82 22 98 91 18 51 56 45 81 9 67 8 77 17 84 61 83 30 67 59
7 37 46 68 61 61 26 41 63 17 63 34 45 6 29 62 5 8 2 18 41 75 44 22 10 84 74 50 23 35 16 26 76 0 9 10 55 89 14 33 30 50 71 12 17 8 40 46 37 17
79 86 72 85 6 88 13 92 75 3 61 29 83 85 67 95 25 30 89 37 37 74 61 27 52 44 18 92 84 37 75 76 15 41 1 31 62 83 22 90 42 2 26 40 66 1 27 86 96 22
68 81 81 31 41 56 96 97 4 41 10 81 96 18 56 39 67 19 76 37 40 75 87 58 23 8 51 57 85 27 25 10 51 73 47 63 54 85 46 43 82 63 66 41 86 41 2 81 82 22
31 24 16 76 98 31 15 73 51 84 65 32 29 97 56 63 5 10 88 79 19 17 89 21 31 47 90 95 41 48 53 52 86 62 92 48 88 7 78 47 91 72 27 66 20 31 77 97 87 80
90 30 42 0 65 95 6 66 56 10 69 19 75 56 58 61 82 20 96 85 34 8 28 84 90 69 52 95 52 1 52 42 81 73 89 25 76 0 15 61 97 12 16 19 42 81 52 26 93 8
73 48 24 99 65 39 68 1 71 85 40 93 83 92 96 8 15 76 8 35 58 79 71 68 40 76 20 27 27 80 90 71 48 75 81 61 62 71 11 94 38 17 99 61 18 33 16 0 85 8
33 30 32 56 8 42 47 58 62 94 13 73 85 71 26 69 46 97 26 38 61 61 43 20 8 1 10 84 31 93 26 93 19 30 24 37 40 66 75 88 71 40 51 50 60 10 9 54 90 85
61 85 26 60 26 74 39 31 26 86 52 40 79 93 83 2 2 66 69 98 18 93 66 16 63 85 54 14 57 3 81 68 51 11 41 90 88 43 86 48 61 99 91 68 38 74 27 80 40 71
16 38 31 49 23 97 91 10 66 58 22 31 18 21 52 87 27 61 85 60 3 35 8 74 93 95 29 81 43 76 50 89 59 30 16 25 98 44 0 1 93 46 81 39 16 50 32 88 8 2
87 69 51 0 56 89 90 51 18 31 63 44 67 68 85 75 0 82 38 64 50 84 67 65 16 39 86 91 57 63 21 12 68 98 67 70 58 52 56 1 2 24 65 54 32 23 14 42 47 60
5 57 20 15 78 50 38 7 23 24 67 31 47 28 35 83 39 75 69 36 56 82 41 26 94 12 92 87 91 69 61 48 61 5 27 67 27 80 15 92 3 45 12 63 25 71 82 72 3 74
79 51 0 5 81 67 56 43 66 34 77 89 1 96 1 57 88 13 13 87 38 92 83 53 76 58 95 14 57 29 46 84 92 27 69 76 60 28 27 47 13 8 20 43 80 12 10 51 88 89
27 30 62 11 45 79 12 17 10 52 45 20 11 22 56 93 97 84 4 4 57 85 45 42 73 69 90 80 73 6 50 32 10 35 20 49 31 24 27 84 25 94 77 99 64 15 63 44 57 55
75 46 0 59 2 39 63 85 50 39 39 75 45 62 92 27 18 14 17 8 71 99 43 81 59 4 51 20 40 46 78 96 86 63 1 38 55 88 71 40 74 89 59 69 83 77 0 62 38 75
29 84 6 36 90 64 86 41 7 90 55 29 87 88 81 59 48 32 75 32 58 28 23 77 78 39 77 10 18 1 48 63 67 64 97 52 82 28 19 67 90 71 7 94 7 73 49 96 33 21
43 84 22 54 89 85 22 48 39 52 69 37 74 50 56 91 58 9 87 16 44 52 35 0 58 57 20 97 26 65 87 15 42 11 72 60 19 68 70 19 12 34 28 93 5 25 47 46 16 72
82 58 99 71 84 4 76 6 41 22 15 66 79 7 75 63 70 54 4 37 49 72 23 38 69 63 20 90 81 53 53 23 38 34 73 28 20 14 50 15 53 53 68 91 35 85 94 52 62 21
63 85 68 10 56 31 96 68 74 85 42 36 2 85 36 59 69 94 62 36 76 4 55 30 91 32 15 97 40 0 6 97 66 15 84 0 23 23 99 67 90 61 88 37 50 91 48 41 94 79
44 35 37 87 26 73 96 42 51 23 19 85 8 13 43 5 6 49 72 23 27 51 0 99 31 19 21 30 53 77 12 56 36 93 11 71 16 39 2 94 48 8 87 0 29 79 36 19 66 11
46 67 24 86 26 52 38 9 45 16 75 62 80 3 61 26 67 62 29 13 15 57 19 31 32 26 96 16 61 79 59 40 83 53 11 71 30 55 40 21 43 59 70 3 67 84 57 7 28 95
92 99 65 18 98 14 47 14 0 87 50 54 8 10 98 43 15 97 20 49 39 56 34 7 50 83 53 5 33 15 41 11 5 68 38 69 2 45 61 1 36 64 45 50 84 98 46 70 30 99
41 34 74 27 42 55 90 65 33 65 21 55 0 87 21 76 1 28 32 11 9 11 59 84 64 46 85 31 31 25 25 39 53 46 85 74 32 87 61 4 76 63 2 49 24 44 57 99 47 66
53 65 94 27 49 86 50 78 7 90 15 84 76 17 20 8 78 10 99 97 64 87 86 88 72 54 19 51 78 9 82 71 2 43 61 44 86 15 97 5 32 5 50 69 17 71 72 35 36 21
41 86 57 10 49 41 74 47 4 82 52 56 44 72 44 52 42 4 25 22 31 67 11 51 91 53 42 59 92 57 86 34 7 91 80 16 39 24 91 40 83 57 83 47 28 38 57 75 35 38
43 27 1 1 53 3 92 5 64 5 92 37 38 94 86 13 34 97 25 50 22 79 27 41 54 55 30 50 72 26 19 65 19 34 20 7 42 31 49 46 59 45 3 58 37 91 29 4 74 1
40 8 44 40 23 11 61 75 14 62 39 21 86 70 84 10 72 62 21 93 24 59 85 95 3 34 99 28 49 64 34 16 22 5 60 55 19 19 2 55 37 66 70 79 64 37 56 34 66 15
69 34 90 98 20 64 16 50 74 9 21 3 11 56 55 21 88 73 54 31 34 67 81 73 20 38 77 47 26 22 24 47 76 80 26 0 97 29 19 65 73 6 2 41 72 98 40 10 93 3
86 6 33 30 8 88 33 53 33 91 39 0 72 40 24 25 92 81 94 6 88 10 34 46 13 28 44 67 44 67 84 69 9 72 64 53 2 40 94 18 47 4 45 71 80 92 9 47 10 97
66 46 26 39 69 30 82 93 49 22 29 23 71 16 11 10 4 35 54 46 66 14 26 7 36 64 64 6 35 83 39 63 54 13 28 99 56 25 33 65 37 31 72 69 79 85 18 83 87 57
9 92 74 9 78 52 37 64 43 39 72 74 4 68 87 82 16 48 87 60 94 13 36 47 60 31 77 22 26 59 26 35 66 98 64 68 57 45 55 54 84 77 50 39 94 75 78 83 87 71
73 69 87 90 39 77 38 69 1 92 36 35 79 28 79 64 67 7 97 40 85 85 34 25 8 54 86 42 3 74 38 50 42 64 36 23 23 45 53 57 3 68 93 49 43 66 71 2 40 93
67 3 44 57 62 7 95 19 4 38 78 63 84 73 72 28 52 13 86 87 49 16 47 0 24 44 85 11 87 41 47 84 40 65 26 76 50 37 63 68 59 6 81 62 17 51 68 30 99 76
66 84 83 56 23 44 31 85 1 60 79 18 52 42 81 58 38 54 46 65 56 27 90 21 52 5 13 62 66 29 20 86 56 13 24 16 75 95 12 45 59 17 85 26 61 74 90 49 53 31
42 11 83 94 59 91 30 55 20 56 11 46 19 67 20 79 73 61 23 54 71 49 14 63 67 14 23 78 69 53 1 6 51 54 74 48 10 96 26 40 44 87 43 69 53 29 36 21 64 86
97 71 95 54 23 77 92 58 87 75 66 98 57 70 81 78 52 63 89 59 16 82 22 52 58 49 19 89 13 58 37 76 96 37 96 91 66 55 41 17 55 17 12 61 85 33 7 40 75 95
95 31 83 32 10 48 72 89 39 63 95 7 18 93 92 67 90 58 12 23 54 37 78 12 90 90 59 76 90 45 17 31 60 90 95 33 9 98 26 23 27 28 55 60 13 88 11 29 36 55
62 74 12 26 16 29 53 29 57 11 56 69 58 89 53 1 12 46 95 19 79 92 85 79 23 78 28 51 52 34 58 46 39 6 81 9 51 73 67 18 94 50 13 81 93 2 70 78 42 64
61 70 17 78 79 43 5 19 24 1 96 6 10 62 84 34 35 84 39 22 44 50 16 35 26 57 82 4 74 18 46 52 2 74 58 99 57 95 2 71 44 78 88 9 72 59 85 98 49 31
80 84 1 69 43 66 50 84 9 51 0 70 76 76 51 48 29 44 9 38 29 59 17 89 44 42 68 6 91 78 1 1 33 96 9 36 2 14 31 48 29 65 34 42 57 56 44 86 80 62
61 16 91 97 96 71 87 41 36 57 37 56 33 64 89 70 37 77 39 12 23 9 88 84 25 10 81 53 88 59 52 62 91 44 5 69 2 12 3 96 96 49 50 46 93 6 22 7 5 60
34 90 55 15 91 7 81 47 22 40 20 27 65 74 30 27 84 81 17 48 90 67 88 11 64 15 89 64 89 94 30 99 6 11 81 36 69 18 84 1 27 89 24 70 78 3 30 15 46 0
