20 39
0 0 1 2 3 4 4 5 5 6 7 7 8 9 9 10 11 12 12 13 14 14 15 16 16 17 18 19 19 20 20 21 22 23 24 25 25 26 27 28 28 29 29 30 31 32 33 33 34 35
36 37 1 2 38 38 39 40 40 6 41 41 42 42 43 44 11 45 46 46 47 47 15 48 49 17 18 50 51 52 52 21 53 23 24 54 54 26 27 55 56 56 57 30 58 32 59 59 34 35
36 60 61 62 63 63 64 65 66 67 67 68 68 69 43 44 70 71 71 72 73 74 75 48 76 76 77 50 51 78 79 79 53 80 80 81 82 82 83 83 84 85 57 86 58 87 87 88 89 89
90 60 61 91 92 93 64 65 66 94 94 95 95 69 96 97 70 98 99 99 73 74 100 100 101 102 77 103 104 104 105 105 106 107 108 108 109 110 111 111 84 85 112 112 113 114 115 115 116 117
118 119 119 91 92 93 120 121 122 122 123 123 124 124 96 125 126 98 127 128 129 130 131 131 101 102 132 132 133 134 135 136 106 107 137 137 109 110 138 138 139 139 140 140 113 114 141 141 116 117
118 142 143 143 144 145 120 121 146 147 148 149 149 150 151 125 152 153 154 128 129 155 155 156 156 157 157 158 159 134 135 136 160 161 161 162 162 163 163 164 164 165 166 167 168 168 169 169 170 170
171 172 173 173 144 145 174 174 146 147 148 175 175 150 151 176 152 153 154 177 177 178 178 179 179 180 180 158 159 181 182 182 160 183 183 184 184 185 185 186 187 165 166 188 188 189 190 190 191 192
171 172 193 193 194 195 196 197 198 198 199 199 200 201 201 176 202 202 203 204 205 206 207 208 209 209 210 211 211 181 212 213 214 215 215 216 217 218 218 186 187 219 220 221 222 189 223 224 191 192
225 226 227 227 228 195 196 197 229 229 230 231 232 232 233 234 234 235 235 204 236 206 207 237 238 238 210 239 240 241 212 213 242 242 243 216 244 244 245 246 247 219 220 221 248 248 223 249 249 250
225 226 251 252 228 253 254 254 255 255 230 231 256 256 233 257 257 258 258 259 236 260 260 237 261 262 262 239 240 241 263 264 265 265 266 266 267 267 245 268 247 269 270 271 271 272 272 273 273 250
274 275 251 276 276 277 278 279 279 280 280 281 282 283 283 284 285 286 286 259 287 287 288 288 261 289 289 290 290 291 263 264 292 293 294 295 295 296 297 268 298 298 270 299 300 300 301 301 302 302
274 275 303 304 304 277 278 305 306 307 307 281 282 308 308 284 309 309 310 311 312 312 313 314 314 315 316 317 317 291 318 319 292 293 294 320 321 296 297 322 323 324 324 299 325 326 326 327 327 328
329 330 330 331 332 332 333 305 306 334 335 336 337 337 338 339 339 340 310 341 342 343 313 344 345 315 316 346 346 347 347 319 348 349 350 350 321 351 352 322 353 354 355 355 325 356 357 358 358 328
329 359 360 361 362 363 333 364 364 334 365 336 366 367 368 369 369 340 370 341 342 371 371 344 345 372 373 373 374 374 375 376 376 349 377 377 378 351 379 380 353 381 382 383 383 356 357 384 384 385
386 359 360 361 362 363 387 387 388 388 365 389 366 390 368 391 392 393 394 395 396 397 398 399 400 400 401 402 402 403 375 404 404 405 405 406 407 407 379 408 408 381 382 409 409 410 410 411 411 385
386 412 412 413 413 414 415 415 416 416 417 389 418 390 419 419 392 420 394 395 396 397 398 421 421 422 423 423 424 424 425 426 427 427 428 406 429 430 430 431 432 433 434 434 435 436 436 437 438 439
440 441 442 443 444 414 445 446 447 447 448 449 418 450 451 452 452 420 453 454 454 455 455 456 456 422 457 458 458 459 460 426 461 461 428 462 463 463 464 431 432 433 465 466 435 467 468 437 438 469
440 441 442 443 444 470 470 446 471 471 448 449 472 472 451 473 474 474 453 475 476 476 477 478 479 479 480 480 481 459 460 482 483 484 484 485 486 487 487 488 488 489 465 466 490 467 468 491 492 469
493 493 494 494 495 496 497 498 499 499 500 500 501 502 503 473 504 505 506 506 507 508 508 478 509 510 511 511 481 512 512 482 483 513 514 485 486 515 515 516 517 489 518 519 490 520 521 521 492 522
523 524 525 526 526 496 497 498 527 528 529 529 501 502 503 530 504 505 531 531 507 532 533 534 509 535 535 536 536 537 537 538 538 513 514 539 539 540 540 516 517 541 518 542 542 520 543 543 544 522
545 524 525 546 546 547 547 548 527 528 549 550 551 552 553 530 554 554 555 555 556 532 557 534 558 559 560 561 562 563 563 564 565 565 566 567 567 568 569 570 570 571 572 572 573 573 574 575 544 576
545 577 578 579 579 580 581 582 582 583 549 584 551 552 553 585 585 586 587 587 556 588 557 589 558 559 560 561 562 590 590 591 591 592 566 593 594 568 595 596 597 571 598 599 600 601 601 575 602 602
603 577 604 604 605 606 581 607 608 609 610 584 611 611 612 612 613 613 614 615 616 617 618 589 619 619 620 621 621 622 623 624 624 625 625 626 594 627 595 596 597 628 598 629 600 630 631 631 632 632
633 633 634 635 605 606 636 637 608 609 610 638 638 639 639 640 641 641 614 615 642 617 618 643 644 644 620 645 645 622 623 646 646 647 648 626 649 650 650 651 652 653 653 629 654 630 655 655 656 657
658 659 659 635 660 660 636 637 661 661 662 663 663 664 664 640 665 666 666 667 642 668 668 643 669 669 670 671 672 673 674 674 675 647 648 676 649 677 677 651 652 678 679 680 681 681 682 682 656 683
658 684 685 685 686 686 687 688 689 689 662 690 691 691 692 692 693 694 694 667 695 695 696 696 697 698 698 671 672 699 700 701 701 702 702 676 703 704 705 706 707 707 679 680 708 709 710 711 712 683
713 714 714 715 716 716 687 688 717 718 718 690 719 720 721 722 693 723 724 725 726 727 728 729 697 730 731 732 732 699 700 733 734 735 736 736 703 704 705 706 737 737 738 738 708 709 710 711 739 739
740 740 741 715 742 743 744 744 717 745 746 746 719 720 721 722 747 723 724 725 726 748 728 729 749 730 750 750 751 752 752 733 734 753 753 754 754 755 756 756 757 757 758 759 760 760 761 762 762 763
764 764 765 765 742 743 766 766 767 767 768 769 770 770 771 771 747 772 772 773 774 748 775 776 777 778 779 779 751 780 780 781 781 782 783 783 784 784 785 785 786 787 758 759 788 788 789 789 790 763
791 792 793 794 794 795 795 796 797 797 768 769 798 798 799 799 800 800 801 801 774 802 775 803 777 804 805 806 807 808 809 810 811 811 812 813 814 815 815 816 786 787 817 818 819 819 820 821 790 822
823 792 793 824 824 825 825 796 826 826 827 827 828 829 829 830 830 831 831 832 833 833 834 803 835 804 805 806 807 808 809 810 836 836 812 813 837 838 838 816 839 840 817 841 841 842 820 843 843 844
823 845 846 847 847 848 849 849 850 851 852 852 853 853 854 855 856 857 857 832 858 859 834 860 835 861 861 862 863 863 864 864 865 866 866 867 837 868 869 870 870 840 871 871 872 842 873 874 874 844
875 875 846 876 876 848 877 878 878 851 879 880 881 882 854 855 856 883 884 885 885 859 886 887 888 888 889 862 890 891 891 892 893 894 894 867 895 895 869 896 896 897 897 898 872 899 900 901 902 903
904 904 905 905 906 906 877 907 908 909 909 880 881 882 910 910 911 883 884 912 912 913 886 887 914 915 915 916 916 917 918 918 893 919 919 920 921 921 922 922 923 923 924 924 925 926 900 901 902 903
927 928 929 930 931 931 932 907 908 933 933 934 935 935 936 937 911 938 938 939 940 913 941 942 914 943 944 944 945 917 946 946 947 947 948 920 949 950 951 952 952 953 954 955 955 926 956 957 957 958
927 928 929 930 959 960 960 961 962 962 963 963 964 964 936 937 965 966 966 939 940 967 967 942 968 969 969 970 945 971 972 973 974 975 975 976 949 977 951 978 979 953 954 980 981 981 956 982 982 958
983 984 985 986 987 988 988 961 989 989 990 991 992 992 993 993 965 994 994 995 995 996 996 997 968 998 999 970 1000 971 972 973 974 1001 1001 976 1002 977 1003 978 979 1004 1004 980 1005 1006 1006 1007 1008 1009
983 984 985 1010 987 1011 1012 1013 1013 1014 1014 991 1015 1016 1017 1018 1018 1019 1020 1021 1022 1023 1023 1024 1025 998 1026 1027 1000 1028 1029 1030 1030 1031 1031 1032 1002 1033 1033 1034 1034 1035 1036 1036 1037 1038 1039 1007 1008 1040
1041 1042 1042 1010 1043 1011 1044 1045 1045 1046 1046 1047 1047 1016 1048 1048 1049 1019 1020 1021 1022 1050 1050 1024 1025 1051 1026 1052 1053 1028 1029 1054 1055 1056 1057 1057 1058 1058 1059 1060 1061 1035 1062 1062 1037 1038 1039 1063 1064 1040
1041 1065 1065 1066 1066 1067 1044 1068 1068 1069 1070 1070 1071 1072 1073 1073 1049 1074 1075 1076 1077 1077 1078 1078 1079 1051 1080 1052 1081 1081 1082 1054 1055 1056 1083 1084 1085 1086 1059 1060 1061 1087 1087 1088 1089 1090 1090 1063 1091 1091
1092 1092 1093 1094 1094 1095 1096 1097 1097 1069 1098 1099 1099 1072 1100 1101 1101 1074 1075 1102 1103 1103 1104 1105 1105 1106 1080 1107 1108 1108 1082 1109 1110 1111 1083 1084 1085 1086 1112 1113 1114 1114 1115 1088 1089 1116 1116 1117 1118 1119
1120 1120 1121 1121 1122 1095 1123 1124 1124 1125 1125 1126 1126 1127 1127 1128 1128 1129 1129 1102 1130 1130 1104 1131 1132 1132 1133 1134 1134 1135 1136 1109 1110 1111 1137 1138 1139 1140 1112 1113 1141 1142 1142 1143 1143 1144 1145 1146 1118 1147
1148 1148 1149 1150 1151 1152 1123 1153 1154 1155 1155 1156 1157 1158 1159 1159 1160 1160 1161 1162 1163 1163 1164 1131 1165 1165 1133 1166 1167 1135 1168 1168 1169 1170 1137 1138 1139 1140 1171 1171 1172 1173 1173 1174 1175 1144 1145 1146 1176 1147
1177 1178 1178 1150 1151 1179 1180 1153 1154 1181 1181 1182 1157 1158 1183 1183 1184 1185 1186 1162 1187 1188 1164 1189 1189 1190 1191 1191 1167 1192 1192 1193 1169 1170 1194 1195 1196 1196 1197 1198 1172 1199 1199 1174 1175 1200 1201 1202 1202 1203
1204 1205 1206 1207 1207 1179 1208 1208 1209 1210 1211 1182 1212 1212 1213 1213 1184 1185 1186 1214 1187 1188 1215 1216 1217 1190 1218 1218 1219 1220 1220 1193 1221 1222 1194 1195 1223 1224 1197 1225 1225 1226 1226 1227 1227 1200 1201 1228 1229 1229
1204 1205 1230 1230 1231 1231 1232 1233 1209 1210 1211 1234 1234 1235 1236 1236 1237 1238 1239 1240 1241 1242 1215 1243 1217 1244 1244 1245 1219 1246 1246 1247 1247 1222 1248 1248 1223 1224 1249 1250 1250 1251 1251 1252 1252 1253 1253 1254 1255 1256
1257 1257 1258 1258 1259 1260 1232 1261 1261 1262 1262 1263 1263 1235 1264 1264 1237 1265 1239 1240 1241 1242 1266 1243 1267 1268 1269 1269 1270 1270 1271 1271 1272 1272 1273 1274 1275 1275 1276 1277 1278 1279 1280 1280 1281 1281 1282 1254 1255 1256
1283 1284 1285 1285 1286 1260 1287 1287 1288 1288 1289 1290 1290 1291 1291 1292 1293 1265 1294 1294 1295 1295 1266 1296 1267 1268 1297 1298 1299 1299 1300 1300 1301 1301 1273 1302 1303 1303 1276 1277 1278 1279 1304 1305 1305 1306 1307 1308 1308 1309
1283 1310 1311 1311 1286 1312 1313 1313 1314 1315 1316 1316 1317 1318 1319 1292 1293 1320 1320 1321 1321 1322 1323 1324 1325 1325 1297 1298 1326 1327 1327 1328 1329 1330 1331 1302 1332 1332 1333 1333 1334 1334 1335 1336 1337 1337 1307 1338 1338 1309
1339 1310 1340 1340 1341 1341 1342 1342 1314 1315 1343 1343 1317 1318 1319 1344 1345 1345 1346 1347 1347 1322 1323 1324 1348 1348 1349 1349 1326 1350 1350 1328 1329 1330 1331 1351 1351 1352 1353 1353 1354 1354 1335 1336 1355 1355 1356 1356 1357 1357
91 0 58 71 20 51 7 59 60 75 71 92 29 50 92 37 52 98 50 10 68 96 77 73 89 11 99 39 85 17 44 1 4 72 1 84 19 74 39 34 40 93 47 10 83 8 2 48 0 72
71 34 15 19 37 55 41 57 71 82 12 66 78 89 44 96 0 93 85 72 21 87 6 71 66 57 92 46 8 14 97 73 6 41 52 19 83 74 98 30 23 67 96 71 59 41 77 88 91 39
79 92 35 92 1 51 58 79 25 5 48 85 36 27 64 17 52 1 0 92 25 4 71 90 49 4 17 18 63 85 23 72 30 39 89 47 65 29 32 5 36 3 91 97 84 25 72 38 21 16
60 52 96 20 95 31 27 74 90 80 20 25 28 86 87 95 32 47 17 69 21 54 23 36 36 49 94 20 1 78 46 51 52 31 35 54 33 72 39 41 90 33 46 48 16 92 22 30 33 93
31 55 90 46 48 22 30 77 6 81 67 11 94 14 46 95 59 0 33 16 26 84 24 89 47 26 52 51 83 9 26 74 90 12 72 15 95 5 0 6 22 22 65 53 29 39 2 14 76 75
58 94 82 18 52 3 68 20 37 51 45 18 42 43 14 23 96 23 45 50 13 45 13 79 77 52 13 66 34 81 58 57 14 31 77 28 67 78 62 30 62 46 92 23 45 35 67 48 6 1
69 8 42 46 82 80 5 29 88 12 89 71 26 63 67 20 0 49 19 39 32 3 68 10 98 32 19 39 99 3 79 71 87 77 78 0 44 98 63 37 25 82 48 17 80 11 64 71 23 87
60 88 77 27 23 63 28 32 69 5 2 33 21 96 20 47 82 82 68 68 23 86 8 35 44 23 86 65 46 23 73 72 87 75 0 48 52 56 80 17 46 31 48 22 68 26 55 82 25 80
64 80 93 50 14 37 92 95 43 75 23 19 52 37 67 67 6 81 17 47 85 32 65 94 72 71 3 74 56 21 28 80 37 47 16 34 52 96 30 18 35 43 96 74 57 52 10 94 91 36
74 38 51 68 52 37 83 6 14 19 1 37 66 30 79 55 92 47 87 83 3 48 67 91 88 83 53 4 58 48 76 47 69 39 12 63 99 52 1 14 88 56 6 91 53 9 48 82 54 65
28 32 40 34 59 6 92 31 39 37 54 85 0 93 17 18 66 96 81 74 69 86 70 45 30 65 92 29 16 71 75 80 7 51 56 57 66 41 3 83 42 56 16 30 11 2 90 50 87 38
46 48 28 17 31 32 42 83 67 68 30 49 23 20 40 14 76 34 15 53 96 74 93 33 50 59 92 78 90 5 97 22 99 17 93 2 74 0 59 15 89 30 18 52 83 81 88 83 44 46
51 88 28 14 30 45 29 39 76 73 29 72 74 42 47 17 23 71 13 82 90 31 93 51 95 38 43 46 52 53 78 67 70 10 47 38 54 95 52 11 17 62 25 30 96 7 94 32 37 33
54 24 56 30 9 51 70 83 61 15 76 20 54 74 10 90 0 17 63 21 61 4 74 67 95 7 96 68 5 14 54 50 26 22 57 93 0 56 11 90 29 55 90 44 11 90 4 43 30 4
22 59 89 98 1 17 51 85 75 32 30 26 67 5 0 55 65 61 31 97 9 96 77 90 43 99 41 26 95 8 20 66 32 99 97 3 76 11 0 12 6 1 88 19 41 8 42 0 83 57
83 52 63 83 36 61 13 49 65 41 58 7 59 85 31 31 81 69 29 30 66 38 38 31 89 87 74 54 51 57 39 90 62 39 64 86 63 44 29 50 43 32 92 37 46 88 82 57 69 1
92 36 71 82 91 74 39 88 43 27 97 11 69 13 71 40 35 52 38 89 62 2 12 53 98 68 1 48 58 10 37 67 26 75 40 57 57 43 64 1 23 41 4 10 73 49 23 40 79 42
24 45 0 28 75 41 20 54 10 88 99 18 16 92 42 20 26 78 8 10 52 29 24 79 81 66 77 64 1 17 69 47 58 48 69 43 15 52 10 32 97 25 25 81 96 58 75 36 2 84
25 86 30 38 99 80 84 82 7 0 73 35 98 35 17 83 41 3 62 49 73 18 28 96 22 51 38 44 8 19 3 44 94 11 5 76 88 58 19 77 58 74 37 60 6 28 32 67 89 47
77 83 58 86 9 93 59 41 70 38 16 62 57 75 54 57 13 78 13 8 32 86 4 43 11 54 97 73 60 94 7 85 45 53 72 38 35 97 14 21 78 88 40 32 10 26 42 65 78 48
60 33 17 61 36 46 33 11 50 17 35 35 52 39 78 75 42 63 79 10 53 96 1 95 9 27 65 3 40 33 99 62 37 21 65 77 27 11 70 96 67 73 72 75 45 26 55 74 96 96
9 98 59 1 52 42 44 29 18 86 82 98 20 5 86 27 87 62 38 68 14 94 76 17 93 24 30 70 60 1 2 25 4 63 89 87 56 51 89 89 79 11 98 35 76 23 0 54 19 29
65 55 22 0 95 44 80 42 44 86 46 69 88 76 32 21 59 15 21 74 82 55 9 15 23 80 67 54 61 68 57 56 86 25 86 27 35 51 57 44 5 53 87 88 13 51 88 93 31 66
26 68 70 87 65 80 51 68 54 69 89 24 77 92 69 7 50 94 49 34 8 78 81 80 82 15 65 39 81 11 38 82 84 57 95 35 2 7 39 44 92 67 30 66 99 88 7 14 55 61
98 96 6 96 46 76 88 52 13 29 51 14 87 95 67 62 6 21 79 47 26 88 32 29 45 65 90 95 69 77 34 90 36 17 64 77 43 37 30 82 31 24 36 46 31 26 66 68 43 97
11 76 11 49 25 62 44 49 42 80 76 37 15 37 66 68 14 23 64 23 13 3 25 4 24 57 49 37 39 47 52 87 17 17 59 9 35 63 28 60 45 88 79 83 16 82 40 36 88 66
51 29 27 12 99 51 40 65 50 92 32 48 6 79 63 35 48 10 96 8 97 40 89 81 15 38 7 62 62 32 38 1 58 78 94 24 9 63 73 30 59 70 29 52 63 72 88 94 92 58
8 6 30 47 64 18 13 73 60 96 38 8 84 72 53 87 2 65 20 7 78 51 54 76 16 10 37 22 76 51 86 65 87 74 91 7 58 65 10 23 38 66 91 82 78 39 62 66 14 0
62 25 31 37 77 81 37 42 61 78 13 28 25 25 65 37 11 70 18 18 18 85 55 93 24 59 91 14 89 2 86 76 12 95 25 9 43 88 33 27 57 52 44 32 15 58 33 32 56 1
84 16 71 30 29 38 43 87 91 12 29 53 2 33 60 65 7 12 11 93 58 85 83 63 97 37 83 36 38 33 90 55 96 88 59 64 24 91 26 19 53 25 78 24 26 31 0 65 70 27
84 40 60 7 43 61 89 94 18 32 30 63 55 43 94 55 2 18 13 1 84 40 81 4 22 10 81 84 46 46 11 74 75 29 56 23 1 9 94 58 59 9 4 90 13 33 17 25 15 28
49 60 51 72 10 92 26 84 26 70 8 32 18 51 19 12 67 2 6 43 35 95 41 13 42 60 1 17 5 46 54 7 99 43 9 32 95 24 22 41 48 2 32 33 87 42 21 90 56 83
7 84 6 70 62 49 71 36 34 32 78 88 14 86 73 35 64 7 38 22 42 91 91 71 58 56 16 43 54 52 3 94 12 41 35 71 82 42 96 14 61 38 12 1 22 3 7 80 24 33
0 66 0 54 8 32 65 24 54 56 24 69 8 65 71 91 99 42 2 2 89 77 32 39 88 34 51 76 36 31 63 29 60 39 14 71 68 95 48 5 37 77 79 56 20 13 54 31 68 52
11 64 16 51 83 75 23 22 51 37 72 93 3 7 89 40 34 87 84 0 35 68 45 2 95 28 24 53 99 20 66 71 9 43 0 53 55 51 29 11 86 15 61 20 68 16 37 83 13 5
44 90 20 2 92 85 19 12 59 21 2 52 48 20 96 7 42 34 37 26 72 39 47 40 86 66 51 9 99 91 60 46 57 34 68 63 75 21 39 10 87 21 9 23 90 82 61 50 9 42
12 86 50 2 81 11 75 93 33 79 18 20 52 91 42 49 76 66 42 50 60 42 81 93 38 6 48 48 27 43 91 44 93 37 27 88 44 71 99 37 43 78 43 79 59 5 49 3 83 61
36 87 50 3 82 46 45 93 53 26 23 41 37 31 4 14 93 19 55 99 51 17 75 13 63 19 54 98 95 94 11 87 48 90 10 56 9 23 66 60 3 92 17 64 88 49 89 58 87 33
63 10 37 10 44 92 43 24 57 34 76 71 55 81 33 93 92 30 62 6 19 26 95 40 20 83 15 75 95 41 45 72 37 17 64 8 91 44 14 81 51 65 59 22 88 70 88 41 14 55
78 41 11 87 81 36 26 24 41 64 93 50 35 82 35 31 49 96 60 52 34 63 27 89 58 54 56 6 77 34 54 5 74 81 46 5 17 44 70 32 49 42 48 75 58 76 69 37 31 12
77 54 37 69 17 73 6 70 75 99 78 79 27 41 70 51 27 43 66 25 97 34 42 36 93 43 67 49 77 78 30 23 87 31 58 84 11 72 96 43 99 37 3 52 47 57 13 77 67 9
0 93 58 31 75 57 93 93 52 38 67 62 69 81 62 68 84 68 97 64 40 29 32 68 93 94 23 53 9 27 5 48 19 83 68 8 83 52 45 24 23 15 60 85 36 61 61 65 11 39
15 65 59 82 50 66 29 62 33 1 71 43 1 34 86 36 58 2 76 78 55 78 29 83 95 51 93 92 93 5 27 30 38 74 81 51 26 63 17 9 20 72 35 26 12 86 77 86 92 66
1 54 54 13 48 71 63 21 68 7 45 23 27 33 57 79 99 47 83 75 67 87 88 87 86 61 7 92 53 16 99 48 21 20 97 17 62 53 24 49 6 37 89 94 21 85 38 51 87 75
16 42 27 23 30 15 42 47 81 53 92 37 89 75 1 96 26 75 85 44 47 65 65 12 82 12 87 59 21 80 10 73 95 24 65 81 8 3 77 14 37 19 72 26 7 30 61 5 16 27
56 31 14 30 19 12 93 85 43 64 52 52 93 0 55 0 2 51 45 69 50 4 68 22 58 30 92 36 5 20 33 24 13 44 20 27 58 83 53 5 99 73 27 94 38 2 47 97 98 15
66 20 55 93 89 70 19 83 69 80 75 84 0 33 21 86 46 2 36 68 81 85 40 83 68 50 28 39 0 5 90 26 16 43 47 51 96 59 28 89 56 10 59 29 35 45 34 5 78 46
45 71 98 46 60 85 71 16 22 27 53 88 77 20 28 6 60 52 33 50 43 38 31 96 34 10 81 0 95 18 72 4 70 51 69 41 93 67 45 74 17 71 67 66 13 95 71 68 5 55
55 18 67 78 99 45 59 51 38 97 23 18 69 82 69 21 61 94 93 87 78 60 39 3 4 49 14 61 33 61 31 28 94 19 0 36 25 94 0 36 3 32 52 88 97 42 87 97 11 35
71 38 44 9 8 69 92 48 39 76 19 2 76 62 69 49 84 14 11 9 80 97 10 83 2 55 1 50 66 69 37 95 23 1 89 78 99 13 2 49 70 48 64 67 87 35 92 21 60 10
