16 44
0 1 2 2 3 4 5 6 7 7 8 8 9 9 10 10 11 12 13 14 14 15 16 17 18 19 20 21 21 22 22 23 24 24 25 25 26 27 28 28 29 30 31 32 33 33 34 35 36 37
0 1 38 38 39 4 40 6 41 42 43 44 45 46 46 47 11 48 13 49 50 15 16 17 18 19 20 51 51 52 53 23 54 54 55 55 56 27 57 57 29 30 31 32 58 59 59 35 36 37
60 60 61 61 39 62 40 63 41 42 64 44 65 65 66 67 67 48 68 49 69 70 70 71 71 72 72 73 74 52 53 75 76 76 77 77 56 78 78 79 80 80 81 82 83 84 85 85 86 86
87 87 88 88 89 62 90 91 91 92 64 93 94 94 66 95 96 96 68 97 69 98 99 100 100 101 101 73 102 102 103 75 104 104 105 106 106 107 108 108 109 110 81 82 83 111 112 112 113 114
115 115 116 116 89 117 117 118 119 92 120 120 121 122 123 123 124 124 125 97 126 98 99 127 127 128 129 129 130 130 103 131 132 132 105 133 134 134 135 136 109 110 137 137 138 111 139 139 113 114
140 140 141 141 142 143 143 118 144 145 145 146 121 122 147 147 148 148 149 149 150 150 151 151 152 128 153 154 154 155 156 156 157 158 158 133 159 159 135 136 160 161 162 163 138 164 164 165 165 166
167 168 168 169 170 170 171 171 144 172 173 146 174 175 176 177 177 178 178 179 179 180 181 181 182 183 153 184 185 155 186 187 157 188 189 190 191 192 192 193 160 161 162 163 194 195 196 196 197 166
167 198 198 199 199 200 200 201 202 202 173 203 174 175 176 204 204 205 206 207 208 180 209 210 182 183 211 184 185 212 213 187 214 188 215 190 216 217 218 193 219 219 220 220 194 195 221 222 223 224
225 225 226 226 227 227 228 228 229 229 230 203 231 231 232 233 234 205 206 207 235 236 209 210 237 238 238 239 239 212 213 240 214 241 215 242 216 217 218 243 243 244 245 246 247 248 221 222 223 249
250 251 252 252 253 254 254 255 256 257 230 258 259 259 232 233 260 261 261 262 235 263 263 264 264 265 266 266 267 268 269 270 270 241 271 242 272 273 273 274 275 275 245 276 247 248 277 277 278 249
250 251 279 279 253 280 280 255 256 257 281 258 282 282 283 283 260 284 285 286 287 287 288 289 290 265 291 292 292 268 269 293 294 294 295 296 297 297 298 274 299 300 300 276 301 302 302 303 304 304
305 305 306 307 308 308 309 309 310 310 281 311 311 312 313 314 314 284 285 286 315 316 288 289 290 317 291 318 318 319 319 293 320 320 295 321 322 322 323 324 299 325 326 326 327 327 328 329 330 331
332 332 333 307 334 334 335 336 336 337 337 338 339 312 340 340 341 342 342 343 315 316 344 344 345 317 346 347 347 348 348 349 349 350 350 321 351 351 323 324 352 352 353 354 354 355 328 329 330 331
356 356 333 357 358 358 335 359 359 360 360 361 339 362 363 364 341 365 365 366 366 367 367 368 369 369 346 370 370 371 371 372 372 373 373 374 375 376 377 377 378 378 353 379 379 355 380 381 382 382
383 383 384 384 385 385 386 386 387 388 388 361 389 390 363 391 392 393 394 394 395 396 397 397 398 399 400 401 402 403 404 405 406 407 408 408 375 409 409 410 410 411 411 412 412 413 380 381 414 415
416 417 417 418 419 420 420 421 422 422 423 424 389 390 425 391 392 426 427 428 395 396 429 430 398 431 400 401 432 403 433 405 434 407 435 436 436 437 438 439 440 440 441 442 442 413 443 443 414 415
444 445 446 418 419 447 448 421 449 449 423 424 450 450 425 451 452 426 427 428 453 454 429 430 455 431 456 456 432 457 433 458 434 459 460 461 462 463 438 439 464 465 465 466 467 468 468 469 470 471
444 445 472 473 473 447 448 474 474 475 475 476 477 477 478 451 452 479 479 480 453 454 481 482 482 483 483 484 485 457 486 487 488 459 460 461 462 463 489 490 490 491 492 466 467 493 493 469 470 471
494 494 472 495 496 497 498 498 499 500 500 476 501 502 502 503 503 504 504 480 505 505 481 506 506 507 507 484 485 508 486 487 509 509 510 511 511 512 513 514 515 491 492 516 517 518 519 519 520 521
522 523 524 495 496 497 525 526 527 528 529 529 501 530 531 531 532 532 533 533 534 535 536 537 538 538 539 539 540 540 541 542 543 544 510 545 546 546 513 514 547 548 548 516 517 549 549 550 520 521
522 551 524 552 552 553 525 526 527 528 554 554 555 556 556 557 557 558 559 559 534 535 536 537 560 561 561 562 563 564 541 542 543 565 565 545 566 566 567 567 547 568 568 569 570 570 571 550 572 573
574 551 575 576 576 577 578 579 579 580 580 581 581 582 583 584 585 585 586 586 587 587 588 589 589 590 591 562 563 564 592 592 593 594 594 595 595 596 597 597 598 599 600 601 601 602 571 603 572 573
574 604 575 605 605 577 578 606 606 607 608 608 609 582 583 584 610 610 611 612 612 613 613 614 614 590 615 615 616 616 617 617 593 618 619 619 620 620 621 621 598 599 622 623 624 602 625 603 626 627
628 604 629 629 630 630 631 632 633 634 634 635 609 636 636 637 637 638 611 639 639 640 641 642 642 643 644 644 645 645 646 647 647 618 648 649 650 650 651 651 652 652 622 623 653 654 625 655 655 627
656 656 657 657 658 658 631 632 633 659 660 661 662 663 664 665 666 638 667 668 668 640 641 669 669 643 670 671 671 672 672 673 674 675 648 676 676 677 677 678 679 679 680 680 653 681 682 682 683 684
685 685 686 686 687 687 688 689 689 659 660 661 690 663 664 691 666 692 667 693 693 694 695 695 696 696 670 697 697 698 698 673 674 675 699 700 701 702 703 703 704 704 705 705 706 681 707 708 683 684
709 709 710 711 711 712 713 713 714 714 715 715 690 716 716 691 717 692 718 719 719 694 720 720 721 721 722 723 723 724 724 725 726 727 699 728 701 702 729 730 731 732 732 733 706 734 734 708 735 735
736 737 738 739 739 712 740 740 741 741 742 743 744 744 745 745 717 746 746 747 748 749 749 750 751 751 722 752 752 753 753 725 754 727 755 728 756 757 757 730 731 758 758 759 760 760 761 761 762 763
736 737 738 764 765 766 767 767 768 769 769 743 770 771 771 772 772 773 774 775 748 776 776 750 777 777 778 779 779 780 780 781 754 782 755 783 756 784 785 786 787 788 788 759 789 789 790 791 762 792
793 793 794 764 795 766 796 796 768 797 798 798 770 799 800 801 801 802 774 775 803 804 805 805 806 807 778 808 808 809 809 781 810 810 811 812 812 784 813 786 814 814 815 816 817 817 790 818 818 792
819 820 794 821 795 822 822 823 824 797 825 826 827 799 828 828 829 802 830 830 803 804 831 832 832 807 833 834 834 835 836 836 837 837 838 838 839 839 813 840 841 842 815 843 843 844 845 845 846 846
819 820 847 848 849 849 850 823 824 851 825 826 827 852 853 853 854 854 855 856 856 857 831 858 858 859 859 860 860 835 861 861 862 863 864 865 866 866 867 867 841 842 868 869 870 870 871 871 872 873
874 875 847 848 876 876 850 877 877 851 878 879 879 852 880 880 881 882 855 883 883 857 884 884 885 886 887 888 888 889 889 890 862 863 864 891 891 892 893 894 895 896 868 897 898 898 899 900 900 873
874 901 901 902 903 904 904 905 906 906 878 907 907 908 908 909 881 882 910 911 912 912 913 914 885 886 915 916 917 918 919 890 920 920 921 921 922 892 893 894 895 923 923 897 924 925 899 926 926 927
928 928 929 902 903 930 931 931 932 932 933 933 934 935 936 936 937 938 910 911 939 940 913 941 941 942 915 916 917 918 919 943 944 944 945 945 946 947 947 948 949 950 951 952 953 925 954 954 955 927
956 956 929 957 958 958 959 960 960 961 962 963 934 935 964 965 937 966 967 967 939 968 969 969 970 942 971 972 972 973 973 974 975 976 977 977 946 978 979 948 949 950 951 952 953 980 981 982 955 983
984 985 985 986 987 987 988 989 990 961 962 963 991 992 992 965 993 966 994 995 995 968 996 997 970 998 998 999 1000 1000 1001 974 975 1002 1002 1003 1003 978 979 1004 1005 1006 1007 1008 1008 980 981 982 1009 983
984 1010 1011 986 1012 1012 988 989 990 1013 1014 1014 991 1015 1015 1016 993 1017 994 1018 1018 1019 996 997 1020 1021 1021 999 1022 1023 1024 1024 1025 1026 1027 1027 1028 1028 1029 1004 1005 1006 1030 1030 1031 1032 1032 1033 1009 1034
1035 1010 1011 1036 1037 1038 1039 1039 1040 1013 1041 1042 1043 1043 1044 1045 1045 1017 1046 1046 1047 1047 1048 1049 1049 1050 1050 1051 1022 1023 1052 1052 1025 1053 1053 1054 1055 1056 1056 1057 1058 1058 1059 1060 1061 1061 1062 1033 1063 1063
1064 1064 1065 1036 1037 1066 1066 1067 1040 1068 1041 1069 1070 1071 1071 1072 1073 1073 1074 1074 1075 1075 1048 1076 1077 1078 1079 1051 1080 1081 1081 1082 1082 1083 1084 1085 1055 1086 1086 1057 1087 1088 1059 1060 1089 1089 1062 1090 1091 1092
1093 1094 1094 1095 1095 1096 1096 1067 1097 1068 1098 1069 1070 1099 1100 1101 1102 1103 1103 1104 1104 1105 1105 1076 1106 1078 1079 1107 1080 1108 1109 1109 1110 1083 1084 1085 1111 1112 1113 1113 1087 1114 1114 1115 1116 1116 1117 1117 1091 1118
1119 1119 1120 1121 1122 1123 1124 1124 1125 1125 1126 1126 1127 1128 1100 1101 1102 1129 1130 1131 1132 1132 1133 1133 1106 1134 1135 1135 1136 1136 1137 1138 1110 1139 1140 1140 1111 1112 1141 1142 1142 1143 1144 1144 1145 1146 1147 1148 1148 1118
1149 1149 1150 1121 1122 1151 1151 1152 1152 1153 1153 1154 1127 1128 1155 1155 1156 1156 1130 1157 1158 1159 1159 1160 1160 1161 1162 1162 1163 1163 1137 1164 1164 1139 1165 1166 1167 1168 1141 1169 1170 1170 1171 1172 1145 1146 1173 1174 1175 1175
1176 1177 1150 1178 1179 1180 1181 1181 1182 1183 1183 1184 1185 1186 1186 1187 1188 1189 1190 1157 1191 1191 1192 1193 1193 1161 1194 1195 1195 1196 1197 1198 1199 1199 1165 1166 1167 1168 1200 1201 1201 1202 1203 1172 1204 1204 1173 1174 1205 1205
1206 1177 1207 1178 1179 1180 1208 1209 1182 1210 1210 1184 1185 1211 1212 1187 1188 1189 1190 1213 1214 1215 1216 1216 1217 1217 1218 1218 1219 1196 1197 1198 1220 1220 1221 1222 1222 1223 1200 1224 1224 1202 1203 1225 1225 1226 1227 1228 1229 1229
1206 1230 1207 1231 1232 1233 1208 1209 1234 1234 1235 1236 1237 1211 1238 1239 1239 1240 1240 1213 1214 1215 1241 1241 1242 1242 1243 1244 1245 1246 1247 1248 1248 1249 1250 1250 1251 1251 1252 1252 1253 1253 1254 1254 1255 1255 1227 1228 1256 1256
1257 1257 1258 1231 1232 1259 1259 1260 1260 1261 1262 1236 1263 1263 1238 1264 1265 1266 1267 1268 1269 1269 1270 1270 1271 1272 1272 1244 1245 1246 1247 1273 1274 1274 1275 1276 1276 1277 1277 1278 1279 1279 1280 1280 1281 1282 1282 1283 1284 1285
1286 1287 1287 1288 1289 1290 1291 1291 1292 1261 1262 1293 1294 1295 1295 1264 1265 1266 1267 1296 1297 1297 1298 1299 1271 1300 1300 1301 1301 1302 1303 1273 1304 1305 1275 1306 1307 1308 1308 1309 1309 1310 1311 1311 1281 1312 1312 1283 1284 1285
1286 1313 1313 1288 1289 1290 1314 1315 1292 1316 1317 1293 1294 1318 1319 1320 1321 1321 1322 1296 1323 1323 1298 1324 1324 1325 1326 1327 1328 1302 1303 1329 1304 1330 1330 1306 1307 1331 1331 1332 1333 1334 1335 1336 1337 1338 1338 1339 1340 1340
1341 1341 1342 1342 1343 1343 1314 1315 1344 1316 1345 1345 1346 1346 1319 1347 1347 1348 1349 1349 1350 1350 1351 1352 1352 1325 1326 1327 1328 1353 1353 1354 1354 1355 1356 1356 1357 1357 1358 1358 1333 1334 1335 1336 1337 1359 1359 1339 1360 1360
73 77 34 36 45 71 0 12 14 17 3 75 16 26 16 22 26 4 21 55 75 80 85 65 25 84 46 48 20 18 72 6 88 36 6 72 36 29 81 1 14 17 55 81 35 69 61 45 36 34
40 42 17 53 35 63 81 12 47 81 36 40 88 78 88 69 55 82 74 62 70 34 75 66 60 94 61 19 17 84 26 9 46 64 56 20 88 61 49 67 23 56 23 68 26 28 75 5 37 20
54 29 2 15 32 56 80 56 44 24 18 89 93 96 97 63 59 23 73 58 79 93 85 95 1 31 80 10 26 62 30 35 5 43 88 17 66 56 74 28 97 64 98 43 31 44 50 1 44 81
15 77 87 96 80 79 49 33 3 24 93 14 76 87 15 82 97 95 40 35 17 62 49 17 68 55 20 82 78 88 74 90 99 11 28 23 91 59 0 99 38 89 8 69 48 69 78 84 79 65
17 85 34 9 32 11 83 40 14 44 70 47 33 87 51 59 11 67 2 4 71 15 88 50 31 23 80 65 52 53 51 73 56 71 45 78 52 62 36 73 66 42 32 13 50 43 93 6 46 2
5 26 67 5 57 49 90 79 95 70 98 24 76 16 64 95 62 42 29 65 42 14 54 62 16 3 76 68 3 6 64 56 15 67 64 62 51 72 43 77 52 6 11 32 40 38 33 70 21 73
21 17 22 81 22 34 70 53 0 25 84 19 2 60 90 34 87 89 65 77 26 4 24 23 61 38 14 98 73 53 87 85 27 19 97 19 75 15 44 12 92 64 17 28 77 91 44 57 62 26
37 39 4 28 17 9 37 30 74 8 77 77 72 87 63 22 25 76 4 83 15 97 31 66 35 83 19 72 49 78 72 2 24 14 75 27 78 37 41 10 21 63 42 28 79 97 84 96 59 24
38 60 18 19 53 20 73 86 1 7 23 2 73 1 77 15 93 53 0 37 4 22 50 76 63 2 65 30 80 16 4 5 15 86 54 21 88 1 97 52 0 41 64 47 74 66 56 24 68 28
52 68 83 96 54 36 5 66 41 41 8 63 26 19 88 56 16 51 9 81 48 51 84 13 47 71 83 18 23 45 6 71 10 14 45 51 83 84 5 70 78 48 9 13 94 67 98 0 55 62
26 24 88 38 41 0 42 90 99 25 58 59 79 43 29 75 33 3 76 31 2 55 14 35 70 55 75 8 57 65 71 64 34 1 31 46 77 65 87 27 93 27 14 42 57 84 48 12 46 84
84 55 37 23 91 12 60 27 60 15 32 83 5 23 1 0 58 46 50 26 32 57 77 62 72 96 95 96 28 43 6 14 94 76 1 80 16 21 99 32 75 71 68 49 65 90 69 87 59 26
58 0 91 50 57 94 47 24 51 61 75 17 61 18 91 58 92 19 24 54 38 71 73 20 12 95 38 80 91 13 20 60 31 54 16 26 22 96 53 36 85 24 69 62 81 42 84 90 7 13
61 87 0 55 52 38 26 48 57 90 99 1 90 97 23 79 35 32 37 22 12 82 45 26 95 25 57 67 1 82 71 26 46 17 99 96 20 68 90 80 25 97 91 61 49 42 64 36 76 47
28 81 56 21 37 16 90 90 63 33 82 6 69 29 10 14 87 41 69 64 58 69 56 87 70 77 95 3 2 60 63 53 98 62 87 48 66 12 47 52 56 68 32 96 3 5 66 17 28 26
45 47 9 70 20 81 91 93 90 35 46 42 87 28 66 43 73 13 99 99 98 96 2 47 8 34 83 15 17 7 99 59 29 71 79 43 74 10 58 51 34 43 11 81 9 34 65 36 46 29
3 35 61 10 21 8 26 71 73 69 68 99 89 67 7 37 48 92 83 58 52 11 84 68 75 81 16 29 11 44 93 7 24 52 28 76 71 61 25 43 9 14 20 35 15 44 70 71 98 29
21 60 39 27 39 0 1 9 95 46 63 70 82 68 98 51 49 55 8 30 78 99 29 24 96 53 36 83 42 43 38 26 98 45 55 44 67 5 41 41 71 88 28 61 28 16 53 1 54 78
57 56 91 44 15 56 25 98 18 37 39 31 69 96 53 60 32 27 32 4 60 9 45 6 28 94 70 32 62 53 0 14 46 40 27 99 19 8 33 65 86 74 34 9 72 61 43 68 17 84
82 2 42 10 89 67 17 37 93 60 18 84 41 61 27 95 85 42 72 92 5 56 38 27 99 43 3 73 28 0 35 9 8 13 46 89 49 62 7 30 24 55 81 41 3 44 99 52 6 74
99 40 67 44 5 22 76 77 72 5 51 59 25 45 93 99 52 52 90 79 15 76 53 13 47 59 77 30 80 66 26 25 24 57 46 57 43 75 22 87 69 69 84 59 82 75 53 40 42 0
17 4 7 14 18 80 79 86 83 39 29 85 30 89 36 3 91 92 39 58 97 24 42 55 73 70 17 78 56 74 70 53 65 55 7 53 53 73 16 71 35 22 85 66 32 70 65 3 34 96
91 98 97 47 66 89 13 2 72 58 22 59 49 50 0 33 34 26 83 59 1 5 3 55 88 94 2 83 11 63 47 61 75 75 49 90 34 87 38 24 73 55 32 47 56 25 39 86 66 58
84 0 54 31 33 70 77 65 4 25 16 87 27 33 70 88 32 24 22 13 28 62 27 79 86 50 30 4 59 98 71 54 4 27 68 42 56 28 82 6 4 25 55 65 11 95 82 23 9 4
13 77 78 55 11 66 62 25 94 57 75 56 13 17 55 71 69 35 35 78 53 85 82 95 88 71 17 8 90 5 50 45 68 64 38 53 21 29 39 83 33 63 99 50 29 65 12 85 65 79
80 94 35 95 67 75 84 32 87 76 37 20 13 30 61 5 92 28 19 70 2 56 56 15 67 28 57 83 16 21 73 87 31 49 63 49 15 27 59 86 99 81 16 72 77 40 67 55 58 24
36 49 85 72 81 76 15 25 33 30 87 59 21 53 21 85 3 0 91 85 89 10 76 38 46 60 58 52 12 84 64 47 57 91 31 11 47 26 22 74 26 50 8 29 26 55 32 5 9 92
83 12 75 76 53 19 43 0 97 15 30 89 91 63 73 85 99 92 71 9 69 49 25 69 11 73 10 20 74 26 74 16 37 41 19 33 55 65 65 29 6 99 46 89 34 82 66 72 8 59
19 62 53 85 22 70 81 30 50 68 45 89 33 18 16 24 52 13 26 55 56 51 67 17 4 64 5 68 73 91 69 41 50 93 74 91 55 78 12 11 31 91 59 83 20 82 5 57 0 30
65 62 18 15 83 57 54 19 91 68 67 72 15 56 16 42 65 74 9 11 82 57 67 4 20 99 72 8 52 72 45 79 28 26 15 19 98 45 60 26 7 32 59 42 39 17 29 84 4 17
73 91 44 64 85 5 91 51 85 8 16 11 55 16 81 36 32 16 6 72 22 49 84 79 29 39 20 43 32 63 13 92 38 55 6 66 60 21 77 40 83 34 32 53 33 7 41 1 2 39
77 76 52 71 87 82 44 47 3 94 35 87 59 11 23 3 98 54 14 44 6 42 5 22 22 73 63 34 26 56 30 57 55 98 90 70 66 31 97 27 6 86 19 30 90 96 91 20 28 33
10 98 39 67 10 97 69 53 14 8 28 59 15 37 3 23 61 89 44 18 86 83 18 33 7 72 3 71 67 24 59 76 44 49 0 43 96 29 29 92 9 87 80 65 24 87 19 82 98 59
42 88 53 21 78 47 11 78 60 85 33 62 60 96 10 55 86 66 67 1 37 94 11 87 73 95 21 72 11 67 61 32 98 98 22 31 31 75 78 11 82 0 19 92 22 9 14 22 65 52
33 54 69 17 86 43 12 61 9 88 4 59 68 61 94 49 65 24 94 91 16 35 83 84 95 70 47 43 22 71 58 67 59 70 52 77 72 68 59 86 92 82 51 62 66 25 65 28 80 72
57 87 22 62 3 93 49 42 47 52 97 46 66 50 1 21 99 77 43 15 34 33 99 17 57 74 57 1 6 86 36 39 14 24 39 57 36 13 52 10 34 74 61 70 43 55 71 66 51 56
10 81 52 8 34 91 49 91 25 98 12 67 33 21 1 34 6 75 65 85 51 91 34 52 42 65 16 83 37 58 99 68 20 98 25 23 29 17 37 35 78 4 86 61 57 38 42 43 92 44
36 17 25 16 79 66 59 36 89 77 79 56 65 68 71 10 25 5 16 22 4 65 46 11 20 71 74 51 71 36 35 58 77 92 96 31 65 94 15 86 18 63 50 83 78 31 17 41 58 80
13 45 9 42 70 17 98 22 6 65 25 90 40 67 50 45 43 80 30 64 58 54 53 29 97 82 0 16 33 36 72 81 38 40 79 36 21 98 85 66 28 35 7 55 55 82 89 43 74 56
95 70 34 48 50 62 18 47 76 17 87 29 73 68 10 84 22 19 17 22 99 65 91 7 29 6 60 62 0 67 45 33 0 38 47 42 39 95 13 13 38 46 68 46 69 91 26 25 91 84
48 23 38 57 16 96 95 18 92 15 71 88 26 55 26 63 23 8 29 62 71 48 79 15 86 87 56 75 90 90 56 65 28 69 63 33 39 53 18 31 77 57 36 98 79 91 42 24 43 35
27 78 23 22 63 26 89 10 63 45 44 8 71 70 72 76 20 65 49 43 54 36 96 2 1 58 27 86 82 28 69 61 84 48 54 49 23 6 94 34 85 12 54 86 64 47 97 19 30 38
57 98 10 18 62 56 0 42 98 42 91 48 20 46 91 66 87 81 96 40 9 21 21 20 39 5 63 97 64 51 45 4 15 99 73 95 77 44 74 1 83 53 44 17 90 30 8 77 31 39
23 71 63 96 91 59 60 38 53 53 87 6 96 62 22 69 50 7 71 8 96 56 59 17 0 88 55 85 12 40 58 85 83 42 40 53 21 5 79 99 39 24 47 11 36 46 89 12 18 60
12 65 15 18 16 14 42 67 37 23 5 33 64 69 63 46 68 14 93 51 68 31 24 44 5 17 56 77 18 57 0 20 56 54 72 14 33 49 60 20 89 11 12 1 36 10 59 18 78 26
78 51 23 71 64 37 61 9 40 80 31 54 68 17 46 76 6 12 60 57 43 17 65 12 94 59 84 90 65 99 16 43 78 74 12 91 66 87 60 4 5 48 31 25 14 39 60 97 65 16
13 49 66 33 19 62 1 96 1 45 56 34 18 42 58 76 99 49 76 26 94 41 81 99 89 56 33 47 44 81 11 94 56 31 41 98 79 36 17 78 52 54 15 29 65 89 83 66 15 37
38 94 53 71 95 19 76 40 91 27 53 41 49 92 25 13 39 3 38 91 47 69 49 46 45 22 50 16 96 68 58 2 67 64 47 8 46 11 59 93 30 75 10 55 26 35 13 67 56 43
80 90 4 15 61 97 96 76 59 29 31 33 36 58 45 47 59 21 88 69 6 0 60 71 88 99 33 87 79 91 38 58 81 89 41 96 26 46 57 15 1 55 13 64 38 14 78 62 34 95
71 76 44 12 40 9 48 30 32 35 7 22 37 17 97 98 27 44 7 72 40 89 23 27 13 21 98 2 64 40 67 62 49 35 81 3 3 32 22 23 5 70 70 4 86 5 96 29 27 50
