1 35
0 0 1 1 2 3 3 4 5 5 6 6 7 8 8 9 9 10 10 11 12 13 13 14 15 15 16 16 17 17 18 19 19 20 21 22 23 24 25 25 26 27 28 28 29 29 30 31 31 32
33 34 35 35 2 36 36 4 37 38 39 39 7 40 41 42 43 43 44 11 12 45 45 14 46 46 47 48 49 49 18 50 51 20 21 22 23 24 52 52 26 53 53 54 55 55 30 56 57 32
33 34 58 58 59 59 60 61 37 62 62 63 63 40 41 64 64 65 65 66 66 67 68 69 70 71 71 48 72 72 73 50 51 74 74 75 76 77 77 78 78 79 80 54 81 81 82 56 57 83
84 84 85 86 86 87 60 61 88 89 90 91 92 93 94 94 95 95 96 97 97 67 68 69 70 98 99 99 100 101 73 102 102 103 104 75 105 106 107 107 108 79 80 109 109 110 82 111 112 83
113 113 85 114 115 87 116 117 88 89 90 91 92 93 118 119 119 120 121 121 122 123 124 124 125 125 126 126 100 101 127 128 128 103 104 129 105 130 131 132 108 133 134 135 135 110 136 111 112 137
138 139 139 114 115 140 116 117 141 142 142 143 143 144 118 145 145 120 146 146 122 147 147 148 149 149 150 151 152 153 127 154 155 156 156 157 158 130 159 132 160 161 134 162 163 164 164 165 166 137
167 168 168 169 169 140 170 170 141 171 171 172 172 173 173 174 174 175 175 176 176 177 177 148 178 179 179 151 180 153 181 181 155 182 182 157 158 183 159 184 184 161 185 162 163 186 186 165 187 188
167 189 189 190 190 191 191 192 192 193 194 195 196 197 197 198 198 199 200 201 202 203 204 204 178 205 205 206 180 207 208 209 210 210 211 212 212 213 213 214 215 215 185 216 217 217 218 219 187 188
220 221 222 223 224 225 226 227 227 193 194 228 196 229 230 231 231 199 200 232 202 203 233 233 234 235 235 206 236 207 208 209 237 237 238 238 239 240 240 214 241 242 242 243 243 244 244 219 245 245
220 246 222 223 224 225 247 248 249 249 250 228 251 229 252 253 253 254 255 232 256 256 257 257 234 258 259 259 236 260 260 261 262 263 264 264 239 265 265 266 241 267 268 269 269 270 271 272 272 273
274 246 275 275 276 276 247 277 277 278 279 279 251 280 252 281 281 254 255 282 282 283 284 285 285 258 286 286 287 288 289 289 262 290 291 291 292 293 293 266 294 294 268 295 295 270 271 296 296 273
297 297 298 299 299 300 301 301 302 303 303 304 305 280 306 306 307 307 308 309 310 283 284 311 312 312 313 313 287 288 314 314 315 290 316 317 292 318 318 319 320 321 321 322 323 323 324 325 326 327
328 329 329 330 331 300 332 333 333 334 334 335 305 336 337 337 338 338 308 309 310 339 339 340 340 341 341 342 342 343 343 344 315 345 316 317 346 347 347 319 320 348 349 350 350 351 351 325 352 327
328 353 353 330 331 354 354 355 356 356 357 335 358 336 359 359 360 361 362 362 363 363 364 365 365 366 367 367 368 369 369 344 370 345 371 372 346 373 374 374 375 348 376 376 377 378 378 379 352 380
381 382 382 383 384 384 385 385 386 386 357 387 387 388 389 390 360 391 392 392 393 394 395 395 396 366 397 397 368 398 398 399 400 400 371 372 401 373 402 402 375 403 403 404 404 405 405 406 407 407
408 409 410 411 412 412 413 414 415 416 417 417 418 419 389 390 420 391 421 421 393 422 423 423 424 424 425 425 426 427 428 429 429 430 430 431 432 433 434 434 435 436 436 437 437 438 439 406 440 440
408 409 410 411 441 442 413 414 415 416 443 443 418 419 444 444 445 445 446 447 447 422 448 448 449 449 450 451 426 427 452 453 454 454 455 431 432 433 456 457 435 458 458 459 459 438 439 460 460 461
462 463 464 465 466 442 467 468 469 470 470 471 471 472 473 474 475 476 446 477 477 478 478 479 479 480 450 481 481 482 452 483 484 485 455 486 487 487 456 488 488 489 490 490 491 491 492 493 494 494
495 463 464 465 466 496 497 468 498 498 499 500 501 472 473 474 475 502 502 503 503 504 504 505 506 480 507 508 508 482 509 483 484 510 511 486 512 513 513 514 514 515 516 516 517 517 492 493 518 519
495 520 521 522 523 524 497 525 526 526 499 500 501 527 528 529 529 530 531 531 532 532 533 533 506 534 534 535 536 536 509 537 538 510 539 539 512 540 540 541 542 515 543 544 545 546 546 547 518 519
548 520 521 522 523 524 549 525 550 551 551 552 553 527 528 554 554 530 555 556 557 558 558 559 560 561 562 562 563 564 564 537 565 565 566 567 568 568 569 569 542 570 543 544 571 572 573 547 574 574
548 575 576 576 577 578 579 579 550 580 580 552 553 581 582 583 583 584 584 556 585 585 586 586 560 587 588 589 590 591 591 592 593 594 566 595 596 596 597 597 598 599 600 601 571 572 573 602 602 603
604 575 605 605 577 606 606 607 607 608 608 609 609 581 582 610 610 611 612 612 613 613 614 615 615 587 588 589 590 616 616 592 593 594 617 595 618 618 619 619 598 599 600 620 620 621 622 623 623 603
624 625 625 626 626 627 628 628 629 630 631 631 632 633 633 634 635 636 637 638 638 639 614 640 640 641 642 643 644 644 645 646 647 648 617 649 650 650 651 651 652 652 653 654 654 621 622 655 656 656
624 657 658 658 659 659 660 660 629 630 661 661 632 662 663 634 635 636 637 664 665 665 666 667 667 641 668 643 669 669 670 646 647 648 671 649 672 673 673 674 674 675 653 676 676 677 678 655 679 680
681 682 682 683 684 685 686 686 687 687 688 688 689 662 663 690 690 691 691 692 693 694 695 696 697 698 668 699 700 700 670 701 702 702 703 703 672 704 705 705 706 707 707 708 708 677 678 709 710 680
681 711 711 683 684 712 713 713 714 715 715 716 717 717 718 719 719 720 720 692 693 694 695 696 697 721 721 699 722 722 723 701 724 724 725 726 726 704 727 727 728 729 729 730 731 731 732 709 710 733
734 735 735 736 736 712 737 737 714 738 739 740 741 742 742 743 744 745 745 746 747 748 749 750 750 751 752 753 754 754 723 755 756 757 725 758 758 759 760 761 728 762 762 730 763 764 764 765 765 733
734 766 767 768 769 770 770 771 772 772 739 740 741 773 773 774 744 775 775 746 747 748 749 776 777 751 752 753 778 778 779 755 756 780 780 781 782 759 760 783 783 784 785 785 786 786 787 787 788 788
789 766 767 768 769 790 791 791 792 793 793 794 794 795 795 774 796 796 797 798 799 800 800 776 777 801 802 802 803 804 779 805 805 806 806 807 782 808 808 809 810 784 811 811 812 812 813 814 815 816
789 817 818 819 820 790 821 822 792 823 823 824 824 825 825 826 826 827 828 798 799 829 829 830 830 801 831 831 803 804 832 832 833 834 834 807 835 835 836 809 837 837 838 839 840 841 813 814 815 816
842 817 843 819 820 844 821 822 845 846 847 847 848 848 849 849 850 827 828 851 851 852 852 853 853 854 854 855 855 856 856 857 833 858 858 859 859 860 861 861 862 863 863 839 840 864 865 865 866 866
867 867 843 868 868 844 869 869 845 846 870 870 871 872 873 873 850 874 875 875 876 876 877 877 878 879 879 880 881 882 882 857 883 884 885 886 887 860 888 889 890 890 891 892 893 864 894 895 896 896
897 897 898 898 899 900 900 901 901 902 902 903 871 872 904 904 905 874 906 907 908 908 909 909 878 910 911 880 912 913 913 914 883 884 885 886 887 915 888 916 916 917 891 892 893 918 894 895 919 919
920 921 921 922 923 924 925 925 926 927 927 903 928 928 929 930 931 932 932 907 933 934 935 936 937 910 938 939 912 940 941 914 942 942 943 943 944 915 945 945 946 946 947 948 948 918 949 949 950 950
920 951 951 922 923 924 952 953 953 954 954 955 955 956 929 930 931 957 958 958 933 959 935 936 960 960 938 961 961 962 941 963 963 964 965 965 966 967 968 969 970 971 947 972 972 973 974 975 975 976
977 978 979 979 980 981 981 982 982 983 983 984 985 986 986 987 988 957 989 990 990 959 991 991 992 993 993 994 994 962 995 996 997 998 998 999 966 967 968 1000 970 971 1001 1002 1002 973 974 1003 1003 976
977 978 1004 1004 1005 1006 1007 1008 1008 1009 1010 984 985 1011 1011 987 988 1012 989 1013 1013 1014 1015 1016 992 1017 1018 1019 1020 1020 995 996 1021 1021 1022 999 1023 1023 1024 1000 1025 1026 1001 1027 1028 1028 1029 1029 1030 1031
1032 1032 1033 1033 1005 1006 1034 1034 1035 1035 1010 1036 1037 1038 1039 1040 1041 1041 1042 1042 1043 1043 1015 1016 1044 1045 1018 1019 1046 1046 1047 1047 1048 1048 1022 1049 1049 1050 1024 1051 1051 1026 1052 1027 1053 1054 1055 1056 1030 1031
1057 1058 1059 1060 1060 1061 1061 1062 1062 1063 1064 1065 1037 1066 1039 1067 1067 1068 1069 1069 1070 1070 1071 1072 1072 1045 1073 1073 1074 1075 1076 1077 1077 1078 1078 1079 1079 1050 1080 1081 1081 1082 1052 1083 1053 1084 1055 1085 1086 1087
1088 1058 1059 1089 1089 1090 1091 1092 1093 1094 1064 1065 1095 1066 1096 1097 1097 1098 1098 1099 1100 1100 1071 1101 1102 1103 1103 1104 1105 1075 1076 1106 1107 1108 1109 1110 1111 1111 1080 1112 1112 1113 1114 1083 1115 1084 1116 1085 1086 1117
1088 1118 1119 1120 1120 1090 1091 1092 1093 1094 1121 1122 1095 1123 1096 1124 1125 1126 1127 1099 1128 1129 1130 1101 1131 1132 1133 1104 1105 1134 1135 1136 1107 1108 1109 1110 1137 1138 1139 1140 1141 1113 1114 1142 1142 1143 1144 1145 1145 1117
1146 1118 1119 1147 1148 1149 1150 1151 1152 1153 1121 1122 1154 1123 1155 1124 1125 1156 1127 1157 1128 1129 1130 1158 1131 1132 1133 1159 1159 1134 1135 1136 1160 1161 1162 1162 1163 1138 1139 1140 1141 1164 1164 1165 1165 1143 1144 1166 1167 1167
1146 1168 1168 1147 1169 1149 1150 1151 1152 1170 1170 1171 1154 1172 1155 1173 1173 1156 1174 1174 1175 1176 1176 1177 1178 1179 1180 1180 1181 1182 1183 1183 1160 1161 1184 1184 1163 1185 1186 1186 1187 1187 1188 1188 1189 1189 1190 1191 1192 1193
1194 1195 1195 1196 1169 1197 1198 1199 1200 1200 1201 1202 1203 1204 1205 1205 1206 1207 1208 1208 1175 1209 1209 1177 1178 1179 1210 1210 1181 1182 1211 1211 1212 1212 1213 1213 1214 1185 1215 1215 1216 1217 1217 1218 1219 1220 1190 1191 1192 1193
1194 1221 1221 1196 1222 1223 1198 1199 1224 1224 1201 1202 1225 1204 1226 1226 1227 1207 1228 1229 1230 1231 1232 1233 1233 1234 1234 1235 1235 1236 1237 1237 1238 1239 1239 1240 1214 1241 1241 1242 1243 1243 1244 1245 1219 1220 1246 1246 1247 1247
1248 1249 1250 1251 1251 1223 1252 1252 1253 1253 1254 1254 1225 1255 1256 1257 1227 1258 1228 1229 1230 1231 1259 1260 1261 1262 1263 1263 1264 1265 1266 1266 1267 1267 1268 1269 1269 1270 1271 1271 1272 1272 1273 1245 1274 1275 1275 1276 1276 1277
1248 1249 1250 1278 1278 1279 1279 1280 1281 1282 1282 1283 1284 1284 1256 1257 1285 1285 1286 1287 1287 1288 1259 1260 1261 1262 1289 1290 1264 1265 1291 1292 1293 1293 1268 1294 1294 1270 1295 1296 1296 1297 1273 1298 1274 1299 1299 1300 1300 1277
1301 1302 1303 1304 1305 1305 1306 1280 1307 1308 1309 1309 1310 1310 1311 1312 1313 1313 1314 1314 1315 1288 1316 1317 1318 1319 1289 1290 1320 1321 1291 1322 1322 1323 1324 1325 1325 1326 1295 1327 1327 1297 1328 1329 1329 1330 1330 1331 1332 1332
1301 1302 1303 1333 1333 1334 1306 1335 1307 1308 1336 1336 1337 1337 1311 1312 1338 1338 1339 1339 1315 1340 1316 1317 1318 1319 1341 1341 1320 1321 1342 1342 1343 1323 1324 1344 1344 1345 1345 1346 1346 1347 1328 1348 1348 1349 1349 1331 1350 1350
98 43 21 16 13 45 18 87 96 90 44 37 39 59 11 2 78 66 58 55 73 53 25 95 63 67 77 98 33 8 55 81 55 49 34 34 2 15 46 56 0 65 11 2 50 13 46 98 64 96
21 43 90 72 79 37 9 45 65 87 52 7 49 15 88 18 39 92 65 39 0 93 8 71 33 92 61 94 46 33 41 8 64 39 86 10 2 73 80 38 16 93 70 24 56 67 7 37 49 41
2 13 90 64 18 36 97 27 68 63 84 38 4 96 34 26 47 39 1 36 97 7 59 58 76 20 69 9 82 49 73 63 11 14 6 8 0 78 65 42 71 5 49 50 32 56 73 99 54 73
80 13 93 35 10 49 9 5 68 2 51 57 31 74 95 64 80 50 65 34 33 39 79 82 91 59 79 57 41 92 12 83 26 10 13 27 17 98 62 94 16 24 86 3 43 16 54 81 88 99
0 40 98 89 82 41 74 42 85 52 89 2 91 93 4 98 6 94 15 79 49 58 72 10 32 30 36 30 95 82 66 90 26 49 95 46 73 64 71 60 14 36 61 70 15 57 24 87 51 88
32 48 99 78 24 78 6 34 14 73 93 61 68 38 91 10 58 14 65 8 0 42 0 60 35 42 50 93 13 55 38 88 20 60 2 19 8 69 40 9 68 72 30 48 97 76 53 33 66 92
82 56 10 7 57 57 0 65 47 88 60 44 60 75 51 39 98 42 22 30 32 77 69 22 14 22 16 9 63 56 44 38 41 51 83 92 53 8 75 51 74 9 87 77 7 81 16 49 90 28
12 85 74 53 1 59 23 54 36 38 6 0 56 18 7 37 47 63 52 79 98 79 6 58 51 1 40 50 52 23 21 1 87 21 40 31 80 22 84 69 39 3 73 18 13 99 16 4 96 55
6 10 84 56 30 71 87 53 44 65 44 2 2 1 17 62 97 93 32 6 49 96 17 7 3 46 23 6 70 70 42 71 18 97 34 32 82 62 45 60 72 30 60 64 49 27 49 42 53 13
97 57 60 63 37 60 92 34 36 98 95 92 36 41 21 71 77 98 6 98 54 83 81 34 22 46 15 21 30 61 21 56 50 57 52 99 15 17 90 76 1 31 15 76 1 61 66 55 22 64
81 80 75 55 0 15 51 39 38 95 93 56 50 97 26 64 25 67 28 28 46 77 55 97 57 67 64 22 6 26 63 90 99 28 15 20 70 51 1 13 61 28 23 5 47 49 77 32 93 81
35 37 44 15 48 41 72 35 26 7 61 97 1 38 47 21 92 3 11 99 23 66 40 55 99 21 78 86 38 26 55 81 72 94 10 52 51 20 16 22 0 81 14 75 24 8 45 59 63 20
38 0 6 60 89 59 29 12 49 15 79 39 23 73 35 38 83 15 68 51 8 5 38 99 61 80 89 68 25 80 8 42 27 44 21 34 42 77 76 39 24 68 24 15 13 3 53 94 8 69
70 59 54 3 78 72 49 46 36 72 33 33 35 86 62 88 67 89 52 45 27 38 19 0 87 46 0 5 93 56 21 51 4 1 66 5 62 89 56 25 70 60 32 42 87 28 50 10 20 12
48 11 77 16 73 62 10 33 12 22 75 0 16 57 71 1 3 16 57 74 78 35 66 94 62 44 90 76 74 93 3 94 72 60 48 87 68 5 70 54 13 31 75 11 10 71 53 15 28 87
51 7 47 95 5 17 7 7 79 43 58 25 31 4 60 65 96 16 0 1 80 87 10 36 46 72 58 53 18 40 67 39 60 54 91 62 64 88 44 35 36 71 44 64 12 39 26 56 64 86
28 54 36 96 15 60 41 32 64 97 97 1 62 72 73 13 4 93 12 88 53 91 94 76 60 57 88 77 36 98 64 25 47 74 70 89 91 40 63 39 81 10 13 18 66 99 77 44 32 93
0 91 6 13 28 1 80 5 82 36 10 45 9 2 31 13 55 38 66 56 40 36 23 93 58 33 71 96 66 11 29 0 3 50 0 3 83 62 37 87 35 72 13 37 10 9 82 37 52 37
92 15 26 28 28 77 14 7 7 56 42 11 3 81 4 17 84 48 53 36 30 31 69 64 33 79 59 79 91 34 79 23 66 86 30 54 93 44 50 4 92 66 39 58 43 55 29 39 43 55
52 28 95 26 23 92 19 58 58 8 98 14 69 95 21 48 85 89 12 35 87 65 94 12 3 95 82 87 33 74 94 86 12 54 42 25 26 94 22 13 9 38 63 98 8 63 35 42 15 34
37 31 36 58 30 22 86 91 12 30 59 12 16 54 94 21 10 55 33 45 77 26 5 86 53 9 57 45 18 38 57 83 30 14 30 44 92 61 37 66 99 64 82 25 50 30 35 57 69 37
5 14 47 55 11 18 5 5 47 43 84 38 16 90 66 21 36 83 66 32 23 6 26 23 81 77 69 67 35 20 11 10 55 62 23 58 17 97 22 68 9 33 56 53 60 9 42 17 19 68
58 44 85 90 71 94 50 69 70 71 29 67 34 83 26 66 59 6 93 23 89 83 82 46 98 32 34 90 99 43 40 4 16 82 91 6 96 33 93 30 52 77 85 74 6 52 46 7 86 33
35 37 81 27 80 55 63 15 65 69 90 30 91 15 2 96 74 28 35 49 45 65 34 77 55 64 52 23 56 10 88 10 70 49 39 16 37 53 35 4 40 42 63 85 72 73 29 87 97 0
51 84 25 71 10 93 86 31 20 18 57 73 85 5 54 82 54 1 15 17 32 11 46 44 4 28 18 1 14 53 49 58 44 0 85 78 99 5 99 91 85 8 57 7 85 15 37 47 40 46
24 57 41 46 45 39 56 36 13 39 11 96 68 80 60 73 88 2 21 84 12 88 21 63 27 19 46 91 51 45 32 6 78 22 98 35 60 0 48 47 65 80 80 81 66 55 79 83 53 98
50 34 30 75 44 81 10 59 21 41 32 75 34 21 51 5 49 84 24 49 8 10 70 37 3 85 15 11 73 34 38 65 29 10 92 76 72 84 78 7 43 2 23 10 37 90 76 51 24 35
94 64 59 40 43 38 57 31 42 62 77 96 48 38 66 92 28 13 61 97 90 11 74 37 99 15 97 45 16 24 5 9 28 14 76 11 85 53 6 7 0 37 23 65 39 71 13 73 0 86
81 7 35 58 12 46 18 99 92 74 91 28 97 33 22 55 14 57 65 54 12 63 80 14 89 38 44 59 40 29 57 32 5 84 81 18 82 12 46 3 53 43 19 13 22 67 51 28 72 84
28 90 42 56 62 13 2 20 74 44 63 41 80 65 99 63 95 10 54 78 96 47 44 49 63 27 79 88 72 39 60 75 95 78 58 64 86 7 89 40 91 56 35 4 91 58 12 26 19 32
4 98 96 71 17 93 49 40 87 61 24 8 93 78 11 63 52 63 30 28 16 98 1 3 55 92 23 69 83 26 77 12 59 0 0 64 46 37 65 17 56 50 97 56 31 75 99 67 53 77
22 38 41 7 48 72 89 52 25 61 41 23 42 97 70 83 8 83 64 53 8 90 91 42 62 13 36 56 44 72 78 15 55 4 22 71 95 24 26 97 50 55 62 87 28 13 18 48 47 84
49 41 3 19 88 59 7 52 26 88 77 81 7 35 31 62 71 13 10 40 36 49 47 88 73 24 77 88 7 92 67 73 4 98 54 94 70 42 27 85 23 18 52 59 7 53 34 4 86 38
64 84 70 42 57 41 0 76 1 90 60 64 42 71 17 61 78 82 12 65 72 36 60 67 83 70 75 98 44 50 86 46 24 71 86 30 55 36 2 31 45 7 66 93 21 28 2 26 45 81
84 23 79 25 39 14 3 82 55 99 64 48 10 46 73 87 71 97 64 49 85 80 93 96 71 4 31 37 50 73 9 4 28 73 74 98 5 37 84 30 54 73 5 56 58 3 32 65 33 34
85 97 23 14 22 12 54 65 4 34 90 0 85 27 22 56 23 91 77 43 16 51 98 60 44 95 33 84 31 88 53 2 30 0 19 84 61 16 62 29 51 98 44 4 57 7 49 3 91 85
67 13 33 27 89 0 3 24 54 22 10 59 77 40 56 79 73 98 7 43 11 5 19 30 58 16 22 60 85 31 82 40 33 74 60 17 49 5 53 82 92 95 95 13 51 64 63 31 53 7
48 57 56 3 99 58 63 90 66 25 67 32 13 94 5 22 16 87 60 97 39 88 35 72 18 44 75 22 83 95 32 19 94 39 99 17 76 90 58 77 25 66 89 97 42 82 50 92 39 43
75 79 32 82 87 58 0 87 49 4 75 39 12 64 3 92 70 56 18 53 50 26 21 95 56 85 55 78 94 60 47 5 75 46 36 22 92 85 61 71 22 30 90 31 57 72 8 4 57 64
53 25 79 14 60 80 73 67 35 83 1 94 45 13 65 39 63 19 19 21 86 34 97 31 2 73 47 19 69 94 61 67 70 89 74 3 65 48 14 89 16 55 0 98 39 36 31 80 74 2
0 24 60 21 93 63 28 90 35 91 79 87 38 34 50 13 72 46 51 82 28 88 44 0 34 4 4 19 11 95 94 11 33 38 0 3 85 51 73 87 71 12 0 31 54 45 94 92 14 11
25 23 82 44 65 97 95 7 15 74 71 94 54 63 99 29 38 70 15 10 65 99 83 37 65 75 90 19 21 51 97 9 46 36 6 45 49 59 37 39 81 96 0 28 40 87 33 45 36 83
92 40 72 2 94 84 73 9 0 79 31 28 86 35 13 0 89 39 56 37 53 70 49 27 94 51 11 72 36 45 22 85 49 46 50 73 5 67 95 61 47 26 98 72 91 71 72 93 88 69
96 18 91 41 94 23 0 56 85 91 64 69 72 81 69 56 67 55 17 32 47 1 14 62 63 74 26 33 90 99 76 4 72 5 96 6 44 37 61 71 9 32 46 87 29 16 16 41 18 92
85 13 70 90 73 80 19 71 83 32 16 98 80 94 25 68 15 74 42 5 90 47 25 8 53 31 65 57 1 83 38 77 49 67 6 88 82 59 41 63 74 52 67 69 64 57 14 23 49 19
29 26 82 67 95 1 15 15 68 17 78 24 70 41 94 26 43 3 37 71 67 4 8 23 78 15 59 73 3 32 13 10 7 28 25 57 10 72 53 82 14 66 61 83 47 95 52 27 14 61
48 62 99 56 91 62 83 70 20 59 8 41 32 71 20 83 27 50 47 48 93 55 42 56 30 83 90 70 65 94 4 48 38 28 71 63 50 90 11 48 57 20 68 49 20 95 68 72 24 60
19 27 49 45 7 6 2 72 6 27 24 50 28 59 78 76 13 11 89 83 0 82 43 59 51 12 39 54 43 12 41 73 2 40 83 51 93 66 55 7 78 35 35 55 55 53 57 43 86 10
79 28 37 93 26 56 28 61 4 63 82 1 70 95 10 65 2 64 67 98 93 34 88 46 53 22 75 12 82 26 68 57 30 63 51 40 59 42 57 56 20 76 5 23 68 2 39 32 5 43
16 40 43 77 55 88 2 66 26 77 76 75 27 25 77 93 32 3 79 44 26 58 3 78 20 28 1 48 3 30 92 5 43 93 7 11 65 1 88 25 71 58 97 24 16 29 7 15 43 93
