35 27
0 1 1 2 2 3 4 4 5 5 6 6 7 8 9 9 10 10 11 11 12 13 14 15 15 16 17 17 18 19 20 20 21 21 22 23 24 25 25 26 27 28 28 29 30 31 31 32 32 33
34 35 35 36 37 38 39 40 41 41 42 43 43 8 44 44 45 45 46 46 12 13 14 47 48 49 49 50 50 19 51 52 52 53 22 23 24 54 55 56 27 57 58 29 30 59 60 61 62 62
34 63 63 36 37 38 39 40 64 65 66 67 68 68 69 70 70 71 71 72 72 73 73 47 74 75 76 76 77 78 51 79 79 53 80 80 81 54 55 56 82 82 58 83 84 59 60 61 85 85
86 87 87 88 88 89 89 90 64 91 66 67 92 93 69 94 95 96 96 97 98 99 99 100 74 75 101 101 77 78 102 103 103 104 105 106 107 107 108 109 110 111 112 83 84 113 113 114 114 115
86 116 116 117 117 118 119 90 120 91 121 121 92 93 122 123 95 124 124 97 98 125 125 126 126 127 127 128 129 130 130 131 132 104 105 106 133 134 108 109 110 111 135 136 137 137 138 138 139 115
140 141 142 142 143 118 144 144 120 145 146 146 147 148 122 123 149 150 151 152 152 153 154 154 155 155 156 128 157 158 158 131 159 159 160 160 133 134 161 161 162 163 135 136 164 164 165 165 166 167
140 141 168 169 143 170 170 171 171 172 172 173 174 148 175 176 176 150 177 178 178 153 179 180 180 181 156 182 157 183 184 184 185 185 186 186 187 187 188 189 189 163 190 190 191 192 192 193 166 167
194 195 168 169 196 197 197 198 199 199 200 173 174 201 175 202 202 203 177 204 204 205 206 206 207 208 208 182 209 183 210 210 211 212 213 213 214 214 188 215 215 216 217 218 191 219 220 193 221 221
194 195 222 222 223 223 224 198 225 225 226 226 227 228 229 229 230 231 231 232 233 205 234 234 207 235 236 237 237 238 239 240 241 212 242 243 243 244 245 246 246 216 217 247 247 219 220 248 249 250
251 251 252 253 254 255 224 256 257 257 258 258 227 228 259 260 261 262 262 232 263 263 264 265 266 266 236 267 268 238 239 240 241 269 242 270 271 272 245 273 274 275 275 276 276 277 277 248 249 250
278 278 252 253 254 255 279 280 281 281 282 283 284 285 259 260 261 286 287 288 289 289 264 265 290 291 292 267 268 293 294 295 295 296 296 270 271 272 297 273 274 298 298 299 300 301 302 302 303 304
305 305 306 307 307 308 279 280 309 309 282 283 284 285 310 311 311 286 287 288 312 313 313 314 315 291 292 316 316 293 317 317 318 318 319 320 321 321 297 322 323 324 325 299 300 301 326 326 303 304
327 327 306 328 329 329 330 331 332 332 333 334 335 336 337 338 339 339 340 340 341 341 342 314 315 343 343 344 345 346 346 347 348 349 319 350 350 351 351 322 352 324 325 353 353 354 354 355 356 357
358 358 359 328 360 360 330 361 361 362 333 334 335 336 337 363 363 364 365 365 366 367 368 368 369 370 370 344 345 371 372 347 348 349 373 374 375 375 376 376 352 377 377 378 379 380 380 355 356 357
381 381 359 382 383 384 385 385 386 362 387 387 388 388 389 390 391 391 392 392 366 367 393 393 369 394 394 395 396 371 372 397 398 398 373 399 400 401 401 402 402 403 404 378 379 405 406 406 407 407
408 408 409 382 383 384 410 411 411 412 412 413 413 414 415 390 416 416 417 417 418 418 419 420 420 421 421 422 396 423 424 397 425 426 426 399 427 427 428 429 430 403 404 431 432 432 433 433 434 434
435 435 436 437 438 438 439 439 440 440 441 442 443 443 415 444 445 446 447 447 448 449 419 450 450 451 452 422 453 423 424 454 425 455 455 456 456 457 428 429 458 459 460 431 461 461 462 463 464 464
465 466 436 467 468 468 469 470 470 471 441 472 473 473 474 444 445 446 475 475 448 449 476 476 477 451 478 478 453 479 480 454 481 481 482 482 483 484 484 485 458 459 460 486 486 487 462 463 488 489
490 466 491 467 492 493 469 494 494 495 495 472 496 496 474 497 498 498 499 499 500 501 502 502 477 503 504 505 505 479 480 506 506 507 507 508 509 509 510 510 511 511 512 513 514 487 515 515 488 489
490 516 517 518 492 519 519 520 521 522 522 523 524 525 525 497 526 526 527 527 500 501 528 529 529 503 530 531 531 532 533 534 534 535 535 536 536 537 537 538 538 539 540 513 514 541 541 542 542 543
544 516 517 518 545 546 546 520 521 547 547 523 524 548 548 549 549 550 551 552 553 554 528 555 555 556 530 557 558 532 533 559 560 560 561 562 563 563 564 565 565 539 540 566 566 567 568 569 570 571
544 572 572 573 573 574 574 575 576 576 577 578 578 579 579 580 580 550 551 581 553 554 582 582 583 584 585 586 558 587 588 588 589 589 561 590 591 591 564 592 593 593 594 595 596 596 568 569 597 571
598 598 599 600 601 602 602 575 603 603 577 604 605 605 606 606 607 608 608 581 609 610 610 611 583 584 585 586 612 612 613 614 615 616 616 590 617 618 618 592 619 620 621 595 622 623 624 625 597 626
627 627 599 628 601 629 630 630 631 632 632 604 633 634 635 636 607 637 638 638 639 640 641 642 642 643 644 645 646 646 613 614 647 647 648 648 649 649 650 650 619 620 621 651 651 623 624 625 652 626
653 654 655 628 656 629 657 657 631 658 658 659 660 634 635 636 661 662 662 663 639 640 664 665 666 667 644 668 669 669 670 670 671 671 672 673 673 674 675 676 676 677 677 678 678 679 680 680 652 681
653 654 655 682 682 683 683 684 685 685 686 659 660 687 687 688 661 689 689 663 690 690 664 691 666 667 692 668 693 693 694 695 695 696 696 697 697 674 675 698 699 699 700 700 701 702 702 703 704 705
706 707 708 708 709 710 711 684 712 712 713 713 714 714 715 688 716 717 717 718 719 719 720 691 721 722 723 724 725 725 694 726 727 728 729 730 731 732 732 733 734 734 735 735 701 736 736 703 704 705
706 707 737 738 739 710 711 740 741 742 742 743 744 745 715 746 747 747 748 748 749 749 720 750 721 722 723 751 752 753 754 726 727 728 729 730 731 755 755 733 756 757 757 758 759 760 761 761 762 762
763 764 737 738 739 765 765 740 766 766 767 743 744 745 768 768 769 770 771 772 772 773 773 774 775 776 777 751 752 778 754 779 780 781 782 783 784 785 786 787 788 788 789 758 759 760 790 791 791 792
763 764 793 794 794 795 795 796 797 798 767 799 800 800 801 802 802 770 771 803 803 804 804 774 775 776 777 805 805 778 806 779 780 807 782 783 784 785 808 787 809 809 810 811 812 812 790 813 813 792
814 815 815 816 816 817 818 796 797 819 819 799 820 821 822 823 824 824 825 826 826 827 828 828 829 829 830 830 831 832 832 833 833 807 834 835 836 837 808 838 838 839 810 811 840 841 842 842 843 843
844 844 845 846 847 848 818 849 850 851 852 853 854 821 822 823 855 855 856 856 857 857 858 859 860 861 861 862 862 863 864 865 866 866 834 835 836 867 868 869 869 839 870 870 871 841 872 873 874 874
875 875 876 846 847 848 877 849 850 851 852 853 854 878 878 879 879 880 880 881 882 883 858 859 860 884 884 885 886 863 864 865 887 887 888 888 889 867 868 890 891 892 893 893 871 894 872 873 895 895
896 896 876 897 898 898 877 899 899 900 901 901 902 903 904 904 905 906 906 881 882 907 908 909 910 910 911 885 886 912 913 913 914 914 915 916 889 917 917 918 891 892 919 920 920 894 921 922 922 923
924 925 926 927 927 928 929 930 930 931 931 932 902 903 933 934 934 935 935 936 937 907 908 909 938 939 940 940 941 912 942 943 943 944 944 916 945 945 946 918 947 947 948 949 949 950 950 951 952 923
924 925 926 953 953 954 929 955 956 956 957 957 958 959 933 960 960 961 961 936 962 963 964 964 938 939 965 966 941 967 968 968 969 970 970 971 972 972 946 973 973 974 948 975 975 976 976 951 952 977
978 978 979 980 980 954 981 982 983 984 985 985 958 986 986 987 987 988 988 989 962 963 990 990 991 991 965 992 992 967 993 994 969 995 995 996 996 997 998 998 999 974 1000 1001 1001 1002 1002 1003 1004 977
1005 1006 979 1007 1008 1009 981 982 983 1010 1011 1011 1012 1012 1013 1014 1015 1016 1016 989 1017 1018 1019 1020 1021 1022 1023 1023 1024 1025 993 1026 1027 1028 1029 1029 1030 997 1031 1032 1033 1034 1000 1035 1035 1036 1036 1003 1037 1038
1005 1006 1039 1039 1008 1040 1041 1042 1042 1010 1043 1044 1044 1045 1013 1014 1015 1046 1047 1048 1017 1018 1019 1049 1021 1022 1050 1051 1024 1052 1052 1026 1027 1028 1053 1053 1030 1054 1054 1032 1033 1034 1055 1055 1056 1056 1057 1057 1037 1058
1059 1060 1061 1062 1062 1040 1041 1063 1063 1064 1065 1065 1066 1067 1068 1068 1069 1046 1070 1048 1071 1072 1073 1049 1074 1075 1050 1076 1077 1078 1079 1080 1080 1081 1082 1082 1083 1083 1084 1085 1086 1086 1087 1087 1088 1089 1090 1091 1092 1058
1059 1060 1061 1093 1094 1094 1095 1096 1097 1064 1098 1099 1066 1067 1100 1100 1101 1101 1070 1102 1071 1072 1073 1103 1103 1075 1104 1076 1077 1105 1079 1106 1107 1081 1108 1109 1109 1110 1110 1085 1111 1112 1112 1113 1113 1089 1090 1091 1092 1114
1115 1115 1116 1093 1117 1117 1095 1096 1118 1119 1098 1099 1120 1120 1121 1121 1122 1122 1123 1123 1124 1125 1125 1126 1127 1127 1104 1128 1129 1105 1130 1106 1131 1131 1108 1132 1133 1134 1134 1135 1135 1136 1136 1137 1137 1138 1138 1139 1140 1114
1141 1141 1142 1142 1143 1143 1144 1144 1118 1145 1146 1146 1147 1148 1149 1150 1151 1151 1152 1152 1124 1153 1153 1126 1154 1154 1155 1128 1129 1156 1156 1157 1158 1159 1159 1132 1133 1160 1161 1161 1162 1162 1163 1163 1164 1164 1165 1139 1140 1166
1167 1167 1168 1169 1170 1171 1171 1172 1173 1145 1174 1175 1176 1148 1149 1177 1177 1178 1178 1179 1179 1180 1181 1181 1182 1182 1155 1183 1183 1184 1185 1157 1158 1186 1187 1188 1188 1160 1189 1190 1191 1191 1192 1193 1194 1195 1165 1196 1196 1166
1197 1198 1168 1169 1199 1199 1200 1172 1173 1201 1202 1175 1176 1203 1203 1204 1204 1205 1206 1206 1207 1208 1208 1209 1210 1211 1211 1212 1213 1213 1185 1214 1214 1186 1187 1215 1215 1216 1189 1190 1217 1217 1192 1193 1194 1218 1219 1219 1220 1221
1197 1198 1222 1223 1223 1224 1200 1225 1226 1201 1202 1227 1228 1228 1229 1230 1230 1205 1231 1231 1207 1232 1232 1209 1233 1234 1235 1212 1236 1236 1237 1238 1238 1239 1240 1241 1242 1216 1243 1244 1244 1245 1246 1247 1247 1218 1248 1249 1249 1221
1250 1251 1222 1252 1252 1224 1253 1254 1226 1255 1255 1256 1256 1257 1257 1258 1258 1259 1259 1260 1260 1261 1262 1262 1233 1263 1235 1264 1265 1266 1237 1267 1268 1268 1240 1241 1242 1269 1269 1270 1270 1245 1246 1271 1272 1272 1273 1274 1275 1276
1250 1277 1277 1278 1278 1279 1253 1254 1280 1280 1281 1282 1283 1284 1284 1285 1285 1286 1286 1287 1287 1261 1288 1288 1289 1263 1290 1264 1265 1266 1291 1291 1292 1293 1294 1294 1295 1295 1296 1297 1298 1299 1299 1271 1300 1300 1273 1301 1275 1302
1303 1304 1305 1306 1307 1279 1308 1309 1310 1311 1311 1282 1283 1312 1313 1314 1315 1316 1317 1318 1319 1319 1320 1320 1289 1321 1322 1323 1324 1325 1326 1327 1292 1328 1329 1330 1330 1331 1296 1297 1298 1332 1333 1333 1334 1335 1336 1301 1337 1302
1303 1304 1305 1306 1307 1338 1308 1309 1310 1339 1339 1340 1340 1312 1313 1314 1315 1316 1317 1341 1341 1342 1342 1343 1343 1321 1322 1323 1324 1325 1326 1344 1344 1328 1329 1345 1345 1346 1346 1347 1347 1332 1348 1348 1334 1335 1349 1349 1337 1350
85 64 85 35 40 34 67 99 36 64 53 47 50 18 74 91 1 81 66 86 45 59 14 54 30 82 40 8 99 42 20 76 55 69 39 1 17 75 54 88 74 42 80 18 91 26 66 80 92 35
29 43 30 5 40 43 17 89 87 39 27 16 81 59 55 27 11 6 89 10 97 69 22 91 36 95 33 86 43 26 50 68 19 27 95 54 58 29 57 36 10 8 33 59 15 74 40 22 20 40
91 53 26 33 14 70 59 41 39 21 35 88 39 67 37 12 86 29 36 74 81 35 79 94 50 68 81 29 8 54 78 35 37 84 10 76 52 64 75 17 59 19 10 46 61 79 34 58 77 31
75 35 87 3 70 85 19 24 82 52 28 60 22 64 90 58 33 94 97 86 1 77 53 32 24 71 62 68 23 83 91 83 69 24 17 71 21 97 40 78 90 70 54 36 5 69 87 79 82 84
83 35 80 34 87 10 83 26 79 11 76 4 95 5 59 25 39 41 74 20 12 54 76 82 28 34 1 58 21 17 31 71 34 96 18 29 38 39 51 55 8 1 43 38 53 75 64 4 98 88
65 93 38 94 30 77 26 36 86 10 15 76 36 0 45 6 6 1 95 69 59 99 26 52 97 76 44 94 85 55 87 55 49 72 45 97 22 33 11 26 20 10 35 67 28 80 64 97 18 25
33 60 68 43 25 95 63 70 4 71 41 7 49 96 45 87 6 69 32 63 33 89 73 36 6 36 28 39 79 29 62 9 72 19 45 28 89 15 95 30 23 70 1 71 1 73 87 72 30 35
89 68 94 91 71 78 62 2 8 71 60 58 75 50 64 71 53 92 47 89 98 76 34 75 91 21 95 96 68 84 83 49 25 31 20 74 25 98 95 95 68 93 44 54 20 48 64 95 43 8
93 27 23 55 30 38 75 73 20 5 50 78 83 89 18 75 19 84 84 35 98 67 3 70 26 81 21 2 82 13 65 6 0 38 27 70 22 10 36 58 29 57 91 33 40 44 19 17 58 12
63 96 72 94 88 15 33 36 25 40 86 80 85 22 22 81 88 46 18 22 27 84 23 11 54 32 28 38 1 22 24 89 87 50 88 23 28 92 12 86 24 33 74 5 36 91 61 72 40 37
72 2 85 35 90 14 9 25 27 53 22 23 0 57 41 0 5 21 41 4 55 46 39 97 62 25 60 69 74 29 26 51 74 28 41 61 77 55 84 69 34 88 50 24 61 50 38 89 98 53
32 6 65 40 84 33 12 80 44 11 78 36 73 76 60 30 25 49 57 21 83 67 44 90 94 12 57 5 57 82 51 2 52 55 92 26 98 75 93 15 61 3 91 52 65 41 93 88 88 35
85 8 69 0 98 13 59 71 12 5 47 55 91 17 25 47 86 26 16 35 85 39 39 59 43 20 17 22 59 5 33 52 44 53 20 49 82 10 12 73 28 94 66 32 8 25 76 32 26 53
90 19 58 67 18 21 47 33 67 14 43 22 4 71 23 46 43 44 8 51 85 96 11 67 44 65 47 71 38 27 52 52 4 48 50 48 22 97 29 6 77 1 42 98 65 8 14 13 60 76
86 40 80 31 12 13 9 76 18 37 49 46 31 12 73 27 79 92 1 85 4 27 73 98 31 57 36 46 72 73 40 8 23 1 10 99 93 15 46 17 2 3 99 2 97 92 52 97 60 2
39 47 82 38 84 47 59 61 8 53 89 46 37 93 83 94 29 64 48 55 17 58 13 85 74 96 39 95 86 54 30 10 55 88 16 11 58 96 3 29 38 17 57 62 87 61 57 78 77 4
37 88 37 1 81 90 69 62 32 14 24 75 41 95 76 30 54 72 78 64 47 34 11 32 99 70 50 76 18 7 57 76 84 46 58 50 7 41 69 85 66 3 53 47 51 75 46 56 85 83
3 41 41 74 36 41 90 74 84 62 53 97 62 70 6 32 83 13 38 88 53 74 45 81 6 5 54 80 63 92 47 31 78 76 22 74 82 94 71 41 95 14 57 55 20 23 66 3 60 73
74 31 75 56 49 20 69 86 59 23 75 58 45 21 88 73 21 1 16 63 17 59 92 54 56 89 33 92 90 33 58 85 64 57 75 31 38 80 8 66 8 76 89 11 83 51 65 3 25 28
74 64 76 99 12 56 65 97 86 41 9 22 49 70 81 18 87 89 96 80 70 61 61 11 81 76 91 91 22 75 38 79 1 32 77 69 79 58 53 95 21 2 35 13 92 54 14 41 17 82
15 19 77 75 61 92 53 23 97 70 13 11 86 32 22 82 69 40 4 74 22 84 10 83 95 26 7 20 93 59 89 0 88 82 99 72 0 34 48 79 75 71 47 93 11 56 29 74 6 86
15 52 45 7 83 50 8 32 48 58 86 48 37 46 40 80 92 57 83 37 70 95 77 86 11 32 56 96 7 42 74 80 11 63 74 51 46 75 66 23 85 99 67 55 54 59 31 77 49 86
12 60 50 76 44 15 11 42 32 96 19 22 22 30 93 6 65 75 59 2 3 57 40 54 96 46 95 89 31 31 18 90 62 50 96 82 54 40 29 18 39 74 76 91 73 95 88 20 58 44
3 20 30 80 1 61 75 31 37 9 99 36 27 92 73 52 39 92 47 41 17 77 85 97 55 39 30 69 11 10 67 8 14 63 87 88 60 26 39 19 93 89 61 86 22 50 6 84 25 93
56 27 18 7 71 21 95 0 67 16 64 11 34 90 88 96 7 30 40 29 31 95 99 25 24 64 69 58 70 93 51 24 53 68 26 90 29 43 96 9 96 78 2 38 54 31 86 94 61 37
9 94 87 6 48 5 23 64 11 59 79 96 24 80 74 11 86 69 63 3 6 99 45 3 94 87 68 71 78 25 49 49 46 15 75 38 67 82 99 89 93 70 51 48 85 83 12 43 3 37
12 79 30 52 55 86 8 22 56 9 29 15 74 94 64 60 99 78 27 16 72 4 94 30 18 88 26 13 3 98 78 95 46 11 62 62 36 37 88 26 53 86 88 22 36 12 73 6 5 89
73 32 12 75 60 23 7 27 30 84 18 5 30 28 45 32 82 15 27 60 86 31 54 54 85 94 98 34 70 24 24 50 50 5 93 36 20 20 53 29 95 3 62 59 82 77 91 6 70 84
71 91 38 52 81 19 49 47 20 58 4 34 67 4 89 39 57 30 7 96 17 35 99 12 55 7 59 25 74 66 53 73 67 4 74 60 74 48 99 32 81 28 77 6 27 69 15 41 50 76
48 83 76 27 87 48 40 23 19 10 35 32 15 89 40 89 35 45 82 31 29 25 95 66 47 39 67 12 17 34 19 22 45 49 50 23 86 46 19 71 11 7 32 81 31 0 85 30 89 13
13 41 93 23 71 3 99 73 63 43 0 12 63 29 57 11 11 3 83 60 1 27 41 70 24 68 97 15 55 2 43 85 33 54 87 99 86 13 26 21 84 96 22 72 56 13 74 60 7 40
69 85 69 17 55 38 34 96 3 45 13 97 54 62 52 93 30 82 19 80 53 63 51 78 25 95 75 28 60 46 77 81 86 20 14 77 70 95 90 29 21 8 63 94 81 84 10 37 31 74
17 43 21 65 49 74 12 34 79 58 56 73 93 92 72 51 99 81 99 78 68 80 33 68 37 28 9 57 72 3 45 22 62 9 50 57 82 86 22 76 8 28 82 80 66 31 69 20 81 71
31 8 81 57 58 16 62 72 49 35 30 37 0 23 61 31 4 3 25 84 36 65 45 79 43 23 44 27 73 70 35 50 68 82 7 71 61 59 8 18 58 61 68 61 82 88 66 34 84 56
73 85 38 9 24 40 74 68 79 92 98 1 95 49 63 87 42 60 43 39 25 83 85 29 16 60 34 89 34 59 61 53 96 1 80 58 84 11 69 31 35 40 55 74 79 22 3 97 75 69
54 39 8 56 15 87 98 93 82 59 15 91 21 67 67 49 30 11 63 89 14 38 55 7 76 59 8 9 17 40 77 22 23 73 85 80 77 39 96 6 63 15 53 44 68 55 90 14 16 71
94 56 97 54 78 94 96 93 23 69 35 56 89 54 64 3 23 69 49 98 9 3 43 20 54 18 86 55 90 19 45 31 43 32 45 62 44 73 18 37 82 65 93 32 79 30 63 82 66 5
25 10 56 57 10 25 77 4 33 87 82 39 3 44 5 99 49 69 38 61 94 19 79 88 55 91 77 37 27 36 74 44 28 21 32 20 79 1 88 76 86 10 80 6 8 79 36 41 39 37
31 50 77 43 39 93 96 82 75 1 10 33 35 38 65 82 0 93 3 64 20 74 47 31 16 48 29 50 16 60 96 95 61 60 22 72 10 89 91 84 38 61 66 42 49 98 41 49 47 55
17 47 74 50 51 67 78 82 54 43 85 53 0 92 76 26 41 23 39 77 86 87 73 46 72 47 39 59 85 69 59 79 65 63 22 55 47 44 1 40 55 72 41 10 26 58 19 47 83 91
36 44 25 49 0 49 45 86 81 42 59 28 17 88 24 99 30 31 42 90 20 10 77 62 25 34 13 0 84 26 52 0 26 52 92 97 94 42 82 19 39 68 83 40 58 45 94 63 25 9
50 26 64 7 99 31 72 44 43 59 54 74 48 2 20 62 8 94 56 71 27 85 97 91 42 29 16 92 81 26 54 92 2 44 31 15 76 31 23 70 14 48 90 42 73 89 22 61 78 58
3 43 26 6 87 12 37 65 95 78 25 29 95 42 53 39 69 30 52 72 66 92 41 49 76 23 1 94 15 97 25 24 52 23 60 98 82 90 32 26 40 60 16 17 98 91 48 59 31 0
95 99 97 54 55 92 84 14 5 57 35 73 18 78 83 76 51 82 5 58 12 93 88 75 11 38 27 90 38 36 84 21 62 14 53 69 99 72 76 37 87 31 51 5 58 94 74 32 87 44
60 36 9 50 2 43 21 75 39 74 41 85 44 4 88 49 91 39 87 94 45 61 73 82 3 63 9 11 21 88 5 48 28 1 20 45 66 52 23 32 28 42 74 51 55 47 14 46 21 94
24 90 62 71 72 52 86 10 87 20 31 59 29 22 48 48 70 87 32 6 2 0 96 20 25 59 98 5 15 78 67 57 90 87 12 25 56 3 81 54 30 88 95 52 43 56 5 90 9 25
5 44 47 63 57 57 92 86 16 55 29 49 11 2 82 15 40 43 27 22 21 43 30 34 56 5 39 88 18 68 76 15 4 78 84 13 64 8 86 92 43 57 69 83 98 25 25 56 0 58
98 39 56 69 98 45 58 9 90 62 74 18 21 78 89 89 94 14 20 51 32 92 56 26 31 70 47 42 79 19 16 12 87 57 33 92 8 67 29 64 29 18 78 62 81 3 20 47 56 86
83 71 21 69 47 95 35 19 10 27 46 5 95 66 7 80 95 95 47 89 45 11 70 27 29 54 74 20 5 25 55 36 40 75 88 32 82 9 80 70 37 46 59 8 15 56 84 46 23 51
66 23 37 63 26 98 52 85 51 20 91 66 77 24 12 0 71 58 75 35 94 35 21 59 66 96 26 86 72 16 95 48 89 53 70 97 52 94 6 0 64 68 89 31 27 34 33 57 69 31
