35 24
0 0 1 1 2 2 3 3 4 5 5 6 7 7 8 9 9 10 11 12 12 13 14 15 15 16 17 17 18 18 19 20 21 22 22 23 24 25 25 26 27 28 29 30 31 32 33 34 34 35
36 37 37 38 39 39 40 40 4 41 41 42 42 43 43 44 44 10 45 45 46 13 14 47 48 49 49 50 50 51 52 20 21 53 53 23 24 54 55 26 27 28 29 30 31 32 33 56 56 35
36 57 58 59 60 60 61 62 63 63 64 64 65 66 67 68 69 70 71 71 46 72 72 47 48 73 74 74 75 51 52 76 76 77 77 78 79 80 55 81 81 82 83 83 84 85 86 87 87 88
89 57 58 59 90 91 61 62 92 92 93 93 65 66 67 68 94 70 95 95 96 97 98 99 100 73 101 102 103 103 104 105 106 106 107 78 79 80 108 109 109 110 111 111 112 85 113 113 114 115
89 116 117 118 118 91 119 120 121 121 122 122 123 123 124 124 94 125 125 126 96 97 98 99 100 127 101 102 128 129 104 130 130 131 107 132 133 134 134 135 135 110 136 137 112 138 139 139 114 115
140 116 117 141 141 142 142 120 143 143 144 145 146 146 147 147 148 149 150 151 152 152 153 154 154 127 155 156 128 129 157 158 158 131 159 132 160 160 161 161 162 163 136 137 164 138 165 165 166 166
140 167 168 168 169 170 170 171 172 172 144 145 173 174 175 175 148 176 150 151 177 177 178 178 179 180 181 156 182 182 157 183 184 185 186 187 188 189 189 190 162 163 191 192 164 193 194 195 196 196
197 167 198 199 169 200 201 202 203 204 204 205 173 174 206 207 207 176 208 208 209 209 210 210 179 180 181 211 212 212 213 183 184 185 186 187 188 214 215 215 216 217 217 192 218 193 194 195 219 219
220 221 198 222 222 200 201 202 223 224 225 226 227 228 206 229 230 230 231 232 233 233 234 235 235 236 236 211 237 237 213 238 238 239 239 240 241 214 242 243 216 244 244 245 245 246 247 248 249 249
220 221 250 251 251 252 253 253 223 224 254 226 227 228 255 229 256 257 231 232 258 258 259 259 260 260 261 262 262 263 263 264 264 265 266 240 241 267 268 243 269 269 270 270 271 246 247 272 273 273
274 275 250 276 277 252 278 278 279 279 254 280 281 282 283 283 256 257 284 284 285 286 286 287 287 288 261 289 290 290 291 291 292 265 266 293 293 267 268 294 295 296 296 297 298 299 300 272 301 301
274 275 302 302 277 303 304 305 306 306 307 280 281 308 308 309 309 310 311 311 285 312 312 313 314 288 315 316 317 318 318 319 320 321 322 323 324 325 325 294 295 326 327 327 298 299 300 328 329 329
330 330 331 332 333 334 304 335 336 336 337 337 338 338 339 340 341 342 343 344 344 345 346 346 314 347 315 316 317 348 349 349 320 321 322 323 324 350 351 351 352 353 354 355 355 356 357 357 358 358
359 360 331 332 333 334 361 335 362 363 363 364 364 365 339 340 341 342 366 367 368 368 369 370 371 347 372 373 374 374 375 375 376 377 377 378 378 350 379 380 380 353 354 381 382 383 383 384 385 386
359 360 387 388 388 389 389 390 390 391 392 392 393 393 394 395 395 396 366 367 397 398 398 370 371 399 400 373 401 401 402 402 376 403 404 404 405 406 407 407 408 408 409 381 410 411 412 412 385 413
414 415 415 416 416 417 417 418 418 391 419 420 421 422 394 423 424 424 425 426 426 427 427 428 428 399 400 429 429 430 430 431 432 403 433 434 405 406 435 436 436 437 409 438 410 439 440 440 441 413
442 443 444 445 445 446 447 447 448 448 419 420 421 422 449 450 451 452 452 453 454 455 456 457 458 459 460 461 461 462 462 431 432 463 464 434 465 466 435 467 467 468 468 469 469 439 470 470 441 471
442 443 444 472 473 473 474 474 475 476 477 478 478 479 480 450 451 481 482 453 454 455 456 457 458 459 460 483 484 484 485 485 486 463 464 487 465 466 488 489 490 491 491 492 492 493 493 494 494 471
495 496 496 472 497 497 498 498 499 476 477 500 500 479 480 501 502 502 482 503 503 504 505 506 507 508 509 483 510 511 511 512 512 513 514 514 515 515 516 489 490 517 517 518 519 519 520 521 522 522
495 523 523 524 524 525 526 527 499 528 529 529 530 531 531 501 532 533 534 534 535 535 505 506 507 508 509 536 536 537 538 538 539 539 540 541 541 542 516 543 543 544 544 518 545 545 520 546 546 547
548 549 549 550 550 525 526 551 551 528 552 552 530 553 554 555 556 533 557 558 559 559 560 561 561 562 562 563 564 565 565 566 566 567 540 568 569 542 570 570 571 571 572 573 573 574 575 575 576 577
578 579 579 580 581 582 583 583 584 584 585 586 586 553 554 555 556 587 587 558 588 588 560 589 590 591 591 563 564 592 592 593 594 594 595 595 569 596 596 597 598 599 572 600 600 574 601 602 602 577
578 603 604 604 581 582 605 605 606 607 607 608 608 609 610 611 612 612 613 613 614 615 616 616 590 617 618 619 619 620 620 621 621 622 623 623 624 624 625 597 598 599 626 626 627 628 628 629 630 630
631 603 632 633 633 634 635 636 636 637 638 639 640 609 610 641 641 642 643 643 614 615 644 644 645 617 646 646 647 648 649 650 651 651 652 653 653 654 625 655 655 656 657 657 658 659 659 629 660 660
631 661 661 662 662 634 635 663 664 664 638 639 640 665 665 666 666 642 667 667 668 668 669 670 670 671 671 672 647 648 649 650 673 674 652 675 676 654 677 678 679 680 680 681 658 682 683 683 684 685
686 687 687 688 689 689 690 663 691 691 692 692 693 694 695 695 696 697 698 699 700 701 702 703 704 705 706 706 707 708 709 709 673 710 710 711 676 712 677 678 679 713 714 681 715 716 717 718 684 685
719 719 720 721 721 722 690 723 723 724 725 726 693 694 727 727 696 697 698 699 700 701 702 703 704 705 728 729 707 708 730 731 731 732 733 711 734 712 735 736 736 713 737 737 715 716 738 718 739 739
740 740 741 742 743 722 744 744 745 745 725 726 746 746 747 748 749 750 751 752 752 753 754 754 755 755 756 729 757 758 730 759 760 732 733 761 734 762 763 764 765 766 766 767 768 768 738 769 770 771
772 773 741 742 743 774 775 776 777 777 778 779 779 780 747 748 749 750 781 781 782 782 783 784 785 785 756 786 757 758 787 788 760 789 790 761 791 762 763 764 792 792 793 793 794 795 795 769 770 771
772 773 796 797 797 774 775 776 798 799 799 800 800 780 801 801 802 803 803 804 805 805 783 784 806 806 807 808 809 809 787 788 810 789 790 811 791 812 812 813 813 814 815 815 794 816 816 817 817 818
819 819 796 820 820 821 822 823 823 824 824 825 825 826 827 828 802 829 829 804 830 830 831 832 833 833 807 808 834 834 835 835 810 836 837 837 838 839 839 840 840 814 841 842 843 844 844 845 846 846
847 847 848 848 849 849 822 850 850 851 851 852 852 826 827 853 854 855 856 857 857 858 859 832 860 860 861 862 863 864 865 866 866 867 867 868 869 870 870 871 872 873 841 842 843 874 874 875 875 876
877 877 878 878 879 879 880 881 882 882 883 884 885 886 887 853 854 855 856 888 888 858 859 889 889 890 890 862 863 864 891 891 892 893 894 868 869 895 896 896 872 873 897 897 898 898 899 900 901 876
902 903 903 904 905 906 880 881 907 908 883 884 885 886 887 909 910 910 911 912 913 914 915 915 916 917 918 918 919 920 921 922 922 893 923 924 924 895 925 925 926 926 927 928 929 930 899 900 931 932
902 933 933 904 905 906 934 934 907 908 935 936 936 937 938 938 939 940 911 912 913 941 941 942 916 917 943 943 919 944 921 945 946 946 923 947 947 948 948 949 949 950 927 928 929 951 952 953 931 932
954 954 955 956 957 958 959 960 961 961 962 962 963 937 964 965 939 940 966 966 967 967 968 942 969 970 970 971 971 944 972 972 973 973 974 975 976 977 977 978 978 950 979 980 980 951 952 953 981 981
982 982 955 956 957 958 959 960 983 984 985 986 986 987 964 988 988 989 989 990 991 992 993 993 969 994 995 995 996 996 997 997 998 999 999 975 976 1000 1001 1002 1002 1003 1003 1004 1004 1005 1005 1006 1007 1008
1009 1009 1010 1010 1011 1012 1012 1013 983 984 1014 1015 1016 987 1017 1018 1018 1019 1020 990 991 992 1021 1022 1023 1023 1024 1024 1025 1025 1026 1027 998 1028 1028 1029 1029 1000 1001 1030 1030 1031 1032 1032 1033 1033 1034 1006 1007 1008
1035 1035 1036 1037 1011 1038 1038 1013 1039 1039 1014 1015 1016 1040 1017 1041 1042 1042 1020 1043 1044 1044 1021 1022 1045 1045 1046 1046 1047 1048 1049 1027 1050 1050 1051 1052 1053 1054 1054 1055 1055 1031 1056 1056 1057 1057 1034 1058 1058 1059
1060 1061 1036 1037 1062 1063 1063 1064 1065 1066 1067 1068 1068 1040 1069 1041 1070 1070 1071 1071 1072 1072 1073 1074 1075 1076 1076 1077 1047 1048 1049 1078 1079 1080 1080 1052 1053 1081 1082 1082 1083 1083 1084 1085 1085 1086 1086 1087 1088 1059
1060 1061 1089 1089 1062 1090 1091 1091 1065 1066 1067 1092 1092 1093 1093 1094 1094 1095 1095 1096 1097 1097 1073 1098 1075 1099 1100 1077 1101 1102 1103 1078 1079 1104 1105 1105 1106 1081 1107 1107 1108 1109 1084 1110 1110 1111 1112 1087 1113 1113
1114 1114 1115 1115 1116 1090 1117 1117 1118 1118 1119 1119 1120 1121 1122 1122 1123 1123 1124 1096 1125 1126 1126 1098 1127 1099 1128 1128 1101 1102 1103 1129 1130 1130 1131 1132 1106 1133 1133 1134 1135 1109 1136 1136 1137 1111 1112 1138 1139 1139
1140 1140 1141 1142 1143 1143 1144 1145 1145 1146 1147 1148 1149 1121 1150 1150 1151 1152 1153 1153 1125 1154 1154 1155 1156 1156 1157 1157 1158 1159 1159 1160 1160 1161 1131 1162 1163 1163 1164 1164 1135 1165 1165 1166 1137 1167 1167 1168 1169 1170
1171 1172 1141 1142 1173 1174 1144 1175 1176 1177 1147 1178 1149 1179 1180 1180 1151 1152 1181 1181 1182 1183 1184 1155 1185 1185 1186 1186 1158 1187 1188 1188 1189 1161 1190 1162 1191 1192 1192 1193 1194 1195 1196 1166 1197 1197 1198 1168 1169 1199
1171 1172 1200 1200 1173 1201 1201 1175 1202 1177 1203 1178 1204 1204 1205 1205 1206 1206 1207 1208 1209 1183 1210 1210 1211 1212 1213 1213 1214 1187 1215 1215 1216 1216 1217 1218 1218 1219 1220 1193 1194 1195 1221 1221 1222 1223 1198 1224 1224 1199
1225 1226 1226 1227 1227 1228 1228 1229 1202 1230 1231 1231 1232 1232 1233 1233 1234 1234 1207 1208 1209 1235 1235 1236 1211 1237 1238 1239 1214 1240 1240 1241 1242 1243 1217 1244 1244 1219 1220 1245 1246 1246 1247 1247 1222 1223 1248 1249 1250 1250
1225 1251 1251 1252 1252 1253 1253 1254 1255 1230 1256 1256 1257 1257 1258 1259 1259 1260 1261 1262 1262 1263 1263 1264 1265 1237 1238 1266 1266 1267 1268 1241 1242 1269 1269 1270 1270 1271 1271 1245 1272 1273 1273 1274 1274 1275 1248 1249 1276 1276
1277 1278 1279 1279 1280 1280 1281 1254 1282 1282 1283 1284 1284 1285 1286 1287 1288 1260 1261 1289 1289 1290 1291 1264 1292 1293 1294 1295 1296 1267 1268 1297 1298 1299 1300 1301 1301 1302 1302 1303 1272 1304 1305 1306 1307 1275 1308 1309 1310 1310
1277 1278 1311 1311 1312 1313 1281 1314 1315 1315 1316 1316 1317 1285 1286 1287 1318 1319 1320 1321 1321 1290 1291 1322 1292 1293 1294 1295 1296 1323 1323 1297 1298 1299 1300 1324 1325 1325 1326 1303 1327 1304 1305 1306 1307 1328 1308 1309 1329 1329
1330 1330 1331 1331 1312 1313 1332 1332 1333 1333 1334 1334 1317 1335 1336 1336 1318 1319 1320 1337 1337 1338 1338 1339 1339 1340 1340 1341 1341 1342 1342 1343 1343 1344 1344 1324 1345 1345 1326 1346 1327 1347 1347 1348 1348 1328 1349 1349 1350 1350
55 72 55 12 36 97 4 84 18 60 46 11 45 61 34 45 39 82 55 64 52 60 86 97 54 87 24 14 24 99 88 44 70 24 93 47 34 42 86 17 45 25 38 49 77 56 93 74 95 44
15 9 20 50 79 50 55 5 99 73 22 4 95 88 99 95 82 0 21 92 15 29 15 90 75 81 55 98 1 84 81 12 80 35 25 4 67 66 76 98 16 31 27 53 82 16 22 12 45 93
39 36 79 74 8 96 11 13 16 89 94 87 11 78 97 9 4 68 11 46 59 8 33 84 3 46 19 66 28 71 38 49 29 69 92 23 20 75 48 52 78 99 30 49 79 21 50 8 93 26
56 68 7 38 22 83 65 63 0 86 0 8 20 79 17 29 72 63 21 68 65 4 74 84 14 22 12 7 52 23 87 41 78 57 10 71 75 63 36 14 52 32 51 79 8 56 56 59 73 74
86 77 90 85 14 49 76 94 4 96 39 67 28 63 29 32 3 22 86 29 14 48 56 52 43 76 97 50 14 21 87 13 54 32 2 39 79 16 27 23 99 48 88 10 81 1 23 67 21 32
27 62 82 4 35 20 43 19 91 28 83 92 42 14 58 67 94 91 59 9 62 71 3 45 38 27 65 5 92 7 69 73 59 75 50 72 67 62 96 32 58 8 95 13 59 29 15 48 38 83
73 20 25 43 72 55 29 71 67 70 93 88 71 68 93 86 86 70 32 49 99 5 55 51 24 53 61 37 65 66 69 9 98 8 16 15 11 74 81 19 59 96 46 86 44 11 8 81 73 29
92 20 5 38 52 49 69 62 74 13 83 83 80 46 15 47 95 80 81 58 69 63 30 1 43 34 7 37 16 46 60 64 34 33 90 90 19 52 20 37 58 57 87 48 70 92 25 95 24 84
22 1 16 47 5 54 1 77 0 35 38 62 95 1 35 38 40 49 49 83 56 14 75 88 11 58 60 52 48 69 67 23 1 40 88 23 44 11 77 71 71 10 88 9 65 56 72 62 16 37
42 56 64 42 14 18 32 5 3 47 5 44 70 42 42 79 51 53 72 21 30 61 44 88 0 78 79 6 57 67 34 78 65 99 53 81 78 75 24 51 41 17 34 72 71 40 83 15 35 30
92 87 94 97 99 85 71 50 43 9 67 33 5 51 87 72 41 13 6 91 44 86 68 49 38 98 55 58 82 27 38 41 69 62 53 95 32 25 6 46 83 34 82 69 49 57 81 29 84 89
28 13 94 48 92 84 89 94 99 0 41 81 57 72 26 64 71 6 58 12 77 30 54 64 81 85 91 58 14 3 60 42 28 93 76 8 79 62 13 74 13 3 15 18 27 35 53 69 78 80
43 45 8 87 95 49 60 65 45 70 0 36 36 6 36 31 19 11 69 38 2 51 43 63 31 66 33 59 87 28 83 78 75 6 84 22 54 83 56 80 93 60 33 2 58 35 92 41 83 60
4 8 31 36 13 50 53 17 36 29 34 97 36 75 3 91 92 28 30 97 89 76 0 2 34 61 4 69 37 3 1 60 81 53 93 98 3 68 13 32 65 22 38 87 76 14 33 39 65 33
85 34 84 46 88 81 31 94 8 8 88 47 48 42 24 6 83 52 65 15 45 10 71 68 27 6 57 69 48 78 62 19 81 2 56 51 42 50 81 39 72 44 45 68 90 91 45 70 84 36
84 57 48 92 80 15 23 87 61 9 19 40 20 2 41 9 2 18 94 49 37 10 79 66 59 56 99 30 71 51 95 33 84 36 74 84 14 87 38 3 80 23 85 18 16 28 44 29 76 61
21 38 19 33 85 41 43 12 23 7 48 92 3 1 26 17 76 88 0 61 38 43 29 43 28 95 71 66 61 99 1 25 71 32 87 83 44 52 61 99 16 65 61 61 59 96 62 56 89 50
94 11 2 3 22 97 77 9 47 92 67 94 47 78 48 28 73 38 49 35 71 87 26 58 26 60 70 64 87 93 91 47 9 47 17 79 5 40 51 29 66 66 6 21 10 80 1 72 14 62
41 73 91 6 11 12 52 14 13 15 51 51 84 51 38 33 13 97 18 90 55 35 21 67 36 55 36 31 99 86 52 30 17 2 63 19 5 58 21 16 38 55 70 81 42 61 15 41 89 27
23 38 3 37 83 94 89 73 32 46 73 3 94 12 75 6 11 82 40 36 44 65 98 29 20 45 57 7 91 2 76 97 58 4 15 95 67 1 15 95 89 65 93 62 33 4 43 34 31 99
83 71 71 22 21 14 24 24 31 94 44 12 52 49 60 44 99 63 20 87 56 35 23 23 68 88 33 24 94 57 92 89 40 82 82 72 74 0 60 16 16 78 75 38 16 16 51 33 55 51
88 36 34 25 44 72 52 43 80 22 55 76 23 2 3 74 70 12 59 38 64 57 83 28 35 87 70 87 13 8 45 30 65 94 1 93 2 3 91 38 37 30 56 30 5 86 53 79 47 50
49 15 71 51 95 16 28 61 73 96 9 2 77 0 57 15 3 7 49 10 92 38 52 36 39 36 50 82 24 54 19 71 41 47 30 53 70 60 46 46 39 74 42 57 70 59 22 29 42 91
23 45 83 1 5 69 13 5 21 1 9 71 12 0 52 48 38 84 5 76 8 30 55 29 4 43 98 49 54 83 15 75 48 73 59 78 1 73 36 69 26 48 49 10 54 96 90 99 73 32
40 21 20 45 72 74 20 27 37 96 67 87 9 13 82 70 98 42 99 20 17 82 73 6 84 47 24 97 55 18 2 50 37 79 29 50 7 83 95 75 41 93 16 25 49 1 17 4 61 2
55 32 72 31 20 21 90 80 58 27 38 83 88 95 91 65 94 66 38 13 66 23 19 97 51 37 53 84 86 73 23 69 28 75 86 84 84 28 47 48 87 80 71 32 67 69 87 81 5 99
56 76 18 7 8 76 40 7 81 93 9 51 79 71 88 1 70 46 9 78 83 49 73 67 42 59 3 62 92 76 51 92 86 48 19 75 38 46 49 51 61 88 68 63 85 31 65 32 49 4
86 35 41 71 40 52 78 69 99 16 80 59 37 37 61 88 7 2 20 64 85 85 46 72 21 70 9 47 6 65 31 45 55 3 68 62 62 80 34 64 9 98 63 80 4 72 73 46 31 92
84 73 48 98 65 57 20 93 6 22 25 7 43 16 91 7 40 83 21 38 78 75 70 74 54 82 42 14 49 99 68 50 1 72 57 50 15 0 96 60 46 89 14 37 84 18 79 71 98 36
45 78 21 14 89 34 11 27 9 15 42 73 78 67 47 30 82 10 4 68 24 64 66 36 4 95 34 50 9 34 83 5 5 54 41 61 30 65 8 74 12 7 39 87 18 78 14 41 98 13
93 41 28 78 20 85 35 17 20 71 56 6 50 85 17 66 23 36 46 64 41 34 71 93 0 41 61 87 33 4 17 47 56 55 78 59 83 93 49 92 8 81 19 12 87 74 80 87 78 35
41 46 67 24 83 28 41 81 21 89 74 64 70 53 29 45 2 52 83 13 37 27 16 44 48 40 85 80 27 31 1 47 14 98 23 55 12 41 13 93 85 43 5 38 1 8 28 62 25 99
98 15 71 1 57 61 11 3 62 75 50 33 83 17 5 98 86 51 49 2 65 99 21 58 69 11 74 23 16 8 83 80 81 50 15 51 63 32 78 48 84 6 81 62 67 45 71 88 12 80
17 90 49 97 16 70 34 58 87 28 44 94 32 92 29 4 1 99 93 13 50 77 38 57 79 15 35 0 58 22 61 1 3 44 41 86 46 35 75 20 91 99 30 22 39 12 30 9 28 28
70 33 72 80 53 40 91 49 0 61 20 13 31 34 32 19 81 63 85 2 28 10 68 25 31 84 72 39 20 6 22 31 98 90 66 35 75 68 28 77 34 33 20 64 44 66 97 75 1 74
81 28 99 61 73 63 3 49 21 82 42 86 98 92 94 75 71 98 14 95 51 92 42 56 93 33 52 28 37 64 51 60 92 51 29 93 0 15 65 76 39 81 58 0 99 34 77 34 14 53
21 9 7 24 45 85 89 28 46 87 37 55 66 27 33 29 38 95 88 50 47 43 83 45 30 15 36 25 42 27 10 54 34 97 52 78 90 94 92 94 42 2 51 76 56 59 76 20 1 68
22 69 12 30 86 2 38 16 48 47 35 2 71 38 43 22 21 69 46 34 46 90 48 83 59 0 95 0 15 85 5 8 3 30 13 81 6 2 96 4 70 96 92 28 99 82 45 25 72 22
50 26 68 62 85 56 74 73 78 16 57 44 44 54 98 12 75 32 56 60 74 5 5 98 31 84 23 89 34 44 69 85 72 94 16 72 3 79 59 94 81 84 2 60 47 87 4 12 25 88
90 89 34 45 91 50 42 52 76 47 82 41 28 79 19 4 12 33 72 74 69 3 38 83 94 71 84 54 68 14 4 91 40 8 71 63 5 51 30 34 30 17 49 68 28 20 83 70 37 40
49 19 4 93 88 40 84 1 80 20 77 83 69 96 57 37 50 27 5 75 48 54 62 96 59 79 83 65 2 60 78 66 3 64 74 40 31 5 61 49 87 92 64 67 47 11 20 52 82 75
12 8 71 36 15 66 20 59 43 80 93 82 81 47 12 71 0 91 90 93 95 84 79 26 52 17 22 1 58 52 20 61 57 13 60 5 71 69 58 41 66 46 95 56 86 12 17 41 16 69
54 21 81 80 30 52 27 46 76 18 8 55 17 72 19 20 52 49 16 78 38 9 30 20 9 66 38 47 13 86 5 13 2 78 36 32 87 8 7 46 82 77 85 80 22 50 73 19 10 78
51 58 98 19 61 15 36 68 19 20 29 83 89 8 3 2 36 63 50 91 65 0 80 56 64 96 93 26 37 45 45 80 54 3 96 32 65 71 4 60 21 46 78 30 24 75 65 74 73 99
74 59 34 75 83 9 82 65 63 48 14 14 78 26 67 50 15 7 33 83 88 17 51 88 75 37 84 79 57 65 69 45 80 6 61 68 59 48 16 45 85 36 91 54 99 85 65 73 1 85
54 38 32 23 35 85 47 57 40 76 49 86 77 63 40 80 59 25 53 51 0 53 63 32 85 49 88 6 7 76 61 30 86 83 71 95 38 18 81 35 10 30 32 54 32 43 25 24 90 30
14 94 46 90 27 22 54 96 70 63 76 43 78 63 59 26 27 14 98 77 81 85 49 36 62 4 89 2 72 70 39 26 51 73 37 98 27 77 72 84 25 86 96 24 50 71 71 10 99 42
88 45 29 27 51 46 18 95 13 95 45 70 21 48 52 47 81 69 37 16 96 25 19 77 88 85 35 88 21 65 97 10 60 35 77 95 97 56 14 6 24 56 62 88 77 87 83 97 32 0
18 1 97 73 33 89 89 97 52 95 88 63 57 94 98 20 63 84 42 41 38 83 71 87 93 96 52 63 66 18 85 25 64 99 89 86 88 75 63 98 74 67 98 89 61 91 57 86 91 57
40 36 57 8 11 84 64 16 9 71 93 66 47 13 79 12 66 56 81 28 65 31 94 27 96 63 8 26 66 99 71 52 98 34 60 89 46 38 86 33 15 78 87 32 57 22 94 41 69 96
