46 29
0 1 1 2 3 3 4 5 5 6 6 7 7 8 9 10 11 11 12 13 14 14 15 15 16 17 17 18 19 19 20 21 22 22 23 23 24 25 26 26 27 28 29 30 31 31 32 33 34 35
36 37 37 2 38 38 4 39 39 40 41 41 42 8 9 43 43 44 12 13 45 45 46 47 48 49 49 18 50 50 20 21 51 51 52 53 54 25 55 55 27 28 29 56 56 57 32 33 34 58
36 59 59 60 60 61 62 63 64 40 65 66 67 68 69 69 70 44 71 71 72 73 46 47 48 74 74 75 75 76 76 77 78 78 52 53 54 79 79 80 81 82 82 83 84 57 85 85 86 58
87 88 89 89 90 61 62 63 64 91 92 66 67 68 93 93 70 94 94 95 95 73 96 97 97 98 98 99 100 101 101 102 102 103 104 104 105 106 106 80 81 107 108 109 84 110 111 111 86 112
87 113 114 114 115 116 116 117 117 91 92 118 118 119 120 120 121 122 122 123 124 125 96 126 127 127 128 128 100 129 129 130 131 132 133 133 134 134 135 136 136 107 108 109 137 137 138 138 139 139
140 113 141 142 115 143 143 144 145 146 146 147 147 148 149 149 150 151 151 123 124 152 152 126 153 153 154 155 155 156 157 158 131 132 159 160 160 161 135 162 162 163 163 164 164 165 166 166 167 167
140 168 141 142 169 169 170 144 145 171 172 173 174 148 175 175 150 176 176 177 177 178 179 180 181 181 154 182 183 156 157 158 184 185 159 186 186 187 188 189 190 190 191 192 193 193 194 194 195 195
196 196 197 198 198 199 170 200 201 171 172 202 174 203 204 205 206 206 207 208 209 210 179 180 211 212 212 182 213 213 214 215 184 185 216 216 217 187 188 218 218 219 191 220 221 222 223 223 224 224
225 226 226 227 227 199 228 200 201 229 229 202 230 203 204 231 231 232 207 208 209 210 233 233 211 234 234 235 235 236 214 215 237 238 239 239 217 240 240 241 242 243 243 220 221 244 244 245 245 246
225 247 247 248 249 249 228 250 251 251 252 252 230 253 254 254 255 256 256 257 257 258 258 259 259 260 261 261 262 263 263 264 237 238 265 265 266 267 267 241 242 268 269 270 270 271 271 272 273 273
274 275 275 248 276 277 278 250 279 280 281 282 283 283 284 284 285 286 286 287 287 288 288 289 290 291 291 292 262 293 293 264 294 295 295 296 266 297 298 299 299 300 269 301 302 303 303 272 304 304
305 306 307 308 276 309 278 310 279 280 281 282 311 312 312 313 285 314 315 316 317 318 319 319 290 320 321 321 322 323 323 324 294 325 326 296 327 328 298 329 330 300 331 301 332 332 333 334 334 335
305 306 307 308 336 309 337 338 338 339 340 340 311 341 341 313 342 314 343 316 317 344 344 345 346 320 347 348 349 350 350 324 351 351 326 352 352 328 353 329 354 354 331 355 356 356 333 357 357 335
358 359 360 361 361 362 362 363 364 339 365 365 366 367 368 369 370 370 343 371 372 372 373 345 346 374 374 348 349 375 375 376 376 377 377 378 379 379 353 380 380 381 382 355 383 384 385 386 387 387
358 359 360 388 389 389 390 363 364 391 392 392 366 367 368 369 393 393 394 394 395 396 397 398 398 399 399 400 400 401 401 402 403 403 404 405 405 406 407 408 408 381 409 409 383 384 385 386 410 410
411 412 412 388 413 413 390 414 414 391 415 415 416 417 418 418 419 420 421 421 395 396 397 422 422 423 424 424 425 425 426 402 427 427 404 428 428 406 429 430 430 431 431 432 432 433 434 434 435 436
437 438 438 439 440 441 441 442 443 443 444 445 445 417 446 446 419 447 448 448 449 449 450 451 452 423 453 454 455 456 426 457 457 458 459 459 460 461 429 462 463 463 464 465 465 466 466 467 468 436
437 469 469 439 440 470 471 442 472 473 473 474 475 475 476 476 477 447 478 478 479 479 450 480 452 481 453 482 455 456 483 484 484 458 485 486 460 461 487 462 488 489 489 490 490 491 491 467 468 492
493 493 494 495 496 470 471 497 472 498 499 499 500 500 501 501 477 502 503 503 504 504 505 480 506 507 507 482 508 508 483 509 509 510 485 486 511 512 513 513 488 514 515 515 516 516 517 518 519 492
520 520 494 495 521 521 522 523 523 498 524 525 526 527 527 528 528 502 529 530 531 532 505 533 533 534 534 535 535 536 536 537 537 510 538 538 511 512 539 539 540 514 541 541 542 542 517 518 519 543
544 545 545 546 547 547 522 548 549 550 524 525 551 551 552 552 553 554 529 530 531 532 555 556 557 558 559 559 560 560 561 562 563 564 564 565 566 567 567 568 540 569 570 570 571 572 572 573 574 575
544 576 577 546 578 579 579 548 549 550 580 580 581 582 582 583 583 554 584 585 586 586 555 556 587 558 588 589 589 590 590 562 563 591 591 565 566 592 592 568 593 569 594 594 571 595 596 596 574 575
597 576 577 598 578 599 599 600 600 601 602 603 581 604 605 605 606 607 608 585 609 610 611 611 587 612 588 613 614 614 615 615 616 617 618 618 619 619 620 620 593 621 622 622 623 623 624 624 625 625
597 626 627 598 628 629 630 631 631 601 602 632 633 633 634 634 606 607 608 635 609 610 636 636 637 612 638 613 639 640 641 641 616 617 642 642 643 643 644 644 645 621 646 647 648 649 649 650 650 651
652 652 627 653 628 629 654 654 655 655 656 632 657 658 658 659 660 661 661 635 662 662 663 664 637 665 665 666 639 667 668 669 669 670 670 671 671 672 673 674 675 675 646 647 648 676 677 677 678 678
679 680 681 653 682 682 683 683 684 685 686 687 687 688 689 659 690 691 692 692 693 693 663 694 694 695 696 697 697 667 668 698 699 699 700 700 701 701 673 674 702 702 703 703 704 705 706 706 707 707
679 680 681 708 709 710 711 711 684 685 686 712 713 688 689 714 690 691 715 715 716 717 718 718 719 695 696 720 720 721 721 698 722 723 723 724 725 725 726 727 728 728 729 730 730 705 731 731 732 732
733 734 734 708 709 710 735 735 736 736 737 712 713 738 739 740 740 741 741 742 742 717 743 744 744 745 746 746 747 748 749 749 722 750 751 724 752 752 726 727 753 753 729 754 754 755 756 756 757 758
759 760 760 761 761 762 763 763 764 764 737 765 766 738 767 767 768 768 769 770 770 771 772 772 773 773 774 774 747 775 776 776 777 750 751 778 779 780 781 781 782 782 783 784 784 755 785 785 786 758
759 787 787 788 788 762 789 790 790 791 792 792 766 793 793 794 795 796 797 798 799 799 800 800 801 802 803 803 804 775 805 806 806 807 807 778 779 808 809 809 810 811 812 813 813 814 814 815 786 816
817 818 818 819 820 821 821 822 822 823 823 824 824 825 826 794 795 796 797 798 827 828 828 829 801 802 830 831 832 833 805 834 835 835 836 837 837 808 838 838 810 811 812 839 839 840 841 842 843 816
844 845 845 819 820 846 847 848 848 849 850 851 851 825 826 852 853 853 854 854 827 855 856 829 857 858 830 831 832 833 859 859 860 860 861 862 863 863 864 865 866 867 867 868 869 840 841 842 870 870
844 871 871 872 872 846 847 873 874 849 875 875 876 877 877 852 878 878 879 879 880 855 856 881 857 882 882 883 884 885 885 886 887 888 861 889 889 890 891 865 866 892 892 868 893 894 894 895 896 896
897 898 899 899 900 900 901 873 874 902 903 904 876 905 906 907 907 908 908 909 880 910 911 912 913 914 915 916 884 917 917 886 887 918 918 919 919 890 891 920 921 921 922 922 893 923 923 895 924 925
897 898 926 926 927 927 928 928 929 930 903 904 931 932 906 933 933 934 934 909 935 910 911 912 913 914 915 916 936 936 937 937 938 939 939 940 940 941 942 942 943 943 944 945 946 946 947 947 924 925
948 948 949 950 951 951 952 952 929 930 953 953 931 932 954 955 955 956 957 958 935 959 960 960 961 962 963 963 964 965 965 966 967 967 968 968 969 941 970 971 972 972 944 973 973 974 975 976 976 977
978 979 949 980 980 981 982 982 983 983 984 985 986 987 954 988 989 956 957 990 991 959 992 993 993 962 994 994 995 996 997 966 998 999 1000 1001 1002 1002 970 1003 1003 1004 1005 1006 1007 974 975 1008 1008 977
978 979 1009 1010 1010 1011 1011 1012 1012 1013 1013 985 986 1014 1014 988 1015 1015 1016 990 991 1017 1017 1018 1019 1020 1020 1021 995 996 997 1022 998 999 1000 1023 1024 1025 1026 1027 1027 1004 1005 1006 1007 1028 1029 1029 1030 1030
1031 1031 1032 1032 1033 1033 1034 1034 1035 1035 1036 1037 1037 1038 1039 1040 1041 1041 1016 1042 1042 1043 1043 1018 1019 1044 1044 1045 1045 1046 1046 1022 1047 1047 1048 1023 1024 1025 1026 1049 1050 1051 1052 1053 1054 1055 1055 1056 1056 1057
1058 1059 1060 1061 1061 1062 1062 1063 1064 1064 1036 1065 1065 1038 1039 1066 1066 1067 1068 1069 1070 1070 1071 1071 1072 1073 1073 1074 1074 1075 1076 1076 1077 1078 1048 1079 1079 1080 1080 1049 1050 1051 1052 1053 1054 1081 1081 1082 1083 1057
1084 1059 1060 1085 1085 1086 1087 1087 1088 1088 1089 1089 1090 1090 1091 1092 1092 1067 1068 1069 1093 1093 1094 1095 1095 1096 1097 1097 1098 1075 1099 1099 1077 1078 1100 1101 1101 1102 1103 1104 1105 1106 1107 1108 1108 1109 1109 1082 1083 1110
1084 1111 1111 1112 1113 1114 1115 1116 1116 1117 1117 1118 1119 1120 1121 1122 1123 1124 1124 1125 1125 1126 1094 1127 1127 1128 1129 1130 1098 1131 1132 1132 1133 1133 1100 1134 1134 1135 1103 1104 1105 1136 1107 1137 1137 1138 1139 1140 1141 1110
1142 1142 1143 1143 1113 1114 1115 1144 1144 1145 1145 1118 1119 1120 1121 1122 1123 1146 1147 1148 1149 1126 1150 1151 1152 1128 1129 1153 1153 1131 1154 1155 1155 1156 1156 1157 1157 1135 1158 1158 1159 1136 1160 1160 1161 1161 1139 1140 1141 1162
1163 1163 1164 1165 1165 1166 1166 1167 1167 1168 1168 1169 1169 1170 1171 1172 1172 1146 1147 1148 1149 1173 1150 1151 1152 1174 1174 1175 1176 1176 1177 1177 1178 1179 1180 1181 1181 1182 1182 1183 1184 1184 1185 1186 1187 1188 1189 1190 1190 1162
1191 1192 1164 1193 1194 1195 1195 1196 1196 1197 1197 1198 1199 1170 1171 1200 1200 1201 1201 1202 1202 1173 1203 1204 1205 1205 1206 1206 1207 1208 1209 1210 1178 1179 1180 1211 1211 1212 1212 1213 1214 1214 1185 1186 1187 1188 1189 1215 1216 1216
1217 1192 1218 1193 1194 1219 1219 1220 1221 1222 1222 1198 1199 1223 1224 1224 1225 1226 1227 1227 1228 1229 1203 1204 1230 1231 1232 1233 1207 1234 1209 1210 1235 1236 1237 1238 1239 1240 1241 1213 1242 1242 1243 1244 1244 1245 1246 1246 1247 1247
1217 1248 1248 1249 1250 1251 1251 1220 1252 1253 1253 1254 1254 1223 1255 1255 1225 1226 1256 1256 1228 1257 1258 1258 1230 1259 1232 1233 1260 1234 1261 1261 1235 1236 1237 1238 1239 1240 1241 1262 1263 1263 1264 1264 1265 1245 1266 1266 1267 1267
1268 1268 1269 1249 1250 1270 1270 1271 1252 1272 1273 1273 1274 1275 1276 1276 1277 1277 1278 1278 1279 1257 1280 1281 1282 1259 1283 1283 1284 1285 1285 1286 1286 1287 1287 1288 1289 1289 1290 1262 1291 1291 1292 1293 1293 1294 1294 1295 1296 1296
1297 1297 1269 1298 1298 1299 1299 1271 1300 1300 1301 1302 1274 1275 1303 1303 1304 1304 1305 1306 1307 1308 1309 1281 1310 1311 1312 1312 1284 1313 1313 1314 1315 1315 1316 1288 1317 1318 1319 1319 1320 1321 1292 1322 1323 1324 1325 1325 1326 1327
1328 1329 1329 1330 1330 1331 1331 1332 1332 1333 1333 1302 1334 1334 1335 1336 1336 1337 1305 1306 1307 1308 1309 1338 1310 1311 1339 1339 1340 1341 1341 1314 1342 1342 1316 1343 1317 1318 1344 1345 1345 1321 1346 1322 1323 1347 1347 1348 1348 1327
83 76 83 76 28 40 59 32 84 78 31 14 23 2 17 2 9 78 94 21 23 94 17 23 70 65 8 24 75 53 33 94 67 40 6 32 31 26 73 87 94 35 44 92 7 43 22 74 2 91
79 60 44 82 34 60 18 6 69 1 51 86 29 18 71 18 87 93 53 22 72 61 56 13 62 37 12 7 71 7 94 25 66 73 80 57 11 22 42 6 17 88 0 42 87 28 8 49 42 19
13 83 20 57 30 33 64 95 9 68 11 32 6 44 34 65 21 63 35 26 92 39 25 62 40 41 1 64 87 67 48 45 91 24 42 87 94 38 62 11 17 28 33 96 5 34 40 97 67 52
90 4 49 85 23 17 96 22 40 56 97 58 9 97 18 0 24 66 21 70 91 16 31 46 33 58 1 43 0 55 85 19 81 59 39 15 10 0 81 67 19 49 79 45 59 83 61 21 13 25
31 36 9 40 85 4 28 70 3 97 69 3 59 49 1 96 50 68 3 89 81 3 3 77 14 0 64 87 88 77 4 75 62 26 90 32 18 14 16 81 10 15 25 76 6 59 43 26 0 54
63 97 76 8 42 87 39 51 28 27 51 16 56 92 76 1 53 8 47 10 92 17 39 96 58 57 32 5 52 14 13 49 56 3 68 91 2 35 34 4 61 93 79 79 77 68 26 14 9 45
44 81 32 76 28 77 71 88 38 0 61 19 41 26 75 87 64 51 12 68 77 14 97 28 83 83 61 95 16 44 37 86 82 22 56 53 86 70 44 21 39 84 23 68 38 7 72 54 32 46
48 96 39 88 73 19 8 94 62 56 53 52 53 48 78 67 60 42 94 22 26 85 82 70 38 3 22 17 48 6 83 93 48 42 8 76 48 24 49 99 69 99 26 51 9 46 20 74 11 69
8 83 96 64 79 86 22 2 61 19 86 22 24 97 83 69 74 57 29 85 33 14 85 79 14 25 20 33 10 96 62 3 67 18 73 9 12 87 49 71 28 94 50 13 12 32 69 59 15 6
75 71 38 20 5 78 35 17 14 46 91 22 92 15 96 93 55 25 11 80 9 34 69 74 52 66 16 86 45 78 10 80 32 50 95 35 35 8 78 53 65 24 0 95 84 57 45 92 79 71
28 30 38 21 67 81 48 95 22 28 29 79 44 97 18 24 51 98 71 78 20 8 60 36 93 79 19 67 81 14 75 51 81 32 11 26 73 38 70 20 33 12 37 90 28 82 68 16 42 78
15 11 80 64 94 5 85 65 8 86 67 78 8 92 83 48 66 14 43 70 71 89 12 3 73 31 33 16 71 53 67 14 56 77 55 27 27 33 81 36 74 30 93 36 25 20 41 77 48 14
66 3 81 10 69 92 61 1 90 38 43 33 20 98 67 31 70 82 85 12 11 69 91 40 0 54 67 28 43 28 45 88 60 75 45 38 93 71 40 10 41 83 97 26 71 18 5 86 92 18
0 45 93 99 40 42 0 99 29 11 15 34 84 97 95 21 31 62 66 69 75 86 35 17 59 69 23 0 39 14 52 18 78 6 90 16 53 46 15 29 20 30 1 54 29 22 29 5 41 15
38 84 98 47 0 62 67 97 65 2 7 62 33 79 13 15 81 96 80 55 69 53 21 16 51 99 93 93 33 46 25 34 10 34 98 96 7 30 81 33 64 11 52 47 27 57 66 36 29 9
96 3 0 59 65 71 52 95 79 21 66 8 45 56 8 70 95 22 73 76 52 96 30 44 98 30 79 88 45 72 71 94 90 53 44 92 65 6 86 96 0 9 53 69 97 27 81 45 80 56
55 86 72 88 54 5 61 23 88 53 30 65 78 97 14 31 31 28 25 34 71 63 28 11 21 90 34 48 59 52 66 10 20 18 30 98 75 37 43 39 54 23 78 8 4 7 81 79 22 79
95 97 21 89 79 20 30 33 41 38 34 47 5 94 25 21 67 89 89 68 65 2 52 2 95 32 65 13 39 57 87 35 97 89 88 43 73 79 10 51 17 94 65 26 74 61 71 5 59 52
40 65 72 14 16 49 98 89 35 6 81 26 65 49 32 92 52 71 64 10 33 35 71 5 11 22 12 1 33 1 82 64 28 27 59 36 99 52 81 55 86 80 53 92 30 40 37 8 33 86
37 14 94 64 3 16 94 51 51 90 25 56 74 16 32 3 25 31 25 79 12 54 31 77 98 39 42 42 4 70 23 18 15 12 75 1 63 52 55 9 48 44 80 91 89 49 43 83 87 35
27 52 70 78 24 65 23 24 31 56 14 70 4 55 70 64 28 71 13 70 76 66 26 15 76 3 54 28 18 92 39 87 37 55 51 41 75 11 86 98 64 23 85 0 21 5 14 34 60 47
68 53 27 71 11 64 55 98 75 81 19 51 8 9 57 42 72 18 20 20 92 32 75 79 91 93 50 16 20 26 77 73 48 6 15 1 57 27 24 76 43 31 62 98 63 12 72 63 89 22
52 22 76 75 28 4 72 60 56 97 60 42 57 48 86 25 26 25 74 96 28 82 10 81 10 38 79 99 82 82 44 98 35 45 24 55 70 13 39 52 57 46 99 55 14 75 33 46 0 33
14 95 74 41 97 44 64 99 44 79 51 7 38 14 0 55 90 14 82 62 23 12 63 76 2 35 29 29 68 97 46 43 76 22 0 11 97 82 31 61 94 2 20 29 58 85 60 81 21 33
41 39 30 12 47 54 31 55 45 97 38 69 11 54 2 68 45 13 63 25 71 2 73 79 4 57 46 12 47 40 72 55 99 79 51 82 37 60 82 91 92 97 87 69 42 11 30 44 28 74
91 82 39 6 91 23 83 56 79 67 55 50 97 52 75 7 20 91 54 11 35 60 91 67 52 39 52 18 12 9 71 53 11 39 69 26 38 69 8 80 25 9 11 93 10 64 47 40 47 5
63 7 98 81 13 69 44 4 59 59 99 99 97 66 84 5 97 81 98 81 64 94 12 42 37 22 25 38 67 99 74 18 11 27 55 56 50 76 41 89 79 20 23 59 47 82 93 26 73 33
16 75 16 99 70 10 51 63 62 18 30 27 88 29 10 72 55 98 30 62 68 82 0 85 95 20 24 40 29 37 46 6 23 97 69 43 16 23 8 60 49 46 55 31 82 26 91 17 97 87
88 10 43 48 2 26 76 37 92 15 51 25 81 6 30 23 99 41 3 93 22 89 84 93 58 91 78 76 28 16 19 43 79 68 61 9 92 69 55 53 15 47 57 1 18 94 48 88 97 66
80 48 2 50 38 68 15 50 35 27 62 90 47 75 47 30 76 44 67 66 21 87 90 93 65 44 23 84 47 29 80 42 1 0 95 35 54 43 97 77 68 45 67 15 94 61 8 91 67 19
31 95 76 54 97 96 99 9 66 86 74 10 79 39 71 37 77 55 83 64 6 70 14 35 20 68 99 23 68 54 88 21 84 16 19 76 74 26 99 19 98 88 94 32 17 11 13 90 18 61
36 66 50 15 3 64 47 76 49 61 84 38 55 36 56 36 8 86 54 29 59 92 60 50 0 59 68 4 29 23 93 42 82 37 13 28 59 99 25 27 88 81 57 7 12 92 84 72 7 95
6 18 90 76 47 85 16 64 67 89 74 77 21 0 52 13 75 50 10 59 48 53 11 27 75 98 84 43 49 37 22 27 43 69 93 89 75 37 40 17 57 64 86 72 6 77 58 8 38 30
60 65 26 20 15 55 91 60 81 92 74 48 79 16 39 14 78 46 32 98 59 13 51 92 78 14 27 32 9 16 27 6 11 16 35 3 16 47 32 32 74 46 31 61 79 5 93 2 41 64
42 42 54 73 7 32 87 64 60 17 82 89 63 31 82 3 41 77 13 42 57 92 58 99 46 71 64 35 46 65 87 68 86 60 41 69 3 79 29 45 50 22 56 67 58 92 82 51 64 42
2 33 11 41 83 20 94 79 99 95 63 9 49 19 71 21 41 51 31 23 98 74 37 55 10 4 35 20 55 71 59 81 35 72 32 59 25 89 70 43 18 65 8 79 60 71 58 84 73 96
75 11 61 62 95 67 86 19 66 77 28 82 9 84 22 52 67 0 76 0 55 24 41 56 33 73 53 98 81 52 17 12 93 73 7 57 96 5 90 84 29 69 70 9 32 58 84 87 24 6
14 7 42 67 88 94 59 70 77 8 14 49 82 34 32 46 20 77 7 74 86 3 2 69 60 49 89 6 32 9 79 75 31 77 27 70 11 11 18 35 22 36 42 38 24 11 20 93 99 2
73 70 22 49 79 46 55 40 48 34 71 80 25 18 64 56 58 95 56 50 53 95 4 34 33 13 60 87 25 20 60 89 37 60 67 78 60 69 71 63 43 30 46 14 28 31 19 1 94 37
39 20 55 91 20 42 11 83 61 60 10 68 82 39 62 54 27 66 83 1 83 33 80 34 16 80 67 69 88 18 18 23 41 71 83 88 99 5 92 57 27 92 5 12 33 44 65 93 43 0
70 61 38 68 8 45 66 59 42 66 2 90 69 21 24 95 85 95 27 16 72 70 62 46 82 24 56 69 86 14 78 46 88 49 62 68 25 82 38 83 52 75 36 4 14 53 65 88 17 63
74 37 13 61 35 26 61 23 52 55 14 49 37 33 6 57 64 83 45 65 4 53 46 15 9 89 83 27 34 29 82 66 44 29 85 1 21 74 98 81 82 15 58 20 30 66 69 11 86 84
91 3 97 66 80 58 52 48 78 10 73 8 28 94 37 15 58 52 27 55 12 33 35 69 14 93 39 17 23 67 54 49 79 33 39 94 83 66 58 7 7 63 73 65 23 46 27 71 13 10
53 75 87 64 89 94 51 14 69 62 58 99 46 87 7 83 70 94 22 32 5 48 79 33 71 74 15 6 82 41 39 56 70 42 22 24 43 16 85 62 92 28 13 40 21 80 80 47 5 64
74 23 42 42 12 28 87 27 16 96 9 70 95 77 19 25 2 55 16 71 69 20 69 98 45 22 11 67 59 88 66 51 99 42 47 68 4 19 80 64 91 16 51 38 55 40 27 2 11 56
60 89 81 48 82 95 4 66 49 24 92 61 76 77 56 95 97 46 43 66 35 77 61 84 5 69 65 34 58 10 65 55 46 21 35 31 66 55 83 37 16 9 64 23 2 35 58 33 97 40
86 97 24 49 65 39 76 42 93 94 33 53 1 33 50 50 91 13 4 54 4 90 20 26 58 23 37 96 80 36 90 88 56 74 84 39 85 7 20 81 60 97 27 5 73 8 69 99 39 85
37 85 33 59 9 52 68 15 43 93 8 56 80 20 3 46 81 60 90 65 53 74 95 77 76 65 19 83 12 67 21 41 94 21 99 10 93 9 43 36 61 16 69 52 55 49 10 49 95 54
50 67 92 40 19 76 85 35 43 45 19 57 27 33 27 44 47 87 56 85 84 88 84 9 59 9 30 67 38 71 37 81 3 95 74 64 77 89 69 46 16 26 8 85 30 33 15 2 26 4
79 5 20 77 95 4 41 20 77 17 12 52 38 12 33 18 98 4 34 63 69 5 33 74 77 23 15 19 35 69 30 79 30 27 78 70 33 50 93 1 80 56 29 31 7 1 7 6 15 55
