26 46
0 1 1 2 2 3 3 4 4 5 5 6 7 7 8 9 9 10 10 11 12 13 14 15 15 16 16 17 17 18 19 19 20 20 21 22 23 24 25 26 26 27 28 28 29 30 30 31 32 33
0 34 35 35 36 37 38 38 39 39 40 40 41 42 8 43 44 45 46 46 12 13 14 47 48 48 49 50 50 18 51 51 52 52 21 22 23 24 25 53 53 27 54 54 55 55 56 56 32 33
57 34 58 58 36 59 60 61 62 62 63 64 64 42 65 66 44 45 67 68 68 69 70 47 71 72 73 73 74 74 75 76 77 77 78 78 79 80 81 82 83 83 84 84 85 86 87 87 88 88
89 89 90 90 91 59 60 61 92 93 63 94 94 95 65 66 96 97 67 98 98 69 70 99 99 72 100 101 102 102 75 76 103 104 105 105 79 80 81 106 107 108 109 109 85 110 110 111 112 113
114 115 115 116 91 117 118 119 92 93 120 121 122 95 123 123 96 124 124 125 126 127 128 128 129 129 100 130 130 131 132 132 103 104 133 134 134 135 135 106 107 136 137 138 138 139 139 111 112 113
114 140 141 142 142 117 118 143 143 144 144 121 122 145 145 146 146 147 148 125 126 127 149 150 151 152 153 154 155 155 156 157 158 159 159 160 160 161 162 163 163 136 137 164 165 165 166 167 168 169
170 140 171 172 173 174 174 175 176 177 178 178 179 180 181 182 183 184 148 185 185 186 149 150 151 152 153 154 187 187 156 188 158 189 190 191 191 161 162 192 193 194 194 164 195 195 166 167 168 169
170 196 171 172 173 197 198 175 176 177 199 200 179 180 181 182 183 184 201 201 202 203 203 204 204 205 205 206 206 207 208 188 209 189 190 210 211 212 212 192 193 213 213 214 215 216 217 218 219 219
220 196 221 222 222 197 198 223 224 224 199 200 225 226 227 228 228 229 229 230 231 231 232 232 233 234 235 236 237 207 208 238 209 239 239 210 240 240 241 241 242 242 243 244 215 245 217 218 246 247
248 248 249 249 250 251 251 223 252 253 254 254 225 255 227 256 256 257 257 258 258 259 260 260 233 234 235 236 237 261 261 238 262 262 263 263 264 265 265 266 266 267 243 244 268 245 269 270 270 247
271 272 273 274 274 275 276 277 277 253 278 278 279 255 280 281 281 282 283 284 285 259 286 287 288 289 290 290 291 292 292 293 293 294 294 295 296 297 298 298 299 267 300 301 302 302 269 303 303 304
271 305 273 306 307 275 276 308 308 309 310 310 311 312 313 314 315 282 283 284 285 316 286 287 288 289 317 317 318 319 320 320 321 321 322 323 296 297 324 324 299 325 300 326 326 327 327 328 329 304
330 305 331 306 332 332 333 334 334 309 335 336 311 312 313 314 315 337 338 339 340 341 342 342 343 344 345 345 318 319 346 347 347 348 322 323 349 350 351 352 353 325 354 354 355 355 356 328 357 357
358 358 359 359 360 360 361 362 363 363 335 336 364 365 366 366 367 337 338 339 340 341 368 368 343 344 369 370 371 372 346 373 374 348 375 375 349 376 351 352 353 377 378 378 379 379 356 380 380 381
382 382 383 383 384 385 361 362 386 387 388 388 364 365 389 389 367 390 391 392 393 394 395 395 396 396 369 370 371 397 398 398 374 399 399 400 401 376 402 402 403 404 405 406 406 407 408 409 410 381
411 412 413 414 384 415 416 417 386 418 419 420 421 421 422 423 424 425 391 392 393 426 427 427 428 429 429 430 430 397 431 432 433 434 434 400 435 435 436 437 403 404 405 438 438 407 439 409 440 440
411 412 441 414 442 415 416 417 443 418 419 420 444 445 446 423 424 425 447 448 449 426 450 450 451 451 452 452 453 453 431 432 433 454 455 455 456 456 436 437 457 458 459 459 460 461 439 462 463 463
464 465 441 466 442 467 468 468 443 469 470 471 444 445 446 472 472 473 473 448 449 474 474 475 475 476 476 477 478 478 479 479 480 454 481 482 483 483 484 484 457 458 485 486 460 487 487 488 488 489
464 465 490 490 491 467 492 493 493 469 470 471 494 495 496 497 498 499 500 501 501 502 503 504 505 506 506 477 507 507 508 509 480 510 510 482 511 512 512 513 513 514 514 486 515 515 516 517 517 489
518 518 519 520 491 521 492 522 522 523 523 524 494 495 525 497 498 499 500 526 526 502 503 504 527 528 529 530 530 531 508 532 533 533 534 535 535 536 536 537 538 539 539 540 541 541 516 542 543 543
544 545 519 520 546 521 547 547 548 549 549 524 550 551 525 552 553 554 555 556 556 557 558 558 527 528 529 559 560 531 561 532 562 562 534 563 563 564 565 537 538 566 567 567 568 569 570 542 571 571
544 545 572 573 546 574 575 576 577 577 578 578 550 579 579 552 553 554 555 580 580 557 581 581 582 582 583 559 584 584 585 585 586 587 587 588 588 564 565 589 589 566 590 590 591 569 570 592 592 593
594 594 572 595 596 574 575 576 597 598 599 599 600 601 601 602 603 603 604 604 605 606 607 607 608 608 609 610 610 611 612 612 586 613 613 614 615 615 616 617 618 618 619 620 591 621 622 623 624 593
625 625 626 595 596 627 628 629 597 598 630 631 631 632 632 602 633 633 634 634 605 606 635 635 636 636 609 637 638 639 640 641 642 643 644 614 645 646 616 617 647 647 619 620 648 648 622 623 624 649
650 650 651 652 652 627 653 629 654 655 656 656 657 658 658 659 659 660 661 662 662 663 663 664 665 666 666 667 638 639 640 668 642 643 669 669 645 646 670 670 671 671 672 673 674 674 675 675 676 676
677 677 651 678 678 679 653 680 681 655 682 683 683 684 685 686 687 687 661 688 689 689 690 664 691 691 692 667 693 693 694 668 695 695 696 697 698 699 700 701 701 702 672 673 703 703 704 705 706 707
708 709 710 710 711 711 712 680 681 713 682 714 714 684 685 715 716 717 717 718 718 719 690 720 721 722 692 723 724 725 694 726 727 728 729 697 730 699 700 731 732 702 733 734 735 736 736 705 706 737
738 709 739 740 741 741 712 742 743 744 745 746 747 748 749 715 716 750 750 751 752 752 753 720 721 722 754 754 724 755 755 726 727 728 729 756 730 757 757 731 732 758 733 759 735 760 761 762 762 737
738 763 739 740 764 765 766 742 743 744 745 746 747 748 749 767 768 769 769 770 770 771 753 772 773 773 774 774 775 776 776 777 778 778 779 779 780 780 781 781 782 783 783 759 784 760 761 785 785 786
787 787 788 788 764 789 766 790 790 791 792 793 794 795 795 767 796 796 797 798 799 771 800 772 801 801 802 803 803 804 804 805 806 807 808 808 809 810 811 812 782 813 813 814 784 815 816 817 817 786
818 818 819 819 820 789 821 821 822 791 792 793 794 823 823 824 824 825 797 798 799 826 827 828 829 830 802 831 832 833 834 805 806 835 836 837 837 810 811 812 838 838 839 839 840 815 841 841 842 842
843 843 844 844 845 845 846 847 822 848 849 850 851 852 853 853 854 825 855 855 856 826 827 828 829 830 857 831 832 833 834 858 859 835 836 860 860 861 861 862 863 864 864 865 840 866 866 867 868 868
869 869 870 870 871 872 872 847 873 848 849 850 851 852 874 875 876 876 877 877 878 878 879 880 880 881 857 882 883 884 884 858 859 885 885 886 887 888 889 890 863 891 891 865 892 893 893 867 894 894
895 896 896 897 898 899 899 900 873 901 902 902 903 904 874 905 906 907 908 909 909 910 879 911 911 881 912 882 913 913 914 915 916 917 917 886 887 888 889 890 918 919 919 920 892 921 922 922 923 923
895 924 924 897 898 925 926 900 927 928 928 929 903 904 930 905 906 907 931 932 932 910 933 933 934 935 912 936 937 938 914 915 916 939 940 940 941 942 943 943 918 944 944 945 946 921 947 948 949 950
951 952 952 953 953 925 926 954 927 955 955 956 956 957 957 958 958 959 931 960 961 961 962 963 934 935 964 936 937 965 965 966 966 939 967 967 941 942 968 968 969 970 970 945 971 972 947 973 949 950
951 974 974 975 975 976 977 978 979 980 980 981 982 982 983 984 984 959 985 960 986 987 962 963 988 988 964 989 990 990 991 991 992 993 994 995 996 996 997 997 998 999 1000 1000 971 972 1001 973 1002 1002
1003 1004 1004 1005 1006 1006 977 978 979 1007 1008 981 1009 1010 983 1011 1011 1012 1013 1013 986 987 1014 1015 1015 1016 1017 1017 1018 1019 1020 1021 992 993 994 995 1022 1022 1023 1024 998 999 1025 1025 1026 1027 1001 1028 1028 1029
1030 1031 1032 1032 1033 1034 1034 1035 1035 1007 1036 1036 1009 1010 1037 1038 1038 1012 1039 1040 1040 1041 1014 1042 1042 1043 1043 1044 1045 1019 1020 1021 1046 1046 1047 1047 1048 1048 1023 1049 1050 1051 1052 1052 1026 1027 1053 1054 1055 1029
1030 1031 1056 1057 1033 1058 1059 1060 1060 1061 1062 1063 1063 1064 1037 1065 1065 1066 1039 1067 1068 1041 1069 1070 1071 1072 1072 1044 1045 1073 1073 1074 1075 1075 1076 1077 1077 1078 1078 1049 1050 1051 1079 1079 1080 1081 1082 1054 1055 1083
1084 1084 1056 1057 1085 1085 1059 1086 1086 1061 1087 1087 1088 1088 1089 1090 1090 1066 1091 1067 1068 1092 1092 1070 1071 1093 1093 1094 1094 1095 1095 1074 1096 1097 1098 1098 1099 1099 1100 1101 1101 1102 1103 1103 1080 1104 1082 1105 1105 1083
1106 1107 1108 1109 1110 1110 1111 1112 1112 1113 1113 1114 1114 1115 1116 1117 1118 1118 1119 1119 1120 1121 1122 1123 1124 1124 1125 1126 1127 1128 1129 1129 1096 1097 1130 1130 1131 1132 1100 1133 1133 1102 1134 1134 1135 1104 1136 1137 1137 1138
1106 1107 1108 1139 1140 1141 1111 1142 1142 1143 1143 1144 1145 1115 1116 1117 1146 1147 1148 1148 1120 1121 1122 1123 1149 1150 1125 1126 1127 1128 1151 1152 1152 1153 1154 1154 1131 1155 1155 1156 1156 1157 1158 1159 1159 1160 1136 1161 1161 1162
1163 1164 1164 1139 1140 1165 1165 1166 1167 1168 1168 1144 1145 1169 1169 1170 1146 1147 1171 1171 1172 1173 1173 1174 1149 1150 1175 1175 1176 1176 1151 1177 1177 1178 1179 1179 1180 1181 1181 1182 1182 1157 1158 1183 1183 1184 1185 1186 1187 1162
1163 1188 1188 1189 1189 1190 1190 1166 1167 1191 1191 1192 1192 1193 1194 1170 1195 1195 1196 1197 1172 1198 1199 1174 1200 1200 1201 1202 1203 1204 1205 1206 1206 1178 1207 1208 1180 1209 1210 1210 1211 1211 1212 1213 1213 1184 1185 1186 1214 1215
1216 1216 1217 1217 1218 1218 1219 1219 1220 1221 1221 1222 1223 1193 1194 1224 1224 1225 1196 1226 1226 1198 1199 1227 1228 1228 1201 1202 1203 1204 1229 1229 1230 1230 1207 1208 1231 1231 1232 1233 1234 1235 1235 1236 1237 1237 1238 1238 1214 1239
1240 1241 1241 1242 1243 1243 1244 1244 1220 1245 1245 1222 1223 1246 1246 1247 1248 1225 1249 1250 1250 1251 1252 1227 1253 1254 1254 1255 1256 1257 1258 1259 1259 1260 1261 1262 1263 1263 1232 1233 1234 1264 1265 1236 1266 1266 1267 1268 1268 1239
1269 1269 1270 1271 1272 1273 1274 1274 1275 1276 1276 1277 1277 1278 1278 1247 1248 1279 1280 1280 1281 1251 1282 1282 1283 1283 1284 1255 1285 1257 1258 1286 1286 1287 1261 1288 1288 1289 1289 1290 1290 1264 1291 1291 1292 1292 1267 1293 1294 1295
1296 1296 1297 1271 1298 1273 1299 1300 1301 1301 1302 1302 1303 1304 1305 1306 1306 1307 1307 1308 1281 1309 1310 1310 1311 1311 1284 1312 1285 1313 1314 1314 1315 1287 1316 1317 1318 1319 1319 1320 1320 1321 1322 1322 1323 1324 1325 1293 1294 1326
1327 1327 1297 1328 1298 1329 1299 1330 1330 1331 1332 1332 1303 1304 1305 1333 1333 1334 1334 1308 1335 1335 1336 1336 1337 1337 1338 1339 1339 1313 1340 1340 1315 1341 1316 1317 1318 1342 1342 1343 1343 1321 1344 1344 1323 1324 1325 1345 1345 1326
4 90 14 91 3 23 46 75 90 24 40 97 29 24 80 93 24 66 71 7 55 96 48 29 95 91 93 56 80 97 40 64 32 49 26 99 3 20 2 64 48 25 58 71 48 43 43 39 56 23
39 93 87 87 88 33 88 33 92 82 3 60 26 46 41 13 78 56 53 44 36 79 29 24 1 32 41 28 15 69 3 30 88 39 43 75 63 5 70 55 37 63 84 80 90 54 49 74 91 54
14 77 69 18 42 45 16 10 39 79 18 5 57 79 97 43 28 61 10 37 64 66 91 79 64 86 34 32 69 50 80 60 88 57 89 39 63 75 46 31 20 70 87 33 48 37 55 46 25 82
92 25 3 70 33 66 45 74 30 4 79 16 53 29 67 99 82 82 63 12 32 67 95 17 75 78 27 83 43 95 65 35 16 64 35 58 26 48 37 97 89 73 84 12 53 62 41 26 62 57
3 34 34 87 19 41 5 48 4 92 67 29 75 85 62 37 37 58 13 21 79 21 63 63 32 70 69 93 60 59 57 4 74 9 3 49 18 60 78 59 39 12 84 67 60 54 29 35 2 23
38 76 47 11 67 85 97 20 85 54 61 45 59 61 69 10 60 63 48 19 68 71 73 96 45 83 68 30 87 88 6 37 95 62 50 15 55 75 32 83 30 58 42 68 97 51 46 25 2 97
27 40 54 88 83 31 13 91 93 53 80 22 59 18 14 72 11 26 70 23 17 34 63 76 98 53 60 78 86 19 2 70 42 83 17 33 31 39 7 47 61 38 16 22 76 28 16 74 50 8
90 68 90 38 33 33 49 21 42 43 23 44 39 35 38 43 28 29 60 84 69 24 93 36 5 36 82 91 33 73 29 36 68 38 54 54 10 59 26 30 17 92 78 68 76 89 89 1 95 16
31 11 46 66 38 68 92 48 86 1 63 57 62 55 29 92 1 23 63 34 49 51 82 77 67 26 24 31 26 67 59 21 64 20 98 95 89 68 50 77 45 28 52 32 74 17 71 64 27 45
73 50 11 60 21 5 50 71 69 0 43 81 13 41 85 73 38 93 10 43 52 29 86 93 21 20 36 13 91 58 52 98 95 28 62 89 45 21 86 14 49 98 9 26 15 6 38 22 20 95
1 30 55 61 52 56 70 99 75 36 79 18 64 99 19 22 43 15 41 96 38 25 98 82 72 17 77 46 63 47 86 11 58 22 39 30 86 37 14 95 42 20 65 50 52 18 55 0 82 35
45 29 9 40 43 70 68 1 35 32 15 36 32 92 15 14 87 59 17 25 68 42 38 74 62 78 65 65 39 49 30 88 55 22 46 79 18 90 31 41 74 15 54 79 43 56 53 71 4 29
18 80 94 79 55 7 69 68 71 99 30 71 57 33 74 85 72 60 56 8 53 21 24 97 66 97 10 46 63 78 71 61 69 35 57 16 37 17 71 15 89 86 71 30 68 23 86 96 88 21
74 63 57 42 50 18 27 42 67 80 34 40 79 32 20 89 0 14 53 99 64 19 35 3 74 49 87 42 21 9 86 88 83 58 18 44 39 22 19 48 30 24 80 21 94 47 36 4 1 55
45 14 32 44 40 24 73 18 25 6 55 5 52 56 81 34 28 84 43 99 97 20 29 74 91 57 16 19 6 3 61 14 36 47 36 94 90 85 88 87 94 31 30 85 33 76 69 4 45 92
33 11 14 38 40 85 42 66 30 21 15 72 94 47 95 84 89 16 13 95 30 64 53 89 26 0 99 69 24 14 17 22 78 2 90 96 42 86 51 67 53 18 79 42 49 96 8 29 5 68
69 28 9 87 2 40 37 80 49 6 74 54 37 74 42 65 65 33 98 68 74 88 14 48 20 99 7 92 79 38 56 88 87 18 0 45 77 98 3 83 21 36 95 79 37 26 70 97 93 28
49 75 21 75 85 47 87 85 8 10 35 40 50 67 10 67 50 66 74 99 2 39 87 93 88 23 72 18 79 48 81 59 0 62 5 34 66 3 46 21 21 83 8 16 56 83 93 13 46 87
9 51 79 13 17 23 90 20 23 37 72 77 95 14 36 39 95 3 86 82 0 26 31 33 91 27 6 72 21 42 38 21 59 60 97 91 64 5 94 38 23 30 81 45 75 87 76 98 83 10
41 92 46 68 57 65 0 12 52 77 14 43 11 50 71 31 59 69 7 41 1 24 98 32 40 61 10 41 49 83 86 76 2 75 71 7 64 51 74 54 13 22 0 19 5 49 81 43 56 96
91 75 22 63 66 70 47 50 3 70 51 36 75 62 80 77 55 78 80 40 24 35 71 12 10 79 88 44 88 35 46 95 66 37 36 3 51 45 21 64 4 88 39 67 59 12 51 83 6 69
75 77 21 16 3 24 15 32 62 46 68 81 11 93 94 2 81 92 91 52 14 93 32 16 0 0 51 35 97 46 40 2 77 93 71 36 34 57 74 36 10 78 99 92 67 32 80 10 81 78
76 69 63 76 81 47 24 1 17 80 20 33 65 57 21 39 67 76 64 98 80 4 48 89 26 82 0 79 49 34 69 93 57 10 66 5 74 89 81 90 73 58 30 55 59 28 42 16 41 94
10 96 49 2 38 31 19 38 97 18 84 0 22 54 27 80 23 99 57 68 58 98 67 88 70 5 2 73 8 34 82 88 80 50 30 46 93 12 36 47 52 30 6 31 41 0 80 27 29 96
22 2 10 63 77 61 41 50 82 68 27 67 59 91 74 15 1 90 44 79 4 9 43 40 24 45 0 37 17 46 26 73 23 76 86 75 12 51 36 69 74 21 66 10 60 53 42 5 11 7
3 46 63 18 81 66 52 34 23 45 14 74 32 32 23 13 64 47 19 11 89 70 4 77 30 61 20 94 70 91 47 28 30 18 77 60 28 7 53 5 38 2 2 21 87 81 19 58 94 87
67 32 76 38 67 81 99 78 86 62 82 53 25 95 43 55 97 10 12 56 50 97 69 49 89 81 2 10 62 72 92 78 99 10 29 54 34 18 12 2 77 48 29 18 49 44 26 44 81 80
54 43 44 76 76 90 66 9 3 33 3 53 88 21 6 0 11 96 61 25 0 81 27 1 63 47 36 66 41 42 28 46 40 9 67 7 98 54 69 94 59 59 53 38 16 57 50 71 12 25
93 71 37 72 76 34 37 52 64 5 4 21 36 26 60 13 63 39 99 72 72 97 39 80 77 54 25 3 62 35 48 62 1 72 48 15 66 22 39 77 88 45 29 30 81 73 21 54 59 19
48 23 83 83 86 46 40 15 3 14 61 16 56 22 19 85 98 39 43 57 36 25 91 51 17 41 85 78 0 92 33 30 61 49 47 36 79 27 57 60 69 33 30 74 90 60 45 4 86 90
17 71 16 52 91 12 1 40 92 27 62 70 98 76 83 12 0 53 7 15 26 29 91 2 0 17 98 65 18 87 72 20 47 96 8 87 51 22 43 59 53 22 0 91 96 31 57 83 19 55
72 67 12 98 37 85 6 94 31 1 22 53 63 52 37 19 6 80 36 51 62 64 45 96 3 68 1 98 57 92 44 57 28 54 20 14 50 45 18 49 70 42 68 26 28 37 96 71 13 0
39 37 47 52 66 65 8 80 91 48 26 63 10 58 76 93 2 76 75 89 16 69 92 41 13 45 47 47 43 61 23 31 21 83 49 11 61 20 72 44 34 55 66 37 43 8 18 2 83 77
48 35 77 44 12 89 78 25 27 29 43 0 13 58 91 13 44 80 29 47 43 2 68 37 93 49 53 11 91 38 80 61 19 41 57 27 17 43 98 75 24 56 1 4 25 23 80 44 58 41
72 43 85 95 43 45 75 9 43 67 38 27 75 74 35 12 32 45 76 43 18 81 32 6 72 83 85 65 15 86 35 7 78 32 11 57 71 63 79 3 7 96 52 48 83 67 8 99 40 32
61 62 92 56 65 50 97 33 43 17 83 78 99 63 91 72 75 91 72 42 62 31 59 84 13 61 51 68 17 95 55 15 29 58 14 32 46 85 3 55 48 21 98 11 85 47 50 96 11 66
62 39 49 14 49 71 69 0 46 98 21 49 82 76 27 35 72 83 16 12 48 81 72 60 20 58 64 6 2 64 69 2 10 26 91 15 99 5 73 99 10 63 54 31 26 82 11 16 0 93
34 42 8 95 22 6 63 72 33 79 62 8 39 31 17 43 44 2 90 8 26 48 81 71 41 52 6 63 18 49 48 86 6 67 72 91 56 51 82 24 56 48 74 12 77 5 71 88 37 37
79 96 20 58 14 17 41 6 69 28 88 39 43 87 24 26 45 88 16 99 16 81 53 44 25 23 71 73 51 36 88 87 3 71 15 49 18 76 36 88 49 68 48 77 65 55 88 44 8 66
23 5 82 8 66 44 78 3 28 29 81 56 8 29 20 32 55 80 7 91 7 28 76 15 46 96 46 24 83 43 1 8 34 53 36 31 51 80 92 1 82 89 19 87 29 32 48 36 69 62
6 43 68 26 94 58 94 32 60 95 14 34 62 78 22 32 59 21 77 18 73 68 72 64 98 37 0 38 17 71 11 49 42 1 14 4 60 56 0 72 66 76 46 5 57 1 16 13 51 41
46 5 94 1 34 27 52 99 36 37 79 58 46 58 18 98 35 36 20 83 50 78 25 39 47 76 82 59 32 69 22 65 96 67 70 69 90 36 92 76 20 94 49 53 34 51 39 56 44 82
95 75 90 56 98 1 48 83 19 91 96 71 52 43 36 97 10 32 77 44 20 93 31 91 85 25 31 46 89 56 78 94 29 80 21 93 83 86 73 62 10 6 97 55 94 9 32 2 99 92
33 23 81 91 83 39 37 23 81 86 21 9 69 12 6 11 57 93 99 45 40 32 98 31 81 34 59 19 9 68 74 47 48 0 1 96 98 41 84 27 24 88 79 17 70 5 13 75 60 69
62 42 86 65 47 27 95 84 57 2 13 79 35 85 87 74 46 58 1 99 19 39 67 98 62 57 44 59 57 52 25 76 36 11 53 36 17 38 7 59 8 58 68 64 78 36 89 93 17 41
82 98 98 75 95 57 59 79 95 85 50 90 76 74 65 82 22 78 94 8 74 28 6 93 10 59 61 66 45 99 45 19 58 47 78 79 82 7 53 80 0 70 34 85 49 41 11 28 55 53
7 52 24 20 73 6 57 32 56 17 68 7 11 32 89 56 67 24 44 83 80 14 39 76 22 17 68 92 35 56 99 42 17 58 95 48 8 13 28 20 41 59 3 86 51 9 82 7 74 13
38 21 46 79 60 66 90 34 44 64 30 40 77 97 29 18 67 73 6 41 22 12 69 47 87 53 48 87 99 93 54 64 2 30 29 43 10 59 95 18 68 39 78 51 3 37 10 66 90 99
1 61 45 78 52 59 48 72 95 30 46 29 10 0 11 1 46 2 85 88 43 79 42 25 82 72 93 16 95 58 7 24 82 42 90 43 39 34 97 25 66 20 90 30 24 10 67 20 79 11
67 90 95 80 80 49 59 73 34 30 30 67 59 67 53 0 73 43 49 0 90 70 64 57 23 44 46 18 31 96 0 37 71 52 89 47 16 70 84 73 44 34 83 58 68 19 95 92 0 62
