16 26
0 1 2 2 3 3 4 5 5 6 7 7 8 8 9 10 11 11 12 13 14 14 15 16 17 18 19 20 21 22 23 23 24 24 25 25 26 26 27 28 29 29 30 31 31 32 33 33 34 34
35 1 36 36 37 37 4 38 38 6 39 40 41 41 42 10 43 43 12 13 44 45 45 16 17 18 19 20 21 46 47 48 48 49 49 50 50 51 27 52 53 53 30 54 54 32 55 55 56 56
35 57 57 58 58 59 60 61 61 62 62 40 63 64 42 65 65 66 67 68 69 69 70 70 71 72 73 73 74 46 47 75 75 76 77 78 78 51 79 52 80 80 81 82 83 84 84 85 86 86
87 88 89 89 90 91 60 92 92 93 94 95 63 64 96 96 97 97 67 68 98 99 99 100 101 72 102 103 74 104 104 105 105 76 106 107 108 109 110 110 111 112 113 82 83 114 114 85 115 116
87 88 117 118 118 91 119 119 120 120 94 95 121 122 122 123 123 124 124 125 98 126 126 100 101 127 128 103 129 130 130 131 132 133 106 107 108 109 134 134 135 112 113 136 136 137 138 139 115 116
140 140 117 141 142 142 143 144 145 146 147 148 149 150 150 151 151 152 152 125 153 154 154 155 156 157 128 158 159 159 160 160 132 133 161 162 162 163 164 164 135 165 166 166 167 137 138 139 168 168
169 169 170 141 171 171 172 144 145 146 173 148 149 174 174 175 176 176 177 177 153 178 178 155 156 157 179 180 180 181 181 182 182 183 161 184 185 163 186 187 187 188 189 190 167 191 191 192 192 193
194 194 195 196 197 197 172 198 199 200 173 201 201 202 203 175 204 204 205 206 207 208 209 209 210 210 211 212 213 214 214 215 216 216 217 218 185 219 186 220 221 188 222 190 223 223 224 224 225 193
226 226 195 196 227 228 229 229 199 200 230 231 232 232 203 233 233 234 205 206 207 235 235 236 236 237 211 212 213 238 238 215 239 240 240 218 241 219 242 220 243 243 222 244 244 245 245 246 225 247
248 248 249 250 227 228 251 252 253 253 230 231 254 254 255 256 256 234 257 258 258 259 260 261 262 237 263 264 264 265 266 266 267 267 268 269 241 270 242 271 272 272 273 273 274 275 275 276 277 247
278 279 249 250 280 280 251 281 282 282 283 283 284 284 255 285 285 286 286 287 287 259 260 261 262 288 263 289 290 265 291 292 293 293 268 269 294 270 295 295 296 297 298 299 299 300 300 276 277 301
278 279 302 302 303 303 304 281 305 305 306 306 307 307 308 309 309 310 311 311 312 312 313 313 314 288 315 289 290 316 291 292 317 317 318 318 319 320 320 321 296 297 322 323 324 325 325 326 327 327
328 328 329 330 331 331 304 332 333 334 335 335 336 336 308 337 337 310 338 339 339 340 341 342 314 343 344 345 345 316 346 347 348 348 349 349 319 350 350 321 351 352 322 323 324 353 353 326 354 355
356 356 357 330 358 359 360 332 333 361 361 362 363 364 365 366 366 367 338 368 368 369 341 342 370 343 344 371 371 372 372 347 373 374 375 375 376 376 377 377 351 352 378 379 379 380 381 382 383 355
384 384 357 385 358 359 360 386 386 387 388 362 363 364 389 389 390 391 392 393 393 369 394 395 370 396 397 398 399 399 400 400 373 374 401 401 402 403 404 404 405 406 378 407 408 380 381 409 383 410
411 412 412 413 414 415 415 416 417 387 388 418 419 420 421 422 390 391 423 424 424 425 394 395 426 396 397 427 428 428 429 429 430 430 431 432 432 403 433 434 435 406 436 407 408 437 438 409 439 440
441 441 442 413 414 443 443 416 417 444 445 418 419 420 421 422 446 447 423 448 449 449 450 450 451 452 452 427 453 454 454 455 456 456 431 457 458 458 433 434 435 459 460 460 461 462 438 463 439 440
464 465 466 467 468 469 470 470 471 444 445 472 473 473 474 475 475 447 476 448 477 477 478 478 451 479 479 480 481 482 483 483 484 485 485 457 486 486 487 488 489 489 490 491 461 462 492 463 493 494
495 465 466 467 468 496 497 498 498 499 500 500 501 502 474 503 504 504 505 506 507 508 508 509 510 510 511 480 481 512 513 514 484 515 516 516 517 518 518 488 519 519 490 491 520 521 521 522 522 494
495 523 523 524 524 496 525 525 526 526 527 527 501 502 528 503 529 530 505 506 531 531 532 532 533 534 534 535 536 512 513 514 537 537 538 539 517 540 541 541 542 543 543 544 545 545 546 546 547 548
549 549 550 550 551 551 552 553 554 555 556 556 557 557 528 558 558 530 559 559 560 560 561 561 533 562 563 563 536 564 565 566 567 568 538 569 569 540 570 571 571 572 572 544 573 573 574 574 547 548
575 575 576 576 577 578 578 553 554 555 579 579 580 581 582 583 584 584 585 586 586 587 587 588 589 562 590 591 592 564 565 593 567 594 594 595 596 596 570 597 598 599 599 600 601 602 602 603 604 604
605 605 606 607 577 608 609 609 610 611 612 613 614 581 582 615 616 616 617 618 619 620 621 621 589 622 622 591 592 623 623 593 624 625 626 595 627 628 629 597 630 630 631 600 601 632 632 603 633 634
635 636 606 607 637 608 638 639 639 611 640 613 614 641 642 615 643 644 617 618 619 645 646 646 647 648 648 649 650 650 651 651 624 625 652 653 627 628 629 654 654 655 656 657 658 658 659 659 660 634
635 661 662 662 637 663 638 664 665 666 640 667 667 668 642 669 643 670 670 671 671 645 672 673 647 674 674 649 675 676 676 677 677 678 652 653 679 679 680 681 681 655 656 657 682 683 684 685 660 686
687 661 688 689 689 663 690 664 691 666 692 693 694 668 695 695 696 697 698 699 700 701 672 673 702 702 703 704 675 705 705 706 707 678 708 708 709 710 710 711 712 712 713 714 715 683 684 685 716 716
687 717 688 718 719 719 720 721 691 722 692 693 694 723 724 725 696 697 698 699 700 701 726 727 727 728 703 704 729 729 730 706 707 731 732 733 709 734 734 735 736 736 713 714 715 737 738 738 739 739
740 717 741 718 742 742 720 721 743 743 744 745 745 723 724 746 746 747 748 749 749 750 726 751 752 728 753 753 754 754 755 755 756 756 732 733 757 758 758 735 759 760 760 761 762 737 763 763 764 765
766 767 768 768 769 769 770 770 771 771 744 772 773 774 775 776 777 777 748 778 778 779 779 751 752 780 780 781 781 782 783 784 785 786 786 787 788 789 790 790 759 791 791 761 762 792 792 793 764 765
766 794 795 796 796 797 798 798 799 799 800 772 773 774 775 776 801 802 803 804 805 806 807 808 809 810 810 811 812 812 783 784 813 813 814 787 788 789 815 816 816 817 818 819 819 820 821 822 822 823
824 794 795 825 825 826 826 827 827 828 828 829 829 830 830 831 801 832 803 833 805 806 807 808 834 835 836 811 837 837 838 839 840 840 814 841 841 842 815 843 843 817 818 844 844 820 845 846 847 823
824 848 848 849 850 850 851 851 852 853 853 854 854 855 855 856 856 832 857 833 858 859 860 861 834 862 836 863 864 864 838 839 865 866 867 868 868 869 870 871 871 872 873 874 875 876 845 846 847 877
878 879 880 880 881 881 882 882 852 883 884 885 886 887 888 888 889 890 891 892 858 859 860 861 893 862 894 894 895 896 897 898 865 866 867 899 899 869 900 901 901 902 873 874 875 876 903 904 904 877
878 879 905 905 906 907 907 908 909 910 884 885 911 887 912 913 889 890 891 914 914 915 916 917 893 918 919 919 895 896 897 898 920 921 921 922 923 923 900 924 925 902 926 926 927 928 903 929 930 930
931 932 932 933 906 934 935 908 909 910 936 936 911 937 912 913 938 938 939 940 940 915 916 917 941 918 942 942 943 944 944 945 946 946 947 947 948 949 950 924 925 951 952 953 927 928 954 929 955 956
957 957 958 959 959 934 935 960 961 962 962 963 964 965 965 966 967 968 939 969 970 971 972 973 941 974 975 975 943 976 976 945 977 978 979 980 980 949 981 982 983 951 952 953 984 984 985 985 955 956
986 987 958 988 989 990 990 960 961 991 991 963 964 992 992 966 967 968 993 969 970 971 972 973 994 994 995 995 996 997 997 998 977 978 979 999 999 1000 981 982 983 1001 1001 1002 1003 1004 1005 1005 1006 1006
986 987 1007 988 1008 1008 1009 1009 1010 1010 1011 1011 1012 1013 1013 1014 1014 1015 1015 1016 1017 1018 1019 1019 1020 1021 1022 1023 1024 1025 1025 998 1026 1026 1027 1028 1029 1000 1030 1030 1031 1032 1033 1002 1034 1004 1035 1035 1036 1036
1037 1038 1007 1039 1039 1040 1041 1042 1043 1044 1045 1045 1012 1046 1047 1048 1049 1049 1050 1050 1017 1018 1051 1051 1020 1021 1022 1023 1024 1052 1052 1053 1053 1054 1027 1028 1029 1055 1055 1056 1056 1032 1033 1057 1034 1058 1059 1059 1060 1061
1037 1038 1062 1062 1063 1040 1041 1042 1043 1044 1064 1064 1065 1046 1047 1048 1066 1066 1067 1068 1069 1070 1070 1071 1071 1072 1072 1073 1074 1075 1076 1076 1077 1078 1078 1079 1080 1080 1081 1082 1083 1084 1085 1086 1086 1058 1087 1087 1060 1061
1088 1089 1089 1090 1063 1091 1091 1092 1093 1093 1094 1094 1095 1096 1096 1097 1097 1098 1098 1068 1069 1099 1099 1100 1100 1101 1102 1073 1074 1075 1103 1103 1077 1104 1104 1079 1105 1105 1106 1082 1083 1084 1085 1107 1108 1109 1110 1111 1112 1112
1113 1114 1115 1090 1116 1116 1117 1092 1118 1119 1120 1120 1095 1121 1121 1122 1122 1123 1123 1124 1125 1125 1126 1126 1127 1127 1102 1128 1129 1130 1130 1131 1131 1132 1132 1133 1134 1134 1106 1135 1135 1136 1137 1138 1108 1109 1110 1111 1139 1139
1113 1114 1115 1140 1141 1141 1117 1142 1142 1119 1143 1144 1144 1145 1146 1146 1147 1147 1148 1124 1149 1149 1150 1150 1151 1152 1153 1128 1129 1154 1155 1156 1157 1157 1158 1133 1159 1160 1160 1161 1162 1163 1137 1138 1164 1165 1165 1166 1166 1167
1168 1169 1170 1171 1171 1172 1173 1174 1174 1175 1143 1176 1176 1145 1177 1178 1178 1179 1180 1181 1181 1182 1183 1184 1151 1152 1153 1185 1185 1154 1155 1186 1186 1187 1188 1188 1159 1189 1190 1161 1162 1163 1191 1191 1164 1192 1193 1194 1194 1167
1168 1169 1195 1196 1196 1172 1173 1197 1197 1175 1198 1198 1199 1199 1200 1200 1201 1179 1180 1202 1202 1182 1203 1184 1204 1205 1206 1207 1207 1208 1208 1209 1210 1211 1212 1212 1213 1189 1190 1214 1215 1215 1216 1217 1218 1218 1193 1219 1219 1220
1221 1222 1195 1223 1224 1225 1225 1226 1227 1227 1228 1229 1229 1230 1230 1231 1232 1233 1233 1234 1235 1236 1203 1237 1237 1205 1238 1238 1239 1240 1240 1209 1241 1211 1242 1243 1243 1244 1244 1214 1245 1245 1216 1217 1246 1247 1247 1248 1248 1220
1249 1222 1250 1251 1224 1252 1252 1226 1253 1254 1228 1255 1256 1257 1258 1231 1232 1259 1259 1234 1260 1236 1261 1261 1262 1263 1263 1264 1264 1265 1265 1266 1241 1267 1242 1268 1269 1269 1270 1271 1272 1273 1274 1274 1275 1275 1276 1277 1278 1278
1249 1279 1250 1251 1280 1281 1282 1282 1253 1254 1283 1255 1256 1284 1258 1285 1286 1287 1288 1289 1260 1290 1290 1291 1262 1292 1293 1294 1294 1295 1296 1266 1297 1267 1298 1268 1299 1299 1270 1271 1272 1273 1300 1300 1301 1301 1302 1277 1303 1303
1304 1279 1305 1305 1280 1306 1307 1307 1308 1308 1283 1309 1309 1284 1310 1310 1286 1287 1288 1289 1311 1312 1313 1291 1314 1314 1293 1315 1315 1295 1296 1316 1297 1317 1298 1318 1319 1320 1321 1321 1322 1323 1324 1325 1326 1327 1302 1328 1329 1330
1331 1331 1332 1332 1333 1306 1334 1335 1335 1336 1336 1337 1338 1338 1339 1339 1340 1340 1341 1341 1311 1312 1313 1342 1343 1343 1344 1345 1345 1346 1346 1316 1347 1317 1348 1348 1319 1349 1349 1350 1350 1323 1324 1325 1326 1327 1351 1328 1329 1330
33 34 52 57 59 46 98 19 42 83 18 77 19 65 11 16 23 76 50 55 68 11 41 53 14 62 45 27 32 62 18 37 21 69 59 97 31 76 28 51 90 0 76 85 83 59 53 14 62 75
49 93 32 29 97 28 36 58 93 2 37 40 67 0 17 86 36 83 64 99 34 46 52 51 24 0 66 67 45 13 26 94 21 24 98 13 22 52 3 7 5 34 61 25 22 18 54 54 12 55
33 50 89 54 82 48 96 7 67 31 27 63 75 29 47 1 71 47 45 24 46 34 57 96 76 87 30 58 82 89 98 85 81 23 88 42 77 93 78 8 45 14 97 72 98 37 61 88 17 25
93 27 30 54 75 66 54 32 96 22 82 70 24 20 94 16 14 22 81 97 47 12 42 7 64 54 89 99 69 2 65 18 34 99 25 27 90 41 52 53 89 31 2 73 61 86 91 39 58 61
31 51 34 91 52 12 67 2 90 8 20 84 18 73 24 23 78 59 43 13 62 30 17 9 7 12 55 66 38 92 13 98 84 19 21 83 23 36 23 73 11 15 80 95 11 27 48 90 33 43
12 72 38 85 19 93 66 76 59 57 12 45 75 76 41 95 42 86 61 35 93 17 79 33 9 64 83 47 80 36 6 94 58 34 60 33 85 33 77 83 6 63 83 72 1 66 14 65 56 39
0 34 84 40 38 95 70 25 12 47 2 10 64 65 80 37 67 8 32 2 13 5 75 82 69 37 90 99 63 67 25 64 3 25 95 16 5 83 98 58 22 82 78 69 48 76 1 18 90 85
39 61 86 52 89 32 49 29 95 2 87 10 43 36 21 10 59 11 20 22 1 15 15 59 23 96 78 0 92 74 93 10 2 37 39 5 82 87 43 58 52 17 18 27 28 52 57 19 92 54
79 2 4 37 16 86 98 18 40 42 44 14 98 52 6 29 69 4 66 59 43 11 66 9 77 24 3 58 76 17 39 76 46 57 7 95 74 26 70 87 25 70 19 4 12 2 16 50 21 24
36 25 51 90 60 51 8 5 23 38 86 46 2 39 82 16 59 24 54 30 2 96 88 29 79 94 3 63 35 66 45 84 99 43 27 1 51 60 97 68 71 30 92 99 94 20 75 15 36 57
52 71 91 83 6 7 71 72 17 35 76 53 40 1 57 94 3 33 18 77 83 34 43 21 35 44 57 35 21 58 31 60 44 31 72 37 64 5 38 50 18 84 5 40 63 94 53 47 97 2
86 6 81 30 85 42 56 95 64 18 47 57 51 83 63 45 75 84 67 73 11 23 63 60 28 99 33 29 1 35 45 7 16 6 76 38 25 20 29 76 48 3 68 66 25 24 73 91 48 30
1 74 13 82 99 87 53 91 46 74 49 93 95 41 10 94 33 15 94 99 39 22 2 75 69 15 83 39 74 36 6 93 8 38 14 91 73 0 50 25 35 50 6 95 8 86 62 74 20 49
45 15 61 89 53 14 72 35 81 2 14 55 82 46 6 13 24 83 95 58 58 80 42 99 30 16 37 56 71 37 32 56 60 99 17 5 34 5 78 66 48 41 82 71 37 31 67 87 42 43
73 87 6 52 51 5 83 57 37 33 81 24 46 92 30 85 3 90 37 99 51 99 98 95 40 94 3 30 82 50 49 93 35 93 93 22 35 17 85 92 21 47 77 53 45 47 72 25 32 27
95 37 41 33 20 41 74 43 47 67 55 51 42 41 41 42 91 68 63 84 15 79 96 71 83 66 33 16 66 69 42 80 52 55 24 41 11 89 86 17 33 11 17 21 80 34 14 84 87 52
22 58 95 57 28 89 25 64 74 53 14 67 65 28 40 51 47 36 28 42 86 48 29 49 3 84 25 70 81 67 26 97 66 96 67 20 19 85 38 13 2 73 86 44 91 58 0 82 76 14
54 94 77 16 47 51 6 93 49 78 6 37 24 92 48 86 28 64 25 60 89 28 88 90 97 94 3 43 19 20 30 42 34 59 64 63 28 24 8 40 39 71 44 93 7 49 31 32 70 57
74 98 26 50 55 18 32 11 35 31 24 15 29 20 80 89 82 1 66 11 19 15 44 77 81 36 63 83 0 32 55 19 51 15 92 7 3 76 30 14 77 75 37 43 72 69 36 16 33 43
1 41 56 16 61 24 39 34 61 22 93 26 44 69 58 88 65 22 34 82 49 76 7 48 55 58 13 33 96 69 39 17 37 43 34 72 76 74 33 88 69 95 43 84 76 0 70 37 44 86
66 39 35 82 45 18 50 58 82 30 33 12 52 83 40 91 4 31 40 9 26 93 19 88 75 50 45 34 65 1 16 69 11 65 96 59 45 30 26 95 69 18 36 76 30 12 75 62 52 19
33 12 76 27 35 38 60 27 99 46 56 37 77 94 13 87 99 4 59 98 78 39 40 24 34 37 4 70 24 22 89 84 39 38 42 38 52 49 78 33 59 63 59 72 14 78 4 64 89 77
44 24 87 46 87 3 2 94 95 11 83 65 67 47 58 55 88 43 59 93 99 79 47 95 17 25 99 37 53 42 87 8 42 74 76 37 63 64 37 15 9 85 72 95 64 18 43 2 46 71
21 33 54 83 14 12 45 60 90 21 74 70 55 35 41 38 60 88 36 11 61 57 59 6 42 94 85 41 2 59 66 12 4 91 10 48 30 67 32 27 34 37 1 70 42 53 73 11 30 64
52 71 6 27 90 38 6 40 82 4 57 64 70 60 63 52 87 70 58 2 72 5 28 27 89 10 60 66 76 26 10 44 45 93 34 80 12 28 65 13 16 90 33 87 17 12 84 3 80 67
29 83 71 30 95 11 5 72 34 45 63 20 52 12 88 35 20 47 37 81 92 96 30 67 84 70 65 45 30 59 45 27 67 17 60 15 54 29 44 32 91 9 38 74 10 4 65 57 33 11
2 82 77 48 81 92 74 25 66 97 25 67 2 0 24 90 48 38 14 50 1 13 24 16 81 77 47 5 53 21 13 8 95 3 29 54 63 28 6 68 79 6 96 12 82 40 45 36 67 65
55 80 23 80 47 93 14 52 6 22 82 8 22 5 9 39 15 50 55 69 0 9 37 89 63 89 36 37 30 19 13 74 15 12 4 89 66 16 10 88 47 31 48 40 31 15 56 54 67 0
58 71 79 48 52 81 71 36 64 90 95 58 21 86 89 73 91 71 19 99 65 57 23 38 51 97 39 67 21 26 46 44 36 68 17 63 18 17 25 79 54 44 32 68 8 13 92 82 78 46
13 20 35 51 63 5 41 25 61 35 25 90 44 14 28 92 25 68 91 91 56 48 61 42 22 24 95 67 74 92 3 2 33 19 29 76 69 85 45 57 14 28 85 59 46 77 30 32 46 55
95 67 22 47 17 56 62 6 17 8 77 35 65 17 30 84 3 39 86 15 65 51 29 77 59 14 75 6 3 71 63 94 25 49 54 35 63 44 77 67 10 42 12 93 26 29 85 38 44 27
30 31 35 27 22 37 66 1 37 39 73 26 50 45 99 42 80 67 38 92 86 86 34 84 94 73 45 30 71 76 41 49 2 82 91 87 58 93 40 38 70 29 52 12 30 64 90 95 61 49
68 18 95 66 46 19 39 51 22 58 27 51 26 92 50 81 56 99 40 38 71 16 77 28 76 17 93 2 71 77 48 9 40 46 56 93 47 18 81 35 27 74 57 51 0 38 93 63 86 50
63 56 80 49 70 16 96 14 64 49 91 52 13 87 72 44 41 88 19 87 78 14 95 10 98 98 72 69 43 97 3 84 11 0 27 92 1 25 41 56 94 68 82 99 76 38 80 26 81 49
13 17 18 13 78 91 37 21 28 80 65 44 29 36 10 48 2 19 1 15 6 76 29 7 25 65 43 73 82 39 87 7 7 94 7 20 98 70 56 72 26 60 55 78 71 34 12 76 19 52
44 47 0 66 44 64 69 92 78 85 0 70 47 57 16 96 48 75 72 83 32 85 12 29 35 61 31 29 32 15 11 99 28 65 81 75 19 53 74 50 28 18 80 2 24 56 96 86 7 18
23 88 89 4 27 98 96 0 78 61 33 2 29 69 27 85 66 82 48 80 88 46 54 45 14 53 15 0 80 47 5 14 44 68 5 97 9 25 13 94 86 88 53 89 93 84 40 53 44 38
40 94 90 15 47 36 51 4 21 92 80 90 69 56 5 60 47 78 6 23 24 47 32 26 51 51 48 91 18 62 43 18 86 20 11 72 6 87 55 44 75 11 46 87 32 86 55 1 6 63
83 36 78 37 77 33 41 9 7 27 78 57 97 84 24 77 67 19 17 6 20 65 20 78 83 28 56 98 83 36 82 48 70 88 3 97 86 29 72 95 50 66 97 99 64 96 9 46 94 6
79 26 60 94 84 45 56 23 35 25 91 65 29 14 25 10 99 76 27 1 2 23 16 88 88 5 97 25 33 15 39 88 9 73 85 34 40 97 95 50 61 88 0 57 10 99 66 99 80 38
36 86 45 1 67 55 96 79 84 97 75 89 10 64 61 39 87 0 39 54 82 25 26 80 73 15 81 21 73 69 62 10 54 60 56 35 92 99 91 80 65 80 38 16 7 28 90 32 5 85
35 22 58 43 99 43 15 12 37 12 60 93 9 74 55 84 80 79 65 41 86 96 10 61 34 35 90 81 88 29 7 49 70 12 73 58 30 32 7 77 40 53 87 89 33 76 54 54 23 69
90 70 0 96 16 25 1 65 36 90 14 53 16 71 73 26 63 2 96 99 3 49 25 58 81 68 66 32 50 21 21 38 27 15 33 9 41 49 17 12 79 68 8 61 49 19 12 70 10 63
77 53 98 70 67 26 71 84 19 81 45 44 70 28 67 16 89 14 11 83 75 44 89 13 80 64 89 83 66 3 32 20 14 6 16 80 97 4 49 38 83 68 50 99 36 34 80 97 62 31
80 50 35 54 95 15 34 71 33 4 94 52 78 5 78 29 32 78 58 41 55 77 73 41 42 82 65 90 93 83 16 62 24 13 51 0 83 34 55 33 53 58 91 59 73 3 86 29 95 42
93 73 3 97 10 12 43 43 82 64 9 56 76 88 57 87 41 76 72 28 10 19 98 17 9 54 38 33 26 5 31 41 49 18 10 44 85 0 87 56 38 98 83 94 40 55 71 51 32 72
35 64 10 97 34 8 33 12 14 31 76 36 51 68 83 54 98 75 16 81 74 90 14 43 49 18 62 90 32 77 8 29 88 82 67 99 69 7 63 80 35 94 6 24 86 57 27 20 91 27
5 34 36 49 62 17 85 11 90 6 91 31 45 84 20 8 35 30 51 53 16 47 71 93 1 73 10 30 1 45 73 51 33 61 73 86 46 7 7 34 84 67 79 88 41 51 73 43 63 18
69 71 89 77 75 52 97 58 84 55 76 89 93 9 26 44 93 52 20 28 54 0 14 87 9 66 56 34 5 15 91 78 16 80 75 27 68 4 50 80 22 30 51 25 38 2 12 93 65 90
29 61 87 83 4 48 30 70 44 33 95 41 1 84 89 36 53 11 74 5 76 25 28 59 20 79 96 95 99 59 1 18 42 32 13 65 76 96 8 20 87 96 80 45 59 43 21 66 23 57
