22 36
0 0 1 1 2 2 3 3 4 5 5 6 7 8 9 10 10 11 12 13 13 14 15 16 17 18 19 20 21 22 23 24 24 25 25 26 26 27 28 28 29 29 30 30 31 31 32 32 33 34
35 36 37 37 38 39 39 40 4 41 41 6 7 8 9 42 42 11 12 43 44 44 15 16 17 18 19 20 45 22 23 46 46 47 48 48 49 49 50 50 51 52 52 53 54 54 55 56 56 34
35 57 57 58 58 59 60 60 61 62 62 63 63 64 65 65 66 66 67 67 68 68 69 69 70 71 72 72 45 73 74 75 75 47 76 77 77 78 79 79 51 80 81 53 82 82 83 84 84 85
86 87 88 88 89 89 90 91 61 92 93 93 94 95 95 96 96 97 97 98 98 99 100 101 102 71 103 103 104 73 74 105 105 106 106 107 108 108 109 110 111 80 81 112 112 113 83 114 115 85
116 87 117 117 118 118 90 119 120 121 122 123 124 125 125 126 127 127 128 129 129 99 100 101 102 130 131 132 133 133 134 135 135 136 136 107 137 137 109 110 111 138 138 139 140 113 141 141 115 142
116 143 144 145 146 147 147 119 120 121 122 123 124 148 149 126 150 150 151 151 152 152 153 154 154 130 131 132 155 156 134 157 158 158 159 159 160 161 162 162 163 163 164 139 165 166 167 168 169 170
171 172 144 145 146 173 173 174 174 175 176 176 177 177 149 178 178 179 179 180 181 182 153 183 183 184 184 185 155 156 186 157 187 188 189 190 160 161 191 192 193 194 164 195 165 166 167 168 169 170
196 172 197 197 198 199 199 200 200 201 201 202 202 203 204 204 205 206 206 180 181 182 207 208 209 210 211 212 212 213 213 214 214 188 189 190 215 215 216 192 217 194 218 195 219 220 220 221 222 222
196 223 223 224 224 225 226 227 228 229 229 230 230 203 231 232 205 233 234 234 235 235 207 208 236 210 211 237 238 239 240 241 241 242 243 243 244 244 216 245 217 246 218 247 247 248 248 221 249 250
251 252 253 253 254 225 255 227 256 257 258 259 260 261 231 232 262 233 263 263 264 265 265 266 236 267 268 237 238 239 240 269 269 270 270 271 272 273 274 275 275 276 276 277 278 279 279 280 249 250
251 252 281 282 254 283 255 284 256 257 258 259 260 261 285 286 262 287 288 288 264 289 289 266 290 267 268 291 292 293 294 295 295 296 296 271 272 273 297 297 298 298 299 299 278 300 301 302 303 303
304 304 281 305 305 306 306 307 307 308 309 310 311 311 312 286 313 313 314 315 316 316 317 318 290 319 319 291 292 293 320 321 322 323 324 325 325 326 326 327 328 329 330 331 332 300 301 302 333 333
334 335 336 337 338 338 339 340 341 308 309 310 342 343 312 344 344 345 345 315 346 346 347 318 348 349 350 350 351 352 320 321 322 323 353 353 354 355 355 327 356 329 330 331 357 358 359 359 360 361
334 335 336 337 362 362 339 340 341 363 364 365 365 343 366 366 367 368 369 369 370 370 347 371 348 372 372 373 351 352 374 374 375 375 376 377 378 378 379 380 356 381 382 382 357 383 383 384 384 361
385 386 387 388 388 389 390 391 391 363 364 392 393 393 394 395 395 368 396 397 397 398 399 371 400 401 401 373 402 402 403 404 405 406 376 407 407 408 379 380 409 381 410 410 411 411 412 412 413 413
385 386 387 414 414 389 390 415 415 416 416 392 417 417 418 418 419 419 396 420 420 398 399 421 422 423 423 424 425 425 403 404 405 426 427 428 429 408 430 430 431 432 432 433 434 434 435 435 436 436
437 438 438 439 439 440 440 441 442 443 444 444 445 446 447 448 448 449 449 450 451 451 452 421 422 453 453 454 455 456 456 457 458 426 427 428 429 459 460 461 431 462 463 463 464 465 466 467 467 468
437 469 470 471 471 472 473 473 442 474 475 476 477 446 447 478 479 479 480 480 481 482 483 483 484 485 485 454 455 486 486 457 458 487 488 488 489 490 460 461 491 462 492 492 464 465 466 493 494 468
495 469 470 496 496 497 497 498 498 474 475 499 477 500 501 501 502 503 503 504 481 505 505 506 484 507 508 508 509 509 510 511 512 512 513 513 489 490 514 514 491 515 515 516 517 518 518 493 519 519
520 520 521 522 523 523 524 524 525 525 526 499 527 527 528 528 502 529 529 530 531 531 532 506 533 507 534 534 535 535 510 511 536 536 537 537 538 538 539 540 541 541 542 516 543 543 544 544 545 545
546 547 547 522 548 549 549 550 551 551 552 552 553 554 554 555 555 556 556 530 557 557 532 558 559 559 560 561 562 563 563 564 565 566 567 567 568 569 539 540 570 571 571 572 572 573 574 574 575 575
546 576 577 577 578 579 580 580 581 582 583 584 585 585 586 587 588 589 589 590 591 592 592 593 593 594 560 561 562 595 595 596 565 597 598 599 568 569 600 601 570 602 602 603 603 573 604 605 606 606
607 607 608 608 578 579 609 610 581 582 611 584 612 612 586 587 588 613 613 590 591 614 615 616 616 617 617 618 618 619 619 596 620 597 598 599 621 622 600 601 623 623 624 625 626 626 604 605 627 628
629 629 630 630 631 631 632 610 633 633 611 634 635 636 637 637 638 639 639 640 641 614 615 642 643 644 645 646 646 647 648 649 620 650 651 651 621 622 652 652 653 654 624 655 656 656 657 657 627 658
659 660 661 662 663 663 632 664 665 665 666 634 635 636 667 667 638 668 669 640 641 670 671 672 643 673 645 674 674 647 648 675 675 676 677 678 679 680 681 681 653 654 682 655 683 683 684 685 685 658
659 660 661 662 686 686 687 664 688 688 666 689 690 690 691 691 692 668 669 693 694 695 671 672 696 673 697 698 699 699 700 701 702 676 677 678 703 680 704 705 705 706 682 707 708 709 710 711 711 712
713 713 714 714 715 716 687 717 717 718 719 689 720 721 722 722 723 723 724 693 694 695 725 725 696 726 727 698 728 728 700 701 729 729 730 730 703 731 731 732 732 733 733 707 708 709 710 734 735 712
736 736 737 737 715 716 738 739 739 740 719 741 742 721 743 744 745 745 724 746 746 747 748 748 749 726 727 750 751 751 752 752 753 753 754 754 755 756 756 757 758 759 760 760 761 762 763 734 764 764
765 765 766 766 767 767 768 768 769 740 770 770 742 771 743 744 772 772 773 774 775 776 776 777 777 778 778 750 779 779 780 781 781 782 782 783 755 784 784 757 758 759 785 786 786 762 763 787 787 788
789 789 790 791 791 792 792 793 769 794 795 795 796 771 797 797 798 798 773 774 775 799 799 800 800 801 801 802 803 804 780 805 806 806 807 807 808 809 810 810 811 812 812 813 814 815 816 816 817 788
818 818 790 819 820 821 822 822 823 794 824 824 796 825 825 826 826 827 827 828 829 830 830 831 831 832 832 802 803 804 833 805 834 835 835 836 836 809 837 837 811 838 839 813 814 815 840 840 841 842
843 844 844 819 820 845 845 846 847 847 848 849 850 851 851 852 852 853 854 828 829 855 856 857 857 858 859 860 861 862 833 863 864 865 865 866 867 868 868 869 870 838 839 871 871 872 873 873 841 842
874 875 876 877 877 878 878 846 879 880 848 849 881 882 882 883 883 853 854 884 885 855 856 886 887 858 859 860 861 862 888 863 864 889 889 866 890 891 892 869 870 893 894 895 895 872 896 897 897 898
874 875 876 899 899 900 900 901 902 880 903 903 881 904 905 906 907 908 908 884 885 909 910 886 911 912 913 913 914 914 915 915 916 917 917 918 890 891 919 920 921 922 894 923 923 924 925 926 926 927
928 929 929 930 930 931 931 901 902 932 933 934 934 904 905 906 907 935 935 936 937 938 910 939 911 940 940 941 942 942 943 944 945 946 947 947 948 949 919 920 921 922 950 950 951 924 925 952 953 927
928 954 955 956 957 957 958 958 959 932 933 960 960 961 961 962 963 963 964 936 937 938 965 939 966 967 968 941 969 969 943 944 945 946 970 970 948 949 971 971 972 972 973 974 951 975 975 952 953 976
977 954 955 956 978 978 979 980 980 981 982 982 983 984 985 986 987 988 988 989 989 990 991 991 966 967 968 992 992 993 993 994 995 996 997 998 998 999 1000 1000 1001 1002 973 974 1003 1004 1005 1006 1006 976
977 1007 1008 1008 1009 1010 1011 1012 1012 981 1013 1013 1014 984 985 986 987 1015 1015 1016 1017 990 1018 1018 1019 1020 1021 1021 1022 1023 1023 994 995 1024 997 1025 1025 999 1026 1027 1027 1002 1028 1028 1029 1004 1030 1031 1032 1032
1033 1033 1034 1035 1035 1010 1011 1036 1036 1037 1037 1038 1014 1039 1040 1041 1042 1042 1043 1016 1017 1044 1045 1046 1046 1020 1047 1048 1049 1049 1050 1051 1051 1024 1052 1052 1053 1054 1055 1056 1057 1058 1058 1059 1029 1060 1030 1031 1061 1061
1062 1063 1064 1065 1066 1067 1068 1068 1069 1070 1071 1071 1072 1039 1040 1041 1073 1073 1043 1074 1075 1044 1045 1076 1076 1077 1078 1048 1079 1080 1050 1081 1082 1083 1083 1084 1084 1054 1055 1056 1057 1085 1085 1086 1086 1087 1088 1088 1089 1089
1062 1090 1064 1065 1066 1067 1091 1091 1069 1070 1092 1092 1072 1093 1093 1094 1094 1095 1095 1074 1075 1096 1097 1097 1098 1077 1078 1099 1079 1080 1100 1081 1082 1101 1102 1103 1103 1104 1105 1106 1107 1108 1108 1109 1109 1087 1110 1110 1111 1112
1113 1090 1114 1114 1115 1116 1117 1118 1118 1119 1119 1120 1121 1121 1122 1122 1123 1124 1125 1126 1127 1128 1129 1129 1098 1130 1131 1099 1132 1132 1133 1134 1134 1101 1102 1135 1136 1104 1105 1106 1107 1137 1137 1138 1139 1140 1140 1141 1141 1112
1113 1142 1143 1144 1115 1145 1117 1146 1146 1147 1147 1148 1149 1149 1150 1151 1123 1124 1125 1126 1152 1128 1153 1154 1155 1130 1131 1156 1156 1157 1133 1158 1159 1160 1161 1161 1136 1162 1162 1163 1164 1164 1165 1138 1166 1167 1167 1168 1169 1169
1170 1142 1143 1171 1171 1145 1172 1173 1174 1174 1175 1148 1176 1176 1150 1151 1177 1178 1178 1179 1152 1180 1153 1154 1155 1181 1181 1182 1183 1183 1184 1158 1185 1160 1186 1187 1187 1188 1188 1189 1189 1190 1165 1191 1166 1192 1192 1168 1193 1194
1170 1195 1195 1196 1197 1197 1172 1198 1199 1199 1175 1200 1201 1202 1202 1203 1177 1204 1204 1179 1205 1180 1206 1206 1207 1207 1208 1209 1210 1211 1184 1212 1185 1213 1186 1214 1214 1215 1216 1217 1217 1190 1218 1219 1220 1220 1221 1222 1193 1194
1223 1223 1224 1196 1225 1225 1226 1198 1227 1227 1228 1200 1229 1230 1231 1203 1232 1232 1233 1233 1234 1234 1235 1236 1237 1237 1208 1209 1210 1211 1238 1238 1239 1240 1240 1241 1241 1215 1216 1242 1243 1244 1245 1219 1246 1247 1247 1222 1248 1248
1249 1249 1250 1251 1252 1253 1226 1254 1255 1255 1228 1256 1229 1230 1231 1257 1258 1258 1259 1260 1260 1261 1235 1262 1262 1263 1264 1264 1265 1266 1266 1267 1239 1268 1269 1269 1270 1271 1271 1272 1243 1244 1245 1273 1274 1274 1275 1276 1277 1277
1278 1278 1250 1251 1252 1253 1279 1279 1280 1281 1281 1282 1283 1283 1284 1285 1286 1287 1259 1288 1289 1289 1290 1291 1292 1263 1293 1293 1265 1294 1294 1295 1295 1268 1296 1296 1270 1297 1298 1272 1299 1300 1300 1301 1302 1302 1275 1276 1303 1303
1304 1304 1305 1306 1307 1308 1309 1310 1310 1311 1312 1282 1313 1314 1284 1285 1286 1287 1315 1315 1316 1316 1290 1291 1317 1317 1318 1318 1319 1320 1320 1321 1322 1323 1324 1325 1325 1297 1326 1327 1328 1329 1329 1301 1330 1331 1331 1332 1333 1334
1335 1335 1305 1306 1307 1308 1309 1336 1336 1311 1337 1337 1313 1314 1338 1339 1339 1340 1340 1341 1341 1342 1342 1343 1343 1344 1344 1345 1345 1346 1346 1321 1322 1323 1324 1347 1348 1348 1326 1327 1328 1349 1350 1350 1351 1351 1352 1352 1333 1334
80 85 82 45 67 29 73 91 33 71 94 92 40 20 53 66 87 89 29 25 57 18 80 34 72 60 27 57 56 42 3 47 44 63 0 91 65 24 57 75 1 53 93 27 74 87 27 0 73 89
89 93 70 61 32 50 78 88 6 86 92 18 76 65 31 16 26 69 50 87 50 33 49 16 3 73 6 3 24 92 73 19 84 37 97 20 27 67 17 36 55 4 60 54 14 97 57 33 51 52
20 66 5 97 24 0 26 15 45 37 22 18 68 84 80 96 15 67 87 35 90 18 59 79 80 84 89 74 89 13 0 63 82 77 98 42 7 20 73 6 66 29 48 83 82 81 68 46 76 82
76 23 71 46 75 51 86 85 12 21 87 26 34 67 91 12 4 28 72 96 39 55 66 20 42 93 76 30 0 9 11 49 34 32 84 16 73 37 61 27 32 92 69 84 98 27 9 88 95 90
9 1 94 43 77 53 53 33 63 51 61 3 51 97 12 7 56 18 99 48 21 10 52 54 64 77 21 71 36 6 28 26 42 52 57 42 30 72 18 41 74 28 2 95 54 70 76 14 96 1
74 45 24 34 18 49 77 44 21 5 93 3 55 51 67 4 5 77 7 82 0 98 2 63 42 90 39 94 20 80 83 86 65 1 62 58 80 19 53 30 85 17 86 60 59 24 54 15 6 85
68 88 76 75 70 17 96 62 5 63 13 69 17 24 7 76 74 48 63 16 33 90 36 44 42 78 79 63 72 95 61 5 84 53 47 51 83 98 16 15 37 37 59 33 57 66 80 82 39 30
53 62 25 14 4 57 90 95 97 7 52 29 91 64 87 67 86 36 12 84 23 43 31 82 84 21 29 93 47 46 10 39 98 82 90 6 63 48 94 65 80 21 93 32 22 20 53 61 7 1
32 3 37 40 71 29 93 73 74 23 28 75 67 0 65 98 20 71 36 32 10 48 73 25 17 27 70 36 89 18 18 17 3 38 27 12 77 81 36 74 39 10 9 2 30 33 45 76 30 24
77 94 52 17 15 24 20 67 31 51 19 64 14 34 41 10 26 13 73 36 14 33 85 34 12 64 91 57 15 2 23 94 6 43 58 52 86 21 23 41 2 23 83 37 96 44 82 61 89 68
0 70 69 39 79 82 0 1 98 93 92 78 44 41 23 82 28 35 41 19 33 45 12 1 20 25 1 82 1 96 23 72 0 45 95 72 40 10 68 32 7 59 33 49 39 90 81 96 69 31
16 62 11 62 77 24 58 37 72 31 81 73 95 10 33 42 65 83 41 4 41 67 79 87 20 0 31 91 8 46 5 73 80 60 46 43 34 29 75 37 37 4 64 36 48 75 72 0 11 2
22 96 92 5 15 26 8 30 12 10 59 30 19 12 14 46 21 33 82 11 32 41 2 95 79 78 12 87 99 97 54 34 86 59 49 59 63 54 16 61 93 96 83 10 92 16 70 71 67 27
81 70 3 15 8 39 27 37 34 43 8 34 86 72 51 3 90 70 45 96 39 89 45 36 70 33 40 65 12 99 2 18 97 92 59 16 36 32 1 68 23 85 70 77 83 55 58 72 24 58
88 41 53 23 39 29 49 48 91 37 17 32 61 29 4 9 85 28 58 74 71 48 77 41 76 81 86 22 58 27 40 21 13 34 45 95 50 87 90 29 11 34 80 87 45 10 71 1 85 95
11 85 36 66 61 40 9 51 20 26 41 20 99 52 83 34 14 44 42 11 9 28 68 0 42 56 24 99 82 4 26 91 87 58 81 51 43 97 64 3 35 45 40 42 48 95 86 93 97 47
92 74 45 56 84 53 98 29 90 92 48 63 11 70 74 88 71 31 62 79 9 44 30 42 39 44 28 72 29 74 93 57 78 63 74 39 7 38 55 25 7 27 61 25 24 32 13 61 51 39
60 40 41 66 5 50 35 16 20 48 72 29 46 9 39 4 0 16 20 83 65 43 44 98 75 90 52 20 87 95 1 25 96 30 6 68 97 49 60 16 87 49 53 23 77 14 59 84 14 23
99 96 24 54 61 74 47 93 77 8 17 75 2 21 76 64 3 15 89 73 49 13 87 25 65 67 83 97 99 39 72 9 3 30 87 89 21 76 7 89 94 86 61 50 40 0 23 94 90 20
60 14 65 22 7 16 74 87 8 66 72 75 71 49 73 81 68 75 32 69 37 74 76 94 25 90 17 73 62 13 82 73 17 72 52 51 15 27 23 74 32 42 28 66 69 5 52 46 22 27
46 48 93 77 61 53 64 67 52 49 31 81 60 26 56 61 72 45 26 1 79 64 88 96 53 95 62 54 50 78 46 43 49 51 46 65 67 89 45 99 80 67 66 51 72 53 74 24 17 68
4 84 78 71 31 58 73 38 18 22 33 17 7 77 37 62 32 49 58 31 4 22 61 81 71 25 94 92 46 52 39 6 92 15 82 44 5 69 61 26 16 58 61 55 30 93 71 47 3 64
72 47 27 9 37 72 48 59 84 39 70 66 32 80 0 17 63 77 27 80 23 73 78 78 66 85 25 61 96 32 43 58 56 61 72 35 17 64 85 30 55 96 13 73 9 78 76 2 72 31
64 88 41 31 96 74 1 52 35 34 94 31 22 3 73 2 44 90 34 1 79 54 49 93 37 66 13 42 60 23 65 12 53 1 89 4 8 17 10 58 57 17 15 44 47 40 51 17 64 28
28 86 31 1 67 40 29 12 52 43 0 9 94 75 80 75 56 52 95 1 53 60 70 91 40 33 60 56 33 1 83 71 90 73 30 52 94 23 81 3 20 89 55 80 29 22 24 43 16 73
12 5 56 90 88 44 30 83 63 80 31 91 4 65 2 92 79 8 34 70 24 50 16 16 32 76 52 54 45 81 31 15 90 19 93 13 6 54 71 63 88 30 65 32 20 8 91 41 96 99
69 59 80 76 86 81 0 77 95 33 58 81 59 35 73 58 42 76 94 61 62 34 0 76 56 56 40 48 64 91 55 80 7 92 84 53 61 48 25 8 34 86 86 93 78 1 47 35 40 90
63 9 35 87 96 57 81 82 66 75 62 21 57 57 22 93 48 72 17 99 97 58 67 7 82 56 47 75 32 36 68 43 54 38 97 75 80 31 43 61 0 20 8 59 67 20 74 86 92 3
19 73 26 81 71 28 2 56 19 52 54 49 9 1 35 94 82 24 92 82 12 68 68 67 81 30 94 6 77 64 59 17 37 75 65 59 67 70 46 32 95 65 99 4 15 28 56 32 27 42
61 37 51 69 6 86 4 95 16 76 33 98 89 79 97 82 57 18 51 1 71 28 48 59 4 33 61 77 74 54 91 64 24 83 43 51 97 8 23 48 85 63 42 13 27 43 52 10 37 51
1 89 24 0 50 85 40 16 79 51 24 45 65 22 26 3 80 76 65 89 22 98 54 21 74 28 43 81 83 26 57 10 74 37 80 43 58 70 40 5 60 34 39 64 84 86 95 0 57 96
64 33 93 76 6 44 60 44 42 93 42 51 26 88 0 81 91 57 45 12 8 80 48 30 84 66 29 38 58 22 29 14 99 47 65 44 78 15 55 83 12 15 67 54 87 89 43 33 68 8
97 24 88 28 72 10 18 42 92 64 61 77 3 61 80 0 15 46 23 75 66 42 78 87 82 62 63 23 90 62 43 0 80 26 60 36 85 33 86 32 13 20 17 51 49 77 13 74 81 20
67 95 17 87 6 17 49 27 2 64 80 30 7 11 78 70 95 28 63 53 74 56 10 47 44 26 35 84 75 37 71 35 15 40 26 52 75 88 80 5 22 53 56 21 98 9 86 15 7 86
27 42 56 33 0 3 6 86 9 29 56 91 67 31 59 54 10 78 91 46 31 16 42 18 32 92 60 8 35 79 83 67 9 72 20 54 15 25 31 32 77 81 69 4 81 17 2 7 85 97
36 66 0 9 50 33 14 13 27 39 27 22 41 4 11 22 9 69 59 7 2 48 62 88 91 49 20 48 21 48 83 78 12 76 23 58 52 3 74 33 14 51 13 39 50 84 94 68 55 2
82 97 34 17 44 48 40 14 21 18 8 91 91 51 48 59 64 92 64 30 61 88 72 4 61 71 77 66 11 4 8 48 87 33 28 89 77 65 64 46 16 98 0 7 96 17 2 37 66 23
32 69 50 4 92 25 96 28 2 40 46 36 62 22 95 89 17 95 8 15 67 39 63 89 98 64 46 58 46 75 44 14 53 39 8 55 85 14 78 64 68 10 73 2 40 83 44 88 38 69
23 48 32 32 11 45 57 88 58 85 95 70 86 14 30 2 65 48 58 93 48 16 30 47 37 95 61 92 40 56 47 61 85 64 15 26 74 16 80 59 13 48 38 44 10 49 3 87 45 21
3 67 13 8 79 0 78 42 92 1 92 97 64 23 54 74 45 10 30 15 43 58 63 77 59 12 28 58 88 12 73 14 39 23 67 52 59 40 97 93 86 33 83 32 49 20 64 65 54 54
50 53 29 4 73 65 64 15 50 13 26 16 37 58 78 30 62 84 87 71 95 78 53 55 65 98 44 92 97 97 47 43 24 15 53 41 45 65 95 14 35 24 84 98 85 92 41 41 10 50
97 6 51 8 6 95 50 96 38 0 97 86 55 80 42 96 14 8 25 37 21 46 57 91 87 81 70 82 13 31 31 36 50 30 41 63 54 57 14 36 95 22 46 53 16 67 86 98 18 63
0 11 25 85 79 5 11 50 14 75 64 66 23 54 80 59 46 95 52 31 39 87 35 78 3 60 19 24 92 82 24 41 56 59 80 16 86 70 1 30 54 90 26 98 61 54 68 53 17 30
34 68 45 4 44 29 1 5 55 80 44 71 18 74 76 76 37 50 99 76 60 92 69 11 36 41 95 83 11 32 37 46 66 73 79 98 28 76 46 91 64 76 23 49 18 62 10 23 98 60
20 99 71 52 1 73 47 75 33 99 95 43 98 95 28 54 9 33 57 22 59 82 64 90 11 20 0 85 91 7 18 17 67 59 99 78 50 8 13 98 87 4 38 26 14 33 92 11 4 20
3 86 96 78 81 19 70 51 82 14 10 13 60 72 49 91 65 57 65 39 78 38 48 53 49 65 26 71 93 48 77 38 90 57 71 57 42 52 7 7 89 85 88 76 99 52 44 29 92 68
90 6 97 2 31 60 13 77 29 47 53 21 77 63 65 31 50 93 92 20 16 71 73 11 71 14 45 55 87 65 98 17 35 2 63 73 60 77 92 65 10 79 77 14 69 58 50 82 24 46
49 28 90 11 90 90 75 6 41 47 81 34 88 52 19 9 29 34 29 87 93 38 31 72 74 19 26 30 11 62 73 12 17 44 30 61 6 66 34 16 4 67 32 61 4 65 27 97 41 88
41 71 98 54 58 16 24 17 65 0 97 10 33 32 32 27 90 20 24 3 20 88 22 38 38 5 54 1 10 36 88 92 84 32 57 10 85 82 21 56 47 21 44 12 1 87 83 62 0 98
99 17 39 91 75 46 97 58 56 35 53 13 74 76 15 71 1 60 3 88 84 99 9 97 72 98 91 46 80 92 8 37 84 22 53 13 45 17 22 40 92 37 17 40 76 51 68 21 20 74
