36 21
0 0 1 2 3 4 4 5 6 7 7 8 8 9 10 11 11 12 12 13 13 14 14 15 15 16 16 17 18 19 19 20 20 21 21 22 22 23 23 24 25 26 26 27 27 28 28 29 30 30
31 32 33 2 34 34 35 35 6 36 37 37 38 38 10 39 39 40 41 42 43 44 44 45 46 46 47 17 18 48 49 50 50 51 52 53 53 54 55 24 25 56 56 57 58 58 59 29 60 60
61 32 33 62 63 64 65 66 66 67 68 69 69 70 70 71 72 40 41 42 73 73 74 74 75 76 76 77 77 48 49 78 79 79 52 80 80 54 81 81 82 83 83 57 84 85 86 87 87 88
61 89 89 62 63 64 65 90 90 67 68 91 92 93 93 71 72 94 94 95 96 97 98 98 75 99 99 100 100 101 101 102 103 103 104 105 106 106 107 108 82 109 110 110 84 85 86 111 111 88
112 112 113 114 114 115 116 117 117 118 118 91 92 119 120 120 121 121 122 122 96 97 123 123 124 124 125 126 126 127 128 102 129 130 104 131 132 132 107 108 133 134 135 135 136 136 137 137 138 139
140 141 141 142 143 143 116 144 145 145 146 147 148 119 149 149 150 150 151 152 153 154 155 156 156 157 157 158 158 127 128 159 129 160 160 131 161 162 162 163 163 134 164 164 165 165 166 166 167 139
140 168 168 169 170 171 172 173 174 174 146 147 175 176 176 177 178 178 179 152 153 154 180 181 181 182 183 184 184 185 185 159 186 187 188 188 161 189 190 190 191 191 192 193 193 194 194 195 167 196
197 198 198 169 170 171 172 173 199 200 201 201 175 202 203 177 204 205 179 206 207 208 180 209 210 182 183 211 212 212 213 213 186 187 214 215 215 189 216 216 217 218 192 219 220 221 222 222 223 223
197 224 224 225 226 227 228 229 229 200 230 230 231 202 203 232 204 205 233 206 207 234 235 209 236 237 238 238 239 240 241 242 243 244 214 245 246 247 248 248 217 249 249 219 220 221 250 250 251 251
252 252 253 253 226 227 254 254 255 256 256 257 258 259 260 260 261 261 233 262 263 234 264 264 236 237 265 266 239 240 241 267 243 268 268 245 246 269 270 271 271 272 273 273 274 275 275 276 276 277
278 279 280 280 281 282 283 284 255 285 286 257 258 259 287 288 289 290 291 262 263 292 292 293 294 295 265 266 296 296 297 267 298 298 299 300 300 269 301 302 302 272 303 304 274 305 306 307 308 308
278 279 309 309 281 282 283 284 310 285 286 311 311 312 287 288 289 290 291 313 313 314 315 315 294 316 316 317 318 318 297 319 319 320 321 321 322 323 301 324 324 325 303 304 326 305 306 307 327 328
329 329 330 330 331 331 332 332 310 333 334 334 335 312 336 336 337 338 338 339 340 340 341 342 342 343 343 344 344 345 346 346 347 320 348 349 322 323 350 351 351 325 352 353 354 355 356 356 327 328
357 357 358 358 359 360 360 361 362 333 363 363 364 365 366 366 337 367 368 369 369 370 341 371 371 372 372 373 374 374 375 375 347 376 348 377 378 379 350 380 380 381 381 353 354 355 382 383 384 385
386 386 387 387 359 388 389 361 390 390 391 391 364 365 392 392 393 394 368 395 395 396 396 397 398 398 399 373 400 400 401 402 403 376 404 377 378 405 406 407 407 408 408 409 409 410 382 411 384 385
412 413 414 415 416 388 417 418 419 420 420 421 421 422 422 423 423 394 424 425 426 426 427 427 428 429 429 430 430 431 431 402 403 432 432 433 433 405 406 434 435 436 437 438 439 439 440 411 441 441
412 413 414 415 442 442 417 418 443 444 445 446 447 448 448 449 449 450 424 425 451 452 452 453 428 454 455 456 456 457 458 459 459 460 461 461 462 462 463 434 435 436 437 438 464 465 465 466 467 467
468 469 470 471 471 472 473 474 443 444 445 446 447 475 475 476 477 478 479 479 451 480 481 453 482 483 455 484 485 485 458 486 487 487 488 488 489 489 490 491 492 493 494 495 464 496 496 497 498 498
468 469 470 499 499 472 473 500 501 502 502 503 504 505 506 476 477 478 507 508 509 480 481 510 482 483 511 511 512 513 513 486 514 514 515 516 516 517 490 491 492 493 494 495 518 518 519 497 520 520
521 521 522 522 523 524 524 500 525 525 526 503 504 505 506 527 528 529 507 508 509 530 530 531 531 532 532 533 534 535 535 536 536 537 515 538 538 517 539 540 541 542 542 543 544 544 545 546 547 547
548 548 549 549 550 550 551 552 552 553 526 554 555 555 556 527 528 529 557 557 558 558 559 559 560 560 561 533 534 562 562 563 564 537 565 566 566 567 539 540 541 568 568 543 569 569 545 546 570 570
571 571 572 573 574 575 575 576 577 553 578 554 579 579 556 580 580 581 582 583 583 584 585 586 586 587 588 589 590 590 591 563 564 592 592 593 594 567 595 595 596 597 597 598 598 599 600 601 601 602
603 604 605 573 574 606 606 576 607 607 608 609 610 610 611 611 612 612 582 613 613 584 585 614 615 587 588 616 617 618 618 619 619 620 621 593 594 622 622 623 624 625 625 626 626 599 600 627 627 602
603 604 605 628 628 629 630 631 631 632 608 609 633 633 634 635 635 636 637 637 638 638 639 639 615 640 641 616 642 642 643 644 644 620 621 645 646 647 648 623 624 649 649 650 651 652 653 654 654 655
656 656 657 657 658 658 630 659 659 660 660 661 661 662 662 663 663 664 664 665 666 666 667 667 668 668 641 669 670 671 671 672 672 673 673 645 646 647 648 674 675 676 676 650 651 652 653 677 677 655
678 679 680 680 681 681 682 682 683 683 684 685 686 686 687 687 688 689 690 691 692 693 693 694 695 695 696 669 697 698 698 699 700 700 701 702 703 704 705 705 675 706 706 707 707 708 708 709 710 710
678 679 711 712 712 713 714 714 715 715 684 716 716 717 718 719 719 689 690 691 720 720 721 721 722 723 724 725 697 726 726 699 727 727 701 702 728 704 729 730 731 732 733 733 734 735 736 737 738 739
740 740 741 742 742 713 743 743 744 744 745 745 746 717 747 748 748 749 750 751 751 752 753 753 722 723 724 754 754 755 756 757 758 758 759 759 728 760 729 730 731 732 761 761 762 735 736 737 738 739
763 764 741 765 765 766 767 768 768 769 769 770 746 771 747 772 772 749 750 773 773 774 774 775 775 776 777 778 778 755 756 757 779 780 780 781 782 782 783 784 784 785 786 786 762 787 787 788 789 789
763 764 790 791 791 766 792 792 793 794 795 770 796 797 798 798 799 799 800 801 801 802 803 803 804 805 777 806 806 807 808 809 810 811 812 781 813 813 783 814 814 785 815 816 816 817 818 788 819 819
820 821 821 822 822 823 823 824 793 794 795 825 825 797 826 827 827 828 800 829 829 802 830 830 804 805 831 831 832 807 833 809 810 811 812 834 834 835 836 836 837 837 838 839 840 817 818 841 842 843
820 844 844 845 846 846 847 824 848 848 849 850 850 851 826 852 852 853 853 854 854 855 856 857 857 858 859 859 860 861 833 862 862 863 863 864 865 865 866 867 868 868 838 839 869 870 870 841 842 843
871 872 872 873 874 875 875 876 877 877 878 878 879 880 880 881 882 882 883 884 884 855 885 886 887 887 888 888 860 861 889 889 890 891 891 864 892 893 866 867 894 894 895 895 869 896 896 897 897 898
871 899 900 873 901 902 903 876 904 904 905 906 879 907 907 908 909 909 883 910 910 911 885 886 912 913 914 914 915 915 916 917 917 918 919 919 892 893 920 920 921 921 922 923 924 924 925 925 926 926
927 927 900 928 901 902 903 929 929 930 905 931 932 933 934 908 935 935 936 937 938 938 939 939 912 913 940 940 941 941 916 942 942 943 944 945 945 946 947 947 948 948 922 923 949 950 951 952 953 954
955 956 956 928 957 958 958 959 959 960 960 931 932 933 934 961 961 962 936 937 963 964 965 966 966 967 968 969 970 971 971 972 973 943 974 974 975 946 976 977 977 978 979 979 949 950 980 952 953 981
982 983 984 985 957 986 987 988 989 989 990 991 991 992 993 994 994 962 995 996 996 964 965 997 997 967 968 969 970 998 999 972 1000 1001 1002 1003 1003 1004 976 1005 1006 978 1007 1008 1008 1009 980 1010 1010 981
982 1011 984 985 1012 1013 987 988 1014 1015 990 1016 1017 1017 993 1018 1019 1020 1021 1021 1022 1023 1023 1024 1024 1025 1026 1026 1027 1027 999 1028 1000 1001 1002 1029 1029 1004 1030 1005 1031 1032 1007 1033 1033 1009 1034 1034 1035 1036
1037 1011 1038 1039 1039 1013 1040 1040 1014 1015 1041 1016 1042 1042 1043 1018 1019 1020 1044 1044 1022 1045 1046 1046 1047 1025 1048 1049 1050 1051 1051 1052 1053 1053 1054 1055 1056 1057 1030 1058 1031 1032 1059 1060 1061 1062 1062 1063 1063 1036
1037 1064 1064 1065 1065 1066 1067 1068 1068 1069 1041 1070 1070 1071 1072 1072 1073 1074 1075 1076 1077 1045 1078 1079 1080 1080 1048 1049 1050 1081 1081 1052 1082 1083 1083 1055 1056 1057 1084 1084 1085 1086 1087 1060 1088 1089 1090 1090 1091 1091
1092 1093 1094 1095 1095 1066 1096 1097 1097 1098 1098 1099 1100 1101 1102 1103 1103 1074 1075 1076 1077 1104 1105 1079 1106 1106 1107 1108 1109 1110 1110 1111 1082 1112 1113 1113 1114 1115 1115 1116 1085 1086 1087 1117 1088 1089 1118 1118 1119 1119
1092 1093 1120 1120 1121 1121 1096 1122 1122 1123 1123 1099 1100 1101 1102 1124 1124 1125 1125 1126 1126 1127 1105 1128 1129 1129 1107 1108 1130 1131 1131 1111 1132 1112 1133 1133 1114 1134 1134 1135 1135 1136 1137 1138 1139 1140 1140 1141 1141 1142
1143 1144 1144 1145 1145 1146 1146 1147 1147 1148 1148 1149 1150 1151 1151 1152 1152 1153 1154 1155 1155 1127 1156 1128 1157 1157 1158 1158 1130 1159 1159 1160 1132 1161 1162 1163 1163 1164 1165 1166 1167 1136 1137 1138 1139 1168 1168 1169 1169 1142
1143 1170 1170 1171 1172 1172 1173 1174 1174 1175 1176 1149 1150 1177 1178 1179 1179 1153 1154 1180 1181 1182 1182 1183 1183 1184 1185 1186 1186 1187 1187 1160 1188 1161 1162 1189 1190 1191 1165 1166 1167 1192 1192 1193 1194 1195 1196 1197 1197 1198
1199 1200 1200 1171 1201 1202 1173 1203 1203 1175 1204 1205 1205 1206 1178 1207 1208 1208 1209 1180 1210 1210 1211 1211 1212 1184 1185 1213 1213 1214 1215 1216 1188 1217 1217 1189 1190 1191 1218 1219 1219 1220 1220 1193 1194 1195 1221 1222 1223 1198
1199 1224 1225 1225 1201 1202 1226 1226 1227 1228 1204 1229 1230 1206 1231 1231 1232 1232 1209 1233 1233 1234 1234 1235 1212 1236 1237 1238 1238 1239 1215 1216 1240 1240 1241 1241 1242 1243 1218 1244 1244 1245 1245 1246 1246 1247 1221 1222 1223 1248
1249 1224 1250 1250 1251 1252 1252 1253 1227 1254 1255 1255 1230 1256 1257 1258 1259 1260 1260 1261 1261 1262 1262 1235 1263 1264 1237 1265 1265 1239 1266 1266 1267 1268 1269 1269 1242 1270 1271 1271 1272 1273 1274 1275 1275 1276 1277 1278 1279 1248
1249 1280 1281 1282 1283 1284 1285 1286 1287 1254 1288 1288 1289 1256 1257 1290 1259 1291 1291 1292 1292 1293 1294 1295 1295 1264 1296 1296 1297 1297 1298 1298 1267 1268 1299 1300 1301 1270 1302 1302 1303 1273 1274 1304 1305 1276 1306 1278 1279 1307
1308 1280 1309 1282 1283 1284 1285 1286 1310 1311 1311 1312 1313 1314 1314 1290 1315 1316 1316 1317 1318 1293 1294 1319 1319 1320 1321 1322 1323 1324 1324 1325 1325 1326 1299 1327 1301 1328 1329 1330 1303 1331 1332 1304 1305 1333 1306 1334 1335 1336
1308 1337 1309 1338 1338 1339 1339 1340 1310 1341 1341 1312 1313 1342 1342 1343 1344 1344 1345 1345 1318 1346 1346 1347 1347 1320 1321 1322 1323 1348 1348 1349 1349 1350 1350 1327 1351 1351 1329 1330 1352 1331 1332 1353 1353 1354 1354 1334 1335 1336
6 93 26 44 75 50 38 52 39 28 61 64 56 16 51 64 16 11 30 98 0 58 90 31 87 23 52 62 80 20 94 75 18 59 62 39 2 5 70 46 34 5 84 65 44 20 13 6 94 97
45 94 67 76 99 71 66 93 38 53 13 78 3 48 31 98 59 81 66 86 9 16 1 52 77 19 20 84 74 0 18 36 96 48 31 7 50 29 89 91 33 18 41 38 36 22 19 29 1 77
1 70 78 43 82 88 35 51 16 45 40 54 5 28 2 31 23 76 33 42 82 86 59 34 31 84 47 9 61 58 40 98 91 61 47 77 56 82 61 13 99 81 70 82 25 88 43 46 77 99
19 30 48 68 67 18 94 48 74 36 6 56 27 51 54 28 53 48 49 17 86 53 14 81 25 47 76 70 29 71 25 38 50 45 91 86 52 62 42 83 71 6 60 3 24 44 20 40 90 13
89 73 46 71 51 69 95 77 17 92 86 51 62 40 99 22 99 56 20 40 15 62 58 89 95 64 83 83 97 82 91 96 57 0 0 99 42 78 21 20 3 65 27 42 7 44 4 12 95 0
78 11 58 37 46 31 34 48 38 29 11 83 89 64 80 50 53 27 40 7 98 6 40 59 74 51 74 55 22 54 23 43 4 57 99 27 33 50 91 33 74 12 88 14 17 48 10 91 9 48
28 47 72 93 33 43 32 75 18 68 2 66 58 47 8 65 18 98 29 52 83 33 56 10 5 82 9 5 91 69 29 50 31 42 30 71 34 83 43 66 68 42 35 20 47 97 31 35 18 2
44 44 33 58 66 71 22 11 65 59 51 17 78 15 83 81 8 96 44 23 67 4 18 50 15 95 58 91 94 72 84 85 8 31 15 93 69 45 0 52 14 38 65 38 10 4 83 79 28 43
13 24 6 64 86 36 41 0 16 70 64 10 4 35 20 9 65 57 79 88 25 55 47 4 68 67 58 87 66 65 72 41 75 6 64 11 14 3 29 51 50 48 67 23 46 85 46 12 62 46
57 92 19 29 14 39 46 49 88 9 77 61 64 11 73 64 77 10 87 64 62 58 53 93 57 97 74 25 77 1 86 34 98 93 2 63 3 31 48 19 57 90 43 28 53 83 31 23 73 31
38 64 66 26 99 61 50 17 22 80 55 63 96 25 21 48 81 89 78 30 82 13 42 32 80 56 77 99 78 73 30 97 97 30 77 0 86 0 57 80 40 43 46 21 8 75 24 13 41 41
28 57 82 1 58 17 27 82 38 13 51 20 25 4 2 92 80 69 86 36 15 56 74 72 56 93 51 7 7 14 4 39 86 51 40 72 33 6 12 68 40 63 47 5 67 46 7 35 19 88
37 16 69 12 39 32 82 28 41 87 33 29 76 29 20 45 68 47 81 54 94 45 86 33 71 51 29 32 28 35 72 74 51 39 70 38 50 40 34 3 51 29 72 19 29 34 0 42 40 6
6 28 44 3 89 37 72 4 78 87 55 87 27 15 67 12 3 6 37 63 36 6 3 8 22 19 1 41 48 89 36 48 54 49 13 46 88 21 36 16 82 49 98 9 56 90 61 53 99 13
42 81 32 58 97 9 58 97 54 96 3 89 96 25 26 94 10 17 36 3 89 56 32 75 23 31 72 76 4 47 31 16 2 23 83 28 36 81 38 47 92 90 12 0 71 12 78 0 52 53
2 79 48 89 56 16 42 82 61 31 82 72 48 53 74 81 85 37 22 36 39 94 87 31 0 59 81 44 9 9 54 77 77 78 63 17 2 82 57 81 72 38 71 82 1 37 95 94 28 0
71 58 82 55 51 85 36 18 27 67 0 8 77 61 47 52 27 49 47 95 5 67 96 22 88 36 65 93 3 83 3 21 20 86 91 34 19 91 38 65 43 50 51 85 96 31 67 14 52 43
2 34 26 67 94 27 2 49 20 58 57 28 56 39 35 85 21 9 1 27 21 75 46 61 71 24 76 30 21 38 17 90 21 69 45 28 95 2 13 98 82 93 32 40 79 93 59 72 72 36
45 61 77 78 84 12 48 52 67 59 29 65 66 2 38 27 49 27 37 25 56 67 15 75 60 49 27 57 76 29 90 42 41 19 5 9 11 14 45 57 45 52 38 85 13 29 35 81 91 83
60 19 8 81 12 21 41 37 55 65 90 99 7 90 89 97 94 80 86 88 3 39 90 24 77 0 31 41 31 40 79 43 76 23 74 8 13 54 82 24 12 67 39 26 80 49 76 40 49 93
75 74 81 91 70 90 64 32 0 77 45 77 88 52 63 72 5 43 26 49 71 16 47 16 56 32 48 13 12 22 91 40 90 22 70 27 9 50 52 33 0 4 46 96 69 98 6 16 71 11
98 40 19 37 20 99 86 49 72 52 14 0 6 32 46 22 62 96 8 27 36 86 90 61 95 83 14 47 97 69 6 99 5 49 69 24 92 78 21 37 29 13 74 90 97 39 3 85 97 80
98 34 61 57 76 68 82 44 62 5 87 46 97 13 4 0 52 90 63 75 63 68 46 87 8 41 98 75 92 18 71 30 10 95 7 81 24 28 77 76 74 60 91 75 13 18 43 0 30 53
8 36 27 47 43 83 47 82 43 72 65 24 51 35 59 77 58 29 61 98 19 68 6 62 94 66 45 48 88 79 7 56 95 56 89 21 78 83 92 84 5 28 69 17 98 27 69 79 64 42
20 94 62 51 22 60 40 88 61 27 0 0 84 90 57 2 19 46 94 3 72 65 28 28 50 49 86 43 86 60 86 7 50 52 85 94 99 19 24 77 82 65 73 23 20 49 97 8 32 64
3 59 49 38 91 38 58 39 54 55 99 43 7 70 3 80 24 17 41 45 89 85 11 55 14 49 41 85 27 79 12 72 77 14 96 75 3 57 42 72 15 3 16 54 63 40 69 59 52 93
20 15 61 27 14 74 20 15 19 74 61 68 52 25 70 33 64 42 56 34 20 29 47 14 33 24 23 76 11 30 36 62 72 81 95 81 4 3 3 30 45 26 26 7 23 24 36 13 58 93
79 78 5 47 57 27 58 27 43 90 21 61 46 87 50 25 82 88 21 63 66 67 6 34 50 54 62 18 98 26 92 35 41 95 56 11 86 33 91 99 87 14 85 41 69 98 45 45 68 66
2 96 63 82 47 37 42 88 90 0 78 2 66 57 69 34 55 59 8 58 27 27 72 48 28 80 47 30 5 34 11 56 98 21 69 8 81 34 23 24 44 91 2 14 48 99 45 19 7 57
62 46 11 24 19 29 60 25 14 79 82 64 69 0 79 67 29 57 41 28 90 51 10 40 86 36 84 91 87 25 89 63 53 91 11 24 49 38 86 3 11 32 15 68 71 20 17 9 43 18
49 80 99 9 87 43 3 41 96 27 12 54 87 55 84 39 72 76 32 15 28 41 72 95 56 93 55 51 74 68 5 97 88 55 79 93 19 57 57 21 7 48 94 13 52 78 19 36 46 43
27 12 48 40 53 32 27 62 54 15 30 37 24 58 71 69 19 88 15 88 94 95 35 45 53 88 73 81 73 25 86 1 36 6 46 65 67 60 18 90 77 45 74 27 55 53 10 79 13 22
28 11 76 31 49 42 20 70 71 40 40 95 21 67 74 89 83 26 61 19 87 44 69 6 85 64 77 29 15 85 65 96 90 71 46 39 58 60 10 90 64 51 9 33 44 15 67 35 75 95
32 66 90 21 3 40 3 12 55 73 33 99 31 99 46 52 94 42 38 48 17 21 87 41 31 73 88 95 92 97 68 55 52 76 8 84 43 60 26 97 27 20 23 10 6 41 37 48 72 92
50 73 32 8 50 39 48 29 66 32 24 86 51 27 30 81 55 70 35 37 40 87 49 47 69 7 39 65 39 94 54 28 70 7 95 72 44 52 92 15 33 98 25 92 2 41 19 23 22 55
39 72 40 10 75 17 26 80 26 53 64 71 32 99 13 55 53 70 25 35 35 4 39 56 57 98 33 7 37 75 41 70 14 28 32 32 51 10 18 80 1 3 36 36 37 77 87 76 52 4
25 34 78 9 63 37 61 15 14 3 4 21 69 43 84 95 89 30 96 67 29 52 47 67 4 17 12 85 38 51 55 27 72 61 73 22 7 2 72 75 31 82 41 9 74 24 30 19 4 18
25 82 94 38 92 32 10 91 47 45 10 93 61 73 82 97 86 99 36 9 75 87 65 45 24 22 21 11 63 52 96 0 64 16 71 53 20 84 58 44 86 72 39 99 2 68 45 98 95 9
85 62 81 68 22 56 27 57 59 67 95 33 22 86 21 89 12 4 84 66 98 15 31 66 27 71 75 40 31 94 53 31 58 82 67 7 9 58 84 29 99 24 17 56 77 57 75 96 65 61
62 45 60 78 18 88 61 49 34 1 14 38 78 40 18 77 98 73 9 24 75 53 11 77 72 88 92 81 40 12 74 64 30 41 3 36 20 25 54 41 58 25 4 85 56 49 91 73 62 65
65 90 17 34 57 13 72 32 74 75 40 5 95 87 78 72 63 20 79 96 91 97 67 95 6 49 52 29 76 48 76 60 74 7 50 16 32 99 67 49 5 76 34 60 16 36 80 8 53 0
46 55 46 36 7 30 49 95 73 52 32 40 70 61 8 22 87 63 94 37 24 26 51 98 34 33 57 94 26 13 51 97 43 49 20 93 39 30 16 35 0 90 6 64 48 22 46 10 10 9
47 41 20 44 41 66 48 13 56 47 43 43 34 34 94 65 56 51 5 15 51 63 49 1 49 99 59 89 18 46 27 76 61 1 51 35 80 39 33 10 58 34 21 15 33 42 9 51 58 43
32 59 62 77 22 32 70 50 51 35 6 83 48 13 15 0 93 87 51 32 71 94 49 50 36 46 0 53 9 68 88 3 66 54 60 81 3 54 37 9 14 8 50 2 7 45 97 50 20 2
59 98 9 22 83 22 16 92 8 72 18 54 24 41 46 83 58 21 18 3 97 89 37 74 46 20 56 20 8 50 21 32 78 17 86 41 31 66 39 38 58 84 8 90 82 45 63 71 87 92
20 83 2 80 53 57 41 79 87 59 90 19 55 51 56 62 35 8 51 35 56 90 98 52 70 69 89 55 15 86 87 70 60 82 94 18 99 78 52 14 70 63 25 18 83 57 77 78 48 54
12 85 61 41 22 60 89 88 17 58 57 23 33 18 74 55 48 9 67 5 35 2 97 67 33 81 57 50 20 1 97 36 35 0 21 19 43 41 96 17 68 22 69 65 80 71 83 28 5 57
3 17 45 83 40 65 47 76 55 57 31 78 29 19 50 92 94 94 81 22 22 52 49 50 21 72 97 17 18 57 43 90 91 6 61 37 81 29 18 97 70 4 34 59 34 54 71 57 81 7
69 72 73 52 5 68 16 87 12 29 22 60 22 48 54 94 10 93 67 27 78 95 96 49 45 30 23 23 47 7 22 8 30 56 91 2 82 9 34 48 37 40 19 9 58 50 47 35 93 66
2 99 55 4 51 3 99 12 27 25 53 3 94 60 1 66 4 12 43 40 14 94 27 6 87 8 37 38 21 33 56 80 23 33 75 77 58 65 80 56 37 29 95 84 68 23 29 95 32 91
