10 32
0 1 2 2 3 3 4 5 5 6 6 7 7 8 8 9 9 10 11 11 12 13 13 14 14 15 15 16 17 18 19 20 21 21 22 23 24 24 25 26 27 28 29 30 31 32 32 33 33 34
0 35 36 36 37 38 4 39 39 40 40 41 42 43 43 44 45 45 46 47 12 48 49 50 50 51 52 53 17 18 19 20 54 55 22 56 57 58 25 26 27 28 59 30 31 60 60 61 62 63
64 35 65 65 37 38 66 66 67 68 68 41 69 69 70 70 71 71 46 47 72 48 49 73 73 51 52 53 74 74 75 75 54 55 76 56 57 58 77 77 78 78 59 79 80 81 82 83 62 63
84 85 86 87 88 88 89 90 91 91 92 93 94 94 95 95 96 97 97 98 99 99 100 100 101 102 102 103 103 104 105 105 106 107 76 108 109 109 110 111 112 113 113 79 80 81 82 83 114 115
84 85 86 87 116 117 118 90 119 120 92 93 121 121 122 122 123 124 125 98 126 127 127 128 101 129 129 130 130 104 131 131 106 107 132 108 133 134 134 111 112 135 135 136 137 138 138 139 139 115
140 140 141 141 116 117 118 142 119 120 143 143 144 144 145 146 123 124 125 147 126 148 149 150 151 152 152 153 153 154 154 155 155 156 157 157 158 159 159 160 160 161 162 162 137 163 163 164 164 165
166 166 167 168 169 170 170 142 171 172 173 174 175 176 176 146 177 178 179 147 180 148 149 150 151 181 181 182 182 183 184 185 185 156 186 187 158 188 189 190 190 161 191 191 192 193 193 194 195 165
196 196 197 168 169 198 198 199 171 172 173 174 175 200 201 201 177 178 179 202 180 203 204 205 206 207 207 208 209 183 184 210 211 211 186 187 212 188 189 213 213 214 215 215 192 216 216 194 195 217
218 218 197 219 220 221 222 222 223 224 225 226 226 200 227 228 229 229 230 202 231 231 204 205 232 233 234 234 209 235 235 210 236 236 237 237 238 239 239 240 241 242 243 244 244 245 245 246 247 217
248 248 249 219 220 250 250 251 223 224 252 253 254 254 227 255 255 256 230 257 257 258 259 259 232 260 260 261 262 262 263 264 264 265 265 266 238 267 268 240 269 242 243 270 271 271 272 272 247 273
274 275 275 276 277 277 278 278 279 279 252 280 281 281 282 282 283 284 284 285 285 258 286 287 287 288 289 261 290 291 263 292 293 294 295 295 296 267 268 297 269 298 299 270 300 300 301 302 303 303
274 304 304 305 305 306 307 307 308 309 310 280 311 311 312 313 283 314 315 316 317 317 286 318 318 288 319 319 290 320 321 292 293 322 323 323 324 324 325 325 326 327 299 328 329 330 301 302 331 332
333 333 334 335 335 306 336 336 337 309 338 339 339 340 312 313 341 314 315 342 343 344 344 345 346 346 347 348 349 320 350 351 352 322 353 354 355 356 357 357 326 327 358 328 329 330 359 359 331 332
360 361 361 362 363 364 364 365 337 366 338 367 367 340 368 368 341 369 369 342 370 370 371 371 372 373 347 348 349 374 350 351 375 375 353 354 376 356 377 377 378 379 380 380 381 381 382 383 384 384
360 385 386 362 363 387 387 365 388 388 389 389 390 390 391 391 392 392 393 394 394 395 395 396 396 373 397 397 398 374 399 399 400 400 401 402 376 403 403 404 378 405 405 406 407 408 382 409 409 410
411 411 386 412 413 414 414 415 416 417 418 419 420 421 421 422 422 423 424 425 425 426 427 427 428 429 429 430 431 431 432 432 433 433 401 402 434 434 435 404 436 436 437 406 407 408 438 439 439 410
440 441 442 442 413 443 443 444 416 417 418 419 420 445 445 446 447 423 424 448 449 426 450 451 428 452 453 453 454 454 455 456 457 458 459 459 460 461 435 462 462 463 463 464 465 465 438 466 466 467
440 441 468 469 469 470 471 444 472 472 473 474 474 475 475 446 447 476 476 448 477 477 450 478 478 479 480 480 481 481 482 456 457 458 483 483 460 484 485 486 486 487 488 464 489 489 490 490 491 492
493 494 468 495 495 470 471 496 496 497 498 498 499 500 501 502 502 503 504 505 505 506 506 507 508 479 509 510 511 511 482 512 512 513 513 514 514 484 485 515 516 487 517 517 518 519 519 520 491 492
493 494 521 522 523 523 524 525 526 497 527 527 528 500 501 529 530 530 504 531 531 532 533 507 508 534 509 510 535 535 536 537 538 538 539 540 540 541 541 515 542 543 544 544 545 546 546 520 547 547
548 548 521 522 549 550 524 525 526 551 551 552 528 553 553 529 554 555 556 557 558 532 559 559 560 534 561 562 562 563 536 564 565 566 566 567 568 568 569 570 542 571 572 573 545 574 575 576 576 577
578 578 579 580 580 550 581 582 582 583 584 552 585 586 587 588 588 555 556 557 558 589 590 590 560 591 592 592 593 563 594 564 565 595 595 567 596 596 569 570 597 571 572 598 598 574 575 599 599 600
601 601 602 603 604 604 581 605 605 583 584 606 606 586 587 607 608 609 609 610 611 612 612 613 614 591 615 615 593 616 616 617 618 618 619 620 620 621 622 622 597 623 623 624 625 625 626 626 627 600
628 628 602 603 629 630 630 631 631 632 633 633 634 634 635 607 608 636 636 610 637 637 638 613 639 640 641 641 642 643 644 617 645 646 647 647 648 621 649 650 650 651 651 652 653 654 655 656 627 657
658 659 659 660 629 661 662 662 663 664 664 665 665 666 635 667 667 668 669 670 670 671 672 673 639 640 674 674 642 643 644 675 676 646 677 678 648 679 679 680 680 681 681 652 653 654 655 656 682 657
658 683 684 660 685 685 686 687 688 688 689 690 691 666 692 692 693 668 669 694 694 695 672 696 696 697 698 699 700 700 701 675 676 702 677 678 703 704 705 706 707 708 709 709 710 711 712 713 713 714
715 683 684 716 717 717 686 687 718 719 689 690 691 720 720 721 693 722 722 723 724 695 725 726 726 697 698 699 727 728 701 729 729 702 730 730 703 731 705 706 707 708 732 732 710 711 712 733 733 714
734 735 735 736 737 738 739 739 718 719 740 741 742 742 743 721 744 745 745 723 724 746 746 747 748 748 749 749 727 728 750 750 751 752 752 753 754 731 755 755 756 756 757 758 758 759 760 761 762 762
734 763 764 736 737 738 765 766 766 767 740 741 768 768 743 769 770 770 771 772 772 773 773 747 774 774 775 776 776 777 777 778 778 779 780 753 754 781 782 783 784 784 785 785 786 759 760 787 788 788
789 790 764 791 792 792 765 793 793 767 794 794 795 796 797 798 799 800 771 801 801 802 803 803 804 804 775 805 805 806 806 807 807 779 808 808 809 809 782 783 810 810 811 812 812 813 814 787 815 815
816 790 817 817 818 818 819 820 820 821 822 822 795 796 797 798 823 800 824 824 825 826 827 827 828 828 829 829 830 830 831 831 832 832 833 833 834 835 836 837 838 838 811 839 839 813 814 840 840 841
816 842 842 843 844 844 819 845 845 821 846 847 848 848 849 849 823 850 850 851 851 826 852 853 853 854 855 856 856 857 858 859 860 860 861 862 862 835 836 863 863 864 865 866 867 867 868 869 869 841
870 871 872 843 873 873 874 875 876 876 846 877 877 878 879 879 880 880 881 881 882 882 852 883 884 885 855 886 886 857 858 887 888 888 861 889 890 890 891 891 892 864 865 866 893 893 868 894 895 895
870 871 872 896 897 897 874 898 898 899 900 900 901 878 902 903 903 904 905 905 906 907 908 908 884 885 909 910 910 911 911 887 912 912 913 889 914 914 915 915 892 916 917 918 919 919 920 894 921 921
922 923 924 924 925 925 926 926 927 928 928 929 901 930 930 931 931 932 932 933 906 907 934 935 936 936 909 937 938 938 939 939 940 940 913 941 941 942 943 943 944 945 917 918 946 947 920 948 948 949
922 923 950 951 952 953 953 954 927 955 955 929 956 956 957 958 959 960 961 962 962 963 934 964 964 965 966 937 967 967 968 968 969 969 970 971 971 972 973 973 944 945 974 975 976 947 977 977 978 949
979 980 950 951 952 981 982 982 983 983 984 985 985 986 987 958 959 988 961 989 989 963 990 991 991 992 966 993 993 994 995 995 996 996 970 997 997 972 998 999 1000 1001 974 975 976 1002 1002 1003 978 1004
979 980 1005 1006 1007 1008 1008 1009 1009 1010 1011 1012 1013 1013 987 1014 1015 988 1016 1016 1017 1018 990 1019 1019 992 1020 1021 1022 994 1023 1023 1024 1024 1025 1025 1026 1026 998 999 1000 1001 1027 1028 1029 1030 1030 1003 1031 1004
1032 1033 1005 1006 1007 1034 1034 1035 1035 1010 1011 1012 1036 1037 1037 1014 1038 1038 1039 1039 1017 1018 1040 1040 1041 1042 1042 1021 1043 1043 1044 1044 1045 1045 1046 1047 1048 1049 1050 1050 1051 1052 1027 1053 1029 1054 1055 1056 1031 1057
1032 1033 1058 1058 1059 1059 1060 1061 1062 1063 1063 1064 1036 1065 1066 1067 1068 1069 1069 1070 1070 1071 1072 1073 1041 1074 1075 1076 1076 1077 1077 1078 1079 1080 1080 1047 1081 1049 1082 1083 1051 1052 1084 1053 1085 1054 1055 1086 1086 1057
1087 1088 1089 1089 1090 1090 1060 1061 1062 1091 1092 1064 1093 1065 1066 1067 1068 1094 1095 1096 1097 1097 1072 1073 1098 1074 1075 1099 1100 1100 1101 1101 1079 1102 1103 1103 1081 1104 1082 1083 1105 1105 1084 1106 1085 1107 1107 1108 1108 1109
1110 1088 1111 1112 1112 1113 1114 1114 1115 1091 1116 1117 1117 1118 1118 1119 1119 1094 1095 1096 1120 1120 1121 1122 1122 1123 1123 1099 1124 1124 1125 1126 1126 1127 1128 1128 1129 1104 1130 1130 1131 1131 1132 1106 1133 1134 1135 1136 1136 1109
1110 1137 1111 1138 1138 1113 1139 1139 1115 1140 1116 1141 1141 1142 1143 1144 1144 1145 1146 1146 1147 1147 1121 1148 1148 1149 1150 1150 1151 1152 1125 1153 1153 1127 1154 1155 1156 1156 1157 1158 1159 1159 1132 1160 1133 1134 1135 1161 1162 1162
1163 1164 1164 1165 1165 1166 1167 1167 1168 1169 1169 1170 1171 1142 1143 1172 1172 1145 1173 1174 1174 1175 1176 1176 1177 1149 1178 1178 1151 1179 1180 1181 1182 1183 1154 1155 1184 1184 1157 1158 1185 1186 1187 1187 1188 1188 1189 1161 1190 1191
1163 1192 1193 1194 1194 1166 1195 1196 1168 1197 1198 1170 1199 1199 1200 1200 1201 1202 1173 1203 1204 1175 1205 1205 1177 1206 1206 1207 1207 1179 1180 1181 1182 1183 1208 1209 1210 1210 1211 1212 1185 1186 1213 1213 1214 1215 1215 1216 1190 1191
1217 1192 1218 1219 1220 1221 1221 1196 1222 1197 1198 1223 1223 1224 1225 1225 1201 1202 1226 1226 1204 1227 1228 1228 1229 1230 1231 1232 1233 1233 1234 1235 1235 1236 1208 1209 1237 1238 1211 1239 1239 1240 1240 1241 1214 1242 1243 1243 1244 1245
1217 1246 1218 1219 1220 1247 1247 1248 1248 1249 1250 1250 1251 1251 1252 1253 1254 1254 1255 1256 1257 1258 1258 1259 1229 1230 1231 1260 1260 1261 1234 1262 1263 1236 1264 1264 1265 1238 1266 1267 1267 1268 1268 1241 1269 1242 1270 1271 1244 1245
1272 1246 1273 1274 1275 1275 1276 1277 1277 1249 1278 1279 1279 1280 1252 1253 1281 1282 1255 1256 1257 1283 1284 1284 1285 1286 1286 1287 1288 1289 1290 1291 1263 1292 1292 1293 1265 1294 1295 1296 1297 1298 1299 1300 1269 1301 1270 1271 1302 1303
1272 1304 1304 1274 1305 1305 1276 1306 1307 1307 1308 1309 1310 1280 1311 1312 1281 1313 1313 1314 1315 1283 1316 1316 1317 1318 1318 1287 1319 1289 1290 1291 1320 1321 1321 1293 1322 1294 1295 1323 1297 1298 1299 1300 1324 1324 1325 1325 1302 1303
1326 1326 1327 1328 1328 1329 1329 1306 1330 1330 1308 1309 1331 1331 1311 1312 1332 1332 1333 1333 1315 1334 1335 1335 1317 1336 1336 1337 1319 1338 1338 1339 1320 1340 1340 1341 1322 1342 1342 1323 1343 1344 1344 1345 1345 1346 1347 1347 1348 1348
11 51 16 76 20 94 16 36 88 1 64 51 55 33 80 59 17 50 32 6 42 89 75 94 29 95 53 26 97 2 84 57 83 45 14 29 73 30 25 13 32 34 50 92 47 76 46 96 55 88
30 46 87 8 68 72 65 8 72 76 23 17 1 76 83 40 70 17 41 0 53 51 82 6 4 26 58 0 77 25 69 97 92 5 16 29 71 13 29 69 95 74 67 16 49 80 82 1 81 43
80 54 87 51 75 13 46 78 38 51 98 41 27 91 31 72 58 62 54 34 44 19 71 45 21 14 4 37 16 79 33 20 4 17 4 75 64 56 30 22 99 70 80 84 47 2 56 6 13 85
46 45 43 18 17 29 8 19 85 76 93 58 54 71 50 92 98 52 7 76 62 31 52 5 7 62 30 24 92 33 76 36 1 8 38 70 51 30 10 4 81 34 14 72 49 2 9 48 66 0
52 53 93 87 87 73 77 83 45 24 66 36 7 97 36 49 98 20 0 94 69 5 65 95 69 1 6 4 21 45 80 77 22 2 71 85 54 62 47 83 79 51 9 18 37 91 89 24 43 85
25 71 50 90 5 32 39 88 59 98 89 95 87 30 3 34 7 9 68 30 19 7 8 82 21 82 13 43 23 22 60 54 92 60 91 85 26 50 86 37 1 2 1 91 24 58 54 84 15 42
85 0 22 10 10 67 6 38 92 48 78 62 6 11 35 91 22 60 11 20 61 10 75 35 34 6 72 67 27 21 76 19 31 39 70 24 40 61 62 57 99 28 4 26 46 18 3 65 80 32
52 20 92 2 37 38 95 82 76 85 41 82 73 21 70 32 22 85 99 89 58 30 3 84 86 15 80 12 66 55 24 23 63 95 16 29 88 66 83 71 72 52 7 91 99 89 64 67 19 38
78 29 2 69 56 12 40 4 68 20 92 38 14 47 69 18 18 40 44 44 13 79 14 65 42 96 87 86 0 53 31 38 62 26 61 11 37 81 87 78 94 63 66 9 69 66 56 54 93 70
73 14 35 10 94 17 89 12 61 20 37 34 6 84 78 11 62 79 88 55 70 74 65 95 41 80 75 65 74 22 65 68 67 43 80 52 36 51 37 62 46 38 16 93 16 76 59 89 98 64
62 37 28 66 34 82 11 31 30 42 99 65 27 1 98 41 83 69 1 22 17 55 3 1 90 72 62 78 19 59 7 57 75 72 69 76 97 16 35 59 76 1 0 2 79 73 92 86 97 89
91 76 36 12 2 93 41 9 84 36 49 82 8 56 55 46 38 78 14 17 71 52 64 51 72 77 8 3 84 23 17 82 9 90 66 62 8 70 48 35 32 24 49 9 18 44 31 1 34 2
10 66 78 69 42 8 79 61 65 95 60 84 84 98 45 69 5 76 28 49 21 57 7 77 62 22 7 80 25 94 80 88 35 23 58 78 23 69 4 41 25 7 82 76 75 54 62 43 72 83
0 17 83 33 19 22 92 38 70 99 30 43 62 32 91 85 17 88 65 3 15 6 1 9 77 49 95 90 83 36 91 81 56 4 75 18 76 35 40 13 57 82 98 21 7 75 65 18 71 35
78 32 76 18 48 82 0 63 73 61 87 61 63 44 30 89 37 36 48 23 45 98 49 14 97 99 2 2 82 10 57 4 41 35 87 63 67 35 14 41 90 54 75 3 44 92 55 88 58 3
24 55 86 89 7 79 53 41 11 1 40 95 75 41 13 93 79 13 49 52 49 28 6 58 39 42 43 4 9 13 45 17 38 77 64 3 46 71 56 80 42 1 63 67 69 4 16 45 96 34
49 27 23 76 68 5 84 31 0 30 2 96 30 71 76 46 71 67 84 12 46 26 70 74 93 29 0 38 9 83 76 61 2 42 72 5 88 25 22 98 78 50 0 34 86 46 12 37 76 40
48 23 44 64 13 17 95 58 13 83 94 23 49 10 45 86 74 51 87 85 92 70 1 79 87 18 16 29 82 84 62 73 95 32 48 55 84 15 18 4 60 49 32 45 0 97 12 4 54 54
4 50 89 29 41 2 51 28 50 4 36 7 14 55 44 21 27 98 80 84 73 72 4 72 80 75 48 30 47 83 83 31 52 67 85 79 66 94 43 40 20 29 88 11 49 27 64 0 12 13
87 47 48 75 76 19 52 52 54 95 23 84 96 80 31 3 95 48 41 73 83 3 43 23 43 32 90 94 4 38 72 73 38 35 97 79 18 84 80 7 58 2 19 65 28 64 64 62 89 53
54 84 7 95 79 69 45 18 34 22 72 41 61 17 47 54 53 53 14 92 87 32 67 24 0 83 79 60 38 88 56 93 24 98 73 39 55 99 63 35 91 44 11 1 89 33 62 84 93 92
9 10 73 39 85 8 17 24 40 42 73 84 29 11 37 97 65 88 58 14 21 52 72 68 27 44 59 12 46 43 60 76 18 99 53 64 34 43 18 57 58 99 71 54 54 53 35 77 70 69
4 50 21 80 58 47 73 61 84 24 88 90 86 26 90 32 91 74 42 50 62 0 31 64 98 64 44 77 95 68 64 45 29 43 37 44 23 38 19 9 8 16 81 85 22 62 21 92 26 68
48 79 51 60 96 85 78 70 31 74 78 21 15 32 62 10 77 31 85 67 29 40 66 59 12 84 77 87 83 42 51 5 86 68 1 30 64 42 93 57 6 39 53 78 64 82 42 33 2 20
76 0 13 29 68 22 84 56 94 17 92 42 83 14 66 4 87 70 55 12 12 58 24 99 7 48 75 17 55 42 21 70 89 84 35 72 79 9 55 27 78 2 80 54 13 93 93 63 6 67
9 99 88 12 66 12 6 65 44 64 41 49 66 19 95 59 16 17 35 1 68 63 44 81 58 9 36 70 98 57 62 24 12 88 77 76 66 97 2 84 57 35 35 65 29 58 61 92 50 57
7 44 13 99 10 15 51 41 55 12 71 8 40 26 33 46 21 81 48 17 16 12 44 30 36 9 77 24 11 63 82 54 31 63 4 8 84 22 25 90 55 98 55 13 72 86 68 30 97 34
78 57 86 91 49 18 11 70 14 96 71 44 83 75 16 11 17 8 1 78 1 83 23 93 27 23 65 99 79 64 0 18 9 52 40 21 74 21 3 31 57 44 74 38 80 62 40 80 8 55
45 55 54 96 57 23 11 69 6 54 71 44 11 51 16 80 34 0 84 85 13 26 86 23 50 33 26 38 2 46 42 92 95 90 18 93 86 56 51 0 68 11 64 36 30 55 40 6 56 83
28 39 68 36 1 4 81 61 49 37 21 53 67 53 66 26 35 45 4 38 62 31 75 27 12 2 58 42 36 66 51 73 84 56 4 3 93 62 90 62 70 46 48 62 32 41 62 68 47 24
0 63 29 55 51 34 32 66 15 96 17 61 58 48 74 7 13 10 15 71 77 30 64 97 21 9 22 17 38 55 81 97 49 55 29 73 14 87 20 86 37 75 14 35 17 99 69 95 38 87
35 82 59 94 89 58 50 20 27 74 85 59 99 80 72 80 47 58 11 32 80 60 16 13 61 57 58 72 70 8 70 63 91 78 93 80 78 15 75 36 55 17 86 32 65 92 73 9 77 79
19 10 18 61 14 71 60 95 80 89 98 67 1 94 36 34 65 56 62 98 43 94 80 36 28 66 33 46 90 81 23 51 3 61 22 4 14 99 35 50 14 26 60 34 29 49 78 26 10 82
66 18 50 30 64 3 53 78 8 89 7 5 20 35 87 61 30 69 47 48 94 90 48 89 64 95 31 95 25 13 77 27 14 11 28 42 0 89 73 9 98 38 86 10 30 12 0 33 18 54
50 18 95 97 98 26 80 85 33 76 38 47 5 49 9 35 85 79 42 27 68 44 5 38 96 17 71 46 60 10 53 19 22 16 50 91 2 95 53 72 31 21 44 63 43 55 10 19 66 70
96 51 80 60 7 73 77 66 18 6 49 27 62 54 86 32 15 29 99 5 45 22 20 20 11 69 86 3 67 63 11 6 38 23 30 66 56 50 47 82 6 67 45 93 87 19 17 64 25 15
23 76 35 47 75 99 85 21 67 10 51 34 84 55 79 77 25 10 98 39 65 53 30 40 84 18 20 0 27 63 25 9 18 9 28 76 39 17 26 44 66 13 56 92 81 59 19 8 74 41
37 38 97 1 52 51 5 21 76 43 30 38 39 42 28 90 29 57 79 86 88 29 1 17 51 93 27 29 82 5 41 23 61 43 60 93 51 77 90 89 44 48 43 92 28 37 23 69 95 27
34 29 79 34 46 11 27 96 97 48 22 72 81 21 30 35 79 58 22 48 3 5 6 74 51 90 87 73 69 92 60 74 4 9 73 20 53 20 60 16 68 31 86 74 58 70 57 7 32 12
43 93 1 75 83 22 38 36 26 65 26 8 87 24 96 9 33 88 8 69 12 9 9 63 14 82 53 10 34 54 29 40 89 34 87 63 18 9 99 85 32 49 99 30 73 96 43 27 31 71
34 46 15 56 47 16 75 96 73 1 89 51 97 60 80 59 68 65 93 28 10 74 56 65 26 57 67 69 89 4 52 89 20 33 20 7 14 52 91 36 29 41 19 55 90 91 16 59 15 36
85 93 72 22 19 98 37 69 66 13 17 71 99 18 17 99 58 90 6 64 35 88 19 74 5 18 75 41 10 55 83 90 13 12 27 53 84 21 6 25 58 6 9 60 87 90 51 88 64 51
94 66 61 24 20 58 50 42 62 74 41 42 90 21 85 49 65 98 0 28 26 17 66 64 49 72 61 42 27 44 22 24 5 8 10 31 85 42 51 70 1 55 29 21 53 57 48 83 99 89
65 48 32 49 77 79 29 26 54 44 22 63 18 21 46 69 75 20 5 20 26 76 2 14 77 13 82 10 83 70 93 45 58 42 10 96 86 35 22 64 50 58 88 31 46 36 19 59 75 55
74 52 49 74 90 20 76 34 86 14 90 70 4 23 41 46 12 37 18 98 38 17 5 79 32 37 61 52 96 41 52 84 72 54 1 32 29 64 62 37 85 32 43 85 97 92 5 49 56 75
36 70 68 15 70 58 87 18 43 56 48 8 77 70 75 94 0 32 68 71 91 28 74 27 74 32 15 96 66 26 88 91 56 31 9 64 81 32 15 54 16 90 91 27 6 69 66 71 82 42
95 44 27 83 58 60 40 17 67 68 63 59 32 46 0 30 54 95 14 6 78 39 34 10 22 28 93 35 75 63 44 56 36 76 42 42 29 22 81 80 2 21 26 61 91 36 76 95 82 35
75 23 66 40 8 56 59 2 2 26 39 16 2 17 76 10 6 58 8 28 66 44 77 87 66 68 48 17 57 83 11 47 50 3 3 30 49 47 62 16 32 99 15 93 27 80 70 91 91 9
96 68 6 80 91 41 41 96 50 86 27 9 42 96 89 8 79 27 76 58 17 89 6 87 30 89 54 78 28 66 84 1 24 25 55 46 10 72 73 84 52 92 28 44 8 22 41 35 28 57
17 0 96 74 23 4 6 68 27 42 22 74 12 7 11 40 36 58 65 4 50 76 0 62 90 63 47 24 33 27 29 76 39 28 57 68 16 89 86 98 4 42 67 99 49 52 98 2 22 22
