2 20
0 0 1 2 3 4 5 6 7 8 9 9 10 11 12 13 14 15 15 16 17 18 19 19 20 20 21 21 22 23 24 25 26 27 27 28 28 29 29 30 30 31 31 32 33 34 35 36 37 38
39 40 1 2 3 41 5 6 7 8 42 42 10 11 12 43 14 44 45 45 17 18 46 47 47 48 49 49 22 23 24 25 26 50 51 52 53 53 54 55 55 56 57 32 33 58 35 36 37 38
39 59 60 61 61 41 62 62 63 64 64 65 65 66 66 43 67 44 68 68 69 70 71 71 72 48 73 73 74 75 75 76 77 50 51 78 79 79 54 80 81 56 57 82 82 58 83 84 85 85
86 59 60 87 87 88 89 89 63 90 91 92 93 94 95 95 96 96 97 97 69 70 98 99 72 100 101 101 74 102 102 76 77 103 103 78 104 105 106 80 81 107 108 108 109 109 83 84 110 110
86 111 112 113 113 88 114 115 116 90 91 92 93 94 117 117 118 119 120 121 122 123 98 124 124 100 125 126 127 128 128 129 130 130 131 132 104 133 106 134 135 107 136 136 137 137 138 139 139 140
141 141 112 142 142 143 114 115 116 144 144 145 145 146 147 147 118 119 148 121 122 149 150 150 151 152 125 153 127 154 154 129 155 155 131 156 156 133 157 134 158 158 159 159 160 161 161 162 163 164
165 166 166 167 167 168 169 169 170 171 172 173 173 146 174 174 175 175 148 176 176 149 177 177 151 178 179 153 180 180 181 182 182 183 183 184 185 186 187 187 188 188 189 190 190 191 191 162 163 164
192 192 193 194 194 168 195 195 170 171 172 196 197 197 198 199 199 200 200 201 201 202 202 203 203 178 179 204 204 205 205 206 206 207 207 184 185 208 208 209 209 210 189 211 211 212 213 214 215 215
216 217 217 218 218 219 220 220 221 221 222 196 223 223 198 224 224 225 225 226 226 227 228 229 230 231 231 232 232 233 233 234 234 235 236 237 237 238 239 240 241 210 242 243 244 212 213 214 245 246
216 247 248 249 250 219 251 251 252 253 254 254 255 256 256 257 257 258 259 260 260 227 228 229 261 261 262 263 264 265 265 266 266 235 236 267 268 268 239 240 241 269 242 243 270 271 272 272 245 246
273 273 248 249 274 274 275 275 252 276 277 277 255 278 279 279 280 280 259 281 281 282 283 283 284 284 262 263 264 285 286 286 287 288 289 290 290 291 292 293 293 269 294 294 270 271 295 295 296 296
297 297 298 298 299 300 300 301 301 276 302 302 303 278 304 305 306 306 307 308 308 282 309 310 310 311 312 313 314 285 315 315 316 288 317 317 318 291 319 319 320 320 321 322 322 323 323 324 324 325
326 326 327 327 328 329 330 331 332 333 333 334 303 335 336 305 337 338 338 339 340 340 309 341 341 342 312 313 314 343 344 345 316 346 347 348 318 349 350 351 352 352 321 353 353 354 355 356 357 325
358 359 360 360 328 329 330 361 332 362 363 334 364 364 336 365 337 366 366 367 367 368 368 369 369 342 370 371 371 343 344 372 372 346 373 348 374 349 350 351 375 376 376 377 377 354 355 356 378 378
358 379 379 380 381 381 382 361 383 383 363 384 385 386 387 387 388 389 390 391 391 392 393 393 394 394 370 395 396 397 398 398 399 399 373 400 400 401 401 402 402 403 404 404 405 406 406 407 408 409
410 411 411 380 412 413 414 414 415 416 417 384 385 418 418 419 388 389 390 420 420 421 421 422 423 423 424 424 396 397 425 426 427 427 428 429 429 430 431 432 432 433 433 434 435 436 437 407 408 438
410 439 439 440 412 413 441 442 442 416 417 443 444 444 445 419 446 447 448 449 450 451 451 422 452 452 453 454 454 455 455 426 456 456 428 457 457 430 431 458 458 459 460 460 435 436 437 461 461 438
462 463 464 440 465 465 441 466 466 467 467 443 468 468 445 469 446 447 470 449 450 471 471 472 472 473 453 474 475 475 476 476 477 478 479 479 480 480 481 482 483 483 484 485 485 486 486 487 488 488
462 463 464 489 490 491 492 492 493 493 494 494 495 496 496 469 497 498 470 499 499 500 501 502 503 504 504 474 505 505 506 507 507 478 508 509 509 510 481 511 512 512 484 513 514 514 515 487 516 517
518 519 519 489 490 491 520 521 522 522 523 524 495 525 526 526 497 498 527 527 528 500 501 502 503 529 530 530 531 531 506 532 533 534 534 535 536 536 537 511 538 538 539 513 540 540 515 541 516 517
518 542 542 543 543 544 520 521 545 546 523 524 547 547 548 548 549 550 550 551 552 553 554 554 555 556 557 557 558 558 559 532 533 560 560 535 561 561 562 563 564 564 539 565 566 567 567 541 568 569
570 570 571 572 573 574 575 576 545 546 577 578 579 579 580 580 549 581 582 551 552 553 583 583 555 556 584 585 586 586 559 587 588 588 589 589 590 590 562 563 591 592 592 565 593 594 595 596 568 569
597 598 598 572 573 574 575 576 599 600 577 601 601 602 603 603 604 604 582 605 606 606 607 607 608 609 584 585 610 611 611 587 612 613 613 614 614 615 616 616 591 617 618 618 593 594 595 596 619 620
621 622 623 624 624 625 625 626 626 600 627 628 628 629 630 630 631 632 632 605 633 634 635 636 637 609 638 638 639 640 641 642 612 643 644 645 646 647 647 648 648 617 649 649 650 650 651 652 652 620
621 622 623 653 653 654 654 655 655 656 627 657 657 629 658 659 631 660 660 661 633 634 635 636 637 662 663 663 639 640 641 642 664 665 644 645 646 666 666 667 667 668 668 669 669 670 651 671 671 672
673 673 674 674 675 676 677 678 678 679 680 681 682 683 658 659 684 684 685 685 686 686 687 687 688 689 689 690 691 691 692 692 664 665 693 693 694 694 695 696 696 697 697 698 698 670 699 699 700 700
701 702 702 703 703 676 677 704 704 679 705 681 682 683 706 707 708 709 710 711 711 712 713 714 688 715 715 690 716 716 717 718 718 719 719 720 720 721 695 722 722 723 723 724 725 725 726 726 727 728
701 729 729 730 731 732 732 733 733 734 705 735 736 736 737 707 708 709 710 738 738 712 713 714 739 740 740 741 742 743 717 744 744 745 745 746 746 721 747 747 748 749 749 724 750 751 751 752 752 728
753 753 754 754 731 755 756 757 758 758 759 735 760 760 737 761 761 762 763 764 764 765 765 766 739 767 768 741 742 743 769 769 770 771 772 773 774 774 775 775 748 776 777 777 778 779 779 780 781 781
782 782 783 783 784 755 756 785 786 786 759 787 787 788 789 789 790 762 791 791 792 793 793 766 794 767 768 795 795 796 796 797 797 771 772 798 798 799 800 800 801 776 802 802 778 803 803 804 805 805
806 807 808 808 784 809 809 785 810 810 811 812 812 813 813 814 814 815 816 816 792 817 817 818 818 819 820 820 821 821 822 823 823 824 824 825 825 799 826 827 828 828 829 830 831 832 832 804 833 833
806 834 835 836 836 837 838 838 839 839 840 841 842 843 844 844 845 845 846 847 848 848 849 850 851 819 852 853 854 854 822 855 856 857 858 859 859 860 860 827 861 861 862 830 863 863 864 864 865 865
866 834 867 867 868 868 869 870 871 871 840 841 842 872 873 874 874 875 846 847 876 877 878 850 851 879 879 853 880 881 882 883 856 857 858 884 885 886 886 887 888 888 862 889 890 891 892 893 893 894
895 895 896 897 897 898 869 899 899 900 901 902 903 872 873 904 904 875 905 905 876 877 878 906 907 908 909 910 880 881 882 883 911 912 912 884 885 913 913 887 914 914 915 889 890 891 916 917 917 894
918 918 896 919 919 898 920 921 921 900 901 902 903 922 923 924 924 925 926 926 927 928 929 929 907 908 909 910 930 931 932 932 933 933 934 935 936 937 937 938 939 940 915 941 941 942 916 943 943 944
945 946 946 947 947 948 920 949 949 950 950 951 951 922 952 952 953 953 954 954 927 955 955 956 956 957 957 958 930 931 959 960 960 961 934 935 936 962 963 938 939 940 964 964 965 942 966 967 968 969
945 970 971 971 972 972 973 974 974 975 976 976 977 977 978 978 979 980 981 981 982 982 983 983 984 984 985 958 986 986 959 987 988 961 989 990 991 962 963 992 992 993 994 995 996 997 966 967 968 969
998 999 1000 1001 1001 1002 1002 1003 1003 975 1004 1004 1005 1005 1006 1006 979 980 1007 1007 1008 1009 1009 1010 1010 1011 1012 1013 1014 1014 1015 987 988 1016 989 990 991 1017 1018 1019 1019 993 994 995 996 1020 1020 1021 1021 1022
998 999 1023 1024 1024 1025 1026 1027 1028 1029 1030 1031 1032 1033 1034 1034 1035 1035 1036 1037 1008 1038 1039 1039 1040 1041 1012 1042 1042 1043 1043 1044 1045 1045 1046 1047 1047 1017 1018 1048 1048 1049 1050 1050 1051 1052 1052 1053 1053 1022
1054 1054 1023 1055 1056 1025 1057 1027 1028 1058 1030 1059 1032 1033 1060 1061 1062 1062 1036 1063 1064 1065 1065 1066 1067 1041 1068 1069 1070 1070 1071 1044 1072 1073 1046 1074 1074 1075 1076 1077 1078 1078 1079 1079 1051 1080 1081 1082 1083 1083
1084 1085 1085 1055 1056 1086 1057 1087 1087 1058 1088 1059 1089 1089 1060 1061 1090 1091 1091 1063 1064 1092 1093 1066 1067 1094 1068 1069 1095 1096 1071 1097 1072 1073 1098 1099 1099 1100 1076 1077 1101 1101 1102 1102 1103 1080 1081 1104 1104 1105
1106 1107 1107 1108 1108 1086 1109 1109 1110 1111 1111 1112 1113 1114 1114 1115 1116 1116 1117 1118 1118 1092 1093 1119 1120 1094 1121 1121 1122 1096 1123 1097 1124 1125 1098 1126 1127 1100 1128 1128 1129 1129 1130 1130 1103 1131 1132 1132 1133 1105
1106 1134 1134 1135 1135 1136 1137 1137 1110 1138 1138 1112 1113 1139 1140 1141 1141 1142 1143 1144 1145 1145 1146 1147 1120 1148 1149 1149 1122 1150 1151 1151 1152 1125 1153 1126 1127 1154 1155 1156 1156 1157 1158 1158 1159 1131 1160 1160 1161 1161
1162 1162 1163 1163 1164 1136 1165 1166 1167 1168 1168 1169 1169 1139 1170 1171 1171 1142 1143 1172 1173 1174 1174 1147 1175 1148 1176 1176 1177 1177 1178 1178 1152 1179 1179 1180 1180 1181 1155 1182 1182 1157 1183 1184 1159 1185 1186 1187 1188 1188
1189 1189 1190 1190 1164 1191 1165 1166 1167 1192 1192 1193 1194 1195 1170 1196 1197 1198 1198 1172 1199 1200 1201 1201 1175 1202 1203 1204 1204 1205 1206 1207 1208 1208 1209 1209 1210 1181 1211 1211 1212 1212 1183 1213 1214 1185 1186 1215 1216 1216
1217 1218 1219 1219 1220 1191 1221 1221 1222 1222 1223 1224 1194 1225 1225 1196 1197 1226 1227 1228 1199 1200 1229 1229 1230 1230 1203 1231 1232 1205 1206 1207 1233 1234 1234 1235 1235 1236 1237 1238 1238 1239 1239 1213 1214 1240 1241 1215 1242 1242
1217 1218 1243 1243 1244 1244 1245 1245 1246 1246 1223 1224 1247 1248 1249 1250 1251 1226 1227 1228 1252 1252 1253 1253 1254 1255 1256 1256 1232 1257 1258 1258 1233 1259 1259 1260 1261 1236 1237 1262 1262 1263 1264 1264 1265 1240 1266 1266 1267 1267
1268 1269 1270 1270 1271 1271 1272 1273 1274 1274 1275 1276 1276 1248 1249 1250 1277 1277 1278 1278 1279 1279 1280 1280 1254 1281 1281 1282 1282 1257 1283 1283 1284 1285 1285 1260 1261 1286 1286 1287 1288 1288 1289 1290 1291 1291 1292 1293 1293 1294
1268 1269 1295 1296 1297 1297 1272 1298 1298 1299 1299 1300 1301 1302 1303 1303 1304 1305 1305 1306 1306 1307 1308 1309 1310 1311 1312 1313 1313 1314 1315 1315 1284 1316 1317 1317 1318 1318 1319 1320 1320 1321 1289 1290 1322 1323 1292 1324 1325 1325
1326 1326 1295 1296 1327 1327 1328 1328 1329 1330 1330 1300 1301 1302 1331 1331 1304 1332 1332 1333 1333 1307 1308 1309 1310 1311 1312 1334 1334 1314 1335 1335 1336 1337 1337 1338 1338 1339 1339 1340 1340 1341 1341 1342 1322 1323 1343 1343 1344 1344
69 89 33 44 0 32 34 19 22 63 19 53 90 31 99 35 36 35 66 27 90 4 6 75 30 36 75 86 94 73 57 45 67 29 66 5 78 56 65 25 50 70 66 19 57 34 92 84 74 85
52 54 93 17 97 1 90 35 43 40 42 66 55 96 25 83 42 98 78 48 3 51 96 99 36 0 59 68 81 16 51 53 32 66 60 77 42 48 21 35 91 46 52 60 1 22 4 7 11 67
85 46 91 62 8 43 77 33 72 96 8 42 4 39 64 61 86 8 52 79 81 55 38 60 7 43 23 34 82 4 13 77 87 56 72 94 25 69 83 78 33 75 22 15 96 89 35 48 47 70
74 32 26 66 10 37 74 69 58 88 15 76 50 9 50 77 97 56 64 87 60 22 9 8 63 19 46 48 67 24 50 67 88 25 17 98 33 40 12 79 60 25 7 39 2 99 16 36 64 18
2 86 12 60 82 96 93 63 7 43 55 51 31 80 83 61 71 40 10 48 57 50 13 40 16 55 27 48 2 58 95 93 32 43 50 93 6 25 71 55 36 53 92 97 75 88 78 8 52 46
98 52 56 88 74 18 31 92 39 54 58 58 71 90 36 6 2 60 71 69 53 53 69 88 82 20 95 58 27 84 32 29 61 99 86 70 45 56 50 73 81 73 8 30 72 93 84 60 76 49
67 83 52 21 76 21 28 37 61 93 92 92 40 20 37 70 26 42 12 23 37 10 12 22 86 82 3 34 93 87 16 79 76 49 50 26 17 44 44 4 28 73 79 27 73 20 86 79 98 50
88 71 46 28 93 99 10 80 39 98 31 85 12 53 46 15 61 82 69 24 72 52 68 94 99 84 55 25 50 17 31 68 64 13 20 80 29 41 94 79 81 19 85 79 39 31 47 29 93 39
79 38 95 29 36 41 73 94 49 12 9 82 71 91 79 12 41 15 79 5 88 81 19 84 61 0 88 47 40 26 19 5 79 87 38 43 0 95 18 9 38 12 84 28 70 69 25 21 14 37
66 56 48 48 95 30 45 77 79 32 11 45 36 32 8 82 74 82 60 58 82 13 50 97 21 74 27 70 40 78 68 11 40 91 64 3 29 62 92 91 86 75 99 89 8 38 84 90 7 23
50 29 98 51 61 54 25 39 80 31 84 45 42 80 49 77 64 57 40 70 99 50 79 8 14 12 18 84 40 31 36 22 58 88 76 38 67 51 2 35 7 2 43 57 93 50 74 11 97 10
24 17 49 89 88 86 5 58 62 82 62 97 20 79 37 46 82 60 96 3 7 69 32 77 81 38 4 58 54 14 54 73 69 8 42 88 84 91 21 5 95 11 77 81 96 23 44 19 47 85
1 74 30 50 28 94 58 38 78 6 14 47 99 23 32 83 39 88 14 59 74 63 60 17 96 70 89 55 90 66 58 2 97 32 4 74 48 24 39 45 94 69 41 74 28 4 47 87 30 22
16 22 37 13 57 52 21 89 56 1 42 74 15 24 67 79 77 83 87 92 23 22 66 49 29 33 58 48 34 10 55 62 62 72 39 92 99 31 72 62 2 97 9 76 32 23 82 34 55 10
60 15 27 82 61 42 18 8 25 56 37 8 94 13 69 66 83 41 90 19 55 20 3 46 59 60 41 0 16 72 4 8 99 32 10 40 29 31 72 20 30 62 39 78 3 77 37 94 71 15
71 26 70 26 20 61 63 19 83 87 7 37 30 72 28 41 8 90 55 38 36 0 45 53 60 5 11 92 81 17 31 34 35 83 66 29 73 57 30 97 66 45 37 34 51 74 37 74 50 63
33 17 88 57 35 40 20 10 69 41 77 88 96 87 56 52 9 22 87 78 49 16 15 33 63 50 13 27 66 68 85 16 96 79 29 60 94 39 87 71 69 3 24 79 1 36 93 95 82 29
84 40 99 60 32 29 66 5 26 34 46 33 56 54 68 44 6 47 24 79 12 81 77 63 92 4 36 32 73 94 39 34 18 74 99 68 68 78 25 88 69 39 12 85 5 35 2 75 84 19
16 87 72 88 74 58 81 10 63 4 46 78 99 78 43 6 23 76 60 44 47 6 74 24 68 81 83 55 85 30 7 97 99 55 98 17 99 38 79 2 38 47 51 71 83 20 63 14 76 93
70 52 31 69 3 39 62 78 96 36 92 59 0 13 17 38 81 88 76 29 98 66 75 33 4 74 94 46 2 39 22 91 45 25 54 96 84 29 16 10 5 83 26 15 79 76 10 89 56 4
64 96 16 98 90 76 60 69 61 32 2 86 19 21 57 40 65 62 49 3 56 9 46 21 85 2 76 24 78 36 32 85 4 63 41 28 90 75 76 74 75 79 85 0 9 3 76 15 23 68
18 85 39 39 42 47 91 5 1 48 20 60 75 18 12 94 19 79 70 21 50 6 57 74 30 23 79 57 51 47 81 63 66 13 40 5 36 91 41 87 34 36 72 16 13 52 26 20 56 4
8 2 15 76 39 13 82 64 60 82 36 27 60 91 22 53 7 80 49 19 90 87 55 51 84 33 83 12 72 92 95 40 72 76 34 59 37 20 15 38 32 32 74 23 46 19 85 4 50 96
67 76 20 19 84 91 46 55 58 81 64 43 78 76 36 65 55 94 60 4 9 38 36 4 91 30 56 42 63 8 11 48 90 74 96 70 18 3 61 40 1 16 57 34 43 69 18 62 53 67
1 25 70 88 45 81 20 11 87 1 49 30 14 33 89 62 26 52 38 88 44 80 79 73 20 4 5 1 3 86 52 9 31 92 33 94 4 52 8 96 66 45 22 46 35 85 10 59 87 22
69 1 20 31 75 96 43 40 0 42 21 9 23 53 8 52 32 83 39 51 35 3 67 25 50 29 2 13 52 50 7 74 76 15 84 97 29 78 48 69 95 71 87 27 58 84 73 79 96 66
56 18 44 57 47 20 7 71 91 65 22 36 66 26 39 72 70 6 90 31 21 93 3 77 35 15 77 15 70 46 44 81 27 33 23 64 15 30 6 53 73 4 31 35 1 55 37 32 55 2
56 43 93 0 64 12 20 79 74 18 37 37 79 29 13 97 43 20 9 32 18 51 81 20 84 35 39 95 5 38 76 13 12 17 50 21 70 73 28 79 25 22 92 55 56 88 21 62 5 56
98 31 52 29 45 12 36 34 10 91 2 40 69 73 78 31 3 47 63 98 72 59 86 99 87 60 54 53 36 23 59 10 48 61 7 2 11 94 14 35 47 53 76 70 2 64 84 18 33 92
30 34 3 8 5 11 51 63 94 91 77 49 2 68 29 53 26 23 12 81 78 26 88 67 59 46 99 61 56 13 31 44 94 87 38 17 87 33 54 68 84 94 94 37 55 87 14 48 58 86
3 19 84 20 62 25 75 92 62 47 31 22 88 84 20 89 6 13 78 97 72 14 95 71 11 63 46 72 12 73 57 4 54 50 85 26 20 99 73 34 89 77 69 45 82 32 53 98 43 8
46 93 96 29 97 23 62 3 95 26 0 8 1 77 43 41 15 78 6 69 11 2 36 53 12 17 71 97 16 17 50 80 41 48 1 39 51 10 19 87 72 32 68 62 75 17 88 98 73 94
26 98 50 63 49 19 28 70 76 39 30 27 48 0 88 97 5 40 27 73 76 89 67 14 42 51 53 31 59 63 62 19 22 27 32 31 89 45 45 64 8 66 89 42 30 12 29 1 85 15
21 71 74 8 9 37 20 17 72 88 32 30 86 12 22 81 92 74 36 29 11 77 2 40 75 79 73 86 46 58 82 87 77 84 68 76 30 83 68 87 44 97 61 88 32 30 70 35 41 14
76 87 21 28 90 79 27 57 53 20 26 49 83 4 88 65 5 64 21 24 18 73 96 99 14 49 44 15 85 0 89 16 78 68 50 89 97 91 56 85 15 84 71 32 75 82 48 86 24 83
31 0 5 53 86 3 25 58 50 49 78 13 12 20 0 34 5 55 60 68 13 46 11 51 78 99 47 2 7 80 38 36 55 14 7 84 4 80 21 39 3 5 1 69 19 62 35 90 55 27
93 38 21 82 45 39 16 1 3 39 38 36 82 80 33 25 57 8 46 24 64 81 7 85 99 87 3 71 87 33 63 88 21 73 90 90 14 79 15 47 58 41 83 82 53 28 46 53 76 12
6 32 76 95 60 79 87 61 14 12 87 46 88 35 41 90 67 92 33 71 96 88 68 89 56 52 79 12 90 40 77 90 30 44 9 66 44 92 72 63 52 28 56 95 17 32 58 76 11 34
24 44 97 35 70 78 37 96 0 59 25 37 22 73 1 41 93 33 39 64 57 1 82 28 99 96 99 58 58 46 12 79 94 31 27 51 60 63 38 68 73 0 76 4 93 9 53 76 75 43
6 73 78 48 70 76 50 0 43 41 2 24 85 68 5 39 79 28 47 3 69 24 19 9 24 94 49 11 14 64 69 69 56 73 81 68 58 0 6 44 6 32 69 0 62 19 50 1 70 16
83 31 48 61 77 12 99 26 58 19 56 15 90 64 49 75 77 26 68 57 75 41 40 21 10 9 81 12 17 18 56 86 77 37 38 38 84 96 11 0 75 86 72 98 37 24 91 88 25 33
64 50 18 3 81 67 86 4 27 88 26 82 83 85 83 22 11 96 50 60 37 70 31 74 49 6 32 60 93 76 8 34 46 25 18 6 22 37 19 71 5 41 1 15 1 86 26 75 71 0
50 86 91 45 47 26 63 28 88 11 51 17 57 28 18 58 50 30 4 53 42 63 11 74 88 63 26 3 80 28 64 72 86 89 75 52 49 59 4 63 67 66 2 77 37 92 35 70 0 65
95 37 21 44 79 54 42 97 30 46 11 40 33 5 69 79 19 53 45 71 83 50 25 31 51 13 4 56 86 33 82 31 96 15 74 57 76 70 1 78 37 37 9 7 4 26 33 85 81 17
17 57 94 92 11 91 80 33 53 16 17 57 85 67 88 13 41 60 58 77 10 57 65 65 67 63 86 81 19 44 52 71 61 84 11 3 90 28 6 66 48 93 49 55 74 96 76 50 13 41
58 60 4 73 29 50 67 91 80 61 27 19 43 82 75 7 19 7 84 99 9 30 8 76 73 54 96 92 46 73 87 43 40 11 53 94 25 50 16 85 95 93 66 26 20 32 15 55 77 57
72 44 44 95 24 27 47 27 67 90 15 34 12 83 39 16 56 10 47 16 11 31 94 1 4 42 51 81 38 87 12 59 94 38 53 45 24 33 68 65 86 53 88 87 57 66 46 87 63 44
19 1 69 84 6 96 19 41 58 99 32 48 97 44 52 25 35 51 61 17 64 54 95 37 22 36 31 45 10 79 78 91 38 17 62 92 67 59 22 91 22 78 29 58 54 46 20 22 64 8
74 90 26 47 44 72 19 29 81 53 80 23 31 53 58 39 56 81 46 34 13 83 17 40 53 54 99 79 21 31 16 95 0 41 59 5 33 45 38 94 14 75 57 35 60 73 88 90 60 14
92 4 98 92 9 86 47 9 34 29 71 26 95 0 61 62 34 3 83 98 97 73 6 42 84 11 10 73 67 89 19 52 98 65 74 2 20 57 99 27 12 11 27 27 93 27 57 20 98 76
