16 2
0 0 1 2 3 4 5 5 6 6 7 7 8 9 9 10 10 11 12 13 14 14 15 15 16 17 17 18 18 19 19 20 21 22 23 24 25 25 26 27 28 29 29 30 31 31 32 33 33 34
35 36 1 2 3 4 37 37 38 38 39 40 41 41 42 43 44 44 12 13 45 45 46 46 16 47 48 48 49 50 51 51 21 22 23 24 52 53 54 27 28 55 55 56 57 57 58 59 59 34
35 36 60 60 61 62 62 63 63 64 39 40 65 66 42 43 67 68 68 69 69 70 71 71 72 47 73 74 49 50 75 75 76 77 77 78 52 53 54 79 80 80 81 56 82 82 58 83 84 85
86 87 87 88 89 90 91 92 92 93 94 94 95 66 96 97 67 98 99 100 101 70 102 102 72 103 73 74 104 105 106 106 76 107 108 108 109 110 110 111 111 112 81 113 113 114 114 83 84 85
86 115 115 88 89 90 116 116 117 93 118 119 95 120 120 97 121 98 99 100 122 123 124 125 125 126 126 127 104 105 128 128 129 130 131 132 132 133 133 134 134 112 135 135 136 137 137 138 138 139
140 140 141 141 142 143 144 145 117 146 118 119 147 147 148 148 121 149 149 150 122 123 151 151 152 153 154 154 155 155 156 157 157 130 158 158 159 160 161 162 163 164 164 165 136 166 167 168 168 139
169 169 170 171 142 143 144 145 172 146 173 173 174 175 176 177 178 178 179 150 180 181 181 182 152 153 183 184 184 185 156 186 187 187 188 188 159 160 161 162 163 189 189 165 190 166 167 191 192 193
194 194 170 195 196 196 197 197 172 198 199 200 174 175 176 201 202 203 204 205 180 206 207 207 208 209 210 210 211 185 212 213 214 215 216 217 217 218 219 220 221 222 222 223 190 224 225 191 192 193
226 227 227 195 228 229 229 230 231 198 199 200 232 233 233 201 202 203 204 205 234 206 235 235 208 209 236 236 237 238 238 213 239 215 216 240 241 218 219 220 242 242 243 244 244 245 225 246 247 247
248 249 250 250 228 251 252 253 231 254 254 255 256 257 258 259 260 261 262 263 234 264 265 265 266 267 268 268 237 269 269 270 239 271 271 240 241 272 273 273 274 274 243 275 276 245 277 278 279 279
248 280 281 281 282 282 252 253 283 283 284 284 256 257 258 259 285 261 262 286 287 288 289 289 266 267 290 290 291 292 292 270 293 294 295 296 296 272 297 298 299 300 301 275 302 302 277 278 303 304
305 280 306 306 307 308 308 309 309 310 311 312 312 313 313 314 285 315 316 286 287 288 317 318 318 319 320 320 291 321 322 322 293 294 323 324 325 325 297 298 299 300 301 326 327 328 329 330 303 304
305 331 331 332 307 333 334 334 335 335 311 336 337 338 338 314 339 315 316 340 340 341 317 342 343 344 345 345 346 346 347 347 348 349 323 324 350 351 352 353 353 354 354 326 327 328 329 355 356 356
357 357 358 359 359 333 360 361 362 362 363 336 337 364 365 366 366 367 367 368 368 341 369 342 343 344 370 370 371 372 372 373 348 374 374 375 350 351 352 376 376 377 378 378 379 379 380 355 381 382
383 383 384 385 386 386 360 361 387 388 363 389 389 364 390 390 391 391 392 393 394 395 369 396 396 397 398 398 371 399 399 373 400 401 402 402 403 404 404 405 405 377 406 406 407 408 408 409 381 382
410 410 384 385 411 411 412 412 387 388 413 413 414 415 415 416 417 418 392 393 394 395 419 420 420 397 421 421 422 422 423 424 400 401 425 425 403 426 426 427 427 428 428 429 407 430 431 409 432 432
433 434 435 436 437 438 438 439 440 441 442 442 414 443 444 444 417 418 445 446 446 447 419 448 449 450 450 451 451 452 453 424 454 455 455 456 457 458 459 460 461 461 462 463 463 430 431 464 465 465
433 434 435 436 437 466 467 439 440 441 468 469 470 443 471 472 473 474 445 475 476 447 477 478 449 479 480 481 481 452 453 482 454 483 483 456 457 458 484 460 485 485 486 486 487 487 488 464 489 489
490 490 491 492 492 466 467 493 494 495 468 469 496 497 471 472 473 474 498 475 476 499 499 478 500 479 480 501 502 503 503 482 504 505 505 506 506 507 484 508 508 509 509 510 511 511 512 513 514 514
515 516 517 517 518 519 519 493 494 495 520 521 496 522 523 524 525 526 527 527 528 528 529 530 531 532 532 533 502 534 535 535 504 536 537 538 538 507 539 540 540 541 541 510 542 543 512 513 544 544
515 545 545 546 518 547 547 548 549 550 520 521 551 522 523 524 525 526 552 553 553 554 555 530 531 556 557 533 558 558 559 559 560 536 561 562 563 563 539 564 565 566 567 567 542 568 568 569 570 571
572 573 573 574 574 575 575 548 549 576 576 577 577 578 579 580 581 582 552 583 583 554 555 584 584 556 557 585 586 587 587 588 560 589 561 590 590 591 591 564 565 592 592 593 594 594 595 569 570 571
572 596 597 597 598 598 599 600 601 601 602 602 603 578 579 604 581 582 605 605 606 607 608 609 609 610 610 585 586 611 611 588 612 589 613 613 614 614 615 615 616 617 618 593 619 619 595 620 620 621
622 623 623 624 624 625 599 600 626 627 628 628 603 629 629 604 630 630 631 632 606 607 608 633 633 634 635 635 636 636 637 638 638 639 639 640 641 641 642 643 616 617 618 644 645 645 646 647 648 648
622 649 650 650 651 625 652 653 653 627 654 654 655 656 657 657 658 659 631 632 660 661 662 663 663 664 665 666 667 668 668 669 669 670 671 640 672 673 642 674 675 675 676 677 678 678 646 679 679 680
681 649 682 682 651 683 652 684 685 686 687 687 655 688 688 689 658 690 691 692 660 661 662 693 693 664 665 666 694 695 696 697 697 670 698 699 672 673 700 674 701 701 702 677 703 703 704 705 705 706
707 708 708 709 709 683 710 710 685 686 711 712 712 713 714 715 716 690 691 692 717 718 719 719 720 720 721 722 694 695 723 724 725 726 698 699 727 727 728 728 729 729 702 730 730 731 731 732 733 706
707 734 734 735 735 736 736 737 738 738 711 739 740 741 714 715 716 742 742 743 717 718 744 745 746 746 721 722 747 748 723 724 725 726 749 750 750 751 751 752 752 753 753 754 754 755 756 732 733 757
758 759 760 760 761 762 762 737 763 763 764 739 740 741 765 766 767 768 769 743 770 770 744 745 771 772 772 773 773 748 774 774 775 776 776 777 778 778 779 780 780 781 781 782 782 755 756 783 783 784
758 785 785 786 787 788 788 789 790 790 764 791 792 792 765 766 767 768 769 793 794 794 795 795 796 797 797 798 799 800 800 801 801 802 803 803 804 804 805 805 806 806 807 807 808 808 809 810 811 784
812 813 813 786 787 814 815 815 816 817 818 819 819 820 820 821 821 822 822 793 823 823 824 824 796 825 826 798 827 827 828 828 829 830 830 831 832 833 833 834 834 835 835 836 837 837 809 810 838 838
839 840 840 841 841 814 842 843 843 817 844 844 845 846 846 847 847 848 849 850 851 851 852 853 853 825 854 854 855 856 857 858 858 859 859 831 832 860 861 861 862 863 864 865 865 866 867 867 868 869
839 870 870 871 872 872 842 873 874 874 875 876 876 877 878 878 879 848 849 850 880 880 852 881 882 883 883 884 855 856 857 885 885 886 887 888 889 860 890 890 862 891 864 892 893 893 894 895 868 869
896 896 897 871 898 898 899 873 900 901 901 902 902 877 903 903 879 904 904 905 905 906 906 881 907 907 908 908 909 910 910 911 912 886 887 888 889 913 913 914 914 891 915 892 916 916 894 895 917 917
918 918 897 919 920 920 899 921 900 922 922 923 923 924 924 925 926 927 927 928 928 929 930 931 931 932 933 934 909 935 936 911 937 938 939 939 940 941 942 943 943 944 944 945 945 946 947 948 948 949
950 951 952 919 953 954 955 921 956 957 958 959 960 961 961 925 926 962 963 964 965 929 966 966 967 932 968 934 969 935 970 971 937 972 972 973 974 941 975 975 976 977 978 978 979 946 947 980 981 981
950 951 982 983 953 954 955 984 985 957 958 959 960 986 987 987 988 989 963 964 965 990 990 991 992 993 968 994 994 995 970 996 996 997 998 973 974 999 1000 1000 976 977 1001 1002 979 1003 1004 1005 1005 1006
1007 1008 982 983 1009 1009 1010 1011 985 1012 1013 1014 1015 986 1016 1016 988 989 1017 1017 1018 1019 1019 991 992 1020 1020 1021 1022 1022 1023 1023 1024 997 1025 1025 1026 999 1027 1027 1028 1029 1001 1030 1031 1003 1032 1032 1033 1006
1007 1008 1034 1034 1035 1035 1036 1011 1037 1037 1013 1014 1015 1038 1038 1039 1039 1040 1040 1041 1042 1042 1043 1043 1044 1044 1045 1046 1047 1047 1048 1049 1049 1050 1051 1052 1053 1053 1054 1055 1028 1029 1056 1030 1031 1057 1057 1058 1058 1059
1060 1060 1061 1061 1062 1062 1036 1063 1064 1064 1065 1066 1067 1068 1069 1069 1070 1070 1071 1041 1072 1072 1073 1073 1074 1074 1045 1046 1075 1075 1048 1076 1076 1050 1051 1052 1077 1078 1054 1055 1079 1080 1080 1081 1082 1083 1083 1084 1084 1085
1086 1087 1087 1088 1089 1090 1091 1091 1092 1093 1094 1066 1067 1095 1095 1096 1097 1097 1098 1098 1099 1100 1101 1102 1103 1103 1104 1104 1105 1106 1106 1107 1107 1108 1109 1110 1077 1078 1111 1112 1079 1113 1114 1081 1082 1115 1115 1116 1117 1085
1086 1118 1119 1088 1089 1090 1120 1121 1092 1122 1094 1123 1124 1125 1125 1096 1126 1126 1127 1127 1128 1100 1101 1129 1129 1130 1131 1131 1105 1132 1133 1133 1134 1134 1109 1110 1135 1135 1111 1136 1137 1138 1114 1139 1140 1140 1141 1116 1117 1142
1143 1118 1119 1144 1145 1146 1120 1147 1148 1122 1149 1149 1124 1150 1151 1151 1152 1153 1154 1155 1128 1156 1156 1157 1157 1158 1159 1160 1161 1161 1162 1162 1163 1163 1164 1165 1166 1167 1168 1136 1137 1138 1169 1139 1170 1171 1172 1172 1173 1142
1143 1174 1175 1144 1176 1146 1177 1147 1148 1178 1179 1179 1180 1150 1181 1181 1152 1153 1182 1155 1183 1183 1184 1184 1185 1158 1159 1186 1186 1187 1188 1188 1189 1190 1164 1165 1166 1191 1168 1192 1192 1193 1193 1194 1195 1171 1196 1197 1173 1198
1199 1199 1175 1200 1176 1201 1177 1202 1203 1203 1204 1204 1180 1205 1205 1206 1206 1207 1182 1208 1208 1209 1209 1210 1210 1211 1212 1212 1213 1187 1214 1215 1189 1216 1216 1217 1218 1191 1219 1220 1220 1221 1222 1194 1195 1223 1196 1197 1224 1198
1225 1225 1226 1200 1227 1227 1228 1228 1229 1229 1230 1231 1232 1233 1234 1234 1235 1207 1236 1236 1237 1238 1239 1240 1241 1242 1243 1244 1213 1245 1214 1215 1246 1246 1247 1217 1248 1248 1249 1249 1250 1221 1222 1251 1252 1252 1253 1254 1254 1255
1256 1257 1258 1259 1259 1260 1261 1262 1262 1263 1230 1231 1264 1233 1265 1266 1235 1267 1268 1268 1237 1269 1239 1240 1241 1242 1270 1244 1271 1245 1272 1272 1273 1273 1247 1274 1275 1275 1276 1276 1250 1277 1277 1251 1278 1279 1253 1280 1280 1281
1256 1257 1258 1282 1283 1284 1261 1285 1286 1287 1287 1288 1264 1289 1265 1266 1290 1267 1291 1292 1292 1269 1293 1293 1294 1294 1270 1295 1271 1296 1296 1297 1297 1298 1298 1299 1299 1300 1301 1301 1302 1303 1304 1305 1278 1279 1306 1306 1307 1281
1308 1309 1309 1282 1283 1284 1310 1311 1286 1312 1313 1313 1314 1315 1315 1316 1316 1317 1291 1318 1319 1320 1321 1321 1322 1322 1323 1295 1324 1325 1325 1326 1326 1327 1328 1328 1329 1330 1330 1331 1331 1303 1304 1332 1333 1333 1334 1335 1336 1336
1308 1337 1337 1338 1338 1339 1310 1311 1340 1341 1341 1342 1342 1343 1344 1344 1345 1317 1346 1346 1319 1347 1347 1348 1348 1349 1349 1350 1324 1351 1351 1352 1353 1353 1354 1354 1355 1355 1356 1357 1357 1358 1358 1332 1359 1359 1334 1335 1360 1360
9 0 61 15 9 54 52 48 7 23 26 79 49 89 2 81 6 77 3 75 83 8 87 4 12 14 29 66 85 79 61 78 2 95 65 72 11 72 68 59 64 45 4 49 54 29 24 0 8 97
93 28 73 85 15 31 66 23 60 89 75 2 41 77 44 39 21 92 38 14 75 81 59 31 39 10 24 70 41 86 59 57 17 14 32 62 38 53 9 57 54 12 99 0 78 73 65 60 78 50
76 41 1 64 19 83 45 87 57 43 72 1 41 94 35 84 95 82 27 98 65 95 48 21 2 79 75 34 25 5 43 47 62 82 31 30 70 37 9 85 20 78 24 15 97 74 40 64 50 91
87 95 8 86 80 70 88 86 62 88 10 12 15 19 70 35 52 35 99 33 4 54 54 55 36 49 59 40 5 75 57 35 5 10 18 39 20 86 95 75 46 99 64 32 15 62 3 74 22 84
63 16 94 29 34 77 71 27 94 84 11 54 64 59 8 33 92 2 28 51 36 15 79 66 22 93 33 82 79 53 81 92 40 66 57 18 59 24 99 7 44 7 24 56 10 28 52 48 22 61
5 93 90 75 44 80 4 70 99 49 92 39 79 17 93 87 46 57 39 86 77 31 26 67 55 14 41 83 80 26 45 68 14 2 56 18 35 78 32 8 11 53 64 44 42 99 1 88 94 16
51 71 72 60 68 92 47 58 94 18 5 21 62 96 11 81 35 97 6 48 54 32 0 87 59 91 63 59 88 96 65 96 93 71 40 66 30 93 20 82 10 18 60 64 43 46 36 29 88 35
31 21 29 4 71 49 31 78 88 36 20 85 50 43 4 23 60 98 86 28 4 41 47 89 24 47 34 26 41 78 42 92 90 82 58 50 14 92 39 36 70 10 89 70 34 3 78 42 38 14
0 51 0 10 69 30 21 93 89 50 78 74 88 8 14 48 34 25 85 79 20 49 98 23 50 45 57 82 32 54 72 83 72 80 56 2 19 86 85 34 33 29 41 54 6 20 31 84 11 82
63 76 51 73 78 79 92 92 74 8 59 6 41 73 9 1 59 5 51 21 84 89 20 12 66 27 89 80 87 52 46 4 72 89 11 76 42 34 29 46 68 41 70 52 14 41 50 72 97 80
46 42 0 26 5 42 6 35 83 32 19 75 89 34 3 81 17 12 12 17 54 9 91 2 55 91 0 21 93 72 35 70 88 16 7 8 74 57 41 14 1 31 76 24 16 4 58 92 93 19
49 2 69 84 87 38 58 2 75 86 3 19 49 65 74 30 75 83 1 29 10 44 7 39 41 81 33 95 49 82 31 71 81 94 99 99 62 33 84 34 41 65 81 7 86 48 45 41 98 16
29 4 21 67 97 90 31 12 2 26 90 80 71 78 92 14 54 11 32 16 67 13 34 21 88 62 97 1 54 57 20 63 20 45 11 87 6 19 94 56 90 2 2 48 3 95 36 42 33 47
83 30 52 43 49 88 21 2 25 17 28 25 56 86 32 52 47 15 26 98 98 19 41 42 71 92 69 74 2 82 18 37 58 85 49 70 31 72 24 44 44 96 7 51 68 98 5 64 72 25
74 44 96 81 57 67 9 41 51 81 12 99 66 47 65 36 9 69 43 26 10 46 37 26 97 78 57 96 99 40 41 88 56 66 9 47 79 97 54 45 68 27 78 4 37 9 6 30 36 44
19 20 32 45 52 16 60 63 81 71 88 0 41 32 36 63 93 49 58 30 96 61 51 28 58 9 57 43 46 15 59 53 65 69 58 46 95 99 57 22 80 27 17 8 88 83 77 26 4 92
32 69 64 28 90 30 80 37 2 1 81 83 37 80 2 7 97 19 88 95 49 80 12 53 29 15 40 9 50 96 85 17 79 42 79 29 51 52 89 98 51 7 7 94 94 48 74 1 66 37
26 83 50 69 49 75 33 39 74 53 5 34 54 79 91 88 98 83 59 10 76 15 83 40 47 99 69 21 54 52 96 96 4 82 80 84 3 36 91 88 22 41 84 11 23 88 43 57 13 59
35 11 22 18 7 20 42 68 83 45 51 40 98 51 43 44 23 95 1 84 57 52 28 68 66 77 93 19 51 41 9 16 65 74 80 57 66 89 80 20 70 27 32 13 6 28 47 11 11 51
51 44 83 16 15 91 40 7 18 18 76 44 85 3 6 48 77 66 31 92 35 59 79 22 58 42 95 71 68 69 36 69 80 61 10 64 94 36 96 14 80 80 24 30 87 9 30 75 65 89
22 47 22 22 35 81 20 29 98 61 81 49 70 20 33 57 21 64 79 34 97 29 83 13 55 48 77 66 90 77 79 61 97 16 79 36 74 77 64 81 54 78 79 98 63 30 99 21 66 65
85 7 68 4 82 53 49 51 57 98 33 2 5 92 60 52 27 55 28 7 30 90 84 35 49 82 32 29 57 71 86 35 26 98 42 9 58 62 34 94 85 30 2 61 99 40 61 26 35 79
48 76 12 66 76 14 88 71 41 0 80 98 72 19 73 83 30 25 16 55 56 15 27 15 81 25 22 63 71 12 1 84 89 13 78 19 38 74 83 71 46 50 99 64 98 98 11 7 62 27
84 55 59 47 49 42 98 74 64 54 66 87 12 20 75 29 3 13 12 5 85 99 55 0 77 76 0 80 47 2 37 80 98 95 70 71 54 20 24 27 40 80 83 70 61 0 54 11 78 11
57 30 93 83 67 25 71 37 27 59 28 83 44 59 17 12 36 20 82 94 39 67 71 17 36 10 60 76 74 59 24 52 87 36 78 2 9 44 42 64 27 45 13 40 10 95 54 36 36 3
46 67 92 11 62 11 1 7 69 22 18 91 37 21 8 45 5 57 23 0 62 65 88 94 44 35 49 95 51 87 58 84 54 56 59 80 5 4 24 81 12 58 39 57 9 58 65 39 55 72
66 64 31 27 41 70 83 58 14 73 86 58 68 74 70 8 23 74 84 57 55 91 79 47 6 19 84 22 78 79 32 44 71 39 55 69 35 19 30 41 72 17 44 39 80 99 62 64 51 11
64 60 9 11 69 69 97 57 57 75 8 99 88 56 55 76 0 74 34 39 5 85 99 32 22 72 31 21 74 84 39 45 67 84 51 79 12 60 56 66 58 72 19 33 72 87 91 76 89 53
2 23 80 12 73 88 67 26 14 18 8 86 25 50 42 49 3 38 11 89 3 48 96 81 65 95 71 5 61 28 54 64 68 88 10 77 58 48 53 32 1 56 96 15 30 42 43 70 50 17
71 98 16 40 70 46 14 68 96 72 63 75 21 53 87 47 14 76 92 85 78 99 27 77 19 69 69 87 64 50 16 73 96 10 24 65 33 30 65 41 35 70 70 62 17 46 44 66 47 69
82 69 5 14 1 71 26 50 92 5 7 14 84 17 53 34 68 29 57 82 57 34 21 87 10 67 2 0 13 52 3 6 9 99 36 53 65 47 74 80 26 50 6 8 74 75 56 79 72 34
65 16 89 55 61 75 8 91 61 19 14 73 26 71 22 33 67 60 94 16 9 31 98 65 58 0 44 61 44 80 9 57 91 13 22 82 30 66 69 77 27 39 28 86 10 10 67 88 96 48
61 25 62 25 22 71 85 52 57 56 86 15 99 51 81 21 49 89 95 9 11 84 78 23 21 19 73 53 30 50 31 48 91 66 55 57 33 81 99 61 87 30 82 61 93 47 79 48 85 25
34 9 8 45 86 93 67 81 30 40 73 65 7 22 99 41 53 62 51 17 65 53 7 9 38 26 43 89 18 88 87 64 42 5 50 52 46 30 32 93 53 38 16 27 80 73 77 27 66 35
21 8 47 23 44 36 36 53 75 55 78 33 70 79 12 94 7 44 74 84 29 4 2 69 26 6 91 68 28 50 79 63 32 3 17 87 61 92 97 63 83 19 75 65 8 74 91 51 62 60
22 58 94 42 24 97 61 19 41 13 96 64 26 11 99 13 31 11 34 16 70 0 47 1 65 2 47 88 74 29 47 98 0 70 95 17 89 75 64 19 88 90 8 88 71 37 81 53 11 38
46 2 61 45 38 54 54 84 57 22 66 16 91 64 58 30 24 77 35 56 40 26 96 83 86 50 77 6 42 66 69 43 79 37 66 42 8 78 26 49 19 32 77 7 16 8 55 66 21 59
78 30 62 94 88 16 3 6 1 28 37 65 88 27 18 25 78 43 83 13 81 39 88 21 94 3 46 32 35 45 11 20 57 24 51 25 95 80 95 58 5 48 12 82 18 25 87 44 86 80
94 22 9 80 76 44 63 42 6 8 0 63 88 34 45 26 96 49 28 10 30 1 84 49 64 32 95 66 52 46 40 42 50 51 69 84 17 76 4 43 21 7 30 31 59 43 27 87 11 56
20 37 90 85 83 48 23 96 48 76 85 27 2 69 23 42 47 4 50 32 33 13 90 63 17 89 45 65 98 7 99 80 36 42 59 4 96 71 69 0 33 45 54 91 90 12 17 22 92 8
40 65 14 49 72 11 85 61 34 39 0 45 45 45 80 54 66 44 36 57 1 51 31 91 87 17 78 88 94 35 41 63 50 77 75 59 79 26 90 98 17 66 34 3 90 15 97 76 80 12
8 16 1 72 8 12 91 79 11 77 25 41 13 79 74 49 95 70 19 45 42 4 5 91 85 23 98 71 53 79 74 80 59 96 41 4 89 46 40 68 65 60 57 12 92 92 20 32 56 67
67 79 74 52 10 38 27 46 46 32 61 7 23 89 85 65 99 62 86 13 58 23 49 19 33 53 55 52 34 76 45 37 75 43 26 27 81 72 65 91 94 0 24 57 58 24 93 15 86 31
21 25 7 65 36 26 41 10 28 90 16 27 68 31 36 54 36 0 28 57 90 42 91 3 67 14 76 82 98 32 39 81 84 70 34 78 80 77 43 91 7 42 75 51 86 29 87 91 33 12
91 17 57 49 72 14 66 54 71 84 91 46 82 13 85 7 14 18 85 60 1 58 95 24 68 33 43 36 51 72 4 69 20 56 70 87 88 49 97 23 47 74 0 72 51 0 83 13 45 99
83 83 55 2 4 43 44 0 17 39 3 20 1 32 38 35 18 54 96 33 99 65 40 14 56 21 78 17 58 29 67 93 42 76 28 88 7 77 94 8 57 11 72 31 17 93 16 8 77 6
20 59 78 84 64 74 60 36 70 83 4 95 13 35 1 25 41 17 14 33 32 97 78 22 34 8 76 45 51 70 87 72 26 28 21 99 46 65 57 66 95 83 86 62 31 60 51 75 54 12
21 45 75 47 25 30 69 60 75 66 34 56 11 76 55 18 41 33 54 41 21 68 18 92 61 36 92 15 5 31 62 85 55 93 62 11 48 58 32 95 23 8 70 13 62 34 32 51 35 24
69 84 97 2 84 56 22 47 49 29 91 47 60 96 2 42 72 20 79 61 52 42 75 50 17 59 28 0 13 68 11 60 64 68 20 89 86 15 50 24 23 99 49 32 22 62 44 23 86 23
92 65 10 23 24 8 5 77 53 21 8 86 31 35 95 47 64 35 91 29 73 60 95 94 65 93 36 26 45 75 58 92 35 45 44 66 6 6 41 85 86 11 34 3 67 83 40 34 72 66
