31 26
0 1 2 3 3 4 4 5 6 7 8 9 9 10 11 12 13 13 14 14 15 15 16 17 18 18 19 20 21 21 22 23 24 25 26 27 27 28 28 29 29 30 31 32 33 34 35 36 36 37
38 1 39 39 40 41 41 42 6 43 8 44 44 45 11 12 46 46 47 47 48 49 16 17 50 50 19 20 51 51 22 23 24 25 26 52 53 53 54 55 56 30 31 32 33 34 35 57 57 58
38 59 60 61 40 62 63 42 64 43 65 66 67 45 68 69 70 70 71 71 48 72 72 73 73 74 74 75 76 77 78 79 79 80 81 81 82 82 54 55 83 83 84 85 86 86 87 88 88 58
89 59 60 90 91 62 63 92 93 94 65 66 67 95 68 69 96 97 97 98 99 99 100 100 101 101 102 102 76 77 78 103 103 80 104 104 105 106 107 108 109 110 84 85 111 111 87 112 113 114
89 115 115 90 91 116 117 117 93 94 118 119 119 95 120 120 121 122 122 123 124 125 125 126 126 127 128 129 129 130 130 131 131 132 133 133 105 106 134 108 109 110 135 135 136 136 137 112 113 138
139 140 140 141 142 116 143 144 144 145 118 146 147 148 149 149 121 150 151 123 152 152 153 153 154 127 128 155 155 156 156 157 158 132 159 159 160 161 134 162 163 163 164 164 165 166 137 167 167 138
139 168 168 141 142 169 170 171 171 145 172 172 147 173 173 174 175 175 151 176 177 178 179 180 180 181 182 182 183 184 184 157 158 185 185 186 160 161 187 162 188 189 190 190 165 166 191 192 193 193
194 195 196 197 198 169 170 199 200 201 202 203 203 204 205 174 206 207 207 176 177 178 179 208 208 181 209 210 183 211 212 212 213 214 214 186 215 215 187 216 188 217 217 218 219 220 191 192 221 221
194 195 196 197 222 223 223 199 200 201 224 224 225 204 205 226 227 227 228 228 229 229 230 231 231 232 209 210 233 233 234 234 213 235 236 237 238 238 239 216 240 241 242 242 219 220 243 244 245 246
247 248 248 249 222 250 251 252 253 253 254 254 225 255 256 256 257 258 258 259 259 260 230 261 262 232 263 263 264 264 265 266 266 235 236 237 267 267 268 268 240 241 269 270 270 271 243 244 245 246
247 272 273 249 274 250 275 252 276 276 277 277 278 255 279 280 257 281 281 282 282 260 283 283 262 284 285 285 286 287 265 288 288 289 290 291 291 292 292 293 293 294 269 295 296 297 298 298 299 300
301 272 273 302 274 303 275 304 304 305 305 306 278 307 307 280 308 308 309 309 310 311 312 312 313 313 314 314 286 287 315 315 316 289 317 317 318 319 319 320 321 294 322 323 296 297 324 325 299 300
301 326 326 302 327 328 328 329 330 331 331 306 332 332 333 334 335 336 336 337 338 311 339 340 341 342 342 343 343 344 345 345 346 347 348 349 350 351 351 320 352 352 322 323 353 354 355 325 356 357
358 358 359 359 360 361 362 362 330 363 364 365 366 366 333 334 335 367 367 337 338 368 339 340 341 369 370 371 371 344 372 372 346 347 348 349 350 373 373 374 375 376 377 377 353 354 355 378 356 357
379 379 380 381 360 382 382 383 383 363 364 365 384 384 385 385 386 387 388 388 389 390 391 392 393 369 370 394 395 396 397 397 398 399 399 400 400 401 401 374 375 402 402 403 403 404 404 378 405 406
407 407 380 381 408 409 410 411 411 412 413 414 414 415 416 416 386 387 417 418 418 390 391 392 419 420 421 421 395 396 422 422 423 424 424 425 426 427 427 428 429 430 430 431 432 432 433 433 405 406
434 434 435 435 408 436 410 437 438 412 413 439 439 415 440 440 441 442 417 443 444 445 446 446 419 420 447 447 448 449 450 450 423 451 452 425 426 453 454 428 455 456 456 431 457 458 459 460 461 461
462 463 463 464 464 436 465 437 438 466 467 467 468 468 469 470 441 471 471 443 444 445 472 473 473 474 474 475 448 476 477 478 478 451 479 480 480 453 481 481 455 482 483 483 457 458 459 460 484 484
462 485 485 486 487 487 465 488 489 490 490 491 492 492 493 470 494 494 495 496 497 498 472 499 500 500 501 501 502 476 477 503 504 504 479 505 505 506 507 508 508 482 509 510 510 511 511 512 512 513
514 515 516 516 517 517 518 518 489 519 519 520 520 521 493 522 523 524 525 496 497 526 527 499 528 528 529 529 502 530 530 503 531 531 532 532 533 506 507 534 534 535 535 536 537 537 538 539 539 513
514 515 540 540 541 542 543 544 544 545 545 546 546 547 547 522 548 524 525 549 549 526 527 550 551 552 552 553 553 554 554 555 556 556 557 557 533 558 558 559 559 560 560 561 562 562 563 563 564 564
565 566 566 567 567 542 568 569 569 570 570 571 572 573 574 574 548 575 575 576 576 577 577 550 551 578 578 579 579 580 581 581 582 583 583 584 584 585 586 586 587 588 588 561 589 590 590 591 591 592
565 593 594 594 595 595 568 596 596 597 597 571 572 573 598 599 599 600 600 601 602 603 604 604 605 606 606 607 607 580 608 609 582 610 611 612 612 585 613 613 614 614 615 615 589 616 617 617 618 592
619 593 620 620 621 622 622 623 624 625 626 626 627 627 598 628 628 629 630 601 602 631 631 632 633 633 634 634 635 635 608 609 636 610 611 637 637 638 638 639 639 640 641 642 642 616 643 644 618 645
619 646 647 647 648 648 649 623 624 625 650 651 651 652 653 653 654 654 630 655 656 656 657 632 658 659 660 660 661 662 662 663 664 664 665 666 666 667 668 669 670 640 671 671 672 672 643 644 673 645
674 646 675 675 676 676 677 678 678 679 680 680 681 682 683 684 685 686 687 688 688 689 690 691 658 659 692 692 661 693 693 694 695 696 665 697 697 667 668 669 670 698 698 699 700 701 702 703 673 704
705 705 706 706 707 707 677 708 709 679 710 710 681 682 683 684 685 686 711 712 712 713 690 691 714 714 715 716 716 717 717 694 695 696 718 718 719 720 721 722 722 723 724 724 700 701 702 725 726 704
727 727 728 729 730 731 731 708 709 732 733 734 734 735 736 736 737 737 711 738 739 713 740 740 741 741 715 742 742 743 744 745 745 746 747 748 719 720 749 750 750 751 751 752 752 753 753 725 754 754
755 755 728 729 730 756 757 757 758 732 733 759 760 761 761 762 762 763 764 738 765 765 766 767 768 768 769 770 771 743 744 772 773 746 747 748 774 775 749 776 776 777 777 778 778 779 780 780 781 781
782 782 783 783 784 756 785 785 786 787 787 759 760 788 789 790 790 763 764 791 791 792 792 767 793 793 769 794 771 795 795 772 773 796 796 797 774 775 798 799 800 800 801 802 803 779 804 804 805 805
806 807 808 808 784 809 809 810 786 811 812 813 813 788 789 814 815 815 816 816 817 817 818 819 819 820 821 794 822 823 823 824 824 825 826 826 827 828 798 829 829 830 801 802 803 831 832 832 833 833
806 807 834 834 835 836 837 837 838 838 812 839 840 841 842 843 843 844 845 845 846 846 818 847 848 820 821 849 822 850 851 852 852 825 853 853 827 828 854 855 856 830 857 857 858 858 859 859 860 860
861 861 862 863 863 836 864 864 865 865 866 839 840 841 867 867 868 844 869 870 871 871 872 847 848 873 874 874 875 850 876 876 877 877 878 878 879 880 854 881 856 882 882 883 883 884 885 886 887 887
888 889 889 890 891 892 893 893 894 895 895 896 896 897 897 898 898 899 899 870 900 900 872 901 902 873 903 904 905 905 906 907 908 909 909 910 910 880 911 881 912 913 914 915 916 916 885 886 917 917
888 918 918 890 891 892 919 919 920 921 921 922 922 923 924 924 925 925 926 926 927 928 928 901 929 929 903 930 930 931 906 907 908 932 932 933 934 934 935 935 912 913 914 936 937 938 938 939 940 940
941 941 942 942 943 944 945 945 920 946 947 947 948 948 949 950 950 951 951 952 927 953 954 954 955 956 956 957 957 931 958 959 960 960 961 962 963 964 965 965 966 967 968 936 969 969 970 939 971 971
972 972 973 974 974 944 975 975 976 946 977 978 978 979 979 980 980 981 982 952 983 953 984 984 985 985 986 987 988 988 958 989 990 990 961 962 991 964 992 993 966 967 994 995 996 996 970 997 997 998
999 1000 1000 1001 1002 1002 1003 1004 976 1005 977 1006 1007 1008 1008 1009 1009 981 1010 1011 983 1012 1012 1013 1014 1015 986 1016 1017 1018 1018 989 1019 1020 1021 1021 991 1022 992 1023 1023 1024 994 995 1025 1025 1026 1027 1027 1028
999 1029 1029 1001 1030 1030 1003 1031 1031 1005 1032 1033 1007 1034 1035 1035 1036 1036 1010 1011 1037 1037 1038 1013 1014 1039 1040 1016 1017 1041 1042 1042 1019 1043 1044 1045 1046 1046 1047 1047 1048 1049 1049 1050 1051 1052 1053 1054 1054 1028
1055 1055 1056 1056 1057 1057 1058 1059 1059 1060 1061 1033 1062 1062 1063 1064 1065 1066 1067 1067 1068 1068 1038 1069 1069 1039 1040 1070 1070 1041 1071 1072 1073 1043 1044 1045 1074 1074 1075 1076 1077 1078 1079 1050 1051 1052 1053 1080 1081 1081
1082 1082 1083 1083 1084 1085 1058 1086 1086 1060 1061 1087 1088 1089 1089 1064 1065 1066 1090 1091 1091 1092 1092 1093 1094 1094 1095 1096 1097 1097 1071 1072 1073 1098 1099 1099 1100 1100 1075 1076 1077 1078 1079 1101 1102 1102 1103 1080 1104 1104
1105 1106 1107 1108 1084 1085 1109 1109 1110 1111 1112 1087 1088 1113 1114 1115 1115 1116 1090 1117 1118 1119 1119 1093 1120 1121 1121 1096 1122 1122 1123 1124 1124 1098 1125 1126 1127 1127 1128 1129 1130 1131 1131 1132 1132 1133 1103 1134 1135 1135
1105 1136 1107 1108 1137 1138 1139 1139 1110 1111 1112 1140 1140 1113 1141 1141 1142 1116 1143 1117 1118 1144 1145 1145 1120 1146 1147 1148 1149 1150 1151 1152 1153 1153 1125 1126 1154 1154 1155 1129 1156 1156 1157 1158 1159 1159 1160 1134 1161 1162
1163 1136 1164 1165 1165 1138 1166 1167 1167 1168 1169 1170 1171 1172 1172 1173 1174 1174 1143 1175 1176 1144 1177 1178 1179 1146 1147 1148 1149 1150 1151 1152 1180 1181 1182 1183 1183 1184 1155 1185 1185 1186 1187 1158 1188 1188 1160 1189 1161 1162
1163 1190 1164 1191 1192 1193 1194 1195 1195 1168 1169 1170 1171 1196 1197 1197 1198 1199 1199 1175 1200 1201 1177 1178 1202 1202 1203 1203 1204 1204 1205 1205 1180 1181 1182 1206 1206 1207 1208 1209 1210 1210 1187 1211 1211 1212 1212 1189 1213 1213
1214 1215 1215 1191 1192 1193 1194 1216 1217 1217 1218 1219 1220 1196 1221 1221 1222 1223 1223 1224 1200 1201 1225 1225 1226 1227 1228 1229 1230 1230 1231 1232 1232 1233 1234 1235 1235 1207 1208 1209 1236 1237 1238 1238 1239 1239 1240 1240 1241 1241
1214 1242 1243 1244 1244 1245 1246 1247 1248 1249 1249 1219 1250 1251 1252 1252 1222 1253 1254 1224 1255 1255 1256 1256 1226 1227 1228 1229 1257 1258 1259 1259 1260 1260 1234 1261 1262 1262 1263 1264 1265 1237 1266 1266 1267 1268 1269 1270 1270 1271
1272 1242 1243 1273 1274 1245 1246 1247 1275 1275 1276 1276 1250 1251 1277 1278 1279 1253 1280 1280 1281 1282 1282 1283 1284 1284 1285 1285 1257 1286 1287 1287 1288 1288 1289 1261 1290 1291 1292 1264 1265 1293 1294 1295 1267 1268 1269 1296 1297 1271
1272 1298 1298 1273 1274 1299 1300 1301 1301 1302 1302 1303 1304 1304 1305 1278 1306 1307 1308 1309 1281 1310 1311 1312 1313 1314 1314 1315 1315 1286 1316 1317 1317 1318 1289 1319 1319 1291 1292 1320 1320 1293 1294 1321 1321 1322 1322 1296 1297 1323
1324 1325 1325 1326 1326 1299 1327 1327 1328 1329 1329 1303 1330 1330 1305 1331 1306 1307 1308 1332 1332 1310 1311 1312 1313 1333 1333 1334 1334 1335 1335 1336 1336 1318 1337 1337 1338 1338 1339 1339 1340 1340 1341 1342 1342 1343 1343 1344 1344 1323
84 88 72 24 25 63 92 78 21 97 80 72 15 21 35 91 72 32 74 25 20 16 49 99 34 16 60 88 94 40 82 15 87 16 91 52 53 21 57 46 76 72 55 7 11 24 74 7 92 41
17 72 24 32 18 35 43 90 32 0 80 49 43 74 99 89 26 73 34 20 81 17 65 3 44 37 88 79 34 70 39 36 81 4 22 77 68 11 83 72 19 95 37 36 83 15 22 27 92 42
16 86 96 24 83 13 21 94 16 97 72 33 3 55 39 2 10 61 67 23 49 69 31 89 15 88 28 5 72 75 94 17 77 83 62 51 22 1 4 15 28 25 20 96 65 72 86 87 71 28
6 75 48 64 94 72 9 49 98 6 33 56 61 67 18 66 35 35 65 88 92 66 8 5 81 80 1 27 17 36 91 39 51 34 92 65 96 3 8 59 66 66 81 28 83 12 93 76 29 7
74 54 86 77 55 35 2 98 96 26 80 64 31 64 83 29 89 50 32 35 38 61 71 63 45 48 86 93 27 11 71 7 54 99 79 67 73 53 69 3 97 48 15 46 45 41 8 0 22 23
96 75 6 98 24 61 60 59 88 70 65 83 54 97 80 80 69 73 54 33 81 11 0 50 25 92 63 39 88 73 64 31 64 79 13 33 91 61 22 79 52 86 87 3 75 14 80 66 39 10
40 39 10 2 19 18 9 40 12 19 68 40 69 74 42 24 75 78 26 0 51 74 25 14 72 9 29 43 87 36 98 67 11 24 70 20 17 21 68 96 57 18 89 42 65 33 87 23 48 24
35 19 65 44 61 73 12 22 87 37 86 76 96 3 2 84 61 75 84 64 30 12 50 82 77 77 2 79 13 39 12 34 24 84 52 31 9 20 47 24 86 53 49 95 96 84 4 63 33 83
86 5 23 35 12 1 24 30 78 50 91 73 27 29 23 18 62 1 84 48 86 18 31 10 0 19 13 52 63 26 55 84 96 74 75 33 3 52 99 19 30 83 70 33 61 23 55 41 37 79
59 97 22 95 71 57 13 92 97 58 58 50 59 54 12 99 8 51 95 20 66 9 33 46 64 38 43 43 23 90 85 14 46 36 80 65 18 59 10 45 6 6 38 15 4 5 64 4 96 10
6 73 87 84 92 89 99 3 81 57 99 76 10 50 93 23 21 47 87 33 73 71 41 80 63 92 78 35 84 22 52 87 29 60 78 57 16 72 0 14 70 60 66 94 22 27 89 22 96 76
22 45 94 78 4 13 83 88 10 76 81 14 38 86 75 61 20 80 14 3 7 90 70 51 43 0 17 39 37 46 17 74 40 37 33 23 18 8 52 11 17 46 8 43 18 64 21 16 90 29
41 42 62 22 10 17 99 65 13 40 74 18 65 55 2 16 67 32 22 19 69 27 98 74 65 60 15 41 83 0 5 96 60 84 76 56 37 42 93 48 96 10 60 93 69 14 88 11 91 83
9 91 23 77 94 58 87 79 62 46 1 76 60 53 21 60 81 48 50 59 26 97 27 45 17 21 25 55 41 2 89 1 25 65 77 17 39 84 27 51 61 89 1 47 25 34 4 65 76 64
29 65 43 60 51 57 36 46 14 29 8 7 12 37 8 68 55 96 57 70 94 50 70 85 6 6 80 13 79 5 77 40 28 18 51 16 80 88 98 26 34 66 39 40 51 34 88 46 74 59
79 5 81 99 2 83 52 69 92 11 64 65 20 75 4 74 30 86 38 41 91 92 33 51 16 95 79 31 42 71 65 48 46 27 49 74 31 93 29 86 9 48 32 30 28 39 55 74 40 4
87 20 82 23 26 76 92 36 26 19 80 55 9 21 55 84 6 12 64 59 99 60 83 49 87 97 17 46 26 38 56 41 30 10 83 13 36 70 21 26 9 27 85 4 8 72 36 85 90 50
48 95 3 7 85 36 11 13 57 16 92 86 17 20 71 69 8 63 62 42 12 49 37 13 24 71 22 28 9 8 32 37 59 53 74 27 2 15 24 51 97 40 37 65 38 58 66 33 80 74
56 65 13 11 41 1 60 82 85 7 95 60 9 94 48 65 43 88 8 94 23 81 55 88 38 31 53 51 36 13 84 58 99 44 20 91 90 87 44 41 38 12 64 45 12 26 35 83 94 41
37 64 74 39 91 86 54 59 63 73 26 43 16 51 32 98 33 77 89 1 81 8 77 59 1 96 30 1 45 60 0 35 34 52 44 14 3 15 12 54 23 18 31 14 42 4 65 85 62 48
11 17 51 2 9 84 21 75 64 2 40 51 25 45 94 73 5 27 89 1 6 72 28 83 58 17 76 63 48 65 24 12 18 94 63 12 1 36 69 12 21 10 37 18 7 16 91 8 77 68
68 27 78 30 30 74 55 33 85 35 69 68 58 90 15 3 71 84 51 58 45 88 46 21 81 92 37 22 63 62 29 75 81 51 98 55 86 28 66 51 20 24 7 31 99 19 43 27 65 75
52 72 76 24 47 46 41 53 31 69 98 7 16 41 39 9 76 48 43 69 5 49 71 39 42 67 44 5 1 1 52 4 16 76 30 57 99 11 26 38 26 20 96 54 62 25 39 41 80 21
37 57 22 91 12 63 98 17 74 21 28 5 75 86 83 7 89 66 46 83 46 42 21 29 51 39 95 5 89 44 84 38 60 57 75 17 28 59 16 13 75 94 18 42 27 10 33 70 63 70
6 22 85 51 70 40 2 32 67 93 78 23 55 33 19 1 57 24 80 49 83 6 64 50 41 25 62 31 80 29 31 40 59 15 93 41 96 1 54 34 86 35 75 32 81 6 24 83 39 93
92 46 79 75 82 25 40 84 14 74 56 3 60 98 57 16 92 4 93 73 52 40 82 67 96 49 36 81 26 85 47 87 86 87 8 5 99 58 47 14 74 14 21 7 88 85 97 9 82 77
60 88 69 75 27 46 80 37 64 76 30 80 60 54 53 32 23 2 9 93 84 40 39 57 55 76 48 29 32 8 68 26 44 41 44 44 91 43 64 50 86 69 2 30 77 91 5 17 60 37
82 50 76 71 58 30 4 8 25 25 34 19 37 12 38 52 62 76 20 9 99 30 93 63 14 73 77 70 40 94 0 35 83 51 28 2 63 62 96 39 71 20 26 19 87 92 15 95 2 78
61 7 98 5 9 51 44 75 15 70 92 89 56 6 59 31 95 47 57 58 24 60 51 69 43 9 71 8 87 15 40 53 87 23 56 67 7 5 60 54 8 30 95 23 50 14 16 95 51 30
72 34 29 76 18 28 76 59 19 35 43 14 45 33 9 58 62 37 47 38 59 81 53 72 3 32 99 82 32 43 59 57 50 7 47 13 72 11 23 74 89 58 10 27 79 65 43 25 94 5
74 63 77 39 34 32 12 62 82 24 20 75 56 38 77 65 62 59 21 38 74 57 96 72 41 34 53 91 52 20 52 16 3 71 52 81 10 75 27 42 88 34 86 24 48 5 65 61 48 94
98 13 39 86 28 70 68 28 77 79 78 34 67 27 32 95 27 76 46 94 15 86 0 33 47 91 35 79 35 86 29 41 76 80 94 64 88 10 35 9 63 20 68 58 30 77 11 75 38 59
2 89 28 40 69 68 56 73 32 43 46 32 19 60 54 79 14 42 26 9 67 39 56 0 73 1 21 49 96 13 45 87 78 82 17 24 93 93 12 21 76 84 6 87 45 58 60 63 30 17
56 95 37 64 39 37 33 70 90 10 10 17 97 19 1 22 53 12 85 71 45 73 79 74 79 80 28 73 93 39 81 81 52 4 60 80 86 54 79 76 22 86 53 13 69 25 21 53 60 17
71 90 69 15 41 89 76 18 8 26 64 7 90 19 56 81 64 55 70 92 88 34 85 85 33 82 50 72 45 94 89 61 85 5 30 68 43 64 77 62 62 32 5 20 90 62 72 0 76 67
51 15 11 46 38 17 9 13 47 15 49 91 71 64 79 78 73 86 84 29 16 40 80 54 67 1 16 98 45 69 67 42 19 45 96 49 39 72 95 90 51 5 88 4 7 33 68 99 14 42
40 0 80 1 21 60 96 54 62 71 43 37 81 39 88 0 68 24 4 67 55 75 77 15 24 45 61 32 18 9 4 32 50 64 18 95 73 24 65 52 7 19 71 51 89 17 81 43 36 67
59 79 21 88 82 16 79 23 69 19 72 45 74 75 5 50 40 21 42 51 35 29 18 92 34 32 88 33 76 5 45 97 83 89 57 6 73 81 72 91 85 89 27 12 12 54 66 9 33 71
63 61 95 78 68 27 53 64 39 84 89 31 40 22 21 22 75 48 18 65 98 14 24 71 76 31 4 3 28 41 54 3 22 26 2 24 2 5 14 80 34 94 7 33 26 84 40 88 27 18
1 36 93 16 88 79 92 34 28 49 42 74 93 52 81 87 19 10 59 4 28 14 8 96 97 53 89 8 18 10 49 90 27 23 19 96 16 91 79 30 8 0 57 17 93 44 25 84 17 35
37 45 72 92 4 50 13 68 80 58 34 75 14 26 39 28 65 87 73 70 32 3 44 32 18 55 46 1 80 8 31 47 70 95 12 25 88 78 2 46 40 39 73 8 22 70 14 48 35 21
91 83 79 0 82 54 82 38 50 3 60 36 91 0 25 1 2 70 35 65 33 21 96 73 36 37 60 11 48 42 88 43 69 89 53 60 79 49 38 65 69 32 1 33 82 61 53 1 66 56
53 77 29 34 54 59 13 16 54 89 76 1 9 85 63 31 33 38 41 7 98 97 8 2 65 39 94 97 48 36 71 24 97 40 2 37 86 19 99 55 10 15 34 32 7 85 82 63 65 81
12 7 0 45 92 50 79 72 80 82 20 47 1 68 9 71 25 52 0 38 15 41 60 96 16 21 11 42 37 51 34 28 54 27 71 2 96 62 39 91 0 46 99 82 56 42 46 43 57 7
75 45 1 37 64 19 46 34 47 98 89 60 91 65 6 40 39 20 30 13 73 19 85 60 41 98 62 50 16 31 84 99 34 5 77 63 17 48 94 99 1 36 18 68 47 76 36 20 5 32
77 78 90 41 46 56 10 73 59 28 69 20 48 7 97 17 18 21 29 38 62 91 47 38 61 93 44 49 56 41 82 54 67 77 48 88 37 79 98 53 1 41 31 6 56 27 56 25 91 67
81 8 79 2 90 4 57 0 12 9 86 75 42 33 88 33 11 86 43 56 19 82 17 23 91 6 86 79 31 80 44 79 53 1 35 48 77 81 26 27 40 20 58 42 55 38 99 69 3 38
47 95 66 96 49 92 9 17 55 80 53 87 72 26 68 87 74 43 44 35 51 29 61 28 60 94 47 68 41 10 66 33 52 22 42 57 66 75 8 18 14 91 39 87 78 78 13 58 79 84
89 99 25 74 85 0 86 74 48 96 79 31 22 10 75 55 4 28 59 65 3 79 80 24 68 96 60 47 90 19 50 71 89 3 67 12 5 73 35 87 89 2 82 50 36 97 71 6 12 49
56 41 90 60 58 99 65 95 36 35 78 7 71 26 65 8 55 39 5 66 17 59 43 79 4 85 10 27 62 28 69 81 52 59 44 83 68 72 1 19 29 26 46 72 78 3 93 84 24 71
