43 11
0 0 1 1 2 3 3 4 5 6 7 7 8 8 9 9 10 11 11 12 13 14 14 15 16 16 17 18 18 19 19 20 21 22 22 23 24 25 26 26 27 27 28 28 29 29 30 30 31 31
32 32 33 33 2 34 34 4 5 35 36 37 37 38 39 39 10 40 41 12 13 42 43 15 44 45 46 47 48 49 49 20 21 50 50 23 24 25 51 52 53 54 54 55 56 56 57 58 59 59
60 61 62 63 64 65 66 66 67 35 36 68 68 38 69 69 70 40 41 71 72 42 73 73 44 45 46 47 48 74 74 75 76 76 77 78 78 79 79 52 53 80 80 55 81 82 82 58 83 84
85 61 62 63 64 65 86 86 67 87 88 89 89 90 91 92 93 94 94 71 72 95 96 97 98 98 99 99 100 101 102 75 103 104 77 105 106 107 108 109 110 111 111 112 81 113 114 114 83 84
85 115 116 116 117 118 119 119 120 120 88 121 122 122 91 92 93 123 123 124 125 125 96 126 126 127 128 129 100 101 102 130 103 104 131 105 106 107 108 109 132 133 133 112 134 134 135 135 136 136
137 138 139 139 117 140 140 141 141 142 143 143 144 145 145 146 147 148 148 149 149 150 151 152 152 127 128 153 154 155 156 130 157 157 131 158 158 159 159 160 132 161 162 162 163 164 164 165 166 166
137 138 167 167 168 169 170 170 171 142 172 172 173 174 174 146 147 175 175 176 176 150 151 177 178 179 179 153 154 155 180 181 181 182 183 184 184 185 186 160 187 161 188 189 189 190 191 191 192 193
194 195 195 196 196 169 197 197 171 198 198 199 173 200 200 201 202 203 204 205 206 206 207 177 178 208 208 209 210 210 180 211 212 213 183 214 214 185 186 215 187 216 216 217 218 190 219 220 221 193
194 222 222 223 223 224 224 225 225 226 227 227 228 228 229 201 202 203 204 205 230 230 231 231 232 233 234 209 235 236 236 211 212 213 237 238 239 240 241 242 242 243 244 217 218 245 219 220 221 246
247 247 248 249 249 250 251 252 252 226 253 254 254 255 256 257 258 258 259 259 260 261 261 262 232 233 263 263 235 264 264 265 266 266 237 267 239 240 241 268 269 243 270 270 271 272 272 273 273 274
275 275 248 276 276 277 251 278 278 279 253 280 280 255 256 257 281 281 282 283 284 284 285 262 286 286 287 287 288 288 289 265 290 290 291 267 292 293 293 268 269 294 295 296 271 297 298 298 299 274
300 300 301 302 303 277 304 304 305 279 306 306 307 307 308 308 309 310 310 283 311 312 285 313 313 314 315 316 316 317 289 318 318 319 291 320 292 321 321 322 322 294 295 296 323 324 325 325 299 326
327 327 301 302 303 328 329 330 305 331 331 332 333 334 335 336 337 337 338 339 340 312 341 342 342 314 343 344 344 317 345 345 346 319 347 320 348 349 349 350 350 351 352 352 323 324 353 354 354 355
356 356 357 358 359 328 329 330 360 361 361 332 333 334 335 336 362 362 338 363 340 364 364 365 365 366 343 367 367 368 369 370 346 371 371 372 373 374 374 375 376 351 377 377 378 378 353 379 379 355
380 380 357 358 359 381 381 382 360 383 383 384 384 385 385 386 387 388 388 363 389 389 390 391 392 392 393 393 394 368 369 395 395 396 396 372 373 397 397 375 376 398 398 399 400 401 401 402 402 403
404 405 406 407 407 408 408 409 409 410 411 411 412 413 414 386 387 415 415 416 417 417 390 391 418 419 419 420 420 421 422 423 424 425 426 427 428 428 429 429 430 431 431 399 400 432 432 433 434 403
404 405 406 435 435 436 437 438 439 439 440 441 412 413 414 442 443 443 444 445 446 446 447 448 418 449 449 450 451 451 422 423 424 425 426 427 452 453 454 454 430 455 456 457 457 458 459 433 434 460
461 461 462 463 464 436 437 438 465 466 466 441 467 468 468 442 469 470 444 445 471 471 447 472 472 473 474 474 475 475 476 477 477 478 479 480 452 453 481 482 483 455 484 484 485 458 459 486 486 487
488 489 489 463 464 490 490 491 491 492 493 493 467 494 495 496 469 497 497 498 499 499 500 501 502 473 503 504 505 505 506 506 507 478 479 480 508 508 509 482 483 510 510 511 511 512 513 514 514 487
515 516 517 518 518 519 519 520 520 521 522 522 523 494 495 496 524 524 525 498 526 526 500 501 502 527 528 504 529 530 531 531 507 532 532 533 534 534 509 535 536 537 538 538 539 512 540 540 541 542
515 516 517 543 544 544 545 545 546 521 547 547 523 548 548 549 550 550 525 551 551 552 552 553 553 527 528 554 529 530 555 555 556 557 557 558 558 559 560 561 536 537 562 562 539 563 564 564 565 542
566 567 567 543 568 568 569 569 570 571 572 573 574 574 575 575 576 576 577 578 578 579 579 580 581 581 582 554 583 584 584 585 586 586 587 587 588 559 560 561 589 590 591 591 592 563 593 593 565 594
566 595 596 596 597 597 598 598 570 571 572 573 599 600 601 602 603 603 577 604 604 605 605 606 606 607 608 608 583 609 609 585 610 611 612 612 613 613 614 614 615 590 616 616 617 618 619 619 620 594
621 595 622 622 623 623 624 625 626 626 627 628 628 600 601 602 629 630 631 632 632 633 633 634 634 635 636 637 638 638 639 640 610 611 641 641 642 643 644 644 615 645 645 646 617 618 647 648 620 649
650 651 652 653 654 655 624 625 656 657 627 658 658 659 659 660 661 630 631 662 662 663 664 665 665 635 636 666 667 668 639 669 669 670 670 671 642 672 673 674 675 675 676 677 677 678 647 679 679 649
650 651 652 653 654 655 680 680 656 657 681 681 682 683 683 684 661 685 686 687 688 689 664 690 691 692 692 666 667 668 693 693 694 695 695 696 697 672 673 674 698 698 676 699 700 701 701 702 702 703
704 704 705 705 706 707 707 708 709 710 711 711 682 712 713 684 714 685 686 687 688 689 715 715 691 716 717 717 718 719 720 721 721 722 722 696 697 723 724 724 725 726 726 699 700 727 727 728 729 703
730 730 731 732 733 734 735 708 709 736 736 737 737 712 713 738 739 739 740 740 741 741 742 743 744 716 745 746 746 719 720 747 747 748 749 750 750 723 751 752 752 753 753 754 755 755 756 728 757 757
758 759 731 732 733 734 735 760 760 761 761 762 762 763 764 738 765 765 766 766 767 767 742 743 768 768 745 769 769 770 771 772 772 748 749 773 774 774 751 775 776 777 778 754 779 780 756 781 782 783
758 784 784 785 786 787 787 788 789 790 790 791 792 793 764 794 794 795 796 797 798 799 800 801 801 802 803 804 804 770 771 805 806 807 807 773 808 808 809 775 776 777 778 810 779 780 811 811 782 783
812 813 813 785 786 814 814 788 815 815 816 791 792 793 817 817 818 795 796 797 798 799 800 819 819 802 820 820 821 822 823 823 806 824 825 825 826 826 809 827 828 828 829 810 830 831 831 832 832 833
834 835 836 836 837 837 838 839 840 840 816 841 841 842 843 844 845 846 847 848 849 849 850 851 851 852 853 853 854 822 855 855 856 856 857 857 858 859 859 860 861 862 829 863 830 864 864 865 865 833
834 835 866 867 867 868 838 839 869 869 870 870 871 842 843 844 845 872 847 848 873 874 874 875 876 876 877 878 854 879 879 880 881 881 882 882 858 883 883 860 861 884 884 885 886 887 888 889 890 890
891 891 866 892 893 894 895 896 896 897 898 898 871 899 899 900 900 872 901 902 903 904 905 906 907 907 877 908 908 909 910 911 912 912 913 914 915 916 916 917 917 918 919 885 886 887 888 920 920 921
922 923 924 892 925 894 895 926 927 927 928 928 929 930 931 932 932 933 934 902 903 935 905 906 936 937 938 938 939 939 910 911 940 941 913 914 915 942 943 943 944 918 919 945 946 946 947 948 949 949
922 923 950 951 925 952 952 953 954 955 956 956 929 930 931 957 957 933 934 958 958 935 959 959 936 937 960 960 961 962 963 964 940 941 965 966 966 942 967 967 968 968 969 969 970 971 947 948 972 972
973 974 950 951 975 976 977 953 954 955 978 979 979 980 980 981 982 982 983 984 984 985 986 987 987 988 989 989 961 962 963 964 990 990 965 991 991 992 992 993 993 994 994 995 970 971 996 997 997 998
999 974 1000 1000 975 976 977 1001 1002 1002 978 1003 1004 1005 1005 981 1006 1007 1007 1008 1009 985 1010 1010 1011 988 1012 1012 1013 1013 1014 1015 1015 1016 1016 1017 1017 1018 1018 1019 1020 1020 1021 995 1022 1023 996 1024 1024 998
999 1025 1026 1027 1027 1028 1028 1001 1029 1029 1030 1003 1031 1032 1033 1034 1035 1036 1036 1008 1009 1037 1038 1038 1011 1039 1040 1041 1042 1042 1014 1043 1043 1044 1044 1045 1046 1047 1047 1019 1048 1048 1021 1049 1022 1023 1050 1050 1051 1051
1052 1025 1026 1053 1054 1055 1056 1056 1057 1057 1058 1058 1031 1059 1033 1060 1035 1061 1061 1062 1062 1037 1063 1063 1064 1039 1040 1065 1066 1067 1068 1068 1069 1070 1071 1071 1046 1072 1072 1073 1074 1074 1075 1049 1076 1076 1077 1078 1079 1080
1052 1081 1082 1083 1054 1055 1084 1085 1085 1086 1087 1088 1089 1059 1090 1060 1091 1092 1092 1093 1093 1094 1094 1095 1096 1096 1097 1065 1066 1067 1098 1098 1069 1070 1099 1100 1100 1101 1102 1102 1103 1104 1105 1106 1107 1108 1077 1078 1079 1080
1109 1081 1082 1083 1110 1110 1084 1111 1112 1112 1087 1088 1089 1113 1113 1114 1091 1115 1115 1116 1116 1117 1117 1095 1118 1119 1119 1120 1121 1121 1122 1123 1123 1124 1125 1126 1126 1101 1127 1127 1103 1104 1105 1128 1107 1108 1129 1129 1130 1131
1132 1132 1133 1134 1135 1136 1137 1138 1139 1140 1141 1142 1142 1143 1144 1145 1146 1147 1148 1149 1150 1151 1152 1153 1118 1154 1154 1120 1155 1156 1157 1158 1158 1124 1125 1159 1160 1160 1161 1162 1162 1163 1163 1128 1164 1165 1165 1166 1130 1131
1167 1168 1168 1134 1169 1136 1137 1138 1170 1140 1141 1171 1172 1143 1144 1145 1146 1147 1148 1149 1150 1151 1152 1153 1173 1173 1174 1174 1155 1156 1157 1175 1175 1176 1176 1159 1177 1177 1161 1178 1178 1179 1180 1181 1182 1182 1183 1183 1184 1185
1186 1186 1187 1187 1169 1188 1189 1189 1170 1190 1191 1171 1192 1193 1194 1194 1195 1195 1196 1197 1198 1199 1199 1200 1200 1201 1202 1202 1203 1203 1204 1204 1205 1206 1206 1207 1207 1208 1209 1210 1210 1179 1180 1181 1211 1211 1212 1212 1184 1213
1214 1215 1216 1217 1217 1188 1218 1219 1220 1220 1191 1221 1192 1193 1222 1223 1224 1224 1196 1197 1198 1225 1225 1226 1227 1201 1228 1229 1229 1230 1230 1231 1205 1232 1233 1233 1234 1208 1235 1235 1236 1236 1237 1237 1238 1238 1239 1240 1241 1213
1214 1215 1216 1242 1243 1244 1218 1219 1245 1246 1247 1221 1248 1249 1222 1250 1251 1252 1253 1254 1255 1255 1256 1226 1227 1257 1258 1258 1259 1260 1260 1261 1262 1232 1263 1263 1264 1265 1265 1266 1267 1267 1268 1269 1269 1270 1239 1240 1271 1271
1272 1273 1274 1242 1243 1244 1275 1276 1276 1246 1247 1277 1277 1249 1278 1250 1251 1252 1253 1254 1279 1279 1280 1281 1281 1257 1282 1282 1259 1283 1283 1261 1284 1285 1286 1286 1264 1287 1287 1288 1288 1289 1268 1290 1290 1270 1291 1291 1292 1293
1294 1273 1274 1295 1296 1296 1297 1297 1298 1299 1300 1300 1301 1301 1278 1302 1303 1303 1304 1305 1306 1306 1280 1307 1307 1308 1308 1309 1310 1311 1311 1312 1284 1285 1313 1314 1315 1316 1317 1317 1318 1318 1319 1319 1320 1321 1322 1322 1292 1293
1294 1323 1323 1324 1324 1325 1326 1326 1298 1299 1327 1327 1328 1329 1329 1302 1330 1331 1331 1305 1332 1332 1333 1334 1334 1335 1335 1309 1310 1336 1336 1312 1337 1337 1313 1314 1315 1316 1338 1339 1339 1340 1340 1341 1320 1321 1342 1342 1343 1343
36 9 45 35 59 37 16 41 89 48 90 37 28 67 92 34 59 36 60 80 64 60 10 76 24 92 94 18 32 9 67 43 68 6 43 34 63 17 38 38 54 24 43 54 3 59 95 56 15 69
47 3 59 32 26 36 2 11 57 31 90 30 77 62 62 79 40 34 38 67 48 87 56 10 46 21 28 53 85 55 36 43 41 24 24 82 54 19 14 33 63 1 33 64 78 33 0 51 42 96
33 87 26 6 67 72 82 39 59 26 50 27 87 64 76 16 5 34 32 67 32 36 58 11 59 24 30 78 26 22 9 48 8 56 45 28 29 17 82 3 21 64 76 10 53 35 27 65 21 18
97 63 36 47 91 41 82 84 95 80 83 35 58 71 75 33 59 4 90 64 60 66 87 54 48 67 71 52 48 90 89 32 20 51 88 60 34 33 22 22 40 30 47 15 78 83 53 0 19 61
36 76 54 14 59 40 40 86 81 55 28 3 72 39 38 8 86 29 68 35 59 39 17 2 17 32 53 3 73 65 57 17 7 82 4 99 98 7 31 55 17 0 89 19 18 30 14 88 97 14
53 2 44 42 20 66 84 23 60 57 91 85 0 19 2 0 40 98 47 18 40 66 83 55 4 73 50 36 98 74 89 5 44 18 69 76 46 46 90 83 61 90 7 87 80 87 95 7 68 36
91 24 31 13 56 87 36 0 92 88 44 23 62 54 75 18 71 31 17 58 65 72 90 84 67 68 64 51 71 64 41 73 47 77 92 18 23 55 11 90 8 32 45 75 51 54 67 48 44 74
41 14 45 4 39 40 8 63 61 14 32 25 32 14 28 71 49 87 34 41 42 94 41 8 22 81 0 56 9 73 35 16 15 20 30 1 90 26 30 74 62 89 58 77 76 24 12 39 59 24
59 97 86 87 56 64 43 16 22 63 55 21 28 80 45 39 26 9 84 37 4 80 50 16 88 56 48 32 23 58 65 71 78 4 79 66 5 92 23 29 87 27 74 65 69 9 66 25 62 89
32 17 71 76 25 75 48 42 16 4 62 47 23 88 6 81 32 40 20 40 78 51 12 40 5 60 76 97 96 9 99 38 44 81 43 42 22 62 85 23 52 93 75 70 8 51 54 3 67 71
20 76 32 74 91 7 12 93 93 68 34 52 80 56 72 39 4 45 17 28 25 51 52 75 37 7 87 69 73 96 78 62 72 62 19 84 79 63 69 57 0 85 90 20 25 42 3 46 1 89
4 59 63 45 0 32 76 42 83 14 33 35 96 66 65 77 60 62 92 92 58 15 50 25 83 37 31 93 9 20 76 18 19 6 39 92 16 59 75 38 91 55 49 35 57 79 86 87 10 95
33 20 28 42 27 35 85 39 11 64 33 36 36 63 25 45 61 80 17 3 24 8 45 41 47 60 61 13 13 66 46 83 64 41 39 90 44 68 59 78 61 28 54 77 20 49 85 44 11 51
94 52 38 75 57 49 19 35 18 57 30 11 1 25 33 84 82 82 50 53 20 64 75 56 59 98 21 44 54 67 44 62 91 24 78 47 0 22 91 55 41 37 4 1 29 11 93 78 72 58
26 34 39 91 96 0 84 43 23 76 46 67 0 51 34 44 94 78 7 75 17 23 81 47 65 78 69 31 62 53 5 41 65 30 95 68 64 48 85 80 40 67 58 10 37 24 58 82 89 68
56 54 87 95 27 94 77 84 79 65 58 71 76 27 43 88 73 97 72 96 28 73 54 9 93 52 13 10 73 6 17 67 43 63 29 21 98 25 63 78 98 47 54 99 69 12 15 48 22 25
13 98 10 58 56 92 46 96 84 30 61 59 49 60 82 12 58 34 90 40 73 15 79 7 17 90 39 71 71 13 66 87 73 14 59 53 69 19 33 41 71 74 13 23 59 49 35 31 88 15
93 76 15 12 26 93 90 66 55 72 33 37 86 10 52 37 23 40 67 67 8 88 29 18 65 9 23 92 27 51 4 55 57 48 68 69 24 9 36 81 37 96 2 38 54 5 84 93 39 92
60 68 54 25 9 64 40 49 83 4 70 22 29 83 24 66 83 56 13 11 10 71 50 59 1 43 78 11 55 74 91 19 79 84 17 61 78 67 64 83 95 62 30 26 41 83 60 75 69 67
48 28 20 69 8 87 72 56 51 56 41 81 53 57 59 71 60 90 58 51 80 98 93 57 66 35 29 35 97 45 33 72 65 65 77 34 43 19 6 65 94 75 39 25 6 15 34 50 6 34
50 83 19 59 45 2 15 2 78 59 35 48 93 45 72 78 49 5 65 74 71 29 9 56 39 37 63 45 95 57 64 89 75 61 36 12 29 64 0 59 52 4 31 91 29 88 44 64 28 14
37 24 16 48 21 12 94 70 3 72 0 70 43 22 13 70 82 8 8 55 98 62 31 6 10 93 58 26 5 32 47 82 70 27 0 64 30 85 51 72 46 8 33 96 25 27 3 35 98 88
13 49 98 14 98 91 80 64 28 74 38 58 49 27 21 91 13 5 89 25 11 75 53 84 30 66 97 38 85 78 80 44 68 79 72 96 70 46 48 66 88 90 66 51 53 70 65 31 89 10
83 87 76 96 0 5 20 65 67 6 21 48 45 99 89 6 11 20 65 52 37 28 44 88 69 51 79 26 80 96 52 65 33 41 97 85 41 86 19 85 44 97 6 5 2 33 18 32 35 14
19 68 46 50 10 59 64 30 14 97 52 38 88 73 72 41 93 97 21 57 62 64 66 70 57 5 2 97 99 38 54 0 94 95 23 85 39 16 12 68 42 31 65 95 17 51 34 50 88 95
35 92 60 66 59 90 66 20 29 65 15 86 54 16 58 86 84 94 80 58 30 38 95 51 95 73 35 39 25 51 11 91 59 8 7 22 80 46 91 46 1 29 61 49 68 78 56 52 18 27
85 97 28 9 30 6 26 48 70 30 74 56 86 87 52 60 51 51 26 61 87 52 77 51 21 12 85 28 98 37 29 57 5 35 41 23 64 79 11 48 25 26 7 49 3 54 84 38 92 3
56 51 51 86 8 19 91 48 36 91 33 88 89 41 77 13 71 67 85 89 72 50 8 97 61 77 27 3 74 83 0 47 23 78 47 68 32 78 69 21 97 79 50 66 54 58 43 34 41 73
56 40 14 51 29 34 88 88 82 71 97 63 13 47 85 57 66 24 42 85 15 59 34 97 81 57 19 99 51 44 76 99 34 13 96 31 92 80 18 73 23 1 67 48 75 11 82 98 14 31
43 2 81 92 15 8 14 96 0 3 50 18 84 77 84 42 91 46 1 53 14 34 82 18 58 28 45 98 90 41 84 86 48 75 17 20 82 7 51 4 98 23 80 60 39 29 43 29 13 37
73 49 98 35 18 48 15 18 3 7 15 79 57 26 75 72 83 42 84 13 85 2 15 66 13 14 40 88 32 27 0 80 34 8 40 65 93 4 53 44 69 64 0 70 89 69 68 19 51 29
75 2 14 29 77 60 56 20 78 9 47 73 39 80 13 90 84 87 86 85 96 87 53 87 48 93 32 85 20 40 88 82 56 39 33 46 2 78 42 41 52 35 77 71 99 71 62 78 53 34
48 37 43 48 87 82 94 95 25 26 7 7 60 43 11 40 42 72 51 87 47 76 10 39 2 5 20 43 33 2 99 57 50 97 88 44 75 90 83 98 11 41 52 36 5 11 47 64 43 80
11 55 2 6 79 71 54 52 85 55 40 93 78 63 31 48 88 38 95 37 29 82 60 26 77 29 87 88 77 65 67 87 22 19 15 40 9 33 87 96 25 36 28 74 75 20 65 78 19 73
83 44 50 75 3 79 76 77 93 87 25 12 91 73 84 69 19 49 2 35 73 25 27 80 1 0 5 23 35 3 32 54 95 64 10 65 73 96 96 31 84 81 17 30 60 94 80 2 76 81
36 24 95 76 99 15 90 14 45 1 43 82 46 21 14 87 83 91 87 53 52 73 52 66 75 94 54 47 31 85 77 61 47 63 34 12 32 90 82 57 58 53 11 3 13 66 39 18 8 55
72 44 55 46 9 1 50 87 64 65 49 12 73 99 48 8 7 63 97 10 82 98 8 90 9 9 84 60 23 76 51 48 99 58 19 23 29 13 87 29 59 4 54 95 13 33 96 46 85 51
48 92 81 13 83 87 27 44 65 55 43 6 7 67 94 9 41 96 62 56 43 13 24 1 8 13 22 88 0 26 82 67 79 35 33 71 30 2 49 30 12 86 64 97 15 61 98 63 1 98
21 68 56 62 39 33 36 97 35 40 80 66 71 7 76 45 11 88 49 61 9 56 29 51 3 19 26 94 80 23 11 18 61 81 86 12 36 99 67 63 26 20 64 72 78 14 30 15 21 63
75 68 66 21 97 24 81 87 88 35 42 23 2 4 9 4 1 54 83 30 38 63 21 86 2 35 43 87 61 97 79 29 78 74 59 45 75 70 75 93 31 56 33 27 41 78 80 5 33 19
5 28 78 73 69 92 25 48 97 19 53 21 87 65 67 16 94 35 96 82 26 55 88 17 4 18 39 8 89 29 4 81 35 2 38 32 77 96 63 68 77 19 99 13 85 93 58 68 4 69
24 98 72 70 71 74 42 49 71 28 66 66 84 77 56 88 39 38 44 86 74 49 28 67 91 2 11 13 44 78 83 48 33 65 0 74 21 74 89 26 14 15 74 93 46 70 84 29 46 6
26 61 78 89 62 36 72 85 71 11 83 87 11 24 54 87 19 70 15 28 0 84 47 54 80 59 98 19 50 88 41 93 23 24 88 53 50 51 34 52 13 60 25 99 95 84 65 78 69 29
29 86 64 11 96 74 80 80 63 71 83 11 2 13 79 25 83 69 69 46 38 78 69 48 31 42 83 42 9 54 50 63 61 61 18 21 88 6 6 39 85 16 87 78 95 56 14 50 6 99
17 4 37 47 19 52 40 38 41 4 43 9 48 20 45 39 80 8 5 36 70 15 81 88 24 37 47 64 94 12 64 68 93 35 50 59 95 13 12 56 49 95 52 46 91 72 64 5 41 38
46 77 12 81 55 49 27 97 92 77 81 68 64 12 71 80 24 39 58 51 23 37 18 67 30 14 75 4 88 25 83 77 84 4 1 17 99 84 90 44 83 38 24 18 82 42 77 7 79 40
0 4 89 58 26 41 18 10 79 27 74 67 20 75 9 82 64 95 0 98 24 11 31 0 37 93 9 48 37 24 8 62 37 37 22 99 21 31 72 26 14 50 91 50 73 66 53 70 43 56
17 32 49 62 1 12 80 75 74 95 3 72 10 47 63 22 59 83 41 70 76 20 21 12 71 20 5 31 29 94 35 27 50 0 93 60 86 96 98 49 55 56 47 98 30 12 24 59 69 70
68 32 61 12 34 22 71 2 1 79 24 1 13 53 33 87 58 37 37 35 85 69 71 83 73 50 41 26 21 87 77 4 73 43 40 17 97 33 94 19 67 4 61 50 56 18 86 7 9 57
67 85 53 67 44 36 4 26 48 97 64 80 72 89 91 19 46 92 41 7 13 11 83 26 51 62 66 4 47 54 88 93 68 5 15 16 90 94 56 91 59 51 93 77 67 83 1 58 3 52
