46 25
0 0 1 1 2 3 4 4 5 6 7 8 9 9 10 11 12 12 13 14 14 15 16 17 17 18 18 19 20 21 22 22 23 24 24 25 25 26 26 27 27 28 28 29 30 30 31 31 32 32
33 34 34 35 35 3 36 37 5 6 7 8 38 38 39 11 40 41 41 42 43 15 44 44 45 46 46 19 20 21 47 48 23 49 49 50 50 51 52 53 54 55 55 56 57 58 58 59 59 60
61 62 62 63 64 64 36 65 66 67 68 69 70 70 39 71 40 72 72 42 43 73 74 74 45 75 75 76 77 77 47 48 78 79 80 80 81 51 52 53 54 82 82 56 83 84 84 85 86 60
61 87 87 63 88 89 89 65 66 90 68 69 91 91 92 92 93 93 94 95 95 73 96 97 98 98 99 76 100 101 101 102 102 79 103 103 81 104 105 106 106 107 108 108 83 109 110 85 86 111
112 112 113 113 88 114 115 116 117 90 118 119 119 120 121 121 122 122 94 123 123 124 96 97 125 125 126 126 100 127 127 128 129 130 130 131 131 104 105 132 132 107 133 134 135 109 110 136 136 137
138 138 139 139 140 114 115 116 117 141 141 142 142 120 143 144 145 146 146 147 148 149 149 150 151 151 152 152 153 154 154 128 129 155 155 156 156 157 157 158 159 159 133 134 135 160 160 161 161 137
162 163 164 164 140 165 165 166 166 167 168 169 170 171 143 144 145 172 173 147 174 174 175 150 176 176 177 178 178 179 179 180 180 181 181 182 183 183 184 158 185 186 186 187 188 188 189 189 190 190
162 163 191 191 192 192 193 194 194 195 168 169 170 171 196 196 197 197 173 198 198 199 175 200 200 201 201 202 203 204 205 205 206 207 207 182 208 208 209 210 185 211 212 213 214 214 215 216 216 217
218 219 220 221 222 222 193 223 224 195 225 226 226 227 228 229 229 230 230 231 231 199 232 232 233 233 234 202 235 204 236 237 206 238 239 240 241 242 209 243 243 211 244 213 245 246 215 247 247 217
218 219 220 221 248 249 250 223 224 251 251 252 252 227 228 253 254 254 255 255 256 257 258 258 259 259 260 261 235 262 262 237 263 238 264 240 241 265 265 266 266 267 244 268 268 246 269 270 270 271
272 273 274 274 248 249 250 275 276 276 277 278 279 280 280 253 281 281 282 282 283 257 284 284 285 285 260 261 286 287 288 288 263 289 264 290 290 291 291 292 292 267 293 293 294 295 296 297 298 271
299 273 300 300 301 302 303 303 304 305 277 278 279 306 307 308 308 309 310 311 283 312 313 314 315 315 316 316 286 287 317 317 318 289 319 320 321 322 323 323 324 325 325 326 294 295 296 297 298 327
299 328 329 330 331 302 332 333 304 305 334 334 335 335 307 336 337 309 310 311 338 339 313 340 341 341 342 343 343 344 345 345 318 346 319 320 321 322 347 347 324 348 349 349 350 350 351 352 353 327
354 328 329 330 331 355 332 333 356 356 357 358 358 359 360 336 361 361 362 362 338 339 363 340 364 364 342 365 365 344 366 366 367 367 368 368 369 370 370 371 371 372 372 373 374 374 375 352 353 376
354 377 377 378 379 380 380 381 381 382 382 383 384 385 360 386 386 387 388 389 390 390 363 391 392 392 393 394 394 395 396 396 397 397 398 398 399 400 400 401 401 402 403 373 404 404 375 405 405 376
406 406 407 378 379 408 409 410 410 411 411 412 384 385 413 414 414 387 388 389 415 416 417 391 418 418 393 419 420 395 421 422 423 423 424 425 399 426 427 428 429 430 403 431 431 432 433 433 434 435
436 437 407 438 438 408 409 439 439 440 440 412 441 441 413 442 442 443 443 444 415 416 417 445 445 446 447 447 420 448 449 422 450 450 424 451 451 426 427 428 429 430 452 453 454 454 455 455 434 456
436 437 457 457 458 458 459 459 460 461 461 462 462 463 464 465 465 466 467 467 468 469 470 470 471 472 473 474 474 448 449 475 475 476 477 477 478 479 479 480 480 481 452 453 482 483 483 484 484 456
485 485 486 486 487 488 488 489 460 490 490 491 492 463 464 493 493 466 494 495 468 469 496 497 497 472 473 498 499 499 500 501 502 476 503 504 478 505 506 506 507 481 508 508 509 509 510 511 511 512
513 514 514 515 487 516 516 517 517 518 518 491 492 519 520 521 521 522 494 523 523 524 496 525 526 527 527 498 528 529 500 501 502 530 503 504 531 505 532 532 507 533 534 534 535 535 536 537 538 538
539 539 540 515 541 541 542 542 543 544 545 545 546 546 520 547 548 549 549 550 550 524 551 525 526 552 552 553 528 529 554 555 556 557 557 558 558 559 559 560 561 562 562 563 563 564 536 565 566 566
567 568 569 569 570 570 571 572 572 544 573 574 575 576 576 547 548 577 577 578 579 580 580 581 582 582 583 553 584 584 554 555 556 585 585 586 586 587 588 560 589 590 591 591 592 592 593 565 594 594
567 568 595 595 596 597 597 598 599 600 573 574 575 601 601 602 603 604 605 605 579 606 607 607 608 608 583 609 610 610 611 612 612 613 613 614 614 587 615 616 589 590 617 618 619 620 593 621 621 622
623 624 624 625 626 626 627 627 599 600 628 629 629 630 630 602 603 631 632 633 633 606 634 635 635 636 636 609 637 637 611 638 639 639 640 641 642 642 615 643 643 644 644 618 619 645 645 646 646 622
623 647 647 625 648 649 649 650 651 651 628 652 652 653 653 654 654 631 632 655 656 656 634 657 658 658 659 660 660 661 662 638 663 663 640 641 664 665 666 666 667 668 668 669 670 670 671 671 672 672
673 673 674 674 648 675 676 650 677 677 678 678 679 679 680 680 681 681 682 655 683 684 684 685 685 686 686 687 687 661 662 688 688 689 689 690 664 665 691 692 693 693 694 669 695 695 696 696 697 698
699 700 701 702 702 675 676 703 703 704 704 705 706 707 707 708 709 710 711 711 683 712 713 714 715 716 716 717 718 719 720 720 721 722 722 723 723 724 724 692 725 726 694 727 727 728 728 729 697 698
730 700 731 732 733 733 734 735 736 737 738 705 706 739 739 708 709 710 740 741 742 712 713 714 715 743 744 717 718 719 745 745 746 747 748 749 749 750 751 752 725 753 754 755 756 757 758 729 759 759
730 760 731 732 761 761 734 735 736 737 738 762 763 763 764 764 765 765 740 741 766 767 768 768 769 743 770 771 772 773 773 774 746 747 748 775 776 777 751 752 778 753 754 755 756 757 758 779 780 781
782 760 783 784 785 785 786 787 787 788 788 762 789 789 790 790 791 792 793 793 766 767 794 794 769 795 770 771 772 796 796 797 798 798 799 799 776 777 800 800 778 801 801 802 802 803 803 804 780 781
805 806 783 807 808 809 786 810 810 811 811 812 813 813 814 814 791 792 815 816 817 818 818 819 820 821 822 823 823 824 824 797 825 826 827 828 828 829 829 830 830 831 832 833 834 834 835 804 836 836
805 806 837 807 808 838 839 840 841 841 842 812 843 844 844 845 845 846 815 816 817 847 847 848 820 821 822 849 849 850 850 851 825 826 827 852 853 853 854 855 856 856 832 857 857 858 835 859 860 860
861 862 837 863 864 838 839 840 865 866 842 867 843 868 868 869 869 846 870 871 871 872 872 848 873 874 875 876 876 877 877 851 878 878 879 852 880 881 881 855 882 882 883 884 885 858 886 859 887 887
861 862 888 863 889 890 890 891 865 866 892 892 893 894 895 895 896 897 897 898 899 899 900 900 873 874 875 901 901 902 903 903 904 904 879 905 905 906 906 907 908 909 909 884 910 910 886 911 911 912
913 913 888 914 889 915 915 891 916 917 918 918 893 894 919 919 896 920 921 922 923 923 924 925 925 926 927 928 928 902 929 930 930 931 932 933 933 934 935 907 908 936 936 937 937 938 939 940 941 942
943 944 944 945 946 946 947 948 916 917 949 949 950 950 951 952 953 953 921 922 954 954 924 955 955 926 927 956 957 958 959 960 960 931 961 962 963 963 935 964 965 965 966 966 967 967 939 940 941 942
943 968 968 945 969 970 947 948 971 972 973 973 974 975 951 952 976 977 978 978 979 979 980 980 981 981 982 982 957 958 959 983 984 984 961 985 985 986 987 987 988 989 989 990 991 991 992 992 993 993
994 994 995 995 969 970 996 997 971 972 998 998 974 975 999 999 976 977 1000 1001 1001 1002 1002 1003 1004 1004 1005 1006 1007 1007 1008 1009 1009 1010 1011 1011 1012 1013 1014 1015 1016 1016 1017 990 1018 1019 1020 1020 1021 1021
1022 1023 1024 1025 1025 1026 1026 997 1027 1027 1028 1029 1030 1031 1032 1033 1033 1034 1034 1035 1036 1036 1037 1003 1038 1038 1005 1006 1039 1039 1008 1040 1040 1010 1041 1041 1012 1013 1014 1015 1042 1042 1043 1043 1018 1044 1044 1045 1046 1047
1022 1023 1024 1048 1048 1049 1049 1050 1050 1051 1028 1029 1030 1031 1032 1052 1053 1054 1054 1035 1055 1055 1037 1056 1056 1057 1057 1058 1059 1059 1060 1061 1061 1062 1062 1063 1063 1064 1064 1065 1065 1066 1067 1068 1069 1070 1070 1045 1046 1047
1071 1071 1072 1073 1073 1074 1074 1075 1075 1076 1076 1077 1077 1078 1078 1052 1053 1079 1079 1080 1081 1082 1082 1083 1083 1084 1084 1058 1085 1086 1060 1087 1087 1088 1089 1090 1091 1091 1092 1093 1094 1066 1067 1068 1069 1095 1096 1096 1097 1097
1098 1099 1100 1100 1101 1102 1103 1104 1104 1105 1105 1106 1106 1107 1107 1108 1108 1109 1110 1080 1081 1111 1112 1112 1113 1114 1114 1115 1085 1086 1116 1117 1118 1118 1089 1090 1119 1120 1120 1093 1094 1121 1121 1122 1122 1095 1123 1124 1124 1125
1098 1126 1126 1127 1101 1128 1103 1129 1130 1131 1131 1132 1133 1134 1135 1136 1136 1109 1137 1137 1138 1111 1139 1139 1113 1140 1140 1115 1141 1142 1116 1117 1143 1144 1144 1145 1145 1146 1146 1147 1147 1148 1148 1149 1150 1150 1151 1151 1152 1125
1153 1153 1154 1127 1155 1128 1156 1129 1130 1157 1158 1158 1133 1134 1159 1160 1161 1162 1162 1163 1164 1164 1165 1166 1166 1167 1168 1169 1141 1142 1170 1171 1143 1172 1172 1173 1173 1174 1174 1175 1176 1177 1178 1178 1179 1180 1180 1181 1181 1182
1183 1184 1154 1185 1185 1186 1156 1187 1188 1157 1189 1190 1190 1191 1159 1160 1192 1193 1194 1163 1195 1196 1165 1197 1197 1198 1168 1169 1199 1200 1170 1171 1201 1201 1202 1202 1203 1203 1204 1205 1176 1206 1206 1207 1207 1208 1208 1209 1209 1182
1183 1184 1210 1210 1211 1186 1212 1187 1188 1213 1189 1214 1214 1215 1215 1216 1192 1193 1217 1217 1195 1218 1218 1219 1219 1198 1220 1220 1199 1221 1221 1222 1223 1224 1224 1225 1226 1226 1204 1205 1227 1228 1229 1230 1231 1232 1233 1234 1235 1235
1236 1237 1238 1239 1211 1240 1212 1241 1242 1242 1243 1244 1245 1246 1246 1216 1247 1248 1248 1249 1250 1250 1251 1252 1252 1253 1254 1254 1255 1255 1256 1222 1257 1258 1258 1225 1259 1260 1261 1261 1227 1228 1229 1262 1231 1232 1233 1234 1263 1264
1236 1237 1238 1239 1265 1266 1267 1268 1268 1269 1243 1244 1245 1270 1271 1271 1247 1272 1273 1249 1274 1274 1251 1275 1276 1253 1277 1278 1278 1279 1256 1280 1257 1281 1281 1282 1282 1260 1283 1284 1285 1285 1286 1262 1287 1288 1289 1289 1263 1264
1290 1291 1292 1293 1265 1266 1267 1294 1294 1269 1295 1295 1296 1297 1297 1298 1299 1272 1300 1301 1301 1302 1302 1275 1276 1303 1303 1304 1304 1279 1305 1305 1306 1306 1307 1308 1309 1309 1283 1310 1310 1311 1286 1312 1287 1313 1313 1314 1315 1315
1290 1291 1292 1293 1316 1317 1317 1318 1318 1319 1320 1320 1296 1321 1322 1322 1299 1323 1300 1324 1324 1325 1326 1326 1327 1328 1328 1329 1330 1330 1331 1332 1332 1333 1333 1308 1334 1334 1335 1335 1336 1311 1337 1338 1338 1339 1339 1314 1340 1340
30 97 81 45 93 10 85 82 52 5 93 87 12 9 58 21 4 90 15 27 95 75 26 97 9 75 42 24 99 14 83 40 88 9 21 71 89 50 53 33 80 74 89 20 10 11 33 98 67 77
35 40 56 26 67 76 81 39 37 9 22 94 67 79 33 97 70 15 2 18 33 8 70 94 42 39 67 51 39 27 98 82 48 33 57 53 42 67 88 79 53 4 17 91 55 52 53 83 70 90
74 9 58 81 22 34 57 35 37 62 3 66 24 57 43 54 42 29 38 20 25 54 32 50 15 65 86 24 14 3 59 61 47 40 94 40 44 15 84 33 53 17 71 28 69 74 37 56 72 28
26 98 51 29 4 91 43 7 87 17 60 0 83 57 54 48 14 70 42 49 50 54 98 74 69 62 68 82 40 55 70 44 42 79 53 40 63 7 86 5 89 6 86 83 15 44 13 59 70 48
46 72 93 38 13 58 85 5 63 63 58 49 32 98 33 52 2 14 6 5 4 66 16 95 40 27 38 59 96 88 57 71 97 2 3 51 85 73 78 76 38 45 70 31 38 15 8 20 65 99
8 75 62 90 47 14 82 74 5 37 16 20 95 19 62 19 16 30 95 61 41 17 16 29 29 83 26 70 38 32 73 85 62 58 14 70 25 2 58 99 83 46 91 93 53 71 59 59 8 44
25 67 25 38 1 47 14 38 71 98 81 0 8 3 45 75 47 17 72 45 1 61 13 63 76 17 51 94 63 75 33 65 70 49 85 46 76 32 69 43 6 48 43 63 36 89 3 98 89 64
23 25 60 30 98 50 63 38 32 46 32 90 26 48 58 95 48 53 66 72 23 90 46 13 66 2 97 40 21 93 54 59 48 92 46 45 57 45 80 9 91 39 44 73 19 13 87 44 30 2
44 74 95 74 34 82 83 1 19 16 60 2 34 44 15 3 25 57 68 93 11 8 74 5 18 77 73 84 38 38 64 64 47 34 10 42 63 84 63 57 9 36 39 58 37 58 27 92 85 95
6 16 58 0 80 89 73 90 75 90 70 48 60 79 41 29 71 28 61 16 21 71 62 52 53 97 56 12 64 31 72 99 61 57 40 90 89 37 71 3 41 16 97 90 74 34 86 13 14 48
64 84 60 0 15 68 33 47 58 7 59 44 98 60 50 16 87 31 32 21 17 98 8 11 44 10 46 92 32 98 15 46 15 60 0 10 73 4 6 34 90 37 21 49 46 21 40 35 83 12
72 48 62 88 34 55 64 53 8 97 75 60 13 30 2 70 35 65 71 60 52 49 75 97 55 72 28 29 67 89 14 91 55 30 6 9 26 84 77 26 38 99 62 54 26 71 6 97 64 21
13 10 33 23 19 56 57 25 1 54 49 71 55 35 92 78 52 78 3 62 26 24 35 20 9 17 10 11 69 84 72 69 22 7 54 65 82 26 21 34 58 90 48 54 15 12 63 88 35 47
15 90 93 89 0 37 7 48 41 52 62 88 16 74 22 28 23 0 99 12 73 22 88 91 20 38 55 10 20 4 73 71 62 91 81 79 84 4 3 27 74 76 31 41 12 61 34 46 19 78
22 2 19 50 96 10 91 34 54 52 38 54 31 30 61 30 7 25 92 13 79 83 18 93 54 87 96 95 49 97 79 46 72 2 96 36 49 42 96 75 95 56 88 91 88 79 69 21 5 60
65 35 10 58 98 41 4 7 52 76 1 24 78 46 98 58 39 79 45 86 91 26 0 20 73 34 67 16 11 75 42 97 37 88 42 99 85 33 70 40 17 86 33 12 45 97 21 41 18 41
46 33 11 34 98 68 86 99 86 28 91 90 52 30 54 98 20 74 80 31 10 95 27 38 94 86 57 33 88 54 56 56 9 12 8 30 97 70 6 32 80 57 13 32 95 26 37 0 95 64
30 23 68 21 87 78 50 16 55 47 59 9 84 50 69 97 59 57 22 96 0 58 94 7 56 52 84 40 5 7 24 34 90 26 97 45 1 0 10 45 89 41 55 80 68 89 49 49 68 96
8 55 75 64 81 94 22 11 47 23 69 29 0 83 26 51 70 55 96 29 72 1 99 87 92 43 31 3 56 55 40 1 52 59 12 97 29 58 7 1 56 79 63 60 22 9 76 52 12 59
2 52 28 48 73 31 67 80 2 80 50 73 15 82 84 58 3 87 70 43 63 44 89 87 42 18 79 68 45 5 85 47 37 21 69 73 61 77 70 24 58 32 59 31 20 54 51 81 77 45
23 49 65 35 43 28 83 4 66 31 88 96 60 82 61 34 45 89 72 63 32 68 81 41 12 78 96 84 40 40 50 76 36 48 23 24 54 37 52 82 36 57 93 76 64 28 10 71 15 41
15 63 32 42 36 73 15 43 75 30 62 45 12 71 35 93 31 19 45 53 52 57 54 62 52 40 53 75 90 26 54 60 31 6 27 56 80 37 5 34 51 45 17 5 57 26 17 69 50 84
99 71 66 66 4 84 27 36 7 75 95 13 64 56 75 97 68 94 5 33 55 91 54 26 55 52 56 86 94 57 42 14 90 0 85 69 95 62 39 13 12 28 58 15 82 23 95 62 93 85
66 5 56 31 58 95 92 47 54 45 36 17 60 38 36 90 42 61 8 38 32 91 75 97 0 12 45 22 24 2 50 71 9 88 94 14 70 50 83 35 30 98 84 33 20 18 59 92 30 14
2 14 64 80 92 50 97 55 17 43 33 77 45 14 62 9 64 96 91 7 52 22 16 30 80 74 14 67 89 81 38 56 29 71 67 0 93 52 12 36 88 47 8 65 53 32 10 44 75 16
63 1 9 26 80 9 50 69 4 23 99 23 39 60 37 75 28 12 46 99 74 76 66 39 34 0 10 28 70 34 17 42 36 14 69 36 67 48 62 1 27 80 19 29 3 3 6 43 77 51
44 70 63 5 96 29 34 60 66 72 5 90 17 96 85 85 58 78 74 22 18 9 0 8 46 40 65 72 19 88 51 83 53 8 63 50 74 45 98 26 62 60 71 10 57 54 9 6 47 28
46 72 76 71 11 15 85 39 70 14 75 85 68 72 76 49 19 76 47 65 46 30 15 74 61 89 48 64 70 73 97 69 33 63 11 95 23 64 24 0 28 94 36 86 7 59 82 91 5 19
32 55 31 3 59 41 53 18 33 1 77 39 84 61 21 92 92 79 18 97 27 98 28 36 32 8 26 33 76 58 40 31 35 25 10 60 69 46 51 13 94 66 43 9 67 10 34 74 89 44
42 73 31 36 43 27 76 6 6 64 50 41 65 89 84 36 47 67 94 59 99 6 88 4 2 38 55 59 50 79 82 37 31 20 3 31 45 1 86 92 33 67 41 34 76 88 26 46 54 51
8 49 35 57 32 19 50 64 43 22 1 53 56 50 55 54 77 7 62 68 54 86 74 62 95 4 69 20 75 21 82 33 58 43 34 72 80 36 83 29 19 12 36 90 24 50 72 84 98 86
55 27 15 25 81 7 62 48 35 86 19 30 26 32 22 58 18 97 42 65 96 42 25 1 39 49 21 53 38 45 62 4 39 23 63 5 79 27 23 83 31 42 36 61 7 63 40 21 16 88
32 66 14 20 50 35 15 4 40 26 94 34 24 39 48 89 97 82 97 97 55 42 60 55 7 75 18 25 65 72 59 72 82 52 55 81 42 21 60 21 89 29 48 73 52 22 35 41 76 92
71 38 64 78 84 89 98 36 67 58 67 97 68 53 1 31 99 18 76 83 30 1 19 86 1 0 70 40 23 67 68 73 55 51 18 21 96 25 29 73 30 87 48 50 89 96 2 78 31 90
42 58 68 3 43 95 89 65 44 50 4 51 30 60 58 48 48 63 74 38 82 1 68 63 67 40 66 41 86 4 32 4 34 23 48 79 64 5 40 38 18 63 73 38 37 23 0 89 60 67
76 56 74 88 72 11 65 5 69 76 81 24 30 83 59 66 74 14 33 74 56 2 26 98 62 98 24 3 23 89 6 3 52 88 50 94 79 16 84 0 48 77 2 33 44 37 80 63 7 92
26 77 53 74 50 63 51 31 56 63 21 52 67 7 16 23 68 41 91 13 77 7 62 22 23 17 72 30 9 36 80 11 64 59 14 58 96 38 25 28 92 31 64 51 93 88 4 86 31 71
93 8 72 75 94 72 59 74 5 5 82 97 84 98 26 12 29 37 43 92 9 58 35 93 91 49 69 9 40 99 19 4 14 57 30 52 34 91 16 77 2 32 9 56 92 28 68 48 57 54
5 52 52 30 76 2 72 86 31 84 36 82 28 36 6 29 19 56 34 64 77 91 96 60 74 34 96 66 47 76 18 10 25 18 35 17 28 33 56 2 87 90 29 59 11 50 32 62 26 47
25 7 41 35 3 80 5 97 86 84 32 15 92 25 96 12 46 7 0 47 75 36 32 7 3 40 9 26 71 68 41 87 63 60 66 27 51 70 38 0 5 51 44 64 33 15 89 53 85 18
38 78 62 89 4 44 62 4 61 2 0 10 15 82 83 40 58 72 38 29 22 88 40 25 41 81 7 53 68 40 86 86 72 17 91 57 79 27 80 89 39 29 21 96 15 93 47 56 30 5
45 23 19 92 37 71 24 94 18 15 83 7 63 36 23 66 83 78 70 76 58 46 9 12 4 25 82 7 33 67 2 47 54 44 74 10 76 88 86 46 18 73 81 72 12 53 15 37 8 66
89 96 62 75 26 14 17 58 57 57 93 62 24 79 83 61 72 67 59 75 72 5 21 24 57 74 66 65 23 18 98 73 10 6 75 92 26 51 30 21 98 24 7 17 66 63 14 81 2 45
13 22 16 0 59 97 30 45 24 84 71 19 67 99 26 11 82 80 48 12 11 76 17 1 40 56 55 98 13 24 55 28 56 40 85 61 39 73 23 60 37 27 65 60 48 33 63 96 24 38
48 35 57 74 87 2 70 34 21 0 66 89 72 57 82 50 94 96 77 29 17 89 28 30 68 97 7 85 83 83 51 69 85 39 41 69 53 8 42 89 39 4 24 31 40 12 94 27 59 64
16 28 49 8 22 0 28 80 73 77 92 84 73 40 90 71 79 62 44 27 2 28 27 92 30 13 99 25 56 52 41 23 25 36 65 54 92 0 61 43 15 89 94 48 24 13 17 83 88 99
93 1 70 25 30 55 20 94 5 76 43 79 77 31 16 10 62 17 90 39 26 83 43 94 5 19 28 36 4 20 72 21 24 16 0 99 91 92 69 98 37 46 42 55 17 25 41 86 73 19
70 71 45 62 85 83 72 12 77 5 99 80 44 79 69 6 49 56 6 9 86 68 89 53 11 46 39 78 22 50 7 34 60 98 92 91 71 88 57 68 89 93 88 50 22 47 62 63 79 29
17 63 61 48 57 66 34 89 28 81 20 29 66 74 86 74 74 67 41 76 74 70 49 64 35 52 48 25 21 42 17 73 40 50 89 82 63 78 76 26 98 19 84 35 24 63 1 25 18 39
67 19 50 41 98 24 0 9 29 2 77 99 58 43 25 97 21 66 38 30 81 94 68 46 15 34 60 90 99 23 39 1 45 22 66 58 26 34 74 8 25 96 61 50 44 67 68 90 15 72
