17 49
0 1 2 3 4 5 5 6 7 8 9 10 10 11 12 13 13 14 15 16 16 17 17 18 19 19 20 21 22 23 23 24 24 25 25 26 27 27 28 29 30 31 32 32 33 33 34 35 36 36
37 1 2 3 38 39 39 6 7 8 9 40 40 11 12 41 41 14 42 43 43 44 44 18 45 45 46 21 47 48 49 50 50 51 52 53 54 55 55 29 30 31 56 56 57 58 34 35 59 59
37 60 61 61 38 62 63 64 65 65 66 67 68 69 69 70 71 72 42 73 73 74 75 76 77 77 46 78 47 48 49 79 80 51 52 53 54 81 82 83 84 84 85 85 57 86 86 87 88 89
90 60 91 91 92 92 63 93 93 94 66 67 68 95 95 96 71 72 97 97 98 74 75 76 99 99 100 78 101 102 103 79 80 104 105 106 107 81 82 83 108 109 109 110 111 112 112 87 88 89
90 113 113 114 114 115 115 116 116 94 117 118 118 119 119 96 120 120 121 121 122 122 123 123 124 125 100 126 127 102 128 128 129 104 105 106 107 130 130 131 132 133 133 110 111 134 135 136 137 137
138 139 140 141 141 142 143 144 145 146 117 147 147 148 149 150 151 152 152 153 153 154 155 155 124 156 156 126 127 157 158 158 129 159 159 160 160 161 162 131 132 163 164 165 165 134 135 166 166 167
138 139 140 168 169 170 143 144 145 171 171 172 172 148 149 173 151 174 174 175 176 177 177 178 179 180 180 181 182 182 183 183 184 184 185 185 186 161 162 187 188 163 164 189 189 190 191 191 192 167
193 194 194 168 169 170 195 196 197 197 198 199 199 200 200 173 201 202 203 175 204 205 205 178 179 206 206 181 207 208 209 210 211 212 212 213 186 214 214 187 188 215 215 216 216 190 217 217 192 218
193 219 220 220 221 222 195 196 223 223 198 224 225 226 227 227 201 202 228 228 204 229 229 230 230 231 231 232 207 208 209 210 233 233 234 213 235 236 236 237 237 238 239 239 240 240 241 241 242 243
244 219 245 245 221 222 246 246 247 248 248 224 225 226 249 250 250 251 251 252 252 253 254 254 255 256 257 258 258 259 260 260 261 261 234 262 235 263 264 265 266 267 268 269 270 271 271 272 242 243
244 273 273 274 275 275 276 277 277 278 279 280 280 281 249 282 282 283 284 285 285 253 286 286 287 256 288 288 289 259 290 291 292 293 293 262 294 263 264 265 266 267 268 295 270 296 296 272 297 297
298 299 299 274 300 300 276 301 301 278 279 302 302 281 303 303 304 304 284 305 306 307 308 308 287 309 309 310 289 311 311 291 312 312 313 314 294 315 315 316 316 317 317 295 318 318 319 320 320 321
298 322 322 323 323 324 325 325 326 327 327 328 329 330 330 331 331 332 332 305 306 307 333 334 335 335 336 310 337 337 338 338 339 340 313 314 341 341 342 342 343 343 344 345 346 347 319 348 348 349
350 351 351 352 352 324 353 353 326 354 355 328 329 356 356 357 358 359 359 360 361 362 333 334 363 363 336 364 364 365 365 366 339 340 367 368 369 370 371 371 372 373 344 345 346 374 374 375 376 349
350 377 378 379 380 381 381 382 382 354 383 383 384 385 386 357 358 387 388 389 361 362 390 391 391 392 392 393 393 394 394 366 395 395 367 368 369 396 396 397 372 398 398 399 399 400 401 375 376 402
403 377 378 379 380 404 404 405 406 406 407 408 384 409 386 410 411 387 388 389 412 412 413 414 415 415 416 416 417 418 419 419 420 420 421 421 422 423 423 397 424 425 426 427 427 428 401 429 430 402
403 431 432 432 433 434 435 405 436 436 407 437 437 409 438 439 411 440 440 441 442 442 413 414 443 443 444 445 417 446 446 447 447 448 449 450 451 451 452 453 424 454 426 455 455 428 456 429 430 457
458 459 459 460 433 434 435 461 462 463 463 464 464 465 438 439 466 466 467 467 468 469 469 470 471 471 444 472 472 473 473 474 474 448 449 450 475 476 452 477 478 454 479 480 480 481 456 482 483 457
458 484 485 486 486 487 487 461 462 488 489 490 490 465 491 491 492 492 493 493 494 494 495 496 496 497 497 498 498 499 499 500 500 501 502 502 475 503 503 477 478 504 504 505 505 481 506 506 483 507
508 484 509 509 510 511 512 513 513 488 489 514 515 515 516 517 518 519 519 520 520 521 521 522 522 523 523 524 524 525 526 527 528 529 529 530 531 532 532 533 533 534 534 535 536 537 538 539 539 540
541 541 542 543 543 511 544 545 546 546 547 548 549 550 516 517 518 551 551 552 552 553 554 554 555 556 556 557 558 558 526 527 559 560 560 530 531 561 561 562 562 563 563 564 536 537 538 565 566 540
567 568 568 569 569 570 544 545 571 572 547 548 549 550 573 573 574 574 575 576 576 553 577 578 578 579 580 581 582 582 583 583 559 584 584 585 586 586 587 588 588 589 590 564 591 592 593 565 594 594
595 595 596 597 597 598 598 599 571 600 600 601 602 602 603 604 605 606 575 607 608 608 609 610 610 579 580 581 611 611 612 613 613 614 615 615 616 616 587 617 617 589 590 618 618 592 593 619 620 620
621 622 596 623 623 624 625 625 626 627 628 629 630 631 631 604 605 606 632 607 633 634 609 635 635 636 636 637 637 638 612 639 640 614 641 642 642 643 643 644 644 645 645 646 646 647 647 619 648 649
621 650 651 652 653 653 654 654 626 627 655 629 630 656 656 657 658 659 660 660 633 634 661 661 662 663 663 664 665 638 666 666 640 667 641 668 668 669 670 670 671 671 672 672 673 673 674 674 648 675
676 650 677 652 678 678 679 679 680 680 655 681 681 682 683 657 658 659 684 685 686 686 687 688 688 689 690 664 691 691 692 693 693 667 694 695 695 669 696 697 698 698 699 700 700 701 702 702 703 675
704 705 677 706 706 707 708 709 709 710 711 712 713 682 683 714 714 715 715 685 716 716 717 717 718 719 690 720 721 721 692 722 723 724 694 725 725 726 726 697 727 728 728 729 730 731 731 732 733 734
704 705 735 735 736 707 737 738 739 710 711 712 713 740 741 741 742 742 743 744 745 746 746 747 747 719 748 749 749 750 750 722 723 751 751 752 753 753 754 754 727 755 755 729 730 756 756 732 733 734
757 757 758 759 760 761 737 738 739 762 763 764 764 740 765 766 767 767 743 744 745 768 768 769 769 770 748 771 771 772 773 773 774 774 775 775 776 777 777 778 779 779 780 780 781 782 782 783 784 785
786 787 758 759 760 788 788 789 789 762 763 790 790 791 765 766 792 793 794 794 795 795 796 797 798 799 799 800 800 801 802 803 803 804 804 805 806 807 808 778 809 810 811 811 812 813 814 783 784 785
786 787 815 816 817 818 819 820 820 821 822 823 824 791 825 825 792 826 827 828 828 829 796 797 798 830 830 831 832 801 802 833 833 834 834 835 806 836 808 837 809 838 838 839 812 813 814 840 841 841
842 843 843 816 817 818 819 844 844 821 822 823 824 845 846 846 847 826 827 848 848 829 849 850 850 851 852 852 832 853 853 854 854 855 855 835 856 836 857 857 858 859 859 860 860 861 861 840 862 862
842 863 864 864 865 866 867 867 868 868 869 869 870 870 871 871 847 872 872 873 873 874 875 876 877 851 878 879 880 881 882 883 884 885 885 886 856 887 888 889 858 890 891 892 893 893 894 894 895 896
897 897 898 899 865 866 900 901 901 902 903 904 904 905 906 906 907 908 909 910 910 874 875 876 911 912 912 879 880 881 882 883 884 913 914 915 916 887 917 889 918 918 891 892 919 920 920 921 921 896
922 922 898 923 924 924 925 925 926 902 927 928 928 905 929 929 907 908 909 930 930 931 931 932 911 933 934 935 935 936 937 938 938 913 914 915 916 939 917 940 941 941 942 942 943 944 945 946 947 947
948 949 949 923 950 951 952 953 926 954 927 955 955 956 957 957 958 959 960 961 961 962 962 963 964 964 934 965 966 966 937 967 967 968 969 969 970 939 971 972 972 973 973 974 943 944 945 975 975 976
948 977 977 978 979 951 952 980 980 981 981 982 982 956 983 984 985 959 986 986 987 987 988 963 989 990 991 991 992 992 993 993 994 968 995 995 970 996 971 997 998 999 1000 974 1001 1002 1003 1004 1005 976
1006 1007 1007 978 979 1008 1009 1010 1011 1011 1012 1012 1013 1014 1015 984 985 1016 1016 1017 1018 1019 988 1020 1021 990 1022 1023 1023 1024 1025 1026 994 1027 1027 1028 1029 996 1030 997 998 1031 1000 1032 1032 1002 1003 1004 1033 1033
1034 1035 1036 1036 1037 1037 1009 1010 1038 1039 1040 1041 1041 1014 1015 1042 1043 1044 1045 1017 1018 1019 1046 1020 1021 1047 1022 1048 1048 1024 1025 1049 1049 1050 1050 1028 1051 1051 1052 1052 1053 1031 1054 1055 1056 1057 1058 1058 1059 1059
1034 1060 1060 1061 1062 1062 1063 1063 1038 1039 1040 1064 1065 1066 1067 1042 1043 1044 1068 1069 1070 1070 1071 1071 1072 1072 1073 1073 1074 1075 1075 1076 1076 1077 1077 1078 1078 1079 1079 1080 1053 1081 1082 1055 1056 1057 1083 1084 1085 1085
1086 1087 1088 1088 1089 1090 1091 1091 1092 1092 1093 1093 1065 1066 1067 1094 1094 1095 1068 1096 1097 1097 1098 1099 1100 1100 1101 1101 1074 1102 1103 1104 1104 1105 1106 1107 1108 1108 1109 1109 1110 1110 1082 1111 1111 1112 1112 1084 1113 1114
1086 1087 1115 1115 1089 1116 1116 1117 1118 1118 1119 1120 1120 1121 1121 1122 1123 1095 1124 1096 1125 1125 1098 1126 1127 1128 1129 1130 1130 1102 1103 1131 1132 1132 1106 1133 1133 1134 1135 1135 1136 1136 1137 1138 1138 1139 1140 1140 1113 1114
1141 1141 1142 1143 1144 1145 1146 1117 1147 1148 1119 1149 1149 1150 1151 1151 1123 1152 1124 1153 1154 1155 1155 1126 1127 1128 1156 1156 1157 1157 1158 1131 1159 1159 1160 1160 1161 1134 1162 1162 1163 1163 1137 1164 1165 1165 1166 1166 1167 1167
1168 1169 1142 1143 1144 1145 1146 1170 1147 1171 1172 1172 1173 1174 1174 1175 1176 1176 1177 1153 1154 1178 1179 1180 1180 1181 1182 1182 1183 1184 1158 1185 1186 1187 1187 1188 1161 1189 1189 1190 1191 1191 1192 1164 1193 1193 1194 1195 1196 1197
1168 1198 1199 1199 1200 1201 1202 1170 1203 1171 1204 1205 1173 1206 1207 1175 1208 1208 1177 1209 1209 1178 1210 1211 1212 1213 1214 1214 1183 1184 1215 1185 1216 1217 1218 1219 1219 1220 1220 1190 1221 1221 1192 1222 1222 1223 1194 1195 1196 1224
1225 1198 1226 1226 1200 1201 1202 1227 1228 1229 1229 1205 1230 1206 1231 1231 1232 1233 1234 1234 1235 1235 1210 1236 1212 1213 1237 1238 1239 1239 1215 1240 1216 1217 1218 1241 1241 1242 1243 1244 1244 1245 1245 1246 1247 1247 1248 1248 1249 1224
1225 1250 1251 1252 1252 1253 1253 1227 1228 1254 1255 1256 1230 1257 1258 1259 1232 1260 1260 1261 1262 1262 1263 1236 1264 1264 1265 1238 1266 1267 1268 1240 1269 1270 1270 1271 1271 1242 1243 1272 1272 1273 1273 1246 1274 1274 1275 1275 1249 1276
1277 1277 1251 1278 1278 1279 1279 1280 1281 1282 1255 1283 1283 1284 1258 1259 1285 1285 1286 1286 1287 1287 1263 1288 1289 1289 1265 1290 1266 1267 1268 1291 1269 1292 1293 1293 1294 1294 1295 1295 1296 1296 1297 1298 1298 1299 1299 1300 1300 1276
1301 1302 1302 1303 1303 1304 1305 1305 1281 1282 1306 1307 1307 1284 1308 1308 1309 1310 1311 1312 1312 1313 1313 1314 1314 1315 1316 1317 1318 1319 1319 1320 1320 1292 1321 1321 1322 1322 1323 1324 1325 1326 1326 1327 1328 1328 1329 1329 1330 1331
1301 1332 1332 1333 1334 1334 1335 1336 1336 1337 1338 1338 1339 1339 1340 1340 1309 1310 1311 1341 1341 1342 1343 1343 1344 1315 1316 1317 1318 1345 1345 1346 1347 1347 1348 1348 1349 1350 1350 1324 1351 1351 1352 1327 1353 1353 1354 1354 1330 1331
26 47 9 12 74 92 9 49 55 81 38 63 12 32 32 18 80 99 38 52 0 42 83 77 95 73 38 72 15 66 59 31 21 15 18 95 15 60 45 11 55 96 38 50 53 27 98 62 52 29
70 95 71 24 18 49 78 14 47 38 39 66 44 37 38 85 75 3 39 68 30 77 60 67 86 14 31 84 61 58 36 2 54 39 59 23 2 94 29 42 68 3 32 9 44 76 98 77 45 75
32 21 47 23 86 17 5 98 48 47 96 24 2 39 41 23 30 69 27 16 70 45 13 44 8 28 46 2 33 41 8 11 34 32 92 15 67 5 15 54 14 36 50 71 55 31 23 29 82 56
75 73 81 9 25 46 0 95 69 14 32 51 39 20 63 1 35 49 5 17 72 48 2 20 90 96 33 49 24 41 10 89 55 17 17 73 21 94 54 21 10 96 7 85 46 23 53 0 66 3
38 18 99 74 87 79 55 92 49 37 2 86 12 69 28 77 82 95 13 75 62 70 80 19 60 86 61 98 6 92 6 57 26 25 1 0 98 37 5 2 62 78 87 16 42 7 95 15 57 44
31 24 80 70 61 23 63 77 45 95 30 3 27 98 45 71 86 30 40 69 96 78 27 61 11 30 85 51 7 38 76 17 13 9 66 25 86 18 72 44 29 11 13 58 1 37 85 53 24 22
83 54 25 55 37 57 10 79 72 87 22 98 50 35 75 17 64 83 71 52 42 0 1 81 86 23 45 73 10 20 56 5 23 27 95 36 38 76 18 56 51 16 82 99 31 61 17 73 7 18
89 29 3 11 52 16 79 73 84 53 74 75 3 78 70 64 11 91 8 40 47 7 41 21 11 24 55 78 33 34 4 16 48 51 63 38 6 3 4 5 54 22 77 53 69 94 32 35 46 95
5 98 95 72 70 48 60 94 81 7 25 69 90 14 33 87 40 26 8 42 70 4 75 3 27 75 27 60 70 69 67 6 62 26 77 49 81 21 28 53 14 84 61 44 40 10 56 93 54 21
90 64 11 63 17 54 48 74 9 64 80 3 40 22 39 38 9 62 92 66 32 98 81 17 22 54 31 68 57 61 32 13 87 85 72 43 58 97 35 7 64 60 44 13 1 94 38 65 82 64
89 93 94 41 16 79 5 29 51 42 82 76 22 4 34 28 23 68 55 8 53 58 98 52 52 19 31 55 65 12 98 84 58 50 37 69 12 26 16 54 81 14 26 93 64 72 75 88 62 0
31 88 8 69 65 16 96 70 14 11 78 16 57 87 87 24 32 59 85 71 64 93 98 63 97 17 90 83 83 61 47 40 60 10 5 76 28 78 40 63 53 86 72 70 27 64 34 55 91 24
74 96 76 33 63 48 49 32 1 71 38 12 53 8 93 44 42 26 84 21 73 30 27 63 34 59 27 51 72 72 78 16 15 27 21 1 86 88 1 69 46 59 5 75 1 8 69 17 9 5
96 32 3 38 25 74 71 37 94 79 98 23 63 81 58 49 20 64 41 36 19 57 31 4 13 30 48 75 3 96 96 7 56 59 11 91 93 15 63 87 0 13 57 78 17 73 42 35 71 29
97 97 91 2 19 95 91 93 67 58 94 89 7 30 90 31 85 41 3 46 46 57 12 19 18 7 83 44 99 49 99 70 70 14 41 52 24 48 88 56 47 31 98 15 49 8 84 98 6 71
42 96 82 91 46 38 69 39 34 47 46 63 80 39 31 74 60 39 78 17 27 75 56 75 88 49 13 49 45 19 82 52 40 37 42 29 57 65 49 70 0 25 33 71 33 31 66 68 68 79
16 53 39 67 32 15 73 5 47 73 38 71 23 93 81 10 83 62 3 1 15 53 7 87 95 78 75 30 68 91 26 29 5 10 83 54 16 55 83 46 36 87 12 17 31 38 58 62 24 69
48 18 68 74 99 81 70 98 36 63 95 14 89 13 26 29 46 41 38 22 43 79 13 86 19 18 51 20 56 89 39 43 55 13 92 5 5 77 20 59 47 12 79 55 13 70 32 31 14 78
59 39 67 69 47 37 89 67 85 57 68 48 51 77 71 77 20 20 43 40 68 60 27 84 91 67 40 39 23 54 31 55 20 97 99 11 9 57 18 75 70 95 72 79 27 36 0 0 2 17
53 95 33 76 36 63 36 83 61 41 76 36 89 72 62 57 84 31 23 99 0 10 43 85 23 7 4 32 60 83 48 19 36 83 74 30 71 50 66 85 38 25 88 77 83 6 6 90 1 99
53 52 8 43 86 23 76 15 55 24 9 13 86 10 37 50 94 14 62 45 51 14 0 9 28 67 84 92 76 35 47 65 55 65 52 44 57 36 68 73 5 34 20 26 74 54 16 39 61 8
69 7 62 40 71 23 72 97 64 81 96 96 16 7 59 43 87 15 8 81 61 62 70 54 99 39 14 11 47 26 51 41 53 56 0 62 69 93 54 73 41 53 50 22 11 87 76 7 43 84
21 8 64 34 60 87 53 73 38 82 56 50 34 74 14 55 5 23 32 67 44 43 3 6 84 22 91 72 55 47 84 77 49 11 62 84 23 69 34 90 59 68 33 4 82 89 41 96 14 91
84 92 69 70 81 1 97 2 42 27 74 13 15 16 24 39 36 64 13 94 73 10 53 14 6 64 66 44 81 79 7 14 33 76 56 11 65 41 58 25 24 89 72 71 87 17 93 86 26 15
96 15 52 81 69 52 10 41 71 70 69 36 2 73 80 5 31 10 1 34 54 25 91 78 49 76 16 25 46 77 66 67 86 5 30 32 46 84 45 99 86 58 65 68 68 77 70 80 2 41
53 81 83 7 46 17 93 72 88 2 15 63 52 27 29 51 33 64 34 71 13 6 41 9 17 75 33 48 56 54 57 89 70 22 54 7 10 42 73 46 82 10 63 31 10 52 94 20 68 54
73 84 24 63 19 94 91 38 30 98 77 39 48 87 99 22 29 87 80 56 78 46 75 45 68 67 39 75 87 45 1 15 94 71 35 57 60 21 28 40 47 66 69 64 24 53 61 89 12 46
59 10 43 41 31 89 56 60 69 92 65 60 94 46 85 37 57 51 56 60 78 66 38 68 28 85 60 92 12 82 30 53 71 36 63 19 39 34 25 46 72 79 15 58 72 59 49 92 45 11
93 60 44 42 93 14 69 73 16 86 60 0 37 66 48 57 12 47 61 89 20 20 64 74 99 53 71 25 56 79 59 42 66 77 92 20 76 66 19 85 1 45 66 20 74 0 44 93 65 75
11 36 65 39 33 10 11 52 4 86 8 80 83 23 62 30 3 24 13 29 30 10 18 29 66 77 21 15 18 98 85 4 71 19 60 80 23 0 27 78 92 39 49 45 93 25 96 31 15 12
49 78 67 96 15 75 6 24 48 53 61 35 69 36 62 82 83 0 5 37 68 84 18 5 83 49 52 43 82 33 73 69 98 50 54 19 64 16 71 74 0 60 76 53 72 88 67 3 37 30
4 66 79 18 55 96 66 78 95 2 47 25 97 13 10 16 27 65 51 77 85 21 74 13 33 73 86 50 60 12 45 89 18 51 32 64 74 68 85 24 65 62 88 0 23 25 43 72 64 47
24 3 12 99 12 1 93 43 77 86 71 81 25 75 12 28 26 56 90 87 60 41 63 65 89 81 66 55 21 31 53 5 2 43 60 76 3 44 67 16 70 96 82 82 51 84 19 46 71 35
83 16 5 27 41 97 26 36 40 20 82 66 27 63 72 21 50 84 48 13 83 59 9 96 63 21 42 9 8 31 81 70 2 96 24 32 95 10 41 96 61 92 74 90 69 32 0 19 46 33
36 29 92 60 96 74 41 16 88 43 8 8 29 84 33 88 8 65 41 40 86 67 3 44 76 69 3 78 41 31 4 89 25 28 48 47 54 80 3 18 77 48 97 4 78 40 41 16 94 63
77 36 75 28 21 58 73 18 30 87 6 61 51 49 23 14 87 83 7 5 85 97 90 30 74 96 90 68 77 38 30 99 62 25 17 51 32 0 84 64 63 81 28 90 64 3 12 41 67 12
48 98 72 57 11 88 92 13 61 91 62 9 71 42 89 26 57 60 92 51 70 89 7 7 77 63 27 49 32 36 86 99 25 42 89 92 9 27 60 54 13 18 11 22 64 91 70 26 85 13
43 83 67 4 15 10 85 29 6 71 52 18 18 97 88 86 63 57 39 73 47 11 6 92 24 48 44 92 84 10 27 66 38 60 48 50 43 32 37 66 92 83 94 6 87 22 13 8 64 36
76 41 80 54 28 62 23 74 76 56 68 86 57 8 20 11 10 64 11 41 63 55 59 54 40 77 33 26 97 34 41 49 22 56 99 79 45 58 56 87 12 2 6 57 31 41 79 19 87 39
46 85 99 38 9 38 87 48 88 9 37 37 48 3 39 66 37 56 45 66 56 17 41 27 9 53 91 16 42 79 97 18 23 93 61 66 30 35 96 56 51 21 81 60 34 44 89 70 21 85
84 74 97 80 67 29 20 46 51 0 56 64 1 57 84 90 34 20 8 4 96 31 15 37 79 28 13 67 23 15 73 77 47 24 16 89 64 68 61 65 46 21 73 37 47 43 26 41 16 96
3 17 83 11 23 24 54 8 28 59 84 60 94 99 88 84 51 96 70 27 99 92 80 47 66 51 11 60 82 53 51 72 74 25 28 23 47 97 56 59 35 27 72 76 89 29 19 63 7 50
8 65 18 85 72 22 57 74 95 9 3 64 70 67 21 6 88 49 2 36 95 17 97 39 46 42 80 76 80 62 8 19 51 9 49 31 29 27 95 11 60 12 36 84 54 19 24 39 38 95
91 44 98 51 65 34 79 27 91 66 1 15 2 53 50 35 88 53 50 30 20 50 51 84 26 84 70 86 69 28 40 46 71 31 74 6 88 48 78 10 14 51 57 40 18 63 87 52 47 73
57 31 36 45 14 68 4 93 58 77 26 7 54 13 81 19 50 99 84 28 2 92 74 64 97 48 55 40 81 82 34 33 19 85 68 59 38 46 62 12 27 21 92 61 10 52 60 4 90 73
54 3 96 65 43 86 67 80 47 89 13 15 14 91 33 3 19 70 78 56 18 58 18 11 41 52 79 12 17 71 39 69 93 44 89 94 89 51 3 56 4 42 79 82 12 9 5 41 11 20
47 36 62 53 99 79 77 39 7 79 80 37 55 9 94 15 36 45 70 7 40 8 81 45 10 20 17 14 46 61 27 9 17 26 21 17 1 37 94 99 0 76 38 18 94 52 14 75 52 43
10 40 2 5 30 69 98 86 0 75 8 3 17 55 35 77 80 47 10 30 87 26 13 94 55 70 86 82 3 49 63 1 30 40 27 52 53 43 96 44 84 70 71 72 17 31 33 27 16 26
75 0 75 98 53 20 29 92 8 30 36 68 78 24 23 18 42 69 98 90 27 81 20 77 75 94 68 98 35 66 30 82 32 85 83 32 10 36 57 6 62 83 49 51 67 66 86 8 46 19
36 24 55 36 72 5 75 26 82 32 59 4 13 8 0 85 75 53 16 33 40 25 92 39 89 19 46 65 80 64 41 96 38 33 67 77 95 40 60 12 87 17 15 8 84 59 79 42 65 5
