4 9
0 0 1 2 2 3 4 4 5 6 6 7 8 9 10 10 11 11 12 12 13 14 14 15 16 17 17 18 18 19 19 20 21 21 22 22 23 23 24 25 25 26 26 27 27 28 29 30 30 31
32 32 1 33 33 3 34 34 5 35 35 7 8 9 36 37 38 38 39 40 13 41 42 15 43 43 44 44 45 46 46 20 47 48 49 49 50 50 24 51 52 52 53 54 54 28 55 56 56 31
57 57 58 59 60 61 62 62 63 63 64 64 65 65 36 37 66 66 67 40 68 41 42 69 69 70 71 71 45 72 73 74 74 48 75 76 76 77 78 51 79 80 81 81 82 83 55 84 84 85
86 87 87 59 60 61 88 88 89 89 90 90 91 92 93 94 94 95 67 96 68 97 98 99 99 70 100 100 101 102 73 103 104 105 105 106 107 107 78 108 79 109 110 111 82 83 112 113 114 115
86 116 116 117 118 119 119 120 120 121 121 122 122 92 93 123 123 95 124 125 125 97 126 126 127 127 128 128 101 102 129 103 104 130 130 106 131 131 132 108 133 109 134 111 135 135 112 113 114 115
136 136 137 117 118 138 138 139 139 140 141 142 142 143 144 144 145 145 124 146 146 147 148 149 149 150 150 151 151 152 153 153 154 154 155 155 156 157 157 158 159 159 134 160 161 162 163 163 164 165
166 166 137 167 167 168 168 169 169 140 170 171 171 172 172 173 173 174 174 175 175 147 148 176 177 177 178 178 179 179 180 180 181 181 182 183 183 184 184 158 185 186 186 187 161 162 188 189 189 165
190 190 191 191 192 192 193 194 195 196 170 197 197 198 199 200 200 201 201 202 203 203 204 176 205 206 206 207 208 209 210 210 211 212 182 213 213 214 214 215 185 216 217 187 218 219 188 220 220 221
222 222 223 223 224 224 193 194 195 196 225 226 226 198 199 227 228 229 229 202 230 230 204 231 205 232 233 207 208 209 234 234 211 212 235 235 236 237 238 215 239 216 217 240 218 219 241 242 242 243
244 244 245 245 246 247 248 249 250 250 225 251 251 252 253 227 228 254 255 255 256 256 257 257 258 232 259 259 260 261 262 262 263 263 264 264 236 237 238 265 265 266 267 267 268 268 269 269 270 243
271 271 272 272 246 273 248 249 274 275 275 276 277 252 278 278 279 254 280 281 281 282 283 283 258 284 285 286 286 261 287 288 289 289 290 290 291 292 292 293 293 266 294 295 295 296 296 297 297 298
299 299 300 301 301 273 302 302 274 303 304 276 277 305 306 306 279 307 307 308 309 310 310 311 312 312 285 313 314 314 287 288 315 315 316 317 318 318 319 319 320 320 321 322 323 324 325 325 326 327
328 328 329 330 330 331 332 332 333 303 304 334 335 336 337 338 339 340 340 308 309 341 341 311 342 342 343 313 344 345 345 346 347 347 316 317 348 348 349 350 350 351 321 322 323 352 353 353 326 327
354 354 329 355 355 356 356 357 358 359 360 334 361 336 337 338 339 362 362 363 364 364 365 366 367 367 343 368 369 369 370 346 371 372 373 373 374 374 349 375 375 351 376 376 377 352 378 379 380 381
382 383 383 384 384 385 386 386 358 387 360 388 361 389 389 390 391 392 393 394 394 395 395 366 396 397 398 398 399 399 370 400 371 372 401 402 403 404 404 405 406 407 408 409 377 410 378 379 380 381
382 411 411 412 412 413 413 414 414 387 415 388 416 417 418 390 391 392 419 419 420 420 421 422 396 423 424 424 425 426 427 400 428 428 401 402 403 429 430 405 406 407 408 409 431 431 432 432 433 434
435 435 436 436 437 437 438 438 439 439 440 440 416 417 418 441 441 442 443 444 445 445 421 422 446 423 447 448 425 426 449 449 450 450 451 452 453 429 430 454 455 456 457 458 459 459 460 461 433 434
462 462 463 464 465 466 466 467 468 468 469 470 470 471 472 472 473 442 443 444 474 474 475 475 476 476 447 448 477 478 478 479 480 480 451 452 481 481 482 482 455 483 457 458 484 484 460 461 485 486
487 487 463 464 488 488 489 490 491 491 469 492 493 494 494 495 496 496 497 498 498 499 500 501 501 502 502 503 477 504 504 479 505 505 506 506 507 507 508 509 509 483 510 510 511 511 512 512 485 486
513 513 514 514 515 516 516 490 517 518 518 492 493 519 519 495 520 520 521 521 522 522 500 523 523 524 525 526 527 528 529 530 531 531 532 532 533 534 534 535 536 537 537 538 539 539 540 540 541 541
542 543 543 544 545 545 546 546 517 547 548 548 549 549 550 550 551 551 552 553 554 555 555 556 557 524 525 526 527 528 529 558 558 559 560 561 533 562 562 535 536 563 563 538 564 565 565 566 566 567
542 568 569 570 570 571 571 572 572 547 573 574 575 576 577 578 579 579 552 580 554 581 581 556 557 582 583 583 584 585 586 586 587 559 560 561 588 588 589 590 591 592 593 594 564 595 595 596 596 567
597 598 569 599 600 601 601 602 603 603 573 574 604 576 577 578 605 606 607 580 608 609 610 610 611 612 612 613 614 585 615 615 587 616 617 618 618 619 589 590 591 592 593 594 620 621 622 623 623 624
597 598 625 625 600 626 627 602 628 629 629 630 604 631 632 633 633 606 634 634 608 635 635 636 637 637 638 638 614 639 639 640 640 616 641 642 642 643 644 645 646 646 647 647 648 621 649 650 650 624
651 651 652 652 653 626 627 654 628 655 656 657 657 631 632 658 659 659 660 660 661 661 662 662 663 663 664 664 665 666 667 668 669 669 641 670 670 643 671 645 672 672 673 673 648 674 649 675 675 676
677 678 679 679 653 680 680 654 681 655 656 682 683 683 684 684 685 686 686 687 687 688 688 689 690 691 692 693 665 666 667 668 694 695 696 697 698 698 671 699 700 701 702 703 703 674 704 705 705 676
677 706 706 707 708 708 709 709 681 710 710 682 711 711 712 712 685 713 714 715 716 717 718 718 690 719 692 693 720 720 721 721 694 695 696 697 722 723 724 699 700 701 702 725 725 726 727 727 728 729
730 731 732 732 733 733 734 734 735 736 736 737 737 738 738 739 740 713 714 715 716 717 741 741 742 719 743 744 744 745 746 747 747 748 748 749 722 723 750 750 751 752 753 754 755 756 756 757 728 758
730 731 759 760 761 762 762 763 763 764 765 766 767 768 769 739 770 770 771 772 772 773 773 774 775 776 743 777 778 778 746 779 779 780 780 781 781 782 783 783 751 752 753 754 755 784 784 785 786 758
787 787 788 760 761 789 790 791 791 764 765 766 767 768 792 792 793 793 794 795 796 796 797 798 775 799 799 777 800 801 801 802 803 804 804 805 805 782 806 807 807 808 808 809 809 810 810 785 811 811
812 813 788 814 815 789 790 816 816 817 818 818 819 820 821 822 823 824 794 825 826 827 797 798 828 829 830 831 832 833 834 834 803 835 836 837 838 838 806 839 840 841 842 842 843 843 844 844 845 846
812 813 847 847 815 848 849 850 851 852 853 853 819 820 854 822 823 855 855 825 826 827 856 856 857 829 830 858 832 833 859 860 860 835 836 837 861 862 862 839 840 841 863 864 865 866 867 868 845 869
870 870 871 871 872 872 849 873 851 852 874 875 875 876 854 877 877 878 879 879 880 881 882 883 857 884 885 858 886 887 859 888 889 889 890 891 861 892 893 893 894 894 863 864 865 866 867 895 895 869
896 896 897 897 898 899 899 873 900 900 874 901 901 902 902 903 903 878 904 905 880 881 882 883 906 907 885 908 909 887 910 911 911 912 912 891 913 913 914 915 915 916 916 917 917 918 919 919 920 920
921 921 922 922 898 923 924 925 925 926 927 928 928 929 929 930 931 931 904 905 932 933 934 935 906 907 936 937 909 938 910 939 939 940 941 942 943 944 945 945 946 946 947 948 949 950 951 951 952 952
953 954 955 956 957 957 924 958 958 926 927 959 960 961 961 930 962 962 963 963 932 933 934 964 965 966 936 937 967 967 968 969 970 940 941 942 943 971 971 972 972 973 973 948 949 950 974 975 975 976
953 954 977 956 978 978 979 980 981 982 983 959 960 984 984 985 985 986 987 988 988 989 989 964 965 966 990 990 991 991 968 969 970 992 993 993 994 995 995 996 997 998 999 999 1000 1001 974 1002 1002 976
1003 1003 977 1004 1004 1005 1005 980 981 982 983 1006 1006 1007 1007 1008 1008 986 987 1009 1010 1010 1011 1012 1012 1013 1013 1014 1015 1016 1017 1018 1019 1019 1020 1021 994 1022 1023 996 997 1024 1024 1025 1000 1001 1026 1027 1028 1029
1030 1030 1031 1031 1032 1033 1034 1035 1036 1036 1037 1037 1038 1039 1040 1041 1042 1043 1044 1045 1045 1046 1046 1047 1048 1048 1049 1014 1015 1016 1017 1050 1051 1052 1052 1021 1053 1022 1054 1054 1055 1056 1057 1025 1058 1058 1059 1027 1028 1029
1060 1061 1061 1062 1032 1033 1034 1035 1063 1064 1065 1066 1038 1039 1040 1041 1042 1043 1044 1067 1068 1068 1069 1070 1071 1072 1072 1073 1073 1074 1075 1050 1076 1077 1078 1079 1053 1080 1081 1082 1083 1056 1057 1084 1084 1085 1059 1086 1086 1087
1060 1088 1088 1089 1089 1090 1090 1091 1063 1064 1065 1092 1093 1094 1094 1095 1096 1096 1097 1067 1098 1099 1069 1070 1071 1100 1100 1101 1102 1074 1103 1104 1076 1077 1078 1079 1105 1080 1081 1082 1083 1106 1107 1107 1108 1108 1109 1109 1110 1087
1111 1112 1113 1114 1115 1116 1117 1091 1118 1118 1119 1092 1093 1120 1120 1095 1121 1121 1097 1122 1098 1123 1124 1125 1125 1126 1127 1101 1102 1128 1103 1104 1129 1129 1130 1131 1132 1133 1133 1134 1134 1106 1135 1135 1136 1137 1137 1138 1110 1139
1111 1112 1113 1140 1115 1116 1117 1141 1141 1142 1119 1143 1144 1145 1145 1146 1146 1147 1147 1148 1148 1123 1149 1150 1151 1126 1127 1152 1153 1128 1154 1154 1155 1156 1156 1131 1132 1157 1158 1159 1160 1161 1161 1162 1162 1163 1163 1138 1164 1139
1165 1166 1166 1140 1167 1168 1169 1169 1170 1142 1171 1172 1144 1173 1174 1174 1175 1176 1176 1177 1178 1179 1149 1150 1151 1180 1180 1152 1153 1181 1181 1182 1183 1184 1185 1185 1186 1186 1158 1159 1160 1187 1187 1188 1188 1189 1189 1190 1190 1191
1165 1192 1193 1194 1167 1168 1195 1195 1196 1196 1171 1172 1197 1197 1198 1199 1199 1200 1201 1177 1178 1179 1202 1203 1203 1204 1205 1205 1206 1207 1208 1182 1183 1184 1209 1210 1211 1212 1212 1213 1214 1214 1215 1216 1217 1217 1218 1219 1219 1191
1220 1192 1221 1194 1222 1223 1224 1225 1226 1226 1227 1227 1228 1229 1198 1230 1230 1200 1201 1231 1232 1232 1202 1233 1234 1204 1235 1235 1206 1207 1208 1236 1237 1238 1209 1210 1211 1239 1239 1240 1240 1241 1215 1242 1242 1243 1218 1244 1244 1245
1220 1246 1221 1247 1222 1223 1224 1225 1248 1249 1249 1250 1228 1251 1251 1252 1252 1253 1253 1254 1254 1255 1255 1256 1234 1257 1258 1259 1259 1260 1260 1236 1237 1238 1261 1262 1263 1263 1264 1264 1265 1266 1266 1267 1268 1269 1269 1270 1270 1245
1271 1246 1272 1272 1273 1274 1275 1276 1277 1277 1278 1250 1279 1280 1280 1281 1282 1283 1283 1284 1285 1286 1286 1256 1287 1287 1258 1288 1288 1289 1289 1290 1291 1291 1261 1262 1292 1292 1293 1294 1265 1295 1295 1267 1296 1297 1298 1299 1299 1300
1271 1301 1302 1302 1273 1274 1275 1303 1303 1304 1304 1305 1279 1306 1307 1308 1282 1309 1309 1284 1285 1310 1311 1311 1312 1312 1313 1313 1314 1315 1315 1316 1317 1318 1319 1320 1321 1322 1293 1323 1324 1325 1325 1326 1296 1297 1298 1327 1327 1300
1328 1301 1329 1329 1330 1330 1331 1331 1332 1332 1333 1305 1334 1334 1307 1308 1335 1335 1336 1336 1337 1338 1338 1339 1340 1340 1341 1341 1314 1342 1342 1316 1317 1318 1319 1320 1321 1343 1343 1323 1324 1344 1344 1326 1345 1345 1346 1346 1347 1347
86 43 82 81 24 62 15 38 41 47 5 26 6 6 72 77 41 35 9 34 12 16 25 30 18 74 12 89 41 18 18 52 36 3 87 37 0 79 67 92 50 1 4 19 29 15 84 86 77 74
36 27 62 89 19 50 16 67 30 73 80 8 80 27 3 53 54 80 31 30 69 70 12 77 58 33 7 74 23 70 91 64 60 89 45 17 76 84 74 91 58 60 0 77 98 80 19 59 16 52
29 92 49 65 13 70 96 21 19 69 63 87 83 80 24 84 62 86 65 64 49 1 80 23 46 75 48 90 11 9 55 45 7 58 70 48 76 8 80 5 14 26 98 68 91 10 37 14 91 79
60 49 90 60 64 51 55 64 38 24 56 50 26 10 19 21 98 10 1 49 61 81 16 68 21 12 94 84 12 82 98 27 57 99 52 47 75 65 89 45 11 4 7 16 27 11 91 25 66 41
79 47 54 24 15 66 62 27 98 41 16 59 26 28 32 67 3 52 58 85 78 82 43 12 12 5 17 16 80 46 81 9 70 45 0 99 2 11 40 69 18 46 23 20 3 36 13 14 2 27
31 25 86 95 0 65 42 71 47 92 36 40 49 57 57 83 27 37 39 67 82 84 79 98 62 56 72 58 79 51 15 69 72 83 86 99 11 15 46 26 92 50 34 16 40 89 76 62 51 53
9 15 18 63 1 11 33 79 32 50 19 67 57 71 7 14 45 82 94 19 3 63 62 3 93 53 6 48 64 54 18 17 88 43 84 87 43 15 11 79 45 25 1 54 44 44 36 31 28 44
27 87 94 29 95 38 66 66 81 32 95 30 13 67 70 83 34 32 79 4 94 83 64 95 44 72 19 73 63 40 88 53 37 28 90 3 9 33 29 16 79 80 88 61 82 42 93 19 2 43
17 20 60 58 30 67 33 49 59 5 17 55 3 8 9 92 72 77 80 2 79 20 36 72 60 1 25 23 28 43 61 11 35 64 15 76 40 4 98 96 43 53 76 85 14 7 7 62 29 51
89 22 87 64 56 7 28 49 76 83 89 97 46 7 33 52 81 74 36 7 81 72 54 40 55 64 99 21 74 76 57 61 40 72 56 23 92 26 66 70 64 39 39 53 22 40 12 10 0 17
47 63 46 19 55 16 34 1 48 65 53 16 2 84 15 99 37 68 27 1 48 75 97 78 15 32 81 97 8 1 68 93 16 51 19 12 69 87 74 69 26 27 19 42 85 57 8 13 74 84
17 7 95 38 60 29 77 40 64 31 87 40 43 90 69 54 30 75 21 41 5 7 72 84 30 85 20 94 29 89 85 65 16 48 34 46 79 74 39 82 60 44 82 36 75 24 32 33 22 6
20 60 3 49 10 65 26 97 87 36 80 58 88 42 17 49 49 24 66 85 16 60 89 65 86 99 8 15 11 27 14 89 3 9 97 49 76 97 39 10 14 83 42 84 20 99 90 56 62 24
3 86 16 39 23 56 19 13 65 35 33 16 32 29 87 53 50 86 90 76 56 50 19 55 76 8 73 41 9 20 7 69 32 81 32 50 85 27 10 23 99 93 54 6 88 29 41 15 40 53
61 87 53 41 61 98 32 3 92 5 87 10 11 41 66 40 64 39 78 85 97 40 21 99 38 72 26 76 83 41 76 59 38 0 76 75 95 23 55 27 50 4 79 6 35 91 53 35 33 28
30 26 10 51 32 18 99 59 19 26 9 88 84 44 35 46 88 81 18 62 99 83 67 60 39 9 94 84 36 75 40 75 81 73 18 9 97 37 64 5 51 26 39 56 63 23 58 0 0 89
75 25 77 86 45 39 21 7 72 70 39 86 10 0 90 30 41 4 71 22 24 59 58 18 99 33 62 45 84 87 12 16 47 33 90 78 27 78 97 41 6 41 62 82 61 55 57 82 40 83
2 28 85 8 94 38 27 12 98 91 88 44 25 55 54 84 16 21 2 64 95 88 72 60 64 7 28 78 50 87 24 82 93 95 24 90 62 74 92 10 57 64 32 17 86 85 11 53 61 44
80 51 87 95 58 95 85 73 54 71 81 31 27 62 91 53 64 55 27 87 20 61 2 20 19 99 69 51 9 10 28 3 55 64 73 44 45 48 5 1 11 67 55 56 1 40 45 32 52 89
38 30 0 74 22 52 98 50 37 71 43 60 85 12 69 13 53 21 37 11 68 8 24 64 78 38 97 50 18 5 28 25 49 45 60 42 46 79 32 84 89 58 75 31 76 39 7 24 58 63
93 30 33 47 85 65 59 71 0 40 27 57 10 81 97 62 51 41 79 85 47 69 71 28 24 73 29 91 43 66 99 71 84 58 66 67 13 28 13 38 15 52 88 6 85 24 84 23 63 93
55 51 9 0 38 3 21 49 32 86 28 62 4 93 29 26 70 48 12 87 46 94 81 47 3 16 64 72 5 78 13 18 69 22 31 28 66 41 31 74 40 83 32 27 18 70 12 85 76 13
88 35 39 7 73 2 13 27 23 46 19 1 69 95 12 34 26 30 43 98 91 62 19 18 76 95 35 54 49 56 52 97 56 3 70 42 16 74 67 33 42 1 58 36 0 77 52 81 8 3
61 81 22 66 43 49 51 28 8 56 76 52 40 64 28 78 90 12 16 7 48 48 97 98 81 63 33 94 39 49 85 52 91 99 69 48 92 17 6 14 99 79 28 59 11 41 42 29 5 35
35 24 5 84 60 86 7 6 38 14 71 66 57 66 66 19 79 65 0 12 12 25 46 13 98 39 7 56 69 14 35 61 45 76 94 33 84 59 44 5 23 16 42 86 93 12 44 81 2 66
63 43 84 58 37 76 17 13 85 49 74 33 84 64 22 68 83 93 8 69 1 89 46 74 99 45 17 39 88 94 94 77 48 42 28 87 81 68 33 97 46 28 65 95 59 36 31 2 18 24
82 7 44 12 72 88 27 92 79 14 39 74 62 69 49 35 42 30 95 83 36 15 3 51 17 12 62 58 65 9 89 99 30 7 35 59 78 53 97 82 9 53 59 32 97 4 9 81 11 43
86 56 18 82 28 73 60 79 89 98 89 93 20 80 31 8 64 88 11 3 64 10 15 20 18 85 3 32 22 3 15 20 74 39 6 22 92 1 64 6 62 68 15 25 1 25 52 88 57 39
43 46 59 42 44 68 19 28 59 65 26 41 70 99 6 58 73 19 68 44 99 50 73 39 19 51 35 34 16 86 89 32 83 20 0 0 41 30 6 11 92 65 47 68 18 67 38 13 68 67
32 8 22 38 47 73 46 38 24 42 25 54 66 45 96 41 76 81 59 35 98 71 53 33 48 35 15 14 58 90 12 54 77 37 79 87 99 69 25 64 97 77 3 9 69 51 47 33 71 10
39 58 18 43 42 45 31 54 95 38 3 61 65 73 26 34 56 69 53 66 63 22 25 7 49 64 63 30 81 37 63 57 86 12 65 52 62 71 77 75 71 79 29 64 0 5 64 88 15 94
0 42 64 3 22 46 7 2 3 89 46 35 2 91 3 61 53 72 9 80 22 89 69 35 12 16 9 75 67 13 91 71 98 92 36 55 58 88 87 37 79 62 61 2 50 1 72 20 54 68
29 59 76 89 50 23 12 81 10 75 48 84 77 58 75 64 13 17 26 70 60 14 3 30 36 50 26 39 53 57 4 90 34 88 14 42 42 6 69 77 80 94 47 8 51 95 77 15 43 23
0 21 43 86 97 11 72 93 80 11 90 44 50 29 91 75 64 52 33 45 2 77 36 31 53 55 79 92 99 66 22 95 76 21 43 65 71 20 3 66 61 15 83 24 87 0 62 96 17 22
45 50 62 70 27 34 10 97 58 8 47 52 31 84 98 1 5 40 98 50 75 57 53 13 51 71 89 54 0 16 77 21 10 73 43 55 81 15 80 39 5 51 87 64 85 87 18 91 50 11
66 50 97 35 16 48 91 31 76 65 87 64 82 86 85 37 62 43 22 28 37 65 54 9 70 5 99 36 66 73 30 63 4 60 26 44 21 38 84 69 57 32 84 95 18 91 26 37 76 66
87 72 73 67 88 4 79 77 38 61 54 3 65 22 21 16 25 39 15 14 63 11 56 99 26 3 55 84 73 70 31 90 91 71 3 33 24 37 79 61 81 45 69 8 73 5 50 56 94 46
42 41 74 13 22 42 49 4 72 9 60 55 63 61 84 93 23 23 40 79 34 41 42 50 74 42 8 67 63 89 83 3 52 6 85 46 85 84 65 66 48 23 60 32 38 48 64 47 37 11
41 23 46 3 64 80 89 45 40 30 8 65 93 83 84 62 41 41 40 74 34 98 24 27 62 61 40 23 44 73 48 85 95 59 35 78 14 96 11 8 91 51 34 88 27 39 91 57 7 75
62 65 43 4 96 67 47 60 73 62 73 87 91 68 99 63 51 45 21 29 76 69 55 3 81 39 17 72 35 38 34 52 48 99 4 9 42 8 53 78 33 43 5 11 71 89 27 20 50 86
54 57 15 59 7 59 16 12 46 11 38 17 2 30 84 40 96 60 83 35 89 54 10 95 49 12 13 33 11 6 43 32 37 71 29 55 78 17 48 49 16 54 3 72 0 16 32 98 58 40
17 6 26 91 37 83 89 34 42 67 14 61 31 61 10 14 85 32 64 1 61 76 67 63 5 59 80 77 60 83 74 75 57 74 64 0 33 41 80 11 59 56 70 75 85 77 62 1 62 46
15 0 66 33 31 19 69 9 28 75 49 55 16 97 84 72 92 94 93 19 61 50 61 85 23 82 37 55 7 7 33 98 73 24 64 40 10 48 43 8 93 64 23 93 33 19 9 27 32 51
55 64 89 13 87 55 33 93 91 67 17 14 71 8 8 39 24 66 22 23 20 83 40 41 84 35 42 35 23 9 55 32 48 44 20 31 58 62 26 61 97 54 1 67 50 89 27 31 48 88
69 8 81 19 12 68 61 85 2 8 23 66 30 69 97 97 51 58 26 18 90 5 72 58 87 36 46 82 50 16 1 54 13 39 53 7 85 11 73 29 19 48 56 65 46 24 25 68 81 53
43 0 7 44 93 29 80 34 80 29 20 94 84 26 96 36 2 79 86 52 84 76 64 41 66 40 89 74 47 25 95 8 3 35 82 62 80 6 54 0 41 92 8 73 3 68 42 68 71 69
44 13 60 10 18 87 39 6 26 13 41 16 60 60 7 59 44 27 89 99 24 54 74 67 59 12 30 0 16 73 79 50 0 15 68 66 96 23 68 32 31 32 81 19 77 72 58 87 8 42
97 58 33 96 27 22 95 60 78 63 40 67 58 6 97 38 28 33 25 10 6 64 37 51 22 38 55 98 85 0 88 25 76 52 53 57 40 73 65 77 52 58 51 70 18 34 67 76 57 33
42 27 48 1 78 97 22 1 27 32 18 88 36 71 86 58 54 77 43 57 49 66 30 1 15 75 23 76 94 51 83 58 95 76 32 32 54 24 37 42 58 46 84 16 45 18 65 95 56 2
93 35 94 63 74 78 50 33 10 68 16 76 67 0 47 36 53 75 65 24 19 8 73 9 45 44 18 63 40 86 25 99 15 26 8 56 45 18 9 59 25 58 78 78 57 62 62 36 78 31
