38 8
0 0 1 1 2 3 3 4 5 5 6 7 8 9 10 11 11 12 13 14 14 15 15 16 16 17 17 18 19 19 20 21 22 23 23 24 24 25 25 26 26 27 28 29 29 30 30 31 32 32
33 33 34 34 2 35 35 36 36 37 37 7 8 9 38 39 39 12 40 40 41 41 42 42 43 44 44 18 45 46 46 21 47 48 48 49 49 50 50 51 52 27 28 53 53 54 54 31 55 56
57 58 58 59 60 60 61 61 62 62 63 64 64 65 38 66 67 68 68 69 70 70 71 72 72 73 73 74 74 75 75 76 47 77 77 78 78 79 80 51 52 81 81 82 82 83 84 85 86 56
57 87 87 59 88 89 90 90 91 91 63 92 92 65 93 66 94 95 95 96 97 98 71 99 99 100 101 102 103 104 104 76 105 105 106 107 108 79 109 110 110 111 112 113 114 83 84 85 86 115
116 117 118 118 119 89 120 120 121 122 123 124 125 125 126 126 94 127 128 96 97 98 129 130 130 100 131 102 103 132 132 133 133 134 106 107 108 135 109 136 137 137 112 113 114 138 138 139 140 115
116 141 141 142 119 143 144 145 121 122 123 146 146 147 148 149 149 127 128 150 151 151 129 152 152 153 131 154 155 156 156 157 157 134 158 159 159 135 160 160 161 162 162 163 164 165 165 139 166 167
168 169 170 171 172 143 144 145 173 173 174 175 175 147 176 176 177 177 178 178 179 180 181 182 183 183 184 185 155 186 186 187 188 188 158 189 190 190 191 192 193 194 194 163 195 195 196 197 166 167
168 169 170 171 172 198 198 199 200 201 174 202 202 203 204 204 205 206 207 208 179 180 181 182 209 210 210 185 211 212 212 187 213 214 214 189 215 216 191 192 193 217 218 219 219 220 196 221 222 222
223 224 225 225 226 227 228 199 200 229 229 230 230 231 231 232 205 206 207 208 233 233 234 234 209 235 235 236 237 237 238 238 213 239 239 240 215 216 241 242 242 217 243 244 244 220 245 221 246 247
223 224 248 248 249 227 228 250 251 252 252 253 253 254 254 232 255 255 256 257 257 258 258 259 260 260 261 236 262 263 264 265 266 266 267 240 268 269 269 270 271 271 243 272 273 273 274 274 246 275
276 277 278 278 249 279 279 250 280 281 282 283 284 285 285 286 287 288 256 289 289 290 290 259 291 291 292 292 262 263 264 265 293 294 267 295 295 296 297 270 298 298 299 272 300 300 301 301 302 275
276 277 303 303 304 305 306 307 280 281 282 283 308 309 310 310 287 288 311 312 312 313 314 315 316 317 318 319 320 320 321 321 293 294 322 322 323 296 297 324 324 325 299 326 326 327 328 328 302 329
330 331 332 332 304 305 306 307 333 334 334 335 308 309 336 337 338 338 339 339 340 313 314 315 316 341 318 319 342 343 343 344 345 346 346 347 347 348 349 350 350 325 351 351 352 353 353 354 354 329
330 331 355 356 357 358 359 360 333 361 361 335 362 362 336 363 363 364 364 365 340 366 367 368 368 341 369 370 371 371 372 344 373 374 375 375 376 348 349 377 378 378 379 379 352 380 380 381 381 382
383 383 355 356 357 358 359 360 384 385 385 386 387 387 388 388 389 390 390 391 392 366 367 393 394 394 395 370 396 397 398 398 373 374 399 399 400 401 402 402 403 404 405 406 407 407 408 408 409 382
410 410 411 411 412 412 413 414 414 415 415 416 416 417 418 418 419 419 420 391 392 421 421 393 422 423 395 424 424 397 425 426 426 427 428 429 400 430 430 431 403 404 405 406 432 433 434 434 435 435
436 437 437 438 439 440 440 441 442 442 443 444 445 417 446 447 447 448 420 449 449 450 450 451 422 452 453 454 455 455 425 456 456 427 457 429 458 459 460 461 462 463 463 464 432 465 466 467 468 468
469 469 470 438 439 471 472 441 473 474 474 444 445 475 446 476 477 477 478 479 479 480 480 451 481 452 453 454 482 483 483 484 485 485 457 486 458 459 460 461 462 487 488 489 489 465 466 467 490 490
491 492 470 493 494 494 472 495 473 496 496 497 498 498 499 500 500 501 478 502 502 503 504 505 506 507 507 508 509 509 510 484 511 512 512 486 513 513 514 515 515 487 516 516 517 517 518 518 519 519
491 492 520 493 521 521 522 522 523 524 525 497 526 527 499 528 528 501 529 530 531 531 504 505 506 532 532 508 533 533 510 534 535 535 536 537 537 538 514 539 539 540 541 541 542 542 543 544 545 545
546 546 520 547 548 548 549 549 550 524 525 551 526 527 552 553 554 554 529 530 555 556 556 557 557 558 559 560 561 562 563 534 564 564 536 565 565 538 566 566 567 540 568 568 569 569 543 544 570 571
572 573 573 547 574 574 575 575 550 576 576 551 577 578 578 553 579 579 580 581 582 582 583 583 584 584 559 560 561 562 563 585 585 586 587 587 588 589 590 591 591 592 592 593 593 594 595 595 570 596
597 597 598 599 599 600 601 602 603 604 605 606 577 607 608 609 610 611 580 581 612 613 614 614 615 616 616 617 617 618 619 620 620 586 621 622 588 589 623 623 624 625 626 627 627 628 628 629 630 596
631 631 598 632 633 633 601 602 603 634 605 606 635 636 608 637 610 611 638 638 612 613 639 640 641 642 643 643 644 618 619 645 645 646 647 622 648 649 650 651 624 625 626 652 653 654 655 629 630 656
657 658 658 659 659 660 660 661 661 634 662 663 635 636 664 637 665 666 667 668 669 670 639 640 641 642 671 672 644 673 674 674 675 646 647 676 648 649 650 677 677 678 678 652 653 654 655 679 679 656
657 680 680 681 682 682 683 684 685 685 662 663 686 686 664 687 665 666 688 668 669 689 690 691 691 692 671 672 693 673 694 694 695 696 696 676 697 698 699 700 701 701 702 703 704 704 705 706 707 708
709 709 710 710 711 712 712 684 713 713 714 715 716 716 717 687 718 718 688 719 719 689 690 720 720 692 721 722 722 723 724 725 695 726 727 728 729 698 699 700 730 730 702 703 731 732 705 706 707 708
733 734 734 735 736 737 738 739 740 741 741 715 742 742 717 743 744 745 746 746 747 748 748 749 749 750 721 751 751 752 724 725 753 726 727 728 729 754 754 755 756 757 758 759 759 732 760 761 761 762
733 763 763 735 736 737 764 739 740 765 766 766 767 768 769 743 744 770 771 772 773 774 774 775 775 750 776 777 777 752 778 779 779 780 780 781 782 782 783 755 756 784 758 785 785 786 787 788 789 789
790 791 792 793 793 794 764 795 795 765 796 796 767 768 769 797 798 770 771 772 773 799 799 800 800 801 802 802 803 803 804 804 805 805 806 807 807 808 808 809 809 784 810 811 812 786 787 788 813 813
814 791 792 815 815 794 816 817 818 818 819 819 820 821 822 797 798 823 824 824 825 826 826 827 827 801 828 829 829 830 830 831 831 832 832 833 833 834 835 835 836 836 837 811 812 838 839 840 841 842
814 843 843 844 844 845 816 846 846 847 848 848 820 821 822 849 850 823 851 851 825 852 853 853 854 855 856 857 858 858 859 860 860 861 862 863 863 834 864 865 866 866 837 867 868 838 839 840 841 842
869 870 870 871 872 873 873 874 875 876 877 878 879 879 880 849 850 881 881 882 883 852 884 884 854 855 856 857 885 885 886 887 888 888 862 889 890 890 864 865 891 892 893 867 894 894 895 896 897 898
899 899 900 871 901 901 902 902 875 876 877 878 903 904 880 905 906 906 907 907 883 908 909 910 911 912 912 913 913 914 886 915 916 917 918 919 919 920 921 921 891 892 893 922 923 924 895 896 897 898
925 926 900 927 928 929 929 930 931 932 933 934 903 904 935 905 936 936 937 937 938 908 909 910 911 939 939 940 941 941 942 915 916 917 943 943 944 920 945 945 946 947 948 949 923 924 950 951 951 952
925 926 953 927 928 954 954 930 931 932 933 955 955 956 935 957 957 958 959 959 960 960 961 962 963 964 965 966 967 968 942 969 969 970 971 971 944 972 973 973 946 974 948 949 975 976 976 977 977 952
978 979 953 980 980 981 981 982 983 984 984 985 986 987 988 989 990 991 992 992 993 993 961 962 963 964 965 966 967 968 994 995 996 970 997 997 998 972 999 1000 1000 974 1001 1002 1002 1003 1004 1005 1005 1006
1007 979 1008 1009 1010 1010 1011 982 983 1012 1012 1013 986 987 988 989 990 991 1014 1014 1015 1015 1016 1016 1017 1017 1018 1018 1019 1020 994 995 996 1021 1022 1022 998 1023 1024 1024 1025 1025 1001 1026 1027 1003 1004 1028 1029 1030
1007 1031 1008 1009 1032 1033 1011 1034 1035 1036 1036 1013 1037 1037 1038 1039 1040 1041 1041 1042 1043 1043 1044 1044 1045 1046 1047 1047 1019 1020 1048 1048 1049 1049 1050 1051 1051 1052 1053 1054 1055 1056 1056 1026 1027 1057 1058 1028 1029 1030
1059 1031 1060 1060 1032 1033 1061 1034 1035 1062 1063 1063 1064 1065 1038 1039 1040 1066 1067 1042 1068 1068 1069 1069 1045 1046 1070 1071 1072 1073 1074 1075 1076 1077 1050 1078 1078 1052 1079 1054 1055 1080 1081 1082 1082 1057 1058 1083 1083 1084
1085 1085 1086 1086 1087 1088 1061 1089 1090 1062 1091 1092 1064 1065 1093 1094 1094 1066 1067 1095 1095 1096 1097 1098 1098 1099 1070 1071 1100 1073 1074 1101 1076 1077 1102 1102 1103 1103 1079 1104 1104 1080 1081 1105 1106 1107 1108 1108 1109 1109
1110 1111 1112 1113 1087 1114 1115 1089 1090 1116 1091 1092 1117 1118 1093 1119 1119 1120 1120 1121 1122 1096 1097 1123 1123 1099 1124 1125 1100 1126 1126 1101 1127 1128 1129 1129 1130 1131 1131 1132 1133 1134 1135 1135 1106 1107 1136 1136 1137 1138
1110 1111 1112 1139 1139 1114 1140 1140 1141 1141 1142 1143 1144 1118 1145 1146 1147 1148 1148 1121 1122 1149 1150 1151 1151 1152 1152 1125 1153 1154 1155 1156 1127 1157 1157 1158 1130 1159 1160 1132 1133 1134 1161 1161 1162 1162 1163 1164 1165 1138
1166 1166 1167 1168 1169 1169 1170 1171 1171 1172 1172 1143 1144 1173 1173 1146 1147 1174 1174 1175 1175 1176 1150 1177 1178 1179 1180 1180 1153 1181 1155 1156 1182 1183 1183 1184 1185 1159 1186 1187 1188 1189 1190 1190 1191 1191 1163 1164 1165 1192
1193 1194 1167 1168 1195 1195 1170 1196 1196 1197 1198 1198 1199 1200 1200 1201 1202 1202 1203 1204 1205 1176 1206 1177 1178 1207 1208 1209 1209 1181 1210 1211 1212 1213 1214 1184 1185 1215 1186 1216 1188 1189 1217 1217 1218 1219 1219 1220 1221 1192
1193 1194 1222 1223 1224 1225 1225 1226 1227 1228 1228 1229 1199 1230 1231 1201 1232 1233 1233 1204 1205 1234 1206 1235 1236 1207 1208 1237 1237 1238 1210 1239 1212 1213 1214 1240 1241 1241 1242 1216 1243 1244 1245 1246 1218 1247 1248 1220 1249 1249
1250 1251 1222 1223 1224 1252 1253 1253 1227 1254 1255 1229 1256 1230 1231 1257 1257 1258 1259 1260 1261 1262 1262 1235 1236 1263 1264 1265 1265 1238 1266 1239 1267 1268 1268 1269 1270 1271 1242 1272 1243 1244 1245 1246 1273 1247 1274 1274 1275 1276
1250 1277 1277 1278 1279 1252 1280 1280 1281 1254 1255 1282 1256 1283 1283 1284 1285 1258 1259 1260 1286 1287 1288 1289 1289 1263 1264 1290 1291 1291 1266 1292 1292 1293 1293 1269 1270 1294 1294 1295 1295 1296 1296 1297 1273 1298 1298 1299 1275 1276
1300 1300 1301 1301 1279 1302 1303 1304 1305 1305 1306 1282 1307 1307 1308 1284 1309 1309 1310 1310 1286 1287 1288 1311 1311 1312 1313 1313 1314 1315 1316 1317 1317 1318 1318 1319 1320 1321 1322 1323 1324 1324 1325 1326 1327 1328 1328 1299 1329 1329
1330 1330 1331 1331 1332 1332 1303 1304 1333 1333 1306 1334 1334 1335 1308 1336 1336 1337 1337 1338 1338 1339 1339 1340 1340 1312 1341 1341 1314 1315 1316 1342 1342 1343 1343 1319 1320 1321 1322 1323 1344 1344 1325 1326 1327 1345 1346 1346 1347 1347
68 45 52 64 43 36 39 95 2 55 70 80 41 39 53 61 65 49 64 67 79 83 65 89 3 40 92 19 54 21 13 1 6 14 49 26 50 82 9 90 63 6 17 46 44 11 7 22 84 90
32 13 62 78 12 7 93 96 45 48 28 21 95 78 40 32 23 96 54 16 61 15 52 30 61 67 55 21 25 21 38 6 34 65 13 93 35 1 79 65 85 22 40 76 7 40 24 19 2 57
90 19 57 10 4 9 59 10 87 41 28 71 20 90 50 99 66 79 91 76 76 87 67 52 20 5 51 36 47 2 80 84 69 68 42 28 87 20 85 27 10 93 48 48 64 77 63 69 61 4
96 44 89 42 20 97 8 43 40 98 65 41 13 44 6 79 8 71 27 89 34 93 79 45 50 1 4 39 71 97 25 99 3 70 62 39 30 74 49 33 99 59 1 76 47 69 31 98 26 95
96 21 83 94 21 4 60 69 7 14 24 6 7 89 42 32 0 82 97 0 38 74 33 44 3 98 45 30 32 49 33 60 99 18 90 88 66 82 40 43 65 19 53 24 54 25 76 79 52 65
88 67 33 5 93 71 35 50 89 74 22 40 13 53 20 34 47 87 28 1 64 35 69 33 53 72 18 98 67 47 66 89 60 16 34 42 65 56 33 46 80 54 15 16 12 43 75 31 7 94
54 52 51 6 51 44 20 78 15 8 4 66 24 89 43 83 0 25 81 10 21 48 37 32 81 73 54 42 54 7 10 63 12 75 66 34 73 68 43 79 24 65 90 36 7 85 87 50 26 56
16 5 94 97 2 59 69 71 31 62 19 86 32 83 66 87 43 77 97 13 22 10 52 28 29 57 87 74 2 69 12 68 92 2 58 2 68 87 87 3 57 36 51 65 55 39 61 38 76 55
49 61 18 85 12 75 97 47 55 39 77 81 36 69 19 86 28 6 71 0 13 98 76 83 42 42 12 0 54 49 21 32 53 58 11 81 13 77 62 8 76 80 67 79 2 56 37 93 51 51
89 3 33 63 30 62 97 67 12 67 80 74 11 24 61 7 14 66 44 37 38 69 9 73 92 84 90 23 54 50 9 41 95 98 12 14 11 55 29 71 40 91 65 82 30 13 41 75 49 18
97 73 28 20 55 82 45 43 88 78 35 16 85 78 48 76 47 72 52 76 68 49 75 26 10 55 65 3 38 54 34 56 49 90 35 48 35 32 99 22 39 86 27 6 10 36 78 40 75 86
57 86 40 70 92 28 67 89 53 73 11 71 32 35 96 13 21 51 3 71 48 63 10 10 17 38 78 17 25 55 52 57 69 24 80 53 66 83 59 29 69 61 88 26 89 69 57 89 80 12
81 52 9 5 71 80 93 32 76 80 12 97 12 91 68 11 5 9 35 52 10 88 77 31 43 36 97 72 27 93 65 30 33 49 96 95 43 29 8 22 61 99 18 70 80 12 58 89 95 28
66 66 30 1 43 49 90 69 23 10 37 82 34 68 22 93 17 86 16 41 34 91 50 7 79 83 69 5 79 0 26 45 98 5 46 96 52 4 9 75 86 24 86 74 87 26 19 86 44 31
62 76 65 19 72 4 60 76 68 15 65 20 31 72 41 66 43 83 78 76 81 55 74 39 23 30 69 62 53 97 57 62 87 25 35 91 48 13 69 0 19 62 32 36 98 55 49 19 2 30
92 56 12 54 37 95 96 96 43 47 2 79 53 9 54 83 37 40 24 79 75 89 20 75 38 45 15 70 64 3 13 33 27 9 26 43 87 78 21 24 88 96 47 73 63 78 47 42 1 44
43 70 41 94 20 38 70 40 79 15 20 33 86 31 6 47 22 3 47 59 53 69 20 84 3 85 28 29 86 51 3 50 28 9 73 69 54 10 46 86 37 63 67 74 88 21 13 3 46 86
35 13 51 59 79 40 40 64 52 56 52 41 95 58 45 19 79 47 64 55 80 29 80 54 75 32 99 53 83 24 1 77 75 95 6 15 62 50 54 87 17 88 66 93 28 92 46 14 74 74
70 30 97 24 42 36 49 61 35 59 99 14 14 78 18 38 2 4 15 99 18 68 47 55 75 87 47 89 96 3 76 29 22 73 30 1 82 25 86 63 23 24 86 39 2 19 26 86 24 43
34 88 62 9 86 80 94 56 89 50 68 79 81 9 17 30 57 4 93 98 50 83 1 21 11 81 45 64 8 33 76 63 50 75 64 37 3 63 42 63 73 81 14 37 43 99 80 20 1 12
23 25 54 4 10 58 7 9 15 45 49 33 56 83 46 84 36 79 78 49 65 79 59 0 8 40 72 45 29 27 26 51 27 89 86 30 0 19 46 49 37 21 2 34 0 14 54 41 2 90
45 37 97 63 91 64 54 53 62 1 2 4 41 26 89 31 8 69 96 50 28 63 59 37 4 89 39 69 39 10 51 7 2 33 49 76 19 25 2 16 43 5 91 39 97 21 73 89 4 76
68 67 49 77 82 36 65 40 34 18 8 49 88 83 12 63 46 20 16 98 77 58 57 56 85 37 47 42 89 95 49 21 11 52 88 37 42 90 25 48 18 71 1 40 51 43 84 39 80 16
10 65 96 44 62 99 21 90 97 89 59 16 40 23 46 82 93 70 62 33 33 39 99 1 74 22 98 16 76 29 59 94 41 68 57 89 65 50 59 44 56 19 86 27 43 59 60 24 71 90
28 61 73 48 13 88 74 47 15 31 11 92 15 54 74 48 54 31 35 89 56 10 87 91 25 78 20 27 33 43 73 47 1 58 32 36 9 85 63 23 90 19 64 60 33 71 77 58 93 33
5 71 2 60 37 87 53 72 11 36 41 93 96 89 12 28 23 10 92 77 64 34 35 62 35 91 94 36 55 1 88 56 79 18 47 69 42 38 72 53 94 91 67 56 88 1 98 59 62 36
42 23 67 63 17 63 95 86 27 73 20 53 17 57 69 33 32 84 1 86 34 99 36 54 66 73 50 88 44 64 54 73 27 8 33 21 97 29 69 45 38 98 58 64 7 17 81 37 20 57
48 61 70 40 94 22 30 56 49 49 99 50 88 50 69 9 73 49 15 43 49 2 58 63 76 98 51 28 72 22 68 11 69 45 47 41 72 24 24 12 82 11 84 87 4 15 78 87 93 71
90 31 5 62 22 72 30 27 33 32 77 8 39 77 93 18 82 36 98 31 12 67 2 71 11 14 35 61 9 22 49 30 26 91 68 40 6 50 72 14 73 78 6 89 6 37 23 36 92 92
15 52 36 55 4 98 50 82 35 87 15 48 26 69 20 14 18 59 74 38 71 20 41 62 81 25 10 68 49 64 48 7 0 95 13 28 97 71 50 77 98 77 43 1 45 58 88 28 99 51
86 48 38 8 42 73 93 87 23 49 90 54 94 61 57 55 93 41 85 78 1 43 61 88 96 92 5 18 19 13 78 49 22 79 69 84 26 52 68 3 89 69 46 7 26 1 63 87 8 95
23 56 49 28 25 24 32 39 23 92 70 71 29 46 87 20 46 89 83 84 23 5 79 83 24 97 2 80 95 15 6 25 73 70 68 50 12 91 59 34 18 73 86 67 8 54 24 45 29 29
36 16 77 31 36 57 92 19 42 84 56 26 19 83 7 58 63 69 94 63 19 90 71 4 46 45 83 54 73 5 66 87 42 18 82 95 63 43 47 85 85 4 46 62 86 17 51 16 86 0
62 73 94 15 99 73 86 15 36 53 25 23 27 2 56 55 72 36 34 58 53 33 86 57 31 54 14 81 11 60 12 99 71 88 21 58 94 42 64 5 50 30 68 40 73 95 39 22 84 76
10 70 81 64 59 56 47 91 40 72 63 8 96 31 97 24 71 54 37 12 55 95 25 35 92 60 28 82 60 57 4 54 56 89 24 59 50 11 17 26 12 49 87 33 3 12 13 46 24 71
12 12 54 84 55 89 84 67 80 26 66 7 2 83 84 9 57 50 7 64 28 18 50 72 69 45 59 0 23 60 67 72 91 13 14 8 85 5 52 94 8 20 81 68 83 73 95 61 91 45
65 61 76 50 6 34 60 86 11 31 62 10 15 45 51 98 8 84 2 52 5 78 69 74 15 46 46 81 53 91 35 75 58 93 18 7 96 91 51 32 83 91 72 58 94 58 38 82 3 16
30 10 47 77 52 78 4 38 64 58 37 18 49 66 43 16 2 51 74 36 56 82 24 51 20 61 36 30 42 25 47 61 83 81 76 61 29 39 31 85 86 27 52 79 0 55 71 27 79 25
70 21 21 12 51 5 56 97 77 40 98 62 91 49 54 48 29 20 46 31 60 23 58 68 48 22 92 66 97 14 59 92 83 50 48 64 75 76 39 67 77 45 37 64 22 9 11 93 65 75
5 70 88 78 16 15 62 77 64 93 16 90 0 88 35 47 9 54 98 99 82 34 21 56 89 74 12 27 64 84 29 10 12 14 97 49 90 92 9 32 33 85 82 64 52 42 35 4 82 4
99 15 22 45 88 99 21 56 41 38 69 46 59 23 12 73 31 27 88 13 57 50 24 25 10 84 48 31 47 75 40 68 33 68 0 97 0 74 75 93 6 63 4 32 19 77 48 33 86 12
46 52 3 61 87 81 75 50 56 87 13 51 94 40 14 4 6 58 49 24 81 30 59 50 46 13 65 89 59 15 51 80 19 4 71 90 6 67 62 90 55 39 48 58 28 82 39 79 90 21
2 97 48 27 57 24 29 25 31 26 2 33 56 7 26 30 28 69 89 23 42 19 34 63 27 41 39 58 89 77 73 5 41 57 7 29 60 24 46 88 44 46 2 72 83 60 27 98 78 4
18 88 73 66 95 38 19 10 1 95 72 79 98 75 73 93 72 72 65 85 78 10 35 14 25 67 31 43 0 52 17 62 46 23 46 40 63 46 87 27 88 40 49 79 6 44 9 45 2 93
67 96 66 7 8 42 98 46 78 25 14 3 56 95 59 78 88 19 66 50 52 66 79 60 89 93 89 1 48 44 60 98 44 28 88 24 73 93 81 38 88 5 30 40 55 71 98 49 67 81
26 55 97 24 16 47 27 27 3 21 86 38 68 11 86 67 38 66 55 51 33 80 56 82 31 85 98 76 90 76 71 22 97 75 11 59 32 17 1 58 62 66 28 61 28 50 89 25 68 51
7 39 95 82 31 55 16 7 40 42 34 43 29 43 73 89 79 22 44 60 59 14 34 47 78 21 69 42 72 97 73 23 56 9 31 35 61 77 29 49 55 18 10 21 61 34 2 65 79 51
0 39 88 5 91 35 67 92 56 75 79 94 47 39 97 11 69 6 85 72 82 77 23 81 42 4 66 42 66 13 3 16 70 78 31 48 40 21 22 47 25 50 11 71 70 10 35 4 73 71
71 25 22 42 75 80 45 60 75 39 45 42 37 79 1 70 94 19 34 9 41 5 79 88 6 29 81 97 64 61 15 41 49 53 66 56 57 87 9 20 7 26 74 26 60 49 20 18 74 25
46 39 72 7 51 43 97 41 46 50 35 31 33 3 6 23 68 71 68 0 68 70 26 85 21 81 13 57 65 1 88 73 90 50 55 85 60 17 1 31 62 24 83 59 25 60 97 40 98 46
