10 30
0 0 1 1 2 3 3 4 4 5 5 6 7 7 8 9 10 11 11 12 13 14 15 15 16 16 17 18 19 20 20 21 21 22 22 23 24 24 25 26 26 27 28 29 29 30 31 31 32 32
33 33 34 34 2 35 36 36 37 37 38 6 39 39 8 40 10 41 41 12 13 14 42 43 44 44 17 18 19 45 46 47 48 49 50 23 51 51 25 52 52 27 28 53 53 30 54 55 56 56
57 58 59 59 60 60 61 61 62 62 38 63 64 64 65 40 66 66 67 67 68 68 42 43 69 70 70 71 72 72 46 73 48 49 74 75 76 76 77 78 78 79 80 81 81 82 82 55 83 83
57 58 84 85 85 86 87 87 88 89 89 90 90 91 65 92 92 93 93 94 95 95 96 96 69 97 97 71 98 98 99 73 100 100 74 75 101 101 77 102 102 103 80 104 104 105 106 107 108 108
109 109 110 110 111 112 113 114 88 115 116 117 118 118 119 119 120 120 121 121 122 123 124 125 125 126 127 127 128 129 129 130 131 132 132 133 134 134 135 135 136 103 137 138 139 105 106 140 140 141
142 143 144 145 111 112 113 114 146 115 116 147 147 148 148 149 149 150 150 151 122 123 124 152 152 126 153 153 128 154 155 130 156 156 157 158 158 159 160 160 136 161 137 138 139 162 163 163 164 164
165 143 144 145 166 167 168 168 146 169 169 170 170 171 172 173 174 175 176 151 177 177 178 179 179 180 180 181 181 154 155 182 182 183 183 184 185 185 186 187 188 188 189 190 190 191 191 192 193 194
165 195 196 196 166 167 197 198 198 199 200 200 201 171 172 173 174 175 176 202 203 204 178 205 206 207 208 208 209 210 211 212 212 213 214 215 216 217 186 187 218 219 220 220 221 221 222 222 193 194
223 195 224 225 226 226 197 227 227 199 228 229 201 230 231 232 232 233 233 202 203 234 235 235 206 207 236 237 238 210 239 240 240 213 214 215 216 241 242 243 243 219 244 244 245 245 246 247 247 248
223 249 224 225 250 250 251 252 253 253 228 229 254 230 231 255 256 256 257 257 258 234 259 259 260 260 236 237 238 261 239 262 263 263 264 264 265 241 266 266 267 268 269 270 270 271 271 272 272 273
274 249 275 275 276 277 251 252 278 278 279 280 254 281 282 283 284 285 286 286 287 287 288 288 289 289 290 290 291 261 292 262 293 293 294 295 265 296 296 297 297 268 269 298 298 299 300 301 301 273
302 302 303 303 276 304 304 305 305 306 279 280 307 307 282 283 284 285 308 308 309 310 311 312 312 313 313 314 315 316 316 317 318 318 319 295 320 320 321 322 323 324 324 325 325 299 300 326 327 328
329 330 331 332 332 333 333 334 335 306 336 337 338 338 339 340 340 341 342 342 309 343 311 344 345 345 346 314 315 347 347 317 348 348 319 349 350 350 321 322 323 351 352 352 353 354 354 326 327 328
355 330 331 356 357 358 359 334 360 360 336 337 361 362 339 363 364 341 365 365 366 343 367 368 368 369 369 370 370 371 371 372 373 374 375 349 376 377 378 378 379 379 380 380 353 381 382 383 383 384
355 385 385 356 357 358 386 386 387 388 389 390 361 362 391 391 364 392 393 394 366 395 396 396 397 398 399 400 400 401 402 403 373 374 375 404 376 405 406 407 408 409 409 410 410 381 411 412 413 413
414 415 416 417 418 418 419 420 421 388 389 422 422 423 424 425 425 426 393 427 427 395 428 429 429 398 430 430 431 431 402 403 432 432 433 434 435 405 406 407 436 437 438 439 440 440 411 412 441 441
442 415 416 417 443 443 419 444 421 445 445 446 446 423 447 448 449 426 450 451 452 453 454 454 455 456 456 457 458 459 460 461 462 463 433 434 464 464 465 465 436 466 438 439 467 467 468 468 469 469
442 470 471 472 473 473 474 444 475 475 476 477 478 479 447 448 449 480 481 451 452 453 482 482 455 483 484 457 458 459 460 461 462 463 485 485 486 487 487 488 489 466 490 490 491 492 493 494 494 495
496 496 471 497 498 498 474 499 500 500 476 477 478 501 502 503 504 504 481 505 506 506 507 507 508 509 484 510 510 511 511 512 513 514 515 515 486 516 516 488 489 517 517 518 519 492 493 520 521 495
522 523 523 497 524 525 525 499 526 527 528 529 529 501 502 503 530 530 531 505 532 532 533 534 534 509 535 535 536 536 537 537 513 514 538 538 539 540 541 542 543 543 544 518 519 545 545 520 521 546
522 547 548 548 524 549 550 550 551 527 528 552 553 554 555 555 556 556 531 557 557 558 533 559 560 561 562 563 564 564 565 566 567 567 568 568 539 540 541 569 569 570 570 571 571 572 572 573 573 546
574 575 576 577 577 549 578 579 551 580 580 581 553 554 582 583 584 584 585 586 586 587 587 559 560 561 562 563 588 589 565 566 590 591 591 592 593 594 595 595 596 597 597 598 598 599 600 601 602 602
603 575 604 604 605 605 578 579 606 606 607 581 608 609 582 610 610 611 611 612 613 613 614 614 615 616 616 617 588 618 618 619 620 620 621 592 593 622 622 623 624 624 625 625 626 599 600 601 627 627
603 628 628 629 630 630 631 631 632 632 607 633 633 609 634 635 635 636 636 637 637 638 638 639 639 640 641 617 642 643 644 619 645 646 621 647 648 649 650 650 651 652 653 654 626 655 656 657 657 658
659 660 661 629 662 662 663 664 664 665 666 666 667 667 668 669 670 671 671 672 673 674 674 675 675 640 676 676 642 643 644 677 645 646 678 678 648 679 679 680 680 652 653 681 681 655 682 682 683 658
659 660 684 685 686 687 663 688 688 665 689 690 691 691 668 669 670 692 693 693 673 694 694 695 696 696 697 698 699 699 700 677 701 701 702 703 704 705 706 706 707 708 709 709 710 711 711 712 713 713
714 714 684 715 686 687 716 716 717 717 689 718 718 719 719 720 721 692 722 722 723 724 724 725 725 726 726 698 727 728 700 729 730 731 731 703 704 732 732 733 707 708 734 734 710 735 735 712 736 736
737 738 739 715 740 741 742 742 743 743 744 745 745 746 747 720 721 748 748 749 723 750 750 751 752 753 753 754 727 728 755 755 730 756 756 757 758 758 759 733 760 760 761 762 763 763 764 765 766 766
737 738 739 767 740 768 769 770 771 771 744 772 773 773 747 774 774 775 775 749 776 777 778 751 752 779 780 754 781 781 782 783 784 784 785 757 786 786 759 787 787 788 761 762 789 789 764 765 790 791
792 792 793 793 794 768 769 795 795 796 797 797 798 799 799 800 800 801 802 802 776 777 803 803 804 779 805 806 806 807 807 783 808 808 785 809 810 810 811 812 813 813 814 814 815 816 816 817 790 791
818 819 820 821 821 822 823 823 824 824 825 825 798 826 826 827 827 828 828 829 829 830 831 831 804 832 805 833 834 835 836 836 837 838 838 839 840 840 811 812 841 842 843 844 844 845 846 846 847 847
818 819 848 848 849 850 851 851 852 853 854 854 855 855 856 856 857 857 858 859 859 830 860 861 861 832 862 862 834 863 864 865 866 866 867 839 868 868 869 869 841 842 843 870 870 845 871 871 872 872
873 873 874 874 875 850 876 876 877 853 878 878 879 879 880 880 881 882 858 883 883 884 884 885 886 887 887 888 889 863 864 865 890 890 867 891 892 893 894 895 896 897 897 898 898 899 899 900 901 902
903 903 904 904 875 905 905 906 877 907 908 908 909 909 910 910 881 882 911 911 912 912 913 885 886 914 915 916 889 917 917 918 918 919 919 891 892 893 894 895 896 920 920 921 921 922 923 923 901 902
924 925 926 927 927 928 928 906 929 930 930 931 932 933 933 934 935 935 936 936 937 937 913 938 938 914 915 916 939 939 940 940 941 941 942 942 943 944 945 946 947 947 948 948 949 949 950 951 951 952
924 925 953 953 954 955 955 956 956 957 958 931 932 959 960 934 961 962 962 963 963 964 964 965 966 967 967 968 969 970 970 971 971 972 973 973 943 944 945 974 974 975 975 976 977 977 978 979 980 980
981 981 982 982 983 983 984 985 985 957 986 986 987 988 960 989 961 990 990 991 992 992 993 965 994 994 995 968 969 996 997 997 998 999 999 1000 1001 1002 1002 1003 1004 1004 1005 1006 1006 1007 978 979 1008 1008
1009 1009 1010 1011 1011 1012 1012 1013 1014 1014 1015 1015 987 988 1016 989 1017 1017 1018 1018 1019 1020 1021 1021 1022 1022 1023 1024 1025 996 1026 1026 998 1027 1027 1000 1001 1028 1028 1003 1029 1029 1030 1030 1031 1032 1033 1034 1034 1035
1036 1037 1038 1038 1039 1040 1041 1013 1042 1042 1043 1044 1045 1046 1016 1047 1048 1049 1049 1050 1019 1020 1051 1052 1053 1053 1023 1024 1025 1054 1055 1055 1056 1056 1057 1058 1059 1060 1060 1061 1062 1063 1063 1064 1031 1032 1065 1065 1066 1035
1036 1037 1067 1068 1068 1040 1069 1070 1070 1071 1071 1044 1045 1046 1072 1047 1073 1073 1074 1074 1075 1076 1076 1052 1077 1078 1078 1079 1079 1054 1080 1081 1081 1082 1082 1058 1059 1083 1083 1061 1062 1084 1084 1064 1085 1086 1086 1087 1066 1088
1089 1090 1067 1091 1091 1092 1069 1093 1093 1094 1094 1095 1096 1096 1072 1097 1098 1098 1099 1100 1101 1101 1102 1102 1103 1103 1104 1104 1105 1105 1080 1106 1106 1107 1107 1108 1109 1110 1110 1111 1112 1112 1113 1113 1085 1114 1115 1116 1116 1088
1089 1090 1117 1118 1118 1119 1120 1121 1122 1123 1124 1124 1125 1125 1126 1097 1127 1128 1128 1100 1129 1130 1131 1132 1133 1134 1135 1136 1137 1137 1138 1138 1139 1140 1140 1108 1109 1141 1141 1142 1142 1143 1143 1144 1145 1114 1115 1146 1147 1147
1148 1148 1117 1149 1149 1119 1120 1121 1122 1123 1150 1150 1151 1152 1126 1153 1154 1155 1155 1156 1129 1157 1131 1132 1133 1134 1135 1136 1158 1158 1159 1159 1139 1160 1160 1161 1161 1162 1162 1163 1163 1164 1164 1144 1145 1165 1165 1166 1166 1167
1168 1168 1169 1170 1171 1171 1172 1172 1173 1173 1174 1174 1151 1152 1175 1153 1154 1176 1176 1156 1177 1157 1178 1178 1179 1179 1180 1181 1182 1182 1183 1184 1185 1186 1187 1187 1188 1189 1189 1190 1191 1191 1192 1193 1194 1195 1196 1197 1197 1198
1199 1199 1169 1170 1200 1200 1201 1202 1203 1203 1204 1204 1205 1205 1175 1206 1207 1208 1208 1209 1177 1210 1211 1212 1212 1213 1180 1181 1214 1214 1183 1184 1185 1186 1215 1215 1216 1217 1217 1190 1218 1219 1192 1193 1194 1195 1196 1220 1220 1198
1221 1222 1223 1223 1224 1224 1201 1202 1225 1226 1227 1228 1229 1230 1231 1206 1207 1232 1232 1209 1233 1210 1234 1234 1235 1213 1236 1236 1237 1238 1239 1239 1240 1240 1241 1242 1216 1243 1244 1245 1218 1219 1246 1246 1247 1247 1248 1249 1250 1251
1221 1222 1252 1253 1253 1254 1255 1255 1225 1226 1227 1228 1229 1230 1231 1256 1257 1258 1258 1259 1260 1260 1261 1261 1235 1262 1263 1264 1264 1238 1265 1265 1266 1267 1241 1268 1268 1243 1244 1245 1269 1269 1270 1270 1271 1272 1248 1249 1250 1251
1273 1273 1274 1275 1276 1276 1277 1277 1278 1279 1280 1280 1281 1282 1282 1256 1257 1283 1284 1259 1285 1286 1287 1287 1288 1288 1263 1289 1290 1290 1291 1291 1266 1267 1292 1293 1293 1294 1294 1295 1295 1296 1297 1298 1271 1272 1299 1300 1300 1301
1302 1302 1274 1275 1303 1304 1305 1306 1278 1307 1307 1308 1281 1309 1309 1310 1310 1283 1284 1311 1285 1286 1312 1312 1313 1314 1314 1315 1316 1316 1317 1318 1319 1320 1292 1321 1321 1322 1323 1323 1324 1324 1297 1298 1325 1325 1299 1326 1327 1301
1328 1329 1329 1330 1303 1304 1305 1331 1331 1332 1332 1308 1333 1333 1334 1335 1335 1336 1336 1311 1337 1337 1338 1338 1313 1339 1339 1315 1340 1340 1317 1318 1319 1320 1341 1341 1342 1342 1343 1344 1344 1345 1346 1346 1347 1347 1348 1326 1327 1349
48 95 20 60 58 50 68 59 26 5 37 77 30 32 73 60 20 94 80 13 39 83 36 5 99 29 0 47 91 17 57 25 99 34 87 38 77 0 56 34 97 70 6 31 42 11 64 74 97 58
48 43 95 53 51 72 87 22 68 71 40 23 22 32 55 33 47 22 70 80 17 39 13 84 96 23 85 35 72 70 12 97 28 74 81 77 79 52 32 4 49 9 91 42 50 41 49 63 35 84
7 99 6 76 88 78 65 80 88 58 68 55 13 1 14 55 1 2 55 47 33 26 98 70 44 11 40 43 35 29 86 42 29 18 44 77 54 42 57 49 92 21 94 0 98 6 89 59 51 98
37 63 85 55 43 13 17 98 17 75 93 30 46 86 6 12 82 21 34 7 82 33 47 70 56 40 69 49 19 58 32 45 81 55 89 38 99 22 23 26 87 86 55 56 20 94 76 19 64 89
49 21 97 89 6 10 90 65 43 84 7 6 4 54 46 5 91 96 73 28 70 7 34 2 81 96 17 2 16 20 20 56 30 55 49 61 13 79 83 35 64 68 41 75 7 83 20 28 52 96
55 24 97 76 43 93 13 3 4 29 11 79 21 34 68 28 73 96 6 22 98 2 38 89 48 24 92 6 28 42 47 38 14 32 34 67 82 4 72 46 68 67 33 37 97 81 83 31 18 86
39 56 68 47 11 69 46 11 62 88 63 45 68 16 26 3 87 14 16 80 19 97 50 62 97 8 81 19 23 68 57 27 12 71 21 79 34 19 58 44 35 50 96 54 93 48 29 63 34 18
53 80 50 42 51 97 35 57 49 46 68 48 69 94 31 19 8 86 79 54 16 36 13 49 83 7 20 73 3 93 4 44 18 48 24 96 58 20 19 14 72 21 50 28 72 80 21 19 79 6
57 61 40 62 69 50 93 43 6 67 20 81 25 16 39 83 42 94 73 14 42 24 57 79 33 99 61 35 34 55 84 9 75 83 72 7 46 28 7 1 27 90 18 84 19 6 14 40 44 75
65 99 90 18 67 7 50 27 82 53 28 9 48 60 13 18 45 25 51 93 47 45 17 2 41 42 24 93 4 65 86 28 9 67 90 81 98 49 54 85 83 62 23 23 87 28 88 97 14 21
4 33 52 25 90 2 83 35 34 89 90 10 24 38 57 53 45 54 69 70 43 19 58 25 1 31 80 23 80 27 42 23 93 98 80 31 56 25 16 10 50 88 73 10 23 68 34 82 69 15
84 86 33 6 34 55 30 93 99 60 71 98 11 90 94 51 50 17 65 88 47 96 85 4 88 61 40 36 96 85 76 45 26 88 3 51 5 20 92 70 96 62 58 18 64 51 48 5 78 87
55 94 21 48 76 93 88 10 93 63 66 92 67 39 68 7 31 16 17 14 47 51 0 31 36 84 43 23 14 44 65 97 31 22 3 61 59 72 30 67 51 48 48 16 65 80 28 67 99 70
35 61 2 47 48 28 45 47 53 71 47 39 5 18 87 30 31 79 68 10 30 71 75 73 31 65 93 89 30 39 57 2 40 17 32 71 93 79 16 19 85 67 61 4 96 21 26 67 90 4
39 35 66 68 54 24 89 39 60 16 34 1 19 32 47 33 86 98 21 94 25 66 63 34 84 1 56 24 22 68 27 73 67 40 23 57 20 18 87 8 65 42 91 68 96 6 54 0 47 78
4 6 41 99 60 27 17 9 49 54 57 0 47 98 17 18 35 64 52 0 68 4 71 26 66 52 34 46 52 98 85 49 86 87 60 49 61 66 67 10 87 9 95 58 15 26 92 98 77 10
39 5 11 69 23 0 90 77 16 56 56 52 60 92 67 73 85 87 67 75 58 30 32 68 42 39 40 52 36 77 97 54 61 7 19 62 46 5 84 80 31 13 3 80 84 90 97 44 25 15
27 85 37 0 2 32 57 50 42 69 36 31 18 11 18 9 49 88 63 25 54 5 98 28 28 42 62 74 61 60 49 76 47 44 20 7 84 9 93 88 51 68 88 97 44 0 47 1 4 1
14 47 31 4 48 41 48 59 36 4 36 74 80 63 85 57 94 86 84 40 41 63 77 39 1 46 9 98 17 9 4 65 26 36 42 36 25 70 77 97 43 53 48 21 47 37 12 47 86 66
88 78 55 35 53 22 9 0 43 63 13 96 2 60 75 63 15 47 41 24 57 56 49 65 92 82 49 11 26 59 21 76 63 50 54 3 54 91 15 4 73 12 73 26 57 40 90 24 4 41
3 97 44 94 87 61 12 85 99 32 12 34 33 38 30 54 55 14 60 70 82 74 84 86 7 78 11 39 7 47 69 31 96 71 44 89 62 72 9 49 43 30 45 85 68 73 62 99 82 66
56 98 48 32 7 44 83 22 96 3 95 82 92 63 94 33 15 92 79 35 47 70 39 35 75 59 69 70 54 49 55 41 21 6 66 32 55 43 36 7 43 6 0 11 70 21 48 50 47 2
18 31 98 96 46 89 27 60 12 11 96 88 3 20 92 80 92 4 87 92 98 38 95 15 94 72 14 37 48 23 27 30 4 60 88 96 94 51 39 53 80 25 14 13 80 16 44 37 1 82
29 5 52 39 28 51 67 79 0 78 36 38 31 14 43 62 1 45 46 98 47 16 99 0 54 61 36 13 91 46 3 90 15 98 9 1 39 43 11 42 87 78 13 23 67 59 96 59 25 15
37 47 17 75 17 77 60 93 5 60 20 70 99 46 17 10 1 89 14 78 72 45 29 64 51 36 3 54 15 78 86 83 52 85 67 50 57 85 23 48 71 92 21 45 61 3 50 68 14 75
85 97 97 47 0 87 1 74 8 30 57 76 70 0 5 31 41 82 91 29 15 5 59 24 75 66 83 84 12 66 61 89 16 14 77 97 74 7 73 98 55 69 93 96 83 55 55 56 17 59
3 32 88 60 52 48 8 70 13 24 40 56 35 11 64 79 29 30 92 27 47 50 68 0 33 46 11 6 6 81 80 76 82 71 2 61 59 94 2 26 14 30 73 22 39 96 23 87 73 93
38 78 57 34 21 23 47 13 66 13 5 12 41 84 95 19 61 54 30 95 20 60 3 2 17 48 81 63 47 30 86 0 71 0 93 75 94 69 21 47 63 41 27 87 12 89 8 99 35 19
92 31 0 51 10 85 2 23 89 13 64 20 44 8 57 60 30 4 77 66 36 63 2 96 32 59 82 58 40 99 91 21 13 44 18 37 64 36 95 95 51 54 76 60 27 79 42 70 57 13
9 8 36 73 54 65 65 60 93 86 65 80 40 59 41 15 86 71 59 59 33 48 6 49 30 1 66 82 90 4 69 85 7 80 93 68 89 54 26 51 17 28 31 66 74 35 99 49 1 35
25 49 34 64 38 65 84 18 22 42 84 48 37 56 86 0 44 2 23 24 6 25 22 80 84 64 89 40 63 61 88 56 49 75 12 27 37 53 37 37 54 8 14 31 39 25 29 30 99 75
26 34 51 38 53 85 66 84 83 89 57 46 32 18 50 61 1 0 66 33 81 69 74 27 90 84 59 67 77 94 57 71 98 13 75 63 40 98 28 51 40 28 84 76 61 24 90 17 48 53
5 54 60 79 44 59 86 37 12 38 53 56 48 87 13 89 91 1 54 76 34 17 18 6 58 77 91 47 20 31 97 74 7 54 17 11 14 46 56 94 0 69 65 28 88 59 15 45 94 72
74 56 76 38 42 73 3 99 67 40 44 48 66 40 3 92 51 97 75 12 88 57 79 52 61 83 40 30 47 12 33 27 56 15 23 12 79 72 34 23 71 45 99 56 62 85 67 80 29 81
52 20 87 18 6 45 14 55 40 81 99 38 73 29 69 95 82 50 24 1 39 55 55 12 9 81 90 60 94 81 98 31 95 15 16 77 79 91 29 2 64 2 61 89 9 32 31 98 28 88
50 3 56 12 48 60 63 72 18 35 30 8 86 39 83 14 64 17 3 24 65 53 18 29 88 83 53 48 1 31 51 54 43 19 50 6 3 29 44 76 17 56 70 11 53 58 8 7 57 93
60 56 52 87 40 58 40 45 90 71 58 68 96 20 4 34 94 53 42 87 57 16 83 96 59 70 18 83 59 11 60 38 80 90 36 28 63 98 39 18 85 48 33 50 89 39 17 89 7 2
52 60 14 35 51 46 80 80 7 7 83 94 34 99 60 83 59 68 47 78 69 92 64 21 56 14 37 5 91 62 11 88 42 60 29 85 16 54 71 49 47 60 28 17 55 5 8 87 0 70
18 43 82 54 77 54 88 29 96 46 48 16 57 55 71 45 12 82 90 9 46 23 84 20 18 78 66 73 57 84 58 31 79 71 85 83 6 98 6 15 76 9 34 30 57 28 1 1 61 49
89 96 61 29 24 29 33 20 15 50 62 36 83 5 0 84 1 70 17 26 89 89 41 78 85 61 31 50 45 8 95 87 7 5 26 80 12 20 35 51 81 54 6 65 2 5 34 26 61 41
52 88 76 76 47 62 32 47 47 91 27 64 75 15 57 92 70 7 98 18 12 85 12 69 38 44 91 76 84 95 73 5 77 88 58 40 27 21 44 61 65 26 32 62 29 40 21 58 8 69
69 96 18 57 41 55 13 28 95 51 30 38 21 30 61 98 77 1 26 6 4 70 4 59 76 27 94 79 57 66 34 40 14 38 23 61 1 59 91 32 93 48 50 87 8 83 11 3 25 16
71 92 89 77 21 66 35 44 72 32 52 11 36 13 19 93 68 70 8 29 92 13 11 89 14 43 65 73 77 1 93 41 1 94 94 27 84 30 34 32 6 51 89 71 96 53 40 8 84 14
62 91 42 11 91 78 68 79 95 56 4 59 28 60 95 77 34 52 49 98 80 83 97 44 36 50 83 80 80 95 43 62 10 58 14 18 18 83 83 18 69 0 94 57 11 4 96 23 4 3
12 64 66 4 52 30 33 77 84 11 9 99 88 58 91 64 90 33 28 59 93 63 80 45 20 41 68 82 74 4 9 28 24 85 60 23 68 91 75 45 84 10 65 73 84 42 66 70 55 68
16 66 51 65 19 31 42 49 48 37 1 24 37 20 34 27 69 78 84 42 76 83 42 73 24 73 94 26 13 86 96 57 90 61 17 45 8 68 46 52 75 25 93 86 27 64 56 77 52 37
88 18 42 52 35 87 13 11 64 25 51 52 68 97 96 0 16 85 48 65 83 44 31 55 40 63 59 41 83 58 77 70 81 20 7 19 8 11 83 82 7 12 89 77 36 64 38 11 95 73
75 79 20 81 73 66 5 6 81 16 42 87 28 7 0 95 96 4 56 34 86 40 84 8 69 43 10 63 28 73 77 56 74 43 37 38 68 58 84 19 67 88 96 75 1 18 40 2 67 90
1 43 67 28 57 86 24 89 29 77 6 34 7 38 69 35 28 63 57 37 95 93 26 65 57 84 99 94 89 34 75 36 67 88 61 55 7 74 58 19 72 50 71 41 24 80 81 19 18 53
5 14 0 5 33 92 80 35 13 32 25 38 13 82 27 59 40 97 10 18 77 58 12 24 17 60 0 21 60 69 35 54 62 59 85 11 75 94 23 55 61 53 16 63 59 91 70 66 9 46
