42 33
0 0 1 1 2 2 3 4 5 6 7 7 8 8 9 10 11 12 13 14 14 15 15 16 17 17 18 18 19 20 21 21 22 23 24 25 25 26 26 27 27 28 29 30 30 31 32 33 33 34
35 35 36 36 37 38 3 4 5 39 40 40 41 42 9 10 11 12 43 43 44 45 46 47 48 49 49 50 50 20 51 52 22 23 53 53 54 55 56 56 57 28 29 58 59 60 32 61 62 34
63 64 65 66 37 38 67 67 68 39 69 70 41 42 71 71 72 73 74 75 44 45 46 47 48 76 76 77 78 79 80 52 81 81 82 82 54 55 83 84 84 85 85 58 59 60 86 61 62 87
63 64 65 66 88 89 89 90 91 91 69 70 92 93 93 94 72 73 74 75 95 96 97 98 99 100 101 77 78 79 80 102 103 104 105 105 106 106 83 107 107 108 108 109 109 110 111 112 113 87
114 114 115 116 116 117 117 118 119 119 120 120 92 121 121 94 122 122 123 124 124 96 97 98 99 100 125 125 126 126 127 102 103 104 128 128 129 129 130 130 131 131 132 132 133 134 111 112 113 135
136 137 137 138 139 140 140 118 141 141 142 143 143 144 144 145 145 146 147 147 148 149 149 150 150 151 151 152 153 154 155 155 156 156 157 158 158 159 159 160 160 161 161 162 133 134 163 164 164 165
166 167 167 138 168 168 169 170 170 171 172 172 173 173 174 175 175 146 176 176 148 177 177 178 179 179 180 180 153 181 182 183 183 184 157 185 185 186 186 187 188 188 189 162 190 190 191 192 193 165
166 194 195 196 197 198 169 199 200 171 201 202 203 203 174 204 205 205 206 207 207 208 208 178 209 210 211 212 213 181 214 214 215 216 216 217 218 219 219 187 220 220 221 222 222 223 191 192 193 224
225 194 195 196 197 198 226 226 200 227 227 202 228 228 229 204 230 230 206 231 231 232 233 234 234 210 211 212 213 235 236 236 237 237 238 217 218 239 240 240 241 241 221 242 243 244 245 246 246 224
247 248 249 249 250 250 251 251 252 253 254 255 256 256 229 257 258 259 260 260 261 261 233 262 262 263 263 264 265 265 266 266 267 268 269 269 270 271 272 272 273 274 274 242 275 244 245 276 276 277
247 278 278 279 279 280 281 282 282 253 254 283 284 285 285 257 286 259 287 288 289 289 290 291 291 292 292 293 293 294 294 295 295 268 296 296 270 271 297 298 273 299 300 300 275 301 302 302 303 303
304 304 305 306 307 307 281 308 309 310 310 283 284 311 311 312 286 313 287 314 315 316 316 317 317 318 319 319 320 321 322 322 323 324 324 325 325 326 326 298 327 299 328 328 329 329 330 331 332 332
333 333 305 306 334 334 335 308 309 336 337 337 338 339 339 312 340 341 341 314 342 342 343 344 344 318 345 346 320 321 347 347 323 348 349 349 350 351 352 352 327 353 353 354 354 355 330 356 356 357
358 358 359 359 360 360 361 362 363 336 364 365 366 367 368 368 369 370 371 371 372 373 373 374 375 376 376 346 377 377 378 379 379 348 380 381 350 351 382 382 383 383 384 385 385 386 386 387 387 357
388 388 389 389 390 391 361 362 363 392 364 365 366 367 393 394 369 370 395 395 372 396 397 374 375 398 399 399 400 400 378 401 402 402 380 381 403 403 404 405 405 406 407 407 408 408 409 409 410 410
411 412 412 413 390 391 414 414 415 415 416 416 417 417 393 394 418 419 419 420 421 422 397 423 423 398 424 424 425 426 427 427 428 428 429 430 431 431 404 432 432 433 434 435 436 436 437 437 438 438
411 439 439 413 440 441 441 442 443 444 445 445 446 447 448 449 418 450 450 420 451 422 452 453 454 455 455 456 425 426 457 458 459 460 429 430 461 462 462 463 464 433 434 435 465 465 466 466 467 468
469 470 470 471 440 472 473 473 443 474 474 475 446 447 448 449 476 476 477 478 451 479 480 453 454 481 482 483 483 484 457 458 459 460 485 486 486 487 488 463 464 489 490 491 492 492 493 494 467 468
495 496 496 471 497 472 498 498 499 499 500 475 501 502 503 503 504 505 477 506 506 479 480 507 507 481 482 508 508 484 509 510 510 511 511 512 513 487 488 514 514 489 515 491 516 517 517 494 518 518
495 519 520 520 521 522 523 523 524 524 500 525 501 502 526 526 527 505 528 529 530 531 532 533 533 534 534 535 535 536 509 537 538 538 539 539 513 540 540 541 542 543 515 544 544 545 546 546 547 548
549 519 550 550 521 551 551 552 552 553 554 525 555 555 556 556 527 557 558 529 530 531 532 559 559 560 561 562 563 563 564 564 565 566 567 567 568 569 569 570 542 543 571 571 572 572 573 573 574 548
549 575 575 576 577 578 579 579 580 553 581 581 582 583 583 584 584 557 558 585 586 587 587 588 588 560 561 562 589 589 590 591 565 592 592 593 568 594 594 570 595 596 597 598 598 599 600 600 574 601
602 603 603 576 577 578 604 605 580 606 606 607 608 608 609 610 611 612 612 585 586 613 614 614 615 616 617 617 618 619 590 620 621 622 623 593 624 624 625 626 626 596 627 628 629 599 630 631 631 601
602 632 633 634 635 635 604 605 636 636 637 638 638 639 609 610 611 640 641 642 642 643 643 644 644 616 645 646 618 619 647 620 621 622 623 648 648 649 625 650 651 652 627 628 629 653 654 655 656 657
658 632 633 634 659 660 660 661 662 662 663 664 665 666 667 668 668 640 641 669 669 670 671 671 672 672 645 646 673 673 647 674 675 676 676 677 678 678 679 650 680 652 681 681 682 653 654 655 656 657
658 683 683 684 659 685 685 661 686 686 663 664 665 666 687 688 689 690 690 691 691 692 693 694 695 695 696 696 697 698 699 699 675 700 700 677 701 702 679 703 680 704 704 705 705 706 707 708 708 709
710 711 711 684 712 712 713 713 714 715 716 716 717 718 687 688 719 720 720 721 721 692 693 722 722 723 724 724 725 698 726 727 727 728 729 730 701 702 731 732 733 734 735 736 737 737 707 738 738 739
710 740 740 741 742 743 744 745 745 715 746 746 717 718 747 748 719 749 749 750 751 752 753 753 754 723 755 755 725 756 756 757 757 728 729 730 758 759 731 732 760 734 761 736 762 763 763 764 765 739
766 767 767 741 742 743 744 768 768 769 770 770 771 771 747 748 772 773 773 750 751 752 774 775 754 776 776 777 778 778 779 780 780 781 781 782 758 759 783 783 760 784 761 785 762 786 787 764 765 788
789 789 790 791 791 792 792 793 793 769 794 794 795 796 797 798 799 799 800 801 801 802 802 775 803 803 804 804 805 805 779 806 806 807 807 782 808 808 809 809 810 784 811 811 812 786 787 813 813 788
814 815 790 816 817 817 818 819 819 820 821 821 795 796 797 822 823 824 800 825 826 827 828 829 830 830 831 832 833 833 834 834 835 835 836 837 837 838 838 839 839 840 841 842 842 843 843 844 844 845
814 815 846 816 847 848 818 849 849 820 850 850 851 851 852 822 823 853 853 825 826 827 828 829 854 855 831 856 857 858 858 859 860 860 836 861 862 863 864 865 866 840 841 867 867 868 868 869 869 845
870 870 871 871 847 848 872 872 873 873 874 874 875 876 852 877 877 878 879 880 881 882 883 884 854 885 885 856 857 886 886 859 887 888 889 889 862 863 864 865 866 890 890 891 892 893 893 894 894 895
896 897 897 898 899 900 901 901 902 903 903 904 905 876 906 907 908 908 879 909 881 882 883 910 911 911 912 912 913 914 915 915 887 888 916 917 917 918 918 919 920 921 921 891 892 922 923 923 924 895
925 925 926 927 899 928 929 929 930 930 931 931 905 932 906 907 933 933 934 909 935 936 936 910 937 937 938 938 913 939 939 940 941 941 942 942 943 943 944 944 920 945 946 947 948 922 949 949 924 950
951 951 926 927 952 928 953 953 954 955 955 956 957 932 958 958 959 960 961 962 963 963 964 965 965 966 967 968 968 969 969 970 970 971 972 972 973 974 974 975 976 945 946 947 948 977 978 979 980 980
981 981 982 982 952 983 983 984 954 985 986 986 957 987 987 988 959 960 961 989 990 990 964 991 991 966 967 992 993 994 994 995 996 971 997 997 998 999 1000 975 976 1001 1001 1002 1002 977 978 979 1003 1003
1004 1005 1006 1006 1007 1007 1008 1009 1009 1010 1010 1011 1011 1012 1012 988 1013 1014 1014 989 1015 1016 1016 1017 1017 1018 1019 992 1020 1020 1021 995 996 1022 1022 1023 998 999 1000 1024 1025 1026 1027 1027 1028 1029 1030 1030 1031 1032
1004 1005 1033 1033 1034 1035 1036 1036 1037 1038 1039 1040 1040 1041 1042 1043 1013 1044 1045 1046 1046 1047 1048 1048 1049 1018 1019 1050 1051 1052 1052 1053 1054 1054 1055 1023 1056 1057 1058 1024 1025 1026 1059 1059 1028 1029 1060 1060 1031 1061
1062 1063 1064 1064 1034 1035 1065 1066 1066 1038 1067 1068 1069 1069 1042 1043 1070 1070 1045 1071 1071 1047 1072 1072 1073 1073 1074 1050 1075 1076 1076 1053 1077 1077 1055 1078 1056 1057 1079 1079 1080 1080 1081 1082 1082 1083 1084 1085 1086 1061
1062 1087 1088 1089 1090 1091 1091 1092 1093 1093 1067 1094 1095 1095 1096 1097 1098 1099 1100 1101 1102 1102 1103 1104 1105 1106 1074 1107 1075 1108 1109 1109 1110 1110 1111 1078 1112 1112 1113 1113 1114 1115 1081 1116 1117 1118 1084 1085 1086 1119
1120 1087 1088 1089 1090 1121 1121 1092 1122 1123 1124 1094 1125 1125 1096 1097 1098 1126 1100 1101 1127 1128 1103 1104 1105 1106 1129 1107 1130 1108 1131 1132 1133 1134 1111 1135 1135 1136 1137 1137 1114 1138 1139 1139 1117 1118 1140 1141 1141 1119
1120 1142 1143 1143 1144 1145 1145 1146 1122 1123 1147 1147 1148 1149 1150 1151 1151 1126 1152 1152 1127 1128 1153 1154 1154 1155 1156 1156 1130 1157 1131 1132 1133 1134 1158 1158 1159 1160 1160 1161 1161 1138 1162 1163 1163 1164 1165 1166 1166 1167
1168 1168 1169 1169 1144 1170 1171 1146 1172 1173 1174 1175 1148 1149 1176 1176 1177 1178 1178 1179 1179 1180 1180 1181 1181 1155 1182 1183 1183 1157 1184 1185 1186 1186 1187 1188 1189 1189 1190 1190 1191 1191 1192 1192 1193 1164 1165 1194 1195 1167
1196 1197 1197 1198 1199 1199 1171 1200 1172 1173 1174 1175 1201 1201 1202 1202 1177 1203 1204 1205 1205 1206 1206 1207 1208 1209 1210 1210 1211 1211 1184 1185 1212 1212 1187 1188 1213 1214 1214 1215 1215 1216 1217 1217 1193 1218 1218 1194 1195 1219
1196 1220 1220 1198 1221 1222 1223 1200 1224 1224 1225 1226 1226 1227 1228 1228 1229 1229 1204 1230 1231 1231 1232 1207 1208 1209 1233 1233 1234 1235 1236 1237 1237 1238 1238 1239 1240 1240 1241 1241 1242 1216 1243 1244 1244 1245 1246 1246 1247 1219
1248 1249 1250 1251 1221 1222 1223 1252 1253 1254 1255 1255 1256 1257 1257 1258 1259 1259 1260 1260 1261 1262 1232 1263 1263 1264 1265 1265 1234 1266 1236 1267 1267 1268 1268 1239 1269 1270 1271 1271 1242 1272 1273 1274 1275 1245 1276 1277 1278 1279
1280 1249 1250 1251 1281 1282 1283 1283 1253 1254 1284 1284 1256 1285 1285 1258 1286 1287 1287 1288 1261 1262 1289 1290 1291 1292 1292 1293 1293 1266 1294 1295 1296 1297 1298 1299 1269 1270 1300 1300 1301 1272 1273 1302 1275 1303 1276 1277 1278 1279
1280 1304 1305 1306 1281 1282 1307 1308 1308 1309 1310 1310 1311 1312 1312 1313 1286 1314 1314 1288 1315 1315 1289 1290 1291 1316 1316 1317 1318 1318 1294 1295 1296 1297 1298 1319 1319 1320 1321 1322 1301 1323 1324 1302 1325 1303 1326 1326 1327 1328
1329 1304 1305 1306 1330 1330 1331 1331 1332 1309 1333 1334 1334 1335 1335 1336 1336 1337 1337 1338 1339 1339 1340 1341 1341 1342 1342 1317 1343 1343 1344 1344 1345 1345 1346 1346 1347 1347 1321 1348 1348 1323 1324 1349 1349 1350 1351 1351 1327 1328
7 8 86 74 42 16 18 55 65 31 79 17 30 89 91 72 49 47 0 78 79 76 25 96 19 79 7 59 51 24 56 23 34 31 82 80 2 21 29 2 77 63 20 55 72 25 99 5 92 20
46 34 53 67 1 55 97 83 19 37 42 44 26 20 91 99 54 42 85 4 73 90 51 24 58 24 78 7 21 30 13 74 36 44 11 92 2 34 48 88 6 58 52 6 61 22 61 9 93 90
50 58 43 39 84 55 44 51 22 77 89 24 65 49 47 81 40 33 40 84 83 14 69 18 57 90 34 3 57 81 5 48 79 34 26 28 13 55 94 76 96 53 61 7 75 33 55 62 59 37
74 74 25 31 1 50 60 67 46 16 98 55 73 41 74 66 1 63 68 71 26 6 8 98 43 42 8 35 81 56 61 69 64 85 0 1 57 90 80 17 49 26 74 56 12 97 46 58 4 70
65 78 91 1 23 24 29 2 30 22 90 93 98 28 34 1 62 50 85 80 35 76 29 0 31 53 49 40 60 55 30 26 4 98 92 28 6 82 26 68 9 0 46 85 9 36 74 48 6 96
28 30 12 38 0 42 81 43 63 57 15 85 80 33 44 17 65 14 46 63 16 71 50 12 59 6 5 50 0 3 26 36 15 64 4 57 70 9 73 1 79 76 3 5 21 30 93 80 0 69
85 94 83 46 32 59 34 13 62 61 45 60 79 13 97 98 75 20 61 97 59 74 94 84 60 92 72 14 66 86 29 47 16 84 54 79 87 15 47 41 24 45 5 68 90 87 27 18 7 60
83 64 22 7 16 36 30 10 56 95 94 55 22 81 47 54 90 4 74 12 9 15 57 55 12 37 2 28 2 71 61 86 76 24 99 49 64 40 83 19 6 35 93 80 16 42 4 5 49 22
64 95 32 90 24 42 94 75 41 20 33 44 5 56 76 39 33 47 22 24 5 14 65 76 95 50 84 11 6 68 73 26 8 57 24 92 76 39 79 51 39 44 80 16 90 27 7 49 44 82
86 23 97 21 2 16 57 7 29 42 84 24 91 79 38 27 63 7 45 90 28 69 9 79 85 32 49 81 52 49 90 64 45 39 42 3 79 93 66 12 1 84 35 29 61 33 40 44 64 32
91 68 10 85 33 1 44 11 82 60 81 39 3 12 93 94 27 61 50 74 87 53 63 53 66 86 21 16 97 14 32 31 37 21 31 83 54 57 13 70 53 72 54 72 94 92 46 85 82 81
96 60 85 59 61 33 32 52 46 81 60 82 10 72 49 84 15 16 51 48 60 77 85 34 14 67 42 55 40 4 12 35 41 20 35 6 18 12 62 33 11 70 52 43 32 34 19 10 99 4
20 22 52 79 90 67 59 95 10 75 19 20 43 71 62 85 8 30 5 18 7 8 99 91 74 59 46 6 40 13 73 33 43 53 65 56 97 55 79 12 28 50 55 0 49 2 38 80 66 97
35 84 5 79 81 90 33 6 55 43 1 74 5 87 27 3 98 90 82 90 76 61 75 31 81 0 79 7 50 35 16 74 70 60 89 70 82 38 24 46 32 58 34 7 96 31 7 4 35 46
21 81 34 37 85 7 88 13 62 55 67 84 98 21 20 98 46 72 73 11 3 53 45 99 79 99 51 59 48 22 67 40 94 20 50 42 25 0 6 49 83 63 20 23 44 50 42 85 76 2
95 81 37 25 34 29 38 98 91 93 44 57 7 32 93 28 1 84 51 89 26 42 74 27 81 40 51 26 50 76 11 13 70 71 10 60 6 48 1 4 66 51 7 77 19 47 8 51 35 81
16 12 76 34 75 51 19 50 36 89 82 81 40 38 23 5 38 84 67 29 19 26 58 4 91 98 73 14 72 40 7 73 48 84 34 83 84 77 59 80 49 52 13 12 79 60 70 75 78 67
18 80 62 66 22 10 46 36 44 20 82 86 69 23 16 68 92 8 60 59 31 13 0 59 52 67 72 79 73 32 1 71 27 57 9 81 2 88 9 83 65 87 25 19 58 60 78 73 65 98
27 65 70 1 73 35 57 53 72 64 97 13 10 62 78 50 44 31 56 14 34 19 61 63 51 77 46 27 57 74 99 36 49 63 10 88 73 89 91 44 71 0 40 98 79 75 72 95 98 60
38 90 86 13 0 32 94 0 28 15 21 54 6 50 53 18 57 8 34 77 5 14 68 15 93 20 11 70 18 53 13 41 98 92 80 93 88 0 44 28 46 33 36 95 81 67 19 20 51 20
50 9 35 54 12 57 55 86 96 54 17 39 89 97 45 49 17 3 82 0 9 53 23 59 92 30 91 3 54 48 84 15 51 14 11 60 37 15 61 64 8 59 92 30 96 26 95 87 83 71
33 36 5 9 98 16 71 30 96 6 82 23 67 72 14 21 61 92 55 4 79 9 46 74 24 68 30 93 78 58 48 25 73 61 38 61 95 65 57 21 44 75 44 61 16 89 97 51 78 31
21 11 56 41 12 56 13 1 91 53 19 98 6 7 27 54 55 33 96 32 8 90 74 85 71 71 75 15 62 7 76 73 3 86 22 30 65 42 17 35 99 73 56 67 15 88 54 35 62 94
13 26 33 9 54 6 19 25 74 13 87 15 29 28 57 10 35 24 97 55 42 68 10 3 3 90 29 75 1 59 13 83 81 20 53 68 40 75 61 34 1 65 4 50 26 88 36 48 87 35
43 44 56 66 87 78 99 96 82 77 14 68 24 75 68 94 57 65 2 54 49 75 97 69 72 67 89 51 99 24 52 6 51 38 94 7 92 43 43 56 96 2 74 59 20 58 44 10 74 91
41 25 71 11 51 68 47 26 92 33 34 83 19 84 75 80 60 46 75 53 40 1 62 19 51 32 36 9 7 63 60 5 80 62 14 6 21 92 14 34 0 90 3 69 37 14 25 86 9 34
37 81 4 42 32 51 43 11 48 81 46 91 6 69 13 32 8 84 68 38 8 28 97 45 14 36 25 7 33 47 59 43 36 12 24 60 37 16 96 69 38 66 63 17 54 97 62 29 88 34
23 49 74 45 82 57 92 49 66 43 94 97 14 74 94 9 94 7 4 9 88 21 65 3 69 7 20 45 2 79 91 96 54 89 25 51 76 52 84 70 5 2 25 13 18 23 82 73 22 32
87 31 21 79 59 2 34 68 26 93 9 88 73 93 79 30 49 13 49 53 23 4 24 21 58 66 92 80 99 41 21 36 91 36 20 82 58 5 39 99 90 94 16 94 9 60 34 69 68 82
21 42 31 15 64 3 21 6 91 9 13 5 14 19 53 43 50 69 40 2 11 15 62 66 41 64 22 7 60 2 18 34 57 65 90 77 94 74 78 18 39 51 53 89 82 67 38 87 81 71
31 75 25 75 26 78 82 57 23 96 39 12 46 88 94 38 59 84 86 74 64 57 43 78 45 1 33 88 84 6 74 76 86 19 65 34 14 90 97 24 1 36 13 37 98 17 27 82 96 16
43 27 20 36 76 54 96 22 40 34 43 41 12 96 26 10 1 1 72 8 16 70 50 96 10 95 55 58 25 87 85 15 62 40 16 69 57 75 59 1 53 95 86 99 89 30 33 4 72 72
23 36 58 25 95 30 71 69 50 91 87 46 3 37 57 40 2 47 61 81 49 93 57 39 48 71 49 26 41 75 30 46 69 23 31 56 78 28 73 27 23 39 27 81 6 87 83 0 75 44
93 46 38 61 86 44 87 98 15 48 64 64 22 91 71 63 72 97 5 5 12 57 29 36 17 29 90 27 6 47 57 44 88 28 92 10 21 81 30 6 18 17 91 39 66 23 51 69 53 18
65 40 13 42 78 91 46 83 37 41 15 67 42 19 83 53 21 80 44 30 29 26 97 28 73 1 41 90 28 31 22 49 54 32 29 4 5 97 67 28 2 83 20 47 51 98 38 40 99 9
45 51 76 59 98 33 69 78 81 79 97 62 47 39 74 30 29 53 71 34 76 96 11 87 10 72 28 0 90 23 25 12 52 24 42 34 60 91 84 37 79 90 84 63 69 25 50 18 40 95
8 58 32 15 37 62 52 23 28 6 27 48 33 5 39 3 98 9 52 74 75 12 39 59 92 68 41 21 24 95 40 4 66 58 41 14 69 20 30 14 50 88 9 86 14 58 46 90 53 54
24 55 28 2 41 29 90 85 5 17 31 18 59 94 15 86 12 3 22 29 29 44 22 27 60 80 58 86 24 77 3 86 53 95 8 39 14 37 12 13 44 68 54 83 22 86 39 99 17 52
81 65 4 97 83 76 30 98 1 90 22 72 3 51 3 38 7 16 14 11 3 86 30 44 76 38 45 0 83 74 56 50 27 22 76 77 83 64 22 59 84 15 94 34 92 10 94 47 30 91
68 11 42 94 35 48 20 38 9 57 93 81 82 30 15 90 39 7 42 85 33 83 93 73 60 79 58 42 78 74 96 69 25 59 6 97 73 57 91 49 77 11 13 98 31 32 34 68 34 80
39 62 17 77 86 15 58 60 62 23 26 23 43 81 48 44 54 3 42 37 9 85 38 12 43 74 2 36 33 51 9 84 51 64 19 90 55 55 68 6 67 19 32 98 13 29 51 57 97 25
74 22 20 52 27 93 37 94 97 26 43 1 9 22 14 86 86 71 71 1 24 34 58 8 11 26 79 30 70 31 68 29 77 77 44 80 16 4 23 55 30 83 97 8 63 1 87 21 94 18
53 45 86 23 51 32 36 89 22 47 50 75 15 30 92 69 41 49 1 15 76 58 17 11 43 59 89 90 70 69 41 18 69 50 71 45 65 19 61 77 67 64 41 51 50 61 74 48 59 51
37 71 21 94 75 96 30 26 89 82 47 14 29 64 95 50 73 92 49 70 30 86 98 74 67 94 16 92 5 21 81 95 75 30 97 42 97 9 9 80 24 36 71 81 12 99 13 70 7 12
54 32 61 6 83 90 29 21 75 99 36 8 2 58 16 5 10 37 15 69 51 13 5 91 35 69 5 36 99 92 63 81 17 56 2 48 48 7 96 48 99 74 80 13 21 86 40 74 8 76
7 91 78 59 24 37 94 9 45 55 30 16 39 71 24 7 40 86 62 64 94 64 81 85 77 94 13 99 34 68 34 7 38 36 56 50 60 3 6 61 1 38 88 31 77 51 97 97 35 79
35 85 4 13 41 79 42 68 70 98 25 76 81 22 1 19 8 28 83 31 41 31 3 57 22 48 90 97 42 54 90 96 99 12 45 19 60 20 23 57 27 81 44 48 90 43 64 98 26 50
64 75 37 2 43 99 11 15 50 19 53 89 41 54 70 68 42 43 95 83 96 52 22 33 99 1 22 12 2 46 39 85 46 27 54 38 99 50 80 3 78 74 15 16 68 46 38 8 77 62
42 88 91 54 15 48 35 23 23 19 75 33 55 58 82 88 36 44 7 58 75 16 13 36 58 63 43 69 60 22 7 49 12 58 61 34 81 36 19 43 16 67 95 58 38 87 12 77 42 40
99 45 29 34 64 59 67 44 19 43 35 18 29 14 81 39 16 21 74 64 14 84 25 22 43 37 57 76 18 40 72 72 87 68 9 62 55 23 42 23 35 54 87 65 52 51 27 11 41 47
