35 11
0 1 2 3 4 4 5 5 6 7 7 8 8 9 9 10 11 11 12 13 14 14 15 16 16 17 18 18 19 20 21 22 23 24 24 25 26 27 28 28 29 29 30 30 31 32 32 33 33 34
0 35 2 3 36 37 37 38 39 39 40 40 41 42 43 10 44 44 12 13 45 46 47 48 48 49 49 50 51 20 21 22 23 52 53 25 26 54 54 55 56 57 58 58 31 59 59 60 61 61
62 35 63 63 64 64 65 38 66 67 68 68 41 42 43 69 69 70 71 72 45 46 47 73 73 74 75 75 51 76 76 77 78 52 53 79 79 80 80 55 56 57 81 82 82 83 84 84 85 86
87 88 89 90 91 92 65 93 66 94 94 95 96 97 97 98 99 70 71 100 101 102 102 103 103 74 104 105 105 106 106 77 78 107 108 109 110 111 111 112 113 113 81 114 115 115 116 117 85 118
87 88 89 90 91 92 119 119 120 120 121 95 96 122 123 98 99 124 125 100 101 126 127 128 128 129 104 130 130 131 132 133 133 107 108 109 110 134 134 112 135 136 137 114 138 138 116 117 139 118
140 140 141 141 142 142 143 143 144 144 121 145 146 122 123 147 147 124 125 148 149 126 127 150 151 152 152 153 154 131 155 155 156 156 157 157 158 159 160 161 162 136 137 163 164 164 165 166 167 167
168 169 169 170 171 172 172 173 173 174 174 145 146 175 176 176 177 178 178 148 179 179 180 180 151 181 182 182 154 183 183 184 185 186 186 187 158 159 160 161 162 188 189 163 190 190 165 166 191 192
168 193 194 170 171 195 196 196 197 197 198 199 199 200 200 201 177 202 203 203 204 204 205 206 207 207 208 209 209 210 210 184 211 212 213 187 214 215 216 217 217 188 189 218 218 219 220 221 191 222
223 224 194 225 225 195 226 227 228 228 198 229 229 230 230 231 232 233 234 234 235 236 236 206 237 237 238 239 240 241 242 242 211 212 213 243 214 215 216 244 245 245 246 246 247 247 220 248 248 222
223 224 249 249 250 251 226 227 252 252 253 254 255 255 256 231 232 233 257 257 235 258 259 260 261 261 238 239 240 241 262 262 263 264 265 243 266 267 268 244 269 270 270 271 272 272 273 274 274 275
276 276 277 278 250 279 279 280 280 281 281 254 282 282 256 283 283 284 285 285 286 286 259 260 287 287 288 289 290 291 292 292 263 264 265 293 266 267 294 294 269 295 296 271 297 298 273 299 299 275
300 300 301 278 302 302 303 303 304 304 305 305 306 307 307 308 308 284 309 309 310 311 311 312 312 313 314 289 290 291 315 316 316 317 318 293 319 319 320 321 322 295 296 323 297 298 324 325 326 326
327 328 301 329 329 330 331 331 332 333 334 335 335 336 337 338 339 340 340 341 342 343 344 344 345 313 314 346 346 347 315 348 349 350 318 351 352 353 320 321 322 354 354 355 356 356 324 325 357 357
327 358 359 360 360 330 361 361 332 333 334 362 362 336 337 338 339 363 364 341 342 365 365 366 345 367 368 369 369 370 371 348 372 350 373 373 352 353 374 375 376 377 378 355 379 380 381 382 382 383
384 358 359 385 386 386 387 388 388 389 390 390 391 392 393 394 394 363 395 395 396 396 397 397 398 367 368 399 400 370 401 401 372 402 402 403 403 404 405 375 376 377 406 406 379 380 381 407 408 383
409 410 410 411 412 413 387 414 414 389 415 416 416 392 417 417 418 419 420 421 422 423 423 424 424 425 426 399 400 427 427 428 428 429 429 430 430 404 405 431 431 432 433 433 434 435 435 407 436 437
409 438 438 411 412 413 439 439 440 441 442 442 443 444 445 446 418 447 420 421 448 449 450 451 452 425 426 453 453 454 455 455 456 456 457 458 458 459 459 460 461 462 462 463 434 464 465 465 436 466
467 468 468 469 470 471 472 473 473 441 474 474 443 444 445 475 476 447 477 477 448 449 450 451 452 478 479 480 480 454 481 481 482 483 457 484 485 486 486 460 461 487 487 463 488 488 489 490 490 466
491 492 493 493 470 471 472 494 495 496 496 497 498 499 499 475 500 500 501 502 503 504 504 505 505 478 479 506 507 508 509 510 482 483 511 484 485 512 513 514 514 515 515 516 517 517 489 518 518 519
491 492 520 521 521 522 523 523 495 524 525 526 498 527 527 528 529 529 501 530 503 531 532 533 533 534 535 535 507 508 509 536 536 537 511 538 539 539 513 540 541 541 542 542 543 544 544 545 545 519
546 546 520 547 547 522 548 549 550 524 525 526 551 551 552 528 553 554 554 530 555 531 532 556 557 558 558 559 560 560 561 562 563 537 564 538 565 565 566 540 567 567 568 568 569 569 570 571 571 572
573 573 574 575 576 577 577 549 578 578 579 579 580 580 552 581 582 582 583 584 584 585 586 556 557 587 588 588 589 590 561 591 563 592 564 593 594 594 566 595 595 596 597 597 598 599 600 600 601 572
602 603 603 575 604 605 606 607 608 609 610 610 611 612 613 613 614 615 583 616 616 585 586 617 617 587 618 619 589 620 620 591 621 592 622 593 623 624 624 625 626 596 627 628 598 599 629 629 601 630
602 631 632 633 604 605 606 607 608 634 635 635 611 612 636 637 638 615 639 639 640 640 641 642 642 643 618 619 644 645 646 647 647 648 648 649 650 651 652 652 626 653 627 654 654 655 655 656 657 658
659 631 632 633 660 661 661 662 663 634 664 664 665 665 636 637 638 666 666 667 668 668 669 669 670 671 672 673 673 645 646 674 675 676 677 649 650 651 678 678 679 680 681 681 682 683 684 685 657 658
659 686 686 687 660 688 689 690 663 691 691 692 693 693 694 695 696 696 697 667 698 698 699 700 700 671 701 702 702 703 703 674 704 676 677 705 706 707 708 708 679 680 709 709 682 683 710 685 711 711
712 713 714 687 715 688 689 690 716 716 717 718 718 719 694 720 720 721 697 722 722 723 699 724 725 726 701 727 727 728 729 729 704 730 731 732 706 707 733 734 734 735 736 736 737 738 710 739 740 740
741 713 714 742 742 743 744 744 745 746 717 747 748 749 750 751 752 753 753 754 755 756 756 724 725 757 757 758 758 728 759 759 760 760 731 732 761 761 733 762 763 763 764 765 737 766 766 739 767 768
741 769 769 770 771 743 772 772 745 746 773 773 748 749 750 751 752 774 774 754 775 775 776 776 777 778 778 779 780 780 781 782 782 783 784 785 785 786 786 762 787 787 764 788 788 789 790 791 767 768
792 793 794 770 795 796 796 797 797 798 798 799 799 800 801 801 802 802 803 804 805 806 806 807 807 808 809 810 811 811 812 813 814 814 784 815 816 817 818 818 819 819 820 820 821 789 790 791 822 822
792 793 823 823 795 824 824 825 825 826 827 827 828 800 829 830 831 831 803 832 805 833 833 834 835 808 809 810 836 836 812 813 837 837 838 815 816 817 839 840 841 842 842 843 821 844 844 845 846 846
847 848 848 849 850 851 852 852 853 826 854 854 855 855 829 830 856 857 857 832 858 858 859 834 835 860 861 861 862 863 864 864 865 865 838 866 867 868 839 840 841 869 869 843 870 870 871 845 872 872
847 873 873 849 850 851 874 874 853 875 875 876 876 877 878 878 879 880 881 881 882 883 883 884 884 860 885 886 862 863 887 888 889 889 890 866 867 868 891 891 892 892 893 894 895 895 871 896 897 898
899 900 900 901 901 902 902 903 903 904 904 905 906 877 907 907 879 880 908 909 882 910 911 911 912 913 913 886 914 914 887 915 915 916 917 917 918 919 920 921 921 922 893 894 923 923 924 924 897 898
925 925 926 927 928 929 930 931 931 932 933 905 934 934 935 936 936 937 908 938 938 939 939 940 912 941 942 942 943 944 944 945 946 916 947 948 918 919 920 949 949 950 951 952 952 953 953 954 954 955
956 956 926 927 957 929 930 958 958 932 933 959 960 960 935 961 961 962 962 963 964 965 965 940 966 941 967 968 969 969 970 945 946 971 947 948 972 973 973 974 974 950 975 975 976 976 977 978 978 979
980 981 982 982 957 983 983 984 984 985 986 986 987 988 988 989 990 991 992 992 964 993 994 994 966 995 967 996 996 997 998 998 999 971 1000 1001 972 1002 1003 1004 1005 1006 1006 1007 1007 1008 1009 1009 1010 979
980 981 1011 1011 1012 1012 1013 1014 1015 1015 1016 1017 1017 1018 1019 989 990 991 1020 1021 1022 993 1023 1024 1024 995 1025 1026 1026 1027 1027 1028 999 1029 1000 1001 1030 1002 1003 1004 1005 1031 1032 1032 1033 1034 1034 1035 1010 1036
1037 1038 1038 1039 1039 1040 1013 1041 1041 1042 1043 1043 1044 1018 1019 1045 1045 1046 1020 1021 1022 1047 1047 1048 1048 1049 1050 1051 1052 1053 1054 1055 1055 1029 1056 1057 1030 1058 1058 1059 1059 1031 1060 1061 1033 1062 1062 1035 1063 1036
1037 1064 1064 1065 1065 1066 1066 1067 1068 1069 1070 1071 1044 1072 1073 1073 1074 1046 1075 1075 1076 1076 1077 1077 1078 1078 1050 1079 1052 1053 1080 1080 1081 1081 1082 1057 1083 1084 1084 1085 1086 1086 1060 1087 1088 1088 1089 1090 1063 1091
1092 1092 1093 1094 1094 1095 1095 1067 1068 1069 1070 1071 1096 1096 1097 1097 1074 1098 1098 1099 1100 1101 1101 1102 1103 1103 1104 1079 1105 1106 1106 1107 1107 1108 1082 1109 1110 1111 1111 1112 1113 1114 1114 1087 1115 1116 1089 1117 1118 1118
1119 1119 1093 1120 1121 1121 1122 1123 1124 1125 1126 1126 1127 1128 1129 1129 1130 1130 1131 1131 1100 1132 1132 1102 1133 1134 1104 1135 1105 1136 1137 1137 1138 1108 1139 1109 1110 1140 1140 1112 1113 1141 1141 1142 1115 1116 1143 1117 1144 1144
1145 1145 1146 1120 1147 1147 1122 1123 1124 1125 1148 1148 1149 1128 1150 1150 1151 1151 1152 1153 1154 1155 1155 1156 1133 1157 1157 1158 1158 1159 1159 1160 1161 1162 1163 1163 1164 1165 1165 1166 1167 1167 1168 1142 1169 1169 1170 1171 1171 1172
1173 1174 1174 1175 1176 1177 1178 1179 1179 1180 1180 1181 1149 1182 1182 1183 1184 1184 1152 1153 1154 1185 1185 1156 1186 1187 1188 1189 1190 1191 1191 1160 1161 1192 1192 1193 1194 1195 1196 1166 1197 1197 1168 1198 1199 1199 1170 1200 1201 1172
1173 1202 1202 1203 1176 1177 1178 1204 1205 1205 1206 1181 1207 1208 1208 1209 1209 1210 1210 1211 1212 1212 1213 1214 1215 1187 1188 1189 1216 1216 1217 1217 1218 1219 1219 1220 1194 1195 1221 1221 1222 1223 1224 1198 1225 1226 1227 1227 1201 1228
1229 1230 1231 1203 1232 1233 1233 1204 1234 1234 1235 1236 1237 1237 1238 1239 1240 1240 1241 1211 1242 1243 1213 1214 1215 1244 1244 1245 1246 1247 1248 1248 1218 1249 1249 1220 1250 1251 1252 1252 1222 1223 1224 1253 1225 1254 1254 1255 1255 1228
1229 1230 1231 1256 1256 1257 1257 1258 1258 1259 1235 1260 1261 1261 1238 1262 1262 1263 1241 1264 1265 1243 1266 1267 1267 1268 1268 1245 1269 1247 1270 1270 1271 1271 1272 1273 1273 1251 1274 1275 1275 1276 1276 1253 1277 1277 1278 1279 1280 1280
1281 1282 1283 1284 1284 1285 1285 1286 1287 1259 1288 1260 1289 1290 1290 1291 1292 1263 1293 1264 1265 1294 1266 1295 1296 1296 1297 1297 1269 1298 1298 1299 1299 1300 1272 1301 1302 1302 1274 1303 1303 1304 1305 1305 1306 1307 1278 1279 1308 1308
1281 1282 1283 1309 1309 1310 1310 1286 1311 1312 1312 1313 1313 1314 1315 1315 1292 1316 1293 1317 1318 1319 1319 1295 1320 1321 1322 1323 1324 1324 1325 1326 1327 1300 1328 1328 1329 1329 1330 1331 1332 1304 1333 1334 1335 1307 1336 1336 1337 1338
1339 1340 1340 1341 1342 1342 1343 1343 1311 1344 1344 1345 1345 1346 1346 1347 1347 1348 1348 1317 1318 1349 1349 1350 1350 1321 1322 1351 1351 1352 1352 1326 1353 1353 1354 1354 1355 1355 1330 1331 1356 1356 1333 1334 1335 1357 1357 1358 1358 1338
15 87 29 70 89 67 67 32 25 44 16 79 94 72 64 99 61 57 5 47 29 75 13 45 54 46 15 31 27 45 58 11 37 33 11 86 36 19 73 94 90 55 36 33 46 50 38 43 49 17
32 33 33 12 10 93 35 21 32 16 93 46 16 24 27 99 9 47 75 79 63 91 93 52 63 23 31 55 95 8 79 48 81 34 3 70 82 78 30 65 27 11 23 44 45 22 91 39 65 39
50 3 54 39 19 25 48 45 23 62 58 23 57 0 15 48 63 22 95 0 67 61 8 81 16 6 36 18 99 96 0 62 26 22 70 71 49 83 4 46 51 12 73 38 38 34 59 35 20 9
3 7 0 30 88 12 21 8 12 71 90 80 78 6 25 15 48 2 33 74 89 66 14 66 68 61 55 95 99 18 68 23 8 6 70 9 52 40 65 23 63 12 20 18 29 20 95 39 63 55
11 14 25 77 51 65 33 11 16 8 96 54 72 57 85 66 27 71 28 66 67 98 62 45 99 76 99 83 94 25 50 17 16 62 31 70 63 75 89 61 10 16 69 97 37 41 84 64 62 2
67 47 42 89 14 21 30 35 28 32 2 56 36 84 29 81 43 70 12 33 28 97 90 60 41 0 56 10 58 20 91 75 30 26 65 22 20 88 67 44 47 63 56 2 91 90 44 29 57 50
31 68 85 95 1 67 65 29 44 82 6 71 9 85 73 29 47 54 7 56 83 53 6 29 19 50 99 45 22 46 14 57 87 50 15 33 33 90 55 79 94 52 62 10 86 81 86 18 68 36
19 10 39 92 65 54 63 15 84 46 79 59 93 86 61 90 25 94 24 33 96 59 59 22 5 45 42 1 62 12 84 47 55 77 70 36 22 30 73 43 89 65 49 65 57 90 69 63 82 38
86 7 35 36 93 70 83 83 80 5 35 1 19 4 45 44 21 33 46 56 73 57 58 31 9 85 22 73 39 35 43 8 92 91 81 1 36 55 88 68 94 24 31 85 57 20 84 29 42 76
83 26 35 63 11 96 95 74 91 36 83 88 73 18 60 23 90 40 86 67 25 7 15 81 10 24 82 57 72 31 2 18 17 13 92 60 79 95 57 33 68 40 99 90 33 96 69 46 31 8
50 13 63 57 48 2 52 71 50 79 68 35 89 49 88 36 25 85 80 1 39 74 59 72 20 52 45 51 13 81 44 58 32 81 37 52 60 42 44 82 12 78 89 46 41 76 90 97 10 11
44 33 54 10 70 67 64 90 77 44 3 28 30 90 38 36 67 4 87 97 19 31 69 77 76 50 48 13 5 88 95 8 74 77 43 9 39 29 85 81 2 81 47 34 22 95 6 67 91 0
57 4 55 9 99 71 37 86 74 76 28 15 93 83 22 57 13 55 77 68 40 46 76 43 62 36 49 67 25 28 41 93 92 10 30 10 35 49 56 85 5 84 49 13 49 72 87 93 8 21
75 10 29 91 85 62 11 95 1 33 17 31 40 20 72 13 96 59 43 0 17 98 8 50 86 9 7 16 92 68 60 95 31 39 50 59 35 92 9 78 42 31 2 0 97 40 33 65 17 51
2 5 57 38 25 43 76 94 58 88 69 43 71 93 20 97 51 70 1 57 92 25 81 15 45 95 82 31 76 64 58 83 88 12 12 48 17 77 71 12 41 84 12 62 5 3 67 47 23 98
10 95 99 75 50 45 71 30 37 78 28 12 50 82 76 81 63 77 17 95 16 28 41 46 81 60 23 94 63 46 49 81 37 60 10 99 97 53 3 1 66 57 26 28 77 96 82 45 19 59
86 16 52 49 33 11 69 71 51 27 31 51 75 3 28 53 81 31 77 72 49 54 34 72 82 87 61 92 36 33 72 93 23 74 81 90 53 49 54 17 55 26 83 96 9 86 98 92 31 82
87 86 1 28 14 37 5 8 75 58 13 81 29 84 52 86 85 55 86 74 61 57 38 50 38 19 95 13 58 88 15 98 86 85 67 77 19 44 57 96 87 54 8 64 74 69 36 41 54 62
60 49 67 32 65 43 92 4 93 67 63 13 12 0 41 34 84 55 14 85 72 62 28 60 41 8 91 87 68 80 42 20 4 66 1 50 98 47 0 75 70 2 61 39 55 48 32 69 7 86
79 8 75 21 21 34 73 95 71 80 77 33 82 23 47 26 97 14 88 97 53 26 43 1 43 68 90 63 8 97 87 63 41 91 12 75 18 24 32 28 11 1 2 71 90 26 26 93 20 0
13 36 34 82 47 43 70 10 6 93 26 52 50 96 64 74 62 61 15 53 21 24 4 59 99 20 52 52 25 57 62 81 31 64 35 82 97 45 40 99 33 16 49 70 66 1 54 28 36 15
11 86 72 33 78 78 24 17 49 79 76 36 18 58 21 25 88 83 83 35 68 58 46 80 28 42 42 69 18 6 81 42 9 18 44 33 20 70 2 66 84 61 45 27 99 7 53 59 90 4
89 21 77 95 2 47 70 56 60 75 36 32 49 22 67 71 42 82 24 26 93 89 32 19 82 26 61 95 10 74 83 2 67 91 29 57 61 96 89 48 66 84 46 97 5 54 55 88 21 28
96 45 88 48 32 11 69 46 46 11 46 68 14 18 25 56 19 57 37 68 81 42 75 80 52 31 37 17 70 30 68 9 87 32 23 90 60 33 38 29 16 25 6 79 29 27 26 11 60 55
4 51 26 58 51 1 27 48 46 61 73 50 52 99 46 51 56 19 13 40 37 4 15 58 18 47 43 63 3 37 0 31 38 29 27 29 52 69 20 37 40 30 80 11 52 15 5 6 89 10
47 92 4 11 89 76 19 76 86 87 38 10 23 50 35 63 43 1 77 3 69 77 19 29 78 48 25 2 95 21 90 44 92 55 83 62 49 66 37 8 6 38 46 42 57 29 67 50 24 3
20 63 63 73 58 89 28 99 67 39 5 3 25 14 63 33 81 58 7 88 68 4 77 36 48 90 52 92 27 77 58 75 23 57 4 29 30 50 61 63 38 72 98 78 97 62 44 18 43 11
6 47 39 33 71 32 95 39 35 22 99 44 26 16 73 63 20 20 79 27 9 26 63 87 31 49 44 24 83 7 59 50 27 48 71 30 84 20 71 51 1 28 6 8 63 24 93 20 88 60
98 46 65 28 49 58 57 94 27 70 55 13 2 52 16 3 19 99 32 64 68 89 25 64 9 91 14 98 91 21 37 58 22 38 97 89 5 26 93 63 99 39 88 95 93 26 12 24 1 7
55 65 42 57 50 86 20 47 43 83 13 53 55 6 54 9 68 74 5 34 41 40 53 55 9 13 94 1 67 56 19 25 51 29 62 95 16 7 61 70 32 21 8 15 57 22 8 88 92 72
67 90 69 49 45 68 97 4 39 14 30 35 83 81 80 32 89 81 40 6 92 76 27 37 74 75 23 94 86 49 69 37 32 70 34 63 44 92 12 45 66 2 86 68 96 85 1 12 19 46
0 24 45 89 16 71 25 34 78 50 82 32 87 47 23 31 27 26 14 34 21 36 31 70 36 29 2 37 42 0 60 25 19 84 49 4 80 98 96 97 66 31 3 95 33 95 95 99 68 62
6 84 39 87 51 43 2 8 18 2 46 46 70 46 49 5 37 93 54 29 88 31 90 25 10 37 12 90 47 1 43 49 35 57 93 2 91 85 60 70 81 11 4 49 37 12 19 83 87 27
0 98 17 15 28 37 17 7 59 6 78 20 57 68 37 93 93 89 74 74 56 72 87 91 59 45 4 81 25 79 96 54 8 56 30 46 85 51 77 86 61 83 76 56 58 46 25 98 37 41
29 5 71 87 21 47 50 6 67 40 13 50 96 74 70 72 57 62 14 89 15 30 64 54 90 89 8 92 49 69 85 9 7 6 16 93 61 56 86 15 40 0 43 55 83 96 31 38 35 37
88 21 90 85 49 30 25 29 63 9 6 21 76 72 88 97 28 74 21 58 68 44 10 16 22 67 12 22 3 20 67 72 58 75 50 52 82 85 45 87 96 65 84 93 72 12 97 81 30 78
99 99 42 99 43 26 99 57 79 84 24 98 71 96 49 27 95 57 11 12 52 36 20 78 1 44 50 73 95 36 94 62 25 90 14 40 60 30 80 60 6 28 79 87 99 55 62 39 93 71
4 97 0 16 82 85 40 10 90 65 47 14 40 12 46 43 14 26 35 23 12 64 13 7 74 61 10 48 63 56 60 96 23 35 87 33 29 64 6 56 13 89 76 56 19 17 88 73 4 86
82 46 62 57 73 60 23 14 63 25 86 6 38 95 32 35 40 51 7 77 78 39 37 69 13 97 88 18 16 51 26 97 97 13 93 49 0 47 83 34 45 62 90 85 46 4 4 81 94 64
99 49 52 41 44 13 80 31 44 95 40 3 67 16 38 45 77 43 7 13 42 13 90 0 79 90 66 81 89 32 59 19 2 96 3 47 78 70 14 85 92 64 17 70 23 29 97 87 72 2
69 78 93 52 24 35 14 35 24 95 69 84 23 21 90 64 41 79 82 31 12 1 55 66 76 23 94 9 93 92 84 57 63 64 28 93 96 63 18 24 53 33 36 90 35 59 53 46 43 15
20 80 74 46 63 20 45 24 2 27 20 2 74 74 22 33 0 23 41 1 79 42 20 51 53 63 93 40 47 93 69 89 12 59 37 87 38 16 73 78 50 11 19 37 32 29 34 48 98 16
49 69 92 68 43 69 17 78 61 63 46 56 98 75 23 26 33 24 33 61 19 96 63 6 33 64 47 66 64 53 43 18 34 20 54 68 2 30 76 89 32 85 92 85 77 34 88 59 53 51
92 35 36 5 5 4 21 87 38 57 42 34 92 36 56 29 6 7 13 91 57 3 41 75 73 1 79 89 33 37 72 51 58 21 65 79 94 83 4 25 28 6 2 2 3 58 63 26 91 89
2 90 49 41 69 85 30 74 10 25 32 75 59 92 82 34 54 48 13 20 85 79 12 48 17 61 52 80 17 20 76 91 92 47 64 6 44 69 52 28 64 15 18 26 93 89 75 68 52 89
0 35 56 24 39 6 17 61 19 13 63 38 38 28 38 97 34 57 16 69 38 81 13 31 96 4 54 5 29 76 9 51 75 87 57 50 83 81 91 46 52 12 90 58 11 18 75 17 32 78
37 78 89 47 49 36 68 76 64 19 29 47 37 98 61 60 33 24 17 45 68 29 20 62 15 72 69 8 36 52 57 25 10 26 46 85 71 22 14 26 13 39 0 34 70 23 80 81 10 51
85 34 18 60 33 15 20 15 34 20 88 73 24 39 46 0 99 89 87 95 13 31 78 83 43 95 62 32 54 47 69 87 94 90 68 5 48 91 58 80 58 48 3 97 73 15 80 60 41 6
9 75 63 57 71 11 70 38 17 70 21 98 90 16 3 83 37 59 50 85 3 75 40 33 78 55 13 76 99 73 2 67 80 74 59 99 33 47 24 39 63 68 40 58 60 67 53 30 3 11
93 5 23 49 90 41 80 49 73 22 87 19 29 86 71 96 10 66 92 9 34 61 6 36 90 76 20 8 13 1 48 27 28 28 29 9 87 4 91 75 29 50 66 37 77 96 90 28 3 8
