13 44
0 1 1 2 3 4 5 6 6 7 8 8 9 10 11 11 12 13 13 14 14 15 16 17 18 19 20 20 21 21 22 22 23 24 25 26 27 28 29 29 30 31 32 32 33 33 34 35 36 37
0 38 38 2 39 4 5 40 40 41 41 42 9 43 44 45 45 46 46 47 47 15 16 17 18 48 48 49 49 50 50 51 23 52 25 26 27 28 53 54 54 31 55 55 56 56 34 35 36 37
57 58 59 59 39 60 60 61 62 63 63 42 64 43 44 65 65 66 67 67 68 68 69 70 70 71 72 72 73 74 75 51 76 52 77 77 78 78 79 80 80 81 82 82 83 84 84 85 85 86
57 87 88 88 89 89 90 91 62 92 92 93 64 94 94 95 96 66 97 98 99 99 69 100 100 71 101 101 73 74 75 102 76 103 103 104 105 105 79 106 106 81 107 107 83 108 109 109 110 86
111 87 112 113 113 114 90 91 115 116 117 117 118 118 119 95 120 120 97 98 121 121 122 122 123 124 124 125 125 126 126 102 127 127 128 129 130 131 131 132 132 133 134 135 136 136 137 138 110 139
111 140 112 141 142 142 143 143 115 116 144 145 146 147 119 148 148 149 149 150 150 151 151 152 152 153 154 155 155 156 156 157 157 158 128 129 159 160 161 161 162 133 134 163 163 164 164 138 165 165
166 140 167 141 168 168 169 170 170 171 171 145 146 147 172 172 173 174 175 175 176 177 178 178 179 153 154 180 181 182 183 184 184 158 185 186 159 160 187 188 162 189 189 190 190 191 192 192 193 193
194 194 167 195 195 196 197 197 198 199 200 201 201 202 203 204 173 174 205 206 207 177 208 209 179 210 210 180 181 182 211 212 213 213 185 186 214 215 216 188 217 218 218 219 220 191 221 221 222 222
223 224 224 225 225 226 227 227 228 199 200 229 230 230 203 204 231 232 205 206 207 233 208 209 234 235 235 236 237 237 211 212 238 238 239 239 214 215 216 240 240 241 242 242 220 243 243 244 244 245
246 247 247 248 248 226 249 250 228 251 251 229 252 253 253 254 231 255 255 256 256 233 257 257 234 258 259 236 260 261 262 262 263 264 265 266 267 267 268 268 269 269 270 270 271 271 272 273 274 245
246 275 275 276 277 277 249 250 278 279 279 280 252 281 282 254 283 284 285 286 286 287 287 288 288 258 259 289 260 290 291 292 292 264 265 266 293 293 294 295 296 297 297 298 298 299 272 273 300 300
301 301 302 276 303 304 304 305 305 306 306 280 307 281 308 309 283 284 310 310 311 311 312 312 313 313 314 289 315 290 291 316 317 318 319 319 320 320 294 295 296 321 321 322 323 323 324 325 326 326
327 328 329 330 303 331 331 332 333 334 335 336 336 337 308 309 338 339 339 340 340 341 341 342 343 343 314 344 344 345 345 316 317 318 346 346 347 348 348 349 349 350 351 351 352 353 324 325 354 355
327 328 329 330 356 357 357 332 333 334 358 358 359 337 360 361 362 362 363 364 365 365 366 342 367 368 368 369 369 370 371 372 372 373 374 375 376 377 378 379 380 350 381 382 352 383 383 384 384 355
385 386 386 387 387 388 389 390 390 391 392 392 393 394 395 361 396 397 363 398 399 400 400 401 402 403 404 404 405 405 371 406 407 373 374 375 376 377 378 379 408 408 381 382 409 410 410 411 412 412
413 414 415 416 417 388 418 419 419 391 420 420 393 394 395 421 396 397 422 398 399 423 424 401 402 425 425 426 426 427 428 406 429 429 430 430 431 431 432 432 433 434 435 435 409 436 436 411 437 438
413 414 439 416 440 440 418 441 441 442 443 444 445 446 446 421 447 448 448 449 450 423 424 451 452 453 453 454 455 455 428 456 457 457 458 459 459 460 461 461 433 434 462 463 464 465 466 466 437 438
467 467 439 468 469 469 470 471 471 442 443 444 445 472 472 473 473 474 474 449 450 475 476 451 452 477 478 479 480 480 481 456 482 483 483 484 485 460 486 486 487 488 489 463 464 465 490 491 491 492
493 494 495 496 497 497 470 498 498 499 499 500 501 502 503 504 505 505 506 507 508 475 476 509 509 477 510 479 511 511 481 512 513 513 514 515 485 516 517 518 487 488 489 519 519 520 490 521 521 492
493 494 495 496 522 522 523 523 524 525 525 500 501 502 503 504 526 527 506 507 528 529 530 531 532 532 510 533 534 535 536 536 537 537 514 515 538 538 517 539 540 540 541 541 542 542 543 544 545 545
546 546 547 547 548 549 549 550 524 551 552 552 553 554 554 555 555 527 556 556 528 529 530 557 557 558 558 533 534 535 559 559 560 561 562 562 563 564 564 539 565 565 566 566 567 568 569 544 570 570
571 572 572 573 573 574 574 550 575 551 576 576 577 577 578 579 579 580 581 581 582 582 583 583 584 585 585 586 586 587 587 588 560 561 589 590 590 591 592 593 593 594 594 595 595 568 569 596 597 597
598 599 599 600 601 601 602 603 575 604 605 606 607 607 608 609 610 580 611 612 613 614 614 615 616 617 618 619 619 620 620 588 621 621 589 622 622 623 592 624 624 625 626 626 627 628 629 630 630 631
598 632 633 634 634 635 602 603 636 637 605 606 638 638 608 609 639 640 640 612 613 641 642 643 616 617 644 644 645 645 646 647 648 648 649 650 650 623 651 651 652 625 653 654 654 628 629 655 655 656
657 632 633 658 658 635 659 660 661 637 662 663 664 665 665 666 639 667 668 669 669 641 642 643 670 671 671 672 672 673 646 674 675 676 677 678 678 679 679 680 680 681 653 682 683 684 684 685 685 656
686 686 687 687 688 689 659 660 661 690 662 663 691 691 692 666 693 694 668 695 695 696 697 698 670 699 699 700 701 702 702 674 675 676 677 703 704 705 705 706 707 707 708 682 709 709 710 711 712 713
714 714 715 716 688 689 717 717 718 690 719 720 721 721 722 723 723 694 724 724 725 696 697 698 726 726 727 727 701 728 729 730 730 731 731 703 704 732 732 706 733 734 734 735 735 736 710 711 712 713
737 737 715 738 739 740 740 741 741 742 719 720 743 744 722 745 746 747 748 749 749 750 750 751 752 753 753 754 755 728 729 756 756 757 757 758 758 759 759 760 733 761 762 762 763 764 764 765 765 766
767 768 769 738 770 771 772 773 774 742 775 776 743 777 777 745 778 747 748 779 780 781 781 751 752 782 782 754 755 783 784 785 785 786 786 787 787 788 789 760 790 761 791 792 763 793 794 794 795 766
767 768 796 796 770 797 772 773 774 798 775 776 799 800 801 801 778 802 803 803 780 804 805 805 806 806 807 807 808 783 784 809 810 810 811 811 812 788 789 813 813 814 814 792 815 793 816 816 795 817
818 819 819 820 820 797 821 821 822 798 823 823 799 800 824 825 825 826 827 828 829 804 830 831 832 832 833 833 808 834 835 836 836 837 838 838 839 840 840 841 842 842 843 843 844 845 845 846 847 817
848 849 849 850 851 852 853 854 854 855 855 856 857 857 824 858 858 826 827 828 859 859 830 831 860 861 861 862 862 834 835 863 864 864 865 865 839 866 866 867 868 868 869 869 844 870 870 846 871 871
848 872 873 850 851 852 874 875 876 876 877 856 878 879 880 881 882 883 883 884 884 885 886 886 887 887 888 889 889 890 890 863 891 892 892 893 893 894 895 867 896 896 897 898 898 899 900 900 901 901
902 872 873 903 904 905 874 875 906 907 877 908 878 879 880 881 882 909 910 910 911 885 912 913 914 915 888 916 916 917 918 919 920 921 921 922 923 894 924 925 925 926 897 927 928 899 929 930 930 931
932 933 934 903 904 905 935 935 906 907 936 936 937 937 938 939 940 940 941 942 911 943 944 913 914 915 945 945 946 947 918 919 920 948 948 949 923 950 924 951 951 926 952 952 928 953 929 954 954 931
932 933 955 955 956 957 957 958 959 959 960 960 961 961 938 962 962 963 941 942 964 943 944 965 966 967 968 969 969 947 970 971 972 972 973 949 974 950 975 975 976 976 977 977 978 953 979 979 980 980
981 981 982 982 983 984 985 986 987 987 988 989 990 990 991 991 992 992 993 993 964 994 994 965 966 967 968 995 996 996 970 971 997 997 973 998 999 1000 1001 1002 1002 1003 1004 1004 978 1005 1005 1006 1007 1007
1008 1009 1009 1010 983 984 985 986 1011 1011 988 1012 1012 1013 1014 1015 1016 1017 1017 1018 1018 1019 1020 1021 1022 1023 1023 995 1024 1024 1025 1026 1027 1028 1029 1029 999 1000 1030 1031 1031 1003 1032 1032 1033 1034 1035 1036 1036 1037
1008 1038 1039 1010 1040 1040 1041 1041 1042 1042 1043 1044 1044 1013 1014 1015 1016 1045 1046 1046 1047 1019 1020 1021 1022 1048 1048 1049 1050 1050 1025 1026 1027 1028 1051 1051 1052 1053 1030 1054 1054 1055 1055 1056 1033 1034 1035 1057 1057 1058
1059 1038 1039 1060 1060 1061 1062 1062 1063 1064 1065 1065 1066 1067 1067 1068 1069 1069 1070 1070 1071 1072 1073 1074 1074 1075 1075 1049 1076 1076 1077 1077 1078 1078 1079 1079 1052 1080 1080 1081 1081 1082 1082 1083 1084 1085 1085 1086 1086 1058
1059 1087 1088 1089 1090 1061 1091 1092 1063 1064 1093 1093 1066 1094 1095 1068 1096 1096 1097 1097 1071 1072 1073 1098 1099 1100 1101 1102 1102 1103 1103 1104 1104 1105 1106 1107 1107 1108 1109 1109 1110 1111 1112 1083 1084 1113 1114 1114 1115 1115
1116 1087 1117 1089 1118 1118 1091 1092 1119 1119 1120 1120 1121 1094 1122 1122 1123 1123 1124 1124 1125 1125 1126 1098 1099 1100 1101 1127 1128 1128 1129 1129 1130 1105 1131 1131 1132 1133 1134 1134 1110 1111 1112 1135 1136 1136 1137 1137 1138 1139
1140 1141 1117 1142 1142 1143 1143 1144 1145 1146 1147 1148 1121 1149 1150 1150 1151 1151 1152 1152 1153 1154 1155 1155 1156 1157 1158 1158 1159 1159 1160 1160 1130 1161 1162 1162 1132 1133 1163 1163 1164 1165 1166 1135 1167 1167 1168 1168 1138 1139
1140 1141 1169 1169 1170 1170 1171 1171 1145 1146 1147 1148 1172 1149 1173 1174 1175 1175 1176 1177 1177 1154 1178 1179 1179 1157 1180 1180 1181 1182 1182 1183 1184 1161 1185 1186 1187 1188 1188 1189 1164 1165 1166 1190 1191 1192 1193 1193 1194 1194
1195 1195 1196 1196 1197 1197 1198 1198 1199 1200 1201 1201 1172 1202 1173 1174 1203 1203 1204 1204 1205 1205 1206 1207 1207 1208 1209 1209 1210 1210 1211 1183 1212 1213 1214 1186 1215 1215 1216 1189 1217 1218 1219 1219 1191 1192 1220 1221 1221 1222
1223 1224 1224 1225 1226 1226 1227 1227 1199 1200 1228 1229 1229 1202 1230 1231 1232 1233 1234 1235 1236 1237 1206 1238 1239 1239 1240 1241 1241 1242 1211 1243 1212 1244 1214 1245 1246 1246 1247 1248 1217 1218 1249 1250 1250 1251 1220 1252 1252 1222
1223 1253 1253 1225 1254 1255 1256 1256 1257 1257 1258 1258 1259 1259 1230 1231 1232 1233 1260 1235 1236 1237 1261 1262 1262 1263 1240 1264 1264 1242 1265 1265 1266 1244 1267 1245 1268 1268 1247 1248 1269 1269 1270 1270 1271 1271 1272 1272 1273 1274
1275 1275 1276 1276 1254 1255 1277 1277 1278 1279 1280 1281 1281 1282 1282 1283 1284 1285 1260 1286 1286 1287 1287 1288 1288 1263 1289 1290 1290 1291 1292 1292 1266 1293 1293 1294 1295 1295 1296 1296 1297 1297 1298 1299 1299 1300 1300 1301 1301 1274
1302 1302 1303 1304 1304 1305 1306 1306 1278 1279 1307 1307 1308 1309 1310 1283 1284 1311 1312 1312 1313 1313 1314 1315 1315 1316 1316 1317 1318 1291 1319 1320 1321 1322 1323 1294 1324 1325 1325 1326 1326 1327 1327 1328 1329 1329 1330 1330 1331 1332
1333 1333 1303 1334 1334 1305 1335 1336 1336 1337 1338 1338 1308 1309 1310 1339 1339 1311 1340 1340 1341 1341 1314 1342 1342 1343 1343 1317 1318 1344 1344 1320 1321 1322 1323 1345 1345 1346 1347 1347 1348 1349 1349 1328 1350 1351 1351 1352 1352 1332
54 26 69 68 84 17 93 39 68 54 49 62 35 2 31 10 75 84 78 21 78 88 66 56 2 1 59 1 43 25 32 34 80 78 95 80 90 47 38 94 61 42 72 37 70 91 72 38 37 87
8 21 16 37 4 11 17 41 60 95 9 12 9 68 10 15 12 47 92 37 11 38 68 29 14 17 46 71 6 13 53 30 23 36 73 12 88 31 49 23 0 52 40 74 13 81 96 56 82 72
19 82 52 5 40 92 71 66 23 12 40 64 43 27 69 84 82 55 53 89 51 38 92 72 84 86 0 48 50 46 87 68 6 4 65 41 57 32 70 47 14 85 59 22 68 48 23 30 67 65
68 79 47 1 15 58 90 12 29 8 49 41 80 89 15 38 6 61 91 52 32 99 69 46 0 36 10 84 38 28 92 73 76 15 81 82 53 78 5 84 84 16 66 52 62 25 91 74 56 73
61 98 12 26 85 66 50 97 2 84 54 21 6 32 54 26 9 30 12 46 46 26 15 47 14 55 14 21 70 29 4 49 7 62 9 46 39 23 9 19 64 70 27 40 52 30 59 51 28 72
43 38 95 48 90 28 29 97 55 24 6 86 25 34 59 17 84 32 55 38 79 51 16 44 63 93 27 36 88 75 65 87 98 73 16 58 45 59 91 36 93 63 26 97 92 83 40 47 66 30
26 84 23 45 91 33 36 4 73 38 65 80 43 58 21 75 13 24 20 30 90 4 66 39 48 19 29 17 88 19 44 32 98 57 96 78 64 99 92 4 51 86 67 78 16 63 0 53 45 49
60 79 80 55 66 15 51 62 72 87 72 42 18 23 95 3 29 89 30 82 43 2 36 0 67 59 15 87 31 35 0 48 99 89 84 19 85 99 76 41 83 11 1 17 60 59 22 19 2 53
6 19 19 99 51 58 76 83 21 95 70 67 38 26 90 67 77 52 75 44 88 38 34 27 77 23 83 78 37 15 80 6 32 13 86 18 55 5 75 17 26 42 60 98 4 5 26 49 69 52
97 4 11 59 77 85 75 50 82 27 43 48 3 8 51 94 43 39 31 31 26 24 56 61 34 1 16 70 96 73 75 71 67 58 11 81 29 27 23 79 19 56 47 51 65 68 90 52 36 54
69 11 28 70 78 33 15 39 34 51 83 1 70 98 64 61 90 52 83 60 65 41 62 60 19 36 17 75 17 33 59 79 85 73 62 71 58 1 14 9 48 45 26 85 10 87 26 34 61 77
70 44 78 91 81 78 2 34 7 17 86 48 88 90 76 94 22 19 49 65 2 26 56 42 94 7 43 76 24 74 83 16 77 68 95 64 16 39 82 10 59 50 38 76 20 92 13 4 74 20
32 92 19 40 52 8 29 2 31 30 43 83 73 75 11 36 45 38 35 36 24 77 66 42 39 31 19 52 19 0 74 41 46 5 32 79 31 4 80 92 86 26 42 98 54 28 95 57 87 32
14 83 4 74 0 24 54 76 88 80 60 97 87 96 7 79 72 5 42 51 54 61 26 71 99 90 80 12 12 73 55 93 6 84 21 87 12 89 31 92 51 28 27 97 10 68 72 90 8 85
48 50 85 27 12 44 30 82 94 16 10 81 58 76 96 29 87 27 56 59 7 51 11 25 49 32 25 20 26 68 63 19 61 74 53 47 0 19 8 69 83 84 81 89 93 46 94 47 74 45
7 67 81 24 75 18 36 32 50 97 16 78 1 78 44 11 1 51 35 15 65 40 38 22 58 19 59 40 26 27 4 30 11 84 61 35 95 11 80 75 87 87 45 49 48 23 37 50 42 13
72 22 96 26 50 28 0 35 77 77 59 20 94 41 2 3 80 23 50 5 97 51 20 34 19 32 35 99 16 1 64 35 54 83 31 58 51 11 47 88 13 36 56 5 47 75 47 19 35 65
92 86 88 78 5 34 14 33 58 87 33 93 73 1 6 70 19 54 66 35 96 96 66 83 59 72 31 15 4 98 22 66 18 97 83 39 27 92 88 79 94 59 45 45 61 57 61 27 27 20
54 22 74 44 89 10 96 93 56 11 70 89 68 59 83 39 91 99 20 6 29 17 57 26 8 68 39 14 84 29 16 46 54 71 22 54 45 43 63 38 19 45 32 9 31 88 91 91 99 31
86 29 28 54 93 16 70 63 57 26 89 51 63 29 12 28 10 74 47 1 23 68 96 88 39 43 67 32 83 21 47 82 62 19 90 51 44 22 72 35 13 3 27 61 32 86 0 62 4 69
56 99 73 65 30 91 6 78 79 92 43 69 94 90 43 57 16 32 8 17 6 96 92 58 4 63 56 2 94 29 94 15 1 59 3 83 65 96 87 76 69 65 44 62 53 23 3 0 74 88
92 19 25 80 52 25 3 2 12 51 84 85 96 16 36 29 35 40 64 21 71 14 82 48 99 10 51 47 1 64 56 53 23 49 94 3 96 70 37 29 40 58 74 31 87 33 87 8 72 55
0 58 38 19 41 36 48 3 22 97 79 49 87 78 63 63 38 19 94 92 43 32 9 95 93 99 4 35 71 39 20 26 2 72 55 89 55 66 4 35 6 54 74 75 31 72 54 66 76 54
35 87 66 97 26 66 85 94 91 74 41 0 3 91 23 39 57 95 59 70 13 44 68 44 55 45 96 92 0 55 25 82 0 22 2 76 23 54 57 3 44 16 35 67 14 61 56 0 88 15
9 18 0 25 21 83 37 41 66 2 64 35 74 94 15 81 13 81 74 2 43 38 43 67 47 76 47 35 17 70 13 81 90 91 84 47 0 76 57 48 54 49 88 86 95 46 96 18 36 93
66 15 96 93 64 19 12 56 36 77 61 68 72 23 76 28 42 12 52 97 81 49 76 70 72 36 75 14 73 87 5 22 79 81 12 98 56 34 58 44 72 40 88 42 8 97 17 75 66 69
12 53 46 62 10 71 55 18 27 63 69 80 13 53 7 21 91 62 11 75 48 5 15 24 11 96 15 12 20 62 38 93 52 6 76 9 35 79 77 26 5 27 18 60 40 12 66 90 60 58
93 59 46 1 20 61 27 9 24 13 6 11 40 44 77 79 54 81 12 50 34 26 42 9 13 12 26 88 35 1 75 23 62 65 82 5 77 30 88 58 32 78 63 59 83 67 40 26 41 32
48 86 46 87 71 66 27 35 78 57 97 58 55 56 7 62 3 77 1 66 53 99 44 63 80 27 79 7 34 8 71 86 91 77 33 13 33 91 46 12 67 36 13 91 74 67 18 36 80 11
7 86 91 96 41 71 45 91 11 18 82 72 20 23 21 8 3 99 36 13 46 63 11 79 94 73 52 16 46 85 19 20 74 43 26 41 9 87 61 82 10 56 17 45 17 1 2 91 30 17
26 94 46 52 70 83 30 55 33 90 92 2 63 81 80 84 9 67 32 5 69 83 85 28 1 59 36 92 6 25 0 84 54 43 53 41 74 19 24 63 62 1 52 14 89 72 59 68 80 2
77 36 34 14 87 56 33 73 55 21 78 10 48 15 74 20 81 38 56 4 66 96 78 70 72 73 31 8 34 5 75 52 67 2 39 45 23 47 26 56 34 19 15 22 12 47 71 20 66 22
96 56 59 48 13 1 2 6 70 30 42 88 41 97 91 2 56 29 13 58 20 37 7 22 22 41 16 59 83 7 55 96 4 47 91 96 8 71 73 31 98 40 20 14 83 36 3 63 48 61
3 31 7 10 89 80 35 54 68 75 59 45 84 15 23 26 19 99 85 59 80 98 18 1 29 89 96 27 6 16 47 61 2 55 49 2 40 37 54 87 81 25 24 85 25 97 53 22 20 61
79 39 78 36 54 49 29 63 33 91 39 32 58 3 11 26 36 25 29 93 45 14 11 5 69 6 96 83 41 42 93 83 18 94 93 61 36 98 52 56 26 79 95 64 8 71 80 70 31 45
93 17 87 55 2 58 83 81 25 1 71 48 83 94 35 85 51 33 93 13 41 70 88 32 98 59 32 39 66 95 98 2 90 7 60 88 96 0 63 79 37 81 95 93 71 49 7 20 87 14
46 9 73 34 72 95 9 57 34 66 26 53 79 95 23 59 63 21 5 93 61 79 85 88 52 48 82 7 59 64 46 10 69 79 47 86 44 80 10 46 93 12 99 93 93 65 84 71 89 27
75 59 6 18 82 84 31 70 41 13 17 21 74 17 94 66 51 30 83 35 67 4 35 19 66 64 93 35 21 30 77 9 25 59 74 57 14 12 35 16 14 25 8 43 69 66 9 86 87 1
81 7 65 79 85 51 69 7 98 41 63 16 20 90 49 4 17 8 72 20 7 74 51 79 23 46 2 6 30 36 10 32 17 90 8 74 5 59 52 10 62 21 24 66 41 34 6 39 16 77
72 79 45 48 94 34 10 55 57 86 71 94 37 54 67 26 27 55 84 17 95 3 48 65 99 13 55 76 71 43 27 26 97 91 44 52 6 22 77 60 46 92 18 10 1 67 31 20 11 46
90 12 32 69 90 49 19 30 28 36 77 30 16 43 81 67 62 62 58 60 55 27 5 29 11 88 36 10 32 42 97 58 55 79 40 8 78 1 87 81 16 73 39 83 32 13 84 10 48 53
44 43 36 77 36 11 9 13 42 92 30 20 88 8 33 1 1 89 39 27 38 7 89 38 29 67 0 96 78 57 16 10 0 58 20 80 84 21 57 7 37 16 5 88 65 33 72 84 6 67
32 3 42 56 66 55 51 64 72 23 12 81 15 62 3 74 13 62 51 41 11 10 6 41 61 80 24 2 96 57 80 15 49 12 75 4 23 95 58 60 31 25 78 80 91 36 95 57 25 44
18 37 96 82 74 18 43 34 46 9 93 15 71 46 34 61 46 4 93 51 29 44 66 40 99 39 81 84 30 51 18 72 43 43 0 93 56 8 96 77 2 97 69 70 25 98 14 27 5 84
17 95 23 67 24 85 98 45 72 51 97 33 2 61 77 94 51 70 74 97 87 46 63 79 93 38 67 58 65 43 15 68 58 39 12 50 15 85 2 0 19 85 30 56 47 47 39 34 5 85
18 95 12 37 91 15 13 48 1 92 52 70 22 20 28 95 0 45 29 69 31 73 77 38 49 29 76 83 56 20 53 36 66 1 98 79 64 39 66 22 57 9 49 22 44 54 93 72 89 63
62 51 87 15 85 40 5 11 0 10 80 0 33 45 5 44 66 13 54 74 22 54 96 32 51 75 3 33 12 33 22 87 94 2 18 66 45 45 23 19 43 89 8 87 77 35 29 84 88 89
68 36 1 66 29 87 17 20 54 94 36 80 60 23 87 95 54 36 19 52 80 62 89 55 94 56 23 7 36 8 96 14 39 58 74 53 45 96 72 37 96 39 29 19 58 10 47 97 70 58
67 1 57 83 24 41 81 11 94 17 51 90 8 30 17 33 87 15 48 6 61 38 90 98 42 9 37 79 38 2 43 57 67 58 6 80 26 47 12 95 0 24 59 59 18 66 85 8 91 91
12 44 12 97 87 58 69 25 81 81 98 0 6 47 65 27 0 0 46 83 19 30 61 30 37 96 91 57 92 25 78 73 5 3 32 51 35 33 15 64 21 9 51 37 72 64 8 55 27 49
