19 7
0 0 1 1 2 3 3 4 5 5 6 6 7 7 8 9 9 10 11 12 13 13 14 15 15 16 16 17 18 18 19 20 20 21 21 22 22 23 23 24 24 25 25 26 27 28 29 30 30 31
32 32 33 33 2 34 34 35 36 37 37 38 39 39 40 40 41 10 11 12 42 42 43 44 45 46 46 17 47 47 48 49 50 51 52 53 54 54 55 56 57 57 58 58 27 28 29 59 59 31
60 61 61 62 62 63 63 35 36 64 64 65 65 66 66 67 41 68 69 69 70 71 43 44 72 72 73 74 75 76 48 49 50 77 52 53 78 79 55 56 80 81 81 82 83 84 85 86 87 87
88 88 89 90 90 91 92 92 93 93 94 94 95 95 96 96 97 98 99 99 70 71 100 100 101 101 73 74 75 102 103 104 104 77 105 106 78 79 107 107 80 108 109 82 83 84 85 86 110 110
111 111 89 112 112 91 113 113 114 114 115 116 117 117 118 118 97 98 119 120 120 121 121 122 122 123 123 124 124 102 103 125 126 126 105 106 127 128 128 129 129 108 130 130 131 132 133 133 134 135
136 137 138 138 139 139 140 140 141 141 115 116 142 143 144 144 145 146 147 148 149 149 150 150 151 152 152 153 153 154 155 156 157 158 159 159 160 160 161 161 162 162 163 163 131 132 164 164 134 135
136 137 165 166 167 168 169 169 170 171 172 172 142 173 173 174 174 146 147 148 175 176 176 177 151 178 179 180 181 182 155 156 157 158 183 184 185 185 186 187 188 188 189 190 191 191 192 193 194 194
195 195 196 166 167 197 198 199 199 171 200 201 202 202 203 204 204 205 206 207 207 208 208 177 209 209 179 180 181 182 210 210 211 212 213 184 214 215 215 187 216 217 217 190 218 219 192 220 221 222
223 223 196 224 225 197 226 227 228 229 200 201 230 231 231 232 232 205 233 233 234 234 235 236 237 238 238 239 240 241 241 242 242 212 213 243 244 244 245 246 216 247 248 248 218 219 249 220 221 250
251 252 252 224 225 253 226 227 228 229 254 255 255 256 257 258 258 259 259 260 261 261 235 236 262 263 264 264 240 265 265 266 266 267 267 243 268 268 245 246 269 247 270 271 271 272 249 273 273 250
274 275 276 277 278 278 279 279 280 280 281 281 282 256 283 283 284 284 285 260 286 287 288 288 262 263 289 289 290 290 291 291 292 293 294 295 295 296 297 298 299 300 301 301 302 302 303 303 304 304
274 275 276 277 305 305 306 307 308 308 309 310 311 312 313 314 315 315 316 317 286 287 318 319 320 320 321 321 322 323 324 324 292 293 294 325 325 296 297 298 299 300 326 327 328 329 330 331 332 332
333 334 335 336 336 337 306 307 338 338 309 310 311 312 313 314 339 339 316 317 340 340 318 319 341 341 342 343 322 344 344 345 345 346 347 347 348 348 349 349 350 351 326 327 328 329 330 352 353 354
355 334 335 356 356 357 358 358 359 359 360 361 362 362 363 363 364 364 365 365 366 367 368 368 369 369 342 343 370 370 371 371 372 372 373 374 375 375 376 376 350 351 377 377 378 378 379 352 353 354
355 380 380 381 381 357 382 383 383 384 360 361 385 386 386 387 388 388 389 389 366 367 390 391 391 392 392 393 394 395 396 396 397 398 373 374 399 400 401 401 402 403 403 404 404 405 406 406 407 407
408 408 409 410 410 411 382 412 413 384 414 414 385 415 416 416 417 418 418 419 420 421 390 422 422 423 424 393 394 425 426 427 427 398 428 428 399 400 429 430 430 431 431 432 433 405 434 435 435 436
437 438 439 440 440 411 441 442 413 443 443 444 444 415 445 446 417 447 448 419 420 421 449 449 450 423 424 451 451 425 426 452 452 453 454 454 455 456 429 457 458 459 460 432 433 461 461 462 462 436
437 438 439 463 463 464 441 442 465 466 467 467 468 469 445 446 470 447 471 471 472 473 473 474 474 475 476 477 477 478 478 479 480 453 481 482 455 456 483 457 484 459 460 485 485 486 487 488 489 489
490 491 491 492 492 464 493 493 465 494 495 495 468 469 496 496 470 497 498 498 472 499 500 500 501 475 476 502 503 504 504 479 480 505 481 482 506 506 483 507 484 508 508 509 509 486 487 488 510 510
511 512 513 513 514 514 515 516 516 494 517 518 519 520 520 521 521 497 522 522 523 524 524 525 525 526 527 502 503 528 528 529 529 505 530 530 531 531 532 507 533 533 534 535 536 537 537 538 538 539
511 512 540 540 541 542 542 543 543 544 544 518 545 545 546 546 547 548 549 550 523 551 551 552 553 526 527 554 554 555 556 556 557 558 559 560 560 561 562 563 564 565 534 535 536 566 567 568 569 539
570 571 572 572 573 574 575 576 577 578 578 579 580 580 581 581 547 582 549 550 583 584 585 585 553 586 587 588 589 555 590 591 592 558 559 593 594 561 562 563 564 565 595 596 596 566 567 568 569 597
570 571 598 598 573 574 575 576 577 599 599 579 600 601 601 602 602 582 603 604 583 584 605 606 607 586 587 588 589 608 590 591 592 609 609 593 594 610 610 611 612 612 595 613 614 615 615 616 616 597
617 617 618 618 619 620 621 622 622 623 623 624 624 625 625 626 627 627 603 604 628 628 629 606 607 630 631 632 632 608 633 634 635 636 637 638 639 640 641 642 642 643 643 613 614 644 645 646 647 648
649 650 651 652 652 620 653 654 655 656 657 657 658 659 659 626 660 660 661 661 662 662 629 663 664 664 631 665 665 666 667 634 635 636 637 638 639 640 668 669 669 670 671 671 672 644 645 673 647 648
649 650 651 674 674 675 653 654 655 656 676 676 658 677 677 678 678 679 679 680 681 682 682 663 683 684 685 686 687 687 667 688 689 690 691 692 693 693 668 694 695 670 696 696 672 697 698 673 699 699
700 701 702 702 703 675 704 705 705 706 707 708 708 709 709 710 710 711 711 680 681 712 712 713 683 684 685 686 714 715 715 716 689 690 691 717 717 718 718 694 695 719 720 721 722 723 698 724 724 725
700 701 726 726 727 727 704 728 728 706 707 729 730 731 731 732 733 733 734 734 735 736 736 713 737 737 738 739 740 741 741 716 742 742 743 743 744 745 746 747 748 719 720 749 722 723 750 751 752 725
753 753 754 755 755 756 757 757 758 759 759 729 760 761 761 762 763 763 764 764 765 765 766 766 767 767 738 739 740 768 768 769 770 770 771 771 744 745 746 747 748 772 773 749 774 774 750 751 752 775
776 777 778 778 779 756 780 780 758 781 782 782 760 783 784 762 785 786 786 787 787 788 788 789 789 790 791 792 793 793 794 769 795 796 796 797 798 798 799 799 800 772 773 801 802 802 803 803 804 775
776 777 805 805 779 806 807 807 808 781 809 809 810 783 784 811 811 812 812 813 814 815 815 816 817 790 791 792 818 819 820 820 821 822 822 797 823 824 824 825 826 826 827 827 828 828 829 830 804 831
832 833 834 834 835 806 836 837 808 838 839 839 810 840 840 841 841 842 842 813 814 843 843 816 817 844 845 846 846 819 847 847 821 848 849 850 823 851 851 852 852 853 853 854 854 855 855 830 856 831
832 857 858 858 835 859 836 860 860 838 861 862 863 863 864 865 866 867 868 869 869 870 871 872 873 844 874 874 875 875 876 877 877 848 849 878 879 879 880 881 881 882 883 884 885 886 886 887 856 888
889 857 890 891 892 859 893 893 894 895 861 862 896 896 864 865 866 867 868 897 898 898 871 872 873 899 900 900 901 901 876 902 903 903 904 878 905 905 880 906 906 907 883 884 908 909 909 887 910 888
911 911 890 891 892 912 912 913 894 895 914 915 916 917 917 918 918 919 919 897 920 920 921 921 922 899 923 923 924 924 925 926 926 927 927 928 928 929 929 930 930 907 931 931 908 932 933 933 934 934
935 935 936 937 937 938 938 913 939 940 914 915 916 941 941 942 942 943 944 944 945 946 947 948 948 949 949 950 951 951 925 952 952 953 954 954 955 956 957 958 958 959 960 960 961 932 962 963 963 964
965 966 967 967 968 968 969 970 970 940 971 972 973 974 974 975 975 943 976 977 945 978 947 979 979 980 980 950 981 981 982 982 983 953 984 984 955 956 957 985 986 987 987 988 961 989 989 990 990 964
965 966 991 992 993 993 994 994 995 996 971 972 973 997 997 998 999 1000 976 977 1001 978 1002 1002 1003 1004 1004 1005 1006 1007 1008 1008 983 1009 1010 1010 1011 1012 1013 985 1014 1014 1015 988 1016 1016 1017 1017 1018 1018
1019 1020 991 992 1021 1021 1022 1023 995 996 1024 1025 1026 1026 1027 998 999 1000 1028 1029 1001 1030 1030 1031 1003 1032 1032 1005 1033 1007 1034 1034 1035 1036 1037 1037 1011 1012 1038 1038 1039 1039 1015 1040 1041 1041 1042 1042 1043 1044
1019 1020 1045 1046 1047 1048 1022 1023 1049 1049 1024 1025 1050 1050 1051 1051 1052 1052 1028 1029 1053 1054 1054 1031 1055 1055 1056 1056 1033 1057 1058 1059 1035 1036 1060 1060 1061 1061 1062 1063 1064 1065 1066 1040 1067 1068 1068 1069 1069 1044
1070 1070 1045 1071 1047 1048 1072 1072 1073 1074 1075 1076 1077 1078 1079 1079 1080 1080 1081 1081 1082 1083 1083 1084 1084 1085 1085 1086 1087 1087 1058 1059 1088 1088 1089 1090 1091 1092 1062 1063 1064 1093 1066 1094 1095 1096 1097 1098 1099 1099
1100 1101 1101 1071 1102 1103 1104 1105 1106 1074 1075 1076 1077 1107 1108 1108 1109 1109 1110 1111 1082 1112 1112 1113 1114 1114 1115 1086 1116 1116 1117 1117 1118 1119 1089 1090 1091 1092 1120 1121 1121 1093 1122 1123 1095 1096 1124 1098 1125 1126
1100 1127 1128 1128 1102 1103 1104 1129 1106 1130 1130 1131 1131 1107 1132 1133 1134 1134 1110 1111 1135 1136 1136 1113 1137 1137 1138 1139 1139 1140 1141 1142 1118 1119 1143 1143 1144 1144 1145 1145 1146 1146 1122 1123 1147 1148 1124 1149 1125 1150
1151 1152 1152 1153 1153 1154 1154 1129 1155 1155 1156 1156 1157 1158 1132 1133 1159 1159 1160 1161 1162 1162 1163 1163 1164 1165 1138 1166 1166 1140 1141 1142 1167 1168 1169 1170 1170 1171 1171 1172 1172 1173 1174 1174 1147 1148 1175 1176 1176 1150
1151 1177 1177 1178 1178 1179 1179 1180 1181 1182 1183 1183 1157 1158 1184 1185 1186 1187 1160 1161 1188 1188 1189 1190 1164 1165 1191 1192 1193 1193 1194 1195 1167 1168 1196 1197 1198 1199 1200 1201 1201 1202 1203 1204 1204 1205 1206 1206 1207 1207
1208 1208 1209 1210 1211 1212 1213 1180 1181 1214 1214 1215 1216 1216 1184 1185 1186 1187 1217 1218 1219 1219 1189 1190 1220 1221 1191 1192 1222 1223 1223 1195 1224 1224 1196 1197 1198 1199 1200 1225 1225 1202 1203 1226 1227 1205 1228 1228 1229 1229
1230 1231 1209 1210 1211 1212 1232 1232 1233 1233 1234 1235 1235 1236 1237 1237 1238 1238 1217 1218 1239 1240 1240 1241 1220 1221 1242 1243 1243 1244 1245 1246 1247 1247 1248 1248 1249 1249 1250 1250 1251 1252 1253 1226 1227 1254 1254 1255 1255 1256
1230 1231 1257 1258 1259 1259 1260 1260 1261 1261 1234 1262 1263 1263 1264 1264 1265 1266 1267 1268 1239 1269 1269 1241 1270 1271 1272 1273 1274 1244 1245 1246 1275 1276 1276 1277 1278 1278 1279 1280 1280 1252 1281 1282 1283 1284 1284 1285 1286 1287
1288 1289 1257 1258 1290 1290 1291 1291 1292 1292 1293 1262 1294 1294 1295 1295 1265 1266 1267 1296 1296 1297 1298 1298 1270 1271 1272 1273 1274 1299 1300 1300 1275 1301 1302 1277 1303 1304 1279 1305 1306 1306 1281 1282 1283 1307 1308 1309 1286 1287
1288 1289 1310 1310 1311 1312 1312 1313 1313 1314 1314 1315 1315 1316 1316 1317 1318 1318 1319 1320 1320 1321 1321 1322 1322 1323 1324 1324 1325 1299 1326 1326 1327 1327 1302 1328 1328 1304 1329 1330 1330 1331 1331 1332 1332 1307 1308 1309 1333 1333
82 12 88 99 32 75 63 90 23 62 62 95 87 75 85 30 45 37 91 99 46 90 98 31 1 77 35 25 6 99 4 60 26 37 13 17 9 30 54 52 32 2 9 74 78 43 98 99 33 51
26 13 9 97 18 95 52 36 68 28 35 48 80 93 45 55 54 13 0 49 92 51 29 79 11 89 3 82 19 59 89 68 38 30 45 78 91 86 20 57 71 94 47 22 63 81 21 9 59 53
84 90 62 21 84 97 64 59 59 50 93 43 0 15 37 47 7 81 21 2 82 5 80 80 3 51 25 0 83 20 7 39 93 16 49 47 26 71 79 78 39 10 10 29 46 90 8 5 99 67
23 21 34 23 74 76 77 25 58 61 49 97 31 83 6 36 11 54 61 67 76 85 0 61 35 78 77 41 93 65 40 35 67 46 53 26 45 47 43 39 69 53 52 90 9 60 53 46 23 69
13 44 25 55 91 26 84 62 51 24 64 61 35 75 57 70 82 95 26 60 93 95 16 25 64 98 68 63 68 27 55 87 78 46 66 48 9 60 45 79 90 47 44 31 5 46 8 70 19 91
88 82 72 94 14 6 81 62 92 94 85 91 91 91 82 84 14 20 25 83 68 36 38 95 38 4 75 95 89 27 65 90 40 90 92 60 1 47 74 4 37 67 32 16 38 93 71 54 13 99
50 57 29 54 52 95 94 52 21 50 28 5 66 0 84 58 40 45 26 25 46 87 67 85 42 84 64 54 1 65 30 69 14 76 91 13 42 77 44 78 88 55 75 32 45 20 87 14 22 97
96 76 24 20 3 69 62 15 35 47 3 22 61 33 96 27 98 27 28 89 53 96 33 84 70 31 8 38 62 12 97 39 85 66 40 28 12 88 83 42 40 94 2 12 28 23 13 84 1 13
75 38 51 32 90 41 44 71 68 37 85 12 10 12 8 45 14 39 71 5 40 68 68 73 38 13 24 72 51 91 88 25 41 89 97 9 27 60 8 77 5 50 68 59 62 30 16 27 79 57
33 40 80 56 23 61 12 11 17 58 22 82 64 84 3 6 49 15 23 50 43 31 97 58 28 36 11 17 36 86 80 9 4 69 11 70 25 34 35 47 61 54 61 94 11 4 73 61 94 0
44 71 1 26 63 3 33 60 26 47 54 73 86 80 75 14 84 92 12 26 65 4 90 89 16 88 51 11 31 24 29 66 63 30 48 80 96 26 2 58 3 36 15 48 15 56 19 33 98 10
11 7 99 99 0 13 33 38 99 1 19 61 30 75 61 81 32 29 43 17 79 4 32 58 40 73 67 28 29 42 78 78 11 43 79 12 9 73 16 85 3 93 77 43 21 79 23 2 96 85
46 67 54 49 55 79 8 86 29 43 21 60 1 92 67 97 86 31 15 36 51 67 19 22 37 30 49 79 75 19 62 85 54 95 29 65 0 98 72 15 16 11 45 97 5 16 68 86 3 64
32 21 13 54 89 36 29 99 2 60 1 43 31 68 19 79 48 69 27 18 94 97 5 91 14 10 52 96 35 69 42 47 44 12 0 13 81 69 90 49 82 36 45 24 74 2 68 71 3 93
40 69 45 40 37 67 25 63 0 48 89 88 22 84 36 17 97 20 93 83 94 1 11 45 41 95 39 6 6 87 57 73 89 9 36 21 54 26 15 35 12 33 28 94 78 14 32 31 6 40
93 90 50 10 3 96 37 15 83 22 29 68 75 54 97 68 53 74 25 17 27 51 49 18 69 10 51 62 36 25 35 1 89 34 84 68 88 59 14 45 5 79 10 85 69 95 85 40 9 68
56 83 30 42 62 94 70 27 31 95 42 15 57 7 65 14 58 76 60 50 94 90 0 74 72 65 56 83 74 90 13 37 86 57 80 47 87 41 3 17 46 90 14 83 63 70 3 38 52 19
21 80 75 22 37 14 62 81 30 86 32 5 50 87 39 7 25 46 43 30 35 25 61 46 74 68 5 66 46 51 82 90 62 31 35 41 77 69 19 16 37 2 60 0 17 24 28 96 65 81
61 66 80 44 48 21 14 48 29 26 9 92 67 65 11 18 31 25 70 71 21 57 95 65 1 56 14 92 38 74 30 69 41 36 4 86 39 42 83 31 44 92 19 14 54 38 6 84 36 3
82 12 9 49 82 25 76 73 56 42 65 42 60 72 47 74 79 31 26 90 56 0 57 31 75 72 22 53 98 32 81 55 71 86 52 27 11 72 90 86 28 66 48 75 13 36 63 35 79 85
31 49 78 55 37 45 52 49 29 32 89 7 5 54 39 93 62 85 4 25 75 74 93 9 61 80 47 15 55 0 22 9 93 2 52 75 5 18 7 44 80 13 74 61 35 30 93 92 87 96
52 37 38 47 94 98 62 45 96 48 89 88 43 22 67 86 93 92 22 68 15 39 10 7 9 42 98 87 5 63 81 46 0 32 80 41 3 78 31 51 84 88 29 18 3 4 37 33 90 10
80 43 12 85 0 75 63 91 13 25 12 12 36 67 91 3 17 74 75 44 66 63 51 23 98 20 13 39 73 83 89 87 51 0 97 32 98 13 47 63 42 64 55 18 33 51 3 16 33 23
10 14 16 95 40 83 2 36 22 63 48 11 17 44 31 17 54 25 31 4 57 89 51 24 49 32 21 43 88 20 69 87 7 31 36 34 95 78 80 21 89 38 74 94 38 3 16 70 37 8
38 47 32 64 90 33 13 44 78 35 83 17 63 51 30 56 63 6 58 5 87 49 64 83 61 86 88 91 94 54 33 77 99 25 9 27 63 78 83 30 79 61 62 42 35 26 43 54 8 28
26 9 10 85 30 25 53 94 22 97 7 99 32 11 83 75 36 82 45 37 69 84 23 95 21 63 11 27 84 28 87 94 82 49 6 9 0 10 52 39 57 50 95 79 19 53 10 71 16 9
79 96 8 70 40 52 21 95 37 90 42 4 14 82 87 72 44 3 39 49 92 37 10 95 70 59 95 57 32 93 74 68 36 94 83 47 44 43 66 16 95 78 24 63 17 68 91 44 36 24
33 64 92 33 73 72 85 50 59 84 81 47 93 93 4 15 69 79 42 45 16 65 92 75 36 82 75 66 70 48 56 16 97 76 40 30 31 8 23 31 87 96 95 75 45 10 62 37 5 4
4 32 30 3 91 47 50 82 9 82 21 54 33 6 30 68 39 1 64 59 92 72 84 50 18 8 61 71 98 6 65 81 94 89 39 15 41 9 89 37 70 42 35 14 47 40 35 63 41 64
8 90 29 7 49 51 38 20 66 37 64 35 75 39 27 77 80 85 50 20 80 41 30 20 1 6 13 97 35 86 43 87 51 95 5 8 9 32 25 71 16 8 58 58 43 20 77 74 15 76
13 4 13 48 37 8 28 2 41 7 40 0 71 22 4 89 16 37 40 35 11 66 62 51 54 9 88 35 67 56 70 0 74 72 56 60 98 78 83 25 32 88 71 30 92 72 82 56 27 83
18 6 44 3 54 54 15 6 43 9 96 97 49 25 64 56 93 34 55 97 78 68 0 73 78 48 47 23 62 58 6 56 50 89 66 87 26 59 39 85 5 56 83 30 71 49 14 89 78 85
57 54 47 80 87 9 13 86 92 65 76 36 28 99 48 45 5 65 21 11 81 3 27 14 19 80 48 24 33 54 2 79 60 10 58 94 39 21 7 9 59 4 92 31 46 0 43 83 48 0
17 45 22 40 72 39 84 52 88 68 15 72 54 45 3 82 24 44 7 95 64 72 25 48 42 92 29 91 31 78 51 49 63 84 23 18 39 8 18 90 81 50 75 43 49 16 47 65 79 74
45 54 99 63 74 28 7 75 9 98 16 92 3 93 22 90 73 5 94 61 5 55 24 92 40 38 87 1 13 40 46 92 59 39 21 15 82 34 0 68 84 39 89 45 81 7 79 18 9 66
47 4 24 3 58 29 75 83 37 40 37 47 6 2 72 29 97 35 58 68 63 32 98 32 79 95 84 74 75 21 63 69 2 87 15 62 14 84 91 94 41 44 20 51 79 92 23 31 79 89
18 81 78 42 42 13 76 9 69 98 20 2 42 47 13 89 44 2 12 58 24 24 60 15 95 97 33 99 45 56 95 88 86 66 10 41 95 25 76 11 39 87 40 16 77 60 66 20 5 73
97 38 82 37 71 80 19 92 44 80 26 94 12 77 1 17 40 4 89 59 43 29 42 18 82 28 31 40 2 38 48 84 68 45 84 34 51 41 56 80 91 89 9 50 33 3 96 50 12 93
74 76 55 90 52 85 79 59 86 55 84 58 24 67 13 5 40 46 74 48 24 92 3 8 62 48 36 44 1 47 51 86 43 46 9 53 59 24 13 70 29 0 53 97 84 80 30 59 53 17
93 80 72 70 84 3 0 34 12 97 2 16 2 93 24 20 15 52 58 77 94 34 78 24 16 10 66 18 64 51 34 70 48 82 52 37 18 81 95 91 79 70 87 20 84 18 14 34 85 54
35 56 51 62 39 28 20 95 98 24 47 76 57 43 68 1 52 84 62 97 38 34 26 35 15 82 2 52 4 93 38 77 93 67 41 22 76 33 47 52 91 1 23 59 82 33 78 79 57 3
54 34 40 92 38 3 22 60 58 97 44 5 87 32 62 16 79 96 26 13 14 19 68 85 86 77 73 95 79 22 50 23 19 13 5 94 59 38 85 81 79 78 15 76 93 32 62 67 79 98
72 25 51 70 42 32 94 74 76 19 44 9 67 2 38 94 75 76 84 10 17 72 36 66 63 60 72 55 48 14 13 50 91 22 70 45 52 1 71 12 91 94 39 29 69 51 74 72 79 28
61 92 42 97 18 64 78 81 98 10 23 50 56 97 33 55 4 10 68 62 0 88 49 80 36 21 59 8 71 95 61 79 73 26 29 90 27 74 88 76 3 74 17 25 49 99 51 23 78 82
68 17 39 55 56 53 92 35 10 83 38 55 19 6 2 73 90 24 69 9 66 31 37 67 14 38 15 90 44 54 44 34 69 98 94 27 93 91 66 98 2 14 1 25 44 18 74 18 53 3
8 83 84 78 82 78 9 86 11 89 40 42 96 95 46 78 61 82 36 55 64 7 10 23 43 26 81 41 21 4 59 62 52 65 53 36 2 33 75 48 63 34 85 78 36 63 29 63 28 52
33 20 91 96 77 3 17 84 56 62 10 4 36 51 85 86 44 86 18 48 18 73 70 80 38 98 1 30 41 93 25 0 37 55 70 91 25 92 88 12 55 69 54 76 57 18 88 72 28 91
81 71 22 42 61 24 27 48 66 90 79 95 56 77 80 26 60 72 46 40 69 4 96 47 16 87 74 17 7 25 5 8 95 41 77 51 25 46 44 65 53 3 31 86 61 98 92 56 29 59
57 25 11 48 10 82 19 56 26 8 41 34 37 26 66 6 54 87 10 11 65 51 48 57 18 59 24 74 56 42 35 92 80 81 58 56 40 76 71 97 80 46 31 4 4 55 14 73 85 22
90 83 88 17 93 54 7 10 35 54 17 82 27 74 52 39 57 54 3 61 51 80 94 56 29 18 58 59 35 37 81 80 47 5 48 92 77 17 22 9 63 87 28 12 12 80 73 64 70 50
