19 20
0 1 1 2 3 4 4 5 5 6 7 8 9 9 10 10 11 11 12 13 13 14 14 15 15 16 16 17 18 19 19 20 21 22 23 24 25 26 27 28 29 30 31 32 32 33 34 35 36 36
0 37 38 38 3 39 39 40 40 6 7 41 41 42 43 44 44 45 12 46 47 48 48 49 49 50 50 17 18 51 52 52 21 22 23 24 25 26 27 28 29 30 53 54 54 33 34 55 55 56
57 37 58 58 59 60 60 61 62 63 64 64 65 42 66 67 68 69 70 46 47 71 72 73 73 74 74 75 75 51 76 77 77 78 78 79 80 80 81 81 82 82 53 83 84 85 86 87 88 88
57 89 89 90 91 92 92 93 62 63 94 94 65 95 66 67 96 69 70 97 97 71 98 98 99 100 101 102 103 103 76 104 104 105 105 79 106 107 108 109 109 110 110 83 84 85 86 111 111 112
113 114 115 115 91 116 116 93 117 117 118 119 119 95 120 121 96 122 123 124 124 125 126 127 128 100 101 102 129 130 130 131 132 132 133 133 106 107 108 134 134 135 135 136 136 137 137 138 138 112
113 139 139 140 141 142 142 143 143 144 118 145 145 146 120 121 147 147 123 148 148 125 126 127 128 149 149 150 129 151 152 131 153 154 155 156 157 157 158 158 159 160 161 162 162 163 163 164 165 166
167 167 168 169 141 170 170 171 172 144 173 173 174 174 175 175 176 177 178 178 179 180 180 181 181 182 182 183 183 151 152 184 185 154 186 156 187 187 188 188 159 160 161 189 190 191 192 192 165 193
194 195 195 169 196 197 198 171 199 199 200 201 201 202 203 203 176 204 205 205 179 206 206 207 208 208 209 209 210 211 211 184 185 212 186 213 214 214 215 215 216 217 218 218 190 191 219 220 220 193
194 221 222 223 224 197 198 225 225 226 200 227 228 202 229 230 230 204 231 231 232 232 233 233 234 234 235 236 210 237 237 238 238 212 239 213 240 241 241 242 216 243 243 244 244 245 219 246 247 247
248 249 222 223 224 250 251 252 252 253 253 227 254 254 229 255 256 256 257 258 258 259 259 260 260 261 235 236 262 262 263 264 265 266 239 267 268 268 269 269 270 270 271 271 272 245 273 246 274 275
248 249 276 276 277 277 251 278 278 279 279 280 281 282 282 255 283 284 257 285 286 287 287 288 289 261 290 291 292 293 263 264 265 266 294 294 295 296 296 297 298 299 299 300 300 301 273 302 302 275
303 304 305 306 307 307 308 308 309 309 310 280 311 311 312 313 314 284 315 315 286 316 317 288 289 318 290 291 292 293 319 319 320 321 322 322 295 323 323 297 298 324 325 326 327 328 328 329 329 330
303 304 305 306 331 331 332 333 334 334 310 335 335 336 336 313 314 337 337 338 338 316 339 339 340 318 341 341 342 342 343 344 320 321 345 345 346 346 347 348 348 324 325 326 349 349 350 351 351 330
352 353 353 354 355 356 332 333 357 358 359 359 360 361 361 362 362 363 364 365 366 366 367 368 340 369 369 370 371 371 343 372 373 374 375 375 376 376 347 377 377 378 378 379 380 380 350 381 381 382
352 383 384 384 355 356 385 386 357 358 387 387 360 388 388 389 389 363 364 390 391 391 367 368 392 393 394 370 395 395 396 372 373 397 398 399 399 400 400 401 402 403 404 404 405 406 406 407 408 409
410 410 411 412 413 414 385 386 415 415 416 417 418 419 420 421 421 422 423 390 424 424 425 425 392 393 426 426 427 427 396 428 428 397 429 429 430 431 431 401 432 403 433 434 405 435 436 407 437 409
438 439 411 412 413 440 440 441 442 442 416 417 443 419 420 444 445 446 423 447 448 448 449 449 450 451 451 452 452 453 453 454 455 455 456 456 430 457 457 458 432 459 433 434 460 435 436 461 437 462
438 463 463 464 464 465 466 441 467 467 468 468 443 469 470 444 445 446 471 472 472 473 473 474 475 475 476 477 477 478 478 454 479 479 480 481 482 483 484 458 485 459 486 486 487 487 488 461 489 490
491 491 492 493 493 465 466 494 495 495 496 496 497 469 470 498 498 499 500 501 501 502 503 474 504 505 506 507 508 509 509 510 511 512 480 481 513 483 484 514 515 516 516 517 518 519 488 520 521 490
522 523 492 524 524 525 526 527 528 528 529 529 497 530 531 531 532 499 500 533 533 502 503 534 534 505 506 507 508 535 535 510 511 536 536 537 513 538 538 514 515 539 539 540 518 541 541 542 521 543
522 544 544 545 546 525 547 527 548 548 549 549 550 550 551 551 532 552 552 553 554 554 555 556 556 557 558 558 559 559 560 561 562 563 563 537 564 565 565 566 567 567 568 540 569 570 570 542 571 571
572 572 573 545 574 574 547 575 575 576 577 577 578 579 579 580 581 582 583 553 584 585 555 586 586 557 587 587 588 589 589 561 562 590 591 592 592 593 593 566 594 594 568 595 596 596 597 598 599 599
600 600 573 601 602 602 603 604 604 576 605 606 606 607 607 580 581 582 583 608 584 585 609 610 611 611 612 612 588 613 614 615 615 590 616 616 617 617 618 618 619 619 620 621 622 622 597 598 623 623
624 624 625 625 626 626 627 628 629 629 630 630 631 632 632 633 634 635 635 608 636 637 609 610 638 639 639 640 640 613 641 641 642 642 643 644 645 646 647 647 648 648 620 621 649 649 650 651 651 652
653 654 655 655 656 656 627 628 657 658 658 659 631 660 661 661 634 662 663 664 636 665 665 666 667 668 669 669 670 671 672 672 673 674 643 675 645 676 676 677 678 679 679 680 681 682 682 683 683 652
684 654 685 686 686 687 688 688 657 689 689 659 690 690 691 692 692 693 663 664 694 695 696 666 667 668 697 698 698 671 699 699 700 674 701 675 702 703 703 677 678 704 704 680 681 705 706 707 708 709
684 710 685 711 711 687 712 712 713 713 714 715 716 716 691 717 718 693 719 720 721 695 696 722 723 724 725 725 726 727 727 728 700 729 701 730 730 731 731 732 733 734 734 735 735 705 706 707 708 709
736 710 737 738 739 740 741 741 742 742 714 743 743 744 744 717 745 746 746 720 721 747 748 722 723 724 749 750 750 751 752 728 753 729 754 755 755 756 756 732 757 757 758 759 760 760 761 761 762 762
763 764 737 738 739 740 765 766 767 767 768 768 769 770 771 772 745 773 774 774 775 747 776 776 777 778 778 779 779 780 752 781 753 782 782 783 784 784 785 785 786 787 758 759 788 789 789 790 790 791
763 792 792 793 793 794 794 766 795 796 797 798 769 770 771 799 800 800 801 801 802 803 804 804 805 806 807 807 808 780 809 810 811 812 813 783 814 814 815 815 786 787 816 816 817 818 818 819 820 791
821 821 822 823 823 824 825 826 795 796 797 798 827 827 828 799 829 830 831 831 802 803 832 832 805 806 833 834 808 835 836 810 811 812 813 837 838 839 839 840 841 841 842 842 817 843 844 819 820 845
846 847 822 848 848 849 825 826 850 850 851 851 852 852 828 853 829 830 854 855 856 856 857 858 859 860 833 861 861 862 836 863 864 865 866 837 838 867 867 840 868 869 869 870 871 843 872 872 873 874
846 847 875 876 876 849 877 878 878 879 880 880 881 882 882 853 883 884 854 855 885 886 886 858 859 887 887 888 888 862 889 863 864 865 866 890 891 891 892 892 893 893 894 894 871 895 896 896 873 874
897 897 875 898 898 899 899 900 901 879 902 902 881 903 904 904 883 884 905 905 885 906 906 907 907 908 908 909 909 910 910 911 912 913 914 890 915 916 916 917 918 918 919 920 920 895 921 921 922 923
924 925 926 927 928 929 929 900 930 931 932 933 934 934 935 935 936 936 937 938 938 939 940 941 941 942 943 943 944 944 945 911 912 913 946 947 915 948 949 917 950 950 919 951 951 952 953 954 922 923
924 925 926 927 928 955 956 956 930 931 932 957 958 959 960 960 961 962 962 963 963 939 940 964 965 942 966 967 968 969 969 970 970 971 946 972 973 948 949 974 974 975 976 977 978 952 979 954 980 980
981 981 982 983 984 984 985 986 986 987 988 957 958 959 989 990 961 991 992 992 993 993 994 994 965 995 996 967 997 997 998 999 1000 1001 1001 972 973 1002 1003 1003 1004 975 976 977 1005 1005 979 1006 1006 1007
1008 1009 982 983 1010 1011 1012 1013 1013 987 988 1014 1014 1015 989 1016 1017 1017 1018 1018 1019 1019 1020 1021 1022 995 996 1023 1023 1024 998 999 1025 1026 1027 1027 1028 1029 1029 1030 1030 1031 1032 1032 1033 1034 1035 1036 1036 1037
1008 1009 1038 1039 1039 1011 1012 1040 1040 1041 1041 1042 1042 1043 1043 1016 1044 1045 1045 1046 1047 1047 1020 1021 1048 1048 1049 1049 1050 1024 1051 1051 1025 1026 1052 1053 1053 1054 1055 1056 1056 1031 1057 1057 1033 1034 1058 1059 1060 1037
1061 1062 1038 1063 1063 1064 1065 1065 1066 1066 1067 1068 1068 1069 1070 1070 1044 1071 1071 1072 1073 1073 1074 1075 1075 1076 1077 1077 1050 1078 1078 1079 1079 1080 1080 1081 1081 1054 1055 1082 1082 1083 1083 1084 1084 1085 1058 1059 1086 1087
1088 1062 1089 1090 1090 1091 1092 1093 1094 1094 1095 1095 1096 1069 1097 1097 1098 1098 1099 1072 1100 1101 1074 1102 1103 1076 1104 1105 1106 1107 1108 1109 1109 1110 1110 1111 1112 1112 1113 1113 1114 1115 1116 1116 1117 1117 1118 1118 1086 1087
1088 1119 1089 1120 1121 1091 1092 1122 1122 1123 1123 1124 1096 1125 1126 1127 1128 1128 1129 1129 1100 1130 1130 1102 1103 1131 1104 1105 1106 1107 1108 1132 1133 1134 1134 1111 1135 1136 1136 1137 1137 1115 1138 1139 1140 1140 1141 1141 1142 1143
1144 1145 1145 1120 1121 1146 1147 1148 1149 1149 1150 1124 1151 1125 1126 1152 1152 1153 1154 1155 1156 1156 1157 1157 1158 1159 1159 1160 1161 1162 1163 1132 1164 1165 1166 1166 1167 1168 1169 1170 1170 1171 1138 1139 1172 1173 1174 1175 1175 1143
1144 1176 1177 1178 1179 1146 1147 1148 1180 1181 1181 1182 1151 1183 1183 1184 1185 1153 1154 1186 1187 1188 1189 1189 1158 1190 1190 1160 1191 1162 1192 1192 1164 1165 1193 1193 1167 1168 1169 1194 1195 1196 1196 1197 1197 1173 1174 1198 1199 1200
1201 1201 1177 1178 1202 1202 1203 1203 1204 1204 1205 1182 1206 1207 1207 1184 1185 1208 1209 1186 1187 1188 1210 1210 1211 1211 1212 1212 1191 1213 1214 1215 1216 1216 1217 1217 1218 1218 1219 1194 1195 1220 1220 1221 1222 1222 1223 1198 1199 1200
1224 1225 1225 1226 1227 1227 1228 1229 1230 1230 1205 1231 1232 1233 1233 1234 1235 1235 1209 1236 1236 1237 1238 1239 1240 1240 1241 1242 1242 1213 1214 1215 1243 1244 1244 1245 1246 1246 1219 1247 1248 1248 1249 1250 1251 1252 1252 1253 1254 1254
1224 1255 1256 1256 1257 1258 1228 1259 1259 1260 1260 1231 1232 1261 1262 1234 1263 1264 1265 1266 1267 1237 1268 1239 1269 1270 1270 1271 1271 1272 1272 1273 1243 1274 1274 1245 1275 1276 1276 1247 1277 1277 1278 1250 1251 1279 1279 1253 1280 1281
1282 1283 1283 1284 1257 1285 1285 1286 1287 1288 1288 1289 1290 1261 1262 1291 1263 1264 1265 1266 1292 1293 1268 1294 1295 1295 1296 1296 1297 1298 1298 1273 1299 1299 1300 1300 1275 1301 1301 1302 1303 1304 1278 1305 1306 1307 1307 1308 1280 1281
1282 1309 1309 1284 1310 1311 1312 1313 1287 1314 1314 1289 1290 1315 1315 1291 1316 1317 1318 1319 1292 1293 1320 1321 1321 1322 1322 1323 1297 1324 1325 1326 1327 1328 1329 1330 1330 1331 1332 1302 1303 1333 1333 1305 1306 1334 1335 1308 1336 1337
1338 1338 1339 1339 1310 1311 1312 1313 1340 1340 1341 1341 1342 1342 1343 1343 1316 1317 1318 1319 1344 1344 1345 1345 1346 1346 1347 1347 1348 1348 1325 1326 1327 1328 1329 1349 1349 1331 1350 1350 1351 1351 1352 1352 1353 1334 1335 1354 1354 1337
16 72 24 69 42 79 67 13 35 93 94 68 29 42 56 0 9 59 60 45 26 73 35 59 57 99 20 64 44 92 85 5 78 10 58 27 68 26 45 22 15 68 28 90 27 21 44 34 99 43
51 59 27 18 53 35 12 66 72 89 8 93 98 69 46 69 71 19 24 41 82 53 7 87 72 3 35 38 82 94 10 56 72 51 77 54 62 79 68 47 44 67 90 76 19 27 73 46 60 66
10 47 18 0 15 7 73 79 8 40 39 63 55 90 21 58 82 52 2 77 81 31 76 2 70 24 98 91 37 23 64 70 37 39 11 23 94 53 8 75 97 48 67 66 71 7 65 78 64 30
42 48 94 9 43 84 64 78 43 11 99 16 64 95 28 62 97 29 96 44 68 99 3 62 0 8 99 72 89 56 89 26 32 34 64 7 75 67 99 86 5 58 70 76 28 16 95 26 90 62
80 35 90 78 80 99 52 64 30 46 38 24 29 82 54 97 75 40 47 58 65 52 80 25 6 7 50 43 92 22 86 60 80 0 15 80 66 89 14 37 17 17 35 91 47 49 26 31 34 75
36 65 11 23 4 48 15 42 57 34 11 24 21 37 11 73 35 60 93 97 36 61 4 59 67 39 38 65 43 7 17 40 33 95 59 6 15 98 20 59 3 80 75 4 17 32 47 52 59 77
87 46 11 67 61 76 52 31 43 50 20 70 69 22 59 45 33 11 97 51 67 70 31 41 96 4 37 63 94 18 89 79 88 7 68 72 77 62 91 98 66 86 2 64 22 92 26 29 13 23
5 51 55 76 7 3 11 38 93 85 62 71 70 83 22 76 88 12 84 3 14 40 16 34 71 41 83 30 71 76 50 24 82 99 11 81 74 39 84 85 83 16 52 77 8 34 31 24 76 14
42 70 83 9 84 55 17 70 90 12 35 38 83 60 81 90 32 80 71 12 47 71 29 8 47 35 18 37 31 64 27 92 22 89 14 31 57 48 26 70 97 63 85 16 23 87 86 21 17 10
76 37 99 85 48 78 99 76 10 58 4 35 67 40 45 49 88 69 73 11 1 38 35 14 47 75 91 89 12 91 86 78 25 8 0 78 76 70 67 93 33 8 93 97 55 59 55 83 54 21
78 59 98 68 7 26 69 95 82 58 74 24 77 48 64 65 29 82 74 78 10 35 5 35 79 68 95 22 55 12 76 34 38 61 38 40 57 31 59 45 79 18 92 91 65 35 16 59 61 96
1 52 29 67 63 80 92 78 25 75 45 72 77 26 25 21 86 87 16 2 39 11 46 83 52 73 34 29 49 80 72 47 52 48 88 68 95 13 59 89 87 53 93 41 81 86 66 62 41 39
49 52 85 55 47 22 9 81 47 57 27 15 93 81 96 72 93 14 86 95 44 33 53 17 47 31 34 68 76 39 37 5 63 15 27 49 58 62 98 34 39 90 36 72 11 73 35 7 6 13
44 41 4 75 99 78 21 86 79 99 42 26 5 54 62 30 31 67 22 90 46 47 71 23 72 47 66 83 95 18 87 16 44 64 65 14 20 52 97 82 91 62 81 76 36 7 83 81 56 10
2 50 10 58 19 20 67 43 0 31 22 85 94 98 59 33 49 23 73 70 78 81 41 56 48 45 82 86 53 89 55 34 59 91 49 62 23 70 18 58 19 36 56 44 14 31 8 45 36 55
99 4 16 66 54 74 58 88 22 86 92 80 54 24 75 59 69 62 96 0 88 97 80 53 24 84 72 25 91 95 20 13 89 85 74 8 99 67 36 38 45 40 43 64 69 27 67 21 17 26
83 8 42 16 99 11 93 65 68 12 0 14 44 56 72 66 52 0 80 37 68 8 2 8 50 41 86 40 91 42 88 26 79 9 98 9 58 18 33 38 22 49 41 74 79 26 30 28 41 58
25 38 75 88 67 51 74 61 41 81 60 19 56 87 16 34 28 26 68 74 95 41 20 27 28 1 66 88 78 9 90 11 4 55 89 9 37 56 61 98 71 93 49 8 94 74 31 12 53 25
46 23 99 15 80 97 43 23 38 77 56 3 13 18 28 25 73 63 22 35 47 12 77 38 37 67 66 23 35 92 87 28 30 11 13 73 73 78 9 19 88 90 28 18 19 59 81 83 36 53
11 14 81 87 91 41 56 73 80 72 42 22 92 4 98 94 80 51 57 84 24 79 7 49 41 52 90 66 78 83 64 73 48 2 23 32 41 86 7 8 73 30 66 61 50 11 44 63 72 11
48 41 92 24 35 66 24 72 74 2 50 12 59 15 25 57 98 58 89 13 54 12 26 2 37 63 98 55 15 13 31 89 28 48 36 15 52 76 35 89 5 58 73 65 20 13 74 4 50 6
6 75 82 52 5 94 68 45 5 59 93 45 43 50 53 89 93 72 31 34 99 10 10 83 16 74 44 7 92 56 13 63 7 46 78 3 56 48 48 43 69 31 30 70 1 90 65 87 11 66
29 85 92 49 45 16 22 0 96 61 64 70 96 41 97 85 85 3 3 47 23 33 58 10 22 51 62 1 98 60 54 44 68 53 32 25 4 11 88 87 14 8 74 4 63 30 99 74 95 25
67 60 23 86 39 69 91 7 67 68 90 15 79 52 11 99 83 83 36 63 1 19 94 21 81 9 79 63 17 85 56 1 58 63 90 17 35 22 30 57 66 12 54 12 3 24 41 67 32 84
20 79 94 87 73 87 58 23 21 29 97 13 4 11 73 84 87 8 88 22 24 79 44 85 5 22 32 78 92 3 11 99 30 21 24 1 66 38 44 41 27 85 82 45 54 51 4 22 33 37
5 7 73 45 64 48 3 28 93 71 54 33 67 12 79 5 99 95 71 7 60 18 78 4 21 29 26 49 35 76 83 16 30 72 22 59 89 70 92 90 2 90 23 44 99 81 69 9 83 10
34 51 21 63 72 57 7 34 60 58 18 89 80 91 90 93 39 41 43 46 81 28 99 99 18 92 25 76 63 96 51 50 40 52 71 59 71 80 5 90 63 79 95 97 85 42 0 24 85 62
56 62 3 27 37 39 70 39 10 48 89 79 17 47 93 2 16 81 48 56 56 57 63 62 94 64 30 1 17 4 73 71 97 81 51 48 5 20 91 63 2 36 72 13 43 91 65 75 98 8
40 14 52 20 12 96 70 67 27 82 92 9 84 59 23 66 74 80 5 6 29 1 40 91 8 56 81 86 26 15 29 98 7 76 74 85 16 29 44 27 21 8 85 47 48 0 24 45 94 70
7 67 30 54 48 94 40 22 12 49 95 5 14 19 5 63 22 42 1 89 47 59 90 12 55 74 51 27 54 45 7 61 77 21 55 20 95 74 34 76 71 34 5 89 59 18 5 14 79 0
61 8 42 5 56 67 44 85 28 33 25 9 33 24 80 39 70 11 19 77 73 61 33 42 11 75 35 53 22 59 53 43 70 90 34 12 9 26 85 58 47 40 35 17 2 69 95 81 69 67
14 97 63 60 3 35 32 94 73 34 12 42 71 34 9 1 77 43 27 36 60 85 89 88 92 35 20 71 22 39 29 97 42 71 51 75 42 5 57 81 12 82 68 1 20 55 60 0 54 98
25 51 28 60 10 33 96 51 47 37 20 15 49 63 76 12 18 92 9 48 69 0 19 78 82 40 56 8 47 10 87 7 13 6 23 54 18 42 67 18 49 88 0 20 1 11 24 0 62 73
82 37 14 52 43 15 63 13 5 38 74 38 19 14 36 18 26 69 9 87 63 14 85 7 35 78 74 13 46 17 75 60 38 89 91 94 19 14 64 34 88 73 7 47 96 6 0 32 49 37
4 13 63 11 12 52 37 40 4 86 96 68 8 25 16 90 90 57 41 96 83 88 48 24 35 22 72 91 63 92 15 24 23 65 20 19 93 95 12 80 70 70 81 98 95 9 17 63 34 96
21 40 60 41 36 97 48 19 36 84 22 90 42 13 42 87 49 50 12 79 24 21 13 52 56 42 1 76 26 36 80 6 21 91 55 0 8 9 27 80 7 56 80 56 99 90 82 18 70 44
1 6 23 5 74 71 49 18 33 8 18 70 24 73 92 63 77 82 94 88 72 11 15 71 71 83 24 37 90 35 48 21 4 24 63 68 13 91 88 87 11 37 18 98 61 87 46 25 7 24
30 27 80 19 3 4 57 85 84 74 34 75 12 62 14 6 8 14 75 87 82 61 93 99 16 41 85 82 82 25 47 29 13 76 56 40 83 17 55 58 89 48 60 47 67 76 66 55 64 60
64 27 67 14 2 32 16 91 37 15 92 82 60 59 96 30 29 21 82 10 96 14 10 27 58 42 83 54 40 97 36 81 74 1 74 55 45 82 83 56 95 13 37 69 84 74 11 17 0 15
75 5 28 32 63 67 55 34 39 84 59 78 60 58 62 66 94 88 77 89 34 78 97 29 29 33 88 86 37 35 79 93 99 94 16 97 59 81 1 46 44 31 61 44 17 75 8 45 16 9
64 69 55 92 18 6 28 23 25 94 75 9 91 67 22 27 55 1 70 65 32 20 33 27 54 69 41 62 55 28 38 21 41 43 64 96 68 45 52 47 29 84 46 79 56 47 86 94 51 6
55 68 42 58 16 36 7 37 37 32 88 88 31 26 29 56 69 16 38 21 56 16 44 80 57 74 59 84 97 34 72 80 88 66 0 78 85 68 40 93 12 95 33 73 72 31 99 64 64 40
16 57 86 8 34 38 29 52 51 99 68 64 90 52 82 43 40 41 99 14 22 86 81 88 54 61 37 59 90 62 51 11 84 28 99 78 21 3 18 97 16 72 66 54 18 17 27 37 24 11
87 72 72 5 14 8 22 13 66 20 13 83 50 15 96 7 71 5 92 43 25 60 86 31 83 23 57 37 38 95 63 81 75 97 3 78 3 5 98 51 15 22 72 10 41 71 71 25 36 48
18 20 69 1 18 32 4 8 11 52 63 88 48 19 40 99 75 33 20 19 10 91 32 9 77 82 4 82 72 85 3 6 88 71 62 91 96 32 27 77 20 91 49 60 44 71 47 25 17 65
9 59 74 24 70 23 6 80 42 28 98 49 29 80 23 82 69 58 31 53 86 81 34 69 88 56 61 45 18 72 58 79 20 0 9 98 39 20 88 97 41 84 59 50 70 10 79 41 66 62
26 49 4 76 37 35 77 80 53 8 46 47 42 77 26 33 73 59 30 81 93 87 95 81 15 69 60 48 73 32 59 92 89 2 7 99 52 23 33 44 90 25 61 91 53 70 6 26 67 81
45 61 71 79 80 63 53 27 51 82 47 3 12 8 77 27 83 98 59 87 12 89 92 77 95 82 35 67 18 87 39 28 3 10 54 32 92 20 51 89 18 14 80 73 29 68 83 78 56 96
45 38 85 5 92 37 19 16 63 82 77 48 97 67 26 47 85 92 42 74 6 98 56 70 1 20 16 22 53 22 41 65 64 33 92 71 13 61 16 78 90 48 36 12 14 76 60 58 85 98
84 64 41 49 78 8 1 35 10 85 36 99 36 82 12 52 11 29 87 10 12 9 95 36 33 81 22 20 23 37 18 69 68 32 55 11 73 88 42 79 97 8 65 59 28 0 61 15 95 70
