25 16
0 0 1 2 3 3 4 5 6 7 8 9 10 10 11 12 12 13 14 15 15 16 17 17 18 19 20 20 21 21 22 22 23 23 24 24 25 25 26 26 27 27 28 28 29 29 30 31 32 33
34 34 1 2 35 36 4 5 6 7 8 9 37 38 11 39 40 13 41 41 42 16 43 44 18 19 45 46 46 47 48 49 49 50 51 52 53 53 54 55 56 57 58 59 59 60 30 61 32 33
62 62 63 63 35 64 65 65 66 66 67 68 37 38 69 70 40 71 72 73 42 74 74 44 75 75 76 77 77 47 48 78 78 50 51 79 79 80 54 55 81 57 58 82 82 83 83 61 84 85
86 86 87 88 89 64 90 90 91 92 67 93 93 94 94 70 95 71 72 73 96 97 97 98 99 99 76 100 100 101 101 102 102 103 104 105 105 80 106 106 81 107 108 108 109 110 111 112 84 85
113 114 114 88 89 115 116 117 91 92 118 119 119 120 121 121 122 123 124 124 96 125 125 98 126 126 127 128 128 129 129 130 130 103 104 131 131 132 133 133 134 107 135 136 109 110 111 112 137 137
113 138 139 139 140 141 116 142 143 143 144 145 146 147 147 148 122 123 149 149 150 151 151 152 153 153 127 154 154 155 155 156 156 157 158 159 160 161 162 163 134 164 135 136 165 166 166 167 167 168
169 169 170 171 140 141 172 142 173 174 144 145 146 175 176 177 177 178 179 180 150 181 182 152 183 184 185 185 186 186 187 188 189 157 158 159 160 161 162 163 190 164 191 191 165 192 192 193 194 168
195 196 170 197 197 198 199 200 173 174 201 201 202 202 176 203 203 178 179 180 204 204 182 205 205 184 206 207 208 209 187 188 189 210 211 211 212 212 213 214 215 215 216 217 218 218 219 193 194 220
221 196 222 223 223 198 199 200 224 224 225 226 227 227 228 228 229 229 230 231 231 232 232 233 234 234 206 207 208 209 235 235 236 236 237 237 238 239 213 214 240 241 216 242 242 243 219 244 244 220
221 245 245 246 246 247 248 248 249 250 225 251 252 253 254 254 255 255 230 256 256 257 258 258 259 259 260 260 261 261 262 262 263 264 265 266 238 239 267 267 240 241 268 268 269 269 270 271 272 272
273 274 275 276 277 278 279 280 249 250 281 251 252 253 282 283 283 284 284 285 285 257 286 286 287 287 288 288 289 289 290 291 263 264 265 292 292 293 293 294 295 296 296 297 298 298 299 271 300 301
273 274 275 276 277 278 279 280 302 302 281 303 303 304 305 305 306 307 308 308 309 310 310 311 312 312 313 314 315 315 290 316 316 317 318 318 319 320 321 322 295 323 323 324 325 326 299 327 300 301
328 328 329 329 330 331 331 332 332 333 333 334 334 304 335 335 306 336 336 337 309 338 338 339 340 341 313 342 342 343 343 344 344 345 346 347 319 320 321 322 348 348 349 324 325 350 350 351 351 352
353 354 354 355 330 356 357 357 358 359 359 360 361 361 362 362 363 363 364 365 365 366 366 339 340 341 367 368 369 369 370 371 372 345 346 347 373 374 375 376 376 377 349 378 379 379 380 381 382 382
353 383 383 384 385 356 386 386 358 387 387 360 388 389 390 390 391 391 364 392 393 393 394 394 395 395 367 368 396 396 370 371 372 397 398 399 373 374 400 400 401 377 402 378 403 403 380 381 404 405
406 407 408 384 385 409 410 411 412 413 413 414 388 415 416 416 417 418 418 392 419 420 420 421 421 422 423 424 425 426 427 428 428 397 398 399 429 429 430 431 431 432 402 433 433 434 435 435 404 405
406 407 408 436 437 437 410 411 412 438 438 439 439 415 440 441 417 442 443 443 419 444 445 446 446 422 423 424 425 426 427 447 447 448 448 449 449 450 450 451 452 452 453 454 455 456 456 457 457 458
459 460 460 436 461 462 463 464 464 465 465 466 467 467 440 441 468 442 469 469 470 444 445 471 472 473 473 474 475 476 476 477 477 478 479 480 480 481 482 451 483 483 453 454 455 484 485 486 487 487
488 489 490 491 461 462 463 492 493 494 494 466 495 496 496 497 498 499 500 501 502 503 504 471 472 505 506 474 475 507 507 508 508 478 479 509 510 481 482 511 511 512 513 514 515 516 485 486 517 518
488 489 490 519 519 520 520 521 493 522 523 524 495 525 526 497 498 499 527 501 502 503 504 528 528 505 506 529 530 530 531 531 532 532 533 509 510 534 535 535 536 512 513 537 515 516 538 538 517 539
540 540 541 541 542 543 543 521 544 522 523 524 545 525 546 547 548 549 527 550 550 551 551 552 553 554 554 555 556 556 557 557 558 558 533 559 560 534 561 562 563 563 564 537 565 566 566 567 567 539
568 569 570 571 572 572 573 574 544 575 576 576 545 577 546 547 548 549 578 579 579 580 580 552 553 581 581 555 582 583 583 584 584 585 585 559 560 586 561 562 587 588 564 589 590 590 591 591 592 593
568 569 570 571 594 594 573 574 595 575 596 597 597 598 598 599 599 600 601 601 602 602 603 603 604 605 606 607 608 609 609 610 610 611 611 612 612 586 613 613 587 588 614 615 615 616 616 617 592 593
618 619 620 620 621 621 622 622 595 623 623 624 624 625 626 627 628 629 629 630 630 631 632 633 604 605 634 607 608 635 635 636 636 637 638 639 639 640 640 641 642 642 643 643 644 644 645 645 646 646
618 619 647 647 648 648 649 649 650 651 652 653 654 654 626 627 655 656 657 657 658 658 632 659 660 660 634 661 661 662 663 663 664 664 638 665 665 666 666 641 667 667 668 669 670 670 671 672 672 673
674 675 676 676 677 678 678 679 680 651 652 681 682 682 683 683 655 656 684 684 685 686 687 659 688 689 689 690 690 662 691 692 692 693 693 694 695 695 696 697 698 698 668 669 699 699 671 700 701 673
674 675 702 703 677 704 704 679 680 705 705 681 706 707 707 708 708 709 709 710 710 686 687 711 712 712 713 713 714 714 691 715 716 717 717 694 718 718 696 719 720 721 722 723 723 724 725 700 701 726
727 727 702 703 728 728 729 730 731 731 732 732 706 733 733 734 735 736 737 737 738 739 739 711 740 740 741 742 743 744 745 745 716 746 746 747 748 749 749 719 720 721 750 750 751 752 725 753 753 726
754 755 755 756 756 757 757 730 758 758 759 760 761 761 762 762 735 763 763 764 738 765 766 767 767 768 741 742 743 769 769 770 771 771 772 773 748 774 774 775 776 776 777 778 751 752 779 780 780 781
754 782 783 783 784 785 786 787 788 788 759 760 789 790 791 792 792 793 794 764 795 795 766 796 797 768 798 799 800 800 801 802 802 803 772 773 804 804 805 775 806 807 777 778 808 808 779 809 810 781
811 782 812 813 784 785 786 787 814 815 815 816 816 790 817 817 818 818 794 819 820 820 821 822 797 823 824 799 825 825 801 826 826 803 827 828 828 829 805 830 806 831 831 832 833 833 834 809 810 835
811 836 812 813 837 837 838 838 839 839 840 840 841 842 843 843 844 844 845 846 847 848 821 822 849 849 824 850 850 851 852 853 853 854 855 855 856 829 857 830 858 859 860 861 861 862 834 863 863 835
864 865 866 866 867 868 869 869 870 870 871 872 873 842 874 875 876 876 845 846 847 848 877 878 879 880 880 881 882 883 852 884 885 885 886 886 856 887 887 888 858 859 860 889 890 890 891 891 892 892
864 865 893 894 867 868 895 896 896 897 871 872 873 898 899 875 900 900 901 902 903 903 877 878 879 904 904 881 905 883 906 884 907 908 908 909 910 910 911 888 912 912 913 889 914 915 916 917 917 918
919 920 921 894 922 922 895 923 923 897 924 925 926 927 899 928 929 930 901 902 931 931 932 932 933 934 934 935 905 936 906 937 907 938 939 909 940 941 941 942 942 943 913 944 944 915 916 945 945 918
946 920 921 947 947 948 949 950 950 951 924 925 926 927 952 952 929 930 953 953 954 955 956 956 957 958 958 935 959 959 960 937 961 938 939 962 963 964 965 965 966 966 967 968 969 969 970 971 971 972
946 973 974 974 975 948 949 976 977 951 978 978 979 979 980 981 981 982 982 983 954 984 985 986 957 987 988 988 989 989 960 990 961 991 991 992 963 964 993 994 995 995 967 968 996 996 970 997 998 972
999 999 1000 1001 975 1002 1002 976 977 1003 1004 1004 1005 1005 980 1006 1007 1007 1008 983 1009 984 985 986 1010 1011 1012 1013 1014 1014 1015 1016 1017 1018 1018 992 1019 1020 1020 994 1021 1022 1022 1023 1023 1024 1024 997 998 1025
1026 1027 1028 1001 1029 1030 1030 1031 1032 1033 1033 1034 1035 1036 1037 1006 1038 1038 1008 1039 1009 1040 1041 1041 1042 1011 1043 1013 1044 1044 1015 1016 1017 1045 1045 1046 1019 1047 1047 1048 1021 1049 1049 1050 1051 1052 1053 1053 1054 1054
1026 1027 1028 1055 1029 1056 1057 1031 1032 1058 1059 1034 1035 1036 1037 1060 1060 1061 1061 1039 1062 1063 1063 1064 1042 1065 1043 1066 1067 1067 1068 1068 1069 1070 1071 1072 1072 1073 1073 1048 1074 1074 1075 1050 1051 1076 1077 1077 1078 1078
1079 1079 1080 1055 1081 1056 1057 1082 1082 1058 1059 1083 1084 1085 1086 1086 1087 1087 1088 1089 1090 1090 1091 1064 1092 1092 1093 1066 1094 1095 1095 1096 1097 1070 1098 1098 1099 1099 1100 1101 1101 1102 1075 1103 1103 1076 1104 1104 1105 1105
1106 1106 1080 1107 1107 1108 1108 1109 1109 1110 1111 1111 1084 1112 1112 1113 1114 1115 1088 1116 1116 1117 1091 1118 1119 1120 1093 1121 1094 1122 1123 1123 1097 1124 1125 1126 1127 1127 1100 1128 1129 1129 1130 1131 1132 1132 1133 1134 1134 1135
1136 1137 1138 1138 1139 1140 1140 1141 1141 1110 1142 1143 1143 1144 1145 1113 1114 1146 1146 1147 1147 1117 1148 1148 1119 1149 1150 1121 1151 1122 1152 1153 1153 1124 1125 1126 1154 1154 1155 1155 1156 1156 1130 1131 1157 1158 1133 1159 1159 1135
1160 1137 1161 1161 1162 1163 1163 1164 1164 1165 1142 1166 1167 1144 1145 1168 1168 1169 1170 1170 1171 1172 1172 1173 1173 1149 1150 1174 1151 1175 1152 1176 1177 1178 1178 1179 1179 1180 1181 1181 1182 1182 1183 1183 1157 1158 1184 1184 1185 1185
1160 1186 1187 1187 1162 1188 1189 1190 1190 1165 1191 1191 1167 1192 1192 1193 1194 1169 1195 1195 1171 1196 1197 1197 1198 1199 1199 1174 1200 1201 1202 1176 1177 1203 1203 1204 1205 1180 1206 1207 1207 1208 1208 1209 1209 1210 1210 1211 1211 1212
1213 1214 1214 1215 1216 1188 1217 1218 1219 1219 1220 1220 1221 1222 1223 1223 1194 1224 1224 1225 1225 1226 1227 1228 1198 1229 1229 1230 1231 1201 1202 1232 1232 1233 1234 1204 1235 1235 1206 1236 1237 1237 1238 1239 1240 1241 1242 1243 1244 1212
1213 1245 1246 1215 1216 1247 1217 1248 1248 1249 1250 1250 1221 1251 1251 1252 1252 1253 1253 1254 1255 1226 1227 1228 1256 1257 1257 1230 1231 1258 1258 1259 1260 1260 1234 1261 1262 1263 1264 1264 1265 1266 1238 1239 1240 1241 1242 1243 1244 1267
1268 1245 1246 1269 1270 1271 1272 1273 1273 1249 1274 1274 1275 1276 1276 1277 1278 1278 1279 1254 1280 1281 1282 1282 1283 1283 1284 1284 1285 1286 1286 1287 1287 1288 1288 1261 1262 1263 1289 1290 1265 1266 1291 1292 1292 1293 1293 1294 1295 1295
1268 1296 1297 1269 1270 1271 1298 1299 1300 1301 1301 1302 1303 1304 1305 1277 1306 1306 1307 1308 1280 1309 1309 1310 1310 1311 1311 1312 1312 1313 1314 1315 1316 1317 1317 1318 1319 1319 1289 1290 1320 1320 1291 1321 1321 1322 1323 1294 1324 1324
1325 1296 1297 1326 1326 1327 1298 1299 1328 1328 1329 1329 1303 1304 1330 1330 1331 1331 1307 1308 1332 1332 1333 1333 1334 1334 1335 1335 1336 1336 1314 1315 1316 1337 1337 1318 1338 1338 1339 1340 1340 1341 1341 1342 1342 1322 1343 1343 1344 1344
10 59 74 39 37 8 29 88 4 46 74 1 18 10 85 37 4 87 38 56 50 39 48 78 31 44 86 49 97 49 1 48 99 94 32 21 23 96 82 24 9 13 38 47 32 99 44 36 87 92
58 17 18 30 15 84 74 13 92 40 48 70 80 66 26 39 65 16 63 31 73 66 49 13 32 39 95 9 48 91 73 17 16 91 63 69 85 55 96 89 66 56 56 29 42 72 66 59 77 40
87 35 65 3 70 24 98 42 96 85 67 50 30 24 82 68 68 86 59 95 90 20 99 4 52 32 64 17 85 87 61 71 87 16 76 81 87 53 43 89 27 50 76 58 61 33 48 89 96 46
77 65 80 74 91 70 0 27 26 62 4 47 58 34 75 47 25 42 62 72 52 6 43 28 18 27 92 0 44 57 76 63 48 72 78 31 16 44 35 59 74 80 88 14 77 69 85 74 37 26
20 45 22 60 18 1 37 53 30 19 57 62 84 95 39 75 88 33 56 10 18 71 89 96 8 15 11 16 50 80 3 95 96 83 35 9 41 71 97 10 75 57 67 86 88 75 60 5 84 8
71 52 71 97 90 93 61 58 63 91 74 54 77 79 70 57 61 23 39 4 45 30 63 85 2 35 86 0 85 74 2 15 48 87 16 2 78 24 99 76 82 20 83 57 68 24 19 20 52 33
8 32 97 47 6 80 12 11 38 51 30 34 72 68 49 95 74 57 64 45 42 98 35 51 88 15 62 92 81 5 89 80 8 38 89 34 91 46 10 83 48 28 21 22 25 35 95 74 47 75
8 4 20 75 62 89 24 73 75 25 40 98 28 69 6 16 73 16 31 82 55 49 84 19 9 61 11 32 53 31 48 26 91 76 57 18 8 19 97 1 77 99 74 49 63 75 24 14 12 30
75 38 73 8 84 62 43 68 42 84 39 62 11 31 94 86 5 98 91 72 99 45 88 2 52 8 27 41 30 14 25 55 98 60 58 28 86 10 99 38 28 24 44 51 89 73 39 32 75 11
87 42 42 36 53 26 11 52 94 12 29 28 19 44 48 39 81 75 89 48 19 41 24 14 62 10 32 34 16 73 76 7 72 5 28 25 43 97 33 55 86 42 64 60 39 13 47 10 84 57
93 86 87 90 15 43 61 8 35 19 56 24 8 82 67 79 56 66 9 5 89 83 54 27 35 41 72 38 29 9 39 41 54 57 36 92 7 63 6 61 34 14 93 65 13 44 58 62 87 79
52 62 67 5 23 74 79 77 2 24 0 24 32 73 51 43 24 32 28 2 17 33 80 64 81 19 49 97 35 96 84 89 59 18 8 72 46 22 34 44 2 36 56 11 32 42 7 62 84 12
34 44 56 95 20 65 69 21 90 91 10 68 34 14 20 57 77 52 36 92 86 52 71 93 90 46 74 19 93 84 26 17 89 23 94 95 92 89 82 53 83 90 53 81 78 41 49 7 63 94
53 91 86 61 59 18 30 99 32 38 96 56 58 81 6 39 91 7 50 87 87 3 65 1 11 76 93 80 76 47 41 15 83 82 15 64 82 34 31 53 6 50 93 33 82 12 13 87 35 25
12 78 58 1 68 91 19 53 19 7 83 6 21 40 72 88 14 32 64 20 3 47 55 18 74 81 71 92 88 99 82 20 36 78 77 96 80 45 13 80 39 43 84 27 72 69 87 33 50 76
50 14 85 35 97 26 76 44 71 67 47 40 41 56 95 55 10 44 20 55 63 45 79 68 22 65 23 16 76 2 63 29 80 5 85 61 78 5 63 88 84 3 5 87 17 2 17 94 90 7
0 96 29 25 15 15 6 0 45 74 43 79 67 92 45 36 22 29 61 70 64 97 6 7 17 92 5 13 74 74 11 9 66 25 1 61 13 85 10 69 51 63 65 58 95 61 49 38 54 45
60 38 40 52 94 61 57 64 67 46 15 24 58 62 23 60 24 6 55 67 33 7 18 4 40 17 55 46 54 92 56 78 74 56 5 51 97 6 94 35 59 24 18 57 56 12 5 44 3 41
72 70 25 34 73 0 5 26 58 94 90 80 89 75 80 84 8 87 0 38 6 30 40 70 60 81 69 38 51 61 60 63 4 59 86 63 57 20 53 94 93 83 56 64 19 32 82 38 22 54
4 48 10 3 76 37 30 66 59 85 30 29 3 45 24 82 45 7 80 85 75 8 42 34 26 92 49 3 22 22 40 14 35 21 48 30 91 18 81 46 99 50 98 51 72 68 80 34 2 4
30 7 94 19 80 93 33 49 84 73 8 17 14 11 24 22 54 38 76 97 94 92 2 91 73 46 51 87 66 10 69 74 11 45 76 60 67 79 19 83 13 20 76 51 44 81 69 90 46 49
19 76 63 72 14 94 56 45 37 55 65 80 25 71 77 90 44 46 76 75 29 70 70 70 68 25 49 52 90 77 9 26 97 39 61 49 34 58 62 76 24 43 79 96 65 29 71 27 26 58
61 32 76 54 96 63 87 3 56 29 13 4 16 25 83 35 46 4 95 57 95 52 94 36 20 72 41 13 77 66 26 52 91 63 25 21 71 17 70 53 1 98 7 44 88 47 78 44 56 61
10 21 26 36 8 46 80 23 16 80 56 5 85 30 5 65 61 50 53 5 33 3 80 54 66 20 80 97 38 71 57 38 32 60 36 21 81 19 12 77 87 16 70 87 4 3 37 34 19 22
41 23 55 78 56 73 85 21 13 14 10 61 42 85 67 69 33 7 27 10 29 21 46 22 63 2 76 90 35 54 51 29 30 9 38 30 22 31 2 54 53 77 11 21 88 51 18 0 98 32
38 68 63 65 23 58 94 89 1 54 3 70 21 27 97 77 99 7 80 35 12 76 22 50 30 7 37 0 49 38 13 29 57 52 13 76 15 51 26 78 41 70 66 41 58 97 78 73 4 12
30 39 60 76 43 12 44 33 16 67 51 74 11 72 50 80 26 25 62 10 8 63 79 96 2 54 86 35 25 36 10 77 24 65 90 11 37 74 95 53 67 84 30 44 52 69 13 9 92 63
23 66 74 48 18 52 87 17 95 17 30 62 95 78 5 96 96 38 76 26 3 31 24 3 30 66 85 24 59 64 9 54 83 94 99 43 44 88 17 94 45 73 26 51 78 25 55 81 6 2
77 57 59 80 70 55 19 97 43 91 86 60 28 91 60 89 83 95 12 62 14 29 20 58 58 40 19 69 53 12 75 12 65 1 59 48 28 45 29 98 5 26 63 57 10 40 49 42 30 42
19 46 49 64 60 63 71 40 49 38 26 84 95 98 31 34 78 46 54 74 62 98 63 81 78 11 65 35 61 38 65 93 0 64 71 21 35 19 55 54 67 24 25 88 31 22 48 8 45 22
62 78 82 99 70 36 24 81 63 59 12 9 93 32 77 8 93 39 19 24 36 24 72 87 94 75 59 43 96 33 1 62 26 58 80 33 5 15 66 69 3 73 8 88 64 89 80 43 79 2
88 33 70 72 81 34 22 47 24 20 20 81 47 87 38 33 2 21 9 73 19 17 66 53 35 34 39 49 54 43 14 20 83 10 14 60 92 60 55 15 36 85 11 55 74 33 9 0 24 20
25 64 14 52 5 67 51 5 57 17 83 12 97 6 98 46 70 78 57 37 83 18 8 99 52 43 9 42 31 83 6 25 49 71 32 35 15 34 13 64 65 83 68 68 41 76 67 46 19 76
12 24 60 19 7 40 48 1 90 76 89 52 73 57 74 51 82 63 26 19 31 94 58 18 41 83 51 28 66 76 25 81 64 82 66 0 28 54 64 43 1 37 86 0 39 65 89 93 60 26
1 56 44 19 89 4 51 89 16 32 22 54 15 74 5 60 34 75 94 8 22 50 90 87 65 51 67 44 23 9 37 14 48 25 80 31 7 7 99 56 19 58 47 61 10 75 76 66 29 14
10 82 87 42 75 51 32 50 62 22 1 60 70 83 8 28 0 95 78 53 51 60 94 91 43 1 0 51 50 49 42 93 51 64 41 36 86 10 9 64 8 70 5 62 52 90 83 77 95 5
59 18 40 62 73 64 88 25 56 25 50 64 6 29 91 67 76 72 70 79 43 37 88 30 57 77 84 14 3 44 71 84 61 53 8 43 9 60 78 47 35 59 40 99 63 67 48 44 1 86
67 73 33 54 31 32 35 33 51 16 94 30 87 14 3 57 55 68 40 77 41 83 25 29 61 90 49 67 8 90 38 60 59 27 4 89 92 20 89 70 39 90 46 27 45 77 80 79 64 44
11 11 26 98 78 8 92 47 3 95 83 91 70 65 46 81 90 58 64 15 38 71 80 25 1 56 22 61 75 5 3 60 9 76 64 32 10 84 22 33 36 62 30 63 20 53 79 97 11 46
92 39 48 84 96 8 5 31 94 8 62 23 63 27 81 8 95 44 87 68 73 14 84 54 91 28 34 93 39 85 7 14 86 89 6 46 24 65 25 16 47 25 68 81 97 28 38 4 19 96
76 30 23 17 26 9 91 80 0 20 73 83 71 22 5 78 61 41 48 11 49 60 34 26 34 84 17 57 94 7 64 30 44 2 86 29 86 84 10 71 73 26 52 90 90 92 68 63 50 10
49 12 47 30 27 89 35 69 13 97 17 37 29 63 5 71 23 68 6 73 15 59 13 9 95 56 91 35 40 71 40 56 66 99 15 36 98 45 92 53 79 65 50 34 79 80 65 72 19 35
79 46 85 83 31 81 7 85 1 21 23 43 4 2 85 54 1 51 46 46 13 63 16 32 26 8 16 19 36 94 2 76 76 13 30 49 94 16 77 46 83 58 39 11 27 4 80 80 47 17
6 77 94 69 27 97 43 27 98 64 81 45 28 7 67 28 68 12 50 7 89 18 53 3 38 18 98 62 99 5 32 79 80 44 71 38 6 71 37 81 71 46 82 40 21 8 3 13 19 3
24 88 50 2 49 96 4 92 80 70 78 93 30 4 59 74 88 78 11 65 90 40 17 95 84 7 28 92 91 46 50 30 12 41 48 63 16 25 69 82 72 19 50 97 82 16 92 41 93 56
25 42 93 44 93 13 73 56 27 61 38 48 5 72 94 4 79 53 50 31 33 99 6 25 10 99 22 37 19 94 77 1 12 23 23 18 94 99 70 64 55 92 8 10 0 87 6 46 93 22
3 43 91 31 11 67 23 52 42 95 80 58 60 54 2 3 72 55 18 63 37 34 44 78 29 60 24 75 78 19 81 13 84 14 23 10 13 24 34 92 69 67 42 7 90 91 25 94 30 99
60 70 20 16 43 95 25 74 79 45 97 3 76 69 50 72 14 87 97 17 88 10 80 76 68 31 85 38 99 56 7 1 7 73 9 61 39 32 98 78 19 37 24 5 88 6 82 46 7 65
42 43 41 67 59 1 89 26 20 46 48 9 6 7 79 59 35 66 15 0 36 19 60 36 90 18 89 34 55 67 64 69 37 19 51 19 76 99 50 11 60 24 56 1 99 20 29 90 13 63
50 94 48 18 15 50 24 63 66 57 8 74 87 62 0 58 22 19 11 72 87 95 36 61 27 47 94 79 54 91 35 34 92 79 78 88 42 98 69 49 30 27 27 78 20 48 79 47 14 13
