4339 5263 5520 4976 3950 4280 5488 4671 4468 3954 5497 3810 5123 4282 4019 4068 4563 4864 4693 4565 4924 5533 5036 5251 3854 4712 4972 5117 4146
7639 6966 8523 7968 7450 8306 8260 7674 7876 7974 7019 6793 7711 7452 7868 7599 8752 6880 6934 7315 8448 8241 8732 7598 8178 8033 8031 7570 7463
7893 7742 7518 7123 7538 6917 6450 7573 7844 6878 6348 7099 7552 7104 7348 6228 7634 8014 7988 6703 6519 6776 6144 6840 6395 6941 8147 6618 6731
7052 6099 6805 7622 6558 7681 6739 6761 5910 6396 6873 7225 6931 6478 7117 6686 6363 6941 7456 6670 7093 6770 6896 6709 7250 6417 7119 7543 7288
3408 1790 2702 3211 2006 1758 3110 3533 2793 2278 3032 2698 1634 2591 2499 1864 3307 3187 2185 3211 2455 3054 1854 2876 3187 3250 3359 2609 3514
4844 5743 5796 5353 4480 4998 6088 5068 5884 5902 4307 4227 5632 5492 4746 5038 5015 4372 5699 4932 4470 4874 5964 4794 4849 5883 6033 6159 4985
3413 3299 3886 3719 3085 3159 3667 3025 3190 3173 2492 3180 3517 2886 2757 3391 3641 3866 2886 3340 2443 3040 2958 4211 2726 4022 2602 4169 4222
1862 1858 3219 2664 3311 1779 3660 2263 2984 1721 1810 3422 2251 3531 2424 2656 2284 3640 3220 2382 3062 3624 2661 2833 3040 3189 3703 3621 3753
5288 4805 6094 5929 4529 5022 5252 4388 4469 4760 4426 5581 5897 5104 5425 4120 4355 6115 5659 5345 4214 5134 4468 5285 4511 5079 5805 4339 4727
1715 2808 2623 2146 3236 3314 2049 2483 2011 2091 2877 1491 1872 2048 3129 3376 2828 1928 2866 3267 2602 3015 2016 2059 2246 1539 3276 1526 1481
6926 6705 7255 6055 5638 6822 6720 7018 6304 5651 5868 7427 6363 6039 5796 6692 6973 7006 7502 6865 6057 5616 6527 6654 6908 7031 6890 6050 7169
7012 6231 6032 4985 6263 5390 5704 4975 6015 6654 5441 6850 5024 6669 6083 6621 5313 6403 6701 6264 6417 6947 5158 5467 6812 6676 5869 5495 5348
4520 2998 3578 4635 4373 3396 2583 3377 4483 2733 4374 3634 4143 4619 3244 4087 3259 4330 3922 4391 3191 3139 4451 2940 2690 3720 3629 4476 3572
5216 4800 4827 5344 4997 5464 4240 5635 4672 4062 6004 5462 5856 5808 4208 5045 4395 6160 5312 5816 4936 4621 4749 4209 4338 5106 4349 5929 5081
3321 1945 3341 1726 1667 3548 2420 3566 1620 1784 1578 3274 2815 2360 1885 3296 3512 2719 3131 2440 2258 1523 2190 3059 3430 2800 1742 2913 2219
3758 4547 3576 3129 4473 4162 3008 2950 4668 3693 3256 3688 3909 3069 4365 2940 3548 4573 3108 4929 2958 4168 4322 3694 4322 3143 4147 4612 4646
3901 2803 2790 3292 3373 3344 3119 3309 2401 3303 3301 2427 3222 2283 1993 2362 2837 3426 1993 3162 2385 2244 1971 2357 3497 3097 2253 3132 3121
6438 5270 5676 5656 4572 6348 6138 6289 4770 4652 5325 5581 4447 4430 5463 5951 5458 4554 5157 5881 6139 6232 5674 4908 4513 4526 5424 4551 4431
6709 6035 6879 7131 6000 6656 5817 6651 7164 7231 5594 7455 5970 6170 7415 6591 6617 5375 6566 7204 7457 6725 5957 7449 6984 7301 7288 7139 5567
3842 2972 3193 4557 3964 4137 3834 4656 4488 4766 3904 2981 3197 2885 3912 3711 3766 3731 2972 3200 4476 3644 3089 2732 4802 3921 3188 3527 2763
5505 6422 5947 6257 6017 6080 5715 5988 6427 6862 5302 5557 5545 5567 6210 6731 6215 6556 6898 6679 6633 5726 5546 6747 5582 6644 5500 6758 6388
6275 6023 4939 5318 4988 6372 4869 4815 4753 6319 6372 6095 4417 5821 6153 6091 5208 4818 4531 5141 5476 4877 5406 5864 5186 4743 6050 5940 5275
2053 1941 1471 1644 2902 3000 1670 3015 2981 2362 2076 3114 1365 2048 2044 1478 3169 1805 1896 3128 2925 2982 2663 1741 2064 2799 2328 3214 2355
4819 3678 3955 4006 5048 4685 4054 4830 4725 3546 3746 3972 3479 5530 4285 3984 5449 5019 3923 4731 5029 4530 5451 5274 4228 5011 4524 4577 4077
3974 2977 3019 3906 4004 4854 4890 3091 2924 3095 3711 3941 3537 4954 4179 4805 4187 3521 4791 4833 4216 4183 4480 3105 3449 3875 4826 4065 3784
4404 2762 4309 2658 2948 3003 2391 3332 3610 3418 3540 3138 2733 4169 4457 4354 3002 3429 2732 4313 3620 2447 3814 3668 4046 4111 2465 3634 4315
2472 3279 2162 1888 2807 3046 1757 3693 3404 3680 2247 3273 1795 2205 3152 3454 2747 2994 3666 3490 2869 2501 3545 2065 3095 3407 3408 3536 3388
6479 8446 8082 6662 7313 8157 6816 7026 7679 8109 6651 8280 7233 6849 7033 6911 7509 8156 7787 7158 6865 7402 6824 7468 7237 7364 7158 6925 8565
7288 6103 6020 7319 6070 6120 6151 7531 6777 7355 6841 6974 7781 7574 7210 7375 7992 7145 7515 6202 6808 7474 6588 6032 7709 7304 7831 6395 7369
5796 5392 4983 4715 4850 5930 5256 4937 4776 4353 5545 4522 5487 5727 4800 5484 5863 5352 6055 5617 5494 5007 5932 5974 5051 5647 4165 4717 5968
6038 3509 8261 3577 4449 4104 3941 5850 6847 5291 7383 2938 4776 5960 3224 7111 2570 3200 3320 1716 5537 1531 5644 5109 4691 6350 3296 7225 7347 7501
6391 3945 8375 3756 6313 3845 4455 4685 5845 4627 5772 3491 4449 5440 3226 8296 2017 4225 2892 2463 4078 2618 5648 5229 4605 7317 4749 6685 6168 7575
7033 5156 8119 3644 4968 3279 4619 5241 6694 4727 7355 3280 5413 6996 4839 8793 3463 2664 3164 3342 4835 2595 6960 3495 5459 7617 2978 7731 6647 7092
5968 3514 6398 4639 5167 3468 5558 6097 5588 5620 6758 2939 5206 7182 4034 7761 3906 3813 3173 2204 5203 2189 5167 4186 4150 6673 3733 7536 5803 6156
7590 3748 7913 4003 5197 2585 5667 5385 6860 6011 7416 3726 5456 6962 4663 8720 3030 3661 2407 3463 5788 2691 6515 3308 5927 7066 3853 7582 5591 6609
5883 4277 7936 3503 5449 4523 3981 6493 5745 4984 6918 4653 5335 7159 4988 7387 3825 2856 2681 1494 4348 1647 5713 4994 4962 5820 3140 5982 5817 6855
5765 5091 6866 4221 5889 3227 4004 4898 4750 4844 7401 3942 5264 6258 3183 7157 2223 3737 2632 2419 4664 2447 5632 3362 5022 6466 3777 6965 6872 6612
7129 5224 8164 3643 4972 3946 4629 6446 6621 4087 6427 4667 5769 7149 5063 7941 3086 3520 3022 2936 4295 2884 7185 4227 4490 7845 4475 7724 7147 8074
6842 3530 7946 4175 4713 4049 5663 6457 4789 5618 6019 4618 4808 5639 4183 8997 2366 3803 2891 1593 6036 1364 6067 4147 5654 6495 3572 5981 6264 7689
7069 3678 7499 3155 4785 2931 5340 6560 5216 4940 5974 4333 4248 6636 4755 7968 3969 2928 2491 2196 4208 2800 5962 4439 4897 6475 4312 6574 5995 7351
6916 4440 7500 4361 5784 2687 4392 6234 5367 5045 5690 4697 4015 5669 5012 7071 3321 3966 2635 2535 5622 2949 6383 4235 4423 7303 4353 7626 6515 8165
6094 5240 8314 3816 5980 4256 5003 5348 5078 5869 5810 4581 5741 5333 4920 7388 2086 4072 1984 2586 6106 1284 5490 3908 6090 6291 3322 6010 5472 7745
5998 3867 8398 3948 5677 3902 5329 5323 4792 6037 6394 3822 3995 6848 4029 7432 1944 3118 3130 2453 5278 2985 6366 5128 4368 7403 3789 7182 6003 6185
7412 4299 7926 4250 4686 4077 4469 6131 4866 4218 6093 4064 4754 6967 4438 7895 3846 4407 1932 3477 4687 2839 5130 5030 5992 7232 3970 7863 5755 6658
6452 4681 6538 4466 5727 3826 4822 5291 4745 5080 5710 4167 5583 6343 4433 7949 3464 4490 3346 2212 5054 2489 6167 3692 4470 6156 3666 5966 6401 6912
5985 3825 7689 3839 6402 4050 3990 5355 6165 6053 7393 3476 4211 6451 4370 7079 2175 4303 3928 1582 4203 1252 5456 5084 4314 6080 4557 7955 7485 7082
5769 4848 6442 4558 5115 3929 5339 5363 6821 5310 7642 3724 5781 5942 3396 7019 3589 4050 2073 1463 5861 3082 7042 4424 5516 7704 3978 6488 5749 6509
6162 5074 6379 3321 5039 4014 4746 5579 5570 5008 7476 2610 4177 7098 4319 7931 2424 4367 3504 2780 5506 1233 5306 3332 4124 7285 3516 7806 6114 6739
7539 4222 6442 4381 5705 3338 5322 6489 5647 4409 6266 3933 5497 5823 4659 7836 1898 2964 3703 3465 4459 1335 6920 4072 5338 6381 4601 6953 5974 7913
5964 4127 7968 4075 5786 3301 4098 6041 6670 4984 5967 4150 5447 6266 5118 8068 2618 4125 3075 1733 4752 2830 6830 4112 6044 7762 3463 7129 5446 7769
7429 4594 6603 4981 5236 3021 5437 6696 4820 5266 6806 4138 5522 5950 3451 7904 3741 4506 2272 3204 4193 1844 5981 3457 5717 7571 4369 6857 6706 7223
7145 4545 6584 3297 5864 4361 4726 5470 5233 6013 6982 4553 4232 6545 3954 7773 3728 2548 3730 2860 4949 1364 7191 3308 4325 5883 3922 6909 6562 6989
7640 3338 7450 3514 6293 4036 4413 5133 6518 6132 7338 3195 5758 6935 3631 7033 2924 2653 3243 3105 5052 2662 6060 4284 4244 7474 3326 6553 5599 6352
6514 4578 8344 4653 5719 4598 4480 6233 4816 5452 7645 3390 5024 5765 3868 8992 2734 2945 3431 2130 4648 3171 6104 4536 5541 6222 2991 7816 5870 6264
7473 4202 7193 3047 4500 3069 5338 6578 5465 4975 6556 4081 4144 7211 4943 8738 2831 3702 2909 1997 4055 3048 5968 4352 5316 5745 4398 7648 6961 6927
6400 4643 6712 4687 4344 3304 5600 5535 5665 5816 7640 4567 4028 5824 4242 7086 2823 3058 3797 2722 4552 2697 5961 3934 4337 6990 4429 5997 6706 6306
7594 4230 6755 3503 6230 2894 5390 4666 5422 6032 5988 3241 4094 7114 3572 8652 2849 4216 2103 1520 5412 2649 6502 3603 4473 6618 3605 6672 7287 6623
6764 4725 7382 3687 5655 2909 4346 6603 6854 5384 7741 3979 4861 6012 4485 8218 2640 4506 2337 2665 4506 1222 6062 3918 5969 7831 3978 7236 7207 8098
7058 4874 7937 3752 5258 3962 5525 5343 6677 5517 6919 4190 4035 6514 3587 7099 3687 4194 3691 1742 5658 3137 6209 3659 4128 7640 3548 7751 7038 7570
7 28 29 8 118730 1.0532826039874887
12 23 24 27 52235 0.9225448586651148
24 24 16 15 45024 1.0507231161953945
24 3 11 17 74624 1.0029305560767399
15 5 8 18 53266 0.9820974086192906
7 0 28 1 93772 1.0047025543192245
25 2 17 13 64585 0.9331612719863245
5 16 16 17 35142 0.9383719439528067
25 1 10 15 86755 0.9209874775311896
9 25 8 13 37019 1.0424459813965081
1 13 22 14 80769 0.9840554753380233
5 22 10 12 41236 0.9660713431349539
3 10 26 8 108208 1.0561731395710994
16 11 5 11 47020 1.036722741839602
8 12 21 11 53994 0.9771584212131716
29 1 2 8 125254 1.0575582220333983
4 2 24 13 103109 0.9718795796994466
7 10 16 16 42351 1.099592265797758
1 29 22 1 129879 0.9399938720609656
8 12 12 23 43347 1.06250915065568
22 2 1 20 97815 1.0333441354351522
8 22 23 20 42475 0.9749753606101885
5 1 6 14 46535 0.9606858891393166
21 13 6 14 64444 1.0216917090119857
21 23 29 5 71801 0.9093627999139253
17 2 2 12 86633 1.0765430840276535
0 8 17 2 86248 0.9185631319117222
17 16 29 4 69184 0.9747191369717613
22 16 28 4 52033 1.0166275546800856
19 7 9 28 85650 0.9109673188153679
14 22 6 4 66545 0.9771795299648967
17 9 3 7 72507 0.9138698286204987
17 25 17 15 39785 1.03710348083415
22 0 9 14 77940 1.080765221135847
21 21 17 28 34624 0.9512398588442114
19 17 26 5 54013 1.0808141181996556
14 15 19 1 54973 1.0256489877825614
13 10 14 24 42133 0.9916786634855402
22 16 4 10 67651 0.9851913077934163
24 4 22 26 62963 0.9846521024355624
9 21 19 2 82214 0.9474540180237946
20 1 29 10 64389 0.9016436589651565
7 8 2 13 37346 1.0664678362605873
27 8 22 22 55849 1.0696122214090904
11 2 7 28 85408 1.0183647611804636
23 3 5 8 81945 1.0882972285677248
1 16 23 24 74680 1.0071127069932095
21 8 18 27 69768 0.9496377936074332
9 10 11 1 30879 0.9575076741959238
3 6 21 28 109607 0.9064735324958061
24 12 15 7 51303 0.90900657776245
2 15 16 14 53287 0.9083027365048882
19 2 20 13 49943 1.0789543862211783
10 6 4 25 64118 1.030133134997209
13 26 25 22 43729 0.941840319048082
7 18 13 28 49106 1.095177905404253
12 22 6 10 49346 0.9457427661440683
0 0 23 10 116539 0.9650673304627075
10 21 0 1 81801 1.0249538400881484
17 0 10 14 68219 0.988957992503471
19 22 27 14 44095 0.9854267079720747
24 0 28 15 62294 0.920540196434665
15 1 9 13 49401 1.0873453581524308
23 28 1 10 105069 1.0490620619892075
19 18 8 10 54294 0.9990880730898577
29 23 21 1 78065 0.9260435306839581
6 27 27 25 82989 1.0221432460390945
23 20 18 25 34377 0.9596900294538585
8 7 24 19 72428 0.9350358635790408
21 4 17 16 48328 1.0571332676963072
12 26 20 2 93037 1.009843898392178
5 10 3 23 42758 1.0400674594897725
1 8 10 21 65694 0.9693934906225214
22 14 13 19 33168 0.9426820191496342
12 10 18 18 43369 0.9300867593758304
7 1 4 17 51934 1.0465880168324169
15 18 24 27 45317 1.020664793891811
12 23 12 4 67650 0.9250026199357105
15 4 11 11 34377 0.9760005903300137
1 2 2 16 60938 1.089928159832053
7 2 16 24 78217 1.0683655322325705
28 7 24 19 52135 1.0301281865488527
7 22 18 2 89391 0.9366909797249259
19 24 2 1 103260 0.9409821505964839
22 29 13 27 48288 0.9341389239655578
24 10 27 22 50333 1.0702522467321156
6 4 29 24 114710 1.005444623147063
21 28 23 14 44429 0.9207474178698857
6 6 29 19 91417 0.9748160790533041
7 13 18 12 54686 1.081616448479834
1 18 24 16 68393 0.9984673833331457
13 7 28 23 82943 0.9938666939359435
0 3 8 17 63505 0.9220872364732542
7 0 21 0 69786 0.9095374034333185
15 27 24 17 48910 0.9747887139148574
25 18 7 19 47039 1.0428508771337965
28 4 7 9 93254 1.0465285373655544
21 16 17 23 36712 1.0938799394077454
1 5 6 17 48206 1.059258003136752
9 1 4 24 69718 1.0195492273783386
16 0 4 6 59027 1.0181384816126378
8 16 17 24 42952 0.9857804490518794
5 22 16 24 36386 0.9010931632862015
21 18 18 10 39057 1.079082559543949
23 11 29 26 62171 0.9985508385822255
18 23 28 17 47677 0.9884034248488621
5 1 3 24 67526 1.065493443898752
5 7 4 23 47560 1.0854722382935338
17 25 0 23 63734 0.9410463722604917
25 24 27 10 50328 1.0376667045069687
26 5 28 22 58817 1.0267792685698005
17 26 20 8 69276 1.0547375423259808
0 1 12 19 81524 1.0348943129768842
1 3 21 9 98465 1.0159291513098634
17 0 13 26 86033 1.000878953286067
13 11 20 28 71494 0.9986425474812402
9 6 28 10 93053 1.049951939821272
14 6 9 12 33956 1.0446350839103236
9 11 6 18 25217 1.062825752612448
22 16 16 12 27858 1.0576421096766322
7 16 28 28 93267 0.9344943925540383
1 1 17 11 84390 1.0148053650932687
12 5 20 19 58722 0.9199835496042466
29 21 29 5 64245 0.9372433649082043
28 19 24 8 45175 0.9520594372762905
5 29 23 2 118649 0.9014239448283274
0 4 25 13 116310 1.0513046671070159
14 7 20 24 61138 0.9544931364761158
2 1 4 17 49476 0.9914999949979095
20 24 27 20 37287 1.058036754031398
24 2 20 17 51108 1.0343253413471807
1 15 7 19 33040 1.0955345206701839
28 20 3 9 95687 0.9417747999795486
5 4 14 25 80673 0.9902771399800451
24 11 27 21 40268 0.9342664991129096
19 13 0 22 73523 1.0287402373229402
15 27 4 29 55753 1.0753896428583563
4 21 28 2 110307 0.9301279488645369
22 18 28 26 40405 0.9655216133847107
1 18 19 10 73362 0.9464153528513508
28 15 3 9 99725 0.933547663338121
18 13 2 5 83444 0.9298308888173038
2 24 12 14 58480 0.9576669792298953
19 9 26 27 71954 1.0753304153512124
21 0 9 28 99195 1.0569408106552234
18 8 22 23 58406 0.932570313462047
12 25 26 24 54162 1.0520857043913143
22 20 7 7 71000 1.0084845711704202
7 22 17 3 79191 0.9116457537974921
12 18 22 20 30620 0.979009325056453
28 6 24 13 39499 0.9284374782306115
8 28 25 20 62728 1.009637334620748
3 23 0 13 47407 0.9234559157857603
11 20 1 7 70524 0.9300171940046893
1 6 29 20 115292 0.9669391259864358
23 26 12 22 39967 1.0676935801869765
18 14 20 0 61415 1.0994114591575432
6 12 24 13 74896 1.082500522968619
23 1 27 28 88476 1.0641852017684685
6 12 14 9 41266 1.0830976408117736
27 3 16 16 66356 1.039448517941023
15 17 27 5 66775 0.9656172903130132
23 15 4 19 58229 0.9319722216879754
18 0 26 12 65091 1.0328331272113103
24 26 9 7 80130 0.9289733972184437
23 17 6 24 57597 0.9075837642213085
4 10 15 8 55862 0.9854485071017751
17 29 11 2 95567 1.0466175928880643
2 29 5 2 94102 0.9989976162205888
1 18 4 0 56630 0.9599616190464755
7 21 20 22 35052 0.9863707508390318
18 14 4 5 73989 0.9669624338058689
19 10 12 20 48829 1.0592217653461602
7 8 22 9 72486 0.9310700743715251
25 21 5 15 65605 1.0032063549826096
16 20 23 17 25021 0.9564755758934207
12 27 10 19 33272 0.9340636832904704
0 6 27 11 118577 1.093773916323374
3 10 2 29 72372 1.0863098837031349
0 1 17 10 92027 1.0080065869125987
9 19 28 29 84618 0.9220191989428795
4 8 19 15 66346 1.0792733071322178
17 1 19 18 63578 0.9703767141067535
26 25 15 18 44709 0.9083353932181997
17 16 0 6 83529 1.0979414485034333
0 29 11 28 65120 1.016571492076525
17 5 29 18 68372 1.0213049367492562
11 25 0 23 53649 0.9183831291891381
11 15 6 27 52703 0.916185583005492
7 14 12 27 50407 0.9652766815055756
5 10 16 12 53754 0.9482139633271414
17 0 29 19 84862 1.0510734279871636
19 22 7 26 44814 0.9816934580648925
3 9 29 6 113539 0.9422954899287629
8 0 8 22 66100 0.9384176709994412
2 21 7 5 54658 0.9812526493359031
20 9 1 16 80929 0.9177388957929873
18 18 1 24 61950 0.9262647680860842
3 24 15 14 59498 0.9700326545326752
17 17 25 4 59671 0.9332842537778577
23 18 26 11 29453 0.9335718231189355
14 14 19 5 42122 0.9051134783851092
1 0 22 1 99564 0.9500930486865882
9 3 20 21 69101 0.9267555016238003
12 24 2 20 39899 1.056821029293931
4 6 14 28 81924 0.9898953952820704
4 14 15 26 59266 1.0477466237109558
5 8 24 11 85128 0.9439346626824656
8 5 21 11 62616 0.9036384880902689
6 15 21 14 55974 1.0743803760725137
22 7 3 11 87227 0.939828580311763
17 18 1 5 79187 1.0413650121863656
14 8 13 21 35511 1.0895025392255346
18 22 14 8 47453 0.9406577350384517
1 3 23 12 105550 0.9338649343554934
27 29 8 6 112422 0.9933763219926334
25 19 5 21 49913 0.975045878360788
12 3 6 14 49379 0.9509360155567068
29 9 25 22 56097 1.022470822254903
4 26 20 19 56044 0.913550514790665
15 5 9 23 63920 1.0246727943610534
24 28 24 5 74167 1.014660446298283
14 7 2 18 60551 1.0409053582809753
1 15 16 16 52320 0.9312616123185401
25 27 0 3 127716 1.0095762965594728
4 6 26 26 105887 0.9276235859408787
5 25 15 21 40796 0.9505777651609302
29 12 10 15 76434 1.0878534532545305
14 19 2 1 80000 0.911235803672411
0 4 22 11 99773 1.0890865350352354
27 24 3 5 109084 1.0333604593277281
4 1 13 15 68394 0.9203457450399258
19 5 21 21 50123 0.994116948098812
6 2 8 11 32801 0.9824133605195924
9 6 24 20 72853 1.007116839459884
1 22 0 11 53922 0.917981907707683
28 6 25 15 40489 0.9481953079048488
19 6 0 14 97926 0.9996316151769356
3 10 26 1 110972 0.9018116768560093
15 13 25 16 38281 0.9538526828998626
27 9 4 17 93786 1.0781021347551387
23 8 11 4 62053 0.9558233060109509
3 2 29 27 137258 1.095580744157365
25 13 9 29 78500 0.9268607529867162
10 12 0 4 57540 0.9181070287520644
20 10 29 9 50534 0.9179146128827086
4 29 19 2 116950 0.9957714426359372
24 2 26 23 68494 0.9582509240979552
4 15 25 23 70670 0.9133655957382781
0 3 10 7 51086 1.0225186563476616
1 2 16 1 71481 1.0130899554039037
13 29 7 17 55786 1.088024768970857
10 19 18 13 41341 1.0170049828027476
2 11 15 14 56815 1.059679967834755
8 4 28 15 97669 1.0186505689714744
2 23 6 6 62146 0.9884789327627824
14 3 2 27 98568 1.0910764151092596
22 11 10 7 60350 1.0328720408894776
23 28 1 0 134807 1.0071075655540558
5 11 14 22 54231 1.006990691923709
27 9 16 14 58232 0.9821205168103428
16 3 25 26 86184 0.9800364346304176
21 25 11 27 49843 0.917540991572006
3 6 15 4 50893 0.9218045831346651
21 17 18 5 44891 1.089303879071475
11 5 18 21 62497 1.0057281127630169
4 11 26 22 79029 0.9332042239953395
29 15 27 1 55910 0.9053266303668158
21 20 0 6 100016 0.9672447437192074
11 2 27 20 96878 1.0114242799023108
22 0 9 13 75892 1.0328897064003193
20 23 21 8 48034 1.080336408649208
2 2 28 18 119998 0.9153468502517889
12 17 29 27 74137 1.0192447457451606
2 27 13 27 53800 1.0116400268603443
13 10 16 17 29777 0.9959905385685576
1 3 6 12 45319 1.0858878916427743
20 6 6 28 102995 0.927281937954149
13 14 0 2 83635 1.035793405869495
5 24 4 8 46744 0.9573776966152308
2 7 13 22 74277 0.9819985713400848
9 3 23 7 62566 0.9356421416575039
8 8 22 22 66852 0.9357968751995394
23 11 26 19 30068 1.0858720413711866
23 19 16 16 26866 0.999796602664941
18 16 1 6 82012 0.9688112517432634
17 22 11 8 60435 1.0809766331671955
17 5 6 27 89899 0.9110572344899855
16 8 19 18 36700 1.0026573144274873
25 2 16 26 82999 1.0744480595604617
22 3 4 1 76485 0.9857145795984388
23 10 16 16 34988 0.9750836602091255
12 11 29 9 75178 0.9605421891929093
10 11 27 8 77901 0.9481581388298195
28 21 24 7 54311 1.0978025075906332
24 14 4 2 100063 1.0373457035936633
5 15 19 5 79007 1.088082175854654
18 24 15 17 31022 0.964682363931676
23 5 20 16 36658 0.9575115722299103
21 1 7 10 77099 1.0672127114709027
14 2 22 14 58205 1.0222521722169975
16 9 16 26 45860 0.9317821747548618
9 8 10 25 48197 0.9468172981504108
8 3 18 6 48403 1.0332936742305643
14 16 13 7 28309 0.9515582297048409
5 3 21 21 86309 1.0424680988725585
12 8 20 11 36700 0.9991260867352658
18 18 8 12 45012 1.0904359727688717
24 6 1 7 98807 1.0701935684913653
22 21 21 0 55232 0.9853111504031258
13 27 23 6 76239 0.9281051517251006
4 6 20 1 72191 0.9839824246063722
12 23 17 6 63221 0.9568648225392618
27 8 3 7 105913 0.9876158126343627
23 19 16 11 39153 1.0938575665407426
1 23 22 2 101230 1.0779301398684802
19 12 23 26 50625 1.05434237685087
28 2 12 5 70731 1.0792238847995546
21 1 14 4 37177 0.9790191116607395
0 24 11 1 94805 1.002683700062499
2 11 16 6 68997 1.0521661262806241
0 0 26 29 148149 1.0985247058951815
12 12 4 25 59780 0.9694347347240337
29 3 17 16 70206 1.091668427909203
19 11 3 21 65381 0.9572384327835392
22 29 29 15 59041 1.0562057023733136
13 18 21 21 23826 1.0111678614285238
25 18 4 18 56600 1.07333511397965
22 26 18 10 57589 1.025203465813666
5 23 21 2 96650 1.0158444864569534
10 2 19 20 77006 1.0907565616746562
27 1 22 10 41977 0.9509159514032285
16 10 23 19 42454 0.943908469654422
18 28 6 27 59643 1.0860241798522485
9 19 8 5 38412 1.0570032456781568
28 12 8 2 104923 1.0979605536156705
19 17 4 21 46793 0.9263725039405118
8 13 18 9 55064 0.9313673333009604
8 14 18 2 68728 1.0017119434133315
0 23 18 12 79958 1.0870850063272475
20 19 28 3 64979 0.9273355259814066
8 18 16 12 36793 0.9667989204306566
5 0 26 15 112084 0.9807091706385075
29 16 17 26 62243 0.9172936263263467
9 9 26 22 71149 0.98000357894219
3 26 18 11 77213 0.9138930448205118
6 1 21 11 81623 0.9055339620331114
14 9 3 14 55085 0.9771824661571069
28 4 9 19 91449 0.9537912818239624
18 13 5 17 53217 0.9663201875107211
18 4 26 17 59233 1.037275880524277
0 22 24 23 68250 0.9826405961160016
23 25 14 24 38059 0.9945003110484014
22 1 5 28 109607 1.017280763533442
15 3 12 20 55611 1.0724578545872396
1 19 27 23 74221 1.0718050659593896
21 11 20 22 36459 1.0627935972917648
10 14 0 23 55142 1.0300381874594107
4 29 26 27 92621 0.9349760572433675
1 26 22 2 109093 0.9974356674180934
6 12 27 8 98641 1.0739646841428296
23 21 24 4 53376 0.9566246981082898
7 1 11 18 54887 1.092989281851176
26 21 20 26 32118 1.0018903057239468
16 29 22 23 38959 1.0694508052478342
1 4 13 1 60979 0.9523406425647771
22 18 28 22 29554 1.0884164197955621
3 19 26 28 80324 0.9174333449408834
24 0 18 22 72022 1.0924427379592592
27 24 23 10 52757 0.9073882306183395
5 10 29 16 91549 0.9154302337773624
2 14 12 20 45528 1.0042410223835547
17 25 11 0 90007 0.9497237356527228
10 1 13 28 89401 0.9386924646699447
28 14 0 20 91586 1.0244417869131668
7 5 17 7 45550 1.0055236261288065
3 6 9 15 49011 1.017691567744078
17 29 28 21 55318 0.9855431105021031
25 14 0 27 102155 1.0765791801778224
22 13 9 29 63937 0.9358541101810853
19 18 3 20 48040 0.9726237854526962
9 0 17 25 84368 0.9357077443578519
4 22 12 15 40897 0.9366267231175531
15 12 2 29 90840 1.0617597242429218
15 3 27 9 65407 0.9866016259070739
7 14 2 6 44680 1.0013116432577858
10 18 8 9 29749 0.926997650912243
16 16 13 28 40160 0.9492761684585538
21 2 2 17 100867 0.9287193242976839
13 9 6 26 70826 0.9124574152154031
14 11 27 5 62257 1.0508303469216878
3 22 16 21 35852 0.9525330414316607
0 1 29 24 141546 1.0881714034629792
29 12 9 10 85947 1.0857989924591978
20 13 6 24 71194 1.011580816869326
9 29 25 14 74331 0.943026538759106
27 8 7 20 86271 0.9038793828967341
0 3 22 2 89080 1.0307139617953558
22 5 11 25 78840 0.967626648911516
11 26 20 5 84970 1.0644537212908616
10 16 14 9 28189 0.9238683137083975
11 23 17 1 81561 1.0998243854770353
29 4 6 26 118683 0.9223168484298457
14 8 4 15 50172 1.0572281729087971
2 0 9 14 64684 1.035434201144893
19 7 8 10 62948 0.9899157215840999
27 19 7 25 62219 1.0068357612037375
19 27 10 2 97769 1.0123922998079848
21 27 2 8 106821 1.0650519628370334
11 5 14 15 37085 0.9147899138780233
7 0 15 24 82723 0.9779670853432494
10 23 1 16 44234 1.0425778012973579
18 4 5 26 100035 1.0735996377081691
22 18 14 11 42241 0.9318065314359767
20 24 18 2 82038 0.9194737735063142
10 24 1 21 30422 0.9373401760150237
0 9 16 0 88728 1.0650359144033608
19 14 19 3 43369 0.90302379482975
9 20 21 19 32953 0.9245985725047242
23 0 14 3 44487 1.030572060678568
24 0 15 14 70362 0.9596115676651882
23 14 14 25 45707 1.0493356964382121
7 1 16 23 77718 0.9573435886679391
1 19 12 20 31622 0.9025335764344368
16 23 8 28 42754 0.9801862863653901
8 9 26 3 82870 0.9369742103717359
13 7 28 13 78183 1.0008178384479296
13 7 16 14 30254 0.9117184491187836
28 4 0 20 117644 0.9957500864232174
22 10 8 27 73466 0.9111768658849584
9 8 27 7 80015 1.0165204156245113
26 7 15 10 58097 1.0381168393529425
27 18 0 21 70028 1.001556088851084
13 13 28 5 78222 1.0570764294053898
21 7 6 29 100854 0.9449095776693048
4 0 3 11 32560 0.9061924656797885
14 23 22 1 65176 1.0653416107564826
12 7 3 15 62088 0.9301572819049159
9 15 13 23 36255 1.0304296841747056
14 25 10 2 77204 1.061788505217049
24 22 24 8 49303 0.9698078316717064
8 15 18 17 38545 1.0672197981839586
22 10 1 20 78770 0.9019885704474203
0 0 20 12 107209 0.9665949550201979
20 11 21 0 40951 0.9421662985172257
18 6 24 11 38272 0.9934174402377112
12 13 26 4 77833 1.0363661925235332
28 12 3 2 122231 0.9888237465729499
10 13 17 18 41464 1.0701802822465791
19 8 0 26 105327 1.0012099214724135
14 25 5 15 51497 1.0968143525577023
15 20 4 3 73979 0.9320946765606577
3 12 16 9 65254 0.927425634636373
5 19 24 27 65208 0.9677671780891337
25 7 27 15 35671 0.9853252711121165
21 25 19 4 68056 1.0745044332866243
19 7 14 26 70118 1.0001378595045103
26 6 18 10 52382 1.0684273490689509
20 27 6 20 58537 0.9937065315465488
27 8 19 3 45824 1.0879737466520585
2 16 22 18 62395 0.9026253681468176
1 8 10 3 53395 0.9450781973700042
25 22 25 9 45352 1.0688479670210662
17 29 27 23 61096 0.9622231405271287
25 15 9 24 61142 1.0236167931373839
25 13 8 20 66487 1.0861104609403693
1 7 22 23 98254 0.9816720629708703
24 21 15 4 70862 1.0235693373809616
24 18 21 9 32148 1.0784745592824436
7 9 20 18 59824 1.024012001929972
27 18 6 6 91259 1.019469454136435
29 25 18 13 75668 0.9292553018579791
20 0 23 12 44873 0.9528564767554714
7 26 2 13 56817 0.9523321954856511
0 4 26 2 106533 1.079091650554923
16 3 13 18 48007 0.9755845783765942
26 2 15 21 72880 1.059637550585204
14 12 23 2 59645 0.9539873879989982
16 27 15 5 64336 1.0684544108728418
24 28 29 6 91789 0.9432243034927327
1 7 20 17 90082 1.0001591515141102
18 9 22 24 55468 0.9477692696518892
20 5 22 18 37509 0.9530382302415868
18 8 6 14 67620 1.0882003612248141
5 5 29 17 106857 1.0568435011908388
23 16 10 11 57355 0.9645527188549593
23 21 13 9 53361 0.9979698661619528
18 23 6 20 37707 0.950219118447305
4 18 28 6 103214 1.0426220991155661
0 0 15 23 103602 1.0606733501555883
22 17 9 18 38303 0.9098257000087235
9 28 26 15 71652 0.9371689274865426
17 15 2 4 84647 1.072619465002314
1 12 26 13 97112 0.9294737789931646
14 27 16 16 31492 1.0402285800449598
9 17 23 18 41669 0.9730752190726335
3 14 5 1 40918 1.064651950648428
12 11 24 13 52700 0.9961842192230296
3 16 23 27 77669 0.958160488856876
5 0 23 7 88971 1.0913392576546133
13 21 29 0 100688 1.0828567671027738
0 6 28 10 129315 1.0967852938518574
14 25 29 6 93787 0.9909201513595831
24 17 7 2 90717 0.995933765834809
12 8 25 13 61928 1.0959070309580603
9 6 19 20 58188 1.0437971170496985
5 18 10 9 37806 0.9976251498454881
16 20 26 5 65697 1.098036065117406
24 16 5 10 76719 1.0539563315209766
26 14 14 1 75455 0.928290204329001
20 16 8 18 37462 0.9162850058376096
19 8 16 24 56087 0.9438522765781372
3 3 27 16 105140 1.0261550379429374
10 11 22 1 69478 0.9413078292902939
4 17 9 2 52579 0.9176943701672683
11 3 4 25 74990 0.943348985039079
21 3 11 20 73945 1.0126507223864365
15 26 8 19 36206 0.9063592040295478
10 23 21 15 58666 0.9787557533451843
28 26 8 18 72095 0.9917066239250819
0 16 19 10 73749 0.9187335846744894
7 18 27 18 56018 0.9976705333070515
7 0 4 20 60455 1.0813261046025067
5 8 17 15 66932 1.0113481382018823
14 28 9 8 61309 1.022013228688476
2 2 3 14 48479 1.095976885203176
19 9 28 7 56179 0.9102093144689344
15 24 3 10 70410 0.9917456176766782
27 25 19 5 76843 1.0281909158994647
21 3 4 5 69197 0.9100611033638712
27 4 22 24 69506 1.0128397461247918
28 19 5 28 83765 0.9454723495796682
18 29 8 5 94208 1.079273790563217
18 14 8 4 63608 0.9776593238136569
7 27 1 2 93749 1.0030068401631875
10 20 23 25 47401 1.053637568418775
29 21 2 27 86984 1.0761129547883366
29 16 5 17 73463 1.0710381244330867
21 24 25 12 46495 1.0448380075142996
12 1 3 20 77972 0.9902345086148279
9 20 20 22 33406 1.0326794670823154
1 15 16 26 72127 0.9333582804600831
17 25 17 1 78574 0.9997881680268118
14 2 7 9 43268 1.0353790951529867
28 24 23 3 74949 0.98510513416024
27 10 22 2 42592 1.056512818339117
22 28 27 10 64140 0.9897499989812857
0 1 16 5 69892 1.0141524694543518
4 22 28 26 76147 0.9115394044247545
26 21 1 16 74628 0.9198895059522699
19 20 13 16 27910 0.9494027827233215
24 20 18 0 74246 1.0725791416657908
8 12 9 24 35814 1.0865828438859961
21 1 28 24 79392 0.9664929854300182
17 9 29 29 101864 0.9752821599838832
23 19 23 3 43188 1.029813002445572
24 15 2 28 95344 1.044117658223081
20 5 1 17 94305 1.090771636905165
2 15 17 22 64859 0.9674998435481504
10 17 0 1 73909 0.9067674027901245
21 15 12 17 35049 1.047485480479899
3 26 6 3 72812 1.0733795586545265
8 21 17 11 46980 1.0269931354918156
22 3 10 13 75567 0.9364236362678273
28 0 29 10 57354 1.0669623386601512
19 26 14 1 78464 0.9177197775668849
18 26 7 13 63221 1.0558612471806332
23 2 1 29 133936 0.9788827276053451
11 18 16 8 40208 1.0503216087427643
14 17 0 18 41073 0.979182058647143
26 29 27 2 86029 1.0518620429399086
27 2 1 22 121657 0.9879416940607835
2 21 12 24 33380 0.971568629743596
24 28 20 18 41408 0.9302844279969762
2 15 16 13 55570 0.9506056038178985
27 1 15 5 54963 1.0200382172912825
5 19 22 28 59607 0.9558831390552927
9 18 7 7 33270 0.972433416164754
7 4 28 18 94682 1.0446660458556636
9 26 23 3 85297 0.9995327786637948
0 24 14 3 94242 0.9783449615825524
3 22 2 3 63856 0.9706415717542909
4 28 29 3 128228 0.9138073604441829
0 15 25 24 88498 1.0869404172399073
7 27 16 15 54592 1.0724627101946556
22 13 25 26 41457 0.9813494796097624
1 5 9 7 34285 1.0121967999016361
11 25 17 0 94396 1.0781425558746418
21 27 8 20 55350 1.0746007002626712
16 27 4 29 58521 0.90817530826064
5 14 27 20 76693 0.9884600456688953
29 5 19 24 78351 1.0375464801488352
29 5 11 1 76697 0.9259494839668149
20 24 29 18 45232 0.9302909116293299
26 29 4 16 90187 1.090998725485459
13 4 13 21 51398 0.9046465996555045
26 20 6 0 105434 0.9488091942419133
11 13 26 27 82161 0.969057307602788
14 29 23 3 81441 1.05615920992783
26 27 21 6 68083 0.970058268421702
10 8 1 25 78667 0.9127312995078568
21 24 7 26 58919 0.9395085658280372
26 24 0 20 72865 0.9021575330429424
17 18 28 21 36750 1.0532514228275647
20 19 9 24 37880 0.9792012146907239
29 19 15 26 51345 0.9685458811149961
29 11 8 1 103471 1.0467564493520558
15 28 1 20 63329 1.077536714159586
2 4 29 5 102936 0.9405229208554016
5 24 5 0 73446 0.953416839818957
14 12 0 7 77088 0.9601448954561591
15 20 29 1 92522 0.9227865761140209
29 23 11 20 57758 0.9905571656022026
11 7 18 26 75456 1.0887398248610374
12 13 24 27 70621 1.093009620173257
26 16 13 0 81289 1.0810415889751952
24 18 19 1 58025 0.988177953120723
18 11 15 27 54294 0.9404726451226644
18 9 22 19 42029 1.0729335865296374
23 22 18 12 47739 1.0931648493358341
5 16 29 25 90996 1.0107300430275084
29 1 13 20 96997 1.0220549163539643
19 26 17 7 67605 1.0987300530236703
8 16 1 10 40179 0.9738827643503886
18 0 2 22 110673 1.004259243968508
8 25 21 17 56419 0.9548164485704166
5 28 4 8 59514 0.9995959576388413
27 28 22 20 43347 0.966080083588884
1 3 13 18 74572 0.9165223965966288
8 5 27 19 81622 1.0768368929261916
2 28 14 13 78130 1.0635353749483083
23 5 4 9 81253 0.9105497204315314
15 12 7 2 56331 1.0039266950273993
17 21 0 10 74489 0.9166501853602846
27 18 15 2 80353 1.0990498706205538
27 20 15 27 53417 1.0378893090484516
9 2 19 25 83161 0.9110055848288121
9 20 16 29 40872 0.9852776319145272
23 16 18 29 57241 0.9936987663703429
17 23 13 16 30286 0.9470623008723427
12 10 27 1 82931 1.0820720835951987
20 19 17 6 50756 1.0148235757244848
28 23 21 18 35506 0.9547621498588893
20 25 4 18 62223 1.0628613419135007
7 6 28 29 123604 0.9569020366029152
25 18 17 16 28966 1.0366914158372442
26 10 23 2 36145 1.040719906035794
15 1 21 8 49742 1.0412751854447608
2 19 10 22 30661 0.9664531139278835
9 21 3 2 67485 0.9042791806862465
1 0 11 29 115805 1.077229418960811
0 14 11 16 41506 1.0418418808118517
21 16 16 3 51999 0.9941273938115381
15 20 10 13 42389 0.9806700973706192
19 11 23 23 45742 1.0484758655651227
14 21 6 13 41358 0.9098908917935516
28 1 25 11 41485 0.974097326201668
0 2 17 23 104758 0.9018749150667846
29 4 4 20 109307 0.9822498957022595
12 5 1 2 53983 0.9226994474582081
0 10 19 8 92316 1.074089645275052
17 5 18 16 41006 1.0547321147545898
11 17 18 8 52443 0.9671135488590344
6 2 28 2 97484 0.9541498856101189
26 25 24 4 69055 0.9354776938277451
7 22 13 6 63856 0.9759547587109516
0 17 23 4 104089 0.9598019409317726
19 26 12 22 36542 0.9647176468559212
22 15 4 27 71300 0.9895016250107318
29 15 0 6 123910 1.0274642246316272
5 18 22 2 83101 1.0825517400819176
2 20 11 15 45687 0.9679106026598845
2 20 11 1 77448 1.035005658389973
11 23 22 9 60161 0.9584357576353677
28 18 7 20 57517 1.0715644952370666
16 5 7 18 60338 1.0265404805935077
18 28 17 8 72330 1.0687562375946558
11 9 16 3 38976 1.0099216900759158
0 5 20 10 92757 0.9246756024671284
1 18 8 4 59657 0.90342574497078
7 14 15 18 30806 0.9369630755450278
15 8 24 3 47969 0.9893300127722284
28 9 17 25 83746 1.0493589918024546
9 18 13 6 47470 1.083911754750026
6 25 15 19 39397 1.0775465567142892
5 3 29 14 115852 1.0694750316280726
5 14 27 0 117444 0.9738323010755167
3 14 21 1 99386 1.0131447969887355
23 0 3 28 119502 1.081985803811455
10 19 26 15 51986 1.0360257940317252
29 5 4 12 109696 1.0850704176974653
0 0 14 1 63857 1.0746195399651683
21 3 28 22 67524 1.0465697675876515
19 10 3 19 65864 0.9982895422444653
6 19 23 27 60421 1.0483275256797668
2 11 1 29 76376 0.9805294495399723
1 21 0 12 42632 0.9613770998964519
17 3 23 28 86067 1.096940057577173
17 13 22 23 43317 0.9014751026819562
24 27 16 13 55521 1.0061791781262366
14 11 2 11 49322 1.0691914289560063
19 8 15 21 50767 0.9927060546137315
13 26 6 10 65825 1.0122659813578139
15 6 5 17 58653 0.9409654492602391
20 12 12 19 45043 0.9041010098979386
20 25 13 12 59652 0.9085487884360557
16 23 26 8 63348 0.9468545551410623
23 11 16 4 43636 0.9363292578334657
21 19 15 25 33400 0.9292912608729983
6 2 10 13 46131 0.9114095392810836
23 9 11 28 83226 0.9910764959187609
29 15 10 2 104778 0.9437317089286434
26 15 5 2 106852 0.9591693192591235
3 24 26 26 77444 0.9582458345154733
23 18 8 28 61419 1.076590168082558
4 25 29 7 118040 0.9513819894069737
24 23 18 3 73821 1.0203308856087725
8 28 24 7 92605 0.9269370365039148
22 21 14 14 34670 1.0971294069794941
18 5 15 26 70533 1.00069747009495
12 12 9 1 41133 1.0717134371404855
6 15 11 10 35068 1.0068602515995215
28 9 15 11 59160 1.0709429778841195
21 26 19 6 65508 1.0915308775198576
3 2 24 10 105378 1.0235696129386496
22 29 12 3 89372 1.0834828471187883
1 29 25 9 124441 1.0761090283298695
26 14 19 0 62002 1.0342062569771673
14 24 25 27 47630 1.0399102485955625
23 29 2 20 77120 0.9862101434409816
12 17 19 21 26612 1.0001216997189386
20 22 29 4 76632 0.9703175960914467
1 23 20 8 97581 1.0224814712835453
23 21 7 8 69099 1.0833687761179418
11 27 4 8 70176 0.9971725500762689
23 16 7 1 86732 1.0156661725858434
2 14 18 9 77780 0.9353004199070476
10 5 2 9 42802 1.0334350225020585
5 23 8 16 31113 1.0589558609282939
20 29 29 16 67769 0.9635440096646959
20 24 3 4 98098 1.054741990685495
24 18 25 9 35149 0.9442365444616483
26 0 15 27 98825 1.0863813678870133
12 24 26 11 69897 1.0595696624717859
17 18 4 5 68595 1.0526626965998194
13 13 6 22 49463 0.9308430833799064
10 3 14 28 77692 0.9147665242340178
29 27 13 29 76044 0.9689095434211376
3 19 20 3 91502 1.0133165150168613
12 5 3 16 55051 0.9983448146161696
16 6 24 11 45126 1.0127066477699822
4 12 16 15 46285 1.0684313988850724
2 6 7 18 50423 0.9978557375799256
7 8 2 27 71251 1.0307614366712905
26 25 23 1 70838 1.0401217277208366
5 17 8 25 35590 0.9863833451259205
17 11 28 12 46171 0.9652758427023047
25 10 21 25 52511 1.0537113542336096
22 2 3 20 90905 1.0058527672342836
22 20 10 5 72158 1.092721799173101
7 18 17 19 26253 1.0858611958940296
11 20 15 12 40004 0.951373880101826
1 18 14 18 35034 1.0895189837708392
18 0 14 19 70525 0.9207024439472166
19 21 5 20 35060 1.0849491088494225
16 16 25 24 44301 1.0922212977560015
2 17 21 6 89992 1.0051209568790878
0 26 7 23 34588 0.9356303925582801
7 18 25 24 59933 0.9847885402376569
26 23 11 16 54989 1.026095654659378
19 0 5 14 89471 0.9017093398271997
4 17 16 10 54226 1.0333487984887932
22 19 12 14 41782 0.9354337568200563
13 25 8 4 74450 1.0820671269875686
6 20 21 29 64559 1.030651310058244
11 17 5 10 41980 0.9191859043244238
4 7 15 8 54997 1.0943036114480973
4 13 19 22 58224 1.099171722667281
25 13 24 3 33818 1.0612249651848793
9 1 10 20 52651 0.9213137550061178
1 18 11 0 80302 0.9987358884432767
28 9 0 20 108145 0.9814284176141086
10 8 0 18 55049 0.9506497318505105
28 2 4 16 111398 1.0089732951369346
6 2 10 8 34369 0.9501777755339353
24 27 12 1 97872 1.047695664096965
20 26 29 22 44133 1.0362720474314036
0 13 13 16 49818 1.0020106294090443
20 22 24 14 32878 0.9772664762125534
8 29 13 23 37526 1.0953208303713748
15 21 27 27 49211 1.0736476251658942
29 20 12 22 48472 1.0358523394231987
6 25 8 10 52491 0.9042788070827849
23 20 8 5 77984 1.0349955598737743
19 29 2 5 109829 1.0817228303231214
3 17 25 0 110082 0.9975819444757931
10 29 13 1 91898 0.9074990551086335
6 3 27 4 88506 1.0796050657819123
13 27 10 15 53270 1.045650111768026
1 11 15 16 54156 0.9664392943794481
24 7 4 23 86605 1.0585351719745661
0 3 19 9 91792 1.0110741625850135
1 27 12 15 71555 1.0470360623129071
29 16 17 15 40848 0.9630299950123059
12 14 24 24 59781 0.9506154601829635
24 27 7 27 74303 1.0971891799364857
29 27 15 8 94333 1.0620620268797987
4 11 27 15 85691 0.9365224423585443
5 19 21 13 59973 0.9526537329295433
23 4 3 22 94700 0.9251312081541825
2 11 21 14 76943 1.0618717242508802
11 20 29 7 95776 0.949841722586297
22 16 12 18 34362 0.9336323605201585
19 10 28 8 53585 1.096437211166037
1 0 14 12 83936 1.0357727898095115
2 10 7 27 64033 1.0768291434793813
5 27 1 4 84284 1.0489382632927022
23 3 3 8 88072 0.9594515546166001
18 18 3 5 75567 0.976706596692376
7 7 28 27 110305 1.0327260616671459
9 10 24 9 68516 1.0440595366710494
16 28 24 20 40288 0.9298477452174554
14 15 19 26 44935 1.0972877141669426
23 2 2 4 90179 1.000537189584317
10 21 9 1 53845 0.9887233643324181
6 13 8 25 43856 0.9973626404176131
25 21 4 8 81934 0.9997531574606972
8 7 17 24 68421 0.991533539346594
23 17 6 18 48734 1.0172854878036244
29 17 17 11 55784 0.9832761617167729
12 2 7 11 42504 1.0785945470922613
13 27 9 8 63386 1.0752986665927438
11 28 28 24 79898 0.9965342174709616
10 19 29 2 98000 1.0241149397229483
5 18 8 1 56014 1.0247432193093053
27 22 7 29 78866 1.0203008759926115
10 15 21 26 63549 0.907987151449892
9 13 8 24 34788 0.9199538753256064
29 29 23 7 89393 0.9335082396075347
21 0 27 7 41632 1.0014884318644535
13 10 10 25 64029 0.9221104530988675
3 27 25 4 117119 1.0680585358894137
15 1 6 13 64064 1.0621970711178992
23 28 21 7 62266 0.9157204637713285
13 10 29 5 73643 0.9014662030816342
13 2 6 23 78270 1.0811656816076138
8 12 16 18 39435 1.0309893465839302
19 14 9 26 56014 1.011238229285601
29 19 12 15 54419 0.919602879402315
26 13 11 19 54808 0.9086594571390268
23 20 4 25 57981 0.9071365844408747
6 11 3 27 59083 1.028021875077458
3 3 24 6 87772 1.0427853773316351
24 3 2 6 90671 1.0716320349673853
17 11 19 22 39108 0.9660159998466035
21 16 0 28 93974 1.0555862519718204
2 9 3 28 67280 0.9823684467670578
15 13 4 11 53665 0.9608977425212043
17 19 4 13 46042 0.9085735951917168
6 28 16 18 52812 0.9181732342732134
13 26 17 4 73272 0.9092921101536545
6 25 15 21 34976 1.071552057101526
18 0 12 13 63196 0.9309535267678773
27 7 0 29 138335 1.0254534781800517
1 15 12 7 69448 0.959472843343247
0 1 1 29 112494 0.9611022151804991
13 22 24 13 50980 0.9459727129521763
22 12 8 5 69960 0.9756480136312196
19 14 17 27 51244 1.0029127454077231
5 23 23 2 96064 1.0762050139749086
21 7 5 13 88516 0.9954364090661806
7 14 15 23 42694 0.9553964322195423
4 24 3 2 64236 0.9280066613085771
22 10 18 26 53652 1.0589433325965287
21 28 8 27 68188 0.9640043500757081
28 0 14 21 94467 1.0125250100915426
5 17 9 24 28809 1.0027851838907706
15 17 26 11 48912 0.9886527796331701
8 28 21 6 90029 0.9257392022486896
23 7 4 13 85903 1.0551638347447283
13 28 6 17 55057 1.0401275564033332
24 21 8 2 88411 1.0090255675879123
8 25 13 10 64049 0.9704952808769058
7 12 29 21 75086 1.091711301221628
4 25 3 12 39110 0.9615951293761282
19 27 21 0 82423 0.9261648662671078
22 28 8 15 64463 0.9372679847905251
25 20 27 12 30979 1.09206620237936
28 11 16 27 72441 1.0291947189923223
26 3 9 2 70972 1.0192530773265414
29 10 6 4 109292 1.0235813889640955
13 14 29 27 80595 1.0338594092743425
4 4 3 22 52362 0.9650556508574134
0 7 9 22 70917 1.0065559457259248
7 19 2 9 42998 0.9221975638680737
2 29 9 25 43086 1.0720513414035104
6 3 25 4 78359 0.9133712223755827
0 14 19 3 98590 1.0036707729704233
15 21 15 8 39906 1.0986004846211619
15 2 15 12 33806 1.0646249900060067
24 14 9 24 59320 1.0706086650003233
2 19 22 7 77350 1.0861346589617316
23 1 14 25 75003 1.0867426369672144
16 23 27 12 54838 1.0292553963292816
15 16 7 6 50804 1.0897344319711189
27 7 7 24 97456 1.0569542097547826
29 1 0 11 133422 1.0778018200728865
26 29 26 3 77112 0.990438242189054
11 12 0 7 62598 0.9883099591621448
20 24 1 24 70788 1.0736235228754742
24 1 19 19 55694 1.033420534589707
3 24 2 1 72448 1.057538917917861
26 20 29 3 60240 1.0436954267894554
6 17 19 25 55303 0.90716879063827
23 28 26 12 58231 0.9084191360145752
5 18 25 10 76186 1.0624261941367201
15 1 29 10 85339 1.0485907574896864
6 4 19 12 67567 1.0210353382078805
6 6 23 17 80803 1.007880725321565
1 24 20 21 58109 0.9560174110287143
6 0 15 24 88488 1.0643773850441973
1 25 23 17 81902 1.0458325259814798
24 27 3 15 86681 0.9274140485542955
22 25 16 17 32104 1.041327603256889
29 29 13 28 83607 1.0916359077813904
5 1 28 24 124690 1.0084343080934517
3 20 2 0 71001 0.9632345512848051
26 3 19 24 73281 0.9243995751105057
10 24 13 16 36798 1.045080897590359
23 0 0 5 96834 1.0481892261691401
4 23 29 22 67820 0.949976975996694
8 22 20 27 55897 1.0102892083455923
18 18 3 21 42141 1.0617285369053073
15 13 11 24 49187 0.9488093319561298
4 11 21 10 75673 0.9675529133343319
14 21 16 11 29035 1.073627276100086
19 16 7 6 60890 1.0972471728813153
12 1 4 3 37453 1.0839711185225043
26 10 14 4 62094 0.9603789033292947
23 19 8 9 64965 0.915368209934231
11 1 5 12 53600 0.9623010204066291
12 22 15 12 38962 0.9859625528566678
27 8 16 5 50889 1.0707912353496862
28 15 13 0 94153 1.010792186227274
6 5 22 7 63585 0.9578413075356289
24 8 15 27 72845 0.9906832286118379
23 15 8 0 91822 1.0960460812246962
11 4 20 0 53361 0.9955061404978018
18 8 16 27 62905 0.9636072091798613
16 26 22 1 70888 1.0113350017683729
10 28 8 13 49355 0.9254247284097431
28 8 14 18 76098 0.9324142891728369
0 13 17 8 87397 1.0385262837033915
20 21 3 24 48045 1.0168018347579975
4 10 16 28 74845 1.0331154992059857
23 26 12 27 46786 0.9446539844266
18 0 26 26 95104 1.0013293236233323
7 21 23 0 86725 0.9507951905632585
10 4 3 24 71076 1.062661262632914
19 14 6 29 78831 1.0413812168885803
14 27 19 6 74619 1.0862994306942602
23 10 9 17 58621 0.9211534136074498
17 16 22 6 36562 0.996808047651114
29 18 1 22 82766 1.0382006740749472
14 2 0 14 81366 0.9091176895110994
18 29 23 7 79933 0.9726665028253416
4 10 24 2 95227 0.9868042745695016
27 12 19 25 59240 1.0853381464093388
12 16 26 16 40739 1.0485231527531798
20 20 28 29 61085 0.9803593036615116
18 10 5 28 89107 1.0409007751882924
3 29 24 14 93122 0.9157472553999604
5 5 5 21 47411 1.0154141852505254
29 1 2 6 116506 0.9981789083243247
13 9 14 23 38983 1.0696451842537824
18 27 9 26 42751 1.0107629872992143
5 22 29 7 109252 0.9384498092415947
27 16 8 28 77311 0.966617943109047
16 19 28 22 40158 0.907060135279217
7 21 28 24 62665 0.9303876973624225
14 24 12 1 65823 0.9385718748664524
17 4 0 23 99692 0.965651863472261
20 26 4 16 69277 1.0496495971062358
21 22 28 5 65127 0.9743649836429009
16 21 21 6 51490 0.922746600728244
1 13 16 25 75959 0.9881124855642177
12 18 12 3 51030 1.0184085534478107
20 19 6 24 47694 0.9463801444214438
10 21 23 24 37116 1.051347747477737
19 23 22 0 60858 1.0256307125113975
4 20 12 18 25092 0.9055179984139776
29 9 4 13 106786 0.9358420232741842
19 4 7 13 68859 1.0427101047316525
10 20 21 11 58687 1.061068306828674
26 2 14 8 61238 0.9059218052048034
26 7 14 12 62282 1.0289863777741763
29 9 1 19 105829 0.9396460257004582
15 25 29 8 91094 0.9774734533726644
21 20 14 23 23254 0.9495265836233192
4 15 13 19 32218 0.9979173161885904
