2238 2818 2028 2344 2543 2933 2782 2284 2762 2946 2605 2666 2088 3004 2958 3138 3305 2843 3349 3203 2916 3015 2316 2332 2031 2035 3130 2341 1932
5892 5068 5453 5485 5072 5636 5303 5065 4967 5249 5322 4926 4909 5347 5815 5721 4724 5426 4195 4288 4401 4242 4467 5201 4444 5452 4364 5023 5490
4344 5238 3963 4290 4366 4108 4674 4510 3856 7896 7701 7443 8308 7259 8364 7549 8097 7212 7500 8454 7913 8490 7890 7689 7911 8288 8486 7241 7523
2646 3578 3170 2260 2357 2755 2629 3307 2254 2675 4761 4515 4597 4484 4751 3711 3910 4513 3487 4391 4454 4164 4075 3887 4404 4804 3910 3862 4088
3455 3126 3943 2737 3917 4069 3052 3025 3479 3810 3296 2710 3845 2902 2718 3065 3521 3063 3049 3896 3017 3063 4023 3818 3720 4019 3631 2900 2966
3062 3587 4347 4064 3262 3145 4351 4237 3431 3128 4246 3897 4167 3303 2970 3278 3976 3052 4326 3259 3141 4326 3650 2660 3315 3708 2678 3593 2624
4288 4584 4376 4843 4996 4694 4697 5078 6301 5098 5899 5168 5563 5085 5945 5851 6261 6209 5249 6082 5260 5760 5956 5759 6251 5323 5987 6405 5897
4064 2925 2980 2963 6015 5183 5510 5501 6479 6047 6242 5185 6333 5391 5836 6164 5954 5596 6469 5287 5782 5744 5145 5953 5863 6441 5243 5506 5976
7168 6932 7992 7626 7725 6923 6909 8123 7258 7893 7500 6920 7331 7502 8150 7419 7844 7447 7012 7117 5531 6068 5926 5028 5470 5765 5597 4955 5498
7545 6970 7314 7704 7966 7589 6987 7901 7482 7754 7656 7141 7573 8241 7785 7246 7235 6668 6728 7270 6343 6808 6824 7558 7157 7460 6467 6998 6956
4972 4284 3597 3315 3447 3256 2756 3595 3145 3625 3073 3428 3409 3012 3460 3174 2961 3030 3857 3061 3404 3820 2637 3164 3058 3465 3941 3032 3647
4494 3512 3739 3709 4662 3367 3455 4702 3685 3596 4472 4161 3465 4243 3835 3964 4510 4215 3841 4509 4464 4453 4355 3907 4261 4681 4326 4068 4206
7895 8141 7244 7821 8163 7775 8085 8257 8156 7355 8274 7549 7976 8309 8526 7897 8427 7966 3913 4418 3700 3943 3436 4689 3592 3446 3850 3836 3937
6606 1856 1873 2059 1510 2157 2764 1586 2046 2042 2427 2633 2052 2261 2208 2578 1636 1984 2458 1961 1706 1917 1793 1561 1906 1524 1690 1821 2647
6872 7155 7330 7677 6973 6930 7214 7233 7071 6750 7070 6822 6997 7983 6986 6951 7293 7605 7723 7869 7634 6946 7649 6871 7146 6995 7306 7403 7458
6494 6700 5413 6648 4639 4350 4070 4254 4001 4350 3843 3972 4234 3735 4665 5086 4373 4419 4304 4535 4584 4427 3729 5034 4780 3866 4265 5109 4714
6144 6825 6132 6868 6357 6068 6563 6001 5681 6957 6277 7045 6418 6049 6807 8661 8080 8408 8879 8385 7633 7757 8231 8175 8385 7956 7661 7696 7930
2681 1926 1869 1981 2399 1546 2156 1563 2056 2527 1421 2087 2410 2513 1799 1571 2199 1611 2292 2571 2180 2218 1422 2699 1923 1940 6376 7091 6911
5202 5911 4871 4947 5875 5429 5293 5293 5513 5814 4978 5481 5237 5858 6175 5603 5172 4795 6163 5712 5813 5298 5487 5350 5988 3403 3906 4072 3307
2259 2586 2894 2268 2848 2343 4837 5462 5832 5147 5537 4730 4744 5930 5504 5303 4823 5684 5451 5767 5932 4928 5122 5705 4961 6004 4778 4871 6055
7369 7043 6848 6417 6779 6521 6949 6079 6556 6380 6303 6088 6208 7382 6971 6582 6559 5424 5151 5074 5465 4887 4669 5429 4467 4434 5437 5699 5726
3397 4473 3406 3697 3438 3387 3400 4640 3292 3362 4360 4106 3657 4353 4565 4592 5327 5523 5649 6249 5759 5498 5275 5132 5737 5777 5639 5926 6157
5238 4632 5124 4952 5331 4678 4341 5296 4390 4678 4079 4424 4357 5430 5045 5241 4842 5120 4589 5431 4183 5036 4943 5680 6379 5553 6088 6154 5990
3606 4866 3989 4373 4531 3741 4657 3923 4904 3590 3914 4798 3658 3586 4488 4474 4038 3927 4327 4625 3829 4909 3958 4430 4246 4275 4317 3815 3514
3012 3579 4137 3357 4128 3449 3380 3463 3765 3861 2939 7319 8075 6897 7931 7139 7906 7078 6981 6998 6714 7587 7343 7002 7977 7349 6829 7178 8023
3651 3489 3236 3487 3314 3854 4595 3986 4392 4193 4389 1845 2649 2287 2466 2134 1992 2506 2764 1899 3045 2701 2196 1804 2568 2782 2045 2966 2343
7777 7495 7349 8198 7764 7395 8174 7263 7884 7060 6050 6571 6566 6209 6560 5611 6771 6841 6499 6385 6153 6563 6374 5674 5756 5965 5853 6918 6519
6756 6021 5776 5948 6842 5814 6362 6592 6262 6641 6642 4931 4846 5062 5291 4349 4483 5344 5282 4985 5636 5170 5357 4975 5269 5609 4403 5423 4465
5752 4767 5111 5411 5735 5872 5097 5102 5061 5016 4962 5551 5317 5205 5453 5026 4320 4824 4363 5120 5162 4838 3982 4892 4403 4475 4743 4215 3914
4731 4168 4568 4710 4854 4153 4802 4999 4028 4361 4587 4288 4114 5043 4233 4157 4726 4194 4098 4565 7360 7212 8503 8268 7184 8479 8027 7620 7440
1255 6862 3636 3437 4363 6119 1780 3562 6053 3127 7356 2773 7074 1579 8439 2103 1605 7308 6545 3706 2469 8082 1657 5464 6400 8501 6242 5667 4476 6816
1163 6229 6023 4185 4343 6084 2558 4298 6282 3434 7856 3568 6554 2594 8114 7021 1737 7935 6970 3267 1952 7319 2699 5286 5815 8331 4951 5162 4369 6744
2435 6432 5763 3176 5351 6755 2456 4626 5476 3347 7899 3011 6789 2732 7424 6482 2045 7189 6322 2795 1906 8461 1493 5400 6641 8265 5835 5065 5819 5569
2277 7358 6793 3502 4535 3037 1612 4324 5762 3388 7883 3871 6438 1619 8139 7056 1917 8109 6889 3002 2608 7207 2424 4798 7759 8081 5559 5066 4969 5833
2361 6296 6319 3504 4976 3108 2027 3989 5491 3402 8549 3881 7737 1588 8209 7174 2357 8168 6727 2660 2279 7590 2282 5279 7787 7588 5287 5593 5033 5381
1655 6008 6395 4345 4515 3379 2880 4640 5042 2777 8410 3871 7092 1530 7978 7193 1698 7413 6833 2485 1879 8217 2694 5180 6749 7814 4916 5188 5468 5521
1816 7172 5833 3148 7511 3195 1855 4577 5261 3484 7945 3943 7240 2242 8433 5976 2030 7966 6799 2905 3001 8330 1394 5252 6981 7655 5826 6278 5518 6078
2034 6309 6194 4476 6240 3246 2758 3388 5779 2716 7419 3697 6603 2040 7867 6591 1595 8267 6425 3182 2364 8416 1403 4228 7190 8252 5977 5514 5686 6413
2412 7209 6667 4058 6691 2480 2158 4243 5142 3162 7856 3627 6908 1758 8114 7003 1650 7733 7154 3146 2469 7720 1481 5184 6625 7945 5767 6278 5240 5813
2042 7299 6192 4096 6329 3703 2369 4489 5751 3145 7696 3136 7104 2086 8329 6953 2641 8331 6095 3382 1934 7188 2514 4643 7051 8189 5500 6379 4779 5172
2232 3942 6321 4155 6847 2788 2422 3622 6232 3116 7788 3623 7277 1594 8348 6255 2594 7188 5899 3466 2431 4030 1748 4473 6541 7638 5286 5310 5358 6155
1422 4015 6311 4031 7174 2492 2753 3401 5628 3977 7623 3141 7482 2001 8478 7060 1406 7694 6812 2531 2978 3348 2678 5512 7082 8540 6124 6298 4887 5196
1504 3648 5842 4032 7343 3256 2570 3681 5638 3456 7273 2658 6576 2658 7429 5877 1354 6542 6740 2536 3091 4350 2528 7745 6839 8503 5518 5318 5516 6373
2238 3160 6774 4434 7138 2573 2894 4515 5792 2772 8067 2940 3783 2126 7316 6051 1520 6480 7047 2522 2845 3101 2582 7283 7067 8287 5259 5348 5097 5780
1989 4059 6147 3148 6680 3669 2453 4557 5756 3016 7262 3337 3342 1898 8477 6296 1542 6761 7007 5819 1966 3279 1344 6941 6829 7336 5863 6275 4776 5935
1891 4064 5785 5396 6363 3570 2849 4385 5853 3101 8050 2764 4283 2641 7417 7113 2654 6249 6851 6777 2208 4246 2540 7607 7130 7998 5738 6233 4683 6133
1824 3086 6527 4785 7477 3293 8318 4154 6284 2864 8105 2998 4351 2298 7309 7213 4262 6990 6645 6153 2982 3184 2630 7262 7463 7707 5090 6065 5066 5210
1488 3787 5774 5522 7101 3184 8207 4903 5434 3743 7818 3788 4359 2149 7014 6682 4438 6106 7041 6689 2212 3852 2655 7843 7481 7565 5699 5759 5428 5819
1724 3600 6713 5533 7087 3385 7947 5035 6004 3643 7870 2763 3508 2788 6943 6256 4058 6535 6295 6455 2288 3446 2124 7677 7193 5188 5969 5336 4763 5561
1226 3719 6356 5705 7093 3382 8024 5002 5470 3087 8001 3011 3294 6089 7867 7016 4782 6122 7197 6058 1902 3277 1543 6683 6769 5220 6212 5784 5640 6261
6995 3029 5950 4780 6895 3551 8000 4316 4985 3040 7870 3510 4218 5755 7354 6718 5062 6489 6649 6933 2031 3299 2684 7304 6878 5261 7458 5212 5871 6230
7845 3693 6449 5594 6925 2840 7663 5014 5816 3109 7851 3131 3885 5889 6999 6830 5013 6705 6681 6107 2424 4418 1978 7247 6974 4922 6502 5468 4775 5307
7882 3567 5724 5400 7422 3311 8834 5279 4931 3624 8337 3061 3211 6137 7124 6139 4137 6499 6168 6504 2293 4377 3882 7000 7347 4974 7533 5344 5237 6170
7117 3626 6969 5414 7063 3242 8532 4255 6097 3846 8673 3456 4085 6295 7089 6184 4187 6009 7848 6525 1989 4140 4503 7409 7356 5779 6506 7547 5881 6257
8160 3323 6072 6081 6606 2489 8870 4598 5735 3373 7406 3472 4030 6011 7108 6339 4150 6548 7597 6621 2162 3466 3358 7864 6647 4988 7325 7377 5650 5151
7543 3506 6288 6078 6203 2798 7759 4208 5705 3217 8219 3453 4570 5536 7095 5904 4493 5668 8011 5917 2820 3437 4081 6982 6647 4597 7215 6257 5530 5355
8058 3247 6680 5575 6247 3040 8265 4392 6217 3947 8295 3581 4279 5834 7974 6362 4335 5885 7747 6016 3071 4409 3461 6833 7409 5436 7186 7190 4815 5519
8054 2939 5824 5632 7349 3573 8822 4241 5371 3249 8675 3111 4095 6062 7731 6773 5007 6719 8131 6921 1881 3721 3299 7854 7560 5350 6598 7368 5078 6279
6954 3771 6196 5463 7068 3480 7582 4128 5119 4084 7464 3094 3777 6162 8064 6674 4730 6745 7179 6187 4877 4132 3637 7341 7888 5507 6927 7267 4982 6250
13 22 1 5 68313 0.9485486326820589
4 8 26 0 89494 1.0220207613311167
21 5 14 14 44088 0.932016211067201
13 1 17 21 50704 0.9616908188793905
25 21 2 0 91656 0.9043743532051587
11 21 3 0 75856 0.9411534567570727
9 6 6 17 49223 0.9711203660749563
9 26 19 1 83629 1.032042244010215
4 9 23 26 90738 1.0789720979667896
24 0 0 23 108808 0.9380336216927132
1 28 16 22 52122 1.0031790230125115
2 1 6 29 102903 0.9671026177647403
7 11 12 17 38775 1.014191233079799
8 2 26 11 83424 1.0287502880398673
2 3 7 8 29933 0.9140583575132576
27 19 20 27 55637 1.0995778272569814
9 18 16 22 30535 0.9948052855565103
4 20 14 12 43347 0.9717848160564283
20 19 12 12 43623 0.9338520750178206
25 24 14 9 59029 0.9151562970189046
24 28 18 18 52721 1.0420056140542373
15 27 18 19 35399 0.9910626548097496
6 27 6 3 91835 0.9892043660458538
13 2 0 0 33070 1.0727801952033311
10 11 13 21 29882 0.981911516733887
13 0 23 1 27421 0.9852288397624785
25 26 9 14 70754 0.9052878153254812
0 22 11 23 26144 1.0083732605383606
9 29 6 9 83937 0.9812736407680501
25 19 9 0 75520 0.9184937005933496
17 21 23 9 45427 0.9921399720272936
11 6 14 25 53129 0.9804756529452568
0 10 26 20 77020 1.0658964824942125
20 25 8 2 97843 0.9976511948949466
8 6 11 23 56092 0.9316661929264556
19 12 13 24 40558 0.9054704626495658
15 10 21 24 52469 1.0850422132409299
0 0 4 25 80602 1.0909320759676375
16 11 10 4 34046 0.9564306402781245
26 7 21 2 35080 1.0648386867121655
3 21 20 17 60855 0.9243078362591056
20 25 15 6 64514 0.960238316612394
18 10 12 19 37738 1.0775033095512685
22 11 7 1 61980 0.9210383129355099
15 22 29 6 82318 1.0413251236196077
7 7 24 20 74268 0.9408985253995604
19 14 7 17 43922 0.9742003476780339
23 9 19 19 53228 0.9491049289057887
4 5 26 18 94905 1.0821756389804407
27 3 23 26 91761 0.900907119351788
11 19 18 22 22402 0.9676384940192329
17 29 26 8 89282 0.9158100398913188
24 3 25 17 45187 1.0720389430683865
15 22 28 29 61595 1.0990198221185792
29 8 5 28 113596 0.9554158916522673
0 15 8 22 37815 0.9945587214161045
18 7 5 13 41839 0.9434869183794277
26 7 6 11 79863 1.0701308815880952
22 0 17 7 33836 0.9890268304912397
16 21 19 12 29601 0.9863998009126889
29 11 17 12 41518 1.0506639428122422
26 16 11 20 47025 1.0334602971256643
15 28 6 24 45629 0.954798881821073
28 28 18 25 59548 0.9381472857652227
17 11 28 0 63232 0.9765017748401137
3 1 24 8 73028 0.9315452401402076
3 13 21 27 80842 1.0017420106123232
29 20 19 21 31382 1.0899436928263868
14 12 4 17 33728 0.9148347856559119
0 28 0 14 38912 0.9671188912554666
4 16 5 1 52334 0.9263185601023419
28 27 22 14 68836 1.021420893515881
18 16 5 16 29384 1.0765081605763096
25 15 6 25 73802 1.0288453915321263
2 6 14 8 36002 0.9410778336437999
3 2 11 24 81673 1.0408572727678491
24 25 10 9 77825 1.066455754625474
1 11 14 22 54839 0.99713474017895
4 12 27 27 92750 1.0510925116862508
29 29 1 21 101351 1.0721566642400584
11 16 20 5 44338 0.9595565385723779
18 29 3 4 96839 1.0000020560206395
20 8 4 10 61785 1.0691184003598655
21 1 14 16 52417 0.9338432455595231
10 6 2 8 27071 0.943910695073666
14 26 0 21 42053 1.044331228980927
23 28 2 9 105605 1.0068854420705489
17 18 25 24 31910 0.9483221244164644
29 23 6 23 73689 1.0075946670655842
5 20 9 10 51426 0.9168398754146431
4 6 13 7 24556 0.9315926851116886
11 16 24 1 67583 0.9830682040402887
21 13 28 2 66425 1.074433262551224
17 21 26 22 29026 1.0716687118095565
20 22 12 1 62780 1.040280825865298
23 11 3 22 72430 0.9973931904937281
18 18 25 7 61022 1.0626870812765448
14 10 21 18 55553 0.926142713540082
18 20 21 5 46036 1.0378748477421023
18 27 17 3 56689 0.9967939336803232
11 17 14 4 40672 1.0277547432967862
29 14 4 16 88782 0.9609038780312597
24 23 18 9 57375 1.0768647969236005
7 28 9 10 82387 0.9360940242570063
3 27 17 27 65682 1.0147451126740659
13 12 0 13 28073 0.9508242475577162
23 29 27 23 39731 1.0581104220293143
12 0 7 11 48312 0.9424457883831658
21 29 15 4 89242 0.9094347971876201
2 13 16 24 60376 0.9816312027744234
6 24 29 4 111879 1.0497162477122757
0 25 20 21 53979 1.046858594507487
11 7 1 23 68382 0.9662262264928103
22 29 27 10 74246 0.9613595563594657
5 10 10 2 40782 0.9201776841048301
4 9 24 24 88371 1.0032547855366543
4 4 10 13 42447 0.9724796016353043
9 3 14 17 52264 1.0542015744516626
21 4 0 24 91872 0.9693718841073629
8 25 14 5 66362 1.013516072653439
15 25 13 6 51728 1.087799307657839
0 10 21 5 69736 0.9413272880557927
25 2 0 24 110353 1.0616006051247675
21 4 6 22 73975 0.9026493162792932
24 4 25 22 54745 1.0917775883433594
7 0 6 23 81668 1.0476194802746863
2 28 17 1 101489 0.9367882428010769
11 2 5 25 77852 1.0741059296026894
9 13 0 17 28452 1.0982116013619583
23 2 17 12 45902 1.0969551209282637
20 13 5 3 65775 0.962117368017872
14 27 5 26 43595 1.0841002547100569
13 28 28 15 69112 1.091406124214368
10 22 27 12 65295 0.9630324867560345
25 17 1 0 92985 1.0483699993731606
21 17 29 8 60410 1.0531994755547136
18 26 22 20 28938 1.040328537998881
5 26 29 20 73217 1.017661963389881
19 10 25 16 36559 0.9505796053177812
29 22 12 20 50617 0.9827121368722714
7 3 0 18 61778 0.9848612199297049
28 27 9 13 86074 0.9489221522950515
4 26 19 2 92170 1.0446220590562192
18 26 16 1 59664 0.9081947361040626
1 18 6 23 31961 0.9321603052378508
25 22 18 14 42104 0.9234489469746532
13 24 12 3 47371 0.921269569231585
17 6 4 0 37822 0.9519135249345443
5 12 25 8 69341 0.9174647042036749
17 3 6 26 82358 0.9265095857217193
1 7 14 5 38451 1.0232610565551132
19 28 14 3 78853 0.9059061374346855
22 11 16 24 51238 0.9591539258106623
17 23 18 6 42636 1.0838495881195056
23 26 22 17 43080 1.089474801588466
20 27 7 21 55901 1.0209487544479388
18 25 27 20 41199 0.9133624590171848
11 3 0 29 91160 1.0298809192009195
16 2 7 5 40314 0.9628109868160825
21 29 28 20 53107 1.0542547842922647
8 19 22 28 72451 0.9142645795092935
5 15 10 27 49290 1.098502427684745
3 16 22 13 57773 1.0504177344258792
9 15 17 26 43983 0.9051110396767865
23 12 17 20 38845 1.083108284212571
0 27 1 12 46063 0.9971503388375339
22 27 7 3 111844 0.914119499502658
12 3 23 6 44100 0.9216617248915692
28 29 22 12 69467 1.0185430282064134
23 28 14 10 79527 1.0026817611848704
2 20 23 19 54716 0.9074964520142087
6 4 12 16 50526 1.0565170640981112
18 10 6 19 56350 0.981325032128969
10 10 7 24 56185 0.9256746952206539
2 3 16 8 53476 0.9293917625724227
28 3 18 1 44127 0.9752859400286024
3 2 21 13 75240 1.0399586932063039
2 3 18 12 62495 1.05432212981246
17 4 4 5 43151 1.089593945165821
20 19 27 3 80378 0.9303937540457339
8 3 20 7 55199 0.9616149469015041
17 19 3 24 45173 1.0397754328768412
28 19 11 14 58792 0.9302956975101753
14 23 27 29 64468 1.0107729425793281
25 3 8 2 64807 1.0813127101746947
4 3 6 17 52941 0.9956038364769749
14 14 17 29 59764 0.9196683462396006
8 23 18 25 39580 0.9403584802247014
28 6 26 26 77108 1.0226002974532247
19 8 26 26 75654 0.9837851595890602
1 1 5 29 97199 0.9430997992450343
22 2 2 29 128982 1.0512804633105275
6 17 14 19 28131 1.0847811507283636
6 15 27 8 83708 1.0274902833847723
12 12 21 1 54827 0.9906259286889998
18 2 26 28 85283 0.9703004404572515
3 1 12 13 53788 0.9640628172631368
22 23 12 1 72385 0.9442793086120459
15 23 28 26 58052 1.0687985321489288
26 1 24 29 90584 1.0867971899023199
16 5 8 8 36958 1.0772438264687703
21 3 7 28 105687 1.048821206110814
6 8 1 21 58580 0.9350584929125203
20 3 7 22 73031 1.0954921028851796
21 9 0 16 62448 1.0554486411034976
6 10 23 18 76630 0.9308306848104824
13 7 11 23 41056 0.9316241261707013
22 25 28 16 51051 1.089068673431169
26 27 7 17 75933 0.9739590482311885
5 3 25 3 67208 1.0009253537562526
17 11 7 12 31930 1.001998219866995
3 21 14 24 35731 1.0841813443165318
4 13 1 23 39377 0.9741543645047374
11 1 29 26 112587 1.066607582082062
21 24 10 14 52159 0.9408268277598955
1 1 4 19 62722 0.9745945931127087
15 17 6 8 52993 1.0463327764590828
1 9 13 6 38375 0.9307788947720883
17 4 8 17 51515 1.092966877010727
15 6 6 14 40361 0.9935974798221198
25 21 0 17 66320 1.0787485347422308
18 3 9 21 66345 1.0809341084167072
19 16 6 24 55597 1.0448595686743072
28 12 5 0 86165 1.0916348090907038
11 7 28 13 72713 1.0753037951945046
2 13 3 22 35069 0.9779552668851162
28 27 2 3 127237 1.0393554984346207
25 11 3 21 76647 0.9716592849831049
9 27 2 0 102108 1.04262751296375
20 21 1 9 74839 0.9215108763578692
11 8 20 27 76786 1.0364192618860784
3 17 14 19 31752 0.9473009405746491
6 2 9 22 79521 0.9655511547520923
8 21 1 13 43957 1.0316447110993874
29 12 17 12 45806 0.912948375118167
27 7 20 10 40350 1.0356157706621354
11 9 29 6 68935 0.9607074241217748
9 27 0 15 64454 0.9949349557047147
0 15 1 2 37579 1.0392223770156712
20 29 19 20 45688 1.0893187099670403
9 29 18 2 90187 1.02056688806911
3 25 10 2 88823 0.918671966229194
12 23 8 9 50683 0.9918927801627956
20 23 5 15 49995 1.0999278671627921
12 1 14 15 39173 0.9534293463902266
8 26 14 0 83103 0.9981232493777897
2 9 7 27 78449 1.04567147577568
18 19 11 10 42593 0.979758132381405
26 17 14 27 57454 1.0902773878438543
8 17 1 11 39455 1.0431877806363352
25 3 3 5 73606 1.078572775562669
19 21 13 29 31554 0.9983588559399083
4 5 28 16 99366 0.9135787429044951
22 14 14 11 39513 1.0888028691229452
4 0 6 10 41488 1.0654167673496941
1 8 15 5 47185 0.9419699198138485
9 12 2 3 52108 0.972987145912454
17 23 10 20 22641 0.9418604657840972
23 6 15 18 60751 1.0441646306071557
18 8 26 21 54274 0.9246523951387292
9 8 4 18 48944 1.030211787842476
20 1 7 8 59234 1.00320578606257
28 19 1 8 98132 0.9254054934317736
1 8 24 6 80392 0.9375352509760639
13 14 24 3 57370 1.0313255881019712
2 24 0 13 44594 0.9183240074242889
19 7 9 13 39304 0.9558154175610445
3 21 19 3 80284 1.0918174269973278
26 8 4 23 92761 0.9287213507211161
28 12 8 25 89809 1.0342764424247763
9 3 2 13 52740 1.0108423073198618
2 0 13 5 36094 0.9250729744850094
17 17 27 13 51193 1.0245973795408465
27 10 17 12 41955 1.0157915942304245
19 9 27 17 51661 1.0755903452388553
22 28 3 18 86993 1.0674166990346659
2 9 22 14 74956 0.9999314404490199
28 22 14 5 74742 0.9554809919575287
10 4 11 26 66825 1.0976528831785153
18 12 23 22 40589 0.9259449701329132
1 29 25 0 133387 0.9519132715753329
14 16 3 23 38403 0.9610311355242321
16 10 25 3 49327 1.0734964273738028
15 0 25 22 67940 0.9774462264163994
17 2 0 8 56775 0.9595484212488146
29 27 8 1 127383 0.9386024452096761
25 5 22 13 38644 0.9248270255827199
3 8 25 6 73840 1.0627475592848021
2 27 17 29 83291 0.9339896460984178
25 18 13 10 52595 0.9604865402896644
13 5 28 17 79982 1.0681009152787575
18 17 10 9 42854 1.0828037898864684
27 7 17 28 89252 1.0453624413882392
2 10 26 5 85612 1.0610826832202602
16 13 23 9 30989 1.0693881128714193
28 28 0 21 91617 1.0532431455847706
14 20 10 9 37634 1.0825429718469897
14 5 20 13 37324 1.0903962627468085
9 14 28 0 93272 0.9321921855779767
13 28 22 25 47377 0.9617031035766921
15 22 5 26 33699 0.9818990532539797
15 8 2 20 60969 1.0356062937100443
25 7 9 7 64085 1.0419675081233584
1 8 7 3 36985 1.0549603676909767
15 5 3 4 36915 0.9238235783830908
17 8 24 22 48824 0.9165093833006895
13 14 6 6 34696 0.966280410622779
8 7 24 28 98799 1.0987770141738138
2 25 12 1 89139 1.07525748561138
28 3 17 2 49840 1.0425472115764007
14 18 29 25 71541 1.0361746935523364
12 8 3 19 53845 0.9032226950332937
12 8 26 26 79969 1.008749572313163
17 2 25 25 66186 0.9382813767316038
16 14 16 0 36793 0.9890453077750224
0 26 3 1 75492 0.906903396726632
23 2 27 28 91458 1.0754834759320606
24 1 5 13 73834 1.0770847325613928
10 15 7 1 56854 1.0859124423421107
9 3 6 19 69254 1.0066941647899927
15 6 4 19 54902 1.0048478092587891
21 13 4 13 43241 1.0432302912956037
16 18 9 4 61320 1.0466788066783008
19 0 9 13 47136 0.9616217844772262
17 11 1 22 57358 0.9432463248704894
21 6 7 15 64982 1.053863596896375
8 15 11 24 41853 1.0738034266536316
4 22 11 1 70099 0.9938025047148484
6 22 7 7 66641 1.0590584210210894
27 24 5 29 88365 1.036280087514136
10 15 6 1 62086 1.052145398927806
8 18 14 14 36696 1.0265023707103291
0 20 26 15 75862 0.9291921277940182
25 24 26 10 39791 1.066494990650758
23 2 19 28 93690 1.0369690704430508
22 1 0 2 53518 0.9533436225100511
0 16 17 12 42900 1.0530774896409996
20 5 11 28 73938 0.9402159022642056
18 26 6 14 59507 0.9001485379321418
26 16 23 7 37629 1.0388463135720507
9 0 24 27 98139 1.0327955677795044
10 22 20 0 65537 0.902705579516525
25 4 7 9 67344 1.0056726507714258
12 7 24 12 50937 1.0867091845244934
7 11 22 2 73682 1.0988402649767062
8 13 29 14 76433 1.0164764428002602
7 17 1 0 62735 0.9760179470840394
20 3 13 15 46588 1.0198269379276428
18 19 6 20 36193 1.0785470918328184
6 14 13 27 45202 0.9141785938337558
13 22 10 8 41557 0.9473739164485648
28 27 1 3 131422 1.0606763145857916
6 29 5 0 104558 0.9585471141865853
12 5 27 14 74304 1.0840929459219482
19 3 7 15 59778 0.9192637022910564
21 3 8 15 69328 0.9886572631802399
25 9 8 19 72910 1.0266054333129075
2 11 29 13 92227 0.9970217856656988
6 22 20 1 76316 1.0621937058284059
4 18 28 17 78496 0.9951359835428704
11 7 23 24 70927 1.0157353642101101
29 12 2 6 91676 0.9968193985069629
9 19 3 29 54246 1.0923313411279472
11 14 23 17 52065 0.9150100504687984
5 9 6 20 41481 1.0289482545133997
19 20 25 14 26562 1.0162657328706346
24 25 11 19 51632 1.0689406467534934
17 10 10 19 36390 0.9906458720116392
26 4 22 28 92343 1.0496127282764822
14 7 9 26 60788 1.0478294501985417
11 21 4 14 37558 0.9839078577291619
9 8 26 6 70686 1.0325512143583833
21 4 9 12 57581 0.9466272386062744
0 18 2 6 37719 0.9922604975878693
18 9 2 4 55759 0.9644525974104332
5 22 6 13 33161 0.9367724157259459
5 3 18 15 65743 0.9790842980493687
3 15 16 1 64341 0.9297401927627837
23 15 2 16 63229 0.9252237795874193
19 15 13 4 44551 1.0293299354479921
7 23 29 23 71484 0.9546826027104339
22 7 24 29 75177 1.0391144046754845
14 28 4 15 47444 1.0242425659514935
2 20 17 22 38412 0.9558696363776185
11 3 16 26 70218 1.0233209041713267
21 21 1 19 57373 1.0962768667886078
18 8 8 8 43357 1.010047627584151
14 17 18 25 39211 1.0381828526755954
17 16 1 13 39288 0.9177378199778258
28 4 21 13 55903 1.0833254190980375
27 18 19 21 34891 1.0580232710280302
0 13 29 7 94418 1.0393904632347937
16 12 11 4 37473 0.9732922192314752
13 19 14 9 25051 1.0656449119468525
2 7 14 22 66024 0.9141264963109474
0 10 24 20 72038 0.9706329900937322
22 17 4 19 62064 1.0295170052306413
17 23 2 19 45013 0.9405395221195125
0 25 18 4 86022 0.9322327078396591
10 23 25 0 93050 0.9471700871861783
20 10 4 23 70630 0.9671144797333371
17 11 10 2 43149 0.9939239789728984
8 11 3 27 72373 1.0927614590245847
10 19 5 3 65016 1.0871252723568974
19 13 22 26 57430 1.029442343463073
14 24 4 16 39408 0.9635702190777633
23 18 20 3 69293 0.9116215353708346
12 15 29 1 85057 0.9883901473312375
26 7 3 28 118307 0.9455111094524848
25 28 8 10 88280 0.9659149833036168
10 8 5 15 32609 1.050348518981556
19 1 1 10 69129 1.08119661904477
8 21 20 14 60742 1.0243007421000558
25 20 2 2 94285 1.0689601815659118
7 3 5 11 37357 0.9763665869166192
18 4 29 24 90031 1.0840093040949823
9 12 1 2 56872 1.0190198829214079
28 23 23 1 84267 0.9448776906011033
4 7 4 29 73536 1.0397348278947374
18 24 4 23 43443 0.975857404579004
29 7 20 21 68120 0.9620811483723428
1 16 25 21 61410 1.0136205688082578
29 28 19 18 64531 1.080225627094104
0 24 15 29 56300 1.0695025395769375
3 17 13 3 51475 0.9388374209740874
25 11 11 0 59185 0.9371921149802803
0 18 18 14 51139 1.0791477014490944
1 20 11 26 41924 1.0738805109815444
28 2 19 5 44483 1.0788024333817328
28 20 16 28 55988 0.969067974166731
17 6 2 14 52290 1.087938175788938
4 14 12 17 30181 1.0679515002691262
0 17 2 26 35233 1.050476675395557
20 13 14 18 37554 0.9700549227996925
22 24 20 0 71621 0.9994008856110207
22 9 7 17 58122 0.9970321401429317
9 22 24 1 85953 0.9675664375976271
13 24 2 12 52219 1.0998851252260378
24 7 7 24 90738 0.9793778519018487
5 18 26 22 64861 1.034307038606835
22 27 20 10 78705 0.9740990538052255
24 7 6 18 81366 1.0028842049167808
7 0 27 21 88958 1.051021731667676
5 3 15 27 84592 1.0196776415706577
3 15 23 15 64895 1.0283803491410777
12 23 11 14 28185 1.0036019250869108
1 11 26 26 96679 0.935034667127892
22 19 1 20 55181 0.9021377583267635
6 1 4 13 49020 1.0745054822748001
17 6 25 17 49288 1.05531686963639
6 25 19 4 84418 1.0510597008854765
2 13 10 2 52241 1.0568074381058743
15 11 5 29 68339 0.964842058758824
24 0 3 29 129129 1.0744230615275383
5 13 28 27 93644 1.030150194055011
9 4 21 1 47816 0.942603310052994
22 28 21 11 70537 1.09616431515374
16 27 12 12 53667 1.008372186541512
8 27 1 20 47819 0.9366452284362659
2 5 27 28 116790 1.0716930806140146
18 10 23 23 51041 0.9904889102617294
2 17 4 4 51947 0.9136273509764271
4 11 18 17 47203 0.9132041213931722
23 24 9 3 88160 0.9728467814417605
15 4 27 3 55340 0.9467177246556228
14 12 6 28 66056 0.9283313667522283
3 5 24 7 71145 1.0209528665974388
15 27 17 9 50476 1.0856509126729355
21 16 0 19 62444 0.9180397575554116
27 1 19 3 33190 1.0934330706209106
8 4 14 22 61442 0.9232413061586632
16 15 14 27 39861 1.0321058298089778
28 2 1 10 104545 1.015937834536299
21 21 0 12 65820 0.9862637071380709
12 28 18 8 59269 0.9672020471238896
3 12 23 26 83293 0.9433654767311309
6 21 0 17 27748 0.9398997152490043
3 29 2 13 63555 0.9195898735269179
3 26 11 4 85142 1.0905401088293198
18 28 3 4 93532 0.9385837284734273
4 8 17 11 48097 1.0206862357074162
14 16 5 21 32847 0.9908446046345574
16 23 12 9 46016 1.0329645337215942
3 5 3 24 66264 1.0996402366060745
27 26 25 11 48498 1.0354597740979503
26 0 21 7 43389 0.9932004940140491
18 18 11 12 33821 1.016336038338419
26 23 5 16 65233 1.0766084514247496
11 4 14 12 29848 0.9043637956377261
28 13 17 19 53352 0.9647061585461905
3 4 12 16 52467 1.0182244486289636
0 7 13 24 63435 1.0548164932905941
14 7 8 12 34729 1.0669398999938604
7 2 29 27 129238 0.9406320060000153
3 10 6 27 66962 0.9013083726619519
15 3 27 7 56994 1.058801414343715
7 11 27 4 81254 0.9765490541230128
21 22 6 0 75986 0.934585707788638
29 6 4 27 123650 1.0314740696642604
10 29 7 19 42222 0.9556423057725086
21 26 9 16 59680 0.9761285951458631
12 3 22 13 56839 0.9722287749721918
14 2 29 12 79696 1.0669122774123339
14 24 20 29 54091 1.0596067473722226
23 13 4 24 82033 1.0990063778400112
3 15 28 12 82662 0.9428071480571698
11 17 22 19 41373 1.0952336827966023
23 2 9 23 90069 1.0067405850716271
26 28 4 14 84086 0.9546170473365416
0 2 20 1 46796 0.9297846860773734
28 25 10 2 105119 1.0856218890672753
11 15 9 23 32620 1.0680259732570325
4 7 12 15 48008 0.9434838606774744
25 29 4 20 72178 0.9752155685921309
27 7 10 12 71513 0.9058017977957301
10 17 8 25 37591 1.057999500259517
29 27 23 2 105188 1.0902812448886183
6 6 8 16 44489 1.0269292691666045
28 13 11 16 69286 1.033929626213481
27 18 5 0 97696 0.9674589706294876
1 16 11 7 49525 0.9357235809991615
17 4 19 13 23102 1.0776182359213449
20 15 11 19 40983 0.9063132588019308
28 8 7 9 74264 0.9080153933981315
10 1 21 21 73442 0.9052554550748609
17 25 27 10 61961 0.9679700699825051
20 0 17 19 43045 1.0201109780112063
21 29 13 24 53350 0.9200688137060323
20 4 13 9 35584 1.090901870985705
12 11 3 19 44350 1.0386615552532803
14 18 2 19 41595 1.0053508237211763
3 11 21 26 86655 1.0070841447503274
26 4 6 18 92268 0.9157447954368525
25 3 11 16 66572 1.0981886966472996
19 13 25 17 38995 0.9463128870347232
22 7 25 22 53322 0.9942202273531704
1 6 18 1 55642 1.0212336678007092
25 9 29 15 39499 0.9087916133991935
6 23 28 22 62366 1.0032567772598247
19 27 2 28 82046 0.9078502563353229
7 28 23 16 85322 0.9648518364388472
29 23 19 23 45234 0.9039478487665219
1 13 24 11 60622 1.0068320378016427
25 24 19 13 46540 1.0056952419860303
0 14 17 16 40703 0.91958149009047
7 2 16 4 42511 1.0465149259028976
24 16 10 11 59613 0.9117665121331698
11 2 21 4 42669 0.929971849751939
14 16 7 6 39147 0.9644762508358875
25 2 5 3 63972 0.9438005450210527
11 2 28 18 91153 1.0093315581881621
12 26 13 12 33063 1.001816699545901
18 5 27 20 56698 0.9669064926675771
4 29 13 24 47153 0.9670256056811046
1 16 6 10 33806 0.9949125015259339
11 14 15 27 42318 0.9420006038785378
14 1 27 22 80295 1.0050890329430777
22 22 0 19 56209 0.9294782048519163
8 0 20 3 34210 0.9466039711407658
29 27 28 11 74869 1.045989032464773
17 10 29 4 52977 0.977921857155196
10 21 19 17 41020 1.087070768678426
4 12 15 6 42239 1.0648270057274796
25 23 15 25 43636 1.0341587328873696
14 19 4 20 26909 0.9837018669119821
25 15 10 12 58431 0.9056491995261666
2 0 29 4 82759 0.9399361599064797
3 18 14 11 42337 1.0127777069220927
12 15 17 28 50034 0.9058615804390012
16 9 23 28 70170 1.0636527045872008
12 14 8 6 37512 0.9222772856512105
4 16 26 8 79193 1.0769906018846491
17 11 4 9 44618 1.0211476673776119
29 11 6 0 82960 0.9068371320935263
3 7 20 6 57767 1.0911205940472224
4 18 12 20 26024 1.0924835844057745
27 19 18 10 55996 0.930782510172415
16 29 0 23 60101 1.0278589436165586
6 14 6 2 52639 1.0394669988705536
0 23 27 14 87735 0.9858163074177478
12 13 1 1 60048 0.9337418192756218
29 24 14 23 64493 0.9010909748331787
26 0 24 29 98272 1.0113563617629278
13 20 8 4 55237 1.026446893337849
13 13 7 27 59706 1.0148676450191922
3 7 26 29 108732 1.0444593418979002
14 25 28 6 97503 1.0566297446962483
24 1 28 8 42331 0.9754903379652294
15 18 18 5 40541 0.9747478757104217
14 22 24 23 32747 1.0821152248643824
8 27 19 19 59637 0.9961435117246495
5 16 14 27 40452 0.9861521727295732
19 24 6 13 57790 1.0559006199459127
4 23 20 25 52728 1.0730037725421033
1 18 16 25 62598 0.9634919638054715
10 6 25 10 57552 0.9781462912364642
21 20 4 20 40860 0.9503533061856086
13 29 4 13 49148 1.0423370845807258
15 19 5 7 60481 0.9918137898404772
23 0 11 25 94194 0.9250657123971976
0 23 9 20 28661 0.9682104265073705
15 12 9 25 50969 1.0520683664959123
11 6 1 3 32814 1.0997639718535852
15 9 22 17 48488 1.0660104148041545
6 28 6 15 54701 0.914162557521681
19 4 3 0 40916 0.9656865100275197
2 27 17 25 62431 1.0727361718747632
23 9 5 9 57832 1.0357535790306058
13 27 26 9 71610 1.063172258365896
22 8 6 29 101169 0.9476297849352674
1 23 14 25 43352 1.0134915873311687
17 3 21 14 40837 0.955412652043282
10 18 0 7 49717 1.0754368952602824
23 19 11 23 40830 0.9680465586705522
16 15 10 27 49258 0.9326940313751827
2 12 15 1 62380 1.0078115727242494
13 25 24 21 38271 1.0990128547113267
23 24 16 15 45109 0.9587217906236916
29 5 7 21 98990 1.0163857716128109
16 21 17 0 46542 0.9501026951993328
27 14 25 29 50079 1.052000247970603
1 13 29 8 87840 0.9838289627968577
22 17 2 29 94692 0.9225347285832842
19 0 9 4 38809 1.0705619940808442
21 23 27 7 69018 1.0164909897003045
5 27 18 0 88084 0.9033390185822189
25 9 19 16 47294 0.918976954077972
14 23 24 2 83400 1.040155191418791
23 7 2 22 87680 1.0171193152748794
17 29 29 19 67275 1.0581485800694401
14 22 8 1 69682 0.9200674375444623
16 18 3 12 49014 1.0199187806052707
3 22 29 3 112274 0.9040003211011013
6 4 20 28 101994 0.9244284659339609
27 22 1 12 83459 1.022737758407514
9 5 14 21 49839 0.9243718551920195
2 21 2 8 54856 1.0382809983945036
28 29 28 17 54931 1.084404644640387
12 22 1 8 65657 1.0431325001787108
25 28 9 8 89526 0.9301312882791455
25 20 2 1 92955 1.0407406763958031
9 13 24 27 73677 1.0775643001972826
4 25 28 13 94558 1.0581364490627032
0 7 1 20 39620 0.9994505440059699
6 9 20 6 58602 1.0613046143460485
23 7 23 27 73970 1.0766065990103022
6 10 26 2 88937 1.0623936212235738
8 12 20 23 56224 1.023393326481582
18 26 12 8 58326 0.9541136575584716
8 9 1 6 28561 0.9924626574375629
4 20 0 13 29933 0.9402709989731712
10 7 17 29 78199 1.036951327056646
0 26 2 15 38236 1.0233728450435549
24 1 6 2 53381 0.9248936752564337
24 4 2 9 77226 0.9831662054243608
11 6 20 0 33764 0.9325629949764485
11 13 0 15 27324 1.0795341544524562
13 4 12 24 48119 0.9329616908267927
5 13 24 23 69947 1.0257033534661224
6 19 7 1 72576 1.0790359217169612
29 24 26 10 63394 0.9389820014235319
14 7 17 21 41896 1.0995522023018622
23 17 25 2 59202 0.9965882998982628
4 27 4 7 67670 1.044628431165389
16 21 21 14 41054 1.095494973738638
4 14 15 14 28158 0.9242406505621926
27 10 13 22 65013 1.009171681789041
22 5 1 2 67082 0.9689218716482944
23 6 29 29 92648 1.0268717632453233
6 25 17 5 75001 0.9223915026039872
21 16 25 0 71444 1.039428575385599
18 10 18 23 40359 1.0835237387433694
29 3 7 22 103480 0.9057632952927409
5 26 23 23 57693 1.043708572775579
9 6 29 5 63651 1.023943363109915
7 0 18 25 78773 0.9657086541668715
16 20 29 9 63012 1.000467179254994
12 22 27 11 60899 0.9411611558896684
15 6 24 1 44409 1.067940783968167
27 19 20 10 53509 1.0203955500824722
18 10 14 23 46380 0.9637347816510774
27 2 18 26 96792 0.9606049265499352
12 29 4 2 90032 0.9245107479181628
11 12 2 24 61624 0.9268561128767119
27 11 2 19 86339 1.071265289068536
18 6 5 2 49177 0.9907259212654072
13 11 18 19 32322 1.0610827334589756
29 14 6 23 86613 0.9833305396467452
5 1 11 12 54403 0.9460512562612637
4 6 25 17 83454 0.9625704876884065
28 5 24 23 71168 1.0346435921615584
1 27 24 5 110690 1.0785202062695682
5 20 6 29 35216 1.0333804284510335
16 3 15 15 38270 1.0005496889227958
7 20 22 3 81164 1.069449472899432
2 16 29 26 95727 1.0320754473476583
23 4 16 19 58088 0.9296886473724087
27 16 6 18 73649 1.020215145935775
8 5 18 9 38768 1.050934552322929
6 16 28 9 75454 0.935831623903604
22 17 25 9 37279 1.0650423346758253
29 0 6 13 93821 0.9909793579881913
25 12 2 8 83116 0.9334464307675779
8 16 18 29 55371 1.0622968224030873
24 10 12 12 46907 1.0223067373633863
3 9 28 12 88857 0.9621329335742957
25 8 14 27 78133 0.9679831149583606
2 17 13 5 54138 0.928213387931716
26 27 16 4 80671 1.029418381302141
13 24 24 8 67179 0.9100627247995658
24 4 2 6 68145 0.9524932121493092
16 26 4 3 88944 1.079893263009859
17 14 22 26 49980 1.0547473279571828
17 28 26 12 66417 1.0935546284043782
23 4 13 15 53382 1.0151835269884528
18 4 9 12 49700 1.0773250670679013
26 15 19 11 34792 1.0464704203764685
14 27 0 9 68857 1.0230317171085461
24 11 6 0 66249 1.0257970056630206
10 21 12 12 35618 0.9667235915778315
17 12 2 9 49266 0.9735031999038142
5 26 29 9 103297 1.0532487078530448
6 25 3 15 44958 1.0338389594151116
25 13 3 1 83154 1.0223828377128419
4 4 22 16 83527 1.003661797476528
25 14 24 28 39518 1.0145758754845313
18 21 27 14 48531 1.0928439011251088
9 18 17 21 32627 1.0089354901292262
4 28 21 28 87864 1.0657578847054048
11 0 7 7 37898 1.0266157341762439
0 5 17 1 47202 1.0754110827253356
0 2 20 28 113871 0.953800717913533
27 27 7 9 100134 0.9309536985423535
2 12 15 25 66334 0.9738727436147959
29 1 18 18 82482 0.9821815196272263
29 18 7 0 99379 0.9885613032754869
12 24 25 5 78866 1.0982727339548373
26 7 8 0 65093 0.9515490024609186
15 12 10 23 36558 1.08469500566082
10 12 8 29 67117 1.00140115763388
15 4 24 24 75518 1.0301225741237465
25 16 2 7 90204 1.0865472244041479
11 29 15 23 32166 1.0451103398515116
20 1 2 29 117771 1.0369301704780631
23 3 23 15 50163 0.944311455714383
7 15 28 29 92189 0.9241963685761256
8 26 25 28 76729 1.0135651984688407
28 10 20 8 37658 1.0062827104812293
5 13 28 18 73984 0.9307193772335883
13 11 16 3 29569 0.9739916979065723
22 9 9 14 50610 0.930860669184224
28 12 18 6 58744 0.9932156773055255
22 21 22 7 58203 1.0199606287512557
6 10 18 27 76403 1.0118955764228477
26 15 1 12 84024 0.998449012647649
13 1 29 16 87690 0.9200780834580533
18 0 3 0 29185 1.092407443983965
8 3 21 24 88377 1.0970992323372848
10 8 0 27 74388 1.0611477627619033
11 10 1 14 37228 1.0846076923102552
8 17 8 5 54251 1.062634447594384
1 7 21 16 78120 1.0740632794628802
1 23 20 15 71305 1.0676461882241817
15 29 9 23 38891 0.9502563081214708
3 17 3 28 45951 0.9102680137196001
25 26 1 2 113554 1.0905674291134237
10 3 14 24 62135 0.9405834161732685
19 9 17 26 42769 0.9461295801502424
2 15 15 28 60666 0.9599724325597445
8 4 18 9 46493 0.9465047571507926
11 17 1 14 36310 1.0889137048454378
15 7 15 23 48222 0.9757205748332656
6 14 24 12 56801 0.9149055344781828
2 19 8 4 70049 1.0081581443685135
29 22 29 6 76767 0.9851670304714093
28 18 19 13 54049 1.0500159253334418
17 9 5 22 52408 0.9636091889589096
2 23 19 8 79715 0.9197227681971982
23 8 4 4 73077 1.0755874814577115
8 17 27 1 92388 1.0357423022272003
13 23 5 15 31701 1.0125766322397045
12 23 26 5 77435 1.0547908822659342
5 4 28 29 121986 1.0523051453659527
13 9 22 29 85286 1.0753150582398867
12 15 26 14 63744 1.0845177287292358
17 25 26 4 75665 0.9891566624261139
8 3 22 0 53311 0.9044830599601141
2 6 20 24 85635 0.9764999247959815
27 14 20 3 66239 1.0100356020058627
0 29 19 15 78551 1.0833753894819818
16 19 25 18 30688 1.0631927031932613
0 6 20 15 76504 0.9720593921745229
9 5 0 1 38544 1.0464686001206607
23 8 6 24 86579 1.095352601987294
5 21 23 27 65954 1.0915505386160986
8 15 14 23 37802 0.957700567857364
9 11 7 20 39295 0.9549071734362232
11 2 9 15 52756 0.9285592164555534
26 7 10 6 61048 0.9140342293859329
6 26 8 14 61221 1.0928503393093332
2 2 22 27 120659 1.0126723666622501
15 4 26 7 49543 1.0266937003218934
1 20 7 25 35877 0.9048392874421058
16 21 12 3 52726 1.0073774401700957
14 15 25 8 59785 1.0377733486592384
18 22 17 13 21609 1.0159985858057468
18 26 20 3 65793 1.0563501246019698
15 15 3 10 45108 0.9364448305438536
5 17 24 15 67070 1.0334651692675045
21 2 22 11 36113 0.9749909253198974
5 9 23 16 73683 0.9506769922975
8 14 24 15 68767 1.0086181834044023
23 1 4 21 94644 1.0441118803707683
18 23 29 20 42128 1.0995058677782519
6 26 17 26 51769 1.0129900987043399
2 24 18 12 70041 0.9036749609919086
2 23 23 5 93471 1.0000211990153332
10 13 25 19 48972 0.9309222911940254
20 27 12 17 54373 1.0334198079510861
11 28 0 11 70182 0.9741365526129497
28 27 13 22 62992 0.9552564805506731
17 13 11 28 48221 0.9847658400870115
4 1 0 23 72917 1.0891402097583383
14 3 7 23 61916 1.0458859496224915
5 0 25 0 53138 0.9005983286777045
14 11 3 14 31225 1.0382688095538
9 5 1 9 34055 1.0187149149804933
14 14 0 17 40036 0.9572634297402282
0 3 9 15 58933 0.9081951299338513
26 4 22 18 68743 1.0745063725818844
0 24 10 18 38831 1.0798632741668708
9 11 19 24 59637 0.9056359538025335
28 29 5 1 124044 1.0108729109524723
7 6 13 26 56073 0.9054664257318182
26 0 12 4 65301 0.9053020078102273
28 15 14 29 77539 0.909235710810046
16 18 27 20 34700 0.9303576991809763
24 2 9 26 102584 0.9338092387736193
16 9 2 10 52086 1.035489543159481
20 28 12 3 85177 0.9761202096265735
19 20 28 17 34880 1.013472484616813
11 6 14 21 40766 0.9294050631901986
23 23 3 17 62734 0.9199913533000785
21 1 9 19 71930 1.0665711061465688
9 14 20 24 57495 1.0803308975380286
8 0 13 9 32069 1.0503717096447351
18 8 11 24 56926 0.9520431540690705
23 17 29 21 34096 0.9102649326989228
22 2 11 23 83342 0.9608453673278514
24 1 15 7 45437 0.9546214153580131
15 17 26 19 43565 0.9563329041777938
13 6 3 14 39150 1.0023470303175657
10 5 3 11 34541 1.0992371648684083
9 29 6 12 71584 1.0935009058691942
17 9 25 6 36559 1.0667607431683896
22 19 1 22 55120 1.0909621156629516
23 1 9 17 76427 0.9951529825007734
29 23 15 9 74177 0.981508618524194
13 29 8 23 29817 1.018708134025963
9 0 20 4 35454 0.9987028320270024
3 13 8 21 38631 1.0912437637616208
7 10 26 10 73858 1.0167583010678272
3 22 14 9 51781 0.9628255239568501
19 4 15 29 77037 0.9334423569452327
27 25 2 3 112669 0.9501506362493246
8 6 7 16 43090 1.0002492335435595
10 5 27 14 79584 0.9579216025913291
24 2 29 15 66868 1.0990394623312547
3 22 8 16 29713 1.059826705228486
29 14 12 13 68994 1.045759948446344
2 26 16 6 86606 0.9879122529870427
24 5 6 7 59739 1.0055287854083137
6 26 4 5 76111 1.078361622767891
22 4 9 6 47049 1.0457515728888926
4 7 17 2 46355 1.017829960566914
15 0 28 29 101638 1.0808112640021568
1 0 4 8 28053 1.0489906432888736
2 19 27 5 95604 0.9230368304943798
4 22 8 29 42522 0.949433782396776
20 15 29 26 77057 0.9680386216746317
28 18 15 21 44166 0.9035506711063073
16 0 21 14 49137 1.0598931129465834
8 0 3 20 76160 0.9790200477092017
11 25 7 4 78125 0.9764130641375288
6 9 14 14 41787 1.069583418932392
24 4 25 27 66140 0.9336878576346621
20 27 24 4 90452 0.929200038586559
8 29 9 12 73367 1.0383641008372313
0 6 16 6 38394 0.9075816457323044
16 4 0 29 95697 0.9132035562101244
8 15 29 5 86966 1.0493499765114147
0 21 23 24 62360 0.9684579074769534
19 20 5 23 38084 0.9405830204849639
26 23 7 18 68899 0.930919382342957
2 29 14 9 85836 0.9025657079836222
4 13 17 8 36961 1.0000033553532792
0 7 23 27 105269 1.017294232824255
0 27 18 3 92030 1.0983380944859211
10 26 28 21 63007 0.9389392580007787
25 12 2 25 91269 0.9252823083850623
5 29 19 3 93642 1.0762729418519281
29 11 16 5 53993 1.0084429720946215
25 15 23 3 45722 0.9959327667625197
26 28 21 1 94915 1.0551222310327726
0 3 29 1 79525 0.973385397705956
2 14 8 3 59294 0.9049898870209219
10 9 8 19 39557 0.9248582929721871
17 0 7 0 19588 0.9218840348300651
0 22 3 11 41837 0.9565303062487409
17 28 15 6 65078 1.027190182347395
17 6 21 29 76194 1.0910583182305922
29 24 16 23 59014 0.9709533548979594
12 11 25 23 56105 0.9557554002281937
18 20 14 9 34194 0.914407511132956
2 7 18 16 64017 0.9878019958979426
18 25 27 18 51466 1.053547365854747
14 1 1 6 41033 0.9488443990727824
4 15 8 23 36373 1.03536322227456
0 6 15 23 70518 1.0337269451188307
18 26 24 21 37598 1.078974152054433
6 17 15 3 55436 1.084382225565479
7 7 27 17 93041 0.936919676908837
29 29 16 16 75930 1.0203365116076535
16 19 29 14 62141 1.0675468808309772
1 29 17 7 89515 1.0056501234147326
5 25 8 7 76960 1.039316582219635
29 5 17 5 38275 1.0438456109334682
19 17 14 3 52677 0.9136192349845736
13 28 19 19 34056 1.0510932691236072
1 21 22 7 91856 1.0627307309150975
23 15 5 12 65060 0.9141499083150257
9 29 11 19 41867 1.0822860316111567
6 10 9 25 71583 0.9121007627329305
7 13 21 25 65092 1.0273803231470455
7 26 25 17 73718 1.040182293670827
24 4 16 14 51136 1.047736551003304
6 6 13 3 22611 1.0423237554856464
29 16 13 25 63781 0.9020940659959946
29 28 8 19 84836 0.9575457543034946
15 21 24 27 51096 1.0070552577802132
14 28 14 2 64024 1.0469157624953116
1 4 21 28 119500 1.016753476732544
6 7 24 24 94345 0.9037154964178341
27 9 17 11 38577 0.9798327960422213
0 1 14 22 78111 1.0013052634370867
5 12 28 17 82975 1.088204164848825
6 23 1 13 46171 1.0539019732782313
7 13 21 4 53806 1.0762918093182563
1 0 28 1 67415 0.9846163205149252
0 20 6 10 48111 0.9735380277512553
22 29 6 7 113264 1.0244131928772107
13 24 6 13 36442 1.0176743440597207
25 24 7 2 94802 1.0802951433802208
26 3 4 10 88683 0.9975031396467177
6 3 1 17 58811 0.9624952486592155
9 4 2 12 53130 0.9079535549648085
9 8 22 26 89943 0.9716259821139169
10 13 12 1 34906 1.0803942609252668
25 15 6 1 83256 0.9719149652533361
29 1 8 13 84808 1.0311228794034741
5 0 18 9 44979 1.0447919160101733
21 15 5 17 51854 0.9933654957188419
20 22 9 27 45016 0.9170444928493723
20 29 17 20 41188 0.9581498299734375
2 12 19 13 44056 1.0560733615669273
22 21 5 28 61160 0.936267482438621
24 0 15 2 41883 1.05230442927057
24 26 0 21 77387 0.9945573658325513
18 2 7 14 54280 0.9065310190868677
20 14 16 27 57787 1.02912612182774
9 18 26 14 68604 1.066528267931147
4 21 0 10 40309 1.034570994772896
8 21 3 0 78607 1.0308445630283098
8 27 23 17 75399 1.0005973339719418
13 5 24 27 83045 1.0511422802243557
20 16 11 1 60792 0.9338285263229049
12 28 8 19 36456 0.9776803323163046
18 23 9 7 63926 1.0055505998869865
27 24 2 26 93848 1.0164967260268631
12 7 5 15 38649 1.0800011668469884
22 1 24 10 40312 1.0756760091663555
6 7 29 29 123646 1.0295269525275175
2 25 22 24 72480 1.093652452793393
23 7 8 16 63024 1.0219125278501302
19 23 0 1 90265 1.0008272716183275
26 28 5 13 82366 0.9378815169737539
22 5 5 4 57248 1.0131686573543057
20 7 29 3 45440 1.0809816498192484
1 15 9 0 58510 0.923529785759012
29 4 22 0 42663 0.9988142571489309
8 28 3 18 55023 0.9956906312607018
19 6 10 24 64956 1.0844869439813556
6 6 22 28 102950 0.9151988004380102
17 17 9 27 49566 1.0221506315721278
6 2 19 27 98777 0.9659052219701859
5 22 0 5 59352 1.0267167971270028
10 17 22 27 68462 1.0536686967960398
12 12 29 22 69672 0.9219648479355149
27 12 5 29 97009 0.9705301379169993
26 28 25 18 30300 1.017594336622514
