8359 8422 7841 8835 7658 8145 7495 8478 8729 7571 8754 8070 8040 8575 8754 8858 7477 8428 8643 7928 7865 8818 8426 8353 8264 8662 8760 8657 7887
4396 4432 3574 3461 3684 3557 4015 3324 3582 4003 3663 3359 3287 4417 3861 3553 4503 3248 3441 3700 4340 4285 3285 3878 3979 3731 4448 4000 3873
6428 6151 6042 6198 5127 5813 6438 5125 5980 5457 6439 5694 6213 6032 6512 6147 6065 5221 6108 6297 5480 5401 6200 5281 6074 5925 5543 6107 6006
5731 6104 6150 7121 6324 6857 5744 6869 5868 6585 6918 6618 6960 6581 6366 5850 7055 6693 6933 6371 6702 5918 6290 6989 5723 6435 5707 6074 6873
5126 5852 5475 5575 6179 4972 6002 4821 5044 6001 5339 5939 4948 5247 5171 5315 5477 5833 6022 4984 6015 6112 5575 4806 5220 5424 5550 5561 6223
6624 6511 6647 5993 6316 7068 6152 5916 6655 6196 6495 6966 6193 6501 6950 6597 6356 6236 5834 6948 6957 6079 5794 6944 5887 5994 6186 6993 6805
2305 2446 2739 2974 1628 2088 2581 1761 2183 2802 2032 2483 1886 2246 1657 2433 2409 2666 2395 2609 1623 2878 2962 2550 2770 1755 2526 2060 2549
7421 7316 6635 7755 6715 7344 7759 7713 7473 6974 7569 6517 7741 7260 7021 6560 7786 7360 6507 6997 7656 6911 7053 7231 7406 6817 6422 6945 6800
3787 2890 3811 3878 2982 3224 3171 3142 3407 3255 2761 3332 3471 3019 2988 3223 3631 3590 3492 4007 3225 3195 3244 3495 2819 3444 3092 2772 2763
7400 7082 7611 7936 7562 6850 7680 7629 7973 7731 7613 7289 7710 7191 7179 7936 7807 7522 7763 7548 7603 6799 6664 7407 7982 6995 8050 7594 6768
2465 1884 2009 1757 2568 2109 2068 1902 1300 2134 1692 1684 1738 2150 2346 2499 1888 2138 2436 1700 2283 2350 1956 1238 1375 1589 1684 1946 2233
2294 2285 3265 2311 2498 2952 2185 2809 2365 2252 2654 3028 3026 2867 2630 2983 2154 3177 3207 2885 2646 2454 3400 2173 2871 3495 2611 2686 2938
1902 3154 3046 2919 3190 2028 3140 3159 2237 1893 3116 2562 3166 2850 3188 2488 2226 3190 2316 2330 2975 3210 1844 2507 2265 2315 2198 2026 2912
6542 6000 7119 6493 6742 6036 6454 7165 6344 6893 6441 6622 7092 6198 5946 6619 7207 6912 6200 6613 6113 6419 7201 7141 7182 6567 6622 6182 7168
1611 2332 1412 1501 1574 1643 2113 2405 2095 2072 2314 1056 2428 2250 1804 2166 1553 1611 1495 1947 1234 1231 2048 1361 2351 1605 1547 1995 1808
6907 6802 6313 7338 7240 7318 6154 6737 6859 6699 7114 7030 6321 6970 7074 6567 6959 6315 6498 6153 6439 7131 6351 7205 7196 6392 6951 6463 6644
6540 6664 5865 5680 6395 5943 5816 5641 5854 5873 6902 6511 6481 5986 6495 5620 6435 5721 5835 5971 6018 5750 6083 5721 6867 5653 6567 6479 6291
6685 6476 6209 6199 6551 5761 5331 5524 5377 6306 6258 5649 5462 6102 5466 6001 6715 5592 6548 6065 5567 6421 5740 6444 6440 6101 6272 5810 6257
8475 7894 7814 7949 7640 8207 7644 7176 7679 8574 7989 8409 8221 7450 8359 7173 7231 8262 7506 7232 7798 7720 8594 7907 8211 8266 7416 8358 7361
2884 1784 2357 2041 1897 2817 2277 3070 1733 3061 2509 2253 3022 2824 1889 2636 1753 3034 2726 2018 1983 2312 2720 2046 2914 2406 2696 1948 2160
1703 2232 2192 2631 1468 1552 2734 2097 2778 1788 2264 2052 1832 2455 2545 2617 2164 1740 2822 2713 2398 2268 2703 2630 2172 2012 1501 2483 2090
7322 8513 7629 7861 7659 8262 7673 8508 7990 8530 7262 8238 7999 7468 7614 7923 7118 7666 7970 7282 7602 8373 7663 8203 7972 7607 7508 7197 8367
6741 7145 7994 6857 7571 7826 7480 7298 7184 6742 6714 6753 7049 7457 7270 7961 7256 6778 7419 7868 7324 6977 7749 7322 6863 7692 7661 6996 6839
7112 6408 6584 6869 7781 6658 6916 6477 6975 7793 7626 6964 7562 6536 7532 7292 7033 6813 6481 6714 6406 6941 6634 6740 7144 7744 6700 7407 7360
4349 3724 3690 4502 4470 3440 4667 3702 3781 4240 3511 4550 4044 4552 3392 4317 4064 3853 3967 4574 3905 3638 4704 4056 3555 4601 3619 4229 4320
6057 6393 6696 6089 5496 6106 6395 6062 5769 5548 5588 6005 6090 5424 6628 5775 6736 6451 5901 6016 5716 5711 6696 5669 6433 5778 6415 5523 6828
3251 2531 2068 2261 2817 2402 2246 2959 2564 2408 2448 1957 2854 2541 2859 2429 2769 2635 2244 2294 1987 3229 2044 2290 1994 2254 2138 3236 2707
3360 2931 2335 3080 3336 3666 3167 2534 3399 2332 2990 3423 2862 2673 3442 3134 2504 3431 3065 2866 2522 2311 3195 3059 2370 3647 3563 2985 3148
3932 2926 3852 4047 3330 3648 3515 3382 3532 2887 3960 3328 4043 4214 4004 4154 3652 3192 4045 3399 3692 3397 3859 3576 3347 3246 3980 4149 4184
3530 3407 3634 4268 3901 4201 3577 4418 4008 4608 4266 3667 4597 3428 3945 3996 4233 4442 4342 4032 3966 3491 3487 3994 4657 3694 4233 3675 3315
3580 1322 3208 8876 8004 4626 3969 4150 1965 7503 3053 2710 4110 4231 8104 6295 3873 5895 7512 4264 7369 7834 2959 7422 5168 3891 4182 6068 7393 6659
2895 1846 3233 8836 7967 3942 3263 3911 2259 6999 2111 2823 4313 4414 7549 5919 4814 6007 6919 4077 7554 7455 2360 7807 5223 4318 4039 6236 6683 6085
2997 1877 3961 8229 8471 4393 3451 4061 2251 6809 3206 3518 4196 4207 7042 6175 4704 5125 7324 3995 8199 7842 3192 8564 4602 5224 3961 7261 6769 6902
2683 1809 4284 8136 8355 4693 3603 4453 2732 7726 3262 3765 3459 4453 7631 5864 3714 5207 7153 4456 7762 8409 2235 7642 4642 4693 3298 6296 7039 6729
2682 2578 3844 7740 8513 4372 4277 4193 2150 7493 3070 3845 3971 4521 8149 5653 4368 5460 7351 3857 8215 8520 3117 7596 5395 5045 4303 6092 7011 7199
2845 2517 4164 8210 8288 4777 3745 4066 1364 7692 1983 4007 4248 3939 7507 5430 4877 6013 7096 4206 8019 7399 2148 7397 5477 4193 3855 7203 7139 6335
3486 2109 3233 8848 7455 4215 2965 4661 1962 7624 2754 3341 3424 4447 7445 5390 3647 4766 7641 4545 7299 7860 2759 7971 4267 4390 4032 6862 7343 6122
2663 2612 4354 7851 8008 3968 3658 4556 1350 8021 2320 3938 3442 3805 7020 6080 4610 5447 7491 4321 7170 7394 2841 8700 4144 4436 3951 6198 7216 7362
2642 2054 2993 8255 8069 4862 3473 3972 2735 7412 2248 3865 3576 3648 7469 6029 4072 5131 7570 3609 6901 8294 2118 8589 4416 3964 4584 6046 6764 6966
3575 2597 3220 7864 7249 4816 3775 4274 2104 7872 2807 3953 3638 3724 8129 5679 4599 6121 6567 3958 7122 7762 2498 8662 4658 5155 4328 6182 7058 7101
3257 1686 3678 7760 7321 3826 3598 4066 2639 7700 2020 3964 3446 3609 7193 5851 4677 5233 7628 3639 7172 8444 2210 7921 5467 5063 3480 7119 7298 6549
2624 1425 3961 8717 7319 4863 3712 5020 1733 8246 2904 3320 4456 4346 7031 5735 3460 5352 7612 4408 7154 7645 2954 7602 5528 5043 4617 7105 7113 7312
2315 2392 4193 7616 7477 4491 3987 4800 1629 7649 1960 3749 3341 3423 7982 5523 4036 6028 7898 4010 7763 7784 2957 7621 4593 4486 3539 6188 7460 6213
3024 1895 3527 8165 8491 3915 3971 3833 1427 7158 3070 3846 3938 4575 7725 6498 4272 5877 7036 4656 6999 8521 2879 7751 4132 5029 3937 6286 6695 7326
2659 1996 3003 8364 8575 4707 3118 4501 2043 7763 1917 3721 3512 4148 6944 5852 4416 4951 6963 3780 7285 8470 2464 8585 5462 4477 3404 6814 7241 7190
3218 2143 4067 7880 8501 3826 2993 4783 1633 8085 2489 3325 3120 4547 7268 6579 3580 5931 7077 4772 7059 8273 2930 7992 4967 4861 3402 6226 6644 7000
2714 1775 3639 7521 8504 4104 3991 3942 2511 7528 2619 4032 3314 4386 8120 6081 3754 5001 7005 3616 7851 7576 2332 8242 4981 3832 3880 6938 6666 6878
2574 2464 3013 7677 7711 3564 3514 4164 2703 7211 2385 2658 4061 4250 7624 6570 4030 6019 6847 3482 7128 7748 2206 8387 5487 4208 4668 6967 6718 6838
2662 2253 4030 7652 7744 4604 2964 4748 1812 7603 3117 2936 3883 4202 7439 5829 3879 4986 7655 4079 7373 8129 2338 8714 5207 5145 3592 6180 7414 7204
3383 1748 3326 8920 7635 3708 3419 4806 2052 7227 1936 2931 4518 3626 8221 6561 3679 6076 6598 3964 6983 7724 2796 8202 4517 4137 4315 7348 6230 7274
2511 1840 3640 7632 7371 4368 3298 4423 1906 7220 2226 2970 4426 3809 7630 5485 4167 5701 6788 3798 7156 8180 3185 8323 4847 4636 3922 6494 6635 6917
2515 1364 4097 8111 7546 3604 3674 3916 2053 7059 3310 2802 3880 4583 7845 5695 4786 5634 6999 4746 8212 7771 2120 7983 4751 4966 3361 6068 7254 6767
2555 2496 3758 7764 8361 4784 3013 4553 2519 6893 3081 3588 3616 3939 7224 6447 4476 5041 7806 4758 7041 7921 3180 8739 5180 4482 3970 6501 7346 7081
2981 2476 3978 8747 7708 3888 3092 4651 2502 7506 2542 3379 4460 3745 7146 6366 3962 5350 6694 4806 6967 7701 2672 8363 4602 4993 3636 6979 7355 6936
2797 1312 4044 7519 8242 3647 3578 4212 2667 7572 2902 4037 3124 3509 7210 5986 4832 4936 6749 4599 7396 7814 3138 8058 4127 4037 3511 6213 6420 7349
2737 1581 3863 7750 7663 4338 3782 4178 1650 7934 2461 3724 3198 4418 7645 6473 3732 4951 7251 3995 7068 7737 2018 7380 4257 4137 3730 6579 6575 6707
2958 1405 3359 8397 8669 3872 3131 4643 2406 7885 3035 2667 3982 4409 7590 5793 4285 5300 7340 3428 7119 8540 2341 8517 5531 4310 4293 7204 7488 6346
2365 2526 4321 8261 7752 4284 4115 4833 1986 6994 3111 3996 4305 4155 7785 5241 4653 5031 6520 4725 8091 7968 2787 8039 4831 4750 4103 6534 7347 7370
2447 1967 3854 7536 8367 4628 3997 3967 2670 8051 1903 2882 3596 4100 7529 5825 4670 5658 6998 3650 7033 8279 3276 8693 4773 4192 3329 6057 7390 7406
12 8 1 21 60263 0.9513325092578273
22 6 4 9 48694 0.9765266596449371
19 7 14 13 23737 1.0410708433278562
12 17 24 9 52234 1.027556952634991
11 19 22 21 44123 0.9184883032316864
25 12 2 2 83308 1.0264756904697643
12 27 1 19 51886 0.9607667156707016
28 7 14 17 51563 1.0963915771104316
13 15 20 0 47579 1.0947209045890274
2 29 22 0 121180 0.9140075567588404
8 9 29 29 102262 0.9938252610382758
22 7 17 20 53083 1.0250280394181897
14 15 20 29 41894 1.0900374307317844
22 18 16 29 63948 0.9167357815067043
11 19 24 26 56247 0.9355695472471182
28 10 20 14 31271 1.0987993221700205
19 25 22 0 64547 1.026864876268795
29 29 29 19 38544 1.0161684332032577
2 24 12 22 37553 1.0199163012571444
15 8 2 28 85129 0.967903864435663
23 0 17 23 69706 1.0747239400960222
27 26 6 11 87458 1.0948807530392428
20 4 20 20 35621 1.0009602767149295
25 11 14 13 38968 1.040892111030992
20 10 9 9 33920 0.9075078743984432
24 13 12 11 44833 1.0547828660191767
17 19 9 23 36742 0.944702241011442
21 11 1 24 82217 0.991629420318411
15 16 14 25 19247 1.0001285090612346
1 9 5 29 68459 0.9968192622759526
26 29 2 29 112368 1.0472590229087866
20 9 12 11 24397 0.9586390058465226
0 3 21 17 92202 1.0091701226786511
17 10 12 26 42881 0.9106978460438163
29 13 7 14 82968 1.0707178898509326
19 28 14 21 28231 1.0502739938061887
0 20 18 20 74200 1.0943795198335537
10 2 3 9 32678 1.0488130711387014
15 0 4 22 68497 1.0368594591322489
13 27 22 28 48967 1.0373865605778172
8 11 15 7 25584 1.0537554565130953
27 5 1 22 96564 1.081012566576118
28 9 11 9 41129 0.9103340294556144
29 1 15 26 78351 1.0818231371500713
29 12 15 5 57551 0.9258926882599027
17 11 22 22 39436 0.9672643504276441
11 7 10 24 36980 1.072168972065294
15 21 27 10 62348 1.0214331242467334
3 9 28 13 74120 0.9642038919563859
24 7 10 10 36298 1.0683859723639375
15 26 17 0 59207 1.0039443522099285
4 15 18 3 72407 0.9060319488767601
18 7 12 2 33353 0.9961599160373258
9 0 2 8 35810 0.9358781446149079
2 24 3 6 70442 1.0867882145975694
5 8 3 24 53954 1.0469927260607212
27 26 28 8 52485 1.08755334939073
17 25 26 11 63940 0.9826072955192638
1 5 15 17 59920 1.0139708771842812
13 6 4 18 60053 0.978913323998418
11 17 1 21 43693 0.933194226060699
26 19 5 2 87273 0.9928337398927085
4 24 23 21 67354 1.0801225112921027
20 29 14 16 39728 0.9559583738867331
9 19 26 28 66626 1.0241802916738332
3 5 14 5 42012 0.9197471977930675
15 1 19 22 52502 1.060678302851321
17 28 8 7 70798 0.995076622446548
11 23 18 20 36128 0.9247141755197434
11 29 3 23 41879 0.9340059930101307
28 25 4 0 109605 1.0713341182937373
15 28 1 15 79486 1.0126463424939143
26 18 24 27 29196 1.0467834566294334
28 14 11 23 74988 0.9445006794929103
5 7 18 22 56594 0.9125720533106821
1 12 5 4 41709 1.0769900577957234
26 4 22 23 64399 0.9716008102103284
10 25 14 12 33288 0.933323175815338
2 10 13 14 44340 1.0082267079628207
0 2 11 19 67580 0.9189298814736723
7 7 27 2 60379 0.9560102939722931
15 1 15 21 47471 1.059318688038283
6 1 11 28 66942 0.9369732548875189
3 12 0 5 38638 0.925225093315885
0 15 16 14 79076 1.0956109303621981
27 25 23 10 48789 0.9394810032743159
10 29 15 18 35891 0.9170005650408163
25 28 10 13 82700 0.9124958639530616
9 27 27 23 61939 0.9884365072262594
4 1 11 11 36872 1.0924311078270508
10 7 20 27 60670 0.9735962037833339
18 11 26 28 61742 1.031018247757672
6 17 29 29 96296 1.0001718562005288
9 0 23 2 37925 0.9018469033630083
21 13 18 0 36723 0.9566523581137895
12 1 25 19 75021 1.0085159498940446
25 25 2 26 88514 1.0918770782478013
14 28 27 26 53226 0.9252671902338553
16 19 7 26 42985 0.9634384855657426
25 19 4 22 69365 0.9650291885816996
22 7 4 1 55392 0.9503624213016043
14 27 10 2 54009 1.0284169075551823
7 23 18 26 48229 1.025832071635397
15 1 10 21 48392 1.0638232055493162
11 23 28 13 75120 1.0179415845921969
0 29 3 19 54250 0.9472551577769147
3 22 23 8 72714 0.9588429159400393
9 8 17 20 48609 1.0309491097267858
22 28 29 0 95229 1.0802113405683886
24 21 3 25 73290 0.9346229402087478
13 28 7 24 35963 1.0827037117640137
17 29 24 16 65224 0.9517515725202529
18 27 10 1 75769 0.9477736299573304
16 11 5 15 45177 0.971149316565038
18 7 3 7 44242 0.9188943048112763
1 29 23 19 97209 1.0415782424040398
15 7 4 10 32523 0.9370089672513469
26 29 18 15 58063 1.0034768910534073
22 1 18 19 51210 1.0285109019684937
7 0 29 8 64592 1.0150134079705084
21 19 7 11 60460 1.0490145045195152
23 22 11 13 51186 1.0258442008333382
4 9 23 14 66472 1.0175399640230953
17 22 8 19 32626 1.0593620825895504
10 28 27 13 79563 0.9247897720385779
20 22 18 9 40470 0.9328462398608683
3 21 10 1 66269 1.0390455557306533
20 11 27 24 50514 0.9697641683209566
29 12 0 1 88382 0.9202255729612722
10 21 10 5 32067 0.9098471946973176
14 17 5 21 36961 1.0340339994357315
9 5 18 27 73714 0.9696426445167039
24 10 28 20 39651 1.096924222631237
29 9 7 20 85298 1.0986741063909655
27 9 10 15 52328 0.9649093870084235
10 15 17 6 35092 0.9881591341883421
13 20 18 7 45665 1.0986956823321314
15 3 1 23 79919 0.961700831477929
17 7 20 26 54044 0.9970820138357489
18 9 8 4 41355 1.0387045787901779
20 24 29 1 69642 0.9200539570015955
12 15 8 1 41489 1.0904827773665695
12 12 28 28 81484 0.9839927849922145
28 11 4 24 98047 1.030910358442443
29 19 9 14 86563 0.9470181691090475
28 6 22 26 69936 0.9324208670459607
11 5 14 13 22700 1.0637075960289784
8 13 23 9 49555 0.981768359135646
11 6 16 1 23162 0.9362635585297423
5 0 13 10 39137 1.0018675475538714
22 17 2 0 87846 1.0485780445409085
26 5 22 25 66802 1.0842066483008843
18 0 27 8 37903 0.9418081715500206
9 9 5 18 39961 1.059758216273523
1 5 14 9 39326 0.9706165315237265
26 1 9 3 42603 0.94006296309601
19 26 28 0 78423 1.0319977613773292
21 14 17 28 58555 0.9444114720563576
1 20 26 7 94072 0.9927170101894618
14 14 2 24 56430 0.9393667802143033
10 5 1 2 32649 1.047228980967365
21 13 17 0 39297 1.0323766470149947
10 23 25 22 42317 1.001155911086242
18 27 19 16 32788 1.0356458010544134
2 22 24 8 78408 1.0349921624941631
15 22 27 7 58711 1.0550826786337535
24 28 16 5 87053 0.9525636615906313
6 15 1 20 34194 1.0163344269122623
21 13 29 27 66384 0.9421644398458751
28 25 3 10 96254 1.0414297077269776
13 25 1 9 65962 0.9094337006010222
19 10 8 5 37300 0.9549939635530769
10 14 22 11 39717 0.9520278642767948
1 22 24 9 84549 1.0243439706835267
14 2 12 28 54895 0.9104940605059765
6 27 14 7 60950 1.0652748819643465
14 21 26 9 52640 0.993476763143584
27 8 20 11 22533 1.0353427019220536
26 7 20 3 26738 1.048682319090699
14 5 22 9 30058 1.0420926517709133
24 17 12 16 53101 0.9719115194035348
7 18 29 6 87125 1.0823856231215192
4 25 15 2 77153 1.0535639195458413
11 8 21 14 38342 0.9277545758474488
4 19 25 23 72446 1.0298346167212356
8 22 20 2 65810 1.0958158121280384
10 2 0 4 41354 1.04644463103809
20 25 13 18 35514 1.0904974377623156
17 1 21 25 65948 0.9035407031845806
13 0 12 19 47125 0.9686450295324973
12 9 18 5 27655 1.038627359664124
10 16 16 25 38893 1.005372578481775
22 19 24 2 60407 0.993237237387301
4 23 19 5 75688 1.0458801738740846
2 11 18 25 81477 0.9946123176355117
2 7 5 21 50445 0.9659538536240287
2 9 1 19 40900 0.9452662789219832
9 5 14 15 32342 1.08985845749935
1 25 24 0 107800 1.0502132217432674
11 2 28 21 85969 0.9345098012158992
2 20 27 8 92039 1.0151179951390843
21 1 16 18 60588 0.9722370396533303
11 25 19 3 65294 1.0195502406600196
20 28 27 20 36988 1.029937042645789
18 6 23 12 31167 0.9831764567353702
20 1 8 0 28215 1.0864969163439764
22 5 18 25 62412 1.0341187787154924
3 2 11 29 80425 1.075118192835857
10 16 23 12 52764 1.019478273609011
27 14 11 25 74229 1.0210626598249974
11 21 0 29 61785 0.9380864818564996
23 20 17 25 41661 0.9981947005459579
25 3 17 15 65130 1.0056087795134103
27 5 20 13 35490 0.9197607590849595
5 3 26 27 102176 1.0728425238820027
7 26 9 0 67696 0.9255256975900824
19 11 5 14 51273 1.053034584047071
4 25 5 1 68556 1.0217287140277933
5 24 0 15 56928 0.9039102180202223
25 27 17 4 90624 0.9631459839700132
14 11 4 22 45256 0.9627359643728595
5 4 28 15 85553 1.0400542165620412
28 21 28 8 47057 1.0915949522937396
25 18 2 3 109490 0.9090856226619755
11 21 26 21 45852 0.9565857071890426
29 24 4 18 89675 1.0333193045472946
28 10 3 3 84654 0.9212294053344771
23 4 7 24 90939 0.9363296349278105
11 22 7 13 33177 1.0513970388745475
2 4 13 13 57869 0.9504165899786607
23 27 12 19 55614 0.9127329051358335
6 11 27 24 83178 0.9124238651252974
3 5 29 11 78867 1.0577417371491735
10 18 20 26 44352 1.0222693941106404
3 10 21 22 67738 0.9400393578618227
3 17 20 4 72995 1.0892823055509662
24 3 15 16 61550 1.074852048053311
26 8 2 0 69313 1.0285959531443742
0 15 13 2 72977 1.065429157988849
23 3 14 4 36316 0.9964972791129658
20 1 14 20 48150 1.056272755698012
13 5 8 15 39117 1.0961038057483898
6 26 25 1 90866 1.0698104967792363
21 11 9 10 32458 0.9287289846696488
26 13 22 24 45487 1.0262152977437562
28 5 17 26 81812 1.000210605003739
22 4 24 29 90936 1.0872168207622075
16 18 22 7 55551 1.0888588347835513
23 12 5 22 73906 1.0199929099087535
10 16 15 28 41943 0.9705147498544022
24 13 4 26 92275 1.0448369800551682
1 20 15 10 65899 1.0817828785046262
6 22 3 3 64515 0.9482328372339477
11 28 0 12 72250 0.9162683510374622
3 7 21 22 71874 1.0997484491708729
16 9 4 28 81357 1.036922686634574
18 3 25 29 93566 0.9975735192149222
10 16 1 26 50936 0.9045870601782845
16 0 26 0 26902 0.91094173410052
25 7 5 12 58975 0.9404308834818734
12 16 5 1 49866 0.9492169505334871
2 15 6 24 43902 1.0254948033700597
28 14 23 24 48739 0.9493822600158512
22 2 7 21 83299 1.001205238312109
28 7 22 11 28587 1.0998748393275375
26 1 11 6 42471 0.9500369798428218
9 29 22 5 81997 0.9483087631343075
1 27 12 14 69197 1.0922350538718328
11 1 18 19 55186 1.0671841130363389
25 5 16 16 57734 1.0442520608078347
27 25 20 17 38892 1.0762059546207907
29 3 15 7 51463 1.090705242542942
15 14 9 28 47831 0.9346754360186438
22 17 18 29 50166 1.0733412350973377
1 2 19 29 99225 1.036981190173319
14 16 24 26 48543 0.9781364702679513
5 9 25 11 59625 0.9202356263837909
27 7 19 29 70359 1.008981881240816
9 24 26 12 75331 0.9364404877182153
6 7 5 16 24360 1.0871626262042187
12 3 24 1 31042 0.9480836884623571
17 5 14 19 39642 1.0280526188466237
13 12 2 1 49781 0.933007426828446
4 10 17 23 59691 0.9959418296894909
1 29 6 13 61162 0.9049932818621745
25 0 5 5 58775 0.9307885967995868
10 7 19 29 63746 0.9464427144902826
1 26 29 1 116233 0.9993186604243293
26 9 15 4 44925 0.9458756706298755
7 7 17 25 64151 1.0056789682421354
13 15 24 22 43958 1.0473251953488907
13 20 18 7 45665 0.9843174044584105
2 17 17 25 74122 0.9348932443533658
29 1 13 25 78371 1.033940737696695
0 7 12 26 68814 0.9254680521655555
25 20 11 15 64610 1.0346446550923227
24 27 17 14 64023 0.929766377802547
27 7 28 29 69449 1.0375053850516893
26 27 18 0 81435 0.9635922650009201
19 7 1 16 69550 0.9803899659282214
13 16 22 14 48247 1.0663865781112174
23 13 5 19 77438 0.9365275594175
27 25 19 17 41820 0.9046386201680489
28 24 13 7 75436 1.0415348015530659
29 4 25 14 45232 0.9351085266461953
24 13 11 22 61654 1.0057818178833513
27 1 5 17 79556 1.029394527256415
24 3 17 28 93855 0.9559750044006137
28 24 5 11 91153 1.0640310323482074
3 19 0 26 39452 0.93439506092149
28 19 12 2 80280 0.9937459600062516
26 15 2 19 93806 0.9773456951765647
9 8 23 16 54046 0.983294970925747
28 2 23 25 77146 0.9167914842098165
17 28 15 15 47222 1.025918562625407
11 10 20 13 28545 0.9326810854338337
7 12 16 1 42013 0.9367053769415852
26 26 10 25 55530 0.9601678270497661
21 6 2 21 82958 1.0991837969663396
12 11 21 16 40541 0.9966953393576412
11 13 22 14 53102 1.0578242150401613
21 1 13 7 28627 0.9068399372097291
25 0 23 14 53296 1.0101142122783244
1 27 9 3 89195 0.9691432212000151
1 9 11 13 34646 0.9601000365797266
0 16 28 7 93476 0.9529110770306796
11 9 3 17 46227 1.0388474932803846
8 11 15 15 33474 0.9438592992173285
1 20 28 25 89660 0.9194070786538887
12 16 6 8 31831 0.9842594370750236
14 25 2 3 81740 1.089171271354147
27 24 11 0 86216 1.0516198529044223
7 24 23 23 56684 1.03887530035154
0 3 12 10 54182 0.9776829926169988
23 29 29 3 97572 1.098267106700735
4 3 22 7 65751 1.099696015841222
22 29 13 23 54140 1.0767357230436636
11 28 24 19 63021 0.9166504120952871
16 22 25 25 36450 1.026968708696114
1 7 8 19 48138 1.025175649487575
10 28 19 24 37824 0.9798433729105963
4 27 16 5 84421 0.9572079940306807
17 9 6 10 32128 0.9045607032027575
23 14 3 8 64160 0.9511750447347258
22 2 22 27 76427 1.011749571189766
1 12 18 18 80570 1.0254617590760007
24 20 14 17 41284 1.0378420219299227
27 6 16 4 47495 0.9138903641484353
11 9 29 15 65054 1.0811669446627936
0 23 22 28 87431 1.004526717935116
22 6 28 2 30693 0.9452329834666493
14 7 16 15 28855 0.966496208446856
26 1 10 1 30846 1.0582839098682097
25 25 28 16 34158 0.9089731938680898
9 21 20 10 54733 0.9402389996519276
11 10 29 20 76263 1.0859284173541264
13 5 11 14 30743 1.0921422557995752
21 3 10 19 60301 1.0431356074978952
18 12 27 11 32218 1.0857293098515834
17 16 5 12 52614 0.9042321237010418
4 25 6 17 29691 0.9644900213182536
22 5 3 8 48934 1.062099929703301
6 12 24 25 82556 1.003237811079596
13 28 19 15 46334 1.0123298359916781
28 13 24 19 32635 0.9354596360514579
8 11 29 7 56209 0.9315134202177375
6 11 2 27 56282 0.9443933051605413
28 26 2 19 93197 1.0727632645889198
23 6 26 14 30429 1.04250232007473
21 9 16 28 69352 0.926016831953526
6 27 6 16 27143 1.0307848017056696
17 13 8 21 47183 1.0997721388619381
1 5 9 14 48630 1.0860836962097575
3 1 1 23 71760 1.085524080089447
6 16 13 2 47476 1.0404592379171276
0 24 10 0 80699 0.9914887334272557
26 22 9 17 59407 1.0065579682664423
15 6 10 22 43402 0.972703953471365
5 2 10 17 43517 0.9553578154945334
13 24 5 26 38020 0.9414290145631466
5 3 20 7 49672 0.9671314020650295
7 4 19 4 47449 1.0171562357741912
26 14 8 20 73861 0.9935923723517832
23 19 12 20 47768 0.9908588485240769
20 2 1 15 77935 0.941460760781448
21 16 8 24 55693 0.9766148811373011
2 6 22 27 98899 0.9147539450779926
1 28 14 7 84760 1.0824209279986419
10 12 23 13 46272 0.9554346846427125
14 16 14 0 30776 1.025399317474641
20 15 8 15 54058 0.9165831952396236
13 12 29 15 65170 1.0136812050707524
5 11 16 6 37232 1.0982114576499444
20 18 5 29 69990 0.9545992689863987
0 21 7 13 50192 0.939554349458164
26 1 6 24 87922 0.9182571504524698
20 29 29 7 72804 1.0612098999779274
0 18 14 5 77202 1.0547039013153585
10 22 21 9 55560 0.9203913209822897
4 1 17 6 40429 1.0684852876430202
25 9 11 1 48862 0.9957935543671284
15 2 5 25 72108 0.9950323213440675
18 9 29 4 47844 0.9105997080385496
12 28 14 11 37766 0.9357241795827158
9 2 14 23 50365 0.939087695742266
26 9 15 25 64108 1.007745480377747
11 5 21 4 40711 1.0353572642580509
24 0 29 29 91274 0.9612519340247302
13 19 0 13 66903 1.0820692096503375
18 14 5 10 52544 0.9844425531876818
0 9 6 21 48695 0.9312868033730723
27 9 18 19 50423 1.0288737841708853
1 13 3 27 63928 1.0829480708072186
0 29 17 6 107507 0.9272480253850104
22 5 5 18 72581 0.9427963819437498
15 26 25 27 44578 1.0845978838271106
25 13 20 21 39039 0.9840650221689956
3 11 18 1 55571 1.0649949846212916
9 24 6 10 42885 0.9179565983135453
2 5 11 11 40924 0.9728961247028374
2 26 23 5 103329 1.0047793875807745
10 2 18 6 31360 1.0511625132442837
25 23 13 3 78714 1.088281595150153
18 29 2 17 91556 1.0325204966740222
15 18 27 18 57354 0.9939101265989326
13 7 25 12 44864 1.0448746816941976
22 19 9 12 60466 1.0305948841343855
15 13 26 20 56034 1.0438481350240942
25 2 18 10 40406 0.9810592386911099
4 2 23 7 63067 1.0335445108721326
19 17 11 28 49024 1.0110109826190026
29 19 16 26 59750 0.9390955102876425
17 0 17 17 56803 1.0466991293040533
27 11 19 17 39779 1.0293744032069976
10 12 6 20 32381 0.9614048299955058
24 15 2 16 95114 1.0224929715511
15 24 22 6 58684 1.0567392152351847
19 1 7 22 66834 1.0135708931661482
23 9 3 10 55086 0.9320703318745905
19 20 4 26 55976 0.9508608959659103
7 26 16 7 64104 0.9654804685907885
1 3 17 27 93955 0.9606035670327182
9 25 16 7 54807 1.0271835591165406
29 17 16 25 67173 0.955652988528196
19 16 1 20 68989 0.9719433683920454
21 21 7 24 52013 1.088129218076548
20 4 10 22 56371 1.0088470879932792
9 12 28 27 88503 1.0958339017574203
16 0 22 7 33730 1.0674359320199207
16 5 18 13 37216 1.0837608073508678
3 22 26 9 82097 0.9686893666538225
22 3 9 18 72543 1.002983974951034
28 16 5 8 71992 0.9058352278138773
13 3 15 20 47477 1.0529043966619782
6 16 3 3 49935 1.0936404765956405
11 5 15 14 31894 1.0983911718424186
14 24 14 4 36400 1.0088280759784685
22 6 10 29 72344 0.9354116719944219
4 24 15 1 76604 1.0156735387062517
24 29 11 8 81685 1.0154391048100098
4 2 7 16 43148 1.092302062240755
2 16 27 28 104261 1.0665415934837843
23 17 10 28 64171 1.0495386828170798
1 2 18 28 104479 1.047822822224445
22 6 4 1 51291 0.9388372994681121
11 26 15 20 29134 0.9000414357571934
29 15 10 14 75080 1.0690075001436656
10 15 8 28 36228 1.0106293647620124
23 18 2 8 80514 0.9463931451693017
24 11 6 9 49752 1.078303219732989
0 16 16 6 70280 1.0139709386719606
2 4 20 24 91026 0.9981549527340966
7 14 17 6 48007 0.9124016257531359
6 21 26 9 73618 1.026009628724229
11 3 14 13 27509 0.9402932391030019
22 18 1 7 78435 1.0647069346320543
19 18 5 15 64968 1.021312848216373
17 15 10 21 40172 0.9053728949585794
8 12 18 5 43814 0.916815538752916
22 28 0 16 104114 0.9934769560914362
18 28 17 12 54285 1.0722603963929276
29 17 19 8 52887 0.9296670569209305
28 15 3 13 92987 1.0014892022635324
7 28 10 1 70785 1.0067592003263994
10 21 1 26 40491 0.9173428882063994
20 13 2 18 82380 1.0500044052272997
23 9 13 2 40382 0.9839316903671582
27 22 24 0 62085 0.9505510366298286
23 15 16 10 38832 0.9437779520603767
14 8 1 24 66197 1.090880989062372
13 14 3 0 60205 0.9829178928880121
9 2 8 12 29657 0.9724976110226412
19 11 22 20 37570 1.072757810622743
9 17 3 4 58299 0.9762297724923736
16 11 10 2 33368 1.0877575590736608
3 11 10 25 51687 1.0476709236476227
1 0 22 9 68670 1.0576502158993455
10 10 6 17 25275 1.0836886058860886
13 15 1 23 55288 0.9123295839240403
13 24 7 5 58569 0.9005946132356653
5 4 16 8 35601 0.9231998583723804
28 16 14 4 62784 0.9430906610459401
4 19 29 1 91160 0.9975709617882905
9 25 2 8 54710 0.9072210000586057
24 23 26 5 52685 0.9659470780894115
16 25 12 5 51737 1.0313342647007735
10 9 4 1 30064 0.911854359555087
4 11 24 11 59100 0.9263282539813928
9 20 2 16 44907 0.97281007122552
21 13 20 25 33036 0.9118869037649062
12 13 1 21 55298 1.056834382582438
2 18 8 22 35332 1.002022209096151
17 11 22 0 36240 0.9455621464796007
18 21 29 10 61156 1.001951241418494
1 5 19 20 77391 0.969346462200979
25 10 10 2 51222 0.9584329752601702
1 18 11 26 48672 1.0015196386171106
10 9 21 29 70751 1.0723779340609447
20 10 5 8 34263 1.0815810974793834
22 1 16 28 78611 0.9748299723076892
1 3 7 8 30759 1.0198639464590127
25 9 3 5 66021 1.068551494541234
29 28 23 18 54980 0.9188238137982322
4 12 26 15 76461 1.043719504978863
5 10 0 2 41452 0.9378935241156715
26 18 9 29 71255 0.9875785126689477
1 1 16 20 75744 1.0832212643809667
4 18 2 27 52192 1.0612475864557243
22 7 27 29 74425 0.9407737432191803
12 2 16 20 53735 1.0877920796557177
12 4 3 5 42329 0.93536925157883
1 6 4 16 45062 1.0825267871598774
27 19 14 8 57187 0.9508969838709983
2 0 11 26 75157 1.0775911114990209
12 28 20 5 63384 0.9821461891857215
5 15 19 20 60224 0.9515935889575421
0 23 26 6 100997 1.0440788201738935
21 2 17 19 52896 1.0028101550687396
25 8 14 5 30562 1.0078832746752935
28 5 17 3 45224 1.0562913547252033
11 3 20 0 25344 0.981983009139059
27 5 8 24 84651 1.0458115836884438
3 27 28 25 95183 0.9149227657392544
22 16 19 6 34683 0.9980775932016636
26 2 24 27 69413 0.9897692465975008
12 8 22 13 34916 1.0541336690546008
8 12 2 21 45761 0.9438074589671609
15 3 4 18 70423 0.9597785523757602
18 29 1 23 73917 0.970661518878005
11 25 22 21 44582 1.0654082674659457
27 1 15 14 56992 0.9196121073115012
10 18 28 25 66536 0.9730137278878979
11 5 20 9 28267 0.9159361636468428
28 2 4 1 52170 0.9380695331085139
21 22 3 18 66029 1.0658247978747108
6 18 17 14 61665 1.0053873531281057
3 14 23 19 94234 0.968715633328679
29 28 9 26 81080 1.0959821923428439
27 12 24 26 45646 0.9990698792252668
0 3 20 16 84337 0.9435614505113626
22 23 14 17 35638 1.0846987832767674
19 10 4 16 54592 1.0540092949815008
24 19 2 26 85010 1.059402782865937
6 27 29 17 92357 0.9411617132931236
11 24 3 29 52724 0.9588367306310457
3 7 13 20 58157 1.0736283991060889
14 23 15 14 22033 1.0453626715143762
12 6 4 27 72970 0.9350491723298098
23 9 16 5 35816 0.9039068012934389
14 3 10 16 32207 1.0919618270699647
17 29 11 16 54622 1.0385476273685492
12 28 1 8 65564 1.0205411598270422
26 27 17 22 34373 1.0881516146117078
0 8 12 17 46778 1.0293194570922721
0 18 28 21 97450 0.904339073144395
15 22 0 22 39691 0.91452574659777
12 24 26 6 66699 1.0504591896204831
2 5 18 9 56813 1.0723030801079447
24 7 5 25 83893 0.9108081779223927
19 24 1 17 70318 0.9142525548101506
4 19 25 20 77177 1.065592673935897
17 10 5 11 33147 0.9072308851694365
5 22 19 2 73291 1.0700352124711934
17 2 10 27 64965 0.9796417236175278
29 18 19 26 51952 0.9666799992101993
5 26 15 21 44703 1.0057605319583813
18 29 20 11 52496 0.9599376301252676
25 29 5 17 94149 1.0041222718724934
11 20 19 17 38233 1.0585306208765832
22 22 8 12 60113 1.0019058556430822
16 11 1 21 64374 0.937997632492626
5 1 17 6 37851 1.0728616116696195
9 29 5 21 37565 1.0127023109945485
1 0 26 18 96288 0.939911491641056
29 13 7 8 64144 0.9502397139725937
18 20 2 10 71163 0.9314119688066905
0 12 27 27 113753 1.0414925472305803
23 29 0 28 116404 1.0811962726073794
5 27 16 4 86837 0.9981615757030775
19 0 10 16 49466 0.9753786003392124
23 29 15 2 90329 0.9795769468717717
27 2 9 5 48216 0.9102297917384389
5 19 19 12 61785 0.9467548958198408
1 21 17 26 56604 0.961893368181187
2 1 5 28 79062 1.035428100874026
4 9 18 2 48507 0.9617689356463853
1 11 13 1 49955 1.086980353314672
21 25 8 19 52107 1.0163596846386023
17 15 17 29 58668 0.9100988831083499
17 3 28 23 86754 1.0782808363364202
8 6 5 16 32224 0.9100536319074884
7 24 10 12 37027 1.0290535632949143
8 15 22 23 63809 1.0453073907688704
11 1 14 26 51313 0.9467428943670511
19 5 3 1 42384 1.0162632638167968
6 4 2 13 36564 1.0982908108868468
22 9 9 17 54877 1.0759097357139074
29 3 0 28 139115 0.9258463649361935
1 14 11 14 48051 0.9864293755472303
9 8 19 3 32336 1.0342112577100433
25 21 12 25 47524 0.9156386173297699
17 19 26 3 62564 0.9785050272205557
26 23 9 13 67937 0.9480209254507576
23 9 15 25 61700 0.9453774745288205
20 10 2 2 62002 1.0618687350753055
12 24 20 12 48807 1.0333148501661096
29 25 19 17 50762 0.9393723259280178
4 26 29 24 86675 0.9532946783556339
21 15 23 24 42318 0.9506669118124065
17 12 28 6 43794 1.0215688999346548
18 10 5 11 35532 1.0316073417640157
17 19 6 5 55021 0.94320123251752
4 3 20 8 55315 0.9674664812922931
21 3 19 28 68076 1.0935637515785694
26 19 21 10 37032 1.0448083446373764
0 18 10 11 61726 0.9007255532324115
7 22 4 5 50640 0.9342709937835787
23 19 15 21 40414 0.9717032643323275
11 14 28 20 70048 0.9135465907821797
29 1 3 14 88785 0.9991851548938414
24 26 21 7 63362 1.018642293465003
14 20 15 9 27240 1.0129293343801726
8 13 0 18 52328 0.9204804252292699
26 8 23 18 43235 1.0301175214420153
20 19 15 0 55061 1.02769265099481
22 16 29 1 59157 1.0491783776556045
18 1 8 11 40036 1.0597039485396307
2 26 18 0 97192 0.9990946309925384
20 7 13 17 38466 0.9337409739353651
13 14 16 3 43523 0.9133749123113919
6 17 9 24 28926 1.0292211964769558
28 14 22 21 49404 0.9886284573169751
21 5 13 9 31276 1.0458017331020169
23 25 7 2 92319 0.979812517675094
22 22 10 3 63459 0.9363005869943931
6 15 8 1 36227 1.0588638489136655
3 24 25 17 90223 0.9908479693055208
23 0 19 25 67102 1.0004111477915514
25 22 23 13 36677 0.945642170337103
18 3 25 10 40308 1.0117698474409527
17 4 15 21 57844 0.9991535611254149
12 13 4 19 45448 1.024899684465937
21 23 28 29 50082 0.9578309503450865
23 12 18 27 57234 1.0525899382994297
25 10 15 29 69518 0.9629527328079517
13 18 8 28 44823 0.9582821275910716
0 15 6 28 61040 0.9793319692522612
3 7 12 4 36828 0.9743899617010421
3 6 6 23 51231 0.995576135425383
11 26 26 28 62858 1.0095315764017063
1 1 24 25 104171 0.9302775427836688
23 23 2 11 88524 0.9063850936521459
19 22 0 24 58869 1.0510343573308085
25 10 6 15 58911 1.0811072247349571
0 10 28 4 81291 1.002083041526831
2 12 4 28 67449 0.9878922873496625
4 25 27 5 101032 1.0673014120986646
27 15 9 5 66710 1.037974235937956
16 26 5 1 71694 0.9468376338805542
20 7 4 15 56802 1.089745413573394
17 27 24 11 65759 1.0089946854104959
28 22 2 10 89200 0.9695838332873511
24 7 15 16 46037 0.9541284741510546
1 0 25 10 76154 0.9714354459867658
11 23 29 8 70559 0.9660571774400748
20 26 10 23 37539 1.043641620263419
5 7 21 21 72176 1.0546833262953288
16 23 4 20 50085 0.9077868941732935
7 6 17 16 50173 0.9683832214779554
6 0 15 15 51926 1.06726046891941
20 23 9 5 61348 1.0695203943531033
21 7 0 11 59567 1.0476182879688136
2 27 21 23 78127 1.00103087812289
28 28 5 20 90222 1.0180720369361331
13 6 0 6 44873 1.0151512832532732
0 26 28 29 113993 0.9904372958979522
24 20 8 14 72443 1.0338847618826092
29 20 27 8 45662 1.062953079960911
16 13 0 19 74843 0.948879964486554
3 2 9 6 31817 0.9767859833758634
27 20 19 7 52421 1.050829251356192
27 17 28 27 34549 0.9457838774447789
23 24 2 25 83830 0.9057493506830882
4 18 10 24 34605 0.9583514550086585
16 19 27 15 55241 1.0962261542499023
15 20 19 3 52880 0.9865075941772994
2 13 18 0 69841 1.057538861658025
18 0 18 14 44630 1.0101077654262605
24 4 0 9 75042 0.9258466249263294
18 25 25 19 43439 1.0066195614340594
26 26 16 0 84585 1.0623745151712078
4 28 11 17 55129 1.0150260405743694
18 27 27 11 68536 1.0639666868698372
22 5 4 15 69060 0.9391261451892112
17 5 6 10 39362 0.9981499299363614
16 17 13 10 27523 1.094524771915291
22 1 26 23 62411 1.0677807636918915
9 24 9 8 38294 0.9986233732870644
24 26 6 20 65189 1.0031384099837737
25 19 0 20 93146 1.003651996663481
5 12 27 7 60318 1.094227844123195
15 12 10 26 38389 1.0955035046991115
19 23 18 10 34796 1.003344544587422
3 8 18 5 44187 1.007468435723567
12 28 25 9 74152 1.019417200909974
17 12 6 16 46136 0.9878401917011652
26 4 6 25 90739 0.9447791768095091
2 15 26 7 83000 1.0819410473990836
22 10 28 17 37894 1.0893378195374501
18 6 0 0 57451 0.9260039015644664
6 7 24 24 77579 1.0610670502913606
13 24 18 0 58553 1.0390222388452997
4 3 12 28 81790 0.9465126726173962
23 16 1 11 79035 1.0642991255958223
23 18 18 10 44171 0.9019716472999346
25 18 20 23 36021 0.9333977129743821
29 17 10 25 74147 0.9509327911997925
14 21 1 1 64402 0.9909665283827955
26 9 3 27 101797 0.9915114209067227
18 1 3 28 100614 1.0187321096109079
18 23 26 21 33270 1.02115914187759
15 18 29 18 67006 1.0819445997667971
14 2 6 16 43949 1.0389961316040333
6 4 19 17 56019 0.9636173954664617
28 23 9 17 68394 0.972833816252211
14 28 6 24 37635 0.9690786774570586
19 18 9 14 53865 1.0983933468698355
29 7 5 3 72352 0.954918944938653
7 29 24 0 104449 1.0575052160076206
22 19 14 1 59335 1.0454554755739205
26 28 4 14 99818 1.0816890593955688
2 20 19 20 59354 0.9235327776737641
11 28 18 0 75693 1.0165086135454546
23 0 28 28 87832 0.9559847872814508
13 20 7 2 60198 1.0102628980688377
14 8 10 19 29433 0.9504152441488364
3 12 24 14 77515 0.9539049110158757
12 8 14 0 17647 0.9096048869607243
9 9 18 20 59519 0.9636014131682735
14 17 12 4 32311 1.0397586914518233
20 9 15 4 31842 0.9293601080503272
6 19 11 3 48057 0.9424431943977077
10 28 20 26 42464 0.9099352682581023
20 10 11 22 44342 1.0657188044894441
4 9 2 22 49063 0.9790743888441298
17 16 11 27 42816 1.0282657013065117
25 10 12 10 33554 0.9842218305325073
2 11 26 17 86092 0.9716975873485337
17 11 2 8 41526 0.9145158470883821
0 23 27 27 92792 1.0328809837600987
2 20 22 3 102561 0.9661470525913851
11 13 19 26 49991 1.010236984962202
8 16 18 11 46675 1.0476428077066708
18 17 20 29 35446 0.9569899929151506
28 27 4 29 104259 0.952897099792911
20 12 13 8 23063 0.9945618217008638
1 3 28 6 78176 1.0221171491488943
1 25 18 11 77921 1.099565883976312
23 2 13 28 79781 1.0028934206472735
2 20 6 4 56061 0.9021724058675656
7 11 11 27 47217 1.0055305671591857
2 1 24 16 87007 1.0503962397302846
13 20 7 15 42576 0.9512944233838672
17 5 13 29 64095 0.9706137856836866
12 21 6 29 35762 1.0788753687074024
7 4 24 7 56528 0.9531709676520317
18 28 8 21 53225 1.0320321027130144
20 18 27 13 39933 0.9557831532595841
29 8 3 7 61480 1.0584400989459706
4 20 8 13 35105 0.97064231482067
14 7 27 20 62458 0.9583494875547525
4 22 0 13 47366 1.083182027798182
20 28 14 5 59984 0.957018205464597
27 26 24 4 68155 1.0596447079166822
2 3 11 6 44271 1.007104781083122
22 18 19 25 33818 1.0547028363427289
4 21 2 4 73471 0.9003704624384875
26 10 28 24 42809 0.9922145897983013
5 28 28 20 86574 1.0180018399943687
9 12 1 26 61169 1.096626297658221
28 21 23 12 44357 0.9722086341804497
22 10 24 21 48201 0.9348587918404835
24 19 9 9 72519 1.0244650283178505
16 20 19 2 59047 0.9780152431538988
0 26 10 10 67227 0.9621614668802874
0 1 13 11 50795 0.9188144101574992
28 20 22 2 69656 1.0251744331530361
8 0 0 19 74718 1.08204096690206
4 4 23 28 112395 1.0420846308570493
8 14 29 20 85917 1.0438979576929515
24 18 3 18 90085 1.0219812241292439
19 20 17 9 36472 1.0325583139671861
25 27 27 16 36339 0.971379352247546
17 0 18 14 47204 0.9409235074360309
5 2 27 5 59915 0.9413026779284277
13 14 26 26 60727 1.060368473506012
0 20 19 28 77262 1.0022659261673261
2 23 21 18 70163 0.9783648444113294
27 20 2 3 110777 0.94480179582082
21 25 5 24 59412 0.991202264265752
22 23 20 14 32321 0.9971722735253881
2 14 1 29 65674 0.9216913676464923
23 9 14 19 47051 0.9900250793025978
24 17 8 22 61776 1.0539728047941535
24 29 15 24 56400 1.0891287120143405
2 12 0 1 46289 0.9143915712267838
28 17 1 8 84266 1.0350839372403369
4 15 17 26 67363 1.0104216190834705
8 18 19 22 40662 1.0592897607880418
4 11 19 25 71006 1.0385574291794906
14 15 9 2 37080 1.0304959943557503
29 18 15 23 58023 0.9318770759376681
5 15 12 8 33242 0.9057041529387668
20 27 23 15 45367 0.9972594215560433
1 15 0 28 57784 1.0711419393293211
3 15 8 28 57273 1.0985180823190226
4 10 20 19 60090 1.0890416732181216
28 10 20 17 38597 1.056052134816119
0 25 17 26 67352 0.9214910835402443
19 21 22 11 31964 1.0473959826465238
7 9 8 25 52203 0.9846176337712725
19 26 0 1 89311 0.9297861560278017
7 0 9 11 34477 0.9336026321767902
25 20 14 15 52025 1.0808780724096925
29 6 1 10 75028 1.0010146821992718
26 10 10 23 65030 0.9568922518102833
15 12 16 23 32708 1.0305584847784701
18 8 17 28 64279 0.9547145771567899
5 29 24 18 87030 0.954149592879743
12 9 29 3 54660 0.9235703481412433
28 0 16 25 83912 0.9385985093043789
11 10 3 7 26393 1.0818512933549254
14 0 22 28 82303 1.058110680470555
22 12 10 17 51036 1.0709043619128793
5 25 5 1 63511 0.9302449181545777
6 9 16 13 36422 0.982322987311824
22 17 23 8 38308 0.9138709550077312
9 25 16 18 39523 0.9146415920038157
19 24 26 11 51673 1.0462974569031251
26 23 28 2 59695 1.0375552196879902
8 26 11 1 59391 1.0314017431680758
14 29 7 12 55899 1.0520208929488428
8 19 20 19 47345 1.0774029633220714
10 20 20 15 47421 1.0516986921274956
18 5 9 4 43113 0.9245271100912981
1 14 14 21 66430 0.9105993700267647
29 2 10 29 93520 1.0466652657211595
18 12 20 4 22998 1.0683172802376721
11 24 0 20 47045 1.053341262241638
26 1 10 19 65861 1.0628377477392053
1 25 20 23 63179 0.9124217486380692
6 5 18 16 53974 1.0445369252376537
6 22 26 5 79640 1.0676777437636256
7 11 2 25 56063 1.0005632181261204
28 6 10 9 46068 1.021886465070851
27 18 13 5 66407 0.9866762947815069
5 11 28 7 60428 1.0361275259761078
22 17 22 28 50666 0.9175970316177792
26 13 16 19 53487 1.0367537011652177
23 15 28 23 43392 1.078799101474828
25 0 17 28 94062 1.0673994548842007
19 12 25 28 63837 1.0654536455250652
11 13 25 0 58535 0.9825374114489425
6 22 23 10 65385 0.9939130261709959
17 9 6 13 38529 0.9261674259051678
19 6 13 17 39664 0.9534229299792203
24 3 0 11 81242 1.0323701055595775
11 14 21 14 50205 0.9746714801710109
24 8 10 15 42206 0.993754113573075
20 23 8 20 39805 0.937879430019107
2 18 12 8 59194 1.0020321768273799
20 5 11 28 69074 0.9589196295942906
11 26 0 24 45237 1.0581191849880442
9 17 18 2 55350 1.0154432088658032
26 18 21 8 36855 0.904962496404059
18 0 28 2 25220 0.9611734020005679
15 25 1 23 47790 0.9333870308759821
1 21 20 7 78170 1.08761892136189
3 20 13 8 58234 0.9090493407964254
12 13 12 25 31389 1.0916838129626025
11 10 20 29 59680 0.9954508456552702
7 7 25 7 49613 0.9396526581627098
12 16 29 26 69065 1.0775505786911193
19 23 11 3 57790 0.9702120952766261
2 25 3 7 72527 0.9196281855451749
29 21 6 1 98280 0.9829043146959235
26 21 16 10 53596 0.981471768182651
26 20 4 15 85907 1.0888965516640565
24 20 21 9 52181 0.9981012434459177
7 12 27 15 72335 1.0937276851157438
2 0 23 2 54769 0.9273824183229258
21 5 8 13 46853 0.9929643560450931
16 12 10 21 37701 0.9467227278181913
22 15 29 25 59701 1.085714352361058
12 14 25 14 61016 1.068458553316756
29 6 17 28 92448 1.0318521740221895
7 11 15 8 24659 0.9120789006326991
20 17 23 25 33530 0.9303697169068552
26 20 18 5 57994 0.9727394557196276
14 12 2 11 40620 0.9757295004084968
9 24 25 26 61835 0.999127540137879
3 16 28 27 101092 1.0789944219440437
2 13 29 19 109046 0.9485545800923304
23 9 0 5 68064 0.9210544790876912
5 17 28 9 75698 1.028432866197385
15 15 9 2 42932 0.9951738988919067
18 13 6 20 58339 1.0370304883584995
14 24 26 4 65140 1.0171263130844028
28 16 20 5 48678 1.0864351293741517
12 9 0 28 85703 0.9117324528845727
5 6 19 19 61808 1.051002552903771
28 23 8 17 72348 1.0407145568563454
1 22 9 10 47691 0.9745859986929081
4 0 14 15 51601 1.0388669729542046
3 19 28 12 96233 1.043466429369279
1 13 17 28 93799 1.0513521479332981
2 8 18 11 44184 0.9556291173714575
5 16 22 10 57696 0.9345418626894136
27 25 6 4 90910 0.9762513846135286
13 20 8 14 39484 1.0625203936981902
23 13 10 27 67961 1.0238335925377806
16 9 26 24 64447 1.011614741396324
24 5 7 17 74019 1.0104702401074166
9 12 29 6 58984 1.0202053200509902
18 5 10 3 34311 0.9322358710158722
14 0 0 8 42891 0.933075658725273
4 22 29 20 73721 1.0755795749557653
24 25 8 24 60893 0.9073840280083316
17 5 29 16 65224 0.9350327754374925
2 18 13 15 61665 1.0239780778591425
22 29 28 3 97322 1.0706202661757966
12 14 1 3 56301 0.9724186819412678
6 7 21 3 48208 0.9957222020770631
6 9 24 19 73681 0.9858835294115379
8 26 17 20 45784 0.9657635048580819
5 20 23 4 91073 0.9066523415564337
7 18 21 12 68651 1.0449101404760064
3 26 16 8 71151 0.9969319334221989
22 26 26 18 33183 0.9558359262830382
22 7 29 16 50304 0.93741334847491
25 16 13 11 55965 1.0383356941693644
29 18 28 4 54771 1.0631661996337578
1 5 8 9 28371 1.0932826259816717
5 1 1 13 47384 0.9862253426168324
14 28 11 6 45946 1.091255292232538
0 20 22 13 95442 1.000309442542628
22 19 5 10 65564 0.9560644211021895
13 28 27 7 73849 0.9714382642837978
8 27 17 19 45742 0.9108380428686226
9 27 15 10 48030 1.0618339851361294
2 1 27 14 83476 1.0021548610073683
26 3 10 26 80660 1.051657982312523
9 20 14 5 44416 0.9826285052395879
15 8 8 13 25391 0.9365645123436798
0 24 19 1 94976 0.9783378360543277
4 21 27 18 77077 0.9842981845913585
2 24 16 25 58487 0.9103409788722762
0 27 27 12 120118 1.056272539157714
27 3 11 16 69693 0.940352328297693
24 27 9 19 64382 1.0559538862490687
17 17 2 23 61509 0.9683593626645648
10 26 0 18 52704 0.9490184641388765
6 5 22 16 62047 1.0208296433642325
1 23 19 26 59909 0.9568467813916804
1 3 11 29 83159 1.091288407214156
18 3 6 9 48218 0.9280443141253908
3 25 13 4 84133 0.9429926477525481
29 6 2 11 78839 0.9217190913123959
29 0 22 9 43234 1.0805048879252948
17 24 14 2 54723 0.9419652890609135
28 21 1 2 109969 0.9219911347457675
25 7 14 16 45833 0.9553141801321027
9 16 25 13 66858 0.991952975309552
29 5 26 16 39318 1.0094465904822267
13 28 0 12 83094 0.9727264154108366
2 6 22 22 80624 1.0464132148422227
1 21 22 18 76961 1.001504893985284
26 4 25 23 54356 0.9577943088518637
14 13 16 28 40083 1.0267937216241934
22 25 22 5 63898 1.0280211847572573
