5373 3900 5563 4210 3985 5700 5684 5250 5935 4353 5959 3771 4076 3828 6619 8908 7446 7902 6641 7828 8411 7909 7787 7433 6615 6600 7478 7989 7258
3804 7565 6090 6022 6727 6997 6442 7544 6944 7033 7345 5969 7524 7359 6820 5870 6565 6381 5851 7436 7126 5751 5511 6735 6666 6401 7797 5970 7583
7442 6694 8266 6879 8250 7364 6164 7477 5885 7909 7562 6094 7342 6704 5690 7059 6639 6867 5691 8085 6474 7990 6455 6925 6123 7702 7679 5685 6516
6028 4781 5949 5716 4300 5236 4768 4948 4347 6281 4134 4755 4459 5830 5963 3912 4932 6279 4651 5283 5281 4173 4438 5348 6055 6677 5852 6146 6527
5249 6418 4622 5783 4362 6789 5399 6172 6796 6910 7007 6044 6488 6605 6972 6163 7450 8367 8393 6936 7941 6476 7629 7149 6868 7920 6085 8621 6641
4774 6611 6153 6587 5450 4768 5084 4792 5059 6514 4775 4694 6560 6477 5266 5270 6159 5192 6298 6750 5836 5282 4816 6514 6065 6314 3368 3903 3280
5259 4239 3086 5355 4532 2964 4377 4026 2872 7683 6906 5547 5318 6711 6149 5809 6472 7392 5264 7723 5263 6709 7551 5623 6844 6617 6543 6315 7018
5071 4674 6680 6322 6847 5182 5305 6112 4496 6243 6929 5066 4929 6288 6830 6301 6890 6854 5395 7444 6948 7522 7916 5466 7645 6203 6606 7735 6186
2960 3764 3852 4039 4506 4115 3460 2904 3158 4455 4334 4294 2694 4555 4552 3797 2763 4851 4372 3912 4404 2900 2809 3950 3733 4265 6360 6074 4263
8229 7663 6807 7501 6133 8382 8232 4466 4209 5643 6247 4474 4609 5152 5416 4431 5056 5645 4740 4576 5219 5056 4391 5782 4615 6400 4355 5900 5180
4768 5213 5439 6364 7507 5381 5555 5638 7535 6716 5830 7505 6377 7458 6609 7529 7285 6809 5562 6442 5699 6985 5994 7085 5999 6794 6064 6591 6906
3339 5192 4645 3004 2791 3609 4468 3552 3029 4387 4114 3308 2316 3558 3411 3642 4346 2452 3002 2071 2719 2439 2710 2215 1975 3201 2564 3510 3949
4443 3778 6112 4998 5654 4572 5452 4492 5180 4842 5089 5168 4995 5096 5566 4279 3659 4713 3829 4018 4265 2908 3460 4089 4690 4069 3795 3915 3784
1583 2648 3457 2953 1550 1274 2220 2056 3542 3191 2087 1325 1325 2141 1905 3501 4902 4057 4342 4023 4137 4801 3486 4192 4648 3487 5432 3848 5223
1979 3927 2286 3051 2334 1934 3069 2452 2341 3792 3172 1640 1500 1414 3755 3465 2137 3363 2545 2792 3481 1991 3808 1398 6808 5400 4843 5324 6893
7315 7227 8343 8463 7113 8582 7747 7175 7826 7192 8650 8834 7814 8124 8640 7383 7914 7438 6978 6837 6995 7368 3736 3965 3194 3980 4191 4389 2388
1880 1670 2866 3376 2049 1828 2650 2019 2940 3073 1832 3234 2743 2949 2498 3275 2188 2994 1433 1867 1928 3331 2466 2764 3234 3549 1901 4089 4652
2853 3398 3031 3697 3588 4871 5419 3824 4248 5322 5204 4077 4310 5751 4177 4094 4839 4376 4909 4541 5385 3783 5747 5893 5050 3739 3552 5149 5326
4397 3310 4563 4512 3552 4565 2836 3785 4893 3920 4529 4597 5734 4891 5109 3809 4893 5578 5563 4906 5529 4992 4042 4716 5740 4317 4003 5275 5075
3317 3589 2240 3725 2783 3227 2195 2498 1358 1791 2577 3408 1509 2638 1381 3256 3486 3627 1574 2924 1480 1259 2071 2877 3027 2056 1588 4825 4244
7098 8479 6497 5896 3943 3961 3824 5851 4374 5919 5901 5182 3812 5031 4995 4123 5369 3685 5126 4891 4407 3861 3971 5184 6008 5888 4415 4917 5390
5286 6126 4772 6758 4992 5933 5998 6440 5927 5107 5899 6486 5291 5876 5764 5131 6672 3889 5507 4916 3853 5026 4933 5594 5077 5707 4219 5374 4622
2544 4699 2510 4370 2378 3022 2940 4785 2915 3144 4017 4156 6665 5342 6805 5953 6090 6623 5413 7356 5662 7765 6570 7346 6629 6317 7283 5892 6979
5327 4012 5308 5785 4620 5193 6263 5481 6238 6437 4326 4874 6427 5997 4897 4609 5224 6234 5137 5856 5252 5570 5861 4530 5404 6004 5408 5875 6050
1811 3439 3093 1894 1655 1526 3694 3466 2869 2251 1940 3994 2220 1686 2545 2248 2921 2668 1499 2489 3813 2750 3542 1429 3259 1852 3538 4256 6306
5552 6265 6589 6937 6484 6874 3244 2377 2850 2912 2948 1876 2228 3328 3288 3964 2155 3049 2194 2101 1711 2273 2862 3976 2602 1641 3502 2531 2751
7069 7954 7687 8477 4745 4940 3956 3201 4864 2688 2931 3081 4214 3000 2640 3833 3889 3900 4823 4457 4242 4077 5045 3280 3071 2714 2696 2802 5088
5441 5027 3058 4414 3289 3079 3689 3861 4789 1931 1952 2797 3209 3943 2293 3152 2671 3629 2991 2032 3422 3150 3578 1980 1782 4060 3975 3049 3771
3044 3609 2085 3076 8608 8523 7599 6669 7197 6846 7132 7627 8213 6439 7050 6681 7370 8356 7309 6580 8527 7077 7446 6712 6827 8163 7112 8668 7103
3585 5951 5034 5188 4910 3596 4387 5367 5635 3467 4394 3427 4511 5886 4350 5384 4699 6212 6330 5825 4860 5633 5210 5902 5029 4716 4900 6354 6317
5410 4635 6285 7106 3667 5226 3975 1748 8361 4972 7712 4699 4344 6617 4795 7203 3082 3777 5157 3394 6987 5742 5147 6526 4971 5128 3681 7728 5142 4366
4892 6175 5340 6638 4959 4870 5047 1533 7299 7409 6754 4964 5435 4833 4777 4885 2605 2263 5938 4736 6761 4831 4920 6430 6880 5121 4086 7839 4855 3724
4608 5141 6206 5986 3212 4968 3813 3325 6802 4894 7432 6359 5327 5895 5419 5387 1464 2380 4964 5082 5765 3573 5208 6942 4491 5201 4032 8195 5456 4482
4638 6184 6270 5656 3921 3989 2992 1782 5930 6983 5987 5269 3946 6431 3264 5235 2702 2046 4319 5175 5195 3957 5682 5801 5592 6829 4424 7001 5273 4260
4488 4275 6403 6077 3927 3427 3188 2435 3926 6320 7381 5741 5446 4658 3680 5112 3401 3515 4629 4220 4512 3500 4546 8004 5203 6132 1947 7829 5484 4320
4924 6123 5848 5427 2941 3520 5265 3199 3250 7141 7005 4529 3293 6478 5247 5421 3446 3455 5951 3249 6462 4448 6045 7436 5978 7761 2855 6814 5465 5081
3274 6224 6025 6094 3375 4348 3443 2376 2288 6339 6466 6441 8071 5145 3458 6555 1690 3632 4579 5275 5280 3645 5343 5685 6283 6801 3388 6302 6301 3090
4663 3864 4093 6656 3256 4799 3368 1994 2757 5589 8002 4814 7917 6039 3225 7055 3637 3617 5602 5331 5088 5390 4448 7570 5757 5939 3513 7231 4306 5503
5454 4892 4452 7551 3024 5486 4438 6120 4410 6531 6706 5253 7675 5463 4091 6809 2901 2397 5095 4349 6370 3848 5221 7062 4669 6445 2250 6974 5698 4042
5037 5746 6144 7792 4706 4674 5087 6811 4462 6287 7968 3725 8738 6418 4578 6440 2546 1833 5285 5214 5865 4962 6674 6640 5974 5429 2648 6742 4485 3697
3348 5489 5593 6300 4080 5177 3065 5401 2404 6481 6374 3874 7855 6977 4115 4944 2701 2801 4027 4055 4613 3770 6664 7552 6433 6275 1250 5894 4860 3020
4397 3795 4472 4412 3000 5878 4356 5287 4211 6360 8327 3282 8437 6334 3222 5323 2526 1990 3688 5821 5610 5211 4525 6651 5389 7969 1646 7223 5353 4720
3980 3912 4856 4497 4330 4683 3871 5482 3044 5752 8954 4724 8246 6770 3779 5986 1807 2080 4600 5333 4621 5655 6461 7408 4927 6288 2713 6799 4856 4578
4537 4724 4990 4357 4237 4645 5270 6088 2769 6641 7708 3466 8183 6528 4143 5794 2332 3268 3383 5096 5133 4949 6677 6264 5954 5943 1334 7254 5469 3512
5461 4388 4494 6266 3057 6655 4439 6608 2192 7235 6508 5690 8313 6591 4683 5870 2095 3399 3418 5555 6563 4414 6423 7976 4791 7296 3288 6608 6122 5453
3820 4188 5613 4271 3419 6123 3712 6841 2127 7113 8482 3941 7883 6182 3905 5464 1797 3588 5779 3292 4858 5086 4546 5679 5469 7378 1543 4765 3070 3612
2909 5593 5314 4293 3800 4337 5028 4626 2249 4979 7755 3764 6530 6635 4746 7425 3612 1433 3333 5005 6707 3615 5034 8119 5304 6462 2509 4946 3847 3323
4660 5331 5169 4586 4320 6024 4231 4742 3808 6048 7361 3435 8322 5613 3943 5058 1469 3736 3857 5287 5343 3922 4181 6521 5083 7966 2856 4344 3859 3012
2970 4919 6168 4167 3177 5763 3640 5923 2765 4923 8445 5192 8774 5429 5064 6438 2449 2387 4931 4037 6746 3241 6150 7735 3479 5688 3210 3402 4314 3377
4516 6012 4527 5574 3727 6390 4187 5753 3291 5918 7186 5669 7408 4853 4202 6860 1585 1975 4506 3633 6981 5258 5043 7300 2573 6745 2225 4907 4087 3685
7179 5600 4074 5278 3474 4233 4390 5117 2092 5991 6473 3316 8369 5261 3990 6404 2174 3093 5281 3716 4738 3465 4726 7989 3990 6709 1923 3909 3599 3259
6881 5787 6596 5416 2832 4527 8022 4662 4122 6517 8825 4715 6628 6438 5008 5980 1861 1958 4049 5597 5567 3366 4384 5375 3612 5663 1499 5074 2439 5177
7388 4339 4999 4211 4131 5854 6246 6232 3633 5701 7923 4436 6950 4606 5492 5267 1903 3798 4403 4792 4802 3918 5094 4536 1934 5488 2587 5322 3473 1904
6391 4920 5808 4919 4152 6558 8074 7013 3162 5432 6602 5310 8299 6463 5012 5679 1879 4192 4508 3397 4926 4967 6285 6420 4129 5482 1812 3046 4296 3511
5500 8016 4106 4019 3632 6156 8299 5800 2754 5753 8899 5350 7278 6484 4999 7297 3699 5295 3780 5221 6264 4837 4886 6396 4275 6307 3371 4892 3028 2702
5213 7701 5219 4304 4217 5183 5908 5249 4390 7285 8369 4901 7957 3473 4632 3554 1916 3984 4047 3760 6838 3456 5498 6415 2714 6141 1162 3413 2221 1814
5921 6756 5067 5600 3566 5813 7719 4520 2599 7930 7924 5091 7174 3524 6097 2946 1925 5635 5824 5554 5417 3431 5769 4400 3749 6828 2344 5210 4484 3904
6167 5777 5179 5448 3760 5080 8351 5338 2781 6540 7957 5528 7488 4152 4681 4024 4075 4164 4151 4784 5448 4156 5359 6052 2133 6309 1393 3343 2235 3723
6239 7627 6150 4335 2703 5202 7172 5585 2520 6585 7930 3577 8926 3990 5902 4674 4826 4444 4263 4645 6813 3910 4231 6836 2834 6868 1241 4713 2400 3234
12 9 23 20 58886 1.015902162918858
18 26 8 9 77148 0.9535448891931021
22 27 25 5 72499 1.0379644255390406
1 4 23 25 120141 0.9898795916753347
28 11 28 23 48447 0.906789600415549
11 11 25 7 54167 0.9629345965289966
0 26 15 28 51635 0.9555555260304771
8 11 11 21 39930 1.0958866172918338
5 14 9 3 60930 1.0522696906419526
26 27 25 11 43106 1.0579103507584142
17 6 2 21 90595 1.079407585754483
21 29 1 21 89849 1.049170825754457
15 15 11 28 47668 1.0440364919815672
2 8 19 28 105777 1.013498208383155
16 0 28 7 62402 0.9590136459996259
20 21 28 6 73148 1.0847404136713177
12 8 18 2 34375 1.0675283341217692
17 0 25 12 59709 0.9000159873500009
2 7 11 9 32320 1.0749437529569845
17 2 9 6 40444 0.9978746972029736
20 13 27 26 53299 0.931187327028498
16 18 27 16 29654 1.072876540021115
26 11 8 22 77991 0.9241130308776978
7 17 28 7 79642 1.071255058802243
15 4 28 22 78412 0.9830234678464649
25 6 1 21 110595 0.9021252792166317
23 2 4 6 82827 0.9859708761626529
26 3 11 11 69594 0.9261293850110118
3 28 26 29 77046 0.9176823777487879
2 10 14 10 62734 0.9939372769250783
8 26 29 19 71603 1.0641411254514843
14 11 1 9 64641 1.0686479416692103
19 2 15 25 69750 0.9335229834701343
2 8 25 1 101393 0.9395648830504568
1 24 26 8 123239 1.0947839515730724
6 7 7 24 74831 0.9391405023680407
26 16 6 21 67773 1.0558609942689214
9 5 5 15 56651 1.0510603088904746
9 24 25 28 53462 0.9043519434956336
9 2 1 6 46775 0.9967655831173309
19 20 1 10 94689 1.014179147588509
7 6 9 20 61692 1.0314082696167415
3 26 17 16 62038 1.0754534760424435
6 20 1 27 59774 0.9851490714178655
29 12 0 23 129836 0.978233112354109
5 21 15 3 83434 1.0499208595151017
7 10 3 21 72157 1.091408541085475
29 12 1 13 104212 1.0121769315187579
15 18 28 6 73290 1.0368373263427757
17 18 22 4 51787 0.9738245283791955
24 11 3 10 86580 0.9297579757811856
2 19 2 1 100390 1.0757486426756173
21 27 28 18 44140 0.9604911968972805
3 17 24 18 59184 0.9868778699475853
16 22 15 0 58443 1.0125631700822106
4 21 0 12 59841 0.9433719116773573
14 12 24 13 37437 0.9938366657651316
17 8 13 14 22948 0.9705987093891543
25 17 17 8 39747 1.0351530796950943
17 0 28 19 79004 0.9988357036954206
7 6 24 1 75761 1.0573715243939081
10 14 29 12 68238 1.0518178555207733
27 1 11 5 74349 1.0317987697643376
11 28 25 20 53655 1.0293823579993684
28 28 0 18 107542 1.090770333429995
28 9 18 19 55483 0.9298327338157318
9 15 23 24 57900 1.0832573441608568
14 26 24 28 31246 0.9464808718672626
2 17 8 29 69242 0.9370850919262432
0 24 11 9 99155 1.0102355247128765
2 18 29 3 115522 1.090249307104556
23 25 3 13 92355 0.9683777118170656
27 22 8 10 83491 1.0199039045387086
11 2 29 7 74700 0.9023295955952558
29 15 14 8 59851 1.0354397761911576
25 10 12 23 70982 0.9457585069801936
2 3 2 17 76336 0.9990844818240933
8 3 3 22 95558 0.925884660948227
22 13 29 4 52562 1.0733691752314543
5 26 11 20 31163 0.9152329929914789
14 28 28 20 63916 1.0166042930256425
3 20 26 23 92769 1.049111194237415
18 28 6 26 37269 0.9086727817127852
7 1 24 0 85183 1.0363723460756356
23 16 16 9 34657 0.9242691337971427
4 10 26 0 107959 0.9318417670556022
26 28 7 16 73058 1.0470684306690736
23 11 18 22 47905 1.0577795761440267
9 2 25 1 82400 1.0851860343810147
0 26 26 24 73537 0.9636848293687519
27 23 9 13 76259 0.9901367202538857
2 29 14 28 55377 0.9579648193850823
15 22 3 4 87188 1.0017882765894799
7 19 23 26 63612 1.0383876041992972
19 5 0 28 118620 0.969974339872461
0 7 8 11 33243 1.0868361512368352
11 11 24 12 50058 1.0471250447179385
0 2 14 9 70079 0.9473028542841991
27 27 7 26 49658 1.0742279377832078
22 1 9 29 110453 1.0094066600520744
5 15 22 28 79567 1.00109593075508
7 11 27 7 80306 1.0999750228069172
25 4 7 15 79301 1.06278888774719
29 18 10 19 62062 0.9403833004922626
7 19 6 3 73658 1.058290405743088
28 29 16 16 62080 1.0690166537541737
27 18 14 26 53324 0.9095291089491847
12 23 12 9 49351 0.9188958356867578
8 26 23 18 60434 1.031427180768278
29 6 10 0 86474 1.0755938621632193
5 14 16 27 64312 1.03584433185278
18 23 17 11 44494 0.9004249989507825
15 15 19 28 45791 0.9078363264921286
13 14 1 6 58132 1.054082818012654
12 2 9 21 63815 0.9689742949268492
4 11 20 17 70523 1.0006833494044154
26 3 17 6 42414 0.9355663582987606
10 4 22 7 48710 1.0811444673721498
26 24 12 12 67008 0.9821242381456804
3 7 10 18 60331 1.031546050735183
5 13 26 10 86322 0.9870774152664691
15 22 27 25 45976 0.9170792473733945
14 9 26 24 66296 0.963976279935742
6 2 28 5 94322 1.071842056495501
3 3 28 15 106265 1.0622417203303747
4 18 13 13 42559 0.9373797091716382
23 19 1 0 124102 1.0725915342010066
29 8 14 2 59611 0.9844702440976527
2 20 19 3 98517 0.9887728347982206
20 2 10 5 47800 0.9037606011146953
3 19 1 7 65349 0.9561374217825684
1 18 4 7 62367 0.9107942886841907
28 18 13 10 53431 1.0543688139212533
14 7 28 27 82000 1.0427025104445353
27 20 11 8 68291 1.0562215917452982
28 0 23 7 40877 0.9191976999574556
6 22 29 29 84470 1.028712893751679
6 8 19 21 68166 1.0222263077359068
22 16 6 28 75007 0.9391171567256833
19 7 23 18 39397 0.9706425241520212
16 3 27 12 58256 0.9831706205625167
22 26 11 20 40005 0.9706191785723608
8 20 26 14 62553 1.0890311694824988
22 21 16 29 42596 0.9123742157798045
15 21 5 19 52492 1.0196538128999848
0 15 14 27 74049 0.9674932011629251
24 10 10 22 64279 0.973231308976198
26 17 12 27 61058 0.9786961877753124
0 10 15 7 67194 1.0587270687185575
4 8 22 21 87431 0.9228023698541331
0 13 9 26 76734 0.9931765762465922
20 5 13 14 42362 1.044897791887337
21 23 5 6 94639 0.9744657368129298
20 27 15 9 63851 0.928013370156234
17 0 26 2 49865 1.0861684454272766
3 19 20 29 87639 1.0594828831292498
25 3 24 23 55689 1.0770469723576104
29 14 9 26 80348 0.9268484165846188
19 5 24 12 35274 0.9528904853493249
6 10 16 18 60622 1.0071950663361784
29 12 4 3 108679 1.0020145380482162
2 5 3 15 55689 0.9499885903330881
0 9 17 16 79865 1.0366336163818606
6 1 10 12 60257 0.9345408298365083
10 1 20 22 80246 1.0275096632919198
27 21 11 16 49285 0.9490761847407229
12 7 17 29 72496 1.0905972687585763
26 23 15 16 45188 0.9329288271270988
5 5 20 3 65132 0.9453007066550321
9 12 5 27 71257 1.0084863863659435
8 11 18 28 76690 0.9632075754545588
21 27 29 25 24344 1.0864326582415393
5 6 24 8 66298 1.0941032461350242
3 2 7 22 100148 1.0317520744714765
22 11 16 20 41904 0.926865094702542
13 20 21 2 70579 0.9564465611883528
20 11 6 12 68817 0.982497692812357
29 1 12 13 92363 1.057183957520845
20 22 15 1 66779 0.9878448159312814
16 12 24 7 39667 0.9482009953519898
2 27 11 13 71727 1.0424302119334887
19 26 29 12 63364 1.0165892478823104
19 1 17 13 41942 0.9756498640012898
7 21 3 5 82225 1.0541466810095712
3 22 9 13 62287 1.03504284021524
6 5 13 21 73624 1.0291235362045184
2 15 28 24 91652 0.9709069872479918
3 1 15 3 66560 0.936108157043711
14 11 15 29 52868 1.0918985299853037
1 2 12 27 118641 0.9263815311462307
16 6 6 28 86921 0.9348473991665548
2 2 17 22 104580 1.0678468259859495
28 18 18 13 40097 0.9784995791717545
7 9 14 18 52633 0.9658125099190737
10 1 27 19 88358 1.0709351519215442
25 0 1 12 125249 1.025943083052959
6 27 14 17 49714 1.0264517649464797
14 21 8 16 29131 0.9619939220987623
18 15 10 25 48115 0.9049437094081072
1 1 14 27 129926 1.0321045150325072
25 23 12 13 57481 1.0195113719910023
4 27 24 7 100037 0.9682309475617363
24 12 29 26 43102 0.98950897765897
18 19 6 17 43324 1.013010245186127
1 19 15 12 68093 1.0051634633953346
7 8 0 13 49680 1.0948614033595256
14 6 24 24 67093 0.9296220416351452
10 17 21 20 42148 0.986172939040729
11 17 22 9 51235 0.9673348277609439
28 14 19 29 62106 0.9959160873966733
4 27 28 5 122023 0.9485806342921872
22 26 24 7 53840 0.9225804914041553
14 5 20 12 37138 1.0632569167489012
5 3 13 14 56010 0.9737949269067079
0 12 16 15 66314 0.9820136814055428
22 21 14 14 42550 1.0633723019555217
15 4 27 10 53550 1.0368770520565358
24 19 7 4 78757 0.9409443292404526
21 20 29 1 86538 1.0280521103855471
1 1 18 13 103404 1.0036637377263815
23 27 18 17 36924 0.9445106482363292
2 25 2 10 87484 0.9082578507493889
2 1 6 29 143879 1.039590266692943
26 23 5 0 121450 1.0719507323336803
9 17 7 7 41897 1.0957629498284507
10 7 11 23 55546 1.0589879163652127
28 0 17 21 86739 1.0346924250961567
23 12 28 17 31373 1.0012476957636829
18 19 27 29 47449 0.902512697082327
4 12 27 9 98254 1.0904681891531893
0 25 18 1 124401 1.0022345822589498
12 4 10 28 71621 1.0664623521441168
6 8 23 11 63348 0.9087111715936318
9 26 27 9 83597 0.9620019503110093
2 14 14 13 49635 1.0148703654716427
12 23 14 2 63815 0.9422946997954813
29 1 10 11 94823 0.9199461291394212
1 4 15 17 78716 0.9941222939911152
26 20 0 14 91381 1.0595038349509893
11 20 0 21 50385 1.0273409699235916
4 6 16 17 64267 0.9732660992327995
15 13 26 0 76417 1.0480057604516568
20 13 26 4 49986 1.0014343061328772
5 14 26 0 105990 0.9142161410876679
15 23 6 25 39786 0.9723578618049796
7 19 10 6 63626 0.9120887907935663
29 23 3 1 142025 0.9888317448809292
10 0 10 24 79980 1.028930021632007
26 29 24 17 36406 1.0363814044106041
13 29 20 25 37101 1.0581968336275247
16 9 14 29 62259 1.0599437958299722
8 17 28 18 55321 0.9265428680969157
2 27 10 10 87055 1.057829303220482
14 21 9 2 69483 0.9149775318639922
0 20 8 23 49166 0.9698873734394265
23 18 0 10 99280 1.0660073353785444
9 9 0 29 110461 0.9989459879131932
26 21 26 11 33350 1.0510094901282168
21 14 2 19 71960 0.986413608121949
4 2 28 12 111054 0.9716059939004766
3 5 23 0 94121 0.9478198681394677
0 27 18 7 107739 0.9042874993282418
1 25 24 16 89676 1.0297055714005676
23 1 25 20 56638 0.9192006136559485
2 21 10 25 48885 1.0790599509527499
26 25 17 19 42311 1.0953271531215387
3 1 15 19 95055 1.074951334499703
22 11 15 29 70296 0.9434748300596925
24 14 2 12 80797 0.9573143144396021
18 23 26 26 27857 0.9885288851160408
18 7 16 20 40480 0.9553595484975311
16 29 6 4 94508 0.9090326556682845
19 0 1 17 90328 0.9008979102035093
24 19 6 26 61328 0.901278102916356
3 22 4 5 89198 1.0722374599113975
8 1 15 16 61339 0.9014414721912299
29 10 9 3 87073 0.9831460837258378
22 10 19 22 44259 0.9645485165961236
16 18 1 5 81941 0.9720737235095102
10 6 11 26 64825 0.9343324414386385
23 1 14 18 69764 0.9343964216421579
25 28 11 17 61333 1.0907291507669372
4 26 16 12 65467 1.016518823945653
26 27 17 6 72005 1.0880853515789524
3 18 28 1 113913 0.9898435857611514
4 5 8 25 87095 1.0627938095923506
27 2 0 5 111584 1.0022402930255583
12 3 16 13 35460 1.0773876151146689
0 21 19 10 93576 1.0056650016695448
15 2 29 20 87667 0.9062047025578569
7 22 29 16 76912 1.0818824413074513
17 13 4 21 68531 1.0561348356229825
8 17 21 20 46378 0.9339959183500693
29 10 23 27 67253 1.0250751515539036
18 27 1 4 112194 1.070429902667847
9 4 29 29 113771 1.0869788243674616
7 16 7 27 51715 1.076848732380122
11 25 6 2 87368 0.9113232675066235
1 7 15 25 88928 1.0078220261428346
5 5 29 1 105721 1.0191328577101335
8 11 19 21 56628 1.0516899545782257
17 13 5 3 69483 1.0276206778485277
10 5 4 17 68672 0.9330500019043606
12 16 24 4 55057 1.0843214815073077
14 4 7 16 46472 0.9349222873346574
6 11 26 1 105750 1.037162277485927
8 16 7 0 66102 0.9724294068415056
4 15 9 4 63807 1.0264885925033436
22 3 24 25 65488 1.0862544364074846
5 20 16 9 68946 0.9741538506276266
6 3 0 24 126000 1.0013016917380002
25 21 16 0 69389 1.0269501769493756
28 15 25 1 57350 0.9619691999574075
7 19 21 22 64099 1.0215592559805957
13 9 2 26 72022 1.0131764734763966
6 18 29 23 91717 1.069374750043665
13 15 11 29 43764 1.077854787420388
28 1 26 27 82777 0.9794408412673753
21 29 9 25 46998 1.0738852079551107
17 25 28 26 28121 0.9246987493639633
8 27 4 11 85108 1.0905935306247234
1 8 0 20 79247 0.996472623823708
18 21 5 5 79854 1.0863925464846438
12 27 2 5 99520 1.0498166061113563
8 1 20 21 87743 1.0248187096149304
18 13 1 9 84549 1.0546106458884985
1 2 17 26 117447 1.0294007865236834
13 24 24 26 32921 0.9087510407337503
24 16 26 25 29805 0.9569189060484297
26 0 12 4 65606 1.0092340964038968
4 28 29 10 117974 0.9965116371740942
11 3 21 1 53036 1.0426131149841327
14 18 15 29 38948 1.018338994623767
18 16 29 0 75173 0.9826060035445451
13 16 29 14 46724 0.9595989497577829
18 8 1 21 91786 1.0047505474481366
18 0 23 21 72221 1.0756204902953257
29 0 9 17 98255 0.9031713489713232
9 20 22 5 77070 1.0729667424497462
13 4 7 25 72221 0.9186285113739313
13 14 25 8 48575 0.9319075577298841
11 5 27 13 70886 1.0461716226489273
3 6 29 3 103126 1.0645256109133852
2 27 12 14 71391 1.0524447618056654
3 0 21 9 89164 0.9890192523849719
11 15 28 22 61436 1.0507895014236466
2 2 15 27 118260 0.9784353876840528
28 21 17 20 49402 0.9919822949389987
20 1 9 26 91565 1.0494268811774632
9 27 9 7 74480 1.0360821583811934
24 1 13 16 61676 1.0647010866407038
1 12 13 18 63723 0.9090163194382598
5 3 12 14 59789 0.9452132035661965
2 26 28 25 71885 0.9832816956711259
24 24 25 14 30592 1.079458795881385
8 12 26 20 70549 0.9128278449417238
10 27 0 28 54116 1.0113382069375212
2 24 19 21 69887 1.0291000472452854
2 1 21 28 134868 0.9059841617040044
9 19 17 21 40885 0.9576070200660712
9 2 18 22 81046 1.0391553128042068
16 7 4 5 49200 0.9026654369257545
6 28 23 23 66728 0.937678887380937
9 27 13 16 38493 0.9204835388344317
13 1 9 22 66663 0.9236821942935556
12 9 26 16 49998 1.0235044606185943
1 20 15 8 79041 0.9754212076491
1 21 18 19 81212 1.0149939327039221
6 4 29 18 97298 1.0573073360749148
17 6 10 27 73356 1.0981112706856997
1 21 29 17 101286 1.015704597252116
16 22 28 0 87756 1.0005334596606785
10 6 14 27 75361 1.051013876890042
12 13 5 8 43059 1.002094359975455
16 29 7 24 41069 1.0483864706445998
24 13 8 5 74494 1.0461320801597036
17 11 18 0 37516 1.046986380555724
27 7 12 0 67535 1.0715270711763527
26 22 9 9 82945 0.994534690564874
15 26 20 18 31892 0.9605230742177506
22 10 14 14 42564 1.04221777691173
0 21 27 22 106313 1.0045455839680404
29 16 14 1 75955 1.0327668725798929
8 22 19 9 63181 1.0154774975516785
22 28 24 17 38864 1.004408085474182
14 11 28 9 58467 0.9900494080950166
10 15 10 28 46650 0.9839713035148523
23 8 0 18 91430 0.9973447818981477
0 29 1 10 127453 0.975545714801072
10 15 26 8 62972 0.9573185469297474
8 20 22 23 69912 1.038405620676175
18 5 6 22 85934 0.9506495587590248
6 27 1 6 109232 0.9575058514623437
25 24 25 11 35005 0.9321184475178724
8 16 29 18 57891 0.9587286359743721
7 23 0 8 91966 0.9151311135805791
27 11 16 4 52083 0.9736540127383824
26 29 0 21 102005 0.9498302439420567
22 20 15 24 42559 0.9424187341429119
28 8 29 26 58776 0.9067100575772339
12 27 24 12 63730 0.917765385665334
6 15 27 0 103738 0.9919189058804491
0 29 18 22 79359 0.9437386164395116
21 28 12 13 64885 1.0755163515137502
13 4 26 23 75732 0.9086557835640511
23 4 14 18 59707 0.9200918369613212
27 2 10 7 76723 0.9829697810148453
4 21 28 25 86366 1.0050987556396023
26 25 2 8 115462 1.0310376037998843
5 13 24 14 66216 1.016265556325132
5 21 11 8 68418 0.94015597315525
10 21 27 9 71130 1.085054806643768
22 20 25 7 44189 0.937217804294993
27 13 20 22 45723 1.0013502203995195
13 18 23 10 50942 1.0947069011337165
20 18 1 5 92163 1.0355263721233015
4 10 0 26 99956 1.060653158517364
1 27 23 29 81971 1.061631215180377
1 17 27 10 83124 0.9033405738580466
26 11 24 19 29056 0.9136175743536876
9 23 13 2 68406 0.9201225802598982
19 10 1 28 102409 0.9344898393197022
20 21 27 24 34175 1.010673701461127
22 29 28 1 95820 1.0688197894403453
6 21 22 24 67197 1.056328382318818
18 9 7 24 80620 0.9339397694449603
0 6 20 23 100374 0.9100968819431028
17 16 5 12 52671 1.0002800066214128
2 26 20 10 91742 1.0347566009119946
8 3 22 22 90281 1.0124119342103308
21 25 24 9 52747 1.0147259632781434
27 2 28 16 49531 0.9194648723861756
18 8 8 27 74910 0.956252436335299
20 4 1 25 112622 0.9466092119909637
20 29 8 12 79284 0.967233722900975
2 15 19 28 79156 1.0535643915191657
7 0 12 23 91761 0.9962942697294223
26 20 29 4 61187 1.0473578245906174
6 16 28 13 62044 1.0657985963320682
12 22 26 3 87818 1.0819803803010453
4 16 24 16 47811 0.9996482738634964
26 6 6 3 84719 0.9932850427106883
18 19 2 15 59011 0.9136125834715972
11 26 2 8 89370 0.9939297458768008
26 13 17 17 33247 0.938987721774448
23 5 10 28 98438 0.9906543756672647
9 11 16 27 59681 1.025977564654132
14 12 2 15 48343 0.9275047035371168
10 24 11 1 74379 1.0593163483339068
2 9 15 26 96663 1.0097507264172068
13 29 25 29 42527 0.9381666294440141
1 9 18 26 108927 0.9876100668617391
1 15 4 2 79378 1.0824386589424104
15 25 19 8 53082 1.0145309682338044
4 1 11 17 82422 0.9034650662382591
25 19 3 0 115214 0.995354564682704
15 4 29 8 52131 0.9990392018045279
6 24 21 13 82809 0.9974242160852926
28 18 0 7 99991 0.9731261668550614
4 13 29 2 121811 1.0040216809306293
13 14 25 20 41760 1.003688916992592
5 2 9 22 93698 1.082623317226805
9 10 22 13 67078 0.9957097128003672
23 4 27 17 44457 1.0423438842248864
5 14 14 9 46936 0.9273474527634569
10 9 22 9 45095 0.9710272343452984
24 22 7 28 62115 0.9471169461585248
12 14 1 6 61200 0.9662949804167471
20 9 24 23 51562 0.9746333491992077
24 9 17 23 56070 1.0215427064288838
20 2 25 11 46009 0.9139503927810136
15 8 22 11 30375 1.0128491314861288
28 19 2 6 105590 1.0469422956128436
22 27 14 9 66199 0.9838283514087158
9 10 24 2 71511 0.9019421577152592
22 26 9 28 38899 0.9979383312531506
8 12 28 0 103512 0.9135347844934626
27 0 18 3 52876 1.0029620926577976
3 7 7 18 59745 0.9299599190226203
20 25 18 7 52347 1.0473758367924304
29 2 10 8 78696 0.9876224831249434
19 14 2 15 54271 1.0313500550517358
4 19 27 29 95840 1.0769292055367885
27 6 7 22 97517 1.0657989254171247
29 13 11 28 84026 1.0473997705125406
24 21 18 7 47260 1.053047987348238
19 17 8 13 41353 1.067925779980025
0 25 2 15 69771 1.0307208347174073
28 14 17 1 73312 1.0711729712211318
29 20 16 3 79188 0.90943583942623
28 6 22 25 79200 0.993902658207154
12 20 14 11 31689 1.0651123014472683
11 12 2 1 76695 1.0203992886492814
17 9 26 25 66738 0.9030165693041105
2 16 14 21 45471 1.0602782255335423
14 28 0 5 112957 0.9133967123652066
17 5 8 0 49636 0.922982606993207
3 16 27 19 67344 1.0945671242357666
26 10 5 5 83572 1.0510418929775416
5 24 27 25 68365 1.0723237902876932
25 10 11 20 57839 0.9578066531165841
20 27 7 9 88159 1.069295177770577
12 28 13 5 64163 1.0522224096242296
21 12 24 23 47387 1.0969543189928708
18 10 8 11 45683 0.9294097104233037
11 12 19 3 50472 0.907033893676502
8 15 4 7 40950 0.9495555886370179
12 23 29 27 54758 0.9909774917985591
24 20 11 18 42328 1.0245905739013133
7 26 20 11 71002 0.9775715680246406
22 6 15 23 64564 1.0246806016731507
18 24 8 26 32094 1.0646395022874064
11 12 23 6 59520 0.9454605330917021
10 19 23 5 74430 0.9878402529581735
27 3 24 16 45911 1.0127239225340037
10 9 8 17 42128 0.9174649612264116
4 3 13 29 112497 1.0737395593479664
24 22 9 6 78968 0.9130504075990508
15 16 29 4 66701 1.0754810571511146
29 2 26 10 39140 1.0343843015010052
28 12 8 14 71611 0.9393934271889857
18 9 9 26 68861 0.998939799772798
15 26 16 2 64629 1.0395929764298362
5 21 28 17 80981 0.9714581009358966
2 13 19 24 80054 0.9422054196287633
13 28 2 28 53027 0.946160560798667
28 27 7 18 83608 1.086278553174662
26 29 8 21 66919 0.9221155751690535
9 18 23 11 58581 0.9869349876222571
21 7 7 4 57229 1.0463433021885922
18 18 1 21 76159 0.9791134579844939
18 23 24 1 72078 1.0221944219334913
13 1 28 7 67310 0.9830249129583745
28 1 12 21 99173 1.0936593603525602
13 18 20 1 64492 1.0135729020020108
26 4 14 17 60904 0.9363912377398469
15 25 3 25 41913 0.915587648982879
23 28 8 25 49029 1.0849815587262224
14 13 25 13 42421 1.0365547677938125
10 28 3 11 83307 1.030197056299485
14 17 14 6 28737 0.9183409892812383
9 21 17 17 34734 1.0317955921535884
28 27 4 8 110873 0.9508796629631953
28 8 2 7 81280 1.0744018187920974
9 28 25 16 70734 1.03084385571269
1 23 13 25 58041 1.0937535783750632
27 2 13 10 68159 1.023438947159894
27 4 2 21 119145 0.9136198780724069
6 11 24 23 85148 1.0657551915591534
17 0 22 21 73167 1.0663547508698825
14 14 20 25 45249 0.9545856704411124
10 7 14 0 34849 0.9140877772470424
2 4 16 17 74301 0.9049768075107105
0 8 8 27 102704 0.9599794172578866
7 13 27 0 110464 1.0814553193094365
27 21 11 6 76472 0.9746441952317279
6 7 12 20 62042 0.9298841848633064
29 3 17 23 91866 1.0226818059806413
18 27 9 13 65925 0.9112028124503871
17 10 16 19 30282 0.9181172741130265
24 5 17 1 37594 1.0566604090826555
2 15 16 8 61985 0.9333666250035393
25 9 0 15 89209 0.9306501058746228
6 16 10 0 66291 0.9307264331002884
8 8 23 4 59308 0.9738589652508669
7 17 10 29 46475 1.0145052600336117
12 23 20 6 68363 1.0092489331467742
29 27 20 2 87818 0.9818261437408948
22 18 2 10 92816 0.9040872007529938
5 25 21 3 108278 0.933921371416472
29 4 0 4 106602 1.025323917170913
2 11 22 26 101145 1.055301599367772
4 23 13 11 71388 0.942392628091711
6 16 0 8 59025 0.9075187904086757
10 2 15 13 49477 0.9394705097829059
4 21 14 1 86881 1.026840524281968
7 0 27 23 115317 1.0850596119524545
19 13 27 28 55470 1.0106740155434308
26 25 5 8 98804 1.065085423232341
3 22 7 5 91448 1.0081000453497806
26 26 12 26 32032 0.9809338903648017
1 17 8 23 44156 0.9012298538629568
6 3 23 20 94902 0.9601581366345746
3 5 22 4 72903 0.9163789403362091
7 8 14 19 50682 1.049170997511537
11 11 28 27 79307 0.9718446027272895
29 12 25 2 50381 0.9232812591903097
19 16 25 11 26469 1.0795657882886787
4 3 2 17 75949 1.0139404037153934
5 17 11 3 61642 0.9042531412595104
11 22 19 12 42364 0.989247860844487
27 18 19 2 57828 0.9101462931191195
11 23 3 27 35518 0.9315477507362493
8 24 19 22 43276 0.9869921937977515
0 13 29 3 128575 1.0061984876261705
21 3 4 29 116835 0.9906431137193745
10 15 20 9 49151 0.9988867199154514
3 24 17 28 55368 1.0896795383190012
7 5 21 24 90805 0.9683052238698343
14 11 27 16 40138 0.9616147337886239
18 21 1 23 83600 1.0492029977538662
16 11 6 17 42346 0.9765307953570295
24 12 10 24 63039 1.0684571518178874
29 14 8 12 74803 1.0599334349924248
5 23 29 5 124822 1.0046064589396897
14 9 25 11 43246 0.9652109723392075
2 0 8 24 117544 0.9848527144433552
17 9 16 23 40790 0.9671992728288318
8 24 14 7 64177 1.0444563993036338
24 6 13 7 41426 0.9762160316260489
4 0 17 2 61432 0.973511993771522
12 17 6 0 72377 1.01624541797829
12 2 16 14 42225 0.94244579614563
18 25 18 2 68767 1.0020259756254244
10 26 6 18 45424 0.9036086419348361
7 4 9 21 74230 0.9541832837797243
16 4 24 7 36488 1.0286110400596986
25 13 22 0 46138 0.922034377516528
26 11 21 3 43146 0.9574630359928906
12 20 28 0 97952 1.0630985860079911
26 28 5 23 73973 0.9072609602711006
19 20 8 25 42282 0.9342259950838625
29 15 3 6 99552 1.0767344290515983
24 9 0 15 83456 1.0723172931424592
4 1 24 15 100370 0.906817830495001
11 22 1 10 80592 1.0892665434819717
2 16 11 6 60273 0.9115598608395926
18 4 5 15 69295 1.0134184230532102
16 9 2 14 66871 0.9156185335957925
7 15 29 9 85475 1.0772925553288268
27 3 3 5 97003 0.9934509915096511
28 20 24 4 54405 1.0148770284072424
28 16 19 24 40315 0.9170276856569096
23 18 15 12 45859 0.9655443690080073
17 6 21 20 51434 0.9239936147129656
23 5 19 15 40768 0.963264315687602
24 16 17 1 55646 1.0028526251884298
14 12 20 25 48163 0.9466476263355732
11 28 27 0 115921 1.0285263818364767
6 4 17 21 72137 1.086261603854581
12 13 18 28 59955 1.0388038163036624
15 21 14 7 42263 1.0799824235294415
24 22 24 6 43053 1.019912085205705
16 8 3 13 65188 0.925401857198064
8 27 6 9 84075 0.9725344177135663
24 12 14 21 43841 1.0478777229942642
4 23 17 2 106370 1.0698521314750844
15 19 21 10 44513 0.9049256500676369
16 8 4 27 80281 0.9014425070959241
29 14 23 24 47338 1.0731499005047103
6 18 8 2 72119 1.0588815940728455
27 13 2 26 96117 1.072401137679584
0 28 11 21 61842 1.031218732924732
21 4 22 13 36854 1.074778214297093
3 27 6 1 122935 0.9336619012444479
9 4 20 23 78079 0.9969147802556454
2 23 22 16 85834 0.9809643181180531
14 17 8 11 35524 1.059915415527025
12 21 23 9 67450 0.9112072197893722
29 28 5 18 93392 1.0397990735933413
22 12 20 27 60184 0.9017929279767285
17 23 24 5 67625 1.088167879096506
17 13 25 24 51362 0.963600542067221
20 27 20 10 52831 0.9403404980435233
9 14 21 7 57038 0.9511744605297536
14 23 24 18 46530 1.0599241716363195
17 5 16 19 39993 0.9297777728416179
0 0 2 9 51058 1.0494256705098501
26 7 12 5 52788 1.0129197457368906
14 27 20 8 63839 0.9008926367067633
12 16 19 1 53736 0.9885579916700976
17 5 21 13 38192 1.0660887351178334
28 6 3 15 99822 1.0582609525710165
10 5 14 24 63813 1.0919456468568702
0 7 20 9 63013 0.934351454749606
9 17 19 16 25531 1.0001474025450856
25 28 1 29 81790 0.963428858509846
14 9 27 27 74167 1.0821667502223764
20 10 8 28 84017 0.9732318422967925
20 15 1 11 83061 0.9831459415409005
1 25 19 0 121766 0.9848529486320288
24 0 1 15 100783 0.906099359410817
0 13 25 25 102517 0.9428288022476449
1 11 23 9 96798 1.0054010018152997
25 13 17 3 53765 0.9216926139982127
11 17 17 13 28724 0.9697722402209316
8 23 24 7 82051 0.9279182616885077
22 7 23 23 57435 0.9804113262086034
24 20 2 29 85307 1.065900221536073
21 4 16 19 49967 0.9693547048225812
14 5 20 9 27872 0.9815354393101867
6 12 22 24 81497 0.9447465860612088
17 4 0 28 117993 1.082794256155567
3 24 1 15 50324 1.0856124330545107
2 11 10 9 54178 1.0684032067660083
6 20 10 2 84679 1.0516090124609652
29 0 13 22 107132 1.034617803224058
29 26 3 25 67608 0.9011091529054018
11 2 10 20 60690 0.9035733775539069
28 26 1 22 92336 1.0978545091042897
2 22 9 7 90618 1.0741965583635569
19 27 19 5 51807 1.0812579600124548
1 25 26 13 104764 1.0066692007337177
28 28 5 29 71736 1.0254541005243198
4 28 29 14 105109 1.0354189818210726
10 13 25 7 66768 1.0604500690349479
9 4 4 20 85961 0.9229183016723906
9 10 17 5 41895 0.9957926180485449
1 19 27 26 98977 0.9819307968703848
18 1 24 9 44345 0.9606001529047601
18 0 17 15 51601 0.9055140740073789
14 25 1 27 49283 1.099543749431701
17 27 9 4 80272 0.9646591040478244
25 16 15 22 38918 0.9173946777439216
17 21 7 3 75084 0.9878118996392813
12 11 29 7 66165 0.9942451203084778
19 14 25 4 43554 1.067872693204079
27 18 1 17 72078 1.055189548793838
20 15 9 21 45581 1.0972580419090536
28 3 15 17 71053 1.0071038680154076
25 25 6 14 77291 1.0432516327023718
15 29 1 20 80224 0.9495375342466942
4 28 0 13 95770 1.0182324208012559
24 8 3 21 93816 0.9350989902862286
25 23 19 5 55284 1.0815550878198308
20 5 25 20 53359 0.9881804849416981
21 17 12 27 47211 0.981429802455172
11 13 13 24 42881 1.0858797752368858
10 13 28 18 63068 1.0920652677414653
16 0 14 22 60045 1.0110267131698372
28 2 10 21 94743 0.9220164507479032
26 0 14 4 57039 0.9069504655119875
21 26 11 29 33270 1.011194481032144
29 1 2 21 139302 0.9335007877529227
4 23 24 27 72471 0.9625614339745729
7 1 1 23 122531 1.0259745748867195
25 10 2 8 84210 0.9491586954122126
5 8 12 12 39551 0.9412140427735897
11 4 12 14 31820 0.9940853881123531
14 21 12 29 34946 0.9423595944420396
17 24 0 5 100727 1.0416577098321076
9 18 29 15 59968 1.082419851546082
7 0 29 3 100112 0.9624711156785377
20 14 11 15 30568 0.9722476424399616
7 18 18 15 39741 1.0168905277409428
11 18 18 24 43624 0.9787971948374841
27 24 8 12 81718 1.032335845792833
15 29 6 4 95314 1.0557905123879845
16 3 25 14 55940 0.9576115393872143
2 23 29 26 85079 1.029195383673162
15 28 15 2 77759 1.098072155125298
19 25 0 21 80046 0.9496152250379423
19 11 8 18 44971 1.0919646800556295
16 2 9 26 75031 0.9025079699241145
9 8 21 27 78368 1.0891312050670312
16 1 15 25 66636 1.056708656358997
17 16 18 2 44672 1.0266761907211133
17 12 13 19 35028 0.996268671083354
14 16 22 29 57309 1.0356236004243675
9 1 13 29 102075 0.9674962620496149
8 8 27 19 77535 0.9817350820808916
7 26 29 18 77092 0.9639277384247045
14 0 25 9 56077 0.9546175744542142
18 26 20 15 33299 1.0210260263944602
7 11 1 18 54758 0.9600087752478131
4 16 20 8 59618 0.9933779711040602
27 14 4 8 85910 0.9233966421347767
7 2 15 14 59535 1.0740647596640354
4 15 27 7 87331 0.9929389230954735
5 22 14 12 61169 0.9570413765178065
22 0 21 27 85525 0.9417387476567577
4 9 16 13 58458 1.0388823355652779
8 6 28 7 76047 1.0735670535523218
6 23 20 5 93444 1.0823395155262738
22 3 9 3 60030 1.0327890870909153
3 12 28 24 103293 1.056338297812915
16 12 14 27 46893 1.0032684750117877
12 3 26 8 53904 1.0918032483280713
25 24 5 18 77246 1.0558040100996382
20 3 11 26 81400 0.9598632213009035
26 7 15 14 56143 0.9829359938379878
13 28 29 20 68419 1.0156875777997274
15 4 23 13 52588 1.031069007942816
9 16 28 22 63041 0.9748753827693877
22 24 22 0 77497 1.0505323077467397
28 20 6 8 90060 1.0535820221298937
21 26 28 13 51214 0.9308063077944656
27 0 11 23 102657 1.0881673077829892
11 0 21 18 70060 0.9631424486047324
7 11 19 9 51760 1.0268596775601038
9 20 4 25 46347 0.973892348786599
7 9 18 26 82144 0.9376951680590276
7 21 18 13 60471 1.078530305102132
11 10 19 12 39715 1.0091917488625628
4 19 14 10 57736 1.0224278490313625
20 16 6 11 57649 0.9267726356126322
28 14 21 10 45435 0.9781916837867902
13 20 22 29 60672 0.9429489952472443
28 1 0 16 111703 1.0788176394140931
15 6 19 27 61090 0.9733294022191651
3 29 29 6 132468 0.9594265906923154
2 5 0 14 49981 1.0631050319338518
27 6 7 0 94123 1.0120482934211006
2 5 16 6 59917 1.0270322766025828
25 24 18 4 65220 0.9310192211621311
5 19 2 7 69937 1.0387006378938435
17 12 13 0 40515 0.9903069425854573
7 27 22 13 82926 0.9831220786755679
3 26 27 13 92085 1.048212430645821
0 15 24 14 71365 1.0480044765381362
18 28 17 11 55465 1.097947590851875
6 19 18 22 60986 0.9471291088066622
26 10 20 19 46621 1.0684609094355926
13 22 28 13 64890 0.905500079174199
7 26 8 6 79675 0.9569256050402544
28 14 21 23 52209 0.9224634562849304
1 11 7 24 86836 0.9975606761412359
19 27 29 1 97037 1.0795993463494398
27 19 22 13 34379 1.0460261843219358
8 13 11 5 41498 1.0757210745256334
19 19 1 14 65285 1.01195033715123
23 9 14 0 52294 1.04138398734787
19 13 3 16 48386 0.961974482859866
6 9 20 29 96670 0.9384925952527415
14 13 27 1 76129 0.9825361101376505
15 14 14 4 28331 1.0118485312495742
22 19 11 10 56432 0.902817212284825
23 18 26 9 37684 0.9502721472673604
18 11 25 20 39984 1.0301424063257725
20 8 8 28 83271 1.0041030516467075
5 0 18 18 89913 0.9220445002725588
16 7 29 1 67712 1.0721754987718959
19 19 28 9 51446 0.952633205737145
5 4 4 19 83104 0.9252068121232163
25 27 1 11 117381 1.0345408789651915
29 3 5 29 132017 0.9636669739596434
16 14 10 6 39427 1.0437813720605023
7 18 22 27 72297 0.9631862185048444
16 29 5 27 40438 1.065574183343592
16 24 18 8 47184 0.9804628156176747
17 2 15 17 47394 1.0779794071338968
10 24 5 16 42608 0.9393528726776093
5 20 14 21 47714 1.02719003733803
1 0 27 25 145882 1.0075105255676031
18 1 28 21 78448 1.0568337610988083
5 27 0 9 106397 1.075886794052668
5 23 8 15 47651 1.0003206332402166
8 19 3 29 54860 1.040117335861566
7 12 20 18 56900 0.9849080209036853
0 28 3 13 95849 1.043893079563944
28 11 12 19 65313 1.0383352891817088
19 13 19 3 25071 1.0767238519786213
12 16 6 23 47437 1.0315437049123726
15 18 9 23 41060 1.0912051002254237
5 26 0 16 66639 1.024327702534872
15 20 21 28 42595 0.9162396756764363
15 2 2 28 109813 0.9055546876193229
22 5 3 12 92361 0.9293210620463999
25 4 6 29 115983 0.907536747156107
17 20 15 9 41906 0.92586546965968
18 1 1 15 90783 1.0323431999808208
11 18 19 6 45960 1.0314822933028114
25 26 3 15 81549 0.9185014166948166
24 12 18 25 46114 1.0615517879794276
18 8 23 28 64581 0.9922537693629482
24 10 29 1 47033 1.0581898291549139
18 10 0 13 85390 0.9338878016447021
19 19 7 2 78410 1.0491842459411642
12 5 5 19 65931 0.9114504520457773
8 20 2 13 51691 0.9199010522690804
0 6 11 14 58968 1.0445358725485712
23 10 7 17 62182 0.9815469441692052
13 11 28 17 47728 1.0554928453035062
3 17 15 14 44674 0.9365008607013817
18 27 0 2 125332 0.9902542037460413
28 4 27 20 53067 0.9191649264089288
28 26 21 7 69157 1.0916560545602012
15 21 11 29 39535 1.0861728031228768
15 21 7 11 56933 1.0175680526649795
10 25 11 1 76196 1.0820344833877842
16 11 5 9 46818 0.9921579472169009
25 13 8 0 87735 0.9371189320429318
21 11 9 28 78810 0.9624918897105794
0 21 21 15 87697 0.967260951926627
20 16 16 3 40247 0.9309357040040146
0 5 28 22 123689 0.9413577797662818
15 0 24 11 54340 0.9287060802303427
5 7 25 19 82274 1.0910241706494521
6 23 2 1 121686 0.9132168901077888
0 8 11 29 100986 1.0791660342293847
9 13 7 3 48961 0.9996492466018563
3 13 17 8 67437 0.9658759655528135
29 22 10 3 100443 0.9263206681033783
2 6 15 10 57212 0.940757926794193
14 23 28 8 73218 0.9498991055681639
28 3 10 16 78535 1.0080593458438993
29 10 8 8 74887 1.0156221805824717
14 17 23 20 37464 0.9760998753534842
4 9 1 24 93706 0.9776426387910515
20 8 16 24 47710 0.9866598995171727
13 21 1 29 66430 1.0528953163256625
15 1 9 5 37861 0.9385827574268031
28 24 3 16 83129 0.9641525668746149
29 28 7 17 81113 0.9586017176157271
15 9 15 25 54351 1.090012547769579
22 21 3 24 77485 1.0120776815794073
15 1 20 22 66779 1.027069716196101
28 22 3 0 134422 0.9363374568979144
19 19 8 22 52806 1.0475210522111198
19 1 19 24 57473 0.9704057837060656
3 7 26 13 84472 1.0479875690754543
13 21 27 7 73448 1.0612986532957955
20 0 15 7 38215 1.0612291254222221
9 26 1 18 61002 0.9657254254504029
29 10 7 7 79785 0.9622349303548293
10 21 4 8 67868 0.9689698465728621
26 11 15 19 48807 0.9926302900085943
8 16 28 16 47252 1.0533220893450013
17 20 9 12 50601 0.9459019123099124
0 19 15 8 74999 0.9560816171019086
14 9 14 19 26783 1.0139959850594262
21 6 9 7 47767 0.9909911780333179
5 3 21 17 82452 0.9049361923793098
10 5 13 26 74565 1.042179591781648
29 16 19 28 56637 0.9413101494584373
7 16 9 27 44468 0.9044894703145531
27 16 24 26 31776 1.0709650767642327
11 0 0 21 110501 1.0149240033061897
27 11 11 0 76743 1.0118016104220238
29 27 1 22 98477 0.9706986871553663
3 27 9 13 75503 1.0054171328102794
15 12 12 3 36577 1.0155284692715942
18 17 5 4 68410 0.9278440559527253
21 23 24 7 58819 1.0759010276951644
21 19 13 4 54635 0.9664372759607921
0 5 0 26 127535 0.9115321824308456
19 12 0 22 92747 0.9783227738221987
7 7 15 21 63510 1.0140641173304388
5 6 27 2 94918 0.9946841378253821
28 10 19 22 56595 0.9776890470534554
23 12 2 24 109378 1.0658534624222558
11 19 23 13 48695 0.9253212015062743
17 5 6 0 57573 1.002730410700841
28 11 11 0 82271 1.0429489771581135
27 20 28 0 64881 1.028255596449351
15 28 24 0 91749 1.0199276600394405
0 26 28 27 77414 0.9224307416850842
12 14 24 18 37930 0.987657134101047
1 7 5 15 51822 1.085287268452507
22 19 8 5 82142 1.077433320909202
8 27 28 24 56505 0.93782058016324
11 13 7 1 58903 1.0730569688309988
24 23 20 16 27499 0.9222131602316744
1 1 14 0 62044 0.981939550555899
12 17 10 27 32088 0.9091323446824363
29 18 21 12 49959 1.0825770805156298
8 0 20 28 106337 1.0040357011350516
26 28 29 12 57106 0.9987361371303117
6 23 5 1 109055 1.078937425502745
22 23 3 8 102608 0.9710265182830429
29 4 9 11 84854 0.9095667600928059
24 10 15 12 48894 1.0698374645256545
7 16 25 13 52237 0.9898552667793964
1 13 13 15 54976 0.9641703786763242
26 21 15 5 67127 0.9506492518120134
7 14 29 27 85375 1.0184605512882698
22 28 5 4 107872 1.0548891585573643
8 25 24 8 83048 0.9041132109070562
10 11 0 27 88791 0.9206662227646283
27 8 23 0 36712 1.019037504639796
29 3 11 27 108126 1.0669092412744392
4 24 26 22 80427 0.9310729922268628
10 6 6 19 68901 0.9147201622711875
12 6 5 21 70927 1.0383198255496677
6 20 19 15 54687 1.0430316751176272
15 7 24 19 52090 0.9759371501009485
17 20 11 8 47685 1.006298066942697
12 11 14 25 45576 1.032273013980444
27 17 10 29 75689 1.0062181779352037
4 25 22 7 101459 0.980303778444281
1 1 29 20 144719 0.9323201134582549
26 26 1 27 71868 0.9362053246138697
22 6 1 14 93018 0.9191578323092786
26 15 11 3 69055 0.9438450015565583
13 8 26 5 51433 0.9848061490840738
3 23 15 0 106587 0.9876640364856091
27 4 3 13 107727 0.9537068003159495
19 12 24 23 37868 0.9658480252335585
20 8 2 26 90996 1.0809116687467994
15 23 7 14 52165 1.085693788038744
12 20 0 14 59359 1.0654498747826042
19 25 13 13 42354 1.0409661397289227
11 7 23 28 86204 1.0463030103103423
16 24 21 6 57689 0.9515746584281872
27 21 2 2 125500 1.0946591520997597
11 14 13 24 39323 1.0964504991512685
9 0 4 25 109531 0.9904592975274512
11 6 15 28 72558 1.0304468878319082
28 24 24 14 37409 1.0587350863164102
3 1 22 24 121078 0.963579575372475
