6700 6585 6628 6580 6705 6729 6731 6522 6710 6677 6715 6636 6643 6580 4819 4955 4799 4909 4794 4736 4738 4936 4795 4827 4855 4903 4823 4853 4907
8116 8018 8179 8169 8175 8158 8020 8170 8145 8006 8173 8190 8047 5326 5204 5265 5360 5186 5347 5392 5335 5371 5361 5250 5282 5265 5361 5315 5184
6182 6090 3366 3416 3368 3401 3387 3438 3499 3365 3382 3467 3452 3563 3420 3461 3556 3525 3591 3585 3496 3467 3546 3469 3484 3450 3410 3415 3532
1819 1863 1781 1760 1778 1717 1647 1704 1852 1742 1715 1747 1652 5880 5755 5792 5678 5862 5827 5685 5752 5836 5761 5684 5679 5832 5862 5779 5673
4726 4787 4671 4808 4759 4779 4638 4669 4655 4751 4752 4716 4694 4616 4770 4679 4674 4679 4710 4715 4817 4656 3535 3618 3617 3635 3474 3620 3494
4982 5140 5018 5088 5026 5147 5117 5071 5027 5185 5135 5039 5176 5865 5982 5931 5843 5998 5879 5961 5875 5957 5905 5994 5998 5849 5890 5930 5957
7507 7499 7538 7492 7598 7486 7517 7588 7605 7653 7462 7529 7434 7609 7580 7537 7586 7600 7613 7499 7524 7604 7548 7448 7531 7447 7433 3522 3605
2962 2923 2951 3089 3011 2885 2920 2978 2988 3014 2891 3072 2934 2987 2986 2914 3041 2870 3056 2891 3023 5694 5589 5602 5564 5559 5603 5503 5644
4801 4836 4933 4824 4781 4768 4965 4895 6420 6635 6444 6545 6496 6577 6582 6463 6624 6542 6423 6609 6542 6444 6565 6436 6591 6587 6594 6591 6588
5888 5877 4000 4093 4031 3977 4018 3970 4143 3984 4054 4125 3958 4070 3957 4140 3959 3972 4050 4128 4183 3981 4070 4093 4179 4028 4002 4040 4034
8759 8899 8797 1394 1408 1526 1453 1542 1459 1384 1389 1363 1472 1538 1450 1468 1569 1564 1415 1431 1494 1506 1510 1346 1358 1422 1348 1528 1554
5672 5562 5531 5604 5489 5589 5590 5683 5566 5547 5631 5663 5615 5623 2579 2355 2481 2529 2494 2397 2577 2519 2501 2498 2425 2579 2466 2407 2444
4823 4774 4831 4807 8719 8737 8622 8590 8580 8626 8695 8746 8610 8736 8590 8705 8764 8651 8632 8773 8742 8649 8724 8631 8701 8711 8674 8735 8643
3532 3474 3497 3522 3394 3451 3566 3417 3390 3402 3581 3469 3370 3378 3388 3424 3466 8347 8510 8519 8492 8529 8550 8384 8513 8480 8351 8492 8523
2347 2234 5029 5177 5206 5177 5006 5082 5058 5146 5013 5069 5211 5000 5030 5030 5049 5076 5084 5024 5135 5142 5184 5036 5028 5138 5158 5211 5156
1892 2011 1992 1954 1925 1892 2056 1943 2046 1933 1908 2030 2034 2031 2013 1855 1936 1923 1966 4242 4158 4270 4215 4371 4281 4325 4320 4301 4374
4441 4602 4503 4561 4600 4439 4438 4426 4574 7873 7993 8002 7924 7900 7909 7890 7868 7956 7940 7884 8008 7935 7952 7950 7913 7994 7873 7825 7872
5194 5377 5351 5334 5230 5231 5161 5229 5260 5273 5256 5336 5382 5317 5354 5306 5241 5242 5296 5312 5188 5368 5324 5326 5211 2215 2258 2283 2180
7032 7125 7129 6977 7101 7126 6952 6932 7128 6940 2484 2491 2495 2523 2457 2461 2550 2587 2373 2564 2402 2462 2388 2571 2530 2484 2584 2530 2370
4865 4797 4787 4883 4872 4965 4898 4976 4972 4945 4851 4792 4879 4981 4881 4774 4856 4965 4858 4806 4858 5823 5978 5803 5859 5873 5791 5930 5915
3920 3996 3903 3950 3974 3910 4026 4024 3993 3937 4720 4536 4565 4751 4603 4685 4690 4600 4728 4618 4558 4614 4551 4648 4595 4528 4590 4653 4708
2255 2231 2358 2264 2298 4123 4205 4246 4231 4246 4271 4335 4244 4287 4201 4295 4209 4172 4173 4281 4308 4292 4150 4316 4160 4302 4150 4269 4224
8149 8046 8224 8109 8080 8227 8050 8020 8139 8003 8177 8198 8203 8087 7999 8193 8217 8128 8094 5078 5108 5196 5088 5149 5053 5226 5137 5197 5143
7079 7281 7076 7054 7194 7217 7126 7126 7230 7084 7148 7110 7069 7066 7179 7206 7166 7067 7157 7212 7232 7173 7137 7088 7271 7202 7148 7218 7511
6451 6452 6436 6407 6455 6550 6600 6495 6438 6528 6396 6393 6417 6557 6532 6513 6554 6402 6479 6412 6433 2002 1952 1940 2022 2006 2074 1944 2050
2269 2286 2367 2278 2365 2496 2407 2367 2375 2455 2355 2448 2302 2286 8676 8621 8668 8514 8621 8501 8617 8577 8705 8669 8558 8550 8699 8571 8662
8104 8197 8110 8051 8026 8161 8017 8196 8071 8140 8117 8034 8172 8144 8184 8151 8070 8172 8040 8064 8112 7998 8183 8127 8112 8072 8068 8011 8060
6086 6111 6081 6036 5941 6160 6113 6053 6055 5992 5976 5996 5939 6143 5983 6038 6099 6001 6001 6015 5956 6164 6033 6060 6038 2918 2810 2928 2825
6369 6521 6418 6574 6352 7075 7103 7136 6965 7109 7043 7093 7034 7056 7086 7103 7004 7109 7057 7122 7070 6947 6959 7113 7058 7004 6969 6989 7033
3837 3729 3785 3758 3843 3754 3718 3695 3711 3868 3850 3843 3745 3653 3797 3793 3698 3733 3700 3853 3759 3687 3756 3702 3537 3544 3525 3594 3600
4418 1728 5838 8844 3256 2861 8395 2925 7120 1860 5096 2261 1866 4829 5998 4078 5096 2033 6582 6771 1491 2390 4425 8367 3777 8733 2893 7774 6914 2268
4334 1813 5815 8705 3234 2863 8256 2911 6997 1826 5081 5628 1899 4849 5810 4184 5103 1959 6512 6839 1476 2455 4319 8287 3765 8568 3029 7797 6893 2235
4230 1933 5836 8755 3203 2893 8392 2834 7162 1737 5086 5687 1748 4943 6003 4174 8141 2030 6555 6818 1480 2365 4263 8219 3763 8605 2976 7714 6947 2138
4275 1939 5744 8745 3233 2727 8262 2804 7002 3300 5174 5513 1746 4817 5995 4116 8263 2065 6568 6760 1491 2347 4380 8311 3625 8527 3065 7759 6885 2085
4337 1792 5889 8714 3201 2753 8367 2951 7121 3228 5284 5542 1748 4914 5812 4095 8117 2117 6713 6757 1581 2421 4253 8177 3626 6568 3061 7734 7016 2062
4386 1911 5929 8740 3374 2884 8280 2764 7061 3231 5187 5553 1692 4857 5863 4042 8244 2031 6500 6873 1603 2299 4368 8299 2851 6676 2889 7774 6984 2124
4366 1855 5871 8894 3319 2881 8358 2921 6978 3198 5193 5507 1715 4841 5839 4032 8132 2135 6577 6740 1460 2437 4359 8242 3020 6518 2934 5960 6908 2142
4407 1827 5887 8698 3188 2854 8407 2831 7125 3298 5270 5711 1783 4882 5881 4081 8122 2023 6518 6740 8036 2401 4310 4181 2871 6522 2881 6056 6912 2153
4336 1853 5794 8759 3211 2709 8286 2976 6990 3211 5189 5590 1893 4839 5807 4195 8116 2088 6583 6805 8046 2461 4318 4245 2991 6676 2960 5921 6913 2259
4330 1871 5822 8821 3329 2710 8295 2782 7065 3223 5076 5649 1805 4986 5961 4150 8077 1935 6551 6851 7969 2314 4369 4188 2941 6476 2984 5940 6807 2217
4372 1739 5793 8843 3189 2782 8322 2891 7039 3245 5278 5561 1773 7919 5873 4051 8189 2136 6528 6784 8059 2399 4307 4189 3030 6575 2963 6000 6933 2222
4341 1841 5923 8852 4302 2750 8348 2875 7120 3301 5258 5662 1778 8014 5979 4057 8250 7138 6690 6794 7978 2294 4345 4093 2924 6540 2904 5978 6956 2072
4245 1822 5785 8677 4190 2881 8413 2838 7127 3303 5170 5708 1772 7940 5931 4140 8176 7250 6607 6748 8067 2492 4410 4251 2964 6510 3017 5980 6810 2195
4347 1830 5738 1593 4230 2789 8420 2766 7058 3304 5192 5652 1794 7889 5963 4170 8119 7218 6586 1709 7937 2305 4324 4153 2864 6609 2889 6039 6914 2051
4334 1828 5898 1451 4199 2836 8324 2843 7057 3147 5226 5579 1694 7880 5917 4043 8106 7285 6530 1655 7990 2488 4235 4100 2877 6491 3077 6109 7015 2109
4348 1893 5797 1596 4199 2822 8344 2864 2749 3234 5175 5593 1788 7881 5945 3998 8147 7278 6531 1687 8067 2367 6798 4141 2850 6633 2912 5918 6810 2183
4389 1906 5733 1616 4334 2804 8411 2947 2670 3112 5094 5547 1739 7859 5940 4168 8205 7161 6622 1622 7881 2457 6668 4197 2931 6642 3038 5931 6904 6216
4314 1838 5740 1509 4206 2754 8243 2951 2673 3156 5256 5708 1787 7866 5916 3993 8188 7244 6590 1631 7953 2383 6837 4169 2969 6477 2975 6021 6986 6043
4284 6086 5804 1448 4338 2101 8634 2949 2675 3121 5272 5721 1867 7883 5808 4065 8265 7158 6616 1566 7925 2492 6761 4239 2952 6631 6942 6127 6927 6103
4354 6098 7528 1570 4379 2071 8591 2871 2632 3281 5221 5580 1857 8036 5937 4107 8245 7223 6984 1712 7926 2403 6739 4101 3041 6644 6864 5940 6852 6169
4365 6205 7412 1582 4312 2135 8617 2944 2585 3314 5260 5521 1689 7971 5837 8374 8167 7129 6824 1556 7973 2497 6794 4154 2888 6687 6915 5952 6837 6123
4335 6288 7540 1441 4382 2066 8666 2933 2714 3144 5077 5681 1793 8045 5915 8229 8262 7283 6963 1703 7944 2451 6740 4100 2926 6584 6770 5930 6862 6176
4241 6266 7577 1448 4221 2066 8557 2766 2640 3293 7915 5601 1704 7844 5853 8362 8194 7237 6855 1754 7901 2495 6684 4117 2886 6582 6863 6017 6957 6056
3329 6220 7406 1655 4398 2090 8474 2956 2763 3249 7789 5676 1886 7963 5806 8281 8162 7267 6826 1648 8087 2301 6672 4234 2925 6567 6812 6085 6824 6202
3251 6284 7399 1462 4244 2042 8501 2973 2763 3239 7775 5535 1724 7846 5834 8370 8113 7250 6844 1721 7959 4784 6835 4296 2984 6487 6816 6120 7963 6126
3252 6079 7413 1506 4303 2127 8607 2843 2768 3239 7771 5693 1851 7902 6014 8220 8259 7278 7033 1690 7991 4750 6741 4161 2975 6623 6803 6081 7902 6132
3178 6083 7581 1495 4233 2072 8625 2225 2675 3272 7774 5658 1756 7891 8524 8245 8176 7310 6951 1714 7973 4788 6713 4098 2856 6477 6893 5966 7927 6174
3333 6294 7594 1452 4312 2070 8607 2184 2650 3219 7910 5703 1741 7846 8558 8312 8089 7328 6975 1584 8092 4808 6768 4217 2994 6683 6846 6107 7861 6094
3261 6284 7412 1642 4356 2129 8474 2322 2697 3112 7817 5531 5378 7929 8439 8273 8221 7194 6948 1622 7977 4853 6731 4283 3003 6682 6782 6058 8000 6114
26 6 6 0 56200 0.9574177330156114
17 5 25 10 29425 1.0648935376382895
24 14 1 25 89042 0.9228532618175397
24 4 0 19 84386 0.9801325685631805
18 23 13 6 47549 1.0925828845859067
9 17 15 2 37922 1.0498693452421075
5 12 27 29 88230 1.040982148391309
24 11 1 3 72204 1.052319965040923
26 23 12 20 50284 1.0634332459848612
9 11 6 22 36548 0.9247259779576469
24 17 6 10 66966 0.9798469995604032
27 13 4 4 65708 1.087846617896776
8 19 5 27 44261 0.9167863011691781
3 1 25 11 60536 0.9353393049301848
22 17 9 1 71781 0.9886590413880647
11 19 23 15 58733 1.0185053067932606
25 9 8 23 58753 0.9859868127624175
11 21 22 28 56627 0.9121059001678936
6 8 23 22 75820 0.9335409686532329
19 19 24 11 36201 1.0555451818605048
10 23 14 7 34924 1.0393536464689885
4 4 27 2 59157 1.004393477081678
21 13 20 29 64260 1.0816637833989693
3 17 17 22 42468 0.976296413900075
11 16 9 28 27346 1.0312320298454811
14 21 7 1 53106 1.092090298542416
5 28 26 12 70321 1.0934726674503903
18 15 12 20 33796 1.0085525150817596
26 5 18 1 31451 0.9820330899331005
5 0 9 11 42721 1.0755636256858179
2 19 7 7 46516 1.0185896057442472
29 3 16 18 57432 0.9879067623909668
11 4 29 3 36480 1.016701361349181
10 10 13 17 25101 0.9628008001793804
27 9 29 18 40311 0.9926639464662055
13 5 27 18 59196 1.0229993341897172
21 5 2 20 67281 0.956396384673811
27 0 6 16 78441 0.9449771295674719
16 8 13 24 46158 1.002375879639781
26 27 17 23 42661 0.9712960633448252
25 26 20 6 82749 0.9864847242435499
11 12 28 20 49506 0.9020071854412769
28 13 7 20 61387 0.9082271319891517
19 25 17 2 66146 0.9860147200641534
13 20 13 7 41110 1.0809059459036396
8 21 11 8 30810 0.9146348332203932
0 9 8 22 46603 1.083275053274422
0 29 23 11 76801 1.0196754061566171
16 3 14 23 54026 0.9518376813342505
16 5 27 24 69642 0.9497947399448037
2 12 26 19 54989 0.9148956855218967
19 25 6 19 54575 1.0581340209488443
2 23 9 6 53396 0.9077958839118884
15 5 24 16 55109 0.9912987346169834
13 23 3 5 53456 1.0040814715697741
20 5 14 16 41511 0.9418896269348972
9 16 7 3 37091 1.0504255445583035
7 1 26 14 64737 0.9334740573069986
21 26 10 26 43532 1.0335964659854942
7 24 21 12 46104 0.9739103652922236
2 1 21 21 73488 0.9893239631943496
19 1 27 13 49834 1.0637326314504996
1 0 12 22 64735 1.0565979645794417
4 19 22 28 78584 0.9232670508110931
28 11 17 23 56392 1.0149825923836855
25 19 21 13 32163 1.0244567562016114
11 14 4 2 44452 0.9481768358966695
25 1 22 12 31513 1.0991968927570446
13 2 29 16 67776 0.9039345357764076
26 12 22 20 43432 1.010685565521064
13 5 16 29 56334 0.9400703867787272
15 13 12 1 29204 1.088947462203609
9 17 29 2 61137 1.088686617689865
17 7 28 19 51017 1.0520167602063206
1 6 23 10 72200 0.9758086498251239
2 16 10 26 33026 1.0746344392575609
19 18 23 29 46154 1.0551816358307289
28 3 9 20 66154 0.9274904519991544
7 1 3 12 26803 0.9997963592314569
2 28 23 15 90034 0.9077573623376619
25 9 11 21 49703 0.9630434772657738
23 7 13 21 60036 1.0599670901240608
21 17 19 4 59014 1.0805561699121395
26 19 6 25 61217 0.9570221741000624
7 20 13 13 31053 0.99015575838891
8 17 3 3 39448 1.0417946826342699
9 17 25 15 49341 0.9941665115585416
19 10 25 17 50849 1.0582618855995707
29 24 19 4 84464 1.049621118447495
26 23 2 18 71225 0.9510677248283607
3 1 2 24 63185 0.959280906149886
19 0 7 5 43173 0.9079451902701788
12 10 24 3 40704 1.0179984167342104
19 7 0 11 54913 1.072158145157706
8 18 14 9 35351 1.018325334191389
18 6 23 20 59775 1.0590985288675143
3 25 24 3 85730 1.0386779415006906
9 5 12 26 39236 0.987062972864083
29 20 16 25 48323 1.0532908032630255
22 11 8 12 33227 0.9902944827733118
18 10 14 2 34456 0.9180936240568035
2 9 20 0 58889 1.0151604153841722
8 9 20 20 45975 1.0884701573252213
29 14 5 12 53657 1.083819625465361
4 17 29 22 70903 1.0559144718246762
2 17 17 27 52528 0.9693003102008958
24 12 29 1 36879 1.0082027663973627
25 1 16 23 72451 0.9771256777556816
18 20 12 12 26522 0.953667862206263
25 14 10 0 61477 0.9992393877819964
24 4 8 26 73257 0.9626569639809197
28 7 5 13 59961 0.9550542331431593
0 29 4 11 62008 1.0249580300917307
2 29 8 23 34169 1.0252759386482282
12 0 21 20 59806 0.9508705011062907
4 29 18 7 65363 1.0348126417058787
0 20 28 17 75746 1.067235385731948
26 24 13 0 79036 0.9125726478924384
20 19 22 28 45113 1.0092560048442258
14 2 1 9 40179 0.9510446295863928
10 7 17 16 35498 1.0791821092920397
11 14 20 3 43120 1.0498698993507765
21 23 19 8 58182 1.017053477165115
12 14 3 1 46550 1.048013811004115
19 16 12 28 61860 0.9355224705792378
22 23 14 26 33972 0.996731068604122
26 29 23 2 103524 1.0650786252184743
5 15 19 17 56231 1.0799871147328222
6 19 13 22 32831 1.0970710347413928
27 22 4 23 76834 1.0141390143740523
8 29 24 11 60763 1.070904982220778
29 13 20 26 68147 1.090814823739442
6 0 26 29 110180 1.0588729015200662
20 2 2 9 53592 0.995028464754715
16 9 24 5 32080 0.9093878879812739
14 5 29 13 48949 0.9258733042108602
28 18 7 19 60946 0.9063742939802968
22 24 5 16 60372 1.0384230112002013
26 5 16 19 52249 0.9552098804814628
0 19 10 12 37616 0.9417164112142479
2 16 24 6 75695 0.9743167704125134
8 8 18 16 41051 0.9324891980884347
26 11 17 8 34323 0.9411988669085563
20 15 6 10 46409 1.067201792522218
26 12 7 11 37049 1.036935269951326
29 23 29 4 71456 1.090356395581946
11 7 26 22 72720 0.9844039042279702
14 7 0 27 73545 0.9039774994897287
21 6 5 0 45368 0.9474419687571229
21 15 26 1 52117 1.013956069417829
5 1 27 0 51059 1.0291003144067892
21 2 10 25 57298 1.0836891028975977
2 6 16 8 45155 1.0312708363080423
23 5 29 20 61733 0.9687012794056723
8 7 27 13 49086 1.0403565424418595
24 2 2 22 82712 0.9391978622811594
3 24 19 24 48286 0.9456071229547601
10 5 5 17 27825 1.0128585463280442
27 22 15 24 46896 1.0974215779974188
24 28 7 27 66281 1.0618934088909129
20 17 14 2 54503 1.088341539906156
27 27 29 8 77911 1.0457860321023034
10 27 15 8 38619 1.092959459074498
16 26 1 17 49191 1.0522664795338648
16 28 21 13 58924 0.9656977099163487
3 4 12 18 45136 1.0061683652566025
7 17 18 1 49681 0.9697098803956623
16 28 25 27 49274 0.9292476296751215
20 26 8 23 48304 1.0774378857189724
8 5 20 4 35025 0.9285105797703234
12 18 5 9 39149 1.043213305901127
7 20 18 11 38976 1.069886520734256
19 16 6 28 63874 1.0944147527428576
2 19 21 7 67234 1.0639945594257054
0 22 12 23 40124 0.9829956073790316
1 16 17 11 48914 0.9370051974095522
29 29 5 0 118574 0.9199833479927259
10 28 15 12 32230 1.0532950129803527
11 15 29 7 56730 1.0156710883505817
26 25 12 23 56756 1.0758665612570302
18 8 4 10 44924 1.0346500408742247
10 8 9 22 24871 1.0232033365840147
22 16 9 22 55676 0.9501138288339993
21 16 25 0 52602 1.0599601268889574
26 3 14 24 72411 1.0438379193687068
25 8 8 15 49083 1.0021720682199962
1 24 24 5 90221 1.0419908360058479
7 19 21 0 62132 0.9248076063380452
0 28 26 17 91875 1.0843338195166778
3 24 27 6 89514 0.9625025658803191
18 8 11 15 33331 1.0515024012570182
18 24 29 11 56922 0.9125405289898073
25 11 29 25 61587 1.025151658495759
9 16 16 24 33669 0.9207609738512247
1 12 27 11 52277 1.0297107611083587
14 28 25 29 61225 1.016306170982291
10 2 18 23 59040 0.9383891322500744
17 3 14 19 36312 1.025763985981784
22 18 1 10 68151 0.9952168210765842
6 9 0 3 34730 1.0002006121206906
8 5 26 16 69117 1.0647273782490099
7 25 11 7 42158 1.0492717668296974
9 2 16 16 47837 1.0002931414459135
25 12 3 0 60152 1.0882197377563443
8 8 11 16 27856 1.087887071181386
21 13 9 10 31610 1.0203405405922499
22 5 11 5 28009 1.0425527042567004
20 10 8 11 37348 0.9826367175259425
16 4 5 17 46452 1.0699091506963752
24 15 10 14 46609 1.094302347561419
25 23 11 16 52153 1.010781860386357
11 1 16 8 23843 1.082326000267389
25 24 2 10 76922 0.9758833836602749
21 11 29 17 40854 0.952918246617901
21 15 3 18 60023 1.0869282035343335
16 1 28 10 52350 1.0072964460110831
4 0 4 13 31840 1.0729222549664192
1 10 24 27 85121 1.092904572632289
29 3 14 22 68897 1.0855044073114861
21 13 9 16 36532 1.0356828103420788
8 6 7 21 38437 0.9815098022426506
29 22 19 7 69838 1.003196699307337
8 28 4 1 69664 0.921044908812879
13 5 17 26 58507 1.0427696533947344
13 18 20 15 34957 0.9238495928686875
20 10 21 27 64306 0.9093979323710296
26 0 28 17 68326 0.9714480766575498
11 29 7 4 48447 1.0816261250043215
6 0 6 24 67129 0.9161566840056428
3 16 29 16 78478 0.9681548284368411
24 7 14 18 51129 0.9016168533871339
5 9 26 24 79264 0.957115361371931
26 22 17 12 54416 0.9665076428558423
2 16 19 14 52428 1.0693802339810978
11 25 17 8 45365 1.0957412324517515
10 21 29 4 65079 1.0405616924059653
13 15 24 4 51583 1.0155184886523225
5 16 17 28 54442 0.9030927504193926
29 5 2 12 66076 0.9390086708335615
21 16 10 17 44062 1.0299727608295202
15 21 11 14 26991 1.0548303732149402
6 0 17 4 34488 1.029586594439912
17 10 26 5 41375 1.0279990305860855
27 28 4 2 112086 1.0090552616617248
21 5 11 10 41226 0.9466366465512613
28 12 17 19 36945 0.9219441690650505
23 4 20 13 41271 0.9749628535710971
9 12 26 28 78724 1.077450490708143
25 20 25 1 76326 1.0326533772141604
26 9 7 17 50685 1.0454943929872145
24 6 13 10 45249 0.9625680291606162
26 7 6 0 53658 1.0894094736918236
12 0 23 25 84779 0.9101835636854573
16 8 22 28 74171 0.9920678241064179
26 9 11 10 45172 1.0565640729884422
26 16 9 29 75572 0.9380128829644037
5 13 23 7 55960 1.0298516606763743
4 16 15 17 43180 1.0061288591605881
16 29 22 1 84501 0.9712850896281808
17 15 19 25 35162 0.9287689076210738
16 21 26 25 39444 0.9848971599633147
24 23 29 6 73934 0.9612476521961208
16 26 25 9 60638 0.9453316511157759
23 2 28 21 81049 0.926192170342005
10 12 27 11 36248 0.9334450935324295
14 21 20 26 32232 0.9703321761660472
5 14 11 28 46939 0.9960346491828082
18 26 24 0 79086 0.9603975729410035
3 18 26 8 66799 1.04137334101316
20 23 15 15 30776 0.9865616919536393
15 15 24 7 38885 1.0623262810513998
6 6 18 21 58639 0.9754192226772195
15 8 28 26 76731 1.0567353195881102
10 5 20 16 44573 1.000936609705978
0 26 21 3 86034 1.0686429093932832
13 17 26 1 64260 1.0223698491416746
26 29 12 1 93721 1.0871221945537852
11 15 16 21 26779 0.9128549055798424
29 0 24 26 98485 1.0695287459456981
23 11 13 20 46975 1.0829815013657935
22 24 14 1 66410 0.9492677388468014
7 7 0 17 43392 0.9940562482412625
22 11 3 0 63036 1.0752542288756173
22 3 18 15 41238 0.96182652261247
7 6 25 15 58555 0.96046408346331
14 12 11 26 30623 0.9160945756961513
4 12 13 25 45830 1.0050931224198218
28 17 0 10 88009 1.002345009012779
14 26 16 9 50232 0.900135733055771
9 4 1 16 46093 0.9982282252955262
25 5 12 2 32296 0.9470230011504835
23 6 14 22 69632 1.0223684206581742
20 5 6 23 72205 1.0160542676984017
1 23 29 24 86722 1.0877942563136167
16 8 12 25 49235 1.0819250264900013
15 29 14 6 59135 0.9404743617432432
16 25 24 28 39477 1.0876987240099478
22 28 8 6 90176 0.9576635603420065
8 8 29 8 64058 1.0690570751462838
17 22 24 10 53748 0.9042970873541912
26 24 13 22 45653 0.9243897293348787
24 20 10 18 44597 1.0897346323302628
4 4 26 15 74948 0.9459462154064138
9 25 2 9 44206 1.0180285208434214
10 6 19 23 50154 0.9004668531805821
6 20 17 13 41540 1.0054604935038898
4 18 18 12 38630 1.070069692213987
1 23 7 4 66845 0.9883188170561918
28 24 15 29 52536 0.935772753578818
1 17 0 26 39494 1.0628446955140616
1 3 13 1 38220 0.9058188709639126
11 27 18 4 63255 0.9761374512734745
14 20 2 6 55389 1.072260237663458
22 7 1 10 65141 1.0468059068461708
9 9 21 18 43875 0.9331663135342576
17 17 6 11 47179 1.046911103922049
13 12 23 1 47639 1.0202092013827841
9 27 24 27 56895 1.0711619120700213
9 23 8 8 37595 0.9589130906245533
26 23 11 19 48810 0.9699260685048016
16 7 26 28 80832 1.0458757036981081
22 22 1 26 68145 0.9141081122394265
27 29 6 22 83269 0.9275168525161112
28 29 23 23 38602 1.0591326565568175
24 27 4 10 79214 0.9865021295266465
16 4 7 17 42286 1.0906813942419746
9 22 0 8 48995 0.9279639472868119
19 19 26 23 31515 1.0475503133240027
0 12 14 21 40786 1.0462017097122809
6 24 6 6 55750 0.9458345418126205
8 5 21 29 83994 0.9995706107677903
2 6 1 25 67907 0.9576910163792236
0 22 29 15 86171 0.9608220795948329
22 1 6 11 60756 1.009689902217493
19 23 17 9 44970 0.9295126402327636
17 28 29 11 69452 1.0517307591198988
4 6 0 12 21715 0.9643536486644142
22 11 12 11 33383 1.0320406795517405
14 21 19 3 48502 1.0589291361729711
3 15 2 0 38642 1.056612072555773
18 20 4 10 50177 1.0352467698782577
8 28 1 4 68758 0.9904729132608068
10 6 22 0 39943 0.9372421513873477
28 2 10 14 55706 0.9760260029310882
12 26 6 21 22622 0.9677270799478873
9 26 21 0 66190 1.0959374335361332
4 28 29 8 88492 1.0418389135507053
0 27 11 28 36109 1.0004270012367147
29 4 25 16 51029 0.9376246397887618
21 5 1 17 63186 1.0116867921291852
2 27 29 10 92767 1.0014116652921874
24 21 15 23 30331 1.0517330306950903
7 29 19 17 53741 1.0573529137122961
13 20 21 27 49406 1.056541376076669
23 17 29 28 57160 1.073003828756219
3 2 6 19 51872 1.0856629978399648
21 17 25 9 35601 0.9796623682254462
19 23 0 19 53791 1.0511826209757567
10 15 29 16 56819 1.0810346811522298
9 19 3 15 31885 0.9877659508521642
25 22 28 14 57173 0.9261802239683414
24 3 22 24 74444 0.982038181239759
14 6 3 3 39435 1.0850738184163007
1 24 10 19 36217 0.915000580868913
22 5 12 18 58224 0.966288275327622
17 24 5 19 44025 1.0278023421399058
9 24 25 12 47349 0.9574794912041109
13 14 17 21 31570 0.900827402933236
8 29 4 15 43634 1.0075399819161648
18 11 15 26 46263 1.0011741695607144
29 22 12 12 53527 1.0397502790667064
5 23 14 19 43423 1.0204588925972002
7 13 7 0 38618 0.9413243282777057
21 0 3 29 82678 1.0968196466790123
23 29 8 28 66782 0.9246805964272127
0 26 26 18 82355 0.9802285604202081
23 6 5 21 73968 1.0823860664334266
2 4 28 19 73644 0.9977277483250946
27 23 10 7 70760 0.9866907539301033
6 1 19 13 50216 0.9418962246297952
1 0 7 22 68342 0.9187312342440687
18 19 9 20 30648 0.9604581525051623
18 17 11 11 30501 1.0900665191915904
14 6 29 4 37072 0.9811117072697964
17 28 14 15 41580 1.0422708583287805
29 21 11 12 51618 1.079104103500253
16 3 23 8 30215 0.9746514846151488
4 20 18 10 46104 0.9341940901939086
2 8 1 17 31599 1.0606807676754055
24 11 29 18 41128 0.9404779362609155
25 15 12 13 44968 0.9479561550219088
2 11 4 28 59021 0.9237880569236986
6 29 5 10 52806 1.0092648176082886
4 27 21 21 54902 1.0287609749029656
10 1 28 25 93814 1.0056766924304534
13 22 4 23 36197 1.0036867744360123
26 18 9 6 62836 1.0232145840695646
9 26 23 26 57631 0.9104421710317999
28 25 29 8 70209 0.9362726420619032
23 28 2 24 81585 0.9574547234259014
29 0 13 4 39339 0.962846634352277
26 21 12 26 54516 1.0157222156595294
0 13 29 4 76216 1.0369057999181803
13 9 11 18 26147 0.9943269480055437
21 26 6 16 65620 1.0068333011342254
8 24 15 18 32638 0.9823253249015458
5 12 8 19 30935 1.0673290038805328
9 15 23 4 54372 1.098111446817277
15 5 21 22 49156 0.9572319298403057
8 20 12 13 36879 0.9394455300169452
17 24 21 9 51067 1.0851559962093555
23 16 8 14 66333 1.0221467173417893
26 1 13 15 57370 0.9810474974996212
23 6 25 18 64122 1.0067292434365833
11 26 25 18 54537 1.077142684404242
22 4 3 14 62379 0.9843424801246247
18 26 28 28 54002 1.0084665802047046
4 2 23 2 48245 0.9275150704415642
13 16 3 9 36469 0.969789504323638
8 6 6 29 51604 1.020364899386594
21 28 23 7 86044 1.0902533907525636
3 23 13 9 55663 0.9616064742208779
24 3 15 6 19636 1.0487147194004374
22 6 24 21 74776 1.094663280678661
3 26 10 18 32256 0.905136345915419
5 15 15 27 52291 0.940431322436788
11 22 0 11 42850 0.9601711873123548
23 15 10 5 54465 1.0415433964520278
8 0 23 26 94312 0.9445552356832274
10 4 4 8 26281 0.9103946587917482
5 6 26 24 85495 0.9275526430959428
28 20 9 13 57042 0.9547655416505886
11 2 18 21 58237 0.9127770023560312
25 0 25 23 86289 0.938024628991119
6 11 21 26 71299 1.0627716574305803
18 14 24 1 50021 1.080997788573081
29 21 14 20 37501 1.0488311139122062
3 6 5 19 47696 0.9372183951449398
17 0 12 26 65904 1.0756343684292085
20 1 8 10 51184 0.9934895152213331
24 19 4 15 60626 1.0684514626276087
27 27 28 11 72013 1.0936870280558093
23 24 6 22 58314 0.9367248890100864
0 24 7 20 29135 1.021658379036813
26 20 3 9 66509 0.9695232947317326
2 27 26 22 83704 0.924423844336362
6 14 18 21 45915 0.9544262872786169
29 7 20 15 44289 1.0384446752851715
3 5 22 12 45837 1.0451761225289475
20 2 7 26 67508 1.085862269225636
3 5 22 10 57727 1.0398829957872024
18 5 22 21 55695 1.0591521718718448
21 5 12 14 44662 0.9952150985110246
11 25 11 5 36116 0.9861950416104914
22 9 12 16 51947 0.931463656388113
0 27 21 26 78027 1.0348890712555958
7 23 21 21 42207 0.9829070450728878
15 14 10 0 43120 1.0049402165212071
17 5 28 20 61902 0.9571699387092558
10 5 21 23 58425 0.9635673503346742
5 24 28 6 85437 1.0837733345389866
20 29 12 15 62130 1.0870221119945114
18 9 7 8 38522 0.9787334017688294
29 9 16 1 47637 1.042384227031937
20 20 7 18 43458 0.917704180709004
12 23 3 14 44613 1.0575743723418167
22 11 7 25 61659 0.9380275636718909
15 14 15 26 39555 1.0296863227228477
28 2 9 29 79886 1.089831953337801
13 22 24 12 50222 1.030342720309044
11 10 26 14 45277 0.960940352638201
25 16 5 10 67592 0.9540932879864822
18 21 29 18 26936 1.0858102455964507
12 0 25 19 62351 1.0910014846981664
16 0 1 6 49444 1.0305991166338664
17 14 29 6 48746 0.973149274433912
25 10 8 9 42018 0.971157109152742
2 3 6 24 62489 0.9482547998773176
19 4 4 19 66765 0.997398614313457
3 14 4 23 43120 0.9099386463667394
23 21 18 12 34750 0.9477654406648324
7 1 25 12 54135 0.9726040081444803
14 4 21 18 47637 1.068984697245898
2 10 6 20 40588 1.028004620006737
16 21 29 28 54385 1.075819156272314
15 4 18 26 51832 0.9265339137181673
16 28 25 29 53274 1.0013022020744224
0 26 12 13 62376 1.0420065098877322
2 2 5 19 60568 1.0056025535540964
2 18 12 23 36288 1.0056274635828006
13 29 18 5 62461 0.9024474890949158
0 1 0 18 52881 0.9763431252087866
19 27 9 26 35470 1.0396861194903306
9 19 2 28 42060 1.0160526196237991
1 12 14 21 38920 0.9701898643201885
8 9 10 19 21046 0.917363481433609
20 6 24 13 38725 0.9301865890472386
15 23 2 10 54794 1.067549319260296
26 20 27 3 74376 1.0420794442408448
16 22 2 3 68584 1.0938313159291035
5 24 3 9 50023 0.9037885354562538
26 17 24 9 45504 0.9735493759273453
26 10 16 26 65954 0.9547829083774824
24 0 9 5 46127 1.0980633038732361
16 3 28 17 68795 1.049183900974609
1 24 11 16 43813 1.0526993184298592
14 26 13 14 43376 1.0888995844044702
6 8 29 13 64950 1.0275915531409994
3 20 17 16 55800 0.9949482860811897
6 7 3 29 58662 0.9251861331133732
4 9 29 12 58257 0.9101538939141086
22 9 14 3 34580 1.0160866504148773
25 20 22 5 69420 0.9464829874111522
17 5 10 22 43152 1.0874631470408604
21 27 8 12 65087 0.9267216265922998
23 14 18 2 55509 0.9948760736175445
28 6 18 17 51361 1.0120855823615829
29 22 19 16 42682 1.0782127744373522
29 3 0 21 85211 1.0391343803310797
4 10 0 26 65371 1.0422395059305176
7 15 15 23 38368 1.0703926188890847
12 26 23 24 37615 0.9811330491010395
11 1 6 12 38606 1.0111221201538463
1 13 12 16 41547 1.0915930166600052
18 8 0 6 59678 0.9532918231196335
14 28 6 21 34881 1.083667703192557
22 1 0 29 93352 0.9723237818846385
14 29 14 13 45841 1.0780234574979548
28 19 7 11 52710 1.0659034035620663
25 7 25 29 83687 1.0540563120920645
8 13 17 29 52374 1.0032411611882381
17 7 17 26 54745 0.951661552181706
14 3 13 12 22626 0.9986604453469694
3 9 18 7 45019 1.0148643287794956
8 19 28 2 76828 1.0098014895144067
25 11 11 29 56288 0.9038058795176847
28 14 17 16 48732 0.901919899797474
16 4 17 16 39482 1.011969200690218
9 24 11 1 52114 1.0158311460444631
15 8 9 4 23872 0.9838261091056623
6 8 19 2 50397 1.043517314014318
16 27 2 24 53556 1.0875309004861855
11 22 6 1 50389 0.9592248319442878
27 17 8 11 64818 0.9457259027920376
26 12 3 22 64413 1.0780223188638947
25 23 20 5 72913 0.9562251903120483
1 19 14 1 68742 1.098234264690309
6 3 27 25 99924 1.0986607026950053
5 21 0 1 62475 1.0047796710367147
29 4 23 10 35458 1.0986311461078728
29 9 2 6 74108 0.9070718378420898
8 7 4 28 54319 0.9842739083014187
7 18 27 0 71590 0.9401278280197187
22 7 7 29 70732 1.0684967746175211
7 29 22 20 52337 1.0494877175902941
11 4 2 10 35643 0.9935325890383258
0 20 29 14 77711 1.067011601312773
7 3 19 28 80700 0.9006243119778885
11 24 5 29 21135 0.9599873920429515
2 4 25 24 85479 0.9395076654411927
26 9 0 8 66861 0.9224072966475422
27 11 10 4 47772 1.008473567259091
6 13 16 1 45650 1.0110953858750005
16 4 22 27 78240 1.0548454826468752
25 11 21 1 29693 1.079336018071132
10 13 21 5 38778 1.0600637074834165
3 4 22 13 55818 0.9753297226972587
12 0 29 1 43242 0.9149450841441688
6 16 24 1 76026 0.97946759209445
26 28 9 23 70472 1.0088746902463368
3 16 4 3 41022 0.9771284125174196
4 26 20 16 66298 0.9702471956880452
26 0 17 23 75671 0.959093588257914
22 16 2 24 79328 0.9781032368169276
17 27 4 8 69142 0.9625524089485824
22 10 18 23 46358 1.0282068660782688
13 19 23 12 31346 0.955757678023662
5 2 28 9 66865 1.0046658215606403
21 13 25 25 55576 1.0802249443207952
15 12 11 22 27130 0.953994357938307
13 26 26 0 81426 1.0813525102792059
9 8 21 10 39646 0.965907589182193
0 11 1 1 34221 1.0475415606002192
27 13 7 27 71162 1.0102392769949329
9 5 14 24 42371 1.087130590375956
8 8 4 23 52915 1.0225028440480206
9 14 23 14 46141 1.027931014523399
13 21 22 27 46644 1.0331514870619036
22 7 5 8 54017 0.9719564612620222
11 26 23 15 67855 0.9486760038946429
26 5 15 0 27992 0.9146764177117715
17 2 26 11 42257 1.0351909488398958
2 29 18 0 85323 1.0388930875925815
1 29 2 17 44205 0.9629909587374962
29 12 23 6 35781 1.0177937670055937
23 17 13 2 65441 1.038451652384435
15 7 3 20 47166 1.0296819030137443
6 25 26 21 67074 0.9368325247192534
18 22 4 17 39880 1.0543571633733542
12 14 28 23 67760 1.0203681516884116
8 4 19 2 35743 0.9758698120339104
18 5 10 18 40060 1.0865178497471926
26 7 16 4 30681 0.9932401828814273
7 11 20 2 46693 1.0685043585684109
1 11 27 3 68051 1.050092747476742
2 3 7 29 64505 1.0841178178367024
20 1 29 15 58954 0.9534436188067819
10 16 0 25 49190 0.9093116568737765
20 1 0 28 93699 1.0604441401184614
27 24 14 12 54706 1.0784857595168855
28 7 27 24 72162 1.0555884225681695
6 11 20 5 49231 1.0577853092309477
18 1 8 4 32399 0.9182544559064739
12 4 18 29 69079 1.0233918344218969
27 27 8 8 90579 1.003677543804928
26 29 22 22 37733 0.9600359782207308
0 15 12 6 54352 0.931199806155673
23 26 23 1 99188 0.9500746603570532
3 24 15 2 68178 1.0655814817151161
12 8 21 19 46371 0.9150514563442244
29 4 15 27 89756 0.9350365138768866
22 9 5 16 59086 0.9560031695812848
24 19 7 14 48850 0.9465105622342718
4 23 24 18 63093 1.070055238394192
1 9 22 28 93465 0.9935387462661132
12 3 8 22 47416 1.0664850399086216
9 14 19 1 51195 1.0671325140175405
24 2 17 26 77062 1.0981579380912674
18 25 27 11 54486 0.929617896063159
16 16 4 0 62665 0.9030129863297357
17 15 22 9 32877 1.0073457506133177
2 7 27 12 54228 1.0432847356652535
26 29 15 28 62532 1.093521949299256
20 6 12 10 37620 1.0778934479048907
5 19 29 14 74355 0.9228124748825982
14 19 3 29 46263 0.9039637746202946
11 8 21 14 40703 1.019550724283182
16 28 20 0 87764 1.0646068268889197
24 27 25 1 87766 1.0971485753788948
4 16 18 1 60638 0.9443161359400363
23 24 21 11 54274 1.0494278039375142
24 17 2 23 73029 1.0868892877953855
17 2 29 23 78273 1.0291068376743464
3 1 10 8 31221 1.073072813405598
12 8 5 18 42969 1.0118046205684696
13 17 20 10 38808 1.048146608191796
0 23 16 9 64938 1.0182144779202489
15 0 10 20 44300 0.9936778970123133
13 0 6 27 75683 0.9172835010840515
13 7 19 25 55365 1.0170988187281091
28 22 2 25 92912 1.023299054311142
11 3 0 5 38336 1.0063582975651035
16 0 29 21 72510 0.9663647542728304
4 0 4 11 29166 0.9980764609480105
2 29 27 4 93015 0.9770598638891677
23 29 5 13 83370 1.078427242908432
29 18 25 7 45145 0.9585234751615664
26 2 18 11 46173 1.0323082935987309
24 6 14 20 59844 0.9945490054028039
16 27 4 26 42797 1.0203496821857934
1 5 23 8 65747 1.0760323804717957
16 5 6 1 27170 1.0039237710349889
18 4 7 9 44414 1.0507329500562268
20 10 20 23 48582 0.9234580670985677
8 3 1 24 69581 0.9521717058881733
4 18 26 28 86541 0.9317652388746864
28 10 20 23 67606 0.9468811803459184
26 1 11 29 79752 1.0847796015155005
7 2 19 18 61225 0.9188912513985684
1 0 25 15 81980 1.0092013497774068
2 7 11 18 36138 1.0119798749431106
15 3 5 19 56084 0.9461504611002913
29 19 0 17 67691 0.9840808096106269
11 2 18 26 70166 0.9701232674303426
13 18 22 17 37276 1.0157632488156607
7 5 11 24 39182 0.932242833099202
24 19 15 23 30597 0.9339885646327961
7 19 11 13 25916 1.0103424844409044
8 20 23 8 62784 1.0799206427233894
9 22 22 15 59775 0.9494522107795119
14 10 17 21 35211 0.9155156655260867
4 11 24 2 62151 1.0219757779923089
10 5 11 16 20982 0.9877406080530358
9 24 14 1 53033 1.0779180362081373
27 16 9 11 60285 1.009788728448836
5 20 25 10 56871 0.9376751799609384
9 18 29 21 60794 1.025420091371208
13 12 6 27 45058 1.041488960578645
13 28 13 3 65430 1.0547976122289013
24 8 4 21 66775 0.9127362972345623
16 20 6 7 50787 0.9540543993117978
2 18 18 22 46637 0.9807309323358389
4 21 9 5 40560 1.081697031827816
22 3 11 22 55579 0.9916981199140625
18 27 1 20 52791 0.9413610406054969
17 1 12 18 53152 0.9043285613488822
2 12 13 11 22922 0.9634685511611925
2 2 9 9 37541 1.0035265607939559
17 28 12 6 67409 0.983533991788738
4 27 1 16 48343 1.080662263304516
27 15 18 29 64088 0.9701444700810911
2 2 6 10 34975 0.9531560879491102
12 27 5 5 56104 1.0430003051446972
9 26 21 8 56239 0.994887527168026
6 28 13 5 55878 1.0573219158866614
6 13 27 10 55480 1.0540949125545382
11 2 0 16 58560 1.0190950271791674
25 26 28 18 43349 0.9300035516265979
19 20 25 10 41141 0.9165048006799351
22 1 13 17 58399 1.0460268855770725
25 13 8 0 59411 1.0341573194449096
21 8 2 6 58390 0.9017093607450772
15 1 21 25 65816 0.9422898094621076
19 4 2 19 68587 0.9883450620386365
18 25 29 24 34960 1.0853621219138465
16 2 21 26 72214 1.033404931098013
18 17 21 5 46295 0.9120679269319909
15 21 29 4 65025 0.990947519374375
29 21 7 28 73878 0.966019376748749
19 12 4 8 41533 1.0029156213025705
9 3 8 27 52027 1.043062946096685
17 20 6 3 63253 0.9633610160598378
17 29 0 13 68559 1.0570382534293268
17 12 0 0 56200 0.9308108110078427
13 25 15 8 51922 1.0100251095715476
7 24 8 2 54387 1.058064967333435
18 22 9 6 48874 0.9687596291685943
0 2 27 11 79995 0.9000551353406774
13 3 26 5 25141 0.9296079676152589
2 22 23 0 87152 0.9206264191346186
16 15 21 27 50498 1.011679420103816
13 27 25 0 86525 0.9381238479681238
26 21 12 2 77850 1.0809302547743385
17 26 11 13 47790 0.9394718633680553
17 3 2 2 37022 1.0000025528827434
10 4 4 11 26876 0.9644341777121659
8 16 25 29 72491 0.9921907135338616
28 25 16 14 64944 0.9601155286007644
25 1 18 4 22236 0.9739838182622254
17 4 0 23 80099 1.0821775199502675
6 15 29 1 73854 1.0631538374540135
7 0 17 2 26749 1.0328620693672041
18 19 26 22 35183 0.9964295929821326
28 11 19 3 43145 1.0303771863293183
23 2 4 11 61136 0.9117815592427478
27 16 1 9 75504 1.0092429262333213
28 18 21 10 55170 0.9897245144649365
12 20 11 11 31955 0.9709822628495718
1 12 8 21 34205 1.0894425222603055
2 12 16 12 24729 0.9340533185236402
25 2 2 14 65337 1.0256148649240715
26 24 13 6 69191 0.918141690682614
11 9 21 16 43946 0.9112302110544995
29 23 14 14 53875 1.0646967381699168
18 9 21 19 34195 0.9731337476282055
2 29 1 16 49289 0.9841129869372618
11 3 21 22 64476 0.9978769656154851
4 29 24 14 74997 0.9324680581520309
2 0 27 2 56569 1.0966723801980862
24 14 19 25 61586 1.0827468923302186
18 27 2 5 74301 0.9877253652301732
18 25 26 17 44479 0.9952126375006187
10 3 26 23 72443 0.9551916776588603
8 16 16 5 43585 1.0465454545424255
5 5 18 19 51663 0.975891834326283
4 20 15 23 35306 0.9450824296451075
15 24 24 14 61525 0.9315040508419316
5 20 22 16 63063 1.057082698863873
21 20 7 26 46852 1.059679069438542
8 16 17 1 52444 0.9274816245716129
21 28 8 21 57143 1.0486024430534466
28 3 0 26 96493 1.0466733260157908
15 26 4 24 35930 1.011961482047164
19 18 5 13 47997 1.0611001778319176
17 3 5 7 38382 1.021662160523575
7 24 0 2 70313 1.0713744635687592
8 2 25 20 75491 0.9554309878917993
13 15 19 20 27205 0.911181896681993
19 7 13 29 61844 0.9016358080659252
14 25 5 9 54870 1.0630677901070895
9 8 5 14 31431 1.0180041264726671
15 19 2 17 40489 1.0277838194300917
26 29 2 4 104849 1.0979478784865095
5 26 23 17 68456 1.0018833381205423
11 11 12 0 42272 1.057788306972115
10 1 26 1 39122 0.9735030278585517
19 2 13 13 35501 1.048132916848583
10 11 28 13 40390 1.0678754968774968
27 12 8 20 54970 1.0802427593989765
25 22 16 25 42158 1.0863366584494198
17 3 15 19 34657 0.9646312603074948
14 10 2 19 48236 1.0431625985468524
8 26 11 12 28260 0.9278137068135007
29 1 16 16 62703 1.0553132566205687
1 14 15 25 61877 0.905322435613136
12 1 14 13 34075 0.9776374538878658
18 17 16 9 26905 1.0777287460625187
12 21 20 16 36754 0.9265651035200818
29 25 3 8 87511 1.0807851405296913
27 25 5 2 104257 1.0931895547712378
26 26 21 2 91210 0.9173447479334969
17 20 11 6 46808 0.9344383735565928
21 6 12 7 30178 1.0085834869152357
19 8 14 1 26368 1.0383662383816832
23 4 23 15 51317 0.9522792294584923
6 15 8 6 35678 0.9411609985382486
3 16 19 2 65023 0.9757003282840662
16 24 29 7 69827 0.9113831663914687
17 21 26 10 49889 1.0381116592653468
13 13 12 26 35103 1.0221126444670274
28 26 3 3 105669 1.0698047618861626
21 29 25 14 76927 1.0201167766975452
10 16 27 21 55619 0.9534622167371614
29 17 21 28 59097 1.0766535077070671
14 8 1 26 69669 0.9913356429339707
4 11 17 22 50923 1.0816970817790923
19 20 11 4 48594 1.0830147642638044
8 6 4 19 47075 0.9974406117217027
22 20 1 21 55636 1.0769335217331464
19 16 29 19 31383 0.9709901334157807
23 13 9 27 57633 1.0550654489219695
27 0 3 28 100865 1.0909715699854823
12 13 8 1 42837 0.9618141916763903
10 15 22 21 37969 0.9907729765394436
17 0 8 4 35755 1.0920342912000267
9 14 15 27 42664 1.0988403544631236
23 28 24 17 46490 0.9172735134527805
12 24 23 3 62425 1.0756405650027687
4 23 1 0 75569 0.9194359852748487
5 10 21 0 61408 0.9617156511042959
24 20 12 7 53356 1.031221492658676
5 12 25 4 52991 1.0035418364524789
21 21 0 3 82424 1.0285948819789312
11 10 22 4 46385 1.006494967123869
9 2 9 23 43551 1.01919993487913
12 19 4 14 40405 1.0234434462347448
6 11 0 21 47578 1.0556951173081024
27 23 2 5 91022 0.937730884831704
17 24 10 1 64804 0.9817989168865805
8 26 26 28 73662 0.9290496543398176
27 28 15 1 89396 1.0299917012163233
2 27 1 16 42342 1.034388142447371
12 25 1 17 40644 1.018359504098468
16 19 21 24 24521 0.9423745085219135
24 27 9 6 73047 1.050098711791259
9 16 2 3 45653 0.9128764810999139
9 24 3 8 40142 1.0282408509995764
3 25 19 3 78034 0.9084836026845388
24 2 26 29 104539 1.0547000622387106
27 3 28 13 36929 0.9613108453689352
14 13 18 21 29510 1.055874022932706
19 24 20 12 36509 0.9950976900495629
17 9 10 12 21028 0.9229593062837406
11 11 26 13 40558 0.9971289312629987
24 12 16 5 32740 1.0987085890354493
14 16 28 9 49973 1.006826941140574
22 11 2 25 75941 1.043682362866064
15 4 16 28 66252 1.0881945287006427
18 2 23 12 42891 1.0383248945747106
6 14 17 24 51532 1.046573529565293
1 21 16 11 51335 1.0233376346437137
25 17 3 28 85233 1.0787525951226515
17 12 13 5 22960 0.9335905214159115
14 1 23 29 84013 0.9631662108928594
7 14 24 7 53020 1.0918023287558125
18 18 27 6 50774 0.9627985190800308
11 23 23 29 56793 1.0448769531806001
25 18 0 4 83767 0.915747333812219
20 14 1 12 43194 0.9010693634808185
28 20 7 5 69668 0.9203385995991565
6 7 16 10 36571 1.076245572165604
2 29 10 18 33092 0.9130243235102531
20 27 17 17 44221 0.9902065973061354
12 14 0 7 44674 0.9473001580485214
10 29 4 2 60542 1.003328656247206
29 10 19 7 38179 0.9014508193825225
6 15 0 5 40581 0.9733201283443135
29 28 3 6 101525 0.9197034861102374
14 10 19 26 52205 1.0629757562586222
6 22 17 5 58863 0.9783294880163363
18 2 27 11 48184 1.0310747333829406
20 8 2 21 62573 1.0069343315514803
20 7 26 24 73838 1.076201873972675
10 23 26 17 56729 1.0523569178239154
14 9 3 19 50869 1.0690553528471076
4 25 13 0 75628 0.9582865049544509
28 2 9 14 61667 1.0810697357973342
13 20 4 16 38584 0.978516564841422
6 6 4 15 40622 0.9122813719910151
4 28 9 6 55361 0.9431546635405418
4 25 11 14 41734 1.0067043379961842
16 18 6 3 59197 1.04919143231445
9 2 14 21 45837 0.9606121616269498
0 9 14 12 30126 1.0774197710227467
12 17 25 16 65301 0.9887453472106741
9 6 16 20 46077 0.9470762548125577
11 15 29 9 55256 0.9827113804570431
25 8 10 2 49202 0.9852558958159694
25 10 23 21 52073 0.9908597265135344
28 3 25 14 30587 1.0166778709520434
11 3 4 12 30953 0.9240808847131166
16 1 16 22 56043 0.9851579751685776
15 29 16 9 53538 0.9402231151619567
1 23 1 11 53891 0.9011171596384142
24 29 13 3 75024 1.0575233346426056
20 6 7 22 63550 1.0445709913101369
19 23 16 10 41866 0.9246881366278142
18 20 2 9 49396 1.0447693538610572
18 26 7 2 71610 0.9957095201142332
3 22 20 5 71088 1.069287769552069
28 24 3 22 74043 1.0077560175618672
23 12 9 29 50225 0.9902591438642941
0 18 19 5 65922 0.9787536526301244
0 21 14 19 43539 0.9158598721851002
2 26 16 13 62816 0.9513811127029881
4 21 22 19 45021 1.0330355930256299
21 5 2 25 83718 0.9132363460681491
1 15 4 28 55845 0.9413426308922835
4 16 4 5 35356 0.9084171801763995
24 21 3 12 59496 0.9076817076072428
5 21 7 12 30794 1.0554503705003855
26 9 14 15 38452 1.0997394343877112
6 23 7 10 48478 1.088902764474516
21 27 14 15 50543 1.0269379456599061
27 2 10 19 61383 1.0746335535956106
23 26 15 5 68845 1.0469796898050368
24 5 4 12 54164 0.9505027203349652
28 22 7 27 81471 1.0949045440766785
6 21 19 19 35330 0.9080362381355747
28 5 21 19 57972 0.944962605319543
5 29 24 29 69228 0.9859377624902174
17 11 12 6 35792 0.9821042194290119
27 10 7 0 63694 1.0133437827992213
25 17 3 23 81223 0.9354767128601116
23 5 18 26 68402 1.0147873975266608
4 18 20 6 61784 0.911378635735134
13 14 1 5 42333 0.9704194717426304
12 18 17 8 40999 0.9589491438320004
7 22 2 15 34050 0.9267227475462425
2 27 15 24 44599 0.9033945792712527
2 22 20 5 71084 1.0802688711670863
5 15 25 11 51555 1.0204145379876837
22 2 24 20 71722 0.9668419134290869
15 16 3 7 37886 0.9367474522179327
25 22 18 2 76677 0.9073188548545355
19 8 13 21 45635 0.9660353072816329
14 5 4 26 59570 1.077909754028302
13 11 28 2 50842 1.03645428962831
5 19 18 15 51186 0.9126260239727315
27 10 28 24 66970 0.9783990188718336
27 1 9 24 77722 0.9298415495749085
12 4 0 12 36910 1.098783579370368
21 26 16 3 67711 0.9796344584757424
11 21 2 28 34683 1.0302083091018988
4 10 6 22 50722 0.9813145188157253
28 3 16 20 60796 1.0696683777759874
0 18 12 17 34599 1.0423468875283053
18 17 19 27 31072 0.9182854716927761
8 11 0 26 60458 1.0151304403982768
1 25 12 26 37911 0.979305107378868
1 16 18 29 66310 0.9439823507221493
20 6 1 11 60504 1.0570831124641407
18 18 24 25 29894 1.0899354814317377
14 19 3 21 36329 1.085093316226861
18 4 21 24 68438 0.9025086963676284
21 20 11 6 52242 1.0582672119997152
7 4 13 8 26136 0.9406391179637564
19 2 20 29 84498 1.0700337914347835
6 17 29 3 63598 0.9007711433983129
16 25 17 11 50769 1.008371923292119
28 8 2 12 58501 0.9298503414137931
21 8 3 24 72400 0.9350879134093968
8 27 19 21 41357 1.088406531598075
7 24 28 5 76383 1.0492421121453561
20 15 2 17 53693 0.928629560100005
8 18 6 9 35128 0.917781760169473
19 14 24 19 28175 0.9031710823878395
21 0 22 20 64165 0.9629055822735614
6 16 20 3 57501 0.94214584789482
22 29 21 15 60933 0.9488520560324019
3 4 20 1 45333 1.0502249335950717
10 5 3 16 37685 0.9749508230095686
24 19 1 2 78924 0.9042409690725854
26 0 0 8 77350 1.0902398303584946
13 18 15 2 44587 0.9672747929030661
14 13 9 20 32204 1.0536423223571338
23 0 28 19 73515 1.0715694479907127
10 7 28 27 86833 0.918359999243338
1 25 24 26 79790 1.0009708052318906
29 6 4 9 72823 1.022559373397647
7 1 11 18 42377 0.9983562943224473
11 29 18 7 54628 0.9090958256007959
28 7 5 4 66395 0.9012022465701748
19 15 2 9 44988 0.9337864444387225
17 13 1 11 40945 1.0516377059004733
8 5 13 22 42609 0.924883503305503
2 25 21 24 61462 0.9445404636632674
7 25 5 3 65163 1.0114489092251353
8 22 12 7 36497 0.9410355757844096
3 28 1 20 36160 1.0692918069296116
