7560 7443 7043 7368 7198 7272 7362 7216 7282 7579 7487 7303 7344 7465 7205 7075 7633 7332 7412 7246 7082 7524 7381 7402 7092 7642 7062 7738 7577
5272 5137 5583 5230 5080 5636 5640 5282 5381 5022 5517 5361 5365 5595 5525 5611 5357 5222 5459 5178 5054 4965 4937 5570 5070 5105 4981 5283 4882
6789 6898 6472 6410 6475 6385 6574 6736 6893 6402 6299 6535 6629 6539 6300 6660 6580 6421 6763 6497 6625 6591 6782 6524 6748 6920 6325 6466 6840
8581 8101 7970 8529 7872 8495 7999 8021 8289 8456 7976 8213 8524 8207 7894 8318 8105 8004 8188 8120 8271 8551 8271 8561 7962 8582 7896 8157 8578
3411 3452 3522 3221 3337 3540 3183 3401 3813 3679 3438 3565 3407 3674 3568 3536 3635 3520 3559 3500 3378 3257 3560 3167 3316 3637 3435 3795 3297
5577 5290 5493 5550 5403 5559 5518 5125 5565 5314 5522 5423 5206 5682 5139 5371 5522 5669 5396 5463 5756 5299 5673 5229 5279 5481 5667 5180 5512
3053 2633 2802 2798 2678 2744 2986 2851 2458 3098 3046 2752 2938 2394 2875 2772 2743 3011 2474 2551 2668 3033 3067 2978 2695 2345 2869 2438 2348
4519 3789 3881 4465 3872 4122 3813 3773 3977 4152 4230 4176 4395 3854 4357 4142 3915 4481 4386 3930 4062 4436 4231 4383 4450 4356 4262 3896 4127
4634 4110 4276 4602 3973 4376 4567 4660 4317 4659 4013 4293 4050 4165 4112 4185 4394 4428 4357 4601 4723 4092 4370 4174 4683 4098 4348 4183 4161
6544 6412 6738 6823 6135 6819 6414 6510 6811 6413 6135 6196 6795 6298 6354 6384 6216 6794 6295 6793 6436 6605 6692 6248 6658 6104 6588 6403 6192
4823 4796 4792 4920 4912 5144 4874 4928 4578 5017 4543 5074 5313 4717 5265 4928 5293 5209 4745 4805 5051 5046 4690 4795 4802 5213 5166 4635 5304
6074 6429 6535 5857 5872 6493 6280 5807 5984 6461 6358 6208 6428 5844 6464 5966 5811 6168 6463 6239 6256 6128 6186 6324 6448 6290 6126 6260 6442
7349 7596 7292 7422 7362 6975 7250 7274 7580 7259 7406 7714 7193 7428 7661 7335 7716 7550 7561 7358 7458 6995 7086 7705 7278 7302 7430 7091 7719
6215 6378 6645 6509 6356 6415 6383 6091 6090 6326 6161 6144 6174 6695 6382 6222 6765 6447 6077 6025 6618 6049 6707 6353 6171 6055 6254 6398 6516
6664 6222 6461 6336 6412 6768 6322 6296 6731 6506 6633 6050 6632 6633 6216 6233 6161 6820 6221 6257 6745 6670 6254 6650 6216 6512 6777 6458 6115
3957 3800 3713 3382 3773 3439 3650 3585 3872 4064 3777 3334 3756 3848 3995 3555 3339 3929 3959 3450 3401 3352 3666 3979 3360 3844 3875 3383 4058
8479 8157 8677 8515 8686 8761 8842 8273 8915 8869 8663 8750 8876 8718 8504 8706 8782 8819 8560 8277 8602 8810 8443 8384 8823 8386 8316 8448 8381
6202 6081 5641 6270 5872 5552 5623 5927 5859 5714 5850 5844 5950 5810 5863 5678 5660 5811 6047 5496 5712 6077 5568 6180 5671 6091 5597 5537 6002
4597 4139 4777 4715 4216 4055 4377 4090 4478 4335 4234 4384 4135 4260 4709 4497 4565 4805 4178 4292 4687 4262 4415 4191 4232 4476 4477 4760 4162
3330 3505 3443 3110 3208 3590 3571 3661 3168 3501 3588 3632 3528 3040 3593 3533 3750 3060 3158 3179 3290 3614 3016 3042 3753 3707 3269 3184 3023
7434 7714 8071 7388 7535 7966 7688 7471 8136 7888 8032 7706 7929 7425 7379 7971 7406 7875 7769 7679 7533 7498 7716 7426 8001 7662 7804 8139 7477
1635 1991 1920 2277 2144 2152 2066 1764 1981 2376 1859 2258 2393 2155 2396 1693 1699 1990 2102 1834 2119 2109 1977 1773 1894 1948 1633 1966 2023
6205 6344 6476 5912 6183 5957 6429 6058 6321 5777 6257 6158 6194 5777 6463 6057 6146 5834 6190 6363 5838 6412 6402 5984 6399 5708 6437 6229 6176
2201 2016 2445 2291 2008 2533 1927 2281 1992 2278 2382 2232 1905 2492 2129 1875 2106 2446 2233 1856 1879 1907 1829 2457 1880 1914 2280 1906 2057
5436 5497 5499 4955 5449 5001 5241 4953 5364 5337 5613 4880 5639 5455 5193 5402 5077 5514 5537 5069 5437 5414 5620 4947 5583 5009 5203 5066 4954
3621 3513 3952 4185 4259 3802 3715 3953 3809 3863 4205 3794 4260 4205 4030 3749 3665 3661 3992 4157 3988 4123 3691 4152 3987 4117 3600 3829 3856
8303 8591 8601 8597 8645 8079 8368 8059 8223 8155 8057 8640 8722 8291 8516 8551 8186 8171 8452 8048 8720 8199 8499 8707 8109 8588 8324 8692 8160
3906 3610 4097 4040 4011 3972 3448 3870 3651 3974 3537 3781 3523 3647 3410 3613 3904 4120 3539 3417 3699 3776 3531 3448 3697 3442 4117 3452 3395
6678 7111 6675 6394 6870 7041 6640 6382 6790 6971 6956 6556 6572 7085 7071 6914 6918 6620 6373 6646 6436 7013 6637 6764 6389 6942 6787 6574 6980
5661 5778 5998 5883 5574 5319 5771 5418 5298 5673 5901 5818 5466 6029 5869 5934 5462 5706 5434 5423 5382 5701 5605 5508 5846 5614 5310 5874 5674
4020 1958 1902 1796 3188 1355 8290 1520 7723 4132 7088 6522 7738 5954 8249 6225 1996 8141 6995 6201 5897 7412 7751 5375 6546 5096 2666 4201 7518 7300
4068 2183 1845 2332 2833 1907 8665 2024 8153 4507 6909 6700 7845 6034 8236 6381 1824 8646 7203 6608 5900 7535 8220 5838 6094 5557 2490 4085 7003 7081
4400 2015 1927 1864 2691 1731 8223 1539 8038 4565 7162 6801 7907 5763 8480 5979 1318 8435 7060 6484 6109 7691 7805 5726 6073 5264 2585 4371 7103 7067
3985 1975 2116 2148 2867 2046 8637 1321 7727 4084 7378 6991 8131 5531 7917 6060 1642 8480 7253 6809 6208 7342 7711 5947 6473 5286 2653 4125 7698 7008
3836 1988 2068 1880 2969 1841 8389 2025 7752 4414 6871 6708 7617 5513 8362 6552 1228 8345 7049 6740 6037 7582 8259 5730 6553 4982 3132 4611 7520 7335
3965 2159 1929 2350 2759 1549 8800 1667 7581 4762 6873 6348 7962 6004 8606 6616 1649 8476 7028 6684 6323 7922 7972 5385 6189 5100 2722 4123 7485 7626
4162 1940 2150 2145 3267 1977 8725 1733 7881 4503 7249 6902 7769 5571 7864 6170 1810 8591 6885 6118 6050 7549 7874 5367 6450 5331 2947 4001 7637 7466
4237 2502 2544 2163 3122 1540 8208 1383 7638 4572 7290 6874 7606 5898 7876 6066 1431 7954 7234 6508 6203 7424 8175 6096 5827 4860 2435 4194 7538 6945
4199 2200 2431 1729 3046 1845 8477 1760 7828 4593 7388 6554 8200 5775 8515 6038 1946 8278 6989 6139 6336 7650 7559 5567 6366 5061 2605 4667 7018 7663
4254 2016 2498 2335 2798 1927 8049 2046 8145 4073 7303 6517 8165 5412 8589 6064 1452 7958 7429 6289 5778 7720 7687 5905 6554 4833 2820 4348 7504 7296
3902 2299 2010 2330 2691 1403 8171 1659 8225 4364 7046 6828 8310 5774 8548 6287 1973 8610 6899 6501 6257 7339 7984 5382 6330 5362 3011 4279 7007 7087
4020 2113 2294 1791 3008 1882 8659 1300 7555 4668 7258 6555 8079 5613 8245 6225 1737 8235 7401 6648 5700 7567 8219 5900 5938 4836 3121 4707 7671 7040
4479 2395 1887 2081 3166 1491 8056 1530 7934 4479 6850 6522 7737 5837 8076 6557 1278 7915 7021 6406 5764 7883 7867 5722 5886 5317 2726 4639 7260 7596
4406 1979 2298 1857 3447 1478 8167 1799 8296 4133 6954 6394 7691 6053 8354 6003 1923 8225 7148 6555 5766 7594 7946 5434 5828 5005 3053 4732 7639 7553
4254 1825 2219 2040 3048 1596 8245 2016 8162 4754 7263 6755 8227 5334 8152 6401 1835 7910 7018 6374 6389 7575 8211 5447 5880 5018 2573 4204 7189 7495
4106 2116 2282 1958 2980 1911 8240 1823 8161 4443 6733 7026 7845 5347 8405 6188 1710 8657 7282 6173 6353 8090 7874 5723 5979 4802 2540 4440 7010 7168
4456 2255 2260 2355 2870 2068 8154 1353 7674 4276 6781 6582 7752 6012 8216 6588 1848 8296 7564 6656 6045 7516 8051 5804 6326 5325 2917 4209 7386 7195
3980 2385 2458 2488 3230 1326 8708 1473 8143 4399 7163 6367 7684 6082 8527 6022 1708 8194 7266 6461 5975 7321 7952 6004 6013 4906 2477 4081 7576 7015
3903 2052 2197 2091 3125 1949 8240 1396 7913 4083 6903 6683 7543 6075 8149 6648 1909 8213 7324 6184 6046 7592 7627 5873 6237 5534 2994 4176 7091 7069
4279 2140 1903 2069 3163 1525 8686 1379 7832 4400 7201 6888 7615 5852 8179 6088 1598 8256 6956 6394 6335 7717 8067 5808 5828 4992 2460 4216 7530 7349
4401 2488 2052 1835 2774 1541 8682 1844 7880 4398 6726 6526 8078 5790 8260 6619 1366 8273 7400 6360 6301 7457 7804 5980 5933 5107 3085 4063 7197 7057
4045 2489 2278 2433 2740 1725 8205 1591 8084 4306 7021 7075 7801 5337 8571 6616 1458 8273 7432 6371 6097 7699 7599 5963 6093 5410 2763 4655 7568 6955
4055 1832 2454 2241 3451 1460 8792 1531 8292 4515 6965 6354 7751 5703 8492 6523 1585 7949 7431 6346 5933 7761 7762 6076 6378 5076 2962 3976 7072 7383
3793 2121 2587 2260 3229 1987 8213 1640 7812 4695 6876 6760 8030 5571 8226 5970 1471 8065 7185 6265 5893 7888 7815 5674 6270 5519 3055 4073 7645 6942
4393 2233 2337 1906 2708 1886 8063 1963 7956 4536 7135 6471 7850 5816 8052 6677 1992 8144 7544 6832 6029 7781 7949 5920 5852 5441 2787 4237 7498 7311
3994 1724 1996 2266 2785 1646 8467 1614 8023 4694 7302 6437 8082 5665 7896 6690 1750 8402 7552 6359 6470 7355 8177 5478 6214 4858 2448 4706 7159 7173
4113 2191 2294 1767 3198 1475 8197 1401 7761 4756 7334 6666 7732 5561 8496 6631 1385 8299 6943 6413 6222 7421 7865 5471 6072 4921 2450 4222 7219 7031
4525 2160 2085 2469 3307 1318 8201 1670 8287 4580 6994 6952 7817 5940 8461 6189 1784 8110 6973 6091 6400 7889 7877 5492 6278 5236 2827 4049 7211 7429
4466 2076 2038 1821 2726 2055 8238 1745 7986 4232 6682 7025 7664 6064 8532 6488 1928 8348 7566 6387 6089 7790 8084 5369 5836 5231 2599 4076 7037 7158
7 24 26 16 62755 0.9627527069356929
4 26 16 27 39460 1.0193089722176758
3 16 22 28 60655 0.9121927412507543
26 5 24 19 42595 1.0310794716826135
13 19 28 17 51529 1.0877547471937064
29 17 10 29 84322 1.0551999429804269
1 27 24 12 91126 1.0185403225587932
20 11 10 18 46808 0.9194312316251497
5 29 29 2 114729 0.9858065984453817
0 17 28 15 61153 0.9304495095284983
13 20 28 25 75373 1.0506113187384607
7 2 13 21 84901 0.9220438394230802
25 14 10 6 54230 0.9663666679374078
17 6 6 8 26876 1.0861379189030018
26 25 20 13 49488 0.9399406094972936
24 7 15 5 19300 0.9479775515691162
0 17 25 21 68783 1.0468726711487981
24 3 22 22 50774 1.0583021791188443
7 15 8 0 54299 1.006197486905586
29 24 23 17 46027 0.9885101003489303
0 7 21 16 53465 0.9415385013030552
3 14 18 5 62760 0.9637277023530599
28 6 3 20 85748 0.9337312682669715
16 17 19 28 48654 1.0704270619539753
15 12 1 11 63636 1.0409310661211972
16 11 21 27 56731 1.064228495667131
11 22 0 23 68504 1.0409113225074587
28 4 13 11 59430 0.988003425596779
17 13 13 4 50266 0.9557449151646198
14 12 8 22 62103 1.0748384163479359
12 5 6 22 57968 0.9401154248063508
18 8 21 15 25891 1.0599320263102452
20 25 13 17 43266 1.0486296214584319
16 5 26 23 65873 0.9117563305487401
28 16 9 29 83830 1.0267571895259258
15 1 24 13 47749 1.0911918290755869
21 24 11 24 44526 0.9555292484476356
14 15 19 7 40305 1.049334719684846
17 15 1 28 76032 0.9003247991026238
19 4 7 3 28328 0.9044350865222096
12 4 9 20 75843 1.0845920123632569
18 22 1 21 81371 1.0980175022981031
17 7 28 0 38955 1.0261364991559052
10 6 16 14 47819 0.9462125335799167
23 29 0 1 101534 0.9659209752175417
27 21 22 14 37773 1.0735698099295021
19 15 16 0 57635 1.0501225568032038
13 17 15 6 47959 1.0075070920333795
27 9 4 5 50328 1.0046313698523557
9 8 16 5 25860 0.9601081069730468
3 23 14 14 59232 0.912471355587825
3 25 4 7 67931 1.0521087970962504
5 15 19 7 50299 1.0342964521043339
8 17 7 3 46170 1.079604344221488
6 22 18 18 46501 0.9688568902835095
25 23 16 14 54532 0.9438297864554779
16 19 25 15 37794 1.025813817807772
23 24 4 4 75035 1.0906819722914327
20 4 0 15 70267 0.9132243089028246
4 22 18 20 62217 1.062115391232616
22 10 14 6 30748 0.9708783975377824
12 22 23 10 71651 1.055538456475663
28 27 9 22 82775 1.0848598869110206
16 28 10 1 104187 0.9259933515705756
25 19 22 10 34761 0.977744941862432
11 17 3 27 55402 1.095041930057534
24 26 8 26 45162 0.9298400133003146
3 14 8 9 43931 0.966253904460385
22 29 4 17 64058 1.0504644575555866
0 28 25 28 91262 0.9708291758522704
15 11 4 15 40286 0.9887538445119222
7 20 7 2 58171 1.0328794142624464
24 19 19 1 52146 1.073473109489842
9 22 15 8 76499 1.0363645495434226
0 0 1 26 102584 0.9037959082255321
6 17 2 1 52705 0.9778232862211677
7 4 14 0 34303 1.072796907126056
13 26 24 5 69809 1.049176005312009
4 15 22 14 44597 0.9515497099054585
23 19 8 25 59927 1.0421498945126588
27 1 29 24 89188 1.0852250978038307
7 1 17 15 68386 1.0889024054938192
4 21 22 14 58653 1.0253497352158116
24 22 6 6 69640 0.9230671971083896
16 7 7 11 31448 0.9970150823664355
29 15 15 5 52700 0.9620893537508177
26 20 5 27 84739 0.9013712099066923
15 13 0 10 68564 1.0890387508843151
21 5 15 11 28784 0.9077817465840126
5 10 25 24 81052 0.9596766113855055
16 6 24 26 61767 0.9542105935694944
14 7 5 4 24377 0.9408567648480958
22 22 18 7 42946 1.0316296196253631
22 7 1 29 102283 1.0249670348168216
17 23 17 5 66929 0.9174762464065506
11 21 0 10 86804 0.9234068873771331
26 17 19 27 44701 0.9015390036093054
14 27 25 14 58282 0.991522299647159
20 29 13 18 59233 1.0168235980398665
27 27 17 8 69301 0.9038267112872703
3 25 18 18 69076 1.0959426696363654
4 9 15 29 90724 0.9202079613456006
18 9 29 15 47298 1.0807350621068488
24 17 29 1 51839 0.9167592151483471
7 13 15 22 47358 1.0692620854621395
26 6 2 19 86707 1.0688101644290244
17 1 7 27 99527 0.9774645081208816
14 18 14 28 50476 1.0201518827126435
25 19 0 22 89995 1.0567985177834471
9 16 13 5 48166 1.0421746668938165
19 5 27 14 42823 1.0374680358568003
25 28 11 2 88105 1.0090869972129912
0 3 22 2 47835 1.0821530808203559
11 0 28 20 90268 0.9705609904534548
14 3 1 11 57415 1.025978178153705
24 0 14 19 68772 1.0457349410359593
2 7 19 22 72936 0.9427727911480999
17 15 12 7 45747 1.0210511743799364
27 18 29 26 33975 1.0350959478104413
0 11 21 7 60794 1.0046870295495967
20 10 29 0 47176 0.992625012568182
19 24 13 16 37042 1.0010835308548542
19 3 8 24 88840 0.9248798061440877
3 1 21 26 85030 1.0629277789455225
6 21 5 12 32388 1.016455987945878
2 2 2 19 72833 0.9786546484007952
10 29 29 0 118711 0.9567964994595822
17 10 0 8 53214 1.0881695025149347
19 6 28 1 29030 0.9134648957356678
23 27 0 7 79295 0.9147804856068212
15 23 2 16 46318 0.92268713327113
2 7 11 17 46159 1.063975638168394
21 14 4 23 56899 0.956157727191835
8 14 16 5 51267 1.0251756334989117
2 5 20 9 44987 1.0269681110231557
2 16 5 29 48683 0.9714345083643051
29 0 20 16 54570 0.9827449554985018
26 6 9 20 80297 1.0254842584478208
1 28 20 22 81006 0.9253977560073815
12 26 14 15 52699 1.068065389164626
27 9 11 2 49670 1.057237327634238
29 21 11 15 63638 1.0656238371682323
4 27 29 13 93563 1.028745171817005
23 10 14 25 60838 0.9974788246397012
2 0 15 28 115673 1.0558791315365923
15 12 9 7 28982 0.9292509677955522
16 28 17 5 78149 1.0432333930994624
6 23 0 7 54827 0.9388932260882831
1 28 17 14 81895 1.07271104714004
15 17 26 23 47849 1.0298255069781093
4 9 23 9 42795 0.9619286607178844
17 26 0 28 61250 0.9861696625662181
7 5 15 9 27708 1.0148827172841284
15 27 13 6 78134 1.031779831947446
23 26 10 23 51492 1.030503585212924
29 18 7 15 52377 1.0189437875133407
7 11 6 23 40180 1.053239234739762
24 13 4 13 54289 0.9508473026045768
2 14 24 14 59430 1.080033067199642
12 25 26 15 68379 0.9471095024882326
24 5 6 7 33884 1.0777212777788614
7 19 23 21 50059 0.9157313710906018
13 16 8 1 57894 0.932670763350629
4 5 24 15 59850 1.046964670047945
17 0 20 24 68218 1.0065123558022997
3 6 28 21 92590 0.9184244659258047
24 14 13 9 52174 0.9995182591876195
15 0 15 29 96052 0.9284767278956569
7 26 26 4 93044 1.0823365240544396
0 0 20 21 96276 1.024180580738981
8 19 14 7 54814 0.9451898297710917
7 23 17 22 62548 0.9700270962271835
22 11 24 3 26306 0.9675116406809559
22 9 9 12 57402 0.9095036721121625
10 15 4 11 32194 0.9309594691499232
26 7 9 24 91002 1.0434274584429186
17 5 2 12 62474 0.9438413465067256
24 8 23 29 51847 1.0103205159236472
12 11 7 25 75870 0.9513902463033901
18 8 1 13 64469 1.0944686487904653
12 13 18 17 37291 1.039756117058311
4 19 28 24 84468 0.9082748535826918
4 16 21 9 43531 1.0499064390397272
22 21 10 23 63167 1.0168001970827456
9 0 4 15 61424 0.9009038879346069
9 2 25 3 37118 1.0118202127724114
13 22 1 19 73307 1.014591203938971
14 3 27 5 29436 1.0152542774038307
2 21 26 12 91858 1.0962542866402996
16 13 22 24 48580 1.0260635841099948
10 16 28 1 64352 0.9046761154068254
22 28 15 22 42489 1.0588263062735657
18 21 12 9 67488 1.0129040733974533
19 1 23 8 22581 1.0056094931668134
27 4 1 10 67163 1.0711564043410575
22 6 19 13 32293 1.0456841690550165
21 28 5 2 81803 1.0248555251378506
28 10 5 2 68113 1.0620099684727895
3 11 19 19 60146 0.9480230403068656
22 27 27 9 58846 1.0503209132246165
6 18 17 27 58156 0.9460358304755977
24 27 19 14 39993 1.0668596235134364
21 20 24 29 30730 0.9358203824697247
22 1 26 21 64899 1.0850595191514838
25 28 1 20 91222 0.996556490989207
14 7 2 21 73896 0.9913675315367304
25 15 12 24 67063 0.9795806910529923
10 11 4 19 45527 1.0937090053365062
13 22 5 14 61767 1.0629164232439903
6 22 26 1 83120 0.9071382988503355
15 29 11 14 66798 1.0479381360980806
12 4 28 23 86459 0.9883057305177031
11 27 9 9 81052 0.960580481188852
20 2 5 7 38772 0.9843984644316898
22 27 18 19 38880 0.9065320466241749
7 20 17 19 51363 0.928411063970115
23 6 12 28 82715 0.9278086776478646
28 21 10 12 75317 1.093391938067595
15 10 11 1 41590 0.9106431972798682
0 11 2 0 63642 0.9148825519862066
16 12 11 21 60709 0.9393933525188003
21 12 18 21 35481 1.0996821645654797
25 19 19 6 43493 1.0350060483928447
2 12 28 0 94983 1.064409903226296
3 23 12 0 95477 0.9095326639860587
14 2 20 14 48976 1.0828789047614211
27 21 6 21 67291 1.0808177739998908
10 13 18 15 33419 0.9133370467756823
11 0 22 8 48021 1.0835297393177947
26 2 18 7 25686 1.075555804757936
3 25 17 14 69539 0.9467575696057888
15 16 10 24 48380 0.9691517407989435
8 19 28 0 87200 0.97818094541551
27 6 0 26 101400 0.9338829799584206
25 26 28 19 35999 0.967487020010818
27 18 13 10 64286 0.9942208587323411
14 17 8 12 32982 0.9443650902092688
29 21 11 26 77165 1.0684276832848636
21 26 10 24 40972 0.9569018337776737
7 25 24 27 55251 1.0536254741722173
21 13 15 8 25484 1.064327581791404
21 9 18 19 33551 1.0510299601768263
28 12 19 4 46862 1.0896845497371794
3 12 21 12 59354 1.0738551487283756
27 6 28 16 38014 1.03712131711905
5 28 27 17 78806 1.0423276892814128
23 7 0 28 105588 0.9459393949076202
18 22 8 17 48593 1.060448384252365
3 5 10 29 89827 0.9615352358363514
0 23 22 17 82336 1.0827457567531091
11 22 1 1 96917 0.9664941582428291
0 29 20 6 117524 1.037895970191313
13 23 22 8 71311 0.9308635647458704
2 8 16 8 38610 0.9707579930391667
7 15 27 1 71163 0.964592819206296
14 21 1 9 81938 0.9400609445152304
6 28 23 7 80393 0.9452304419231883
3 3 8 26 75715 0.9479912829126083
18 18 0 22 76668 0.9902528386458515
13 1 27 24 87740 1.0043197281186218
29 26 6 11 78971 1.08053525344546
29 15 1 21 78742 1.0190133273503055
4 22 3 6 61922 1.083998449976324
6 10 17 4 38899 1.0798016222881355
15 1 10 16 63746 0.9100230759906552
7 14 12 19 39865 0.9725219071759721
10 4 19 10 36226 1.0135634739998838
10 12 9 29 80164 0.9224559724799718
25 22 19 27 36075 1.0735227633916269
11 21 2 7 70817 1.0049084189699218
9 19 24 14 54751 1.0261471488562817
8 2 2 11 50517 0.9728026905188378
23 12 27 20 29979 0.993799435210715
11 0 21 12 50610 1.0833998671360097
19 13 4 25 66495 0.9420366168051524
18 22 10 20 57198 0.9373604872579117
24 3 13 2 26523 0.9570492131745174
0 3 25 15 76653 0.9753074202089062
2 14 22 7 64787 0.9849900556705538
12 10 6 20 61562 1.0069839778373801
11 24 15 9 78936 0.9130793478737207
25 0 8 29 111532 0.9030302677286005
15 29 4 2 106169 0.9053732083212518
3 19 11 15 34978 0.9455577625177324
25 25 14 20 60148 0.9115164170063147
23 6 28 26 55567 0.9931757778755962
24 4 29 20 61598 0.9531746448168902
19 19 1 14 51325 1.0864556059279955
28 6 1 28 113860 1.0279133562099012
25 16 1 18 50270 0.9157154622878451
23 21 9 19 53205 1.079267334228457
27 13 6 6 59556 1.0718156861626766
11 15 1 18 32818 0.9146518684305269
10 28 26 24 66643 1.0368822520728584
19 12 0 25 87602 1.0147687937093515
21 12 9 2 47155 1.022379114215501
3 13 26 1 77261 1.0296187680658813
10 6 28 0 51959 0.944775367986106
1 28 10 29 49758 1.031285689618681
29 18 23 11 32111 1.0413899361794958
19 21 7 22 62397 1.0759175013280742
11 6 8 29 85684 0.9452481556798479
21 17 5 26 57510 1.0475776945541102
27 27 13 13 71331 0.9735783406266787
17 19 15 8 51277 1.0730581060263291
27 7 8 14 59195 1.0718846882786222
6 1 25 25 92059 0.9144638509006907
13 29 14 2 105517 0.9978885142715561
15 14 28 23 58808 1.013378826846303
24 24 11 12 67640 0.9672772999255033
23 20 20 13 23718 0.9702678566526292
5 14 20 28 67924 0.9202839998633584
1 3 27 9 62988 0.9415375144894931
4 4 16 17 63518 0.95713694051629
14 20 0 1 90554 0.9178798409787841
25 19 5 13 57393 1.0015872428501569
8 7 27 11 46150 0.9679382587044539
4 23 16 4 80092 1.0208164572279554
3 11 17 28 94737 0.9388684692681621
25 11 16 21 62851 1.0152570543890578
3 17 7 11 33257 0.9202103396317809
2 25 13 13 75245 1.0611384478315395
2 18 12 19 52014 1.08663318609706
14 0 27 17 66617 1.0855383309375073
19 15 25 19 24321 1.039694601345227
4 13 19 9 53095 1.0782664333642158
9 12 27 12 69836 0.9463940541205142
0 24 6 8 77972 1.0471813076326637
12 16 7 24 39324 0.9904166068436981
14 20 12 5 66506 0.9200503848664034
26 15 14 3 59157 1.0372876401924989
26 22 4 6 88513 0.9106061449248503
12 16 6 6 38519 0.9440851325333848
0 22 16 2 105850 0.9154781194955077
28 24 14 19 73093 1.073338283205405
4 0 16 17 75260 0.9278972864181644
23 4 5 23 78742 0.9135332968332862
27 8 5 10 53384 1.027615978659094
16 0 28 28 100168 1.0768090265471368
20 20 8 8 58839 1.0170887948192102
15 13 23 10 37595 1.0409890445686614
25 9 1 11 68759 1.0250114269058406
0 6 14 20 79093 0.9106981099543351
18 7 2 4 37890 1.0645385670789134
8 0 7 28 89232 0.9963123685207491
20 28 1 10 96400 1.0134583495013545
18 16 18 28 42068 0.9381756905294482
11 9 22 1 42743 0.9790145311485754
23 7 27 14 32601 0.917070094525019
20 24 6 23 57525 1.0687402441179155
8 2 21 6 36945 1.045885353594325
28 15 7 6 63788 1.0869000381726897
4 25 28 11 93860 0.96680049593922
15 5 29 23 79901 1.043589594765064
15 13 21 5 35874 0.9851320566232327
0 24 16 20 83549 1.0583135576705
3 0 4 26 86787 0.9605434510451674
3 29 23 15 81396 1.0238016301338695
12 16 4 6 42408 1.0604603686357457
13 28 26 11 87177 1.0778881676795475
5 28 26 7 92475 0.9082209218443389
21 28 18 12 45518 0.9089828908918333
21 27 22 7 41544 1.018201912865015
17 5 19 29 63900 1.0007116612562081
6 13 5 22 32493 1.0243926928921878
28 3 26 27 73648 0.9968962557129756
19 11 3 16 44405 1.0121432064217784
16 21 19 2 69696 1.0265308808399665
29 14 19 24 52520 1.0059204802744084
9 17 8 4 49807 0.9143004007062713
22 19 3 25 76566 0.9469335565793573
17 6 24 21 52041 1.0641385015545464
20 24 4 25 58998 0.961273015648199
22 23 10 29 57640 0.947977589347721
10 12 17 16 32527 0.9645538324567919
22 8 10 24 83714 1.078299934868995
29 13 26 6 44109 0.9990733741759235
19 19 25 14 27217 0.9310192115242345
19 24 23 11 41040 1.0814620694928887
23 28 7 3 82648 1.0659711996153156
8 16 13 0 66746 1.0020894381590186
0 25 7 11 71981 1.095293656880918
8 6 18 0 42019 0.980755640294174
11 23 8 9 73096 1.0767692140514276
1 9 10 26 79272 0.9012234142032707
24 18 15 5 48193 0.9525372929293016
6 29 17 4 90896 1.0940624913526324
0 1 10 24 100376 0.9093678709822628
9 28 28 28 77973 1.0154578127035758
29 13 24 23 48072 1.053314413591384
9 12 22 15 53517 1.055344537782425
22 7 5 25 76310 1.0315300592421368
23 29 4 15 61730 0.9225770039435793
26 9 28 22 60573 0.9366206196243669
22 8 18 16 30068 1.0691144954757306
29 4 7 9 53855 0.9739045048388822
17 18 4 13 44069 1.0519321432605524
17 3 6 21 70968 0.9447122358161193
10 4 22 28 76787 0.9330816908793169
20 12 4 12 59301 1.088994241340999
8 14 3 4 48101 0.9446175272381734
25 28 26 9 62996 0.9164917838188996
0 11 5 16 39991 0.9852194469655591
26 11 23 26 50445 0.9581780898574447
13 2 18 23 78594 1.0480068760814805
13 28 7 7 86799 0.9727871506728958
4 10 28 15 67928 0.9216593702776954
6 12 22 29 68525 1.0803062922573354
13 12 18 4 51160 0.9418009460648228
25 2 25 12 39355 0.9125527933243371
16 23 24 21 53132 0.9032998545538646
5 15 25 29 73221 0.9731838702747531
29 6 3 9 58410 0.9032083686347295
14 1 20 19 58837 0.9145758216611009
18 27 3 5 86423 1.0966877538910242
0 3 14 29 118393 1.043850958002289
16 12 18 24 62520 1.052382965724654
11 5 18 28 77055 1.0767987939879653
15 3 4 25 86977 0.9922882260959591
7 29 18 16 63109 1.0083970017716477
10 10 1 14 55276 1.0638038971855839
7 2 14 20 77793 1.0461499898379965
27 27 18 19 53174 0.9025944454336995
15 26 28 7 66203 1.0946810921106573
9 16 29 7 52367 1.0434709473836825
28 13 10 4 65316 0.9944800464534833
12 25 2 3 96438 1.07110185238527
2 29 3 8 95538 1.0289808562064038
8 17 6 29 42855 1.037911507634846
23 26 1 10 89709 1.0003589218753297
24 11 19 3 31358 1.0258587872364173
4 4 18 13 57988 1.016081296314167
28 15 9 27 78149 0.9981847801604994
6 14 29 28 82071 0.993096942412388
16 17 10 12 39461 1.0537196724916362
14 8 24 22 59740 1.0669908327382815
24 10 5 16 50107 1.0658038506205172
6 17 27 14 44931 1.0635774363951307
14 26 27 20 57104 0.9427165433235698
10 8 25 22 71467 1.0096259289527265
8 17 16 3 62801 1.0122566322803925
26 2 19 26 64932 0.9983027468937072
17 11 22 22 52677 0.9174115348752705
14 21 5 0 89881 0.9828470022237075
13 27 28 23 60897 0.9898953916365223
19 1 5 16 63226 0.9013071206220907
19 18 7 24 58345 0.9125506765290233
15 1 25 22 74953 0.9246726342132235
10 1 20 12 54913 1.025813075364923
2 20 26 3 91941 0.9082519891153384
20 9 23 0 26507 0.9971060241396492
11 0 15 22 90816 0.9544386339957851
7 15 28 22 67829 0.902315814837293
6 25 13 13 56146 1.0555075464621209
26 24 19 27 34699 0.9165592396904397
11 25 10 5 85876 1.0855611679277515
28 0 9 22 108175 1.0907514187866931
22 6 16 21 63202 0.9755659600825853
7 5 2 28 84339 0.9570333674313131
6 18 19 14 35440 1.0013724710436287
12 16 24 8 43315 1.0468580134947627
28 9 2 4 63803 1.064462736888609
24 8 20 26 50670 0.9609331317953081
17 27 27 11 63673 0.9325474196388742
28 11 14 27 78564 0.9384018440819255
12 14 0 2 76324 1.0161629252883408
2 7 23 10 40719 1.0230799354992457
26 5 5 7 39083 0.9461550742291019
2 4 14 24 93539 1.0419116293294906
20 7 1 24 95336 0.9913347628106091
9 5 6 29 71496 0.9549358197628692
27 14 11 28 76441 0.9168521678258469
29 25 25 14 53529 0.9173112862036142
8 20 17 3 76060 1.051334543389903
29 26 5 16 66889 1.0877972945366778
6 20 19 15 36872 1.0430272682908235
27 28 11 28 64366 1.0818128456373082
28 9 0 5 61947 1.0983637983502823
24 3 10 11 50600 0.9488408510827413
13 25 23 4 75885 0.9102466844478122
16 13 19 6 37351 0.9792350597661201
4 28 9 19 51186 0.9058532600311912
18 1 7 3 30595 1.0266721717690677
1 4 25 23 91599 0.9277505898052785
29 21 9 28 95987 1.0821272006433087
2 4 29 18 85358 1.012812942739629
10 16 18 25 51317 0.906318886649457
2 22 29 15 84053 1.046998316841348
4 4 12 19 70817 1.0223002487465593
14 25 7 8 81193 1.0522816675043134
2 4 8 27 80494 0.9030078871290477
19 2 13 24 84311 1.0868191808847523
24 1 17 11 46407 1.0294814606448375
12 6 25 12 48212 0.9925474254555698
27 14 10 5 57927 0.9884498864979278
8 22 29 22 95339 1.0635983653718903
17 28 11 1 94768 1.0738624365284328
24 1 27 25 69596 0.9666981412526064
15 16 22 0 47244 1.0049823656847243
2 28 17 0 122742 0.9186274092556403
6 15 25 2 65977 1.0097873694273516
24 11 2 29 103981 1.0855701239966524
24 28 20 10 54449 1.010771425942489
26 14 12 6 61543 0.9873882457054951
24 20 0 19 73001 1.094083665485313
21 24 4 16 44004 1.0856434962496528
14 5 0 23 93665 1.0835291925516262
14 10 9 24 83177 1.0645169235686411
29 8 19 26 62438 1.0915111167254696
0 17 22 17 50418 1.0888054425621916
5 4 29 6 49767 0.9296069280316807
18 4 1 22 94470 0.955419554215273
21 17 0 5 60680 1.0095813152263902
24 24 7 13 62093 1.0147397836429872
19 1 18 12 43318 1.0370059089251873
1 2 1 18 67317 1.0821105373148814
27 5 11 10 48562 0.945597710865629
29 1 22 11 41012 1.0454373063535185
28 28 5 3 105408 1.0890443810723902
4 9 24 3 49362 0.9247287349570151
0 29 26 16 97373 1.0619791135073142
27 13 20 26 42841 1.0884980087770069
2 29 18 23 76580 0.988055180422144
3 9 4 19 39665 0.9398133397305042
18 27 4 17 64471 0.9315614025229282
0 13 15 11 64219 0.9603794613601346
16 10 17 25 71560 1.0621580544728106
0 6 26 10 67604 1.0819092628924378
22 21 10 29 63462 1.0502206972681458
4 15 29 17 50752 1.0727361793119887
26 14 19 4 50172 1.0013839374268685
1 28 18 2 112521 0.9679973166312239
18 1 29 13 63310 0.9994160999262192
8 6 13 19 63783 1.0564343427370078
27 28 16 22 63230 0.9762338345701265
7 10 20 28 79109 0.9556976909254254
27 22 13 24 64908 1.0746515907782754
11 9 3 12 50091 1.054930327238293
14 3 0 12 70514 0.9657395216028433
22 24 20 5 46330 1.0063666384954573
12 1 29 4 46492 1.0638929167304774
27 4 18 8 27117 0.911855217112921
12 11 5 0 63030 0.9886091504505151
1 16 4 26 39313 0.9504120261487896
7 24 21 11 65394 1.0540184465098652
23 16 15 29 50277 0.9554864753407966
3 2 9 24 86473 0.9644431337349296
10 12 15 7 32444 1.0757996826030192
13 15 6 3 54239 1.0817825330202615
17 26 28 25 36159 1.0435912514092076
8 13 9 27 57665 1.0511616094159804
1 8 13 10 43776 0.985878427233936
7 5 8 23 63901 1.067938425097886
14 0 5 21 87302 0.960978075313391
10 27 26 27 55996 1.0931617823083057
12 26 0 17 61794 1.0157299625979048
17 14 2 23 69443 0.9223010992591814
26 17 2 12 73544 1.0184821390136147
1 2 3 24 86003 1.076329966072049
8 11 5 29 66892 1.0835530017786432
11 24 14 15 59108 0.9163826224115641
29 20 2 9 97295 1.0043358311861
26 22 23 2 65996 1.065981593422193
16 17 12 4 62551 0.9855317953407766
27 22 12 25 62710 1.0881065530274279
23 11 15 8 24908 0.9753048467781122
6 2 11 17 53615 0.9592958471431514
15 10 5 3 40303 1.0152023256776905
9 6 1 19 60173 1.0517006887029272
25 12 25 23 43521 1.0562935149322064
6 13 2 2 39191 0.9287105176065811
8 25 4 3 76031 0.9644682092427154
14 12 26 1 58368 0.9066048104432702
14 3 23 11 35530 0.9700055730255577
9 0 21 15 62339 0.9082207837345302
11 1 14 13 57791 1.0814011174388987
6 27 28 14 81083 0.979706870774659
10 28 29 11 101795 1.0564097325764181
11 16 21 19 22703 1.0907140744010595
22 19 11 0 71409 0.987472527762254
12 19 28 23 79121 0.9954124194875121
8 18 3 26 44437 0.9705157151601307
11 3 17 21 81923 0.9892339928599618
21 18 28 21 39898 0.9973098704029213
26 21 18 12 55798 1.0256916841007797
2 2 27 29 110124 0.9493781169392956
27 24 4 1 102685 1.0795011079622983
12 0 7 6 37429 1.0843073453121206
14 23 18 0 83384 0.9724630359443692
26 15 23 6 35257 0.9311639147149402
22 28 8 11 73700 1.0323012972877534
28 14 7 16 48839 0.9964981011063798
0 20 10 10 71253 0.9553437739333316
2 2 11 17 61655 1.0493466229938546
9 29 18 28 53658 0.9804566298291445
1 13 10 7 47426 0.93356066628002
10 16 25 12 41635 0.9735917664072529
20 27 11 8 65736 0.9833426441564888
9 19 28 14 64767 1.0227937551649517
0 20 22 19 72460 1.0696075516583388
4 0 10 4 26285 0.9652271902315027
28 19 19 10 51173 0.9803649178414626
26 1 22 18 50847 0.951964554340687
29 6 14 24 82895 1.0443873475541126
27 21 8 26 70741 1.06880169345343
19 18 1 27 75498 1.0309048139674928
13 23 21 14 50205 0.9222340962978658
20 24 9 23 59415 0.9753438354721875
26 24 7 25 69058 1.0193205158701928
9 28 21 19 60422 0.9832223072475109
5 26 25 13 74301 1.024673307846624
10 6 24 6 32449 1.0777894119590992
22 21 27 16 24879 1.021279368738551
9 8 21 26 64448 1.0694951246837343
18 7 25 22 53586 1.0040080661143445
14 12 1 17 51767 0.976417843928397
18 17 17 4 44744 0.9938726914984304
15 7 26 29 75993 1.020435661091168
11 2 9 26 86377 1.0049170907777027
1 27 14 22 66738 1.000426245806113
0 17 24 12 62288 1.0697225427913275
11 16 1 20 37489 0.941741939586946
15 11 4 16 36750 0.954879702961436
24 10 9 9 47700 0.9208972819694636
24 5 24 15 30108 1.06902279473298
6 28 4 7 61748 0.9728902476952133
20 20 6 15 42222 1.0928110161191402
6 2 28 28 105860 0.97831282455718
29 14 12 18 55597 1.0863552925167086
14 27 1 19 78956 1.0706002616250339
19 14 8 14 34742 0.909875449318895
18 4 23 27 58154 0.921547926781901
17 28 25 11 68139 0.9879534600489013
13 2 3 18 72291 0.9600335697956814
6 13 27 9 58898 1.0606484990741987
28 20 3 7 79403 1.078715328590241
10 28 8 11 72219 1.0993030288487609
22 24 17 8 52590 0.9359258676173892
9 4 24 20 66550 0.9671042087544769
28 17 11 24 78472 0.903569852074154
23 23 11 8 57894 1.0170190369951237
9 11 21 27 70720 0.9194352725909088
21 21 25 11 36288 0.9238321167248866
26 29 28 21 43778 1.080807203795775
28 27 12 19 80458 1.0992239717201138
20 24 1 14 65857 1.0167631294073811
17 21 3 25 73875 1.0402687714785122
19 14 0 3 68965 0.9605436511686104
15 20 29 28 71150 1.08375653080272
7 3 7 20 55364 1.0460097545783955
0 0 10 13 72628 0.9893190713827338
10 19 17 15 33229 0.9147483302291267
25 6 22 25 50553 1.0675665427804435
20 16 13 9 43989 0.9150363333945278
29 12 19 0 61771 1.0474063858070233
15 24 10 18 48323 1.0566113016677707
29 25 28 13 60208 1.05289520934516
18 16 0 2 71630 0.982881012564581
7 15 25 5 58007 1.085582850575867
8 24 4 1 80774 0.920795310759081
26 15 12 18 47248 1.0223825846080177
16 22 5 14 56848 1.0636832032300847
11 19 22 29 67376 1.0781454408803561
13 28 0 14 83819 0.9783039264001036
4 19 8 6 46458 0.9309853103188777
4 27 12 2 89973 0.9408089841371814
18 27 18 13 50774 0.9548850242793625
15 11 4 1 51312 1.0861179620418424
17 25 15 7 64695 1.01018572160064
15 8 3 15 56468 0.9297626671430036
25 21 11 22 79946 0.9438733143931513
27 28 21 17 41780 0.9807347543058302
23 6 25 26 47842 0.952558581692373
1 16 29 23 79673 0.9018441958655149
2 0 14 29 126384 0.9059887943103171
4 7 27 6 41374 0.9149787705201986
26 14 29 4 50846 0.9763630203861725
0 5 9 23 77920 1.0614990217690046
0 28 12 29 69681 1.0418798767280988
3 8 14 17 57929 1.0279446019463137
18 9 6 19 59286 1.0200481527818397
9 11 23 12 57442 1.0612212347377081
9 22 21 18 60126 1.0001702276182771
29 18 10 1 79993 0.9119922629944403
26 28 23 17 38831 0.9944218873564776
21 29 8 18 56172 0.9504027599520841
3 28 13 24 52673 1.0349569444716475
23 17 7 8 50558 0.9357257419659932
14 22 24 12 59254 1.0015665463388492
4 17 25 5 62187 0.9431366560504105
19 29 28 11 69033 1.0167264576115327
29 11 14 15 59799 1.0902793564374693
7 18 25 15 42365 1.0662389917277644
3 12 19 11 64908 1.0463146862220905
29 22 13 25 71672 0.9476575788016188
16 28 2 0 122683 1.0433444792717266
22 9 15 0 37994 0.9187219106429206
24 27 28 3 65853 1.084777628585257
3 18 1 29 57501 0.9892269138670021
19 6 6 15 47254 1.051072032929907
25 21 3 19 71893 0.9696874999410064
9 27 29 20 90912 0.9681495484512952
15 1 26 1 23835 1.0258767479336328
17 15 0 26 68434 0.9255156423671625
25 19 8 26 68926 0.9013656519039851
3 1 11 23 94807 1.0292313308605954
4 12 15 20 47124 0.9427712625782327
17 28 24 3 74432 1.0287613971666623
20 6 11 22 82384 0.975512693405628
5 23 19 7 71387 0.9527460949908246
18 5 8 27 88283 1.013915169256613
5 27 25 29 71608 1.063271246219226
16 16 24 10 31363 0.9411363066909559
15 29 21 14 51323 0.9089681495815061
7 27 17 12 76679 1.0537693038122937
3 13 20 5 60174 0.9358501890441088
8 26 15 12 63486 0.9000549663742936
10 22 4 7 65664 0.905291051980211
12 18 12 2 78449 0.9945692779224321
24 4 29 12 47838 0.9590004375201091
0 20 25 20 82279 0.9410837295683837
23 16 12 20 45778 1.099783500765324
20 12 13 24 67637 0.9270046075439936
13 25 1 28 49566 0.9213007976989628
15 5 8 16 49294 0.9816436723426102
8 8 22 20 58635 1.0797647905253673
26 27 16 29 54830 0.9463940783334039
17 16 4 13 32598 0.9106273421333752
27 1 13 1 29830 0.9222593308559427
3 14 4 2 49697 0.9351766052971167
16 29 21 22 42549 1.0861650226857618
4 0 24 28 101990 1.034862556625029
17 21 9 29 70294 0.992373145700418
9 13 6 20 32257 0.9609280872318843
18 6 7 20 66265 1.0500458809725945
25 17 17 20 38303 0.9625826631550916
7 19 22 18 47617 1.0755667722534112
4 23 17 0 98580 0.9003237946333138
28 20 8 22 79899 1.0092845984543655
29 17 17 21 52659 0.927297338000684
16 13 13 24 57528 1.0110936215197799
1 18 16 11 59139 1.0669705967467822
18 17 24 11 29874 1.0335798514916201
26 13 10 15 47968 1.0485041041329866
4 2 18 26 88811 1.0225212039928198
24 4 8 0 47002 1.0491013629462294
0 13 19 0 91177 0.9160829540657865
6 21 22 29 68459 0.9283335016870782
5 18 17 18 43196 1.0650460823427297
29 10 9 27 104638 0.9335803732124164
20 29 28 25 37822 1.0354288726796272
21 29 17 6 55657 0.9370039245522507
21 18 9 21 54840 1.0828998924236228
13 12 29 21 79858 0.9114813381974768
8 24 18 26 36624 0.9802021068207858
21 6 13 19 54127 0.9947540517967859
16 24 6 5 81353 0.9926925731939832
10 23 20 10 73204 0.9466993127623339
21 10 6 27 68712 0.9268793532361281
19 25 17 0 74278 0.9395963977287953
2 28 14 5 95905 1.0912152079234234
7 10 22 21 66311 0.9112805442236049
21 21 8 1 69432 0.9750925141660906
29 15 18 10 50068 0.9454913636038422
22 16 6 8 47678 1.04696003481703
2 12 5 23 56510 0.9855683920632246
16 18 0 16 39592 1.0297575138042716
0 20 8 9 63724 0.9086081306577061
29 15 22 12 32396 1.0406513483708308
0 18 27 17 63691 1.0371966998091184
17 24 9 16 51578 0.9282365697983473
11 28 25 27 55499 1.0535365356592648
9 3 9 15 53998 1.0203695493157223
5 10 10 15 35217 1.0492052524783986
27 13 0 19 75735 1.0479845365779548
28 18 16 18 49327 0.9558715516960303
2 28 0 11 91321 1.0591057001990845
17 7 26 13 39336 1.0988584830475054
24 23 2 9 84890 1.0798554571623689
6 19 21 26 53197 0.9353768919172645
12 22 2 18 71829 1.0458620210098453
7 16 4 29 45756 1.0509652426033111
24 11 5 21 67329 1.064179816147959
11 6 26 28 85048 1.0392652446303874
7 4 24 12 53889 1.0745669417973591
15 29 7 15 65312 0.9158659730774191
15 2 29 13 67791 1.0636704529180259
28 19 16 20 58464 0.9010463650066677
17 12 21 29 54949 1.0536333215081832
7 23 13 19 54792 0.9351376192491411
22 22 2 19 70577 1.0365291955238933
14 3 3 20 76120 1.0944208594760396
19 29 6 19 65032 1.0514313768885126
22 18 21 4 36358 0.9058933082594152
23 22 8 0 79792 0.9706114080433225
27 19 8 13 55949 1.0499535230636645
7 6 11 26 72113 1.027532592877554
28 27 19 11 62746 1.0935345893312942
7 2 26 16 67049 0.9341726490357345
8 15 22 16 27926 1.0386287058020593
29 19 11 8 70550 0.9490619231712677
5 16 17 29 74770 1.0615246522316713
12 17 19 14 27053 0.9545999057330299
24 20 4 4 72856 0.9350311285165978
6 0 8 29 90517 0.9724515102294691
18 22 24 3 63479 1.0584257085038324
12 13 2 26 71156 0.9536114604995525
18 1 29 4 33537 0.977222129786991
27 8 20 17 41257 0.9235229653213934
18 0 9 6 42617 0.9106074783736332
10 23 18 21 54093 1.0885399855273061
5 0 13 16 60470 0.9249109685742727
21 7 3 7 29507 1.012638035659057
25 24 25 4 60806 1.0992116850234217
0 12 29 20 98397 1.0128868462260905
16 21 27 17 49852 1.0181816801288854
13 19 18 12 45914 1.0906939325769605
6 25 6 13 33261 1.024591125129837
25 18 3 23 72589 0.9298819202066825
7 9 19 18 53748 0.9136441054504012
7 5 4 23 60177 0.915327980049633
3 23 19 16 55793 0.9874032383670907
21 12 17 25 45189 0.9508973001126576
13 7 2 7 17963 0.9086321858095127
29 15 29 28 62829 0.9315283592612479
13 24 25 22 61586 0.9794714657342223
25 19 5 13 57393 0.9725492196501389
11 25 13 9 87827 0.9415672293703226
10 5 21 22 53116 1.0182269394611472
21 0 11 18 61951 1.0752284409348931
14 13 0 15 48849 1.0635396865734141
9 2 28 21 92001 1.045934219409961
14 4 20 0 29173 1.0028480885251756
21 1 12 24 88233 0.9121059624417447
5 27 20 29 60036 1.0185905848208692
11 10 3 19 63925 0.9275030062967332
4 3 19 12 54257 1.07157442284689
20 5 1 14 68955 0.945356690390891
26 9 18 19 50682 1.0247813678640993
8 7 3 24 65226 1.0215213057020345
29 19 11 21 77804 0.9229813122971958
7 23 6 5 55828 0.9129819313218267
3 27 0 13 69558 0.9357587956771043
24 13 18 9 34950 0.9422292785078316
16 3 5 9 40053 0.9280664356905085
23 8 0 29 109445 0.9089687455296055
8 23 16 5 78974 1.0634398299944166
18 10 7 23 71784 1.0663489228092837
2 9 5 16 34744 1.0717727226831304
12 3 12 28 105079 1.0763116135143145
11 12 7 28 71645 1.0171444645013468
2 23 4 7 67835 0.9831071004958125
27 24 21 6 60016 0.9982022778208256
25 17 9 7 48664 1.070137434516391
10 17 25 22 54270 0.9252226109432856
16 0 6 6 40614 0.9180980460675452
16 26 26 7 60592 1.0672087029458333
29 4 14 25 86999 1.0225444450735208
20 19 11 27 54086 0.9528127670614656
25 20 3 1 87566 0.9780654564077409
14 27 4 27 38784 0.924863436973674
14 4 22 22 59686 1.0746474478354648
10 16 2 0 63390 0.9520854976785046
12 18 6 7 50799 1.0925493670169757
5 9 11 17 39060 0.9350582152185348
18 15 5 29 67994 0.9276676608590017
19 11 2 3 54637 0.9613422140303478
24 28 14 13 61840 0.9078595804765712
16 27 23 15 45185 0.9231253949854583
18 13 6 14 39764 0.9656124851845562
19 24 18 14 37224 1.0771083337500638
0 3 10 2 24795 0.9605666438149562
1 9 3 25 74201 0.9665744983139898
13 24 8 11 73732 0.9544968305645216
17 19 25 28 58049 0.9474834347839536
26 6 5 5 43791 1.0630839472991533
18 0 6 23 87773 1.007323020850875
14 26 4 8 81840 1.0081720087199277
29 1 26 12 53959 1.0542252048115839
21 14 4 19 43204 0.9522486090794807
29 29 19 2 89963 0.9248837640823996
1 29 25 19 99641 0.9271217366005302
28 1 5 14 79229 0.9258260313543792
10 10 18 0 55922 1.0850692876855972
8 24 12 6 77117 0.9583424396309579
8 16 27 0 69496 1.0205226064581145
16 3 18 22 68994 1.0989473750787588
11 24 6 12 63582 1.0956368536625853
3 24 17 17 61529 0.964679623680082
8 17 21 7 45552 0.9298210189017511
21 3 11 2 23770 0.9792029530184343
23 18 9 15 34316 1.0580040341340764
29 27 12 4 90366 0.9144805003272721
27 18 27 6 44254 0.9668759345837237
23 11 3 25 78255 1.024766082741234
10 21 0 29 71381 0.9201283243822365
2 1 26 8 65123 0.9158360894025771
15 4 9 16 54846 1.0415998431499442
27 24 15 1 83936 1.0430161694044835
26 23 23 4 57362 0.9798913825794493
17 28 25 14 55880 0.9643993167921268
8 24 27 3 96198 0.9476847776071675
12 10 22 7 38317 1.0511869856623177
11 15 6 6 42748 1.0556021921217331
13 6 21 22 50194 0.9789529089528974
9 22 21 13 62681 1.0067519696040967
10 6 18 9 26395 0.9198671989159516
22 25 22 8 48102 1.0535416417043897
18 19 12 23 49687 0.9113732305508792
9 28 3 13 67551 0.9000393835810113
20 11 11 13 52607 0.9808539377654514
13 8 21 19 43840 0.9846782778736881
16 4 23 20 49860 1.06295197877308
19 13 16 26 46508 0.9737173476594063
15 26 24 17 45509 0.9421012268812966
28 9 4 15 71643 1.0072147060929186
14 10 17 27 75725 1.0921484597946707
23 28 1 19 76959 0.9459843197676356
26 17 9 5 59632 1.053245496359642
20 14 24 26 38954 1.016202383004353
7 15 25 29 68533 1.0574407498403344
10 22 0 0 98225 1.0586215534314969
29 29 12 21 96475 0.9072240533906487
21 10 6 20 49057 1.0445232366152968
24 4 20 15 36441 1.0545914974764363
16 24 6 16 50439 0.9681471322822768
18 17 28 16 20863 0.9936807420597469
25 15 27 3 43736 1.0856815961741917
4 13 1 27 58016 1.0407900192183035
16 7 6 17 44976 1.0369736083243302
22 28 7 15 58468 0.9811563904748875
22 26 3 27 57941 0.9112341575489623
26 17 1 28 93377 0.9502574107162932
11 5 28 16 51285 0.9762265116886968
24 29 28 0 83178 0.9128463196957981
27 8 3 14 74690 1.0607397960057603
5 0 23 26 90031 1.0578631882117484
5 7 24 29 81771 0.9518651704676238
27 29 4 6 95498 0.9467578718965142
22 25 11 19 58261 0.9621948398630198
5 17 8 7 35471 0.9170102197086499
0 12 29 28 113919 1.0693747863824612
7 9 23 2 44658 1.0918511029811622
6 24 2 3 67157 1.0427981820094654
27 18 16 26 51043 1.06251922979601
1 25 24 27 72529 0.9897296488129758
13 3 12 24 98596 0.9703320840261492
21 23 4 25 56870 1.070062912541436
26 20 17 28 58133 1.0426725424991754
21 0 6 11 50132 0.9680245665447265
8 7 13 26 75530 1.0990858626261912
17 0 0 24 126933 0.9746390459273008
27 6 4 22 81313 0.9992800377115081
1 7 21 17 53644 1.018480084825588
26 28 4 8 94442 0.9123636746123246
25 8 11 0 51050 1.0234741582694111
8 17 26 4 63685 0.9532611540958569
12 28 25 2 96737 1.0458894197730064
7 12 28 26 77579 1.0023987316687308
29 19 2 0 104344 1.0858905679706363
26 7 7 29 95196 0.9360965865320544
18 1 25 19 55929 1.0283472333736845
1 9 29 26 102324 1.0810930793393831
21 12 10 24 67156 0.9942561160960195
25 6 23 17 28990 0.9925986851370072
8 23 7 12 49017 1.001137369372566
22 11 29 22 60405 1.0145834711389912
16 19 0 6 75427 0.9948403561805771
8 17 17 19 37614 0.9656755975720202
13 8 21 22 49902 0.9862773341810114
1 5 23 7 41873 0.9687995572510197
27 10 12 7 35848 1.009860724652429
2 4 24 2 50260 0.9091117829060668
0 1 18 13 74450 0.9879214313915238
9 11 13 1 59425 0.9741923676501667
25 13 6 14 49661 1.0472676638720555
2 3 8 10 36200 1.0509545927719932
10 5 21 27 62341 0.9350965845952922
5 12 6 24 41466 1.090488731444871
1 28 17 13 87705 0.9251151981848071
12 15 7 4 54447 1.0886764579076873
21 16 7 26 56036 0.9983898193500498
0 15 8 7 45032 0.9787471922827146
9 28 26 27 66641 1.009642697096991
7 16 11 25 49483 1.037639296324579
2 23 27 23 96463 0.9728162054415157
25 4 8 26 90050 1.085696946458741
26 16 11 10 61296 1.0357550656754007
26 14 22 8 42569 0.9475196176085402
15 25 6 9 67695 1.022022827137458
2 27 18 1 108611 0.9856593554562793
3 17 9 6 49098 1.069277394361651
4 17 28 28 81066 1.0766355782550128
17 1 17 29 88087 1.0230637388267854
24 3 17 15 45096 0.9801828104332443
11 28 15 8 90339 1.086673494258086
11 9 3 16 46499 0.9170037076830684
5 3 26 3 44723 1.0734117126915668
18 0 5 2 35184 1.0944983423205807
5 3 21 4 35429 0.9408404450201205
