5181 5147 5131 4917 4693 4675 5184 5183 4949 5273 5177 5044 4902 5154 4788 5188 4684 5267 5325 4655 5145 4679 4671 5253 5001 5309 4756 5054 5262
5822 5914 5467 5674 6148 6069 5965 5808 6027 5853 5825 5597 6145 6034 5669 5898 5897 5966 6108 5472 5657 6078 5983 5974 5963 5529 5946 5670 5781
5924 6468 6487 6557 6117 6454 6461 6448 5930 6438 6436 6294 5974 6466 6004 6461 6325 6456 6447 6001 6378 6010 6400 5894 5937 5915 6024 6168 6500
7490 7577 7049 7068 7409 7138 7147 7050 7366 7322 7311 7015 7377 7560 7467 7091 6899 7194 7334 7473 7149 7411 7543 7533 6917 7051 7105 7464 7276
8048 8104 7933 8152 7796 7933 8142 7721 8165 8121 7894 8184 8110 7942 8192 8227 7873 7632 7648 7601 7793 7693 7716 8129 8253 7705 7875 7586 8112
7933 7638 7441 8064 7926 7532 7920 7854 8015 7713 7988 7529 7533 7799 7935 7639 8069 7834 7630 7821 8080 7691 8085 7550 7541 7552 7431 7502 7522
3753 3490 4099 4153 3497 3639 3912 4030 3860 3742 3970 3946 3729 3763 3733 3956 4038 3908 3559 3740 3624 3990 3837 3582 3689 3512 3926 3986 3983
3704 3480 3592 3455 3201 3664 3805 3873 3857 3590 3577 3236 3534 3401 3514 3754 3620 3857 3432 3291 3273 3748 3669 3530 3487 3399 3382 3718 3787
2287 2814 2526 2855 2673 2194 2346 2350 2306 2295 2253 2361 2381 2296 2322 2365 2867 2679 2235 2236 2651 2189 2597 2620 2546 2453 2482 2203 2707
2058 2210 2028 2086 1925 2513 2121 2335 2172 2026 2323 2136 2201 2200 1981 2479 2170 2134 1917 2441 2272 2519 2268 2531 2327 2491 1881 2367 2033
3498 3497 3043 3215 3469 2962 3239 3316 3533 3549 3298 3560 3429 3291 3080 2974 2987 3457 3464 2876 3043 3219 3428 3483 3472 3220 3530 3367 3108
4065 3686 3603 3935 3579 4001 3496 3593 3729 3798 3645 4178 3777 4091 3525 3854 3888 3642 3804 4025 4059 3828 3818 4174 3802 4085 4109 4177 4061
3246 3457 3356 3740 3597 3486 3434 3418 3390 3550 3373 3464 3337 3600 3291 3652 3546 3412 3592 3811 3716 3312 3703 3763 3530 3292 3664 3649 3637
4355 4116 4249 3858 4302 4172 4169 3756 4178 4290 4210 3857 4392 3763 4239 3886 4240 4104 3745 3868 3944 3876 3766 4144 4189 3905 3767 4365 4205
2937 3344 3255 3171 3395 3207 3211 3210 3341 2804 3345 3430 2777 2864 3006 2808 3431 2945 3114 3207 3067 3364 3342 2856 3098 3159 3109 2892 3040
5026 5636 5190 5054 5318 5622 5069 5068 5067 5123 5343 5230 5057 5304 5564 5153 5130 5678 5573 5561 5125 5415 5422 5461 5006 5445 5633 5678 5190
8357 8160 8587 8282 8336 8190 8647 8254 8282 8495 8476 8178 8158 8032 8470 8658 8471 8561 8560 8621 8397 8606 8345 8015 8161 8529 7974 8214 8486
5880 5504 5320 5948 5597 5324 5848 5343 5532 5416 5682 5865 5559 5271 5361 5585 5791 5873 5531 5957 5957 5368 5521 5405 5840 5579 5423 5698 5593
1091 1613 1195 1735 1625 1254 1101 1466 1449 1184 1349 1559 1545 1606 1151 1083 1144 1301 1588 1324 1382 1543 1142 1737 1745 1561 1603 1538 1247
8001 7865 8024 7704 7397 7792 7858 7632 7562 7844 7898 7897 7877 7974 7983 7812 7551 7863 7364 7885 7949 7502 7562 7963 7846 7810 7687 7582 7810
8096 7680 8113 7888 7796 7827 7634 7688 7756 8000 8162 7632 8198 8128 7841 7700 8047 8052 8177 8116 7873 8148 7499 7503 7938 7532 7912 7994 7633
4654 4882 4851 4208 4286 4672 4637 4733 4267 4310 4744 4714 4685 4647 4304 4355 4212 4570 4400 4816 4594 4538 4300 4305 4201 4536 4387 4730 4769
5316 5681 5435 5336 5688 5252 5428 5400 5585 5350 5147 5571 5693 5524 5603 5432 5606 5174 5459 5167 5413 5394 5390 5724 5697 5189 5173 5615 5439
6834 6267 6431 6865 6272 6749 6839 6455 6627 6611 6431 6715 6852 6607 6420 6735 6202 6766 6417 6829 6724 6578 6430 6379 6535 6866 6665 6656 6392
2751 2805 2746 3332 2864 3004 3318 3037 2738 2944 2927 3000 3045 2882 2745 2960 2899 3410 3412 2955 3078 2865 2988 3289 3057 2841 2987 3413 3053
7604 7927 8176 8211 8040 7611 8233 7843 8220 8086 8070 7614 8238 7795 7647 8275 7927 7586 8270 7990 8098 7932 8058 7705 8274 7629 8201 7772 7639
3755 3158 3628 3779 3652 3813 3514 3327 3525 3404 3584 3490 3829 3535 3519 3477 3570 3776 3664 3699 3324 3566 3539 3828 3505 3272 3588 3237 3205
6744 6808 7237 6736 6785 6936 6598 6753 6754 7019 6552 6911 7043 6821 7078 7211 7116 6715 6991 6866 6787 6782 7128 7010 7149 6572 7153 6774 7228
6122 5953 6089 6117 6429 6341 6115 5865 6080 5928 6484 6494 6249 5841 6037 5857 5895 6317 5878 6166 6541 6488 6364 6445 6170 6442 6502 6464 6189
1783 1458 2056 1524 1974 1645 1768 1686 1428 1434 1463 1797 1860 1779 1954 1850 1710 1696 1852 1930 1896 2031 1631 1519 1708 1541 1805 2036 1798
6086 5004 1499 1609 3298 3850 8251 6426 4400 4731 6966 7734 3889 3575 1803 4395 5221 3903 3475 5107 8376 2599 4816 4854 8639 1789 1572 5658 4167 3884
6148 4796 1637 1793 2927 3358 8044 5985 3844 4808 6691 8082 3856 3717 2308 4153 5802 4069 3707 4809 8248 2786 4661 5332 8171 2355 1643 5330 3896 3830
6449 4475 1903 1445 2986 3934 8354 6415 4246 5119 6799 7726 3800 3685 2224 4324 5461 3615 3537 5115 8404 3181 5074 4774 8641 2029 2122 5353 4226 3413
6141 4867 1921 1970 3378 3631 8272 6379 4127 4724 6537 7786 3633 3944 2268 4252 5598 3915 3191 4746 8515 2802 5192 4738 8227 2065 1709 5768 3953 3356
6300 4754 1719 1905 3296 3820 8489 5961 4216 5077 6729 8203 3717 3410 2082 4170 5619 4032 3754 4819 8319 2942 5263 4929 8259 2148 1719 5651 3659 3925
6221 4701 1895 1829 2835 3518 8574 6355 3895 4434 6940 7732 3508 3674 1809 4415 5290 3778 3485 4582 8426 2838 5211 5180 8406 2106 2089 5946 4134 3477
6257 4679 2076 1455 2975 4014 8538 5946 4402 4839 6978 7976 3881 3548 1891 4576 5749 4012 3241 5082 8629 2889 4862 4896 8579 1879 1744 5873 3680 3418
6082 4589 1742 1326 3254 3769 8404 6420 4327 4729 6832 8037 3734 3348 1793 4541 5255 3791 3716 5114 8058 2610 5291 5248 8190 2330 1799 5329 4005 3672
6345 5067 1923 1459 3004 3522 8094 5896 4027 4793 6556 8326 3762 3957 1957 4496 5168 4067 3255 4850 8143 2954 4736 5105 8562 2314 2035 5575 3909 3720
6014 4804 1534 1534 3010 4007 8604 6190 4215 4899 6793 8051 3807 3787 1938 4182 5715 4172 3479 5024 8216 3012 4647 4857 8569 1830 1583 5277 3742 3808
6198 4748 1464 1719 2874 3616 8495 6341 3810 4988 7067 8287 3904 3838 1738 3980 5276 3536 3687 4862 8283 3081 5226 5011 8252 1809 2090 5308 3776 3658
6418 4705 1488 1404 2893 4046 8282 5756 4035 5000 7045 8183 3657 3551 2139 4458 5580 3916 3235 4756 8654 2525 5009 4906 8675 2206 1592 5835 4237 3669
6481 4944 1961 1498 2831 3791 8419 5939 4408 4439 7200 7788 3741 3849 1730 4154 5491 3823 3183 5181 8212 2759 5147 5308 8537 2401 1691 5767 3672 3386
6093 4859 1695 1455 3284 3909 8564 5811 3794 4574 7094 7987 3484 3370 1990 4213 5488 3942 3632 4515 8360 3181 4812 5322 8214 2131 1639 5390 4059 3620
6180 4585 1765 1447 3415 3490 8408 6329 4039 4430 6689 8152 3445 3373 2051 4511 5828 4015 3584 4910 8527 2515 5035 5050 8587 2441 1635 5808 4230 3708
6320 5072 2019 1983 3213 3432 8104 6143 4202 4533 6542 8198 3585 3884 1719 4490 5341 4007 3660 4919 8305 2629 4688 5161 8355 2044 2021 5277 4205 3950
5990 4799 1677 1782 3225 4001 8643 5932 3972 5084 6938 7872 3467 3634 2058 4531 5778 4034 3270 4520 8291 3032 4798 4909 8263 1997 1718 5456 3780 3933
6460 4563 1998 1993 2816 4007 8200 6063 4130 4845 6801 7862 3418 3276 1881 4218 5207 3615 3077 4554 8066 2908 5072 5301 8711 1825 1607 5673 4197 3959
6476 4709 1512 1468 3411 3709 8133 5880 3903 5023 6598 7713 3507 3893 1812 4293 5520 4037 3159 5204 8426 2502 4948 5358 8555 1882 1775 5359 4213 3767
6403 4672 1838 1568 2947 3656 8033 6427 4246 4473 6832 7842 3890 3380 2057 4383 5464 3548 3620 4544 8144 3140 4687 4818 8640 2447 1931 5503 4150 3610
5916 5141 2094 1413 3166 3726 8232 5907 4399 4561 7152 7780 3607 3487 2369 4476 5737 3779 3343 4947 8657 3027 4902 4752 8591 1937 1878 5837 4155 3300
5835 4513 1512 1942 2885 4044 7963 6157 3828 4539 6626 7989 3451 3899 2024 4463 5581 3602 3658 5157 8541 2878 4855 5120 8196 2165 1765 5941 4212 3303
6490 5001 1598 1534 2883 4018 8359 5850 4399 5112 6977 8107 3784 3521 2254 4133 5129 3914 3306 4877 8326 2630 4763 4873 8420 1872 2141 5342 3562 3458
5931 4564 1772 1701 3092 3581 8646 6405 3768 4921 7045 8177 3365 3854 1902 4393 5799 3928 3252 4638 8493 2790 5104 5225 8136 1888 1528 5306 3603 3528
6343 4666 1519 1782 3047 3897 8496 6353 4398 4962 7218 8149 3507 3468 2072 4125 5522 3612 3175 4777 8442 3120 4881 4770 8788 1943 2018 5459 4233 3482
6379 4479 1928 1936 3023 3776 8325 6073 3896 4842 7060 8185 3430 3604 2266 4634 5626 3640 3202 4984 8319 2853 4744 4981 8367 2378 2042 5393 4061 3710
5993 4833 1659 1862 2960 3491 8204 6151 4255 4619 6804 8262 3788 3279 1771 4225 5416 4147 3708 4804 8616 2670 4996 5004 8759 2318 2054 5489 3949 3523
6017 4984 2093 1961 3003 3433 8246 5861 4297 5083 6720 8290 3433 3457 2016 4121 5239 4145 3371 4825 8579 2747 4952 4765 8233 2415 2056 5595 3823 3593
5865 4813 1863 1721 2774 3994 8547 6326 3757 4749 6651 7959 3436 3531 1792 4027 5796 3690 3261 4719 8343 2708 4846 5054 8567 2297 1586 5656 3887 3622
28 29 10 3 75890 1.0199135066106948
8 5 27 15 62175 0.9006350512022994
29 7 1 3 53796 0.9210626582985216
14 16 1 3 52569 1.0165834306136474
2 0 17 24 80346 0.9074427383619873
4 11 23 2 70680 0.9613690001537275
8 27 0 0 84756 0.9298050491132394
15 3 21 10 32755 1.089732155742265
28 18 6 1 73744 0.9757864157847428
9 7 26 6 48048 1.0194105337471175
11 28 16 8 53684 1.007131157811127
16 1 11 18 56363 1.0233785514900013
26 25 5 13 61974 1.030233648066061
0 2 23 27 81840 0.9937493265109564
26 24 7 11 66005 1.0818534750059383
10 24 8 12 35155 1.079878544420018
25 18 13 14 37306 1.0774706932906588
28 4 10 22 73781 1.0796240115948033
13 12 21 25 38240 0.9992447398144316
20 0 8 11 52324 1.0897264225940864
8 3 26 27 67514 1.0287109951278022
8 12 26 16 47630 1.08966141379633
12 13 20 28 43234 0.9783626843353093
18 22 6 5 53094 1.0335195705783067
22 18 0 24 66941 0.9907447995774321
9 6 13 23 51927 1.0761895326167175
22 11 16 26 43203 1.0442778311595178
22 6 17 23 49859 0.9021161784965774
11 15 26 0 54847 1.0631866861324095
9 5 22 8 42383 0.9910287049735673
17 15 17 5 21889 1.0576458998378877
0 1 19 10 54670 1.0051636838101599
17 3 10 29 58565 0.9252314794336178
28 3 19 21 44515 0.9004665674394601
2 26 27 10 83492 1.0769002034383102
29 19 15 18 46083 0.9433353050167945
12 23 27 21 49649 0.9055169336133891
6 11 17 14 32442 1.0031813110480627
27 15 4 6 82349 0.936803978261715
26 26 12 2 59962 1.0200090168594995
16 11 1 6 72785 0.9958209497902178
5 27 19 16 50661 0.9139343767338243
11 11 27 16 54782 0.9842795602543233
22 7 10 29 71167 1.0163561724944459
14 8 6 23 59770 0.9585847167282819
10 13 2 8 43885 1.0337195262588026
21 11 22 28 53707 0.9807970943576358
16 9 14 26 40854 0.9706808790691497
6 23 14 13 44073 0.9998972439614503
23 29 4 1 88655 0.9466557357137457
2 29 15 13 73927 0.9866309874232659
23 0 17 26 57031 1.072642224788888
22 11 5 6 70503 0.983672719518802
0 28 10 4 78734 1.0298661247357592
28 5 29 22 33773 0.9673155617973203
7 14 2 25 41657 0.9618104746725651
0 25 23 23 60916 0.9083958477657004
22 24 29 29 27693 1.0116080008851769
29 9 3 19 84594 1.05699699805809
27 1 18 24 52227 1.0777082667312696
20 29 24 18 44125 0.973812967818667
15 27 24 26 21997 1.0626459720670032
27 20 10 21 55027 0.9456145492518415
16 14 2 14 27329 1.0931847126346872
24 7 11 27 65704 0.9253271389659109
5 23 1 2 77590 0.9292503028836916
21 16 12 5 48265 0.9203043841412848
20 18 19 4 29007 0.9563715811198906
25 5 15 1 32244 0.9905652080129917
3 1 18 16 53756 0.9451851822931031
9 8 9 19 23739 1.068129432020117
5 15 14 6 48306 1.0741383146494794
10 25 29 27 39792 1.0045639918294598
29 3 23 21 48134 1.0521297451416765
20 9 4 22 71303 1.031096937564795
28 24 10 14 57861 0.9451448862406994
25 16 2 2 69493 1.0636821133182517
29 6 13 16 53374 0.9754678157646365
17 20 8 25 36030 0.9069850686434437
0 12 29 11 73206 1.0011919189520506
14 3 2 0 35209 0.954450757834975
4 22 26 19 77531 1.0446011309629577
9 25 29 10 63058 1.0927130035312946
10 5 21 1 31486 1.0102037672683075
23 8 24 29 66639 0.9480579277668152
10 9 21 28 63835 0.9827565189148264
16 5 23 10 43597 0.9151740148090433
28 26 26 15 32002 0.9292157689521695
8 27 26 4 69790 1.041598989178335
0 7 18 21 73921 1.0778413207831434
21 23 15 16 39888 1.0986622699158801
14 20 1 8 72952 0.9214968908412361
13 21 9 14 26771 0.9152250691374397
21 1 0 24 85234 1.0705094474146537
21 7 10 13 44570 1.0677841413920703
28 1 9 4 41574 0.9793344984699062
25 28 28 15 39973 0.9115148487466511
9 29 12 5 65507 1.074384024431906
21 22 13 4 50571 1.031847043645373
12 1 4 21 63636 0.948246470804516
4 23 19 18 56207 0.9142312757768324
9 20 16 4 50545 1.0344944380921335
26 18 5 16 66673 1.0274645739340773
1 4 20 8 49001 1.0222832675780629
4 19 18 3 65053 1.0258925996772503
26 14 21 25 38162 0.9707200577312997
7 10 19 20 50442 0.93071583864315
7 15 3 23 46790 0.9765422437896817
0 10 1 22 64006 0.9190408555218778
7 22 28 10 77835 0.9816769858578753
20 8 5 21 60770 1.0953350718070767
22 3 4 27 71802 0.9664406115592883
28 5 10 4 42876 1.0784994157060308
10 26 10 13 34342 1.0419853083106136
23 21 10 2 54285 0.9682476691100753
28 3 0 10 81647 0.9084285007680553
10 29 7 9 55891 1.0043664126587648
4 13 18 7 43890 0.9271835443692025
7 26 17 3 53977 1.041658378616873
27 1 3 19 92758 0.9668355821056054
26 21 20 28 39719 1.0698800744580312
24 18 15 28 47683 1.0522394910895758
17 4 10 24 52420 1.091463871423377
11 5 4 17 52774 0.9110935910355061
7 17 13 3 43495 0.97779185693402
16 29 7 12 56593 1.0514681932575418
20 10 2 21 72343 0.945305053628932
19 15 0 16 50799 0.9482256748783803
4 19 20 12 59728 1.0073364620125278
1 14 24 3 59075 0.9638408815536572
7 28 17 0 69234 0.9488803312372287
29 21 3 28 70016 0.986494714316283
18 3 25 26 45610 1.0836671342350879
4 2 25 25 71298 1.0638753137329209
7 25 21 10 62081 0.9515054128199534
2 27 0 15 64416 0.9464792944388125
8 28 27 25 42687 1.0510150760569987
15 25 23 8 50473 1.045616068400272
16 24 21 2 49635 0.9078217979787604
17 7 0 22 79139 1.0677012627721683
16 26 24 3 45525 0.9807968611078792
18 18 6 4 43760 0.9057786038737395
18 10 11 17 30894 1.072807565196983
15 14 27 9 44875 0.9930337330221491
28 8 18 12 39004 0.9883587703601381
4 21 26 7 88321 0.914253881164499
23 9 7 11 61799 0.9722801613764231
0 15 26 19 74640 1.0779328503703114
0 17 28 16 81974 0.971711224332402
22 5 9 27 61806 1.089642316770203
23 4 13 13 42892 1.0939211124395762
15 4 21 16 38289 0.9788732122077007
14 28 22 4 56230 1.0702906666233192
27 4 3 13 72560 1.0362507694851943
14 17 9 6 36294 1.027656360880538
12 14 24 25 38760 0.9649776671190443
28 18 1 26 68579 1.0608367475817297
5 13 22 6 63222 0.9884174476733523
9 3 26 19 65161 1.014169618802909
17 3 17 24 39972 1.095140534743337
26 12 0 23 87213 0.9281497753544455
18 25 10 2 46275 0.9337425042134975
12 29 4 17 56069 0.9021966284581494
16 28 13 21 33111 0.9453275505244783
18 5 3 9 58161 1.0160406117270573
12 25 25 23 36146 0.9577367128371053
29 28 17 11 53750 0.9368836743175077
21 19 11 24 42415 1.0014743060794427
15 0 1 7 59635 1.0466166256750977
15 24 23 28 33454 0.9770684616201705
4 9 28 3 67244 1.0639480967538224
28 16 12 3 57004 0.926494175665887
13 19 24 1 55846 1.0819579933714762
19 27 29 20 37012 1.099199233564549
14 27 11 10 56050 1.0773639055526838
18 13 8 16 25494 0.9340882383921572
16 11 21 26 40499 0.9285077255199403
21 5 16 11 34628 1.0608222954602853
3 4 0 25 83201 1.0319164232296603
3 11 13 25 64291 0.9829213692592151
12 18 9 4 41117 0.9934768695246817
9 12 3 22 44241 1.0333541687545427
8 9 14 14 23078 1.0821520984199215
3 29 28 10 95437 1.0959869905302952
8 10 29 29 71606 0.913806583182887
23 16 28 11 34816 1.067688132548104
14 21 11 3 47492 1.0819739863443565
23 22 2 23 72015 0.9749799026934886
3 3 13 3 16099 0.9848310940679128
7 2 9 18 38495 0.9126975680887105
25 2 13 27 58001 1.0212159743717415
8 24 21 13 49569 0.9232309464081179
29 14 1 22 84053 0.904436885333107
10 25 29 11 59765 0.9534689477545905
21 25 29 21 24165 1.0815671877067101
13 20 22 3 49446 1.0870229202937898
24 26 24 13 39381 1.0878698190560088
29 18 28 5 26064 0.9982715138691778
25 16 5 17 61981 1.0176882302469825
26 29 11 22 52711 0.9838448260810875
17 4 23 17 39212 1.0916881869281692
24 17 2 18 71209 0.9292174444629109
18 25 10 17 39487 0.9906221034751087
4 29 7 8 69863 0.9690173095170802
23 6 5 21 82344 0.9176555375282202
16 29 28 19 50029 0.9799127126191877
2 21 8 8 48509 1.0954789322409204
26 26 1 12 77534 0.971211175496843
15 22 2 10 77076 0.9441343068745183
19 8 11 0 32633 0.9931969519362024
22 24 26 17 41254 0.9005417737361984
26 28 4 7 96258 0.9037067379616006
13 2 12 22 55531 1.0001275498841191
15 20 10 29 40476 0.923369433397908
27 26 3 26 43803 0.9942082068018093
13 26 7 15 40970 0.9215606598041812
0 13 20 20 63021 1.0148275232177646
21 4 3 20 80484 0.9616052478861863
28 23 7 11 74787 0.9166717742883056
17 7 26 11 43831 1.0067718408522246
27 12 21 20 46936 1.018580061557299
27 3 5 21 75008 0.9992372824913386
13 0 29 28 76009 1.0401192334929814
3 9 24 4 67759 0.9055316099127252
15 25 14 14 28715 0.9409917947412165
21 26 25 3 49566 0.9353282144593981
15 27 9 22 25480 1.0581081491558297
27 5 10 5 44231 0.9035701924048327
25 21 1 18 80245 0.9789185400864193
11 24 24 15 49150 1.086121655460591
9 24 4 6 68505 0.9870126003617156
19 16 28 15 34334 1.0534487977632976
27 8 5 15 71183 0.9955066321220525
16 24 13 2 53345 0.9504435737574098
23 12 21 27 48062 0.9313821436076222
24 10 27 22 46488 1.0566314139191482
18 9 4 17 49611 0.9889440002823044
12 16 22 15 32237 1.0123131935435732
28 10 19 29 60741 1.0748290983178657
1 0 23 1 56974 1.0773430685923444
8 19 9 29 25608 1.0490164788099914
2 17 10 3 58226 0.909600458974737
13 14 6 24 42796 0.9260654544204644
1 20 19 29 63876 1.0174063989257736
26 27 26 12 43545 0.9408835059702281
27 15 12 1 56140 1.0454685020885683
29 19 24 10 30833 0.9774305467732111
0 11 29 26 87954 1.0818523511059102
18 3 2 6 45332 0.9368745415499196
2 18 23 5 81853 1.0605897501409247
9 18 29 19 57405 1.0972743468719826
11 14 24 15 28731 1.0124641319372574
0 6 15 4 43187 1.0523205483877764
16 20 7 12 50922 1.04891888093904
20 14 22 5 31517 0.9515778929560992
16 25 20 4 39458 0.9589158419020505
11 12 29 17 49285 0.9709241052966482
0 25 25 23 61006 0.986635942551481
27 6 21 13 49267 1.0453138245935492
20 29 13 13 41928 1.0293704863165638
5 24 24 12 68339 1.0305586077545403
6 6 15 4 29640 1.0396211702913503
14 8 10 15 29238 1.0596649651535681
14 17 3 4 59474 0.9798365184374762
20 8 1 24 73854 1.0921641805594204
2 1 28 7 68568 0.9735990302006455
10 26 5 11 53283 1.0048701487263445
5 0 1 11 73167 0.970363061348817
19 5 10 27 50446 1.096248840127743
15 3 19 10 22170 1.0438991015319907
10 4 9 23 45143 1.0379952604405802
10 27 28 29 47558 1.0269558887602916
0 2 6 27 79415 0.969272959806776
26 15 8 21 55867 0.9628689683440945
20 25 28 29 29720 1.0062058309119302
21 26 9 12 43930 0.95509059027282
13 13 26 11 41072 1.0887256645447965
24 25 29 16 27324 1.0134308882317573
19 10 1 1 53938 0.9017373250226283
22 18 17 3 36325 0.9249498740318577
18 24 1 8 75545 1.0930081143214807
28 17 1 25 75244 0.9619227989360605
27 23 2 15 81261 0.9777092469450306
1 12 10 7 46079 0.9183096109087414
18 4 7 1 25676 0.9172996275441001
26 15 11 29 61226 0.9795405934543026
21 14 21 2 28750 0.9822313565478701
1 5 23 0 62669 1.0111458161650266
16 12 13 4 32125 1.083999380675933
28 24 19 14 44367 1.025085659710836
27 26 22 3 55815 0.9043975034642312
1 15 9 0 52335 0.9138705320616956
24 18 11 19 47783 1.0961871283221298
17 13 18 0 21442 1.066461781704664
24 5 18 15 32846 0.9647212310325057
25 7 15 8 46237 1.037760014233975
6 20 8 29 28920 0.9211615490928364
25 25 14 15 39989 1.029860115169007
25 16 18 22 34161 0.9914113969498677
1 1 0 19 89073 0.9472615684515906
23 18 13 28 45860 1.0028477706343408
16 28 16 10 47617 1.085902643029992
7 23 14 28 28431 0.9408505947807317
27 23 12 8 76132 1.0672532718251917
17 2 8 24 57750 0.9009685709852867
23 18 21 3 42087 1.0557624556456977
11 0 4 20 74235 0.9137053273669625
13 6 2 8 53633 0.9321403620624111
13 0 1 22 85458 0.908196735628107
14 29 4 25 30587 0.9749297292048531
6 23 21 29 46609 0.9335949804495113
13 20 25 2 56095 0.9975907286922421
18 16 13 8 31063 0.9043951434084719
28 21 19 13 42829 1.0032653883869294
3 2 22 29 79014 1.059349234524517
29 26 6 13 64123 1.0431542459207623
17 13 13 5 33022 1.0126865136621768
10 5 1 24 72262 1.0635678618401785
7 24 21 25 33081 1.043324909586366
25 8 6 10 72645 1.062805755581695
21 20 1 14 55812 0.9475534693382605
24 27 17 9 42794 0.9856267009872476
5 10 15 1 54004 1.0632889419874139
11 24 27 6 81062 0.961097151859044
9 24 15 13 38484 0.9976681310871945
21 11 11 14 32437 0.980214625703741
7 25 25 24 45736 1.0345275478214788
21 27 29 20 29903 0.9270733125312351
15 4 17 28 47431 1.0142483637428883
0 25 15 26 31419 0.9647161498236404
12 18 22 14 33347 0.9973208660642121
20 0 16 21 47564 1.0054022846807174
22 6 12 11 54353 1.046666493051112
0 16 11 23 57244 0.9371476303393979
3 25 4 9 68500 1.0111409989468958
28 27 1 22 78586 1.0667237197433377
0 14 15 3 51230 1.0919107135736421
26 6 7 5 48844 0.9220493099378934
21 26 1 24 46523 0.9655643058469097
21 25 4 14 48182 0.9728267433251583
16 3 13 12 33896 0.9520218349370027
2 24 28 6 98729 1.0842413980890409
13 27 23 18 41495 0.9204602832554657
6 1 6 26 68405 1.0650016328182739
22 3 3 15 58775 0.9341927019474922
6 1 21 21 59542 1.06820726906119
5 14 22 6 57594 1.0101955923183876
10 11 15 20 43652 1.0697704986606364
15 11 24 22 47656 1.0191603069454063
27 18 1 6 96278 1.021720141294304
4 28 18 11 58270 0.9892585275808046
9 15 28 9 54642 0.9700099252114098
15 6 28 13 55959 0.9942935827025107
24 11 0 0 77229 0.9273675125518718
1 22 16 27 57545 1.0821698945765283
24 5 14 7 36011 0.9324605921878818
14 22 27 18 49165 1.0050997637713845
24 4 11 6 36035 0.967361708325706
22 2 16 24 51147 0.9477968966280158
20 10 2 23 80015 1.0260165037087363
19 29 23 18 37263 0.9730043327493967
6 28 5 3 71127 0.9541016438821472
9 12 1 7 47549 1.097210087915567
7 15 25 8 58860 1.0936431173732173
6 29 27 9 88011 0.9196943824322862
3 20 9 15 37597 1.0735910256123264
22 20 0 8 91811 0.9250917302263671
2 29 24 16 81088 0.97100613539635
19 10 3 18 59307 0.9773986603253155
20 12 27 29 55880 0.9951021671871637
2 5 15 2 35998 1.0817061384180884
25 25 1 5 84966 1.0886732257911507
7 8 24 11 58765 0.9557323887697053
3 8 25 16 77705 1.0978545883317343
9 1 22 16 54176 0.9330900138090757
8 6 16 13 40201 0.9595818309614152
2 25 21 16 60893 0.9085234154277673
26 18 20 0 63460 1.075704859957313
12 27 19 16 33962 0.9226833829446077
18 27 11 3 45739 1.0224581467239844
4 8 29 24 90323 0.9945136917237879
3 29 2 9 95508 1.0904917241917544
19 28 29 15 47492 1.0801006357242187
0 20 24 8 93338 0.9092293414367468
2 11 20 3 68911 1.0765658189027771
0 10 27 26 89489 0.9573909247240385
6 21 13 10 47614 0.9696645196576033
20 27 16 6 56421 0.9953684303664152
26 17 5 4 69238 1.0778809693794666
11 19 23 29 57187 0.966353177213497
1 13 23 19 67792 1.021788847899064
0 25 24 27 50770 1.0418790968011313
6 2 13 10 42220 1.0610969129423053
22 6 3 27 83377 0.9155118404188786
3 28 1 1 99562 1.0464304683525445
1 5 19 8 50903 1.030710272143793
18 18 25 10 36169 0.9193291015274498
11 4 25 19 63991 0.9645732810296161
23 13 8 20 50857 1.004129407541415
15 2 25 13 41530 1.0997654699801145
8 24 28 10 74569 1.038091516936317
0 21 24 11 79584 0.9880434125776036
3 20 21 24 62647 1.0624622257679393
23 19 16 7 50335 1.0531540586058354
13 7 6 0 37668 0.9082079891085623
14 4 23 10 48284 1.0103751440469058
6 14 4 27 48670 1.0630135377152476
6 0 19 10 46192 0.9646791078200334
6 17 23 26 57110 1.0752599785263033
20 5 25 14 34368 0.913952730217073
8 4 18 23 46660 0.9702178317659591
7 20 24 27 49904 0.9318988316111404
26 0 22 11 51929 1.0952003826241172
14 3 13 19 48725 0.9848080957505511
14 20 17 3 40990 1.075116070837217
12 6 9 24 54682 1.098871936233109
14 2 1 18 70858 1.0040801413749973
28 27 16 20 47755 0.9739392802865061
20 22 23 5 51817 0.9108872480593889
3 17 21 6 74559 0.9105107593845257
21 17 25 5 49843 1.0804283115699111
27 6 9 6 52541 0.9681004320132027
27 17 10 19 62737 0.9682587032612754
17 25 15 9 38670 1.0719237599394915
25 17 21 24 37908 0.9558693862633159
8 19 29 22 62076 0.9338922815037178
27 9 23 18 42065 0.9630863340461718
15 25 9 3 51694 0.9707863051233281
10 16 26 23 60345 1.0820135683199124
19 17 21 7 33388 1.0184753386560121
3 8 16 14 50121 0.9650602918489054
7 17 18 3 46419 0.9620438714934967
21 14 15 21 23780 1.0501174111157077
2 5 26 29 96560 1.0294145556701773
27 12 23 5 35274 1.0464747327744857
26 27 9 15 54592 1.067247785102972
11 1 17 11 36509 0.9036888957354635
26 1 5 6 55881 1.033012072095394
18 21 12 27 21703 1.0186981710992382
28 2 25 13 34369 0.9839551151275678
0 3 29 29 88593 1.0941329643953654
11 0 15 25 58428 0.9513063010655781
4 16 25 10 72973 0.9288619587115265
16 15 5 11 45712 0.9075400847256097
5 15 25 19 63654 0.9131979369813665
27 26 3 10 89394 1.046104848134533
4 3 27 28 81215 0.9893671338142418
9 25 2 5 70464 1.006419498642619
15 5 17 17 30946 0.949128572544213
7 1 15 26 61861 1.0429411462970768
6 10 17 7 54514 1.0862166509826974
4 7 19 3 48040 1.098852761325319
28 23 20 9 60678 1.006603193735054
6 12 28 16 62312 0.9358915149520303
28 28 26 3 52948 1.0561473981215017
18 28 25 0 59135 0.9433059904242567
8 4 27 18 69519 1.0299865756405406
1 14 16 22 53962 0.9534186174291898
1 20 11 14 47729 1.0014462438833813
1 11 7 23 59533 1.0863533317273586
3 3 18 21 49605 1.095713737342095
26 6 1 20 101758 1.076289559487975
4 29 20 17 60403 0.9431380873785831
13 13 26 14 30218 1.0875460749588406
29 5 29 23 31410 0.9346064529769255
23 18 0 7 86713 1.0881900812473047
5 10 24 2 62769 1.0387485808987755
19 4 16 23 39417 1.06054762078586
19 3 22 16 36638 1.055340550936066
13 28 12 14 44882 1.0510022805074564
26 6 20 24 67868 1.0579250101009514
17 14 4 26 43544 1.0512454162215608
16 22 6 15 47004 0.9910332144865195
24 5 6 3 34877 0.90759887153873
21 13 27 4 43355 1.0010625226940761
3 23 18 21 52143 1.0300935620564047
24 16 4 26 59786 0.9753617977933865
9 16 20 0 54355 1.0689076692921629
11 10 10 23 44405 1.0634553959304545
11 27 29 15 56150 1.0616325427528406
5 22 14 16 47876 1.0329859905891274
7 12 11 6 31267 0.9456343885764826
15 10 5 23 65494 1.0859631813258201
12 19 6 7 51365 1.0794620950544316
25 4 20 19 47893 1.084001493280434
5 1 24 16 64724 0.9079859580452977
7 13 25 18 52002 0.9534531883789333
3 28 19 23 51213 0.944893500448507
1 28 21 10 82366 0.9745494654302818
8 29 13 3 66237 0.9363842129818695
24 20 6 20 57764 0.9527792875646507
1 11 9 7 46480 0.9185681185313507
9 26 15 19 35598 0.96437023927883
27 25 13 18 46514 1.0620758591570094
2 16 9 2 52555 1.0793950129137155
6 2 21 5 35480 0.9831889254366901
28 11 6 26 73585 0.9223275470317162
25 24 27 10 57729 1.0367996998184124
26 0 5 22 88046 0.9877284275922295
3 1 26 9 70603 1.0288455110733628
14 21 23 10 51374 1.0999709295900448
14 18 22 24 38180 0.9492711352381495
11 20 19 7 48619 0.9763835855010093
22 7 3 7 79626 0.9478163747461065
18 17 17 3 21244 0.9021789055418565
24 3 25 21 51486 0.9720085874039234
22 12 5 13 47928 1.0012309686148397
28 17 8 5 68252 1.061936346532806
23 27 25 14 46764 1.088863414849674
26 26 3 7 92889 1.0831974880415745
26 23 16 28 36524 1.002144335442297
14 17 27 27 52713 0.9148333858363503
3 6 20 18 72143 1.0567277908823436
25 26 9 22 38229 1.0064661036937759
12 1 16 27 59640 0.9951523934327812
10 17 3 27 43272 1.0670924131740827
28 29 17 21 40671 1.028979219335236
25 17 22 9 37047 0.985106719616483
22 8 8 20 58802 1.0363457668072915
25 10 2 2 68056 0.9291843518839188
24 27 15 17 38984 1.0775206114096731
25 9 9 10 58282 1.020090874976208
15 8 20 24 48403 1.085605517950349
17 5 23 1 23383 0.9248564219089422
17 24 10 18 42453 0.993461417286448
22 12 22 23 48910 0.9983273482483743
21 7 24 14 34264 0.9953422319585924
8 12 16 7 46031 0.9616450424014911
28 27 4 25 54217 1.0012495860891644
4 19 6 8 51605 1.0359268707736893
10 28 27 11 72410 1.083639371812081
5 10 16 13 47645 0.9641333811005073
29 26 17 6 56934 1.0972529425960527
20 1 22 16 47359 1.0601116025018964
7 0 12 17 53219 0.9547941030068581
27 1 12 0 39582 0.9476316870108422
5 0 10 17 56073 1.0915747498525286
4 15 11 18 33654 1.0885881407660902
8 21 27 5 75731 1.0849277345882953
23 24 0 25 54537 0.9612883198024312
18 10 12 27 36735 0.985393015146523
25 14 0 9 75419 1.006741291082725
25 2 10 17 53260 0.9569072009970305
23 24 27 0 75088 1.0858054620964832
13 10 7 1 43624 0.9189701412157026
8 0 10 25 59959 0.9622046312930826
11 4 28 21 68339 1.0183115223498622
20 15 16 2 30570 1.0200770917843598
7 9 13 26 52758 1.089379537101976
29 12 7 20 65676 0.9731168811656793
27 10 9 12 59643 1.017899537741933
24 15 16 25 34125 1.084589036285002
26 17 19 24 47762 1.05141277683463
8 25 3 11 56356 1.010714862961254
4 26 18 1 60344 0.9748639067510995
23 23 10 3 65312 0.9215737630221486
21 16 28 8 38274 1.043696171655724
5 5 8 21 49438 0.9716467860642959
3 5 12 9 44693 1.0098146057553343
10 26 29 15 54131 1.0626856384223498
15 24 19 12 32670 0.9767561800701723
5 18 2 9 57624 1.0945436644627085
24 15 10 8 49680 1.024568816282204
16 17 3 13 46162 1.016708076186012
14 4 2 27 77767 0.9043063042674541
17 22 9 11 39369 0.9454122418177351
19 2 9 14 35824 0.9977120935102323
19 27 11 14 37231 1.072258309283431
2 4 15 16 63161 0.9466478634003513
13 26 23 27 24775 0.9403118910384427
0 7 6 1 37609 0.9183197866894972
21 9 29 0 46376 1.0299866998114338
22 11 29 24 46633 0.9974897274950794
17 28 12 15 38759 0.9156831365988519
11 28 19 7 52928 0.9286595969711502
24 18 16 4 44611 0.932819035083872
0 19 9 17 38820 0.9170067199519009
23 23 17 9 48246 0.9437656254009386
21 21 7 21 39875 0.9697110679189617
8 6 15 12 39166 0.9353050668850926
20 21 13 24 26436 0.97781155478796
18 10 28 27 48450 0.9846788815276841
14 17 26 23 50842 0.9124974311188508
29 15 18 1 42008 1.0381544777400213
15 5 7 18 56932 0.9271216351478357
26 12 1 14 57696 1.0364703599949368
14 10 3 9 55300 0.9560523774010081
6 9 18 6 45180 0.9312272153520634
0 25 15 22 43723 0.9223656294658774
5 27 25 22 58641 1.028222909108995
0 15 16 27 68167 0.9481516305143081
16 1 17 10 28785 0.9917787932378055
5 0 10 13 46858 0.9402664391532729
25 6 11 7 53895 1.0237429928826312
10 7 19 1 33683 0.9960524708364057
27 14 14 3 41605 1.0060124996507183
13 25 24 7 58569 1.0504705375416843
2 15 26 3 66489 0.9033661177441266
27 9 11 5 57821 0.9118473207496116
20 7 5 19 66826 1.0246032777633414
25 8 13 17 55248 1.0470616584976213
29 23 9 5 72622 0.9549379903773353
14 8 29 17 52884 0.9054268942664747
4 22 17 27 49671 0.9959328109077035
3 0 27 4 63222 0.9158463112618884
18 6 2 1 41057 0.9290342449370709
19 20 0 6 75781 1.0313007884107954
20 5 11 11 45492 1.090454294455243
29 28 6 18 68710 1.0471055623472472
7 6 25 12 65645 1.0620573604274774
15 20 19 2 41247 1.0523944942114127
0 1 14 16 62877 1.084060628175918
5 4 15 19 62175 1.0940669736967714
27 11 14 2 56041 1.0337874057930085
17 14 20 0 34532 0.9444403467789262
20 25 26 0 57223 1.03909229817917
11 19 27 16 61292 0.9149731810329675
22 5 1 20 88945 0.9829605554534216
2 12 22 25 67279 0.9108289998810235
6 22 25 26 48417 1.0005360899370679
1 17 18 10 57099 0.9902346694383241
5 23 26 2 83639 1.0064300504932777
17 24 7 4 59034 0.9824759535211768
15 23 0 11 74943 1.0923001580385354
17 21 6 29 42729 1.052006457403036
11 5 22 20 60882 0.960222567646174
19 5 8 22 54003 1.0376138053106143
5 5 29 16 71273 0.9449167518257868
23 21 3 6 83835 1.014314275449387
14 3 28 8 38447 1.0288514379424116
6 25 23 27 40428 0.9466441437808263
26 21 7 17 62459 1.0320741579121888
28 1 25 21 50551 1.0572901671165509
10 28 1 7 86234 0.9413433566531955
9 6 24 21 60698 0.9365213387158309
0 23 5 10 75384 0.9396070893692019
16 2 24 9 32789 0.9621751093090581
8 11 12 19 31752 0.92021936924023
16 21 7 9 50429 0.9523727906465362
10 2 16 6 30797 0.9284902371794634
1 9 10 20 64367 1.0096124763717813
9 26 13 18 32350 0.9029650579396198
19 22 13 6 50988 0.9385880712320963
5 25 2 0 85305 0.9452639058152144
7 1 13 11 47776 1.0896523023466351
20 15 28 20 44212 1.064948168921091
13 14 5 4 41565 0.9991481747071768
11 19 1 8 64640 0.9135852636902586
23 14 8 26 44828 0.9001958336171663
26 8 1 15 77368 1.0913767676231927
29 29 17 23 36757 1.0020206702923944
29 25 1 29 70148 0.9907194329868231
27 27 9 11 64637 1.0933669397178378
14 24 5 2 66850 0.9705899487967989
24 18 9 26 47936 0.9603775864368042
3 2 3 27 83072 1.0926577337938526
9 27 9 2 55477 1.0843631596700145
13 5 2 18 68430 1.0743739395455523
1 1 9 12 42395 1.0751925570278786
3 14 21 16 43941 1.0073444748471005
22 4 24 16 41439 0.9777937414057828
5 6 27 29 98960 1.0184947131833078
7 0 20 17 54481 1.0010452764984172
4 16 29 18 71028 1.069105226744431
5 28 25 19 68705 0.9679730925563986
16 13 11 21 37038 0.9726734611247856
3 2 24 16 62068 0.9253511692138342
26 19 11 7 74244 1.0552523438908323
18 25 24 17 34209 0.9414052675546405
23 14 17 29 35564 0.9399998447152935
25 5 8 26 69904 0.9756651430178633
13 18 3 23 51341 0.9676682241294922
18 6 26 16 35011 1.082079560860585
29 10 21 19 43446 0.9036671211947754
12 7 3 3 28858 0.9060648730582637
25 26 4 27 45873 1.0780003895739947
9 8 22 9 53021 1.005028733523403
11 7 12 29 68421 1.006564324976498
7 9 19 2 38434 1.0803432081782194
5 6 24 10 68618 0.9598087391450196
16 18 0 15 51193 1.0927889966266264
2 5 17 15 60120 0.9143832970074195
28 0 14 22 68983 0.9341332749981438
6 29 2 6 94164 0.9725028036963672
17 13 12 20 34595 0.907048999565786
15 0 8 10 41075 0.9206897260245603
12 28 15 2 57087 1.0963732533505408
28 22 0 21 84682 0.9361043236244657
16 6 13 24 57869 1.0759265273912515
15 4 7 29 68768 1.0904846232636798
2 0 11 18 67567 1.049411253814878
24 11 25 26 47444 0.91424992934826
20 9 7 27 56232 1.0761123386972051
15 13 29 21 46185 1.0820752989388893
26 8 4 2 57580 1.0426222484523895
15 27 24 4 56511 1.0567107203369235
25 29 11 6 79604 1.0298638628217474
6 3 24 3 28681 1.0426878270001898
11 4 20 27 59689 0.9860695140762172
3 25 21 26 36176 0.9852398716805872
3 16 7 24 46716 0.9941965317441784
25 20 11 7 76929 0.9623215971749444
27 20 16 19 44177 1.0190091864768969
3 25 17 18 45064 1.0796553110732576
2 3 22 6 48443 1.0841356577930326
0 27 5 19 46166 0.9301689929447932
17 18 4 1 57884 1.0558946104902422
16 4 22 13 33232 0.9618659879469483
18 17 13 3 27911 0.9128471812729541
29 1 9 2 36447 0.9195208235474498
10 28 4 24 29194 0.928099519427256
6 6 19 4 35490 0.9529595920377971
8 2 25 4 34724 0.9451154897793905
0 11 3 2 50221 0.9505416408410948
8 0 18 2 22625 1.05894300756183
3 23 25 23 69283 0.902875450952908
29 22 8 15 58777 0.9194513345939719
23 18 13 6 57289 1.0198190882343547
6 12 10 23 38171 1.0972199139724266
16 19 9 22 33180 0.9335174351129343
16 9 7 29 62548 0.9786188886766758
22 23 9 23 43394 1.09426087727153
17 6 4 24 72313 1.045093626279117
26 7 15 23 68479 0.9084825640462627
17 8 27 14 31349 0.9324124172321756
2 3 5 13 44514 1.0968036526656684
28 28 7 22 61582 1.0203231302367322
7 13 25 17 49029 1.03171250466614
1 18 16 19 58045 0.9541787361711312
1 4 17 0 44030 0.9731961392679672
28 5 12 28 75514 1.0629083558593864
7 8 19 1 40536 0.9429481933404286
9 11 7 29 47166 0.9041591078113396
10 5 19 14 37650 0.9265690475591034
25 1 9 9 46959 1.0865672477489108
22 22 24 14 32273 0.9100641425320938
23 26 11 3 53626 1.0313922845332528
16 15 12 0 44786 0.9007656390439838
9 5 7 23 48402 0.9625786889919546
17 4 7 0 31647 1.0426920027094493
19 7 4 26 57701 0.9919185371162886
24 10 17 15 29641 0.9425334749825938
12 20 4 8 59257 0.955968077767813
6 6 17 14 47883 1.0807196626323194
22 24 0 1 83399 1.0263769000326508
8 1 19 9 35186 1.0625893701640388
7 29 26 4 78372 1.0051354584141712
10 19 21 18 40914 0.9979107177560271
24 24 15 26 22155 0.9717961417401795
18 5 27 18 47030 0.9404519811733346
5 0 19 20 67891 1.0618575129920593
25 5 18 11 30882 0.9663529971552882
27 18 20 9 51256 1.0015176488312243
16 3 18 19 25915 1.0221899983394023
25 25 4 6 87123 0.9596310494760438
14 20 25 27 41343 0.9719011890030205
9 22 23 20 49062 0.9686040752674496
15 13 24 20 39980 1.0469851573185172
6 7 16 29 74833 0.9067972830869986
7 21 4 9 50630 0.9577403050451597
17 3 20 15 27693 0.9533023017550579
2 1 12 12 52680 0.9480690877722293
8 12 7 22 28390 1.0737385463575784
18 19 25 7 45611 0.9480624215136684
6 17 29 29 74033 0.9631574309319295
0 27 19 8 66060 1.077392998389194
27 8 14 27 66941 1.054615193818313
19 25 22 1 46727 0.9892007030240698
25 28 19 6 57744 0.9117735595724202
17 27 19 1 47121 0.9591887693224933
16 12 24 21 35976 0.9028542915028793
20 10 24 21 45429 0.9678538516388384
13 18 27 5 62041 1.0089173685230501
18 18 10 3 33833 1.0899410336962487
23 16 14 26 45386 0.9060716419646925
29 24 8 22 51850 1.0250693071163437
19 26 2 9 78185 1.03079104826429
20 12 1 27 63631 0.9521609786542613
2 16 18 28 63575 0.9752868602710555
6 21 29 0 80788 0.9080288980001318
2 11 5 20 58477 1.0190884590900575
18 28 14 7 48087 0.9288846594810597
13 4 21 11 40958 0.9573301545179599
0 28 15 28 45068 0.963845646758675
8 5 1 9 41974 0.9140351054954899
12 27 26 9 65274 0.9547281711350084
29 27 21 24 24528 0.9385504924769115
20 29 22 8 53534 1.0010536633130074
4 10 22 7 82430 0.9152559466412445
3 0 28 12 80182 1.0152914687364891
4 5 17 25 66881 0.9415256307190473
14 9 25 21 51989 1.0025580406755847
1 14 16 24 60699 0.9560055311829379
21 9 0 10 76956 0.9425517745365988
28 16 10 20 66079 0.9266500612208157
9 7 7 22 40099 0.9939339501278031
4 18 21 5 67063 1.048067406579229
8 17 24 19 54599 1.07146198284466
11 21 1 21 29095 0.9394026162446268
23 9 1 24 87964 1.057073920066328
22 4 1 10 81083 1.0225028464229853
12 18 11 6 45739 1.098331075350253
27 1 13 5 39779 1.0567973110323425
12 20 4 7 66978 1.0503175280070276
6 12 18 4 44515 1.0959445986036391
21 27 18 11 31382 0.9016726771581269
27 29 15 15 56554 0.9807560822508372
21 2 5 25 64965 0.9799623306859677
27 14 11 17 43362 0.9942900708368569
17 21 2 20 49328 1.0474850177004222
5 10 2 18 51950 0.9746628943904259
11 6 1 19 70930 1.0910720340000168
3 6 22 9 72038 1.0075709166849414
4 20 1 8 79376 0.9597940245741255
27 7 8 2 52972 1.023472813398867
27 12 17 24 50014 0.9896909317400467
27 5 19 22 55603 0.952397061759962
4 20 26 23 73867 0.9385639593801348
29 16 13 11 46830 1.0116853578105378
0 24 18 29 46154 1.007825916259356
12 16 20 24 45779 1.0086363252055977
21 14 2 1 58554 1.048247569418975
24 9 1 9 90246 0.9871479385828084
22 5 9 3 31802 1.099363334089447
2 11 5 21 56493 0.9995866066594362
12 10 21 4 43430 0.94226496214916
24 22 1 2 76290 0.9164714589884738
7 26 23 0 74834 0.9461923407119045
3 21 2 8 70541 1.0799202025483685
28 1 19 18 48384 0.923307551316587
3 9 12 22 64670 0.9074915871689667
7 1 21 20 62050 0.9788667041979606
19 19 10 25 30931 0.9293445007921739
15 19 15 9 39864 0.9953108019825303
17 20 28 21 37222 1.0501849803888463
24 2 22 21 47914 0.9930775014339305
7 7 12 28 64157 1.0533554637593103
7 3 21 23 59953 1.003057178038841
24 6 6 6 49170 1.0464253101613288
0 19 19 14 62443 1.0958782653331935
23 1 24 25 59220 1.025487369937088
28 27 21 18 47834 1.0722743937658623
17 29 11 9 58105 0.943551210049774
8 9 19 9 43053 0.915109179239758
29 29 13 24 42601 0.9874676321868823
18 10 10 20 40203 0.9635747789532788
18 23 19 3 28999 0.9807663731181144
23 12 21 28 52792 0.9285703284050157
0 29 28 3 96821 0.9927890083945128
23 8 14 9 40459 0.9965370744420992
24 3 11 5 28702 1.0846569926335263
24 19 8 28 53024 0.9567267052529822
29 8 9 11 55877 1.0087206164480114
17 5 9 2 24163 1.064728700520798
5 18 1 10 53412 1.0989599453307397
27 18 5 3 71274 1.0108490395738072
25 0 29 21 52209 1.0748760401406858
19 8 26 28 51199 0.9445652300711239
0 24 27 4 93796 0.9750701737702026
5 2 17 5 31799 1.0408750800391935
14 21 12 3 46088 1.0049664311527697
10 9 8 22 36322 1.0300020944109372
16 22 20 0 53037 0.9876509247140833
17 3 1 25 68916 1.075561097646694
8 5 24 3 31428 0.9124738727515814
26 25 0 27 54837 0.904481332791969
1 19 27 28 87045 1.0606086294760153
16 7 16 18 33179 0.9012035981653195
4 24 11 29 34951 1.0387053590618558
23 27 20 7 55321 1.011109539908353
29 17 12 16 46221 1.002142983832197
1 18 25 0 93187 1.0183827824244283
3 7 9 27 73277 1.064926117695331
6 27 8 18 26996 1.0289715001719748
21 4 10 1 27416 1.0102400558023057
26 23 21 11 54763 1.0108005544043217
20 25 15 3 41100 1.0058721802892485
9 23 20 27 34543 1.0315346075986938
27 21 15 13 45545 1.006025385224206
1 11 18 18 56031 1.0887264746839487
25 24 17 9 49636 1.0844668104577777
24 13 4 7 72954 0.9849522043115713
23 8 1 24 86480 0.9685484936544296
12 12 26 28 56970 0.9184949809812533
21 10 10 18 51417 0.9368605889368178
2 16 29 18 73278 0.9701971383047101
21 3 6 10 48757 0.9782076801782046
25 9 11 28 69068 1.0944877620220734
14 21 6 27 33918 1.011937119875088
17 2 19 21 30541 1.0797760521713111
22 3 5 16 58128 0.9642927948338157
5 3 26 2 35852 1.070731470845645
27 28 20 19 46034 0.9064519708737102
26 25 8 26 35684 1.036868532986466
11 23 17 7 52389 0.9363857652954518
17 0 4 26 67895 0.9062463975576004
11 11 28 3 58505 1.020867465896171
20 2 1 29 84952 0.9742288224143295
0 20 27 17 94853 0.9259249176290427
24 20 11 11 54632 1.0926189095045036
24 12 3 25 65011 0.9667347295370201
3 9 13 3 46141 1.0842510276979636
7 27 12 14 40561 1.0401814603892139
7 5 20 25 59598 0.9244853205668202
16 22 1 11 71738 0.9937157395164723
20 21 27 14 33142 0.9031485999866765
21 14 28 17 25301 1.0924459565683737
15 17 7 14 26545 0.9054937471152528
11 7 14 28 66802 0.9805826637147204
16 4 25 25 49453 0.9387681979063989
15 29 8 16 48452 0.9606541815154614
19 0 10 2 23247 0.9848820557367611
16 18 20 0 43677 1.043880153183537
14 21 8 26 26449 1.0936101056469059
28 1 16 23 62414 1.0786481737124152
11 15 5 21 32866 1.0570541603978312
21 10 7 9 59129 0.9407335872142686
21 4 14 14 31371 0.9852389324005857
12 8 28 19 68259 0.9067790693872809
25 1 25 27 69661 1.0251646866007813
20 0 5 9 61778 1.0668992701051898
29 15 6 8 66111 0.9223200814659799
8 13 16 21 36410 1.0957443376255451
14 29 2 22 52912 1.0963433814178607
18 5 10 28 50104 1.0918503336885406
20 29 1 0 87687 0.9881020041394293
17 13 11 24 38869 0.9233052559587257
11 7 29 9 55486 1.0173241032528737
7 6 18 15 44944 1.058208091670226
13 19 1 25 46060 1.0840569038540013
3 18 17 23 60895 1.0333433938432395
28 24 1 0 101776 0.9279570440018373
0 9 13 9 62322 0.9082420017284438
0 17 11 19 47598 1.0439135913441666
29 13 3 21 73787 1.0868444813625475
7 2 8 26 59296 0.988053109358199
8 3 13 20 55458 0.9152301119758542
25 25 13 15 43212 1.075211994416029
29 27 11 26 34482 1.0674888465480896
6 11 12 1 43434 1.0061758838314805
9 19 22 24 47170 0.9498301953764365
6 11 26 1 66404 1.064650757701309
24 8 28 0 35979 0.9091070922496183
4 13 18 1 52413 0.9896561341916917
7 21 27 28 58478 0.9896869663590522
12 6 15 26 58901 1.0849656642291194
25 26 11 28 33225 0.9805858387253271
3 1 29 18 80105 1.0391293442052463
12 29 3 16 66883 1.079269279343241
12 23 28 25 41377 1.073570645647527
29 27 16 7 61433 0.9950161450799322
22 6 27 29 78232 0.9133386060758779
16 3 25 5 23494 0.9201057881167607
14 23 1 26 32568 0.9795972979936569
5 1 1 14 55220 1.0126694652540116
4 2 0 16 62422 0.9793651090288565
10 17 9 4 32754 1.0822337967973292
9 26 3 17 43769 0.9666531649669902
16 21 21 9 36213 1.0658903106979316
0 1 9 23 67709 1.0556624356815592
17 0 6 3 29414 1.0423311479388007
0 20 24 4 92215 1.001894707998212
6 18 11 26 32192 1.0970168656898063
5 8 20 28 73922 1.0780306846879721
5 24 22 5 77642 1.0703582047217008
4 5 28 19 85070 0.9016922305012963
15 9 0 2 49918 0.9186158164800328
25 5 26 22 54133 0.9529152356130182
5 22 21 5 73896 0.9281056525215835
29 26 29 8 31079 0.9725698271639773
0 29 10 18 53749 0.9286138983127836
12 25 0 18 53339 0.9068736699828807
5 11 0 2 53208 0.9084419326033294
11 7 29 17 67620 0.9114354782132947
19 24 14 7 50195 0.9080367445393859
13 19 17 13 30529 1.0300941640755867
25 16 14 15 34360 0.9628093104853394
27 4 6 4 43291 1.0491562797039886
2 12 11 23 55597 0.9918508569182092
25 11 14 11 46246 0.9624017354778777
8 22 2 0 72028 0.9368195190602235
11 17 2 2 53583 1.021909488070399
6 8 28 4 60507 0.9133573780272789
15 8 26 17 48318 0.9326560706292972
22 23 14 25 28159 0.972139845383829
3 24 26 10 84777 1.0715187924005583
7 26 7 4 58268 0.9993170489693861
3 4 21 7 54079 0.9562454895326338
10 16 1 7 58706 1.0024114627869647
27 5 22 11 43791 1.072602207696991
2 15 26 20 72509 0.9420624494375358
18 23 12 17 30797 1.0481512470994359
3 24 15 21 45311 1.0365733653828322
6 9 24 9 67571 1.0583407554421236
29 1 17 2 22844 0.9894092908456822
14 27 6 5 69369 0.9116231370234168
8 16 23 9 54839 1.0541869389222867
27 0 13 1 39949 0.9058155498610517
19 6 12 20 49105 1.0731960433648724
16 24 24 0 60073 1.0909207086120662
