2175 2845 2684 1823 1242 1489 2245 1233 1649 2364 1992 1963 2190 2597 1784 2083 2040 2185 1993 1437 2894 2641 1982 1413 1978 1351 2568 2065 2839
3920 3053 3683 3380 3830 3345 3684 3867 2918 3264 3627 2777 2563 3298 3875 3743 4226 3400 4003 3835 2747 3520 2881 3488 3862 3967 3197 2950 2814
5483 4221 4276 4844 3835 4519 4476 5084 4322 4999 4825 4087 4359 4697 3893 5068 4900 3802 5146 3885 4644 4315 4091 3882 4165 4001 3893 4145 5309
6821 6371 7407 6059 7315 7222 6143 6029 6250 5806 7260 6751 6415 6057 6326 7414 7289 6524 6901 7315 6787 7414 7177 5962 7218 6181 6802 7332 6640
5755 4975 5604 5576 6155 5855 6518 6413 5721 5145 5384 5841 5432 6122 5087 5896 5249 5837 5597 5512 5038 5453 5744 6070 5067 5014 6134 6625 6538
1874 3276 3331 3128 2856 2739 3321 3210 3062 3223 2904 1962 2246 3259 2078 2004 2554 1742 2003 1807 2747 2133 3237 2429 2460 2833 2738 2134 2785
5121 3861 3614 4034 4905 4636 4023 3894 4955 4730 4790 3850 4734 4593 3709 4455 4969 3996 3966 3968 5116 4150 4497 4862 4335 4868 4344 4540 4145
3155 3458 3589 2685 3096 3909 2591 3431 3081 2783 3652 2794 3524 3809 3765 2662 2654 3129 3301 3425 3585 2672 3961 3361 3679 3015 2778 4023 3829
6847 6050 6056 6381 7654 6597 6376 7369 6134 7048 7688 6840 7082 7684 6796 7348 6282 7162 6370 6677 7145 6681 6143 7103 6747 6987 6966 6082 6476
7444 6779 7822 6752 7684 6989 6811 7201 7096 6309 7617 6327 6711 6681 7618 7434 6815 6470 6368 6132 6360 6489 6591 6637 7584 6690 7702 6869 7286
2385 3146 2971 3197 3996 2499 2374 3078 3190 2946 3204 2729 3303 3191 3656 2330 3914 2650 2405 2354 4044 2504 2815 2553 3275 2409 3798 2355 2590
5614 4643 4409 4061 4758 5635 4710 4681 4361 5251 5479 4033 4726 5028 4495 4206 4724 5533 4101 5330 4989 4132 4656 4932 4164 4622 5423 5659 5279
5888 5919 4794 5343 4954 4452 5685 6017 5316 4588 5447 5684 5695 5481 5595 4572 5261 5161 5922 5605 4477 5560 5612 5229 4850 4572 4877 5705 5321
4683 4139 5248 5482 5397 4444 5169 5226 5463 4264 5395 4834 4114 4256 5318 4653 5368 4995 4549 4562 4417 4678 4446 4823 4276 5271 5394 5267 4298
5210 6496 5702 5361 5959 5412 6215 6567 6111 6259 5028 5339 6136 5238 6591 6642 5036 6229 5045 5921 5256 5484 5020 6130 5202 5753 5153 5021 5023
5067 5953 5670 5616 6120 5812 5784 4662 6136 5808 5089 5622 6031 6152 5887 5484 5107 4585 6130 4600 5012 5739 6108 4597 6103 5434 5050 6157 5180
4606 4408 3733 3645 3799 3271 4435 4657 3866 4308 4247 4333 3457 3504 4384 4722 4527 4657 4742 3524 3565 3957 4297 3687 3834 3882 3492 3758 4546
5477 6524 6339 6340 5777 6158 4992 6545 4964 5023 5022 6259 5383 5861 5036 4840 6383 5850 5409 6326 5980 6254 6180 6086 5483 4947 6455 5492 5368
3738 4905 4640 4759 3423 4505 4253 4338 3676 4333 4074 3777 3574 3822 4478 3363 3899 3423 4704 4937 4070 3882 4131 3944 4301 3754 4463 4057 4839
5474 6569 6548 6057 6499 5698 5707 6443 6201 5628 6496 5814 5342 5715 6423 5623 6833 6584 6250 5475 5300 5722 6087 5848 5436 5546 5283 5903 6255
2858 1364 2837 2124 1937 1885 1684 1840 2085 2449 2590 1720 2471 1863 2457 2476 1337 1846 2438 1976 2308 3041 1454 1889 2623 2208 2736 2203 1589
3961 3441 4283 3680 3542 3584 3836 4572 2893 2901 4515 4162 2952 3739 4367 4068 4020 3138 4534 3475 3057 3998 3274 4545 4433 2882 3086 4452 4513
6075 6201 5254 5369 6237 5608 4935 6255 5861 5788 4916 6587 5476 5746 6454 5803 5383 6487 5695 6065 6451 5643 6464 6347 6118 6419 6346 5092 5855
6699 6641 6510 5893 7051 7096 7373 6348 5748 7421 6103 7328 7114 7285 6133 6160 6635 6289 7301 6785 6939 6666 6989 6755 6538 6672 7386 7320 7294
7039 6973 6313 6827 7715 6830 6940 6585 6766 6295 6235 7700 7101 6408 7318 6192 7064 6756 6558 6285 6755 7728 6306 7820 7372 7783 7327 6616 7815
4025 3817 3095 4491 3996 3833 4368 3210 3158 3678 3201 4617 4052 3791 4224 4247 4141 4611 4689 3908 4100 4198 3205 3644 3470 3596 4382 3242 3942
3008 2629 2493 2003 2161 1856 1421 2271 1456 2107 1475 2752 2689 1659 1990 1372 2194 1780 1390 1464 2020 1552 2629 2757 2117 1558 1775 1805 1886
7828 6832 6248 6297 6396 7403 7418 7378 6740 7216 7046 6551 7758 7635 6391 6317 7257 7775 6695 7800 7671 6435 6683 7584 7248 6492 7624 6818 7531
5229 4886 4294 5263 4677 4940 4447 5598 5402 4765 5520 4744 4772 5617 5729 4444 4655 4964 5785 5187 4132 4189 4625 4580 4346 4958 5387 5612 4613
5296 4605 5881 5873 4652 4492 5498 4964 4464 5717 5505 5916 5020 5620 4441 4672 4742 5283 4481 5590 4510 5921 4406 5583 4985 5816 5638 5993 4643
4462 7477 5794 2320 6069 4518 7973 8197 5931 4996 5876 5988 7689 3672 3623 6352 1321 5911 6104 3993 3801 3952 5998 7470 7212 2327 6453 3443 4009 5738
3691 6454 5999 2154 6062 5355 8318 8735 6408 4436 5944 5593 7523 2583 4119 5644 1990 5744 7340 4792 4115 2813 5621 6787 8056 2895 6905 2986 3519 6396
3545 6945 4659 3227 6139 4765 8175 8823 6742 5104 7206 6040 7196 3379 3803 6806 2521 5125 7079 3770 3821 3131 6056 7607 7983 2382 6660 4346 3441 5092
3814 7300 5811 2192 5371 5397 8330 8375 6415 5173 7101 6957 8265 3381 4495 5109 1393 6047 7374 3776 5277 3467 5682 6848 8072 3464 6314 4284 2828 6350
3299 6445 4572 3220 6332 5182 7571 7680 6391 5690 6023 6678 6968 2648 3861 6024 1148 5106 7343 5106 4038 3382 6721 6309 8590 1847 6790 2856 3376 6453
4849 7264 6165 2862 6367 3988 7800 8957 7089 4867 5812 6537 8410 2740 3923 5192 1362 5870 7008 3978 4750 3091 6149 7090 7530 2524 6867 3170 3063 5192
4396 7742 4560 3228 6275 5332 8482 8205 5755 5983 5883 5866 7970 3923 4275 5336 2331 5154 6587 4570 3599 3406 5673 7120 8846 3229 6604 2893 3553 5305
4500 6650 5056 2327 6116 5330 8713 7264 7212 4706 7053 5895 7521 3354 3886 6133 1175 5427 6771 4442 4991 2856 6391 6439 8332 2570 5794 3599 3196 5371
4930 7757 4940 1969 5489 4004 8263 7992 5950 6123 6701 6249 6812 3194 4754 6540 1263 5498 6265 3996 3577 3052 6597 7060 7424 2564 5912 3785 4265 6145
3790 6616 5443 1806 5931 4401 7245 8200 6565 4944 7216 6078 7410 2801 3751 5197 1413 5094 6483 4222 4838 3930 6221 6590 8851 2687 6951 4052 4156 6326
4682 7594 5003 1853 4880 4378 8039 8004 7050 5420 6649 6362 6754 2790 4526 5642 1258 5991 7262 4333 3581 3169 7197 7296 8713 1934 6186 4134 4354 4997
3767 7132 4797 2071 5200 4971 7162 8472 7178 5250 6093 6165 7494 3935 3233 6680 1708 6476 6734 4685 3779 3003 5508 7325 8417 3122 6657 4486 2980 4956
4026 6310 4879 2738 4951 5489 8129 7365 5956 5941 6794 5645 7557 4057 3585 5391 1875 6480 7546 4479 4043 3165 6773 6365 7549 3368 5637 2850 4287 6613
3781 7133 5223 3437 6418 5093 7727 8774 6373 5516 6534 5863 7528 3639 3615 6437 1573 6388 7701 4472 3657 3915 5510 7601 7220 1763 6428 2905 2898 5122
4537 7471 5051 3448 5292 5396 7276 8236 7030 4845 6954 6862 6936 3993 4417 6342 1735 5275 6688 4603 3843 3872 6590 7505 8789 3159 6557 3858 3176 6448
4387 6865 4856 2958 5376 5426 7532 7856 6590 6118 6182 6483 6803 3395 4489 5836 1095 6633 6278 4420 4658 4334 5941 6492 8516 2198 6700 3026 3129 5720
4263 7527 4910 2795 5936 5022 8426 7720 5977 5686 6400 6486 7943 3756 3421 6502 2194 4968 7616 4454 4127 2695 5679 6612 8615 2554 5678 3935 3847 6332
3412 7765 4701 1991 5532 5263 8651 8910 6706 5103 6489 6426 6853 3715 4576 5850 1775 5346 6427 4658 4630 4177 6259 7368 7629 3002 6429 3260 3393 5217
4373 7076 5807 3456 4986 5104 8249 8295 6662 5571 5718 5810 7548 2584 3501 5734 1881 5198 7323 4252 4699 3249 5714 7032 7873 2561 5552 4134 3004 6482
4032 6683 5466 2147 4871 4670 8001 8239 6470 6027 7157 6700 7000 3646 3555 6479 2585 5084 6911 4696 4853 3372 6949 6313 8363 2281 6001 4480 3043 6435
3571 6685 5888 3113 4824 4859 7530 7507 7238 6075 6045 5614 8117 3324 3350 6818 2322 5274 6243 4371 4117 3186 5875 7138 7839 2038 5523 3527 3945 5974
4318 7404 5349 3375 5887 4894 7857 7886 6399 5969 6797 6226 8197 3756 4153 5515 1556 4994 6260 4603 4191 3278 6983 6516 7431 2360 5830 4029 4284 5780
3608 6506 4632 1755 6359 4298 8488 8014 6160 5722 5735 7129 8212 3632 4402 5269 1149 6672 6421 3556 5194 3033 6225 7578 7592 3069 5686 3719 3387 6141
4035 7752 5767 1763 5111 5515 8124 7511 7351 5194 6265 6468 7318 2616 3277 6289 1210 6419 7519 4396 4913 3534 5626 7514 7855 3318 6573 3857 3693 5590
4091 7766 6048 2935 5322 4437 7480 7867 7292 5903 6157 6459 7961 2538 4344 6066 1093 5860 7578 4279 4166 4092 5921 6615 7840 1964 6108 3087 3047 5237
3391 7332 5022 1998 6331 4966 7646 8069 5872 5174 5792 5873 7085 2936 4450 5279 2248 6183 6985 4342 4075 3674 5925 6272 8789 2420 5701 4182 2784 6510
4205 6483 6180 2054 5723 4140 7486 7423 6262 5119 6338 6275 7238 3993 3894 6237 1691 5730 7367 4551 4270 3450 5990 6435 7634 2828 5955 3367 3204 5273
3791 6233 5032 1948 6436 5122 7269 8133 6983 4503 6601 5580 7076 3717 3954 5401 2456 6158 7615 4229 3775 3112 7188 7360 7508 3002 6112 3160 3882 6191
3354 7536 5914 2364 5506 4258 8093 7991 7153 5477 7188 5916 7712 3986 3407 5461 2332 6531 7451 3702 5114 3893 5535 6879 7331 3050 5926 2944 3063 5342
29 5 0 11 88359 0.9481284803884411
28 10 9 18 65180 1.074686444097662
4 0 21 7 66003 0.9668589227620085
27 27 20 15 36657 1.0175500059117917
23 17 28 6 45133 0.974240150485156
6 12 24 10 73502 0.9277119960844143
27 4 15 29 86165 1.0025650911042894
4 1 28 14 94881 0.9772174894906075
3 11 24 23 85901 0.936101398764216
26 23 17 1 70645 1.0833264635697881
27 8 0 11 75553 0.9785922177836228
15 8 2 2 66648 1.0883353123011055
10 10 29 16 52149 0.9435903510574243
0 26 26 29 75975 1.0677361168147852
21 14 26 24 31477 0.9896044443744294
27 8 1 4 84172 1.0537934366878543
9 10 4 3 43908 1.0972488662343198
2 13 21 12 55044 0.9015065669015626
2 11 25 16 57748 0.9491278704223082
16 4 22 0 28982 1.0250425774801581
25 10 13 24 68013 1.06192905855744
14 25 22 5 67940 0.916274040611727
23 11 13 19 57706 1.092980710134102
4 21 6 0 63557 0.9260604360077315
1 18 0 1 39130 0.9401577082354594
6 14 5 2 39164 1.0653966767148857
27 29 19 5 67968 0.9842362578436319
5 2 15 15 60500 1.0081963790017976
21 28 5 15 57231 1.098396851108572
5 1 16 1 43445 0.9837529996128258
15 29 26 4 80442 0.9280819585092209
28 29 5 24 73982 1.0577022369748919
8 13 20 3 60432 0.9642084373150033
6 27 29 24 71483 1.0796243425965428
10 18 21 26 48075 0.9108936688503758
17 11 22 23 53682 0.910349285511198
28 28 3 5 105515 1.0029041637371336
25 22 5 3 87118 1.0468820938564356
5 13 26 24 57928 1.010263954063947
27 0 6 29 108373 0.9366714457739606
0 0 16 16 57519 0.9162558932900966
27 6 8 3 59114 0.9709040926461736
9 12 24 16 42605 0.9828634223451959
6 11 19 14 50185 1.0461107784568233
9 1 21 25 88158 1.034459343544393
3 29 6 15 47478 1.0063724026469338
12 22 0 25 47236 0.9365962108723609
16 25 19 18 33038 0.9450594033500895
6 2 24 5 63465 0.9364626710762509
13 15 26 24 42855 0.9388143447271323
7 3 0 7 26002 0.9864999473331092
22 22 5 0 91708 0.9561256342204001
25 2 24 20 45374 1.0553520860596834
20 13 12 29 64953 1.0984070977275753
25 17 6 6 71763 0.9294295256882079
1 1 17 28 102805 1.0161403150563832
20 16 11 22 40347 0.9020875997982897
23 27 10 28 47589 1.056013254505312
28 5 25 28 56135 1.007828394445322
8 8 2 28 75437 1.0299933186352905
6 2 19 9 57420 1.0604746793572226
6 28 1 22 31587 0.914704600191642
14 24 23 7 83227 1.027867936849237
2 6 18 28 101683 0.9824598019032653
24 29 28 8 63749 1.0557311387524693
29 2 15 10 71618 1.0390865762451156
14 13 20 23 42285 1.0670778954163151
18 27 26 20 39303 0.9692221350110264
18 27 24 2 75871 1.0294236951209663
16 4 19 23 62328 0.9542380277129722
26 16 6 15 37894 1.0010319708983255
29 6 29 28 72250 0.9027791913877975
19 3 23 20 50827 1.076452276692111
16 19 17 6 64116 1.0390371266179776
22 29 3 21 77114 1.0369181547595538
17 11 7 9 58187 1.0179737167537493
9 6 24 2 60150 0.9868154733389394
11 17 26 19 36087 1.079717082844131
27 0 7 9 79063 1.0204275139576435
2 10 23 2 90817 1.0753722445776046
5 22 24 16 44446 0.9649269576279977
27 28 21 14 41936 1.0500275708769253
9 0 17 3 31592 1.04976692787068
23 28 4 3 102110 1.0929382305345374
10 0 28 23 96779 1.0326066874841062
4 13 29 7 83361 1.0684677217668568
12 25 12 12 53167 1.0960180474431302
20 4 19 18 35551 1.0958631069403353
2 3 3 27 62385 0.9198698904866287
19 1 26 14 47673 1.00600069906297
13 23 20 19 39022 0.9064980178261209
7 5 0 20 55356 0.9533918391670027
6 28 4 1 80750 0.9461409880696167
25 19 13 2 72345 0.9258718214704719
24 15 20 25 31341 0.9176009944312133
28 20 1 14 64344 1.0708306545933393
14 17 2 19 37904 0.9898369784802081
17 7 0 23 85531 0.9312375532656105
14 27 20 4 69025 0.9017345628331562
3 13 25 22 64496 0.941117132561406
10 21 4 0 70683 1.053021989988419
24 18 13 15 37548 1.0508023762163134
20 19 11 28 50195 0.9068257363450042
11 4 16 23 79889 0.9475240694322997
16 2 16 12 40294 1.042968060611488
26 14 11 26 60482 1.0735620287152914
22 24 18 7 65009 1.0498425018006645
24 12 4 4 89096 0.9009414085634886
26 19 10 23 53307 1.004802280545111
19 0 21 18 48098 1.0359139626843334
28 17 1 12 64134 1.09429234324789
2 0 24 26 111587 1.0746948802252714
21 26 25 2 63715 0.987325846493846
3 17 25 23 63932 1.0225195019238988
22 11 2 5 84838 0.9874915916410509
17 1 10 20 77040 1.030549686552816
20 7 7 7 52907 0.9208288853874659
7 1 11 24 84632 1.053418892419727
8 13 12 29 62791 0.9573652193268597
19 29 7 26 51949 1.0897791763372167
29 4 1 14 86922 0.9151482003016478
1 8 5 18 35222 1.0024687193975224
16 13 15 28 62972 0.933637199719165
2 26 28 15 76198 0.951033333606873
19 27 24 12 55510 0.9744686488383568
28 18 18 9 50968 0.9023619362146852
16 17 16 2 54665 1.018250501791648
26 13 29 25 31804 0.9033550012210937
19 3 22 26 59390 0.9430010740536858
16 21 28 27 47529 1.0924869106452246
29 7 20 16 48149 0.9855845340386332
15 2 5 14 63319 0.9087296061240204
23 5 9 15 62777 1.0768649526493486
16 14 28 20 41992 0.9661222206847033
19 18 1 21 57893 1.0155713369537747
8 27 26 10 79752 0.9059861057010948
3 23 23 4 96320 1.0589721982638356
19 29 22 8 65476 0.9521944617427112
16 13 25 4 51918 1.0596801248083842
0 24 6 0 67682 0.944832956748118
25 1 20 16 43700 1.0738400658506504
8 3 15 28 96239 1.0285912957061232
14 27 5 24 36294 1.0665281628771317
2 8 25 0 94361 1.0420435542009912
29 29 29 3 69411 0.9909869749328293
23 17 28 5 41496 0.9845269740696814
10 21 7 10 39424 1.0043171585339241
13 12 6 20 43141 0.96227940545138
11 28 9 0 91415 1.0058485123137209
23 0 23 23 78289 0.9460722885044561
3 18 29 10 83219 0.9216512619331318
29 25 19 21 36428 1.0842518423334813
6 26 27 3 90571 1.0028570507890753
18 11 10 5 59954 1.060533301963559
0 12 20 24 58539 1.0637099751207928
28 24 12 2 93002 1.0729051647110357
13 18 22 25 46511 0.9153355397846495
3 17 22 3 69122 1.0413210094821972
10 29 21 18 59066 1.0642592631897343
7 15 1 24 38525 0.9828084050598453
24 4 2 29 113408 1.008462480927225
18 0 11 17 64190 1.0228665727175412
24 1 8 28 112049 0.9092333482227265
9 2 19 10 56469 1.0447626484894232
13 29 9 0 102980 0.9726002098265676
2 1 8 26 81672 1.0939733475569027
22 19 16 29 47245 0.9774899982080194
5 25 26 7 73684 0.9890532356837606
25 11 9 12 62281 0.9220971321509172
14 29 10 7 82245 0.9009602322666111
1 18 9 2 64922 1.0612076074767594
5 18 7 4 46720 0.9852788364452398
2 29 6 22 36934 1.0934571279764727
3 8 25 15 70344 1.086138982975741
20 26 13 1 78320 0.9158280406535957
25 6 0 8 85492 0.9671351905542649
5 4 14 18 58087 1.0418526703394293
19 25 13 6 82723 0.905866008813735
17 18 9 9 49974 1.0242149485045076
9 16 27 11 45407 0.963064896199326
27 6 14 15 54163 0.9143010354340021
15 23 24 11 70516 0.9691079108912235
10 1 18 20 75986 1.0296139313514676
7 8 27 18 68519 1.039012945104007
18 11 9 29 76219 0.9392167065343248
1 25 22 1 100010 0.913704880349047
14 9 7 27 82602 1.057661441634641
7 8 13 25 64859 1.0743868248080968
24 1 13 17 69079 0.989491621218819
27 6 8 12 76189 1.0526052210947456
22 14 5 6 64928 0.9322809144311879
25 28 18 4 70717 0.9057676769478223
1 15 4 27 40334 0.9311816015509207
7 22 15 25 32168 1.0683721328142528
3 3 27 5 67741 0.9203861914392791
25 26 3 14 71158 0.9996114894266984
19 28 8 2 93408 1.0329269656603233
8 26 2 12 56782 1.0038084164658025
5 5 22 8 68177 0.9270968789465509
11 3 2 21 68828 1.0283530268201693
11 8 20 16 48819 1.0451455213715617
14 19 9 2 70831 0.9042246664901523
19 21 29 12 44592 1.0284573065144984
24 6 6 25 92755 1.0943919097614225
18 18 22 6 48810 1.0605968106856976
9 6 0 3 41307 1.0726194569864977
19 10 28 20 45185 1.064133139460799
16 24 29 29 49331 0.9169327223559194
23 5 10 16 55250 0.9662922343197687
1 8 26 23 78756 1.0276053490836237
2 3 9 10 49327 1.093682225535361
8 7 10 28 75692 0.9723082834244315
2 18 24 19 61534 1.089276110266716
27 1 23 10 43094 0.9988606397309816
21 20 14 12 45735 0.9195246351851809
11 13 6 28 51391 0.9522915656311606
22 9 12 13 50059 0.9796478088458653
6 10 19 6 73836 1.0682117971166099
15 12 26 20 46329 1.0342070504232004
16 22 7 1 86896 1.0371623237408516
0 21 7 13 32851 0.9503838290477835
12 8 6 20 57304 0.9411053085585853
25 15 18 20 28726 0.9307372827366883
3 25 20 25 44827 1.0305148054688646
21 2 5 20 68306 0.9351962028859443
24 24 0 17 72705 0.9528165273425068
2 25 17 15 52627 0.9598454635581956
3 1 4 24 79132 1.00998847998385
14 21 23 6 76271 1.0206962859704989
25 17 29 1 48453 1.0457221220823318
5 23 27 7 76218 0.9875811633188418
9 7 4 24 70613 1.0122771883970396
12 27 23 21 48839 1.0474511802253363
4 20 21 12 50439 0.963084276852687
20 14 23 24 37850 0.9933091214964817
19 11 10 12 45744 1.0326304171472327
29 4 15 11 75677 0.9119947628694293
8 9 3 28 66409 1.0848723714579929
6 8 25 1 74316 1.0640666108775134
22 29 29 12 63544 0.9817921660775307
3 13 19 12 53716 1.0539097202714858
8 10 22 29 88191 1.028692689580615
17 20 5 25 52585 1.0945103154754443
24 5 4 8 84358 1.0189570458489892
24 19 29 5 48553 1.0309580908922418
23 0 13 21 81656 0.9642243290713963
25 1 17 9 48109 1.02468399293378
29 21 20 17 30218 0.9988709688936885
18 0 9 5 46168 0.9206873087717825
21 1 1 17 74919 1.0936459352922907
3 27 20 18 62229 1.0394099479870937
27 9 15 13 50040 0.9046739192344212
0 23 17 29 65771 0.9894756765862756
24 22 29 15 33397 1.0771083868854763
1 7 14 20 68352 1.0009534831973215
0 23 18 11 63316 0.9630982007123444
17 20 6 10 58630 1.0565144352391354
19 16 11 19 28194 1.0960647783978121
20 24 26 6 45059 0.9586962295492275
16 17 1 4 58588 0.9749258571801914
21 13 26 8 25957 0.9250019303652873
28 7 22 25 62001 1.0801143384367218
22 26 5 0 99358 0.9521036640594562
0 2 9 24 75294 0.9053949142041697
21 21 7 29 59601 1.0323560727745487
13 20 21 7 59770 1.0903423226047517
28 16 10 22 49275 1.0111638506402694
1 22 1 5 43830 0.9986914866582225
3 27 24 6 102942 0.9070273641797466
27 27 26 15 25975 0.9729391083046367
26 3 1 18 74691 1.0324653447029466
2 16 11 23 39930 1.0361146117381845
29 6 6 19 83822 0.9725096058184494
7 26 24 20 65571 1.0765004037426358
28 2 18 14 52939 1.0806034180105293
2 2 21 11 74209 0.9518045870817375
24 19 7 26 66995 0.9911021525686732
26 7 0 24 77530 1.0001948858244079
14 15 22 13 31783 1.031407705613511
26 2 18 6 35722 1.0008095247606026
13 1 9 18 68789 0.9315306398889094
28 22 25 8 40971 0.9148332389739073
20 28 11 17 47204 0.9408677442533676
26 27 4 23 69216 0.9673366375259022
24 16 14 9 54042 1.0154631057687573
29 2 22 22 66283 1.0894916579191378
13 22 19 0 78869 0.9645558484553971
0 21 28 12 71226 0.922953418924382
26 16 14 13 37463 1.0698914927083718
25 22 7 12 61193 0.9090610171658556
4 9 26 7 75938 1.0175188181597088
0 25 20 17 53496 1.0203597715272736
14 13 21 21 40976 1.0058355048731797
26 19 17 5 53499 1.0721161929058542
4 15 19 14 39143 0.9610842105706063
7 10 27 6 77992 1.039141701949098
13 26 9 7 76036 0.9028150115994222
28 27 8 21 69100 1.0143352852666996
22 22 29 2 66283 1.0473555819532552
23 15 19 23 31900 1.0364806888846023
18 23 23 6 69206 0.9398188669093457
22 29 23 4 79608 1.0829045977203213
8 0 5 9 39108 1.0238950349165092
14 15 23 29 62876 1.0597439505692297
11 26 6 21 30947 1.0900954743151596
20 9 0 15 51705 0.9577723998346335
16 6 5 25 79813 1.0427099931971184
26 23 14 8 76523 0.963124003452526
4 22 8 14 33694 0.9608493324465452
14 13 4 16 31399 1.009525311061022
27 27 1 18 74082 0.9654332540005127
8 4 18 13 64065 0.9216786513256044
24 13 5 0 81680 0.9086785603704619
26 26 11 23 49831 0.9206516423827978
5 2 7 25 66188 0.9756313036012016
9 17 28 26 64176 0.968411400112044
14 16 23 29 56234 0.9254047296862881
27 29 9 22 68272 1.0532906170657204
15 6 1 17 77511 1.0083105883071568
14 29 10 13 63795 0.9875121656156935
13 4 8 17 60485 1.0123313263576585
5 21 1 12 31384 0.9584920540454506
23 21 2 26 69714 0.9602465386643378
22 4 23 24 69085 0.9810471105993621
23 0 9 3 47256 0.9115654445580504
6 3 28 9 71953 0.9610811500124219
5 10 28 7 82581 1.0441111542116341
5 19 0 11 25289 0.9166155559670935
10 23 21 26 36690 1.0186084190313711
24 16 0 4 62664 0.9419318273847751
14 0 18 28 91747 0.9921650603407297
29 3 18 20 58305 1.094642844872601
2 11 17 11 68869 0.9131510563284266
20 2 27 5 26080 0.9768215340846718
24 18 17 13 36798 1.046735942364563
15 9 28 13 62676 0.9680730813487453
16 24 10 2 84864 0.9512779726310833
23 19 3 21 61076 1.059162915043446
19 24 25 20 35970 1.0963679370841088
13 25 3 23 40044 0.9687170725758357
12 28 0 22 47758 0.9618703945552182
1 19 8 26 43815 1.098762244006942
1 21 21 11 64400 1.0104307387025826
24 19 27 5 39173 0.9182636829401211
18 24 5 7 77226 1.0419189432749134
10 7 1 21 57747 0.9255056304124047
7 28 27 16 71925 0.9941108307799605
20 23 0 17 50036 0.933894824790744
26 0 20 24 59209 1.0769064022350403
5 8 0 18 33336 0.9097361325462746
15 22 6 21 36107 1.038820403172406
15 15 10 10 32046 0.9681825391264219
0 9 22 1 79823 1.0937099033393625
8 29 16 8 92038 0.9326013829106407
9 1 3 9 54104 0.9409014036542669
17 15 7 16 20129 1.0626996853053863
15 12 12 29 78899 1.0915641488422176
4 15 13 17 24797 0.9732751757195799
12 10 20 22 60051 1.090084192692555
27 0 11 24 94209 0.9542135552546966
28 26 13 20 64180 0.9529188339333973
22 7 27 0 42935 1.0224591102165705
24 7 12 10 84238 1.0562836356588194
5 22 17 15 36808 0.9286326867479413
7 0 2 25 77844 0.917424671543671
19 22 3 28 66340 1.0420393380532782
16 24 16 7 70434 0.9491818858256786
23 18 11 24 61294 1.0197796539266784
4 9 29 24 89935 1.079585545791567
13 28 19 23 39736 1.0985805306995364
10 15 0 2 45585 0.9108213364657423
5 1 8 12 48240 1.094443052040765
29 4 9 20 80869 1.0138665824442095
10 28 28 12 79836 1.000018026137112
18 18 24 22 38695 0.9531209710521833
24 3 8 20 75004 0.9984005697707213
28 23 11 20 66385 1.0608273724439639
5 25 9 8 59770 1.0812968343330207
1 17 19 12 51624 1.0560952519838818
9 14 21 2 62393 1.0010953808856105
26 27 9 16 49906 0.9691937812157978
12 17 5 27 42454 0.9578658753259224
0 16 11 5 52795 0.9331688369269482
16 16 24 24 45504 1.0130582380986333
5 10 27 11 65991 1.0486847059479487
29 12 13 28 79864 1.0981490616663323
22 29 16 13 59899 0.9572517492388192
10 21 15 3 68607 1.0904595752540778
19 12 24 1 48606 1.015147896136734
22 8 6 23 79207 0.9232238805053218
28 26 23 10 58842 0.9116523184055224
7 13 23 11 61722 0.9804941451543558
9 1 18 26 94716 0.9178383456893134
7 5 27 23 86573 0.988771738207833
24 17 7 11 51385 0.9062212559051142
23 16 28 28 34678 0.9573542115905476
19 3 15 10 42405 0.9701049328085802
3 1 26 20 94436 0.9513506453891067
1 17 29 12 67816 1.0109256056724167
25 28 4 7 92254 1.0466156979092385
11 5 0 27 75277 1.0766880107333785
12 23 24 25 41750 0.9390295988176225
10 15 14 4 52823 0.9636306850611697
1 15 23 29 80987 0.9841588325792217
24 27 3 6 106476 0.9700691431242363
19 23 0 14 58176 1.0541539534329791
10 29 2 11 70405 0.9417701122308387
1 24 19 29 69137 0.9621990416136912
2 22 28 19 74093 1.0230539763352269
26 17 23 9 32509 0.9306011530584238
16 15 0 19 36101 0.9269555081668375
22 28 8 26 53556 1.0927218875642675
25 28 12 26 48549 1.0357968194805438
0 29 13 10 76714 1.089331463462468
18 29 27 26 40715 1.0019496790048723
29 21 18 24 43822 1.053292413604667
12 20 2 19 43574 0.9976883447093025
14 1 13 25 93004 0.9392134624359069
8 13 7 4 32215 0.9427226130700042
15 29 9 6 95197 1.0231043104199993
9 12 24 29 80950 1.085477329212174
1 0 17 22 91945 0.9908676895030781
12 24 20 8 62759 1.0750503375584852
25 20 16 27 48002 1.0093019858668297
1 24 26 16 66971 0.9894013567548825
2 26 3 8 63255 0.9149724779902833
19 18 12 4 65988 1.0736338793537927
21 27 14 24 28963 1.011154043163233
14 11 8 0 65741 1.0493778328985996
2 29 9 24 41130 0.9643473643402185
16 12 4 10 53331 0.9030994430628059
19 5 21 22 45279 1.0830482929020866
18 21 13 14 39335 1.0582057821866666
14 27 28 8 81891 1.0733967183712494
27 8 23 15 32473 1.0272806923862756
16 3 25 16 45300 1.0959829939945085
4 2 16 15 65405 1.0545335168171945
8 3 21 20 69964 1.023257774403499
14 27 24 12 70742 0.9366493179346905
9 2 10 18 54671 0.9256355582831942
16 10 10 18 40455 1.0351086421226876
7 21 18 26 45839 1.071776347310879
28 28 20 19 40684 1.0440015991216456
14 25 15 11 69030 1.0496034540423307
1 14 20 27 63749 0.9531471703478291
12 22 3 23 46594 0.9318421321369259
24 19 16 25 40615 1.0186703172130989
26 21 26 9 22892 0.9091553575230853
5 5 26 27 86045 1.0250350266397614
6 27 15 15 51030 1.057158337970919
7 1 5 15 47125 0.9622845639763213
29 1 25 7 32362 0.9990768726081001
11 10 13 21 49766 0.976510576730693
12 21 19 16 36633 0.917860432827914
11 12 9 23 43969 0.9437247607448151
2 21 17 22 56722 0.946782401586224
4 2 22 7 70012 1.0747457564142602
2 8 26 5 89586 1.0589764965064046
8 20 28 19 61139 1.0981997602537634
16 12 17 27 59185 1.0760545351365172
10 14 2 16 18592 0.9736390356414971
11 13 1 8 45942 0.9444917072251371
25 0 25 21 49255 1.0794135496157888
1 26 22 21 69542 1.0548678234069007
18 24 27 19 41402 0.9334273779451091
9 14 6 1 54263 1.0371167633576648
8 5 27 28 94407 0.9196869219873073
24 27 13 20 57834 1.0201278145368513
20 8 26 25 45592 1.0281098112876492
17 14 3 15 38813 1.081684264700692
14 13 14 25 59408 0.9029595478638804
29 8 21 15 44931 1.0510616310607652
19 9 15 15 37067 1.0666394667725
8 14 27 0 78968 1.0038127074672079
12 6 0 7 50777 0.9149475047479007
16 13 28 3 53427 1.0126651489038334
8 1 26 12 75216 1.0195128751287443
20 17 24 0 51509 1.0992111188389815
12 10 3 26 71303 1.0491028785945964
21 23 13 11 56376 1.0761545729947335
17 29 26 27 37753 1.0604979122601088
26 24 16 21 39786 1.0693670868065288
21 15 17 3 37959 0.9963192903073798
25 19 9 24 68263 1.0974887820422232
6 22 12 17 33865 1.0639665837106311
2 4 6 14 49028 0.9704619968175088
10 26 27 10 74455 1.0563662353767245
7 2 3 11 47757 0.9192785844953816
27 13 14 15 36499 1.0873509207408072
25 11 7 2 72147 0.9976981813063847
27 21 13 28 57311 1.0160571921982673
27 3 1 26 95297 0.9727459697866256
9 3 5 25 67490 1.0758020866581972
23 26 0 26 67921 1.014987905089316
14 14 3 4 70538 0.9831106996914617
29 15 2 18 59716 1.0179544629353663
10 28 8 11 61376 1.0745925247099481
3 8 13 15 50582 1.0422857891946136
22 18 19 0 54358 0.9011454314239061
28 26 13 19 66019 1.0394005688391839
12 18 19 2 61019 1.0465876053615601
14 16 29 4 58294 1.0213183397814296
16 0 5 29 107542 0.9885872469402622
19 4 27 22 56296 0.9764729787356401
2 9 25 3 84253 0.982920767185397
19 29 9 27 43730 1.0171628018810532
9 6 27 11 79795 0.9303280575525692
12 16 25 2 54596 0.9405439688154809
18 14 22 22 34001 1.094550932725021
2 23 25 20 74943 0.9613247315956395
24 24 4 8 89421 1.0873776175401817
0 20 5 9 33704 0.9674999140980736
10 16 18 24 45734 1.0045467040893932
8 15 29 18 53785 1.0592892757092596
23 5 8 9 74407 1.0269802870409614
6 23 10 17 33344 0.9023946702854568
11 2 24 13 63563 0.94668371988424
7 28 25 26 59924 0.9681869350213244
0 21 20 15 46621 0.9913569447845139
16 13 4 5 64588 0.9133470895883978
11 17 17 9 47351 1.068071931504304
2 17 25 2 75068 0.9928782157382241
1 14 8 25 44105 0.9455402236894607
20 29 23 4 69365 0.906731188846745
8 10 2 21 51785 1.055698832957305
8 28 17 2 102690 0.9786623189561574
21 12 2 27 74994 1.069542691921815
2 29 13 16 56156 0.9603694387118635
2 13 7 18 26225 0.9878640437923932
14 2 4 11 59114 1.0944697685914555
19 5 25 0 32609 1.0246190297760647
8 7 13 29 91611 0.9966784047137158
6 8 3 22 52614 1.0750070452439193
9 23 28 22 72910 1.0582674619553658
20 27 11 14 48978 0.9251447595823569
17 1 10 12 58885 1.0161214545813209
13 2 29 18 79143 0.9910255174202075
12 17 4 29 53826 1.0448787772165242
24 10 16 3 49235 1.0377248037590188
17 5 4 9 65169 1.0924586094074176
22 5 3 0 68494 0.9864101763124464
7 0 9 19 69026 0.9793108534813835
2 24 18 1 100922 0.9150520924082582
8 12 12 4 48318 1.013601423266374
23 20 18 27 37694 1.0566167513119358
27 9 13 20 61053 1.085327809485625
26 21 14 2 68504 1.0691415765882717
22 6 27 11 41685 1.0814516699238836
28 6 19 18 53619 0.9087460485961043
27 22 7 28 72241 0.9207049992164569
16 14 6 17 29501 1.067383175362052
26 2 16 2 31554 0.9046110387748248
16 15 18 7 39131 1.0698343662924803
11 20 4 13 32437 1.0715673482801022
29 25 23 14 42216 1.0343310869184952
1 1 22 0 71563 1.0971691726344952
6 0 7 28 84755 1.0086776223612284
13 4 15 24 90906 0.9184224869792689
23 2 13 27 88807 0.9948396555812584
2 0 28 1 86346 0.9764696972886246
8 21 28 3 78820 0.9213540107330277
16 24 1 21 56004 1.0417039495118945
26 18 24 3 34119 0.9481651085577778
23 5 27 11 31779 0.971184480883965
28 20 2 28 88136 0.966381308981341
26 0 20 13 43854 0.9424587385581452
20 23 6 16 38261 1.024881267262754
16 4 28 12 60322 0.9062242551449318
0 8 29 17 71017 0.9225572067957373
16 18 29 24 58965 0.9730430637907715
4 19 13 24 46193 1.0104585309232403
8 5 25 0 66370 1.0725250228117105
10 6 25 17 59151 0.9452481987072892
29 16 25 29 36246 1.0636192078895652
25 21 28 9 36188 1.0273034836607842
18 1 24 5 38775 0.9474245937406588
7 21 23 4 79341 0.9190562075407863
15 18 7 25 50952 1.0762342076352511
1 10 6 21 40802 0.9801403892772358
0 21 19 1 82610 1.0180254128890773
29 12 15 28 73790 1.0575894387343043
20 23 17 2 55914 1.075803193419552
4 0 11 20 70220 1.0701466610090007
19 10 26 0 44230 1.0881712392315577
4 15 14 5 67019 0.997152760809804
27 1 16 5 44377 0.9719526296085738
25 2 7 17 64067 0.9689540618297325
6 15 12 1 64078 0.9028650501151364
7 29 20 8 82596 1.073905260910838
5 11 8 22 37962 1.0743738809350472
26 6 20 15 31246 0.9839021465043446
22 16 3 9 57640 1.05440958314573
14 8 11 25 77750 1.0180200795865852
18 18 27 12 36314 0.9487648787547344
13 2 13 29 102598 0.9289193844883922
5 10 28 10 74130 1.051062880076608
23 12 20 23 39022 1.0037973436549983
8 16 29 28 63123 1.0614905499561318
26 25 8 12 67414 0.9173064087821651
16 22 29 24 51250 1.040393767309832
7 2 26 8 61236 1.0336124014911285
21 2 12 15 54262 1.0514861897535925
27 15 1 8 73336 1.0518495266436372
23 2 17 20 64113 1.0417492813543165
26 19 23 5 41330 0.9067115213188939
9 8 27 2 71844 1.033502908605834
13 25 16 17 39383 1.0629676527657277
16 15 3 15 31465 0.9654485028877311
27 21 9 28 66334 0.9843572607081345
1 26 12 9 72803 1.0097864714142684
21 20 16 4 53329 1.0944887460745771
21 20 0 16 45310 1.0099842992610437
0 25 26 7 79508 0.9889397432116924
21 4 6 3 43017 0.9287016297393091
29 8 7 29 107670 0.9641621847221458
0 9 15 3 48533 0.952990260852695
21 21 18 13 26117 0.9532345136127747
0 28 19 20 70593 1.0043010411236717
12 15 22 25 42595 0.962555072676762
15 8 23 4 50922 0.900728362336021
28 15 17 27 53400 0.9340347231570357
4 14 5 3 35771 1.0898298006050786
9 28 5 15 44898 0.9900151394603217
19 22 29 15 39728 0.9366909666233774
6 10 27 11 71803 0.9698600093584093
3 19 12 5 64574 0.9467026569795738
10 4 6 23 66631 0.9713421294544277
24 17 8 4 77932 0.9519193375422347
5 22 2 2 54763 0.9163490174685667
1 10 25 26 85578 0.9220230116981676
8 24 14 13 60978 0.9581332077604995
18 24 5 28 46680 1.0828279458206218
21 15 25 1 45446 0.9446122498369904
15 29 7 5 97803 0.9329163589927157
25 0 5 17 74088 1.0439390110604816
6 8 8 28 66127 1.0562600097072257
14 24 15 5 88874 0.9563338543991585
14 8 28 19 77638 0.9364050003975801
22 15 21 6 37464 0.9299679124655382
10 0 27 2 58637 1.0564104507147174
9 17 28 23 59709 0.9491687251935198
7 19 6 28 33909 1.037584269025156
7 4 2 14 49188 1.0595682914065732
12 26 11 10 61204 1.0091932608031948
19 7 8 17 54827 0.9202025309369569
5 19 29 29 78933 0.9639938595822122
4 17 14 0 78147 1.0357427214114445
6 15 21 18 37742 1.0952632180053994
22 22 2 28 75690 1.0441079493519636
19 8 11 17 45726 0.9393029112735962
17 1 18 22 68446 0.9769386059461016
11 7 26 17 65082 0.9641338065213356
21 0 5 19 69733 0.9791386846316795
9 4 13 22 71809 0.9359130302627372
15 1 27 11 60895 1.0702539024066726
9 20 25 26 62316 0.929246475902167
2 1 2 21 54641 0.9398356871283936
28 19 12 12 59778 0.9924466528556403
25 7 21 28 64164 1.07764827798996
24 4 26 13 29841 0.9830979199570894
24 15 22 24 41857 1.0420319914985137
27 13 8 13 51443 0.9511303313177195
2 20 27 7 81237 1.0806790553424945
7 18 11 11 30360 1.0495677637747718
20 5 16 27 60204 0.9434684921227198
28 11 8 29 99477 0.9009180211359995
2 9 21 10 77623 1.0104046861743707
2 8 27 0 97757 0.9978067085539526
5 3 29 17 82014 0.9627396677408306
26 3 15 22 68086 0.9065532593337141
5 24 19 21 54355 0.9184426224761669
23 22 1 0 96484 1.0297062316652004
29 25 8 2 100667 0.9289144161622747
29 5 22 10 46580 0.9456306539497517
7 0 16 2 36542 1.0048010597040626
15 19 1 15 42310 0.9297009946038228
2 21 28 11 77881 0.9097491001710586
6 8 13 26 75251 0.9672959635555336
11 20 13 10 48315 1.0086145981094743
20 5 7 2 40646 1.0650757073299828
10 18 27 25 54552 0.9473027354555384
25 7 26 22 34982 0.906512149369013
10 27 6 10 60530 1.077925279400282
10 9 26 29 73543 1.0521714229691188
10 10 24 9 70791 1.0325599024031127
22 8 8 18 65192 0.9140690624675332
14 12 4 12 44649 1.0100224009713057
24 27 24 2 64858 1.0890881516097253
12 25 27 10 67651 1.0731675016594222
27 0 29 16 44026 0.9705680573552488
11 13 16 3 49811 1.0486738469614232
28 9 17 23 65151 0.925745811110816
23 27 13 17 52872 0.9643715412985758
14 12 9 18 41890 1.0561223303808005
26 7 6 19 62533 0.9692127172395945
14 11 25 23 68239 0.9140255211378826
24 5 10 22 75579 0.9616858983344149
25 20 1 27 80002 1.0591345801547407
21 2 15 28 77452 1.0266838871194004
12 4 17 17 64397 0.9856901617024346
0 19 5 14 18673 1.0929467524493137
9 29 24 22 72409 0.9013157517847485
1 26 15 8 89429 0.9082461235238336
24 11 12 7 85425 1.0170311320693823
8 12 18 0 76009 1.0901767232429422
6 22 28 4 87372 0.9721595995116225
15 15 27 28 50837 1.0543436341470283
17 10 28 2 56514 0.997385445643598
20 0 5 17 62417 1.0749759095814753
27 26 21 18 39830 1.0890291086224075
9 0 5 22 72515 1.0744412728540724
6 6 16 11 68454 0.975060125246901
1 11 27 27 82712 1.023550250048503
28 19 13 9 69394 1.0788824722177859
16 2 3 13 67110 1.094584522160743
6 8 21 14 61004 1.0375928960640397
7 29 13 17 57015 1.015028795075893
25 13 17 10 40010 1.012407554164425
1 1 6 13 45649 0.9443264143859168
4 14 27 0 80291 0.9773122083330162
6 25 18 6 84081 0.9777689172906177
11 14 17 19 35067 1.0752371854571219
19 2 0 23 84652 0.933791143118842
0 25 3 9 48072 0.9533840905265838
24 0 23 17 52010 1.033202365801325
28 28 15 24 46092 0.9891295024156681
19 19 4 11 53767 1.019654751644811
5 22 17 12 51523 1.0491978864239504
17 27 3 24 52956 0.9988095154597494
11 24 29 26 58037 1.0367068510953086
9 18 27 5 65492 1.0826544965821978
12 19 3 13 38901 1.088157431289633
27 26 4 8 87346 0.9065851409715165
6 20 3 6 56026 0.9527058216807438
27 27 3 28 75294 1.0775538037808194
9 20 13 12 39343 1.04838197736782
23 23 28 7 66757 0.9221472314050226
7 2 20 12 54899 0.9647922274333832
16 12 1 16 39907 1.0512474226732713
25 2 29 14 38198 0.983301219474801
1 16 28 23 66077 0.9799697292321409
19 29 9 19 62880 1.0528922300926773
2 27 6 5 70695 0.918038982550677
29 4 27 25 58182 0.954010339969279
21 0 14 16 49476 1.044254627399454
26 9 10 15 43631 1.0294751714444816
4 6 21 10 75429 1.0585149341516364
17 24 8 4 96870 1.0565526522070061
0 14 29 12 68778 1.0046250745423924
12 15 18 11 33833 0.9376368846331272
11 15 22 14 33063 1.0069154011318096
14 7 27 4 62407 0.9970977369062973
20 19 14 25 29046 1.083634117414735
20 12 25 27 44263 1.0783066649610167
7 2 14 16 55636 0.9963320131857155
29 10 23 17 43250 0.9682519897848212
18 13 7 2 63600 1.0511072211305417
5 10 8 27 50710 1.015565681640014
29 4 2 13 89001 1.0212184309903365
14 19 20 15 30051 1.0206996214225055
12 19 3 25 45448 0.914649590462251
18 8 21 16 33565 1.087753025589644
4 24 18 11 67013 0.9730020049843492
1 6 23 11 91625 1.0238629930203635
28 28 23 5 66093 1.0551060312425002
5 19 9 7 49670 1.0710437962707586
24 26 17 3 72655 1.060962159343147
3 15 10 8 42048 0.9483495182377932
11 26 12 17 41297 0.9493728253028743
19 16 11 24 47046 0.9273575604744181
18 13 15 23 51170 1.0351789237189213
13 15 14 28 59089 0.9229692563316537
0 14 9 8 50898 1.092365976735286
7 7 13 29 84347 0.9525211099386888
5 12 3 24 43228 0.9347543157690551
15 4 3 0 46949 1.076558856474261
4 26 26 5 83822 1.03814564479208
26 22 4 6 80041 0.9150417034538995
25 12 10 16 39266 0.9844989334331053
16 0 22 24 80145 1.0129357753035388
27 27 23 2 63021 1.0955015698714672
28 25 28 15 32324 0.982891896083277
17 1 19 24 72690 0.9628660390722941
1 10 18 8 78712 1.0926516488450928
14 13 3 3 62541 1.099765280988126
7 15 22 3 58261 0.9076065767749472
27 24 10 2 90444 1.0130245635712174
1 20 24 26 82532 0.928035875007331
3 17 10 20 28697 0.9566534745435533
22 2 10 4 41833 1.0495698950118637
27 26 26 2 53121 0.9998107204309776
12 6 27 23 91923 0.949360095536806
13 18 9 8 46318 0.906570599709477
29 26 17 28 46452 1.0911701558175326
24 11 8 4 79071 1.0803517973801051
11 3 14 16 47960 1.0351117302452688
10 1 0 4 33245 0.9135238634324171
1 15 5 26 34740 0.9840322393669227
27 11 15 23 64459 1.049313198880914
7 12 20 8 53401 0.9327940506205995
16 26 24 13 53265 1.0274325180838138
2 7 10 20 61051 0.9609192247327261
23 3 17 7 38441 1.0105480310736672
13 15 25 25 47392 1.0285210519849346
17 22 11 26 35729 0.9776936869843189
5 11 24 19 59319 0.9814937550536714
21 24 3 4 93918 1.065844737824502
10 2 27 6 58310 0.9280547731380171
13 22 14 9 66919 0.9692726799972855
26 29 9 19 65375 1.0372871548364462
9 13 29 8 72842 1.0756295813855428
7 15 8 6 38143 0.919500749221502
15 0 0 0 62059 0.9771414893786607
8 10 23 20 69888 0.9424426610559213
20 20 18 3 40781 1.0349502432736502
15 23 16 6 77674 0.9660920515495273
5 2 28 8 80313 1.035552463398887
26 21 28 11 31095 1.04915788854945
0 12 5 21 27880 1.021426930444772
9 2 2 7 44521 0.9336702445187944
11 26 5 1 83213 0.9555866211257895
12 0 0 22 80100 0.9767198443616623
24 8 8 15 65945 1.0628370200983666
16 18 8 29 66609 1.0028037307932067
1 9 8 14 38580 1.076119468167588
5 3 23 6 64294 0.9838594135105964
0 14 17 3 65392 0.9289367930844667
5 7 11 26 64562 1.0868558870620977
16 15 26 13 27756 1.093043587084371
12 21 4 29 47836 1.0685865462816642
27 24 1 3 93568 1.0875545912333808
21 21 9 17 38998 0.9586269786380109
8 11 14 16 32714 0.9402234693370228
16 23 10 27 29272 1.0962456902610938
22 14 26 3 37659 0.9719299162917863
10 21 21 18 42472 1.0276338825607423
19 20 25 13 29985 1.0232860946754818
27 20 3 18 62253 0.9451884028304841
4 11 17 12 56764 0.9567961897330914
29 14 13 16 37033 0.993111495663971
17 9 23 18 50678 1.0032760094152477
0 29 3 17 40507 1.075799482300573
0 22 11 23 42892 0.9068906041722249
29 16 26 25 24382 0.9752743348158119
25 24 15 23 39515 0.9172498339004015
27 11 8 13 59166 0.9723152374535408
11 12 17 8 49933 1.056497907533958
3 14 4 28 44631 0.970816557254387
9 17 28 0 76823 0.9841654194767506
2 1 14 16 59956 1.0144593409592115
14 4 27 7 51959 1.0872367481543896
1 20 24 27 83135 1.0769570789244287
12 9 20 24 65997 0.992295602779663
28 6 6 1 77004 1.0820085585494812
1 5 22 9 80688 1.0265356589235852
26 8 27 17 23424 1.064814688968633
0 2 26 29 95439 0.9251513875752562
4 15 15 18 32429 0.9521908810340988
7 2 24 4 53418 1.0497322166323435
2 14 12 17 29794 1.077466173982273
28 20 20 13 31247 1.0572571821871577
26 12 7 13 49054 0.9142143283604548
17 3 15 26 72117 1.0004497506322079
3 11 25 11 76320 1.0837265032052155
28 10 9 6 84325 1.0924407199125696
25 17 2 7 78878 1.0254289899887112
27 8 3 5 86562 1.068685345206644
11 25 7 8 58369 1.0621548985354645
25 21 10 3 76575 1.0440584960740842
4 2 5 27 70578 1.0226919921747957
7 10 3 20 41320 1.0952070010926127
8 8 2 4 42497 0.9018356378367444
10 23 12 4 67262 0.9831725287716266
0 24 10 6 62503 0.920268334972281
23 0 6 28 103240 0.9042099661753205
4 2 9 23 78715 1.0545715771190194
26 28 22 5 63305 1.0030040083830496
4 10 26 23 68306 0.9388553489378685
15 8 11 1 48740 1.0447302638273186
12 17 1 6 52217 0.9158024046027317
16 5 5 27 88655 0.9991730072714411
26 19 18 27 40767 1.089864217136505
13 27 12 4 90445 1.040537950022786
23 29 18 7 80550 1.022611965812178
12 15 6 3 53936 1.0567090175655094
13 2 5 20 67253 0.916376649438081
1 22 13 12 56822 1.0842820848789536
23 24 1 17 69418 1.0776072837857071
20 1 12 11 64307 1.016246696648667
6 11 24 4 80923 0.9261405037819016
12 2 8 20 68149 0.9982684590969129
28 8 12 27 87570 1.0193081925140088
16 16 28 25 41746 0.9641179528661816
27 1 16 18 64014 0.906862982658962
5 18 2 27 32403 1.0972023168707532
3 8 4 24 60786 0.9687409678448373
11 17 5 8 34264 0.909251941563315
22 16 6 6 64170 1.0299998487618622
11 29 16 10 76554 1.092888587919658
19 29 16 13 54580 0.9737069488442724
10 7 28 8 76856 1.0379567303941422
18 26 20 3 55089 0.9602387820349336
12 8 2 27 81588 1.0916378493109977
24 12 9 6 82099 1.0496997164040032
0 24 19 2 86065 0.9381895100570389
12 16 19 11 32400 1.091916012262877
15 21 20 27 31778 1.0493059123483834
11 20 0 0 63179 1.0589139774924277
19 16 4 20 34782 0.9912737290809487
11 2 6 28 85379 1.0712097078856746
29 23 0 4 95545 1.0353724001915605
25 27 13 3 82809 0.9331629260376466
6 13 24 10 68768 0.9162349650997026
20 21 24 12 37079 1.0275007356412442
27 14 10 18 41077 0.9763428051569288
25 4 4 23 86873 0.9487066138147081
6 13 2 2 44306 1.082530017787492
7 27 7 11 52114 0.9167632527182675
11 16 21 3 47115 1.0602725891580511
28 13 17 4 56774 1.0462188481692063
7 7 17 12 59562 0.9950883623695332
7 25 5 3 62857 1.0793960429901743
4 15 9 3 50398 0.9624209445970748
25 25 12 17 49875 1.0642893971694414
23 28 24 2 68918 0.9256837190199283
22 8 9 10 74701 1.0786096810178514
20 12 5 24 53142 1.0196331446379059
7 12 27 7 70062 1.0640849855677552
11 22 5 8 50950 1.0943284953112609
18 6 1 23 89422 0.908939342865772
1 12 9 20 44236 0.9246506531512546
24 10 14 4 61002 1.02707056429864
0 7 26 14 64391 0.9903502258620424
1 2 16 13 68428 0.9142741935808443
11 22 28 12 67428 0.9198172752299132
3 28 14 23 49002 1.0424693295411245
3 23 19 15 57641 0.9294945830517667
14 10 29 0 85583 1.0211472469722582
5 10 15 17 35253 0.9683083685145178
3 27 28 16 72771 1.073540882911083
15 7 14 23 83798 0.9477919471459842
0 12 26 5 72876 1.0007838060531942
8 5 24 21 81520 0.9287963885418502
21 4 1 28 92433 1.0877805725282033
3 21 26 0 85845 0.9941321686984258
22 25 24 2 65027 1.0467629223944517
22 16 14 5 58279 1.0246369351115014
9 27 4 10 60518 1.042928079501177
4 6 9 0 40778 0.9684679320447626
29 28 25 18 36201 0.9728413316210589
6 15 14 25 47338 0.9559455683535356
22 21 19 7 44559 0.9677888461860628
15 16 28 6 53055 0.9532407131746078
18 15 9 14 26313 0.9402022277437324
28 5 8 6 77454 1.030742089616246
25 20 2 8 82804 0.9363874025958807
11 16 18 22 36829 0.9034494532269013
16 0 12 22 94961 1.0750778627706006
13 9 4 4 55933 1.0936405273244223
11 12 18 4 60017 0.982456006098191
20 22 28 18 36290 0.900277436917971
3 22 23 7 93697 1.093919359347836
20 23 10 14 38065 1.059857080708106
16 12 29 20 53519 0.9589065338947313
25 1 22 20 59298 0.9819629628555597
22 21 12 13 46730 0.9436795260181872
3 28 19 1 98709 1.097180564713585
11 17 4 25 36485 1.0733398150468223
12 5 6 9 42079 1.0150206514477604
17 5 7 26 92869 1.0684399119398629
26 29 6 25 59185 0.9416937323587673
13 15 10 4 45990 1.0809927275493505
15 14 22 28 55189 0.9193105221852262
26 10 12 6 65933 1.005791617745259
18 27 29 4 79000 1.0302396637704105
7 20 14 16 22774 1.0408275323068943
5 12 7 23 33570 0.9058970569956658
26 25 16 4 69096 0.9640102166276756
5 11 19 5 64962 1.0493242079821674
16 29 1 18 78052 0.9987356779921128
7 7 22 15 60712 0.9419476044296757
22 27 20 6 52582 1.0622872305388538
23 26 18 6 70850 0.9340418314619501
5 14 29 7 77454 0.9272325949972988
26 11 5 21 56116 1.021384865278182
11 5 14 21 65497 0.9279623081585413
15 17 21 11 31238 1.081674348965904
10 14 24 19 46212 0.9289434480023238
12 11 22 4 68693 0.9145291581308068
29 20 25 11 36322 0.9354982578631632
28 4 1 8 90366 0.9699100239060525
24 14 16 8 50957 1.0427842983474511
14 24 14 7 95468 0.9453647678086435
2 23 16 14 55133 1.01616196680654
19 21 29 22 40455 1.030430352113546
18 19 9 4 67666 1.096133135793619
13 8 3 8 64433 0.9261753418659481
25 6 8 6 74350 0.9851031840975164
10 19 20 2 57066 1.0259936853065865
9 6 20 27 78781 1.0573599122097863
