3302 3492 3222 3523 3503 3460 3460 3373 3248 3544 3422 3493 3219 3278 3393 3475 3553 3422 8819 8854 8865 8841 8791 8909 8696 8629 8676 8681 8583
7587 7575 7629 7669 7595 7716 7612 7820 7646 7755 7869 7682 7888 7657 6066 5826 6069 5942 5952 6044 6165 6022 6083 6088 6050 5998 5907 6091 5885
1189 1169 1275 1377 1133 1387 1170 1321 1244 1373 1174 1324 1380 1267 1217 1127 1306 1095 1163 1180 1386 1156 8033 8026 8287 8134 8340 8298 8108
5003 5074 5322 5278 5020 5043 5059 5950 5950 5826 5913 5887 5741 5717 5788 5712 5839 5690 5761 5960 5917 5677 5777 5857 5887 5770 5813 5774 5989
8792 8864 8785 8572 8648 8668 8555 8717 8689 8639 8832 8602 8775 8773 8592 8795 8668 8615 8799 2526 2327 2447 2282 2248 2393 2535 2528 2541 2387
8613 8584 8771 8777 8653 8533 8720 8661 8629 8569 8558 8762 8698 8632 8840 8796 8823 8805 8658 8632 8771 8576 8762 8703 8609 8605 8556 2321 2304
6003 6273 6070 6165 6249 6133 6199 6038 6074 5968 6001 6177 6293 6176 6182 6244 6036 5986 5977 6288 6052 6141 6083 6210 6245 6056 6099 4160 4156
1713 1865 1750 1920 1748 1769 1652 1896 1706 1933 1718 1690 1862 1766 5520 5557 5258 5487 5528 5448 5363 5302 5502 5384 5452 5451 5439 5224 5328
5221 5429 5119 5323 5232 5212 5135 3900 3840 3653 3684 3675 3586 3809 3863 3591 3667 3606 3591 3751 3611 3795 3663 3651 3663 3693 3837 3688 3638
5506 5387 5376 5351 5221 5459 5518 5292 5506 5474 5287 5277 5495 5393 6531 6700 6613 6737 6504 6593 6431 6735 6692 6427 6737 6627 6431 6711 6753
8285 8037 8155 8216 8294 8085 8026 8144 8316 8112 8213 8153 8329 8062 8180 8230 8132 8177 8322 8096 8105 8258 2011 1790 1768 1872 1803 2026 1755
5381 5426 5450 5306 5569 5271 5254 5468 5328 5291 5368 5334 5253 5351 5272 5411 5297 5379 5390 5490 5344 5417 5384 5258 7791 7599 7727 7743 7699
6919 6797 6801 6792 6668 6868 6911 6679 6849 6924 6603 6910 6722 6658 6758 5909 6004 5939 5810 5756 5845 5709 5894 6007 5932 5874 5802 5948 5825
6890 6758 6666 6747 6838 6793 6820 6949 6933 6770 6875 6722 6734 6770 6852 6909 6884 6843 6698 6784 6885 6740 6798 6879 6226 6045 6091 6060 6069
6985 6749 6954 7006 7017 6962 6979 7666 7612 7703 7527 7541 7622 7653 7551 7590 7702 7705 7721 7518 7681 7607 7606 7671 7602 7813 7761 7605 7761
4732 4793 4748 4892 4782 4824 8604 8696 8799 8667 8779 8658 8629 8884 8848 8663 8688 8765 8723 8578 8570 8653 8665 8768 8716 8588 8785 8620 8817
5935 5971 5872 5927 6069 5998 5984 6039 5855 6073 5935 6041 5959 6087 6137 6019 6069 5969 5951 6036 5822 4584 4705 4683 4896 4838 4744 4609 4788
7305 7351 7386 7221 6955 6786 7066 6957 6869 7024 7063 7053 7068 6892 6940 6927 6767 7011 7012 6781 6818 6984 6921 6926 6780 7051 6922 6909 6924
2740 2804 1458 1485 1602 1667 1785 1474 1728 1515 1634 1466 1627 1521 1763 1693 1448 1734 1594 1623 1460 1557 1576 1783 1510 1769 1665 1730 1604
2365 2225 2109 2157 2261 2174 2246 2169 2109 2157 2408 2136 2286 2199 2281 2366 7957 7917 8107 7887 8086 7979 7949 8026 8075 7850 7915 7899 8010
4816 4777 4698 4625 4891 4862 4742 4833 4604 4768 4766 4840 4630 4820 4903 4795 4634 4840 4737 4935 4658 4735 4641 4884 4686 4672 4884 7096 7184
8387 8438 8420 8374 8387 8674 8619 8644 8411 8541 8574 8375 8641 8499 8379 8645 8545 8521 8697 8651 3165 3107 3266 3032 3089 3283 3282 3110 3160
5847 5945 5892 5859 3274 3327 3389 3516 3247 3478 3354 3347 3321 3245 3430 3396 3511 3468 3544 3499 3294 3441 3415 3558 3332 3247 3502 3505 3249
7278 7233 7303 7380 7320 7312 7189 7164 7408 7236 7283 7316 7146 7173 7435 7218 7307 6350 6513 6278 6509 6489 6325 6469 6465 6251 6344 6480 6455
3748 3828 3699 3732 3745 3812 3916 3883 3848 3871 3779 3863 3702 3918 3992 3921 3735 3992 3810 3714 3753 5891 5984 5995 5850 5735 5822 5726 5737
7747 7994 7799 7849 1571 1764 1678 1542 1852 1620 1663 1566 1832 1847 1567 1692 1866 1660 1740 1858 1750 1763 1578 1601 1620 1822 1781 1538 1616
8407 8328 8405 8327 8127 8298 8171 7246 7236 7103 7254 7292 7038 7154 7138 7200 7201 7164 7049 7095 7151 7015 7093 7231 7138 7232 6967 7220 7081
4255 4097 4157 4142 4215 4259 4076 4102 4279 3984 4053 4209 4165 3974 4274 4066 4197 4048 4150 4282 5046 5240 5061 5305 5285 5195 5212 5284 5296
8640 8678 8828 2623 2478 2578 2561 2577 2616 2404 2394 2473 2494 2366 2646 2465 2634 2639 2454 2600 2680 2533 2450 2651 2646 2658 2623 2445 2587
5753 5718 5575 5701 5677 5769 5712 5680 5597 5524 5454 5598 5477 5729 5772 5454 5694 5769 5633 5494 5618 7188 7289 7473 7462 7440 7465 7223 7261
5652 1498 2839 7625 4532 5690 2410 5151 5942 6038 3724 1294 3600 6198 6818 5011 2046 2272 5139 2909 2314 8070 6498 6562 3425 2575 8641 4776 5590 5524
5573 1799 2807 7645 4547 5552 2281 5081 6254 6211 3468 1279 3599 6242 6761 4934 2203 2449 5103 2923 2300 8299 6429 6345 3616 2388 8658 4896 5651 1639
5407 1765 2962 7394 4678 5687 2222 4994 5968 6251 3651 1284 3740 6370 6870 5007 2105 2290 5037 3130 3731 8264 6527 6327 3659 2595 8886 4921 5424 1798
5492 1512 2785 4436 4433 5567 2283 5122 5989 6040 3542 1288 3487 6410 6865 5101 2149 2213 4964 3120 3675 8252 6462 6509 3697 2590 8821 4832 5568 1750
5501 1481 5564 4367 2384 5393 2309 5232 6126 6086 3508 1392 3569 6164 3874 5036 1975 2204 5030 3005 3576 8299 6517 6431 3655 2352 8775 4632 5507 1610
5489 1525 5560 4377 2401 5642 2446 5319 6164 6461 3621 1454 3480 6121 3865 5064 2158 2476 5005 3031 3655 8165 6605 6497 3524 2638 8918 4610 5573 1683
5477 1596 5469 4361 2642 5483 2501 5262 6006 6577 3457 1221 3568 6293 4062 5177 2151 2315 5075 2830 3718 8000 6624 6312 3414 2328 8837 4894 5655 1658
5506 1536 5268 4678 2651 5630 2371 5259 6199 6528 3043 1415 3768 6279 4008 5111 2172 2420 5013 2992 3767 8017 6383 6323 4258 2385 8737 4742 5557 1815
5465 3228 5462 4433 2407 5552 2357 5173 6218 6605 2998 1332 3574 6398 3953 4988 2119 2530 4994 2954 3723 8039 6648 6551 4418 2529 8781 4924 5578 1514
5580 3214 5508 4439 2413 5378 2339 5293 6123 6723 2765 1333 3434 6418 4070 5023 1889 2455 5185 3102 3669 8038 6672 6448 4317 2472 8649 4632 5380 1517
5529 3523 5516 4601 2466 5549 2291 5230 6158 6613 3013 1181 3457 6378 3819 5035 1866 2393 5170 2838 3607 8212 6662 6317 4282 2629 8937 4894 4737 1665
5713 3204 5240 4604 2473 5508 2238 5154 6114 6515 2825 1472 3648 6414 3836 4888 1988 2512 5004 2913 3845 8244 6416 6381 4448 2599 8752 4787 4809 1645
5562 3499 5351 4475 2667 5408 2371 5255 5949 6482 3003 1199 8519 6388 3936 5176 1951 2461 8672 3165 3728 8141 6583 6364 4254 2576 8932 4845 4631 1520
5421 3360 5301 4585 2441 5574 2394 3685 6070 6494 2891 1396 8725 6375 3770 5004 2018 2457 8725 8249 3748 8169 6653 6537 4305 2581 8770 4606 4608 1837
5696 3431 5359 4659 2510 5662 2290 3759 6223 6636 3072 1410 8749 6179 4063 5015 2175 2414 8798 8341 3514 7997 6600 6612 4224 2557 8735 4838 4538 1665
5692 3435 5413 4609 2597 5637 2474 3771 6260 6598 2805 1173 8702 6186 3900 5013 2009 2250 8782 8351 3597 8063 6377 6451 4217 2459 8616 4788 4801 1744
5693 3197 5358 4659 2552 5531 2348 3767 6270 6605 3071 1446 8567 6296 4002 5112 2164 2307 8785 8196 3605 8072 6629 6441 4315 2612 8671 4859 4708 1699
5400 3289 5339 4616 2492 5395 2279 3461 6290 6628 2787 1316 8609 6233 3836 3183 2094 2269 8634 8270 3595 8296 6513 2974 4273 2480 8692 4782 4794 1760
5477 3219 5298 4506 2430 5491 2202 3494 6118 6633 2895 1303 8500 6132 3919 3467 2129 7264 8628 8323 3771 8281 6391 2961 4314 2339 8663 8021 4829 1582
5538 3380 5438 4656 2379 5642 2353 3458 6357 6752 2959 1403 8816 2484 4074 3255 1972 7194 8646 8380 3760 8016 6391 2860 4479 2346 8714 7919 4606 1683
5458 3210 5385 4571 2586 4798 2187 3659 6055 6761 2982 1170 8741 2445 4094 3436 2043 7070 8776 8252 3829 8304 6702 3007 4502 2552 8612 8115 4567 1776
5493 3463 5268 4430 2508 4806 2522 3681 6262 6715 2921 1402 8755 2456 3799 3437 2165 7128 8653 8146 3619 8199 6667 2973 4346 2532 7862 8106 4585 1618
5634 3263 5561 4442 2504 4849 2450 3644 6198 6550 2741 1459 8750 2440 3988 3477 2079 7080 8828 8281 3753 8305 6656 3038 4374 2500 7894 8160 4616 1563
5547 3450 5264 4493 2450 4832 2225 3438 6107 6585 2737 1441 8558 2726 3880 3383 2125 7221 8577 8243 3550 8280 4181 2881 4487 2334 8151 7886 4574 1802
5436 3536 5301 4506 2439 4772 2371 3507 6123 6511 2985 1341 8658 2604 3923 3388 2709 7297 8867 8198 3707 8301 4186 3009 4312 2402 8081 7912 4737 1732
5607 3222 5390 4692 2400 5088 2456 3546 6255 6487 3036 6459 8726 2512 3964 3370 2572 7178 8746 8356 3686 6083 3992 3057 4214 3698 8089 7935 4580 1799
5465 3526 5247 4643 2514 5070 2421 3642 6155 6693 2863 6671 8492 2746 3961 3352 2396 7122 8878 8118 3525 5938 4106 3014 4428 3822 8000 7976 4704 1513
3858 3525 5376 4673 2652 4859 3741 3765 6293 6491 2746 6470 8597 2570 3913 3466 2473 7287 8677 8191 3518 6160 4120 2847 4357 3817 7951 8005 4591 1694
3683 3462 5318 4401 2538 4779 3726 3560 6322 6697 2970 6702 8554 2685 3856 3386 2664 7128 8794 8279 3625 6061 4224 3029 4226 3529 7853 7911 4719 1532
29 10 3 24 75575 0.9412728790733911
28 1 13 25 77088 0.9219795526195996
27 18 2 9 55095 0.9957835558923473
26 7 6 20 66750 1.0791304122515937
8 20 26 24 66716 1.0295920636362237
2 10 18 26 46610 0.9189005303461905
14 27 8 0 84443 0.9635950869637097
5 21 17 20 52947 1.067999981295214
20 11 5 22 53774 1.045337185553536
0 16 12 27 56156 1.0794217083461937
23 15 8 22 57476 0.9535491093788675
22 9 26 0 47563 1.0045392806687168
2 13 6 3 28046 1.0611445924096317
5 18 15 14 50428 1.0481814856664495
17 10 29 6 34639 0.9362608798123772
18 3 19 24 38049 0.9684879374401472
4 16 2 29 41640 0.929411773773386
8 21 20 22 54021 0.903783811708532
4 27 6 2 60404 1.0049428563116636
12 18 24 24 53356 1.028998089059459
4 0 20 9 57442 1.0694319009245763
23 16 23 4 29917 0.9650567741554678
21 20 17 12 32972 1.0144361436950615
5 29 26 21 52880 1.0459199075541161
20 8 4 22 58885 0.9207476718189035
8 20 4 6 42525 0.9082035389756405
22 20 12 18 40027 0.9912386621722379
26 27 18 8 49874 1.0471264142436536
3 16 27 23 64386 1.0366061976990286
3 9 10 4 32735 1.0701724782073059
15 23 26 5 59654 0.9859204833753666
6 13 11 0 44684 0.9224493875357278
13 23 19 27 37249 0.9687583152416315
24 16 21 28 34777 1.0232497983828377
21 4 4 22 63351 1.0208745980350238
17 2 22 12 28312 0.9260556468192258
24 22 12 0 77128 1.0528997858165319
21 9 11 14 43543 1.0379890694578837
1 17 11 2 47499 1.067894327145483
11 0 11 15 61279 0.9946260537409195
24 16 14 3 49145 0.9467699379202654
29 2 13 27 88554 1.0012630944778524
1 17 8 10 21470 0.9353741436385851
8 21 14 3 71952 0.9775829232388658
2 28 18 0 84003 0.9449893457713299
13 17 21 24 33101 0.957387562072819
14 18 5 25 58143 0.9503309784950209
20 10 11 0 50168 0.9411948993559374
25 11 29 20 29897 0.9102862266831262
27 3 10 28 74678 0.929397609592958
10 19 2 24 37100 1.0550445878688253
23 17 29 21 38650 1.085242349209139
28 2 15 19 73630 1.024937434885701
20 12 17 20 25610 1.0232333977869068
27 17 13 23 64394 0.90592564666704
25 25 7 13 51684 1.076913779760777
14 22 16 1 67243 1.01666131810387
7 25 11 14 51940 0.9616308310127548
13 8 3 28 78483 0.9004864710797874
3 23 11 9 48464 0.9528213545386783
20 26 13 5 58426 0.9711544423852965
19 16 24 25 30931 0.9860347912853907
27 26 0 9 77025 0.913630386381342
11 29 26 18 51039 1.0468171822751173
28 1 15 23 76972 1.0087793640048002
25 18 6 26 64877 1.0593297271301039
11 4 0 15 43037 1.0822410733518784
17 0 12 6 31312 1.0103515228404312
24 12 11 14 37391 0.9501030752858954
10 7 16 23 63324 1.0791937342455025
22 7 15 28 60695 0.9108512522698139
29 6 18 20 44687 1.0013410961081692
3 23 13 15 49022 0.9838047363502219
15 9 5 4 45649 0.9980429475383759
21 7 16 29 49544 0.9201303387213028
8 23 8 2 63824 0.9419605802462584
0 3 12 7 44308 0.9718969948132704
16 23 25 7 44673 0.9961415898309445
1 24 26 22 73992 0.9472437417738997
7 8 29 5 53879 1.0064365762528604
12 15 25 24 47358 1.056743405344986
22 11 18 24 26123 1.0711825150007748
11 27 13 3 82077 0.9809973976735232
28 5 11 6 43900 0.9262949518363002
19 25 17 2 44381 0.9253559386457214
29 8 27 17 32850 0.9185833146412048
2 8 17 5 40301 1.0488654293723225
3 24 15 0 81695 1.0860862053967943
19 20 29 7 48949 1.01243390657395
2 13 24 0 62671 1.0850488411892902
17 17 0 0 52321 0.9887898379750304
4 1 5 13 36718 0.9930119536423896
6 27 8 12 56196 1.0987472195746704
15 16 11 7 44121 1.0513565824602127
1 7 19 19 52674 0.9572732504902657
5 25 19 27 44300 1.0269872871752237
18 8 24 1 32215 0.9475575104935137
6 12 28 20 55722 0.9204254809767318
16 3 1 25 81212 0.9911713721523235
11 19 25 10 48139 1.0244270868932692
23 16 6 9 43359 1.0031618195107945
14 18 4 26 58326 1.058049987907037
5 23 15 23 56202 0.9720247811149013
27 1 3 29 92724 1.094554311034367
22 12 25 21 24966 0.946700776366698
25 19 1 27 69178 0.9820211749314798
12 19 17 12 42568 1.0327154779964554
7 1 29 25 80612 0.9237019701721529
19 5 22 17 32402 1.0647705088455743
24 14 2 16 46314 1.0725993036708048
5 21 8 7 48242 0.9159006661237662
7 7 27 25 62905 1.0146775581166023
20 9 9 16 37662 1.0829314013598514
8 13 18 12 21985 0.9448763202990477
2 22 11 6 38503 1.0049991234044424
1 5 9 14 33139 1.0223372157529833
24 4 19 18 43528 1.0305165493641892
28 0 2 24 97604 1.0981995475232544
19 0 12 28 67864 1.022660173194982
7 26 29 7 86394 0.9941959014764019
7 17 9 8 39427 1.0087226050143197
19 14 20 1 31630 1.0418624227991449
2 8 11 6 23610 1.0608192658390663
16 6 9 16 38987 1.0372803804395496
27 7 20 2 34011 1.0286029115765414
11 18 24 2 62646 1.0356296379517012
15 28 12 13 63394 0.9549716916018136
11 23 1 6 63304 1.0905544932050357
27 7 1 8 54741 0.9092311166414281
26 4 10 17 52190 0.9173975515782867
23 11 10 0 55217 1.0104872762618546
23 22 17 13 43366 0.9690918140945517
14 2 26 1 46816 1.053729249590404
3 6 12 1 31147 1.030339825178503
23 10 3 23 58590 1.0484843237602395
14 21 18 6 44597 1.0484361257389474
1 11 23 17 48356 0.954791024039837
12 12 24 21 47457 0.9139992039435996
6 8 12 28 71209 1.0664950227261745
21 0 6 26 92305 0.9919437866904017
17 20 1 27 58744 0.919508983097836
8 20 8 6 42671 1.0854245157306064
26 3 5 14 59854 0.993166807174766
27 14 9 14 50101 0.982443112664815
14 17 25 5 38396 1.0443269242255355
10 29 26 25 35746 1.07052930553626
24 19 4 22 73957 1.0808801701787498
6 21 15 29 50181 0.9392895188970207
7 29 2 6 51386 1.04962780706431
29 2 8 9 61969 0.9659430778624145
2 21 20 1 57463 0.927370981584419
23 12 23 22 36586 0.9874128802262443
1 13 17 0 55550 1.0191975830069864
13 0 27 24 81235 1.096871462216925
1 0 21 22 71853 0.9825052431570065
13 13 12 22 57545 1.0678732827421944
10 8 24 14 50244 1.048599906511407
4 14 14 29 66381 0.9582311503878936
3 23 13 3 66790 1.011787001907151
8 24 13 17 38019 0.9685857937828208
19 8 23 27 55010 1.0962541594460118
2 11 18 27 47101 0.9480152340944746
6 10 29 24 65881 1.0945331969349033
22 4 26 26 52934 0.9457888204636901
19 9 5 19 46314 0.9195204642765586
23 1 9 23 86496 0.9482140356404006
15 22 13 0 77759 0.9082375635371361
22 3 19 20 45407 0.9392602076686094
22 20 3 3 68333 1.0891358186166036
24 24 24 8 37890 0.9593215456534149
25 19 9 23 57674 1.0106044062158293
19 2 28 8 36223 1.0714077774888875
17 6 29 15 39558 1.0826889256460928
22 1 28 28 70391 1.054750525942443
5 29 3 15 41582 1.092864546757512
17 21 21 1 51141 0.9091413247465226
26 15 29 23 29224 0.978550113112259
13 23 28 5 77147 1.0647162418486023
26 2 0 22 87509 0.9772933348853273
11 12 20 9 26184 0.9024220109937124
21 24 5 0 75286 0.9147636485793208
22 20 29 25 33845 1.091287777622228
1 22 18 25 60733 1.0181308707354655
28 27 14 5 74223 0.9509483219531868
8 25 3 11 41149 0.9855055712840712
26 15 9 4 51854 1.0200002354681217
13 13 2 22 41628 0.95913815317883
22 25 2 11 53436 1.0599216871427466
16 6 28 24 54570 1.0268211117132007
21 15 22 2 49594 1.018600345703193
10 24 20 28 33208 1.0099442140163692
4 25 22 29 39982 0.9819425122838148
22 28 20 17 39696 1.0668289502786878
29 8 7 15 56680 1.0491102369796308
5 18 17 5 59643 1.0307777227476769
20 18 11 28 51426 1.005052049350621
29 21 26 5 50220 1.0192989849722869
12 11 20 17 24745 0.9373963815312695
21 12 6 22 69924 0.9764988385744533
11 18 24 12 43608 0.9426839704746199
22 12 25 1 36512 0.9751776952681247
19 26 27 7 55928 1.0885514572557515
1 9 9 21 50650 0.929193425312694
25 27 8 10 54004 1.0180836118190753
26 14 10 22 62792 0.9286107406795514
12 9 29 22 66569 1.0471006050369143
26 26 2 8 68473 0.9968220645180289
4 23 13 8 60670 1.0318252851761884
13 11 21 27 42898 1.052641212296633
13 2 4 0 38356 0.9151732449601151
11 11 10 20 44048 0.9638682737570362
4 14 12 28 68849 1.0248657949109246
18 5 24 13 25324 0.9777322348394026
6 5 5 28 63853 1.092555791342809
17 28 20 16 28344 1.0093568993965352
14 1 2 28 90824 1.0288665213901562
24 16 7 16 34958 1.057968769692486
0 9 6 16 24241 1.002600514933529
9 2 27 12 63835 1.0618453888656998
8 6 20 8 36120 0.9008351181880664
26 6 10 1 54720 1.0215924515127206
15 25 9 20 38349 0.941294832797639
4 23 14 12 49029 0.9205734799026579
6 16 28 19 54986 1.0871053486956421
12 21 5 27 44624 1.0552133772972714
18 25 6 27 35123 0.9939039826059358
21 22 4 14 62948 1.0305217820284456
16 6 12 13 34335 0.9749807814586358
13 3 28 16 56208 1.0313152837124935
8 20 21 29 49416 1.0836443033676018
25 6 12 11 25814 0.9989334618481985
28 12 16 23 51057 1.0644184678142883
25 1 3 11 58471 1.0963899924080642
19 15 11 27 47758 0.972493831571835
15 11 26 20 32768 0.9987422919934887
13 8 21 13 37973 1.0064336035100794
13 22 15 2 74839 0.9030588749844164
29 25 21 1 74027 1.087737781826992
11 20 21 15 43217 1.0731567286589823
16 22 13 2 68038 1.0143407947823375
20 8 25 29 51648 0.9285366600746148
26 22 1 22 73994 1.0435102741291598
14 28 26 14 55801 1.0393972458885476
21 12 5 27 67721 0.9206570322718757
29 3 5 5 72271 0.9813281296382564
27 18 1 11 53827 1.0622808089637152
9 24 0 5 61471 0.9716454219762956
12 29 9 17 47628 1.034530581797593
14 5 5 16 51411 0.9010583031192301
23 16 9 17 33354 0.9857716430564567
12 0 25 14 59046 0.9949206539813906
24 6 12 10 34788 1.0445526444329376
29 11 5 11 45599 0.9045855726240528
25 18 0 13 52146 0.975093814972293
6 17 10 24 39138 1.0344886287613082
0 23 5 6 45771 1.0091555255332456
6 15 27 5 57245 1.0926864073676497
3 18 26 21 68045 0.9398804483798052
27 24 26 0 69682 0.9461639876999032
8 13 19 18 40399 0.9722355244038906
1 24 28 27 68482 0.9902034488403941
5 3 17 2 46609 1.0278601426254834
22 11 12 10 19821 1.049976989835488
15 15 23 12 33738 1.0500911474500145
20 10 9 7 38898 0.9165141205553212
3 7 25 5 51056 0.9832618480056297
10 27 23 6 66289 1.0050596423862397
13 24 16 9 54835 0.9839292295352061
25 14 5 6 43289 1.0419417897096706
4 27 22 27 41673 1.072580642161802
5 1 29 15 64894 0.942469761560879
0 29 9 2 81517 0.9361781293161994
10 10 7 0 26758 1.0617531085881171
27 11 1 9 51204 1.0574702122326407
14 12 29 12 41793 0.9747566706422973
7 21 21 3 77307 0.9913371873936178
9 24 15 29 21873 0.9535473378452402
24 15 5 25 63564 1.03013364923152
24 16 7 10 36974 0.9517948612225169
29 3 16 11 38561 0.9204444232905571
25 26 0 4 74474 1.0709589018509758
20 14 15 25 32686 0.9021353858363874
29 3 10 28 80212 0.9996722949668537
18 8 12 29 44225 1.0486969047752204
24 14 4 12 45667 0.9757084508187696
17 7 22 24 44233 0.9452270947376582
21 6 8 21 61447 1.027168272264598
8 19 2 25 31266 0.9672255761758084
9 18 17 13 40913 0.9896322387394754
9 8 2 19 34292 0.9169536996533817
9 26 24 25 44195 1.02697806809968
7 25 15 3 74172 1.0617381005291802
28 3 23 21 51273 0.9209324726858371
3 4 20 1 51830 0.9411067064462837
11 5 14 19 63985 1.043975192714742
13 14 13 0 64939 1.098461543301473
6 15 17 10 34656 0.9556281322007497
24 4 7 16 54163 0.987271006206607
2 2 26 29 74781 0.9289408097996762
27 26 14 8 74361 0.9384298012538237
23 18 28 2 57274 1.02607358430416
24 29 19 14 37853 1.004834994854858
23 22 21 6 45431 1.0684741079457143
22 20 11 5 59249 0.9450524058229173
18 22 13 14 32443 0.9284007502676372
4 17 25 4 54645 0.951378831236809
17 26 19 18 29262 1.0464248471544417
5 8 12 17 47864 0.9981484549903931
18 11 6 5 30830 1.0728096790290524
21 9 14 29 54184 0.9408629615942588
6 9 28 26 72012 1.0965684041027424
18 5 27 15 32856 1.003920028219211
17 1 14 17 39199 1.0963182513102974
18 11 24 3 27380 0.9598461392647772
15 8 27 26 69871 1.0919086879202822
27 27 16 17 49829 0.9833272253790093
12 20 27 9 57321 0.9748556511082296
0 9 17 4 44748 0.9299165451824329
26 14 9 7 51086 0.9422200782200747
19 10 26 2 40774 1.0204802551108825
12 23 11 6 74089 0.9160168255208226
14 12 29 10 35683 1.061430503237836
12 14 3 26 65310 0.9205920204306511
12 29 3 10 58085 1.0231060884645395
21 13 3 13 41040 1.0385481084148869
2 9 17 24 48977 1.0557721975399952
16 7 22 12 22204 0.9856332624215227
29 14 12 3 60423 1.073197588999871
9 24 5 6 60134 1.0699882357686281
23 7 10 10 40310 0.9105987881179869
4 3 13 25 74679 1.0104796598121184
23 0 19 14 48844 1.072175802945833
19 23 24 6 42268 1.0201351203005649
4 3 2 23 43643 0.9699909995708966
10 26 20 23 31479 0.951326941709783
19 14 27 17 26905 1.0214439268192754
27 9 16 24 50498 0.9170918842678759
20 11 29 12 26201 1.0642202689490745
12 17 25 9 36478 1.0057268812850209
28 23 23 1 58475 0.9878121986416211
11 27 15 1 78406 0.9373721666375063
5 29 17 21 43212 0.9588169979169394
28 28 2 2 80575 1.0648698662402352
2 26 5 5 65110 0.9340979977615804
1 14 18 12 33510 0.9751156562825254
9 9 29 1 68193 0.9787101667192504
12 29 21 26 24818 0.967509648742911
15 21 17 3 51342 0.9124041046325354
25 22 10 3 67704 0.9500136944799477
27 6 17 1 33492 0.9366389433035194
12 25 25 2 74000 1.0714540111834512
13 8 18 27 53108 0.9290811365862335
12 13 2 22 40605 1.0623160469039623
16 3 13 28 66062 1.094746164098755
21 9 0 0 58727 1.0101972798150745
23 13 18 19 23576 1.0825812621829771
17 1 17 19 41557 1.0582022393447315
4 27 17 17 50134 0.981113970280151
21 15 28 25 40176 0.9664280224841622
1 1 5 18 37555 0.9312570407071337
11 14 25 19 45570 0.9205856018630401
12 8 23 7 44043 0.9383930122815428
2 28 2 2 60212 1.0079773534575518
11 17 21 11 30064 0.9938742404764904
8 13 4 28 53081 1.0324998598241477
2 5 10 23 56093 0.972510472050595
11 28 25 9 61494 0.9056298114529396
17 4 29 20 53313 0.9668280054557613
0 8 22 15 52720 1.0889314822499183
8 6 20 3 35893 0.9886451632647477
8 14 2 25 49196 0.9581123407898667
20 24 6 29 36178 1.0657897905646907
4 15 14 1 57362 0.966031381272173
6 13 19 6 34856 1.060029974644746
12 13 4 8 42752 0.9031107768641861
11 1 23 13 54953 1.0082067860974624
7 7 25 20 47073 1.0481572133571668
25 25 27 0 57195 0.943005306355593
28 6 26 14 26182 1.025169032123247
7 20 16 19 39234 0.9140164749561097
19 26 6 22 58934 0.9776770007151658
7 4 1 18 32880 0.9795904387666385
10 5 24 17 59224 0.9306782138093285
12 3 1 20 51622 1.0925167861501135
9 14 26 20 56785 0.9959347105242757
29 25 14 4 69538 0.922745581567609
14 11 26 28 48525 0.9889368110246246
11 2 13 10 47922 1.0480895125797025
15 4 22 12 27671 0.9224414165405806
11 1 14 25 73030 0.97626350111717
7 2 17 6 30660 0.9220250835614964
1 6 24 18 58185 1.0472857990849382
15 23 25 18 45284 0.9250328687234991
15 14 9 9 39039 1.0882851040959305
11 25 27 23 44161 1.0522841537535048
13 19 19 23 32397 1.0658476404931199
8 29 14 6 63216 1.0586255731333551
8 25 1 15 39611 0.9438918633227097
29 19 20 5 56923 1.0056800927610263
1 9 29 26 85034 0.953206580486786
6 0 27 3 66746 1.0257505695852447
2 3 7 24 48541 1.0385549235313905
6 28 18 17 43800 1.0687836068197178
14 6 25 25 50986 0.959881665457374
25 27 2 20 67336 1.0700401154429582
4 6 17 19 51950 1.001951495336315
9 17 7 0 42647 0.9202075688387498
28 7 1 14 59193 1.0965515365753233
10 22 21 17 55036 1.0173793961377386
11 1 4 13 47487 0.9572957922032754
15 8 24 9 39525 1.0217175411213124
13 23 4 28 40549 0.9116353483678501
0 6 14 25 64748 0.9091959766888934
13 0 0 18 61360 0.9820508620296037
27 2 8 24 85934 1.036025660411333
10 5 10 21 70949 1.0577077774815051
29 13 6 6 49509 0.9934815029520859
4 23 7 5 42834 0.9275170223071766
25 8 0 7 50399 1.0733796096955477
18 15 29 2 47751 0.9376004669819704
15 27 6 28 34921 0.9425363931663155
19 5 13 20 45040 1.0757045444846687
10 7 25 9 47649 1.0825064371103748
4 1 5 12 28020 1.0308953955831213
5 0 11 10 39792 0.9401867442345029
28 11 2 29 78224 0.9304926107965059
1 3 19 14 47060 0.936937470857508
23 5 5 27 81046 1.0827622258937672
13 3 12 20 67000 1.0196866026805784
12 16 22 25 36465 1.0336523287761414
0 23 29 4 85300 1.0583027202443522
25 18 13 24 47830 0.9381745834894938
14 19 27 0 76958 0.9512576442355144
10 17 28 11 50802 0.9094499705278201
0 28 15 16 67314 1.0327471224948006
14 20 0 1 66012 1.023271704901695
24 23 28 11 33125 1.0291884803149904
2 28 1 15 48504 0.9130038712686387
23 28 24 12 41300 0.9772324581227447
3 6 12 29 61764 0.9214283661345967
13 22 19 29 40942 0.9037793599153057
27 14 3 14 54302 0.9196125541377781
7 12 16 28 53384 0.983724599822586
11 3 1 18 48123 1.0584912248311094
5 15 29 1 80805 0.9334612679358925
12 20 27 20 54987 1.0087286325640779
0 26 7 15 58719 1.0230740878050613
1 25 13 28 38260 1.0834810058280515
26 10 17 16 24382 0.959739150454799
11 12 26 21 47726 1.0677213996475228
23 23 6 20 63548 0.9599890349113035
24 19 24 3 39829 1.0696956925384529
13 28 9 7 76255 0.9809826510701113
27 4 22 21 46536 1.008528259340056
19 6 5 9 41700 0.9364163356926759
19 28 26 12 52159 0.9483162027210374
1 11 8 6 19194 0.9083634799036039
13 21 24 12 51454 0.9244294662889077
21 27 3 0 76688 1.0720934261275878
0 11 17 14 32335 0.9134687651757318
25 11 4 27 66056 0.9378874025289479
17 24 3 9 55228 0.9219017556071686
1 1 17 14 44184 0.9875013749943037
9 25 15 1 72393 0.9449493998193078
25 7 28 26 44269 0.9763626043792796
26 28 0 21 83857 1.0229441795908578
29 5 27 26 60985 0.9987958926029348
6 25 15 28 34319 0.9383859969652557
11 15 0 24 53306 0.9287419314276789
22 14 3 5 49859 1.0502143585952235
2 1 11 16 37522 1.0685193037792557
19 0 29 22 67793 0.9721052053604027
18 19 10 2 58255 0.9416994208430848
1 2 23 13 49959 1.0423787254036614
26 14 5 17 53596 1.0061030418052044
8 2 25 9 48835 0.9005476973273228
15 7 25 1 45276 0.9686534157815662
22 17 1 1 55624 1.008673841673716
23 14 14 24 48927 0.9640894276419347
16 4 10 24 61065 1.0404902201766084
29 6 2 27 96508 1.0539600185987519
24 21 21 5 46622 1.0903700465738184
11 25 22 5 60946 0.9441311057765689
4 11 6 24 37520 0.9564644957963435
24 6 22 16 26143 0.9948408803302335
29 27 26 9 57896 1.0171335914537498
24 14 6 6 44766 0.9209751036296668
18 23 11 14 36074 1.045384379809731
20 29 12 16 36729 1.03587642635302
0 22 19 24 70285 0.9662981581742467
22 13 9 14 39898 0.9940945623491003
23 4 1 18 58943 1.0404768344321698
2 14 25 5 44921 1.0263817458738858
3 8 24 5 55128 1.0746048332493645
16 24 12 5 58593 1.0119842166050033
21 13 5 2 52448 0.9908205418777944
0 11 15 28 65707 1.046039956191074
16 10 5 2 44967 0.9090629963626179
22 25 25 9 34459 0.9697691499457651
28 24 28 3 53316 1.0011675243959821
24 13 22 24 32411 1.0254889192578174
14 18 19 27 41237 0.9007167763686174
27 4 10 27 72562 1.0906695578414214
23 0 10 19 80715 0.9938293207621443
15 15 29 26 67093 0.9231191324868516
7 25 1 3 55304 1.066753560881993
14 20 0 19 48979 0.9620632575465632
27 13 29 2 37744 0.9157925921384725
9 6 13 20 60834 0.9512396848528462
6 22 1 1 50783 1.0152801540016978
6 5 12 13 36522 0.9479358446531629
1 4 16 23 63138 0.9605984812935966
2 20 0 3 31381 0.9947630834259568
3 4 27 20 67150 0.9076893008506955
18 10 5 18 46079 1.090793232284662
15 20 25 8 39920 1.0056021131031212
25 25 21 9 41728 1.0141204420132581
12 20 27 23 53180 1.0446858628383688
0 3 25 22 70294 1.043279564092043
16 27 5 0 79794 0.9310517270746835
9 15 6 7 30692 0.9970794617447514
25 21 14 13 47405 0.9369434402253348
7 27 1 7 58563 1.0131225312513417
29 28 12 24 52033 0.9320809617644463
16 18 17 8 31230 1.0085306106016907
24 7 2 22 54616 1.0336111803446777
0 17 10 27 45641 1.0817563793044922
21 13 10 18 42571 0.977229705145745
23 17 9 9 48452 0.9633343053905874
15 15 2 17 36685 1.0140422953581159
27 26 0 29 64903 1.026004792614104
23 29 10 5 72251 0.931801557799405
14 16 17 27 30943 1.0111946385131652
15 3 4 12 49649 1.0200281456716285
0 0 14 2 42791 0.9873650796638168
29 15 17 24 45562 0.9743798658763785
0 7 21 3 60964 1.0684478926171868
14 25 2 9 56322 1.092429845316813
5 25 16 29 29884 0.9347054074622574
0 19 9 27 48272 0.915486251449029
4 1 14 28 80278 1.0269123175602113
26 12 20 17 30411 1.063044662627643
28 16 17 11 26780 1.0733221160879995
2 24 18 16 56328 0.9240154581861327
5 12 29 14 50378 1.0644276267188866
3 8 1 18 23578 1.031739776807128
24 4 14 17 42406 0.9759970105751294
26 23 10 24 45544 1.0886901381361989
28 13 17 3 38251 1.0337849957145875
25 27 1 28 49314 1.0060246421381476
7 28 5 13 66672 0.9729443521472386
18 22 21 5 39837 0.989336113273453
29 5 14 25 66312 0.9917813034523411
23 1 4 18 73671 0.9555277567585383
11 16 13 0 63223 1.0368679563979804
0 17 22 20 60388 1.0797210455228377
18 5 19 15 19647 0.9183222973795965
22 26 8 2 71404 1.039630229840638
22 23 9 24 41672 1.0711091381594313
0 17 21 21 59934 1.0668666450758206
22 3 9 15 60017 0.9459453353359701
15 11 10 6 26710 0.973566889729403
25 10 6 21 64242 0.9575643054786298
1 29 25 15 64160 0.9405538415144525
10 2 25 25 78868 0.996489788025082
14 1 21 24 61426 0.9209603083690346
4 2 15 24 72163 1.0723590033551522
11 9 22 4 41379 1.0007225425082604
10 29 18 16 34588 0.9642055172249705
8 5 18 9 33580 1.0110939602882496
2 27 12 22 48167 1.0812497502826761
3 24 20 7 66081 1.064645385138664
3 17 0 29 45533 1.0276990175898548
4 20 22 3 66944 0.9464136729420775
19 1 13 22 66479 0.9167195338596327
27 12 0 29 82521 1.0338161030183959
18 20 0 7 50214 1.0094417473550505
19 22 9 11 35803 1.0169001620790405
28 8 12 12 39697 0.9737591585991944
7 25 26 26 53157 1.0777275470281342
26 0 24 27 74175 1.0988163713525771
15 9 2 22 48424 1.0951697654608563
13 11 24 28 50078 0.933634756306249
1 8 4 0 27155 0.9399558414941077
17 3 18 25 39861 1.0064117312565233
17 27 11 3 65014 1.0733399370892645
7 1 4 24 48271 0.9909218606598427
6 25 26 11 68540 1.067743419669867
25 6 19 20 36114 1.0034875859902437
19 12 11 5 33240 0.9001973372844135
1 3 7 19 42819 0.9651978418031044
1 21 24 12 52877 0.9743631601209741
3 2 29 12 64635 1.0686841589786629
13 14 8 9 34080 1.0950677657497028
21 13 1 3 49790 0.9279925821794394
23 6 14 27 64906 0.9784306869870315
23 23 9 22 50866 0.9203076207611105
3 26 12 13 65526 1.094568077222083
4 2 13 20 66479 1.0915897908534953
24 12 14 27 57097 0.9345354675121934
17 19 5 25 50624 0.9945982408776828
10 23 22 19 50415 1.0833415371942694
18 2 13 25 49392 1.0596054141109614
13 15 20 21 35957 1.0781167399724503
22 25 13 16 34514 0.9076134653802329
11 26 0 21 57514 0.9423988432672439
18 1 7 22 73899 0.9653358160382066
9 0 21 10 52552 1.0773015639115098
18 2 29 8 42600 1.0669873264178873
21 1 12 18 56531 0.9487302067095933
6 16 11 28 52760 0.9409178190645475
27 2 18 28 61941 1.059605442247862
2 12 15 13 35988 1.0033032848945735
3 3 1 23 43686 1.0675054458004145
3 28 15 24 46650 0.9871147836046756
18 3 20 25 39930 0.9017366900134409
9 23 6 16 36558 1.0421812433530113
7 4 14 16 41033 0.901249864568453
5 29 13 21 47613 0.9652480388734284
27 0 6 24 99034 1.0511267966168982
0 14 29 25 81857 0.9692191433302508
26 18 25 28 25797 1.0133365645359742
28 7 1 22 68491 0.9728441457762593
24 23 14 19 44142 1.0283610660869997
0 17 15 13 47006 1.040939322705469
23 1 13 26 74731 0.9107876604339712
5 28 17 26 37717 1.0103477271604484
10 2 11 12 42925 1.0741721906038477
28 7 1 15 58583 1.0743082788727993
9 2 8 26 74211 1.0007890028901198
3 9 24 7 49813 1.0502746046384688
25 3 7 22 85805 1.0693770531679496
12 12 25 23 45088 1.0770069709948251
12 28 24 27 37537 1.0077005202217146
13 29 10 13 64205 1.0835213772097352
1 15 3 2 24538 0.9179066424756037
7 23 17 27 46931 1.0142675391138245
7 12 25 10 27545 1.077061137622517
5 3 15 0 42080 1.0880857057872433
12 1 29 10 60160 0.9856643579368028
27 9 19 12 21898 1.0000477818185634
16 18 18 4 31468 1.0382545408260049
20 18 22 2 54704 0.9069316395789622
20 1 15 28 65528 0.981999930130411
1 11 7 20 30693 0.9821468977017438
19 23 16 7 35602 0.9256524715248216
3 27 15 13 74721 0.97653356370373
2 5 23 15 51079 1.03611425044843
2 16 16 4 44076 0.9756597555393035
14 21 21 17 43080 0.9531328948256608
2 17 10 0 43973 0.9114598705919926
25 18 11 14 43830 0.9601231711401375
0 21 7 29 47524 0.9101146129991001
21 10 0 26 79903 1.0669706873584053
8 2 8 29 74386 0.9637984620015565
15 19 9 10 51045 1.0585495149797315
2 0 26 10 49342 0.9948783335931377
11 27 12 16 54430 1.0801977145242747
17 0 0 26 95543 1.0439119782858384
2 3 13 25 62849 0.9746114015834121
8 7 21 27 63342 1.046103255860415
12 5 5 0 36347 0.9499533031439118
4 22 18 28 41850 1.0696843974797643
25 19 15 0 55094 0.9382568313932482
21 8 23 24 51701 0.9724703944024562
29 9 26 24 45336 1.0173744685534138
1 14 14 24 65643 0.9669631483703263
20 4 24 12 28255 0.9557587020854602
6 29 29 12 75084 0.9043567177520826
22 17 14 23 45290 0.9375617561970764
29 23 17 11 43501 0.9091644977019392
7 23 25 28 52585 0.9650500094504143
25 16 21 26 28487 1.0678997904699605
11 12 4 21 38026 0.9445994314406898
5 9 10 15 39889 1.061459945286107
12 19 4 22 30965 0.91926063163179
5 2 19 9 47662 0.9138040215506487
29 21 3 24 81109 0.9991066789406733
12 16 16 3 42646 0.9144730279451535
4 28 17 4 68739 1.0287483077887014
9 6 20 23 53189 1.089419655752183
29 6 11 15 58098 0.9713102438485774
24 13 14 25 45919 1.02026871738444
29 27 17 22 47855 1.0989967410314005
10 22 15 8 72114 0.9389555170166984
3 26 19 10 63545 0.9460478892783681
8 2 6 29 70913 0.9992620868435836
1 13 4 3 30955 1.0711110746129022
5 13 17 2 50326 1.0379498323637555
28 26 1 5 81644 1.0431524014232256
9 25 28 18 64065 1.042125384700707
14 28 8 22 37862 0.9607727678527084
21 14 1 27 76492 1.0861606898584655
12 12 4 8 36030 1.0205429518502327
6 17 21 4 55545 1.017107668846662
18 1 7 8 37182 0.9455067663604312
12 1 24 24 73514 1.0920772496585387
7 23 28 6 86842 0.9826749314740436
27 16 29 29 33699 1.0434486219143082
8 22 25 7 66560 1.0817136352193708
28 12 4 15 59847 1.0724566409733791
28 11 7 18 62138 1.0684954529113717
10 24 26 14 58991 1.0104267413473735
29 6 24 1 29377 1.0488809099719822
25 12 16 13 25847 0.987976766865476
9 24 8 0 74297 0.9940693936043211
13 7 27 0 59815 0.9816634502431041
22 14 9 21 60177 0.936997047137984
29 11 10 23 74657 1.056286694036757
19 24 27 29 27660 0.9716921636624838
18 18 11 27 40081 0.9162041657710707
14 2 25 3 45735 1.0790197241902955
2 28 7 23 36750 1.0506415019671684
28 23 18 17 37803 1.0170737258804667
28 16 9 23 67447 0.9652209115357312
8 0 8 11 26129 0.9518345924480393
14 6 25 10 28709 1.05215691047196
22 26 6 1 69597 0.9091149462339863
22 14 2 22 50104 1.0948038216196183
22 3 13 5 35192 0.9344426984931433
29 3 12 8 61981 0.9643701216518179
22 23 26 5 44854 0.9946171411848073
2 6 9 26 55303 1.0706895841766857
24 17 21 9 32736 1.016194924856754
12 28 25 26 32741 1.0404018769486156
8 19 21 15 42323 0.9344830908573936
2 5 17 14 37431 1.0658674079349582
22 14 3 5 49859 0.9546111370883649
15 14 0 14 50227 1.0759965903772786
19 24 28 19 42334 1.0947397260295748
10 21 26 1 93478 0.9858071099199102
9 19 7 2 46690 0.9601510052152812
6 9 5 26 57986 1.0019840970730183
1 3 28 26 86247 0.998416923409753
8 8 28 11 46656 0.9837288466595542
3 0 23 26 81406 1.0419985383832973
22 19 20 9 38106 0.985685399978009
15 16 25 16 21489 1.0331444708725714
21 10 18 17 19170 0.9913911031461901
28 7 11 7 49137 1.0827826515375496
13 1 22 25 65988 1.0697723178541974
24 27 17 2 64661 1.0223466826596395
25 2 0 10 63687 1.043411479021975
7 16 22 14 37580 1.058555585007319
28 0 29 12 51796 1.0992424445333666
29 4 19 29 62018 0.9849828855322741
14 27 8 13 65575 0.9166560714577608
1 5 23 2 70876 0.9031687602630026
21 15 8 1 50701 0.9086065521412519
3 0 29 0 88098 0.999993013431181
0 29 28 8 88013 1.0153231078436467
14 6 28 5 36897 0.9589403442711847
3 5 1 29 58696 1.0792959966790874
25 25 29 13 31055 0.977309932141151
19 16 26 10 24183 0.9667865106391157
11 19 3 22 34514 0.9623576287127077
12 16 16 7 34060 1.000447905324212
21 22 5 5 67628 0.9636232683997586
28 7 11 15 55029 1.022528268445466
22 24 11 10 49201 1.0701457420773521
3 19 1 9 21767 1.0928240385359302
27 0 19 16 52739 0.9354548338878256
18 25 23 14 33408 0.9366681788389906
5 2 20 24 71432 1.0733347778972684
0 26 16 0 99824 0.960514215293468
18 29 0 0 69657 1.0429497148837297
20 19 24 0 62972 1.083984747518044
6 12 20 22 49455 0.9484478817035389
5 15 5 2 43097 0.97973617355284
15 20 2 21 49227 0.9695218098855645
1 25 15 14 72249 0.9084259833777202
26 28 9 29 33004 0.9964964600177124
10 8 0 2 44240 0.9309622263039687
18 12 1 14 33510 1.0534147425784346
14 8 8 1 41594 1.0028380172569609
6 24 18 18 47555 0.9116718549230808
11 0 22 8 53981 1.0139759736645628
15 28 8 16 54025 0.9962555066860779
0 6 2 27 55951 1.0314464752220807
11 16 29 27 65157 1.0239914666065406
28 27 3 14 81887 0.965739901565378
24 10 19 20 30197 1.0384889517900047
3 27 8 9 55110 1.072679865515708
29 29 27 16 33699 1.0948158397927163
4 9 14 12 37812 1.077418532223847
18 25 26 14 36730 0.9019020106000318
0 14 26 8 54784 0.9626230593087265
1 23 13 8 61262 0.9672172629549122
11 4 14 28 72889 0.985330846684239
27 25 25 3 50999 1.0990984124947751
9 12 26 15 36904 0.9352149748926906
14 4 16 24 50989 0.9056926843695349
26 22 2 1 66587 1.0731612396014123
13 29 8 10 54770 1.0327474151768614
4 28 20 22 46242 1.0331471505328949
19 10 8 6 29660 0.9557170337647614
11 23 17 7 62535 1.013271923737132
17 5 17 19 36314 1.02818759759838
18 28 4 28 27323 1.0272587552904295
16 14 9 20 46509 1.044335850502328
29 0 25 7 34119 0.9213337212508941
25 6 3 1 53574 0.9468331193712788
10 20 18 5 53511 1.0926548022402383
24 26 27 16 28541 1.062053139599737
4 3 8 23 64816 0.9946919201931945
21 1 29 29 72799 1.0825637942205288
12 2 18 26 64381 0.9467575392123335
21 10 28 0 46834 1.0169739986698483
12 15 23 15 33502 0.9347283855015489
21 0 21 19 68167 0.9206268133727618
9 10 17 27 47784 1.0649803826688558
25 4 23 12 21788 1.0472843966120835
27 9 9 25 66385 1.0728918647363623
6 12 22 0 56157 1.0007819211671625
22 6 12 27 66696 1.0688676564877138
15 19 24 26 47599 0.9600579656563486
27 29 8 21 55832 0.9537355266312977
12 4 7 19 55468 0.9430627148006592
24 3 28 22 49220 0.9710425176013676
29 21 8 13 65051 0.9670250014282046
0 25 11 26 35080 0.990485951050058
24 8 25 19 25028 0.9566708580021569
23 28 27 2 63295 1.056835933574767
12 8 3 17 43659 1.0984329350784754
2 16 11 7 36471 1.0342523452860932
26 28 11 11 52592 1.0147046330061806
22 15 20 27 40231 0.9879911070934966
19 10 29 28 53633 0.9661685344502546
25 26 27 0 59017 0.9323249789483592
1 3 17 6 46776 0.9078894423468252
1 8 18 27 57146 1.0662274514938543
11 15 2 3 40489 1.0673868678251601
21 5 14 28 66103 1.0169544093329421
12 11 10 0 40540 1.0742288234004824
22 8 23 21 43714 1.0538906185665662
26 21 18 23 30153 1.066640679083515
9 18 1 6 38702 1.034010751708116
8 26 18 8 56419 0.9795212527073589
14 13 2 4 39932 0.9295919664750033
23 10 10 1 51981 1.0034787860786565
15 23 0 18 69290 1.0728297167724952
3 24 15 14 68896 1.0402802817280998
10 3 16 22 69672 1.0541925559241903
0 5 18 7 42096 0.9628892846506545
26 7 13 6 33319 1.057094657423183
24 13 18 5 25324 0.9618642421938923
11 22 19 19 46339 0.9954190994798613
20 25 11 27 33663 1.0357412622566256
29 5 23 11 27112 1.08302483358061
0 3 21 20 67463 0.9731991630959329
25 21 14 7 48006 1.0960091557887475
2 11 6 4 21703 0.9899035264191508
0 24 15 3 79607 1.0678619796472177
23 17 27 5 38136 1.046280477298476
8 16 6 4 31844 1.0035790765415675
23 14 4 15 55787 1.0902273985747175
16 13 4 3 51358 1.0190175346413493
21 22 29 8 57536 0.9490877482434046
15 24 9 14 56965 0.9467021321212313
14 3 14 23 70102 1.0945251439011852
15 2 6 18 71417 0.9367633537017879
8 25 24 11 56027 1.0649701864476415
22 7 19 18 38753 1.070295692618243
18 7 15 14 22703 0.9885261862418092
26 3 16 17 46030 0.9974792095148495
27 24 15 6 55718 0.9249199886422564
2 3 12 9 37078 0.9617509681446845
10 29 12 3 76114 0.977248113140785
21 24 9 6 59228 0.9605817094946607
29 21 15 25 47739 1.074634354614896
23 20 11 5 62205 0.9258988224656587
20 17 26 3 46676 0.9750429990599248
6 24 28 18 77552 1.076779568328675
1 1 4 9 24166 1.0371101728760408
18 22 0 27 56908 0.9167082355128289
2 16 29 18 67158 1.0243605188407938
25 16 9 6 46329 1.0353699202073234
23 29 10 12 55548 0.9415278941999414
24 24 15 0 67956 0.9696812554291634
4 27 8 10 46625 1.028302361082969
20 17 29 15 29047 0.9354831496217856
22 22 10 29 38812 1.0054943027631926
21 28 5 2 79118 1.0656486290221097
13 14 5 8 45685 1.0831683079742283
28 3 27 29 55888 0.9111424044011485
18 17 15 24 24132 1.092703688694986
29 1 17 16 55670 0.9952442574397776
19 0 29 22 67793 0.9179193265030176
10 12 25 13 31120 1.0309129391624647
23 22 10 26 46822 1.0959803096783982
22 27 21 14 45747 0.9940876112039465
14 29 21 11 39867 0.9281643553336524
3 23 3 10 30730 1.0434138916361735
3 7 28 14 54529 1.0474544889439763
14 12 22 0 49112 0.9663105471529987
17 14 28 20 40282 0.9393246760466676
29 26 18 0 74856 0.9716273357988423
13 18 29 24 63220 0.9759332442464831
4 1 18 7 41191 1.0684174002661055
0 25 12 11 53682 0.975537735661271
29 22 28 12 29735 0.9017846305426717
5 24 12 9 58323 1.0353543107752579
22 11 5 22 56346 0.9995182884662783
11 4 4 17 41122 1.0605198406276906
8 16 8 28 44216 1.021330063358195
27 29 17 16 38215 0.9525147756271628
27 4 2 3 57614 0.9047323391459337
23 7 9 29 66692 0.9192901226507896
23 22 11 12 51773 1.0899105427820412
13 21 1 7 66356 1.0000402754388495
24 12 8 6 37990 1.0365317416544872
29 26 21 5 68979 0.9863903265248458
21 19 18 3 47370 0.9150474087358756
16 11 9 19 42509 1.0567770867579949
27 14 1 26 87194 0.924213326704964
16 11 8 22 50712 1.0285270016490289
17 29 27 8 56227 0.9283878594886534
15 21 23 17 43461 0.9406501800794729
19 6 12 10 24881 1.001161346338915
14 27 27 8 70400 0.9116377363711098
12 11 12 23 57499 0.9712280490434669
9 29 11 11 53587 0.9242156075571549
22 19 16 29 36591 0.9065566121740328
1 9 15 20 55336 1.0572878202077411
16 8 5 13 45740 0.9995117650462826
14 0 12 11 45429 0.9613700965988212
20 27 5 5 73068 0.9713455641445697
11 19 16 6 49720 1.0981885534915514
10 6 29 28 79349 0.9207594431324282
4 2 23 13 52899 0.9145274699577175
4 15 15 9 50119 1.0431760860353114
7 22 19 26 53043 0.9075066952417784
3 1 29 4 66718 0.9144481802923998
10 3 26 6 49674 1.0825429174183754
28 4 3 3 67660 0.9130312345561099
24 24 9 5 69916 1.0139247748034659
23 4 20 23 48695 1.0487623067230276
22 19 27 26 35536 1.0589572703913028
2 12 0 21 23214 1.078790465967369
6 3 3 12 29945 0.989477351364854
5 29 9 15 56737 1.0111205196409878
2 21 14 21 53394 0.9637796686361731
11 16 23 23 40230 0.9059063283712606
5 9 18 16 39432 1.023808436194533
9 15 18 14 28310 1.0959349640747194
7 14 25 3 49049 1.0423126992684728
22 25 9 23 40268 0.9072919015194268
20 13 6 8 34245 0.9271856780677505
19 4 10 19 53630 0.939737407997397
11 24 29 7 78709 0.971234856711057
26 17 3 15 58574 1.038772416348908
16 4 7 20 63174 1.0648803376224587
19 1 15 11 24261 0.9319005421148847
21 11 11 11 13288 1.080357392598697
26 2 17 4 35471 0.9118021721010294
6 12 11 0 40097 0.9368848883073553
0 5 21 12 47996 1.01684100361678
26 9 7 7 41215 0.9008565763619866
16 28 2 29 28209 0.9630065850681018
21 17 6 3 56135 0.915978011083077
21 17 12 18 36234 1.003134332035352
12 21 0 23 64312 0.9659212533296875
3 24 22 27 52826 0.9896972273884586
4 14 12 3 48743 1.0918779845353335
6 11 28 5 44964 0.9847729205478742
18 13 27 28 46394 0.9525926462946797
28 14 24 29 36477 1.0216101850610928
13 14 29 10 46982 1.0897008604326008
4 27 27 24 57035 0.9310285325819748
4 22 11 2 60668 1.0916234253229895
21 29 29 8 59062 1.0098722570874124
14 11 2 22 29568 0.9758403434654599
5 0 20 2 57072 1.0238358449138443
0 3 23 4 63501 0.9669943454434144
16 25 21 0 61134 1.0194981123906925
29 22 17 18 52765 0.9485798140300111
14 3 1 19 56387 1.0139530219517137
19 9 7 0 40211 0.9899776084878334
21 14 1 11 38683 0.9996786472980953
29 4 20 2 31914 1.0664548640434162
28 3 2 1 65333 0.900212027888111
9 3 6 24 64418 0.9462316701281742
15 15 3 29 61065 1.0038995324090603
16 25 7 15 47379 1.0184046194170624
23 3 15 11 35127 1.0876186808438464
15 15 2 16 35379 1.082033792830568
23 2 6 16 69009 1.0865084150854452
5 27 13 3 80742 0.9687381780564824
10 17 14 8 56768 1.0920893994368588
8 26 26 3 83478 0.9136079655511168
8 14 26 4 47608 1.0022720739289332
25 18 27 29 21979 1.0495841356071165
20 19 1 25 63122 0.9900957253552015
25 19 1 12 49524 1.0544587016300953
3 13 27 28 78270 1.081806852886503
28 19 26 11 30131 0.9504255100102906
3 8 12 7 38727 1.016990841588584
28 11 7 29 69725 0.9422782297598489
6 11 1 16 13936 0.9561448753242294
18 3 26 12 32701 0.9783044743310112
