6890 6828 6822 6391 5787 6964 6677 6089 6260 3192 4187 4448 3928 3979 4460 4084 3539 3225 4146 4387 3655 3185 4018 3307 3291 3480 3978 3943 3517
3290 2946 3270 2982 3638 2648 3312 3009 3108 3461 2891 3206 2611 3537 3525 3409 2693 3424 3593 2729 3265 3248 3668 3804 3496 3614 2602 2834 4038
7052 6495 7257 7660 6904 6822 6607 7233 7402 6519 6690 7542 6842 6892 7036 7517 7690 6404 6745 6528 7073 6638 7664 7629 6536 6685 6659 6837 4787
2826 2059 2645 2564 2038 2819 2842 1725 2231 2637 1762 2602 2626 2313 1750 1963 2255 2394 2707 1710 2748 2761 2111 5872 6293 6399 5768 6640 6300
6225 6657 5880 6370 6058 5910 6201 6501 5678 6280 6106 5885 5863 6103 6134 5651 5567 6392 6490 6148 5720 6131 6153 6082 5459 5615 5629 5818 5919
2375 2702 2564 2048 1859 2282 2709 2499 7641 7512 7791 7655 7268 7557 7523 7313 8017 7697 8180 7650 7301 7751 8342 7692 7668 8008 8073 8261 7583
2848 2600 2814 3503 3508 3235 2423 2469 2917 3262 2518 2417 3071 2950 2544 3360 2608 2867 2466 2357 3019 2860 3386 3504 2443 3437 3076 3552 2607
5550 4979 5262 5516 4856 5729 4918 5051 5801 5780 4931 5047 4825 4608 5501 5911 5868 5134 5381 5743 5641 5434 5877 6775 6770 7609 7010 7585 6772
3514 3222 3913 3702 3979 3868 3083 3924 3726 4253 3938 3662 4221 3696 3709 4287 3148 3547 4138 4154 3322 3178 6222 7184 7362 7113 6300 6968 6624
6614 6479 5751 2384 2297 2810 2400 2600 3023 2367 2199 2298 2689 2750 3397 2740 2640 2379 3430 3097 2994 2867 2147 2269 2154 2401 3414 2742 3086
3732 3421 4286 4195 4150 3741 4361 3422 3589 4594 3419 6702 6088 6277 6112 6659 6533 6205 6389 6444 6838 6674 6269 6640 6100 6284 6169 6301 6223
7076 7785 6704 7661 7137 7733 7698 6608 7314 7013 7100 7585 6747 7823 8076 8234 7633 8041 8252 8096 7870 7772 7463 7514 7488 8106 8397 8673 8468
3229 4047 3454 3260 3436 3873 3974 4175 3715 4280 3446 3466 4013 3469 3133 3244 4002 3814 3285 4170 4298 3504 4446 3351 4336 3535 5314 6175 5663
3882 3483 3168 3944 3702 3338 4195 3963 8723 7897 8641 8674 8136 8894 8401 7884 8200 8214 8838 8003 7863 8506 7757 8362 7755 8168 7721 8720 8641
7392 6985 7736 1612 2071 1698 2066 1273 2021 1747 2079 1421 2345 1714 2511 1837 1362 2355 1597 1977 1488 1435 2508 1413 2145 1644 2270 2536 1474
2561 2193 2290 3068 1862 2634 2509 2862 2614 3026 2420 2325 2977 2923 2629 2878 2794 2266 2388 2774 2359 1801 2076 2475 2389 1727 2085 3021 2838
3005 3493 3993 3781 3233 3565 3989 2033 2803 1730 2286 2877 2225 2506 1811 2799 2359 1906 2800 1988 2234 2886 2056 2776 2406 1935 2613 1887 1683
6786 6659 7550 7254 6855 6698 6815 6774 3212 2600 2169 2824 2644 2949 2522 3149 2183 2858 2426 2813 3037 2871 3118 2530 2005 3122 2395 3134 3008
4050 4021 4230 4462 4610 4722 4767 4750 5133 4065 5265 4448 4299 4881 5265 4922 4359 5102 4637 4935 4006 5075 4344 4615 4015 4658 5292 6890 6330
6598 7732 7215 6562 7341 6809 7440 7543 7269 7472 7573 7105 7563 7339 7235 7130 6742 2938 3714 3222 3421 2906 3141 2878 3588 2765 3937 3731 3019
2896 1958 2129 2583 2331 2764 6598 7611 7805 6979 6637 7769 7808 6925 7360 7138 6852 7607 7560 7372 6882 6690 6577 7344 7405 6824 7570 7780 6921
8191 8046 7751 7911 8517 8232 8376 8088 7594 7777 8684 8209 8150 8154 8208 8074 5226 5198 4985 4540 4690 5164 4203 4653 5257 5004 5306 5294 4962
6185 5988 6095 6272 5627 6384 6471 6043 5686 6504 6618 6371 6347 5529 6050 6020 5967 6106 6432 6171 6161 5531 6620 5437 7510 8641 7822 8245 8326
2269 2832 2661 1800 1891 2197 2060 2269 2739 2013 2186 2325 2085 2449 2690 1735 2440 2036 2788 2299 2643 5032 5243 5393 5465 5713 5247 6038 5624
6849 7005 7343 7783 7796 7627 7757 7056 6934 7893 7228 7941 5626 5671 6229 6571 6528 6775 5757 5739 5972 6500 6633 5786 6053 5658 6574 6181 6045
7940 8056 7946 7774 8707 7946 8767 7621 7659 7296 7844 8091 7244 7530 7856 7856 7230 8147 7306 7528 7629 8019 7428 7957 7076 7609 7311 7413 7095
2386 1421 1562 1496 1679 2275 1238 1837 1937 2175 2158 1226 2248 2029 2356 1441 1192 1996 2393 1679 2354 1722 2270 1253 2107 2182 2348 2378 2421
7187 8154 7135 7322 7922 7987 8174 7065 7483 8640 7732 8870 8382 8829 8712 7656 7778 8585 8627 8327 8063 8588 7768 8042 8211 8820 8804 8360 7833
2737 3059 3109 2908 2970 2501 3483 2925 3079 2458 3052 3447 2963 3024 2473 3626 2530 2434 2514 2364 3613 2786 2491 2592 2467 3651 3544 3870 3515
3098 3658 2681 2816 3064 2937 2984 3370 3062 3648 3641 2599 2736 3037 3522 3355 2805 3723 2628 2547 2931 3505 2884 3441 2495 2523 3493 4236 4127
6696 5697 3375 4793 2525 6845 6953 7316 5750 6882 8162 2354 2733 4094 7423 2032 5641 5138 6454 7323 7049 7711 8264 2584 3141 2925 5429 8415 2545 7192
5952 6111 3306 5084 2397 6870 6686 7505 4828 6332 7082 2509 2858 4405 7358 2049 5305 5170 6441 6996 6332 8095 7304 1926 3649 2740 5829 8105 2201 7182
6814 6166 3485 5270 1952 7459 6778 6908 4555 6784 3501 2004 2417 4525 8133 1570 5972 5050 6073 6735 6492 7443 8119 2663 3010 3403 6039 7949 2289 7245
6439 5192 3597 4772 1969 7193 6616 6793 4660 6119 3092 2601 3170 3368 7471 2538 6374 4939 6616 6631 6360 7408 7991 2141 3351 3369 5913 8616 3265 7053
6812 5815 3833 5406 2583 7329 6486 6856 5167 6182 3182 1532 3038 3579 7921 1842 6034 5566 6074 7881 6233 7951 7719 2146 3054 2655 5579 8621 2900 6831
5636 5320 3564 5044 2190 7205 6104 7275 5243 6681 3672 1935 2508 3174 8061 1747 6321 4941 5894 6659 6111 8054 8115 2050 3483 2529 5609 7737 2499 7316
6124 6281 3156 4545 2614 7003 6179 6808 5478 6456 3714 2373 2555 3734 8249 1395 5529 4590 6299 7908 6132 7892 7822 2512 3582 3745 5263 8760 2749 7681
5989 5623 4067 4223 2308 7608 6856 6411 5721 5999 3975 1976 3273 3639 7549 1537 5631 5251 6001 6700 6557 7515 8079 2300 3461 2751 6135 8050 5641 7834
5764 5342 4159 4863 2615 8047 6500 6810 4930 6329 3493 2432 3327 3385 5249 2238 5446 4427 6444 7300 6541 8439 6727 2084 3188 2949 5878 8350 5463 7107
6303 5756 4228 4534 2032 7792 6369 7389 5076 6722 3716 1790 2797 4141 5934 1931 6123 4534 6568 7572 6138 7372 5835 2862 3662 3542 5308 7756 5716 8029
6547 6258 4060 4484 2787 6893 6231 7108 5049 4488 4055 1796 3351 3301 5766 1378 6050 5285 6451 7409 6401 8297 6611 2013 3633 2534 5421 7644 4794 7566
6811 4670 4405 4734 1765 7197 7010 7594 5718 4188 3454 1916 2709 3239 5945 1555 5450 4513 6351 7812 6217 7834 6303 1804 3177 3147 5563 8370 5677 7821
6520 5315 3704 5359 2521 7184 7091 7165 4818 4380 3462 1949 3256 3501 6190 2027 6152 7149 7847 7578 5718 7830 5737 1875 2858 2629 5686 7977 4807 7562
6314 5549 4021 5055 2662 6818 6806 6575 4477 4660 3935 1733 3456 3118 5538 2362 6140 7593 7998 7767 5705 8720 5603 2986 2824 3302 5710 7909 5384 7749
6561 5499 4199 3318 2367 7277 6397 7593 5712 3744 3146 2208 2850 4026 6053 1447 5348 7840 7151 6730 5797 7575 5591 2804 2718 2932 6494 8454 4939 7453
6538 5216 4485 2715 2111 6796 6719 6644 4700 4194 4217 2504 2687 4128 5177 1483 6368 6881 8199 6721 6281 8297 5893 2483 2566 3096 5844 7997 5367 7018
6663 4639 4432 2931 2781 8074 6487 6448 5656 3591 3461 2200 2443 3547 5088 2008 5750 6735 7619 6842 5934 8719 6486 2519 3416 3270 5990 7715 5203 7055
5936 4466 4255 3261 2448 7955 7091 6373 4638 4708 3214 1821 1849 4068 5889 2320 5705 7529 7749 7335 5540 7944 6713 1836 3358 3031 5868 7818 4740 8209
6647 5524 3942 2892 2561 7390 6793 7149 5621 3554 4141 1767 2133 3417 5450 1945 5919 6939 8357 6618 5610 8255 6572 2404 5213 3430 6208 8200 5470 7638
5712 5040 4763 3141 2281 7257 6290 7290 4840 3653 3386 2572 2071 3549 5937 1922 5288 7248 8213 7532 6577 7936 5993 3963 4977 5289 5300 7909 5843 7665
6574 5627 4721 2790 2810 8082 6652 7374 5194 3559 4258 2167 1922 3809 5131 1434 5541 7548 7605 6623 5739 8145 6101 4671 4343 5418 6122 8356 5558 8548
5819 5161 4662 3177 2275 7198 6693 6805 4713 3965 3513 2069 2252 3808 5438 2407 3299 7144 8410 6704 5552 8703 5760 3881 4589 5298 5891 8217 5072 8184
6805 5269 3964 2761 1584 7578 6579 7274 5030 4578 4181 2533 1920 3018 6195 4862 3081 6962 7816 6917 5994 7715 6680 4377 4250 5657 6016 8278 5217 8701
6070 4778 4223 3191 1925 7953 7041 7987 7104 4263 3770 3890 1566 2903 6026 4156 3369 6705 7139 6994 6442 8260 6690 4466 5304 4756 5805 2534 5860 8064
5989 4758 3710 3735 2051 7635 6925 7620 6666 3674 3075 3370 1896 3778 5876 3920 3383 6804 7774 7535 6752 8720 6333 4078 4326 5579 5417 2545 5128 7727
3712 4645 4642 2981 2202 2205 7112 7643 5944 4764 4202 2937 1712 3277 4932 4179 3389 7453 8130 7432 6199 8635 6839 4882 5374 4927 5504 1756 5082 8033
3749 4511 3899 3485 2071 3055 6429 7599 6263 4511 3100 2835 2396 3843 5264 4469 2738 7796 7285 7009 6547 7846 6349 4305 5344 5808 6222 2235 5436 8058
4294 4802 4025 3021 2429 2358 6209 7427 6033 4797 3579 3449 1799 3885 5662 4191 2693 7188 8172 6947 6310 8550 6433 4570 4485 4939 4673 2013 5424 7850
4133 4605 4760 3539 4105 2609 6355 7790 7074 3819 3950 3063 1572 3692 6090 4729 2941 6782 7392 7278 5589 8106 6445 4397 4166 4603 4012 2312 5920 7690
7 0 26 19 88054 0.9213449667986109
0 11 10 20 47879 1.032757530573984
0 6 5 12 36057 1.0625707512568432
20 4 5 26 83483 0.9911133422369832
5 8 15 7 40215 0.9212301975180662
8 17 24 4 62593 0.9064582458952256
25 17 11 27 76812 0.9180936004698709
5 14 6 4 36551 1.0553910218733764
6 28 25 9 87530 1.0808101855200485
27 13 11 14 48794 0.9359627609926457
15 12 24 6 37910 1.0508417764450946
26 2 0 19 88014 1.0454219449119453
24 10 3 19 62212 0.9876403192669523
24 12 2 15 47748 0.9502624241610359
1 9 11 17 46652 0.9805712423643465
6 2 12 23 65987 0.9283803306374088
2 29 17 12 76662 0.967091128870878
7 23 25 0 84821 0.9137320334445472
14 21 25 7 56828 0.9089187728576924
17 22 5 21 43660 0.987396765674313
9 21 8 5 51371 0.9076015669790146
15 19 29 15 52310 1.0816115320886721
14 14 5 23 37556 1.0696706470347168
26 7 23 26 50985 0.9827552436421155
9 3 20 9 46724 0.9114158928536357
24 23 13 28 48796 0.9159720948241766
11 13 11 29 62325 0.9245941253291493
18 4 6 6 35754 0.9367214459766826
23 21 15 28 48106 1.0489061385614145
18 11 14 17 19569 0.91494589821118
26 21 17 12 35009 1.077578415264072
6 29 26 24 80672 0.9559166754575464
24 5 10 6 48565 0.9026154861277617
13 1 28 9 58927 0.9995726547245432
17 24 10 17 43101 1.0538447738189833
23 9 23 21 27689 1.033245502906868
25 25 13 23 51869 0.9114812343359598
5 0 24 9 67820 0.913929574279511
20 7 6 21 76340 0.941643214537015
3 26 16 24 46032 1.0800472371202672
7 6 29 29 106344 0.9961849295519261
0 28 16 16 68412 0.9852157437349139
9 9 14 15 21741 0.9684285579066736
29 13 17 11 28648 1.0399797918945448
26 21 2 12 70974 1.015902353395627
20 9 17 2 43335 0.9046930628404591
7 25 19 17 53051 1.099627571490665
16 10 26 0 45813 0.9549507619127963
1 23 19 19 54098 0.9482120631887929
21 5 9 14 54838 0.976681792910058
10 26 15 8 54188 1.0249720417886337
28 25 1 2 110639 0.9713443981185552
16 4 5 27 78616 0.9411362120499762
10 15 18 6 44007 0.9821012993104845
23 3 28 25 57732 0.9830737952414
3 20 29 3 86287 1.0625326430569688
11 15 5 2 46478 1.09852694982687
15 6 7 12 33637 1.043263053100537
8 1 29 19 90498 0.9780213404944903
22 23 8 20 50650 0.9380337229473048
18 5 10 22 64769 1.0914683462377444
26 27 19 0 72220 0.967773669997155
13 5 28 22 74170 1.0227153124780182
1 7 1 20 41196 1.0408169307046853
26 14 10 29 83707 1.0888738003642997
17 11 13 5 24614 1.0163113124082555
17 20 11 11 31956 1.0321174409501024
8 1 14 29 72206 0.90605266375411
27 18 4 25 86303 1.0248999081222716
7 1 9 25 74622 0.9850707479794504
15 28 1 5 80665 1.0085574253016634
27 14 11 5 63303 1.0397308137292751
9 8 3 20 40758 0.9227907601956402
17 27 5 25 41943 0.9369618010197572
13 1 13 18 47755 1.0275567465056101
17 15 6 17 25329 0.9621941376192829
15 3 21 26 73134 1.0330684435470892
6 23 20 29 58065 1.0365998416467517
27 26 28 3 55377 1.0180176817656348
27 8 15 23 60358 0.9432018448926823
8 16 23 10 44351 0.9229696471554382
15 2 7 11 33767 1.0805827713140697
23 4 26 23 42383 0.9842937392597009
12 25 13 11 33772 1.0703704692729685
17 19 18 29 36095 1.0401349646243694
7 4 15 18 47021 0.9594499216475798
22 2 17 9 41478 1.051976815111767
29 23 4 19 95082 0.9562844151090516
5 0 18 4 40890 1.0807695494487413
28 13 24 7 31754 0.934735827931905
8 10 20 15 33992 1.0484414392046275
9 18 22 9 52176 1.0636970684600382
6 12 14 19 30139 0.9944658865457262
17 15 12 5 34503 1.0348470247542516
25 22 4 22 73695 1.041050744439602
9 24 2 16 38160 0.9903629593463795
12 14 19 2 48818 1.0296875436493451
22 12 21 22 40557 0.9610262452617775
16 23 5 25 32199 0.9906163978042484
27 29 29 17 45530 0.9800305323933235
5 2 20 15 58177 1.0033413675099176
2 13 24 13 57008 1.0644967040886681
28 10 13 11 38518 0.9564290786104231
0 21 4 4 56001 0.9129908059904744
10 14 1 21 42072 0.9813066572712845
23 24 9 5 80216 1.0277430883704854
0 24 0 13 41985 0.9608744776812828
2 17 27 28 90832 1.0063843461380602
28 28 2 6 104418 1.0656681192687123
28 14 15 21 53430 1.0016464543947436
2 25 18 2 89911 1.0398697484236712
0 19 27 2 91913 1.0711100438927956
22 21 11 4 69378 1.0368879951476533
8 5 0 18 57487 0.9116521642795066
13 27 4 26 46293 0.9134563977936546
13 26 9 5 58045 0.9726566997755918
19 29 4 16 70186 0.9720160190947582
4 9 8 2 34921 0.984811902821285
29 24 17 2 81401 1.080878869001229
23 10 9 5 46610 0.990947869151745
17 0 13 25 66662 1.0030860818046379
25 6 7 3 60668 1.0770478225628128
1 14 27 1 80445 0.9541467913774189
28 11 26 1 24062 1.0746667379676378
24 16 15 2 53098 0.9291534473566675
15 4 9 15 32566 0.9521476566581721
19 28 25 20 54998 0.9166600054999164
5 8 21 19 73938 0.9441100554495696
27 10 3 13 60333 0.9662333484830355
6 13 22 12 41081 0.9336504365021806
9 26 23 27 64655 1.0386678635919058
21 13 0 7 71857 0.9060507525026369
16 20 11 11 28371 1.0970147895768232
20 29 20 4 89683 0.991575259477093
18 14 9 9 34180 1.049137356326252
29 26 12 23 65168 1.0731118562733504
8 25 2 0 79682 0.9633886190754785
29 28 29 11 48732 0.9645103131850891
25 15 6 5 68684 0.9515952669940456
20 9 4 8 56890 1.0310381508483109
11 0 15 8 38218 0.9125115637146954
8 27 13 21 41047 1.093116537774561
18 28 2 4 87887 0.9836939076345433
16 16 7 12 30418 0.9320121270066921
12 5 17 21 50969 0.902258263561406
4 12 9 27 51813 0.9612442074535128
11 8 14 18 34386 0.9133305763112674
13 16 4 4 52871 0.9249365441675754
8 29 10 1 88231 1.081112643241998
21 3 23 15 32642 1.097889220124299
11 9 17 17 33857 0.9444137102529906
21 18 1 4 81301 0.9721866493779117
16 13 17 23 25864 1.0692606483942029
13 27 18 6 66625 1.0992372374621644
20 22 25 6 67595 0.9267248563590229
11 8 20 1 43340 0.9342721672775324
10 15 2 20 30749 1.0911023664589292
0 26 14 14 58961 0.9326912571136835
22 25 13 4 72684 0.9549029472295246
2 27 14 5 83117 0.9287709744262597
7 9 15 17 39413 1.025300629096096
19 27 14 10 49843 0.9386543220598456
5 27 15 25 41781 1.0528322364149958
0 11 26 17 64888 0.9676080429687788
26 0 6 8 65200 0.9332484101687586
0 6 18 19 79977 1.0170333342340996
7 23 19 0 81256 1.0285699588770512
21 25 26 19 37602 0.99036879402514
7 24 5 11 42926 0.9287878934642668
17 20 5 23 37318 1.0483372756948597
18 4 2 24 78734 0.9098341828248586
17 24 1 25 46775 0.9308074224875739
2 23 23 5 81713 1.088801047738158
14 2 20 25 68654 0.9139510829229858
18 28 7 26 50869 0.9837515889444073
24 4 7 8 55668 1.091080121381494
9 16 3 11 23328 0.9404550132660334
4 23 17 20 39464 1.0106925776016904
28 29 27 13 42798 1.087876183508107
29 4 19 4 23733 0.9895386286966084
10 14 8 6 32760 0.9632535920825285
11 22 18 2 67700 0.9153224067343119
24 13 29 26 44430 1.0871552536981963
24 5 4 14 71950 1.045284661982858
14 8 5 24 53820 1.0217504470687944
25 18 4 15 58964 1.095911717611099
15 22 11 14 31109 1.0821730920832615
17 22 21 12 35427 0.9805467448848695
11 14 25 29 79499 1.080535343542618
29 4 23 9 25939 1.0965095249191343
17 25 29 0 85954 0.9887082184626963
6 28 25 25 82420 1.064367962564754
16 25 5 4 66102 1.0041599611422134
0 5 26 15 84103 0.9489564129916009
6 25 16 13 46189 1.070583753566382
7 7 4 19 49283 1.0874234365989814
5 24 26 11 70444 0.9172101282890982
8 13 19 5 50120 0.9694542316293792
17 2 29 15 59535 0.9142717659933232
6 3 3 16 37553 0.9082007373592405
13 12 1 25 60570 1.0470488231637214
28 24 20 21 49760 0.9488725250978723
2 19 27 9 75910 0.9931243306853839
3 22 27 14 75865 1.0664138800716119
21 10 19 29 74335 1.0916297123147067
2 14 29 3 83864 0.9470330434669181
13 5 24 13 44238 0.9242082480796138
9 13 26 5 53739 0.9717725305286811
0 27 22 10 91991 0.9324926936483218
29 22 14 24 59933 1.046691594532472
19 20 23 2 63736 0.9951764699128891
8 9 5 20 43291 1.0630231722810066
19 15 25 20 35117 0.9877448234995237
0 18 5 24 37841 0.9745291217661286
23 27 29 21 31736 0.9180174719854938
28 26 15 23 55242 0.997166694669599
21 16 2 17 50451 0.9430819270896946
19 21 1 9 73358 0.9851368235173844
1 27 6 14 45425 0.9926605998932205
24 27 4 4 97625 1.0575043277837988
24 21 6 22 68359 0.9661120701131795
10 28 26 10 77415 0.9927049519939131
21 26 9 22 46386 0.9466542514380479
5 13 21 6 63878 1.07496632990066
25 27 22 3 56590 1.019567764211649
3 28 9 0 101202 1.0774814564004627
24 19 12 4 61950 1.0021117758140021
14 27 20 16 40294 0.9788945798403635
0 2 21 23 95110 1.0481986921031625
9 23 12 11 37772 1.0375046142023392
15 13 18 22 34762 0.9072991619502694
20 16 16 8 31571 1.0885313467644113
4 2 12 5 28192 0.9541808006500331
3 14 27 20 67811 0.9298197747108031
4 5 14 13 46856 0.9888780271838693
25 15 2 14 57060 0.9952522317445486
27 2 12 19 69452 0.9594010643187393
11 10 9 1 37882 1.063032120228988
7 25 26 22 66297 1.0790016558064897
19 27 25 8 78606 0.9022159250809831
2 26 29 2 114972 1.0982300592388663
2 1 8 12 43567 1.0082647047915902
9 22 26 2 75065 1.0019316562659681
5 9 21 19 72459 0.9853477740548828
20 0 28 7 35489 0.9950791134166954
17 5 5 15 51230 1.0910068404166473
2 8 28 16 73445 1.096963663336774
23 26 27 4 58248 0.9774619495030086
28 12 10 4 53607 1.0625441902803083
17 7 1 21 70931 1.0729596020677512
10 6 5 15 37009 1.03148633435638
3 9 15 18 43625 0.927976394604302
29 24 2 5 107158 1.0180676453269883
13 19 26 25 60899 1.0319626171059266
0 15 28 13 62595 1.0555827424544058
10 18 19 4 56794 1.0048236172177436
16 19 23 22 38058 1.0274548519253148
14 3 2 2 36352 1.045582589906859
19 6 7 8 58357 0.9306917008604256
6 11 17 24 48628 1.0972269250971867
21 2 6 12 55319 1.090497916279497
29 8 9 21 74486 0.9844338081623198
14 5 29 29 82099 0.9036121203744611
22 20 13 28 54774 0.9230915491574304
9 17 21 20 55215 1.0707196231294982
9 23 21 20 45370 1.0122871094665757
11 1 0 22 89656 1.0330352030281857
0 14 13 25 52080 1.068995192833146
13 27 26 18 64832 1.082365531783477
7 16 8 6 39909 1.0124733440652045
8 3 11 25 66225 0.9645459337147341
11 21 18 26 40452 1.0805973632191335
25 24 3 21 72358 0.986227038790513
17 19 25 28 61747 0.9667942406367704
4 15 10 11 21683 0.9247166590718078
24 12 7 2 62133 1.0117633747070465
15 24 7 18 42651 0.9481341310915561
2 28 22 22 76044 1.0316076477023464
27 18 3 15 62727 0.9465273412505051
14 4 5 8 30843 0.9622540583141422
19 22 8 1 75911 0.925693934703853
0 9 10 14 40766 0.9623957673482197
17 13 14 21 21025 0.9985201605571384
28 24 0 0 121104 0.9072617683115107
15 9 27 25 61070 0.9010811229730821
15 22 11 29 38563 0.9082928721443376
10 7 19 8 47570 0.9616995123152083
9 17 24 9 49482 0.9883930908757208
25 21 10 9 68452 0.9579803469819235
1 24 10 20 35772 0.998489012924791
23 23 8 9 70617 0.9292214552233424
27 23 2 8 85925 0.9979958872351746
23 0 10 4 40515 1.0248732119972566
9 23 29 9 70990 1.0895211620240617
8 6 7 21 58824 1.0950376529079677
20 27 14 6 64859 1.0099638104914528
28 11 3 28 94417 0.9269489340243838
1 23 18 29 61173 0.945534646871767
9 29 9 13 44507 0.9715526030193755
10 29 1 25 43813 0.9690115968174345
24 27 28 18 34571 1.0992161745243836
21 13 18 22 46364 0.9372685683004561
10 29 28 28 94007 0.9332256228186676
15 4 4 13 43528 1.036760569089203
26 27 26 0 50960 0.9571781949060179
27 18 26 1 37551 0.9344397963778507
29 14 7 0 85939 1.0604608831244569
0 2 23 12 73611 0.95883937821215
0 27 21 16 81061 0.9357475416131572
19 9 1 9 52812 0.9758830463573354
9 3 24 12 50220 1.0028900919104347
22 26 20 1 81710 0.9781593975380566
15 20 25 6 58572 1.0566094117221705
27 10 5 25 77191 1.0980807176746668
12 14 23 24 55164 1.0376450799312633
27 16 7 13 56866 1.0595506232853176
3 1 13 16 58170 0.9824425372287502
7 4 25 23 82929 1.0313715832754518
4 16 19 24 53146 0.90316853866007
18 22 29 20 59658 0.9174942246567968
11 17 3 12 33185 1.0888364085318651
21 7 28 16 44290 1.0888770277824358
23 27 8 0 104815 1.0215092427614731
5 24 19 23 37469 0.9563713257258146
16 25 25 19 57716 1.091505186303295
15 12 15 23 26783 1.0971225016171697
18 0 2 18 80319 0.9877522701365207
27 28 26 8 44880 0.9931198490743811
26 3 0 3 67062 0.9783187942498229
13 6 25 17 59433 1.0778927091525978
1 18 24 19 69516 1.03736709036891
25 13 12 12 35605 1.0225689753255305
3 28 22 5 103878 1.0039800820090734
15 17 28 20 51202 1.0333574216141272
28 26 6 1 105260 1.0787794198432188
11 12 26 1 53726 1.07839633848375
9 20 2 14 34189 0.9685603775826537
3 14 14 23 36859 1.0571618629333148
19 1 2 22 92412 1.0846071465581035
22 17 10 22 56459 0.9197927658654351
15 8 23 22 53859 1.0226543595790254
8 4 27 22 79818 1.0370098541614987
26 26 8 22 67752 0.9651138970035262
1 19 29 4 89654 0.9778366189381695
9 14 11 22 35990 0.959268500805905
20 3 23 10 22421 1.0537849427613184
23 22 10 29 69816 0.9454919904483717
15 17 20 0 52180 0.9777971349216229
18 28 10 5 74871 0.9226296502950552
6 8 27 6 68384 0.9592657123183619
17 18 14 0 52609 1.0361401457955652
29 14 12 18 56225 0.9704193475724874
13 28 18 4 60604 1.0214568102827453
9 27 14 19 29186 1.0561787682477792
28 14 22 22 45589 0.91041361493637
27 28 14 28 68076 0.9063327238385076
21 10 12 6 46827 0.9233440532356662
1 14 21 28 82599 0.9553418002275057
27 21 22 3 50798 0.9675516625783925
28 12 7 4 60562 1.0615530192399534
17 2 28 11 49531 1.037525499598487
5 5 8 28 78319 0.9914682870594059
16 8 24 5 39281 0.9572068832336017
12 2 14 10 22773 1.048650883396817
1 0 0 28 84315 0.967733000599114
6 19 14 17 28923 0.9475017034051233
19 8 12 15 37178 0.9523562368913823
25 2 25 21 48548 1.010191544016544
26 9 7 11 45873 0.9383391147535932
1 29 9 23 38210 1.0091983602320187
4 6 23 25 100761 0.9117762154784897
3 19 17 26 49343 1.0162467434577998
20 29 23 2 90375 0.9528433159223396
18 18 2 16 49362 0.9590003492667544
8 11 1 14 24284 0.9419054715168821
25 12 20 29 66923 1.0929054995083254
16 3 14 13 24366 0.9830618890300231
1 3 25 7 73608 0.9138094726759721
5 7 22 29 108446 1.0190743810193021
25 1 18 26 83726 0.902931532990279
19 13 9 2 51823 0.9260823979626766
18 25 5 17 55040 1.011403091826602
24 7 15 23 60944 1.0383109427064576
0 17 18 20 57731 0.9538291925719328
20 16 2 8 59289 0.9960747494917881
26 15 5 13 55174 0.9252227780244702
20 2 8 24 71763 1.0380007770354212
20 5 3 19 67695 0.9499089152730834
1 18 23 2 79898 1.0981987397529018
27 25 18 2 71066 0.9043456252105282
2 28 23 17 83963 1.0914110458649984
10 19 17 27 47852 1.0426735671212264
11 10 20 24 53033 0.9899523920574097
10 4 8 15 33100 1.0264620273158775
20 16 5 18 47415 0.9117651252363949
25 21 19 4 55976 0.9290858779164533
4 27 29 9 100261 1.0176984450158308
4 1 0 26 73705 0.9926081337981593
10 0 29 29 109539 0.9088178176103068
24 1 26 21 46095 1.0356455077438962
19 0 1 7 69820 0.9550063563012868
9 21 19 8 59322 1.0911104754029386
7 28 8 17 45425 0.9228680670864394
18 3 5 17 60115 0.9632007331717192
10 23 25 10 58655 0.9577061435335694
14 6 20 13 31701 1.073909937636706
18 15 20 27 50092 0.9731331443492102
8 28 25 15 72446 1.0984396683059585
19 0 27 2 35082 0.9676958079704868
7 28 6 0 84763 1.0417685599128093
6 0 6 22 62616 1.0604903341710115
17 20 11 1 59927 1.0431482246350476
14 6 20 19 54216 0.909539020238065
7 17 17 9 43495 0.9686710672210435
5 23 25 22 65396 0.9515852662879548
19 3 23 29 81163 1.0734556692149277
2 0 22 0 79462 0.9320494264547506
18 16 7 0 67848 1.0481136753101588
17 17 4 25 54396 1.0857580053993527
3 1 17 21 74567 0.9878377750936662
25 10 16 16 35287 1.0089507149355126
4 7 15 4 37567 0.9503204136625129
0 10 18 24 68925 1.0211354897636267
29 3 6 5 61155 1.027055442200874
24 10 13 29 66133 1.089839472440881
22 7 25 26 56706 0.9855110054021324
12 9 19 18 45412 0.9402524914180855
14 9 7 0 43851 0.9296157863354811
3 12 11 3 43646 1.0859541522872644
2 2 16 28 84686 1.0127949855786282
22 15 7 23 45449 1.0935055547081978
25 16 20 8 39911 1.0128267198368321
0 5 13 7 47280 0.9656703717668802
9 3 2 14 48391 1.060434652714049
27 24 8 2 89951 0.9572572394289823
25 0 27 17 42164 1.0720078078114659
22 20 3 8 73591 0.9480221184462361
18 5 10 17 54430 1.0885164476703733
5 28 14 8 65344 0.9319398697011447
16 15 11 4 30824 1.0792142274607073
12 8 18 27 62772 0.9228127840139729
21 16 27 1 44028 0.9335694591991829
24 3 27 28 60121 0.9439388074186018
10 21 4 0 77827 0.9408930311097887
11 13 3 21 38663 1.0573881728451953
8 6 29 4 58230 0.9439329682015434
12 3 1 3 31454 0.977523574938617
16 11 17 28 44152 1.0368530509958656
23 27 27 0 61544 0.9312208844304377
19 15 5 6 52307 1.0450477913847493
0 8 19 1 75011 0.9042175480433567
8 1 5 27 90193 0.945017445797298
20 24 28 12 55314 1.0194351331644151
12 3 27 24 76397 0.9349428728949477
9 23 10 4 53156 1.035869366371899
2 11 17 18 44973 1.0002254009570009
29 8 4 20 85892 0.9865502742573824
2 27 8 1 92705 1.0622603197401628
0 29 28 15 106943 0.9826396969097362
2 12 21 14 50423 0.9560350260706796
26 18 16 25 52677 0.9999749114867892
1 29 21 27 87108 0.9467069927602604
17 2 24 19 64667 0.9983079679476712
6 26 24 0 99753 1.052581977623761
2 12 25 29 95688 1.0929067837599156
16 24 8 16 37034 0.9306623577742237
23 15 8 18 42301 1.0974239991336896
16 10 23 2 37231 1.0185255467805525
0 21 8 10 52333 1.0800744063573327
1 21 26 2 90101 1.0835470671560048
27 19 27 3 40170 1.0491415596483074
27 23 9 1 92043 0.9101598670408194
5 12 18 2 51912 0.931914775004993
24 2 13 25 71845 1.085003437149584
25 0 2 23 96200 1.0228649781822607
29 14 2 9 71478 0.9146154665153993
2 8 27 18 78487 0.9581940087418866
15 0 11 6 31476 0.96506053931058
12 15 19 12 20286 1.008932498646571
19 4 14 27 55245 0.9119143657515604
19 18 13 9 42490 0.963682255860214
29 19 1 29 113408 1.0443122388464379
12 12 28 26 69375 1.0916767210066436
8 10 19 28 66371 0.9506951926242229
28 18 8 0 86879 1.030334341090783
20 7 27 20 58866 0.9461272077086607
23 28 14 11 69165 1.0184976615930095
3 5 20 23 74425 1.098405184875038
1 1 13 26 84913 1.0340350668774219
1 21 20 18 72941 1.0513988548015702
22 24 4 12 71926 1.0562918901104992
1 13 11 5 52619 1.0196515842110645
11 15 6 29 50021 1.0592345456985441
12 7 7 29 84244 0.9831660336700639
9 15 22 17 36206 0.9781941297459692
19 12 10 5 40223 0.9794827037172767
15 29 4 2 81605 1.0377298684876806
3 0 5 17 50162 1.0441810873265729
25 26 21 12 42072 1.0105025768984164
0 20 25 28 100518 0.9590053321029914
12 22 22 15 38357 0.9234886018210088
18 25 13 18 32152 1.0490900615577476
17 5 2 6 51795 1.0461940359468782
29 23 19 8 69166 1.017611681329597
25 6 7 4 55152 0.9515474366993288
22 6 0 5 70352 0.9769645963387685
10 20 11 0 73467 0.9158150527170547
0 21 18 18 68969 0.9881643582250937
25 12 25 25 31679 1.0934310199756627
24 21 13 27 61918 1.063213709816413
28 21 7 9 77985 1.0349496704195655
9 18 22 12 39154 0.9202224244774644
22 4 18 17 48339 1.0531976827747818
13 7 16 18 31680 1.0890465266001959
22 23 16 3 67711 1.0325132602602805
2 22 18 24 48474 1.0677225201920666
20 10 14 4 32441 0.9143381342191828
15 7 8 1 34591 1.0899730805606382
3 6 9 15 31785 0.9475594904702619
29 22 3 19 88084 1.0701708008319852
24 0 8 11 61421 0.9970221809929034
7 9 26 22 70435 0.9129330749252031
26 0 13 5 40625 0.9446842544375699
20 7 25 16 47522 1.0141107452870546
3 29 21 18 92767 0.9233230541010005
0 25 24 27 90586 1.0406042791717245
11 6 3 25 78143 0.9715568024790803
24 22 23 5 48676 0.9133165345888197
7 2 27 4 55531 0.9288871496165271
22 8 21 20 44361 1.088537396822116
17 8 9 12 26375 0.9643032066299009
9 8 18 16 36944 1.0761934812166205
21 15 11 24 37390 0.9471602843020527
3 1 25 5 64594 1.0619706450041289
7 21 21 24 51479 1.0647710200063625
25 27 8 11 69664 0.901699457945054
12 0 2 2 43547 1.0352568724752498
29 26 7 25 81970 0.9884078247449872
15 17 3 26 55803 1.0821613884015084
4 1 25 16 83884 1.064132009661333
28 0 21 24 76209 0.9607833146170778
27 25 23 10 40533 0.9850009355705928
26 22 11 18 64840 0.9367971296325753
20 6 10 25 70319 1.015705924136249
23 29 3 25 86658 0.9690056320820071
0 28 20 7 107923 1.0395861317887483
25 28 19 1 76112 0.9617220146139399
9 8 1 13 30768 1.0832745248485693
8 12 28 20 64878 0.926654493543457
21 17 16 1 61434 0.9014068963074334
22 19 4 22 73859 0.9211311179312626
1 5 29 0 80470 1.0725947308130184
3 25 14 3 70053 1.0862698451160022
7 15 0 8 36536 0.9231734217792794
26 20 20 27 45922 1.0154150329468816
13 16 23 11 34364 0.9588968997930261
0 23 17 26 47186 0.9454654384791633
0 4 8 26 76761 0.9852157241800437
3 7 13 28 68147 1.0912145868338177
1 0 9 7 38623 0.937261418984981
24 16 6 7 60054 1.0815435558555537
7 26 1 21 32489 0.9732317282052492
24 4 0 6 66777 1.0444463300053213
5 16 24 22 68974 1.060656488362896
22 21 24 5 52622 1.0152466633660282
25 13 8 19 58259 1.0102045379345508
3 15 13 25 41969 1.0377265558534474
8 8 16 24 50950 0.9508676559408931
22 12 14 26 41903 0.9545325029435276
26 0 22 17 44571 1.0403972758401636
26 28 27 6 48948 1.0966827460500004
16 1 21 23 70814 0.9971360005376
1 21 19 23 48324 0.9001254782283358
19 19 24 25 43948 0.9985072633071708
28 9 13 9 47729 0.9479229046897797
21 9 14 2 45297 1.0398077125973944
29 14 0 14 71437 1.064066917227172
18 18 27 19 51419 1.0597008635487308
29 18 23 10 32659 1.0860698427327862
1 22 29 27 89844 1.0669482620847333
13 0 1 10 59531 0.9554495817670907
13 18 8 12 34968 0.9811078536318001
19 16 29 0 63719 0.9061628674390653
25 10 20 0 36249 1.0776684750293315
24 29 4 14 93873 1.0070374346501605
16 28 3 0 86086 0.9148439420848804
12 23 22 29 58353 1.0059971412690305
13 27 20 21 41410 0.9320474629403928
28 3 26 22 41343 0.9569966052633241
13 13 1 14 33408 1.0650065748328923
3 26 15 26 44210 1.007777225810957
26 10 15 27 57481 0.9197298015781815
28 21 22 3 52224 1.0623955289280076
0 10 28 14 69991 0.9243586808514289
15 20 0 2 74418 1.089354036069989
13 5 16 15 28623 1.093702015080652
12 20 25 20 64871 1.0005021538407999
21 21 3 29 79459 1.025336465068388
22 28 24 15 49126 0.9778934957330809
3 13 3 3 23846 0.9954690712329497
0 19 2 7 45199 0.9882124342987698
29 15 20 10 35967 0.9827017759193145
15 6 10 26 59559 0.9313611036594172
0 16 24 18 63463 0.9839840326476321
11 17 10 27 44727 0.9000989635534594
14 14 28 7 47885 0.9239553156962808
2 6 8 11 28392 1.087914237866638
2 20 15 28 52208 0.9788039894239274
17 1 6 24 76713 1.0366993564440232
8 23 25 3 76421 1.0808307249047457
2 16 13 18 42037 0.9990478339472942
23 26 12 7 86109 0.9608889579074837
5 29 20 25 65635 0.9232736098637234
15 18 1 16 36963 0.9304046346460673
27 21 11 10 62838 0.988988430823623
14 18 1 22 42035 1.0380345659860526
28 22 4 8 89791 0.9355794784615887
7 6 23 14 61211 1.076229274098799
13 29 1 28 56419 0.9896806619472153
29 5 7 8 69622 0.9838687742284552
20 11 1 28 80847 0.9492298795086097
13 25 2 8 62445 1.0726492336744478
16 26 23 1 72250 1.0574428035436023
5 16 21 4 61788 1.0673242908354703
13 28 14 6 47128 1.0083723079778175
9 17 22 12 36775 1.0666289869071357
14 17 7 6 46319 0.9512240257915743
14 21 28 3 61785 0.9376724786822712
11 24 0 3 78915 1.0196539224688808
29 4 3 26 106260 0.9204324182134265
27 28 17 21 56251 0.9630335774053065
20 1 5 28 93671 1.0234668817210504
21 7 19 17 57332 0.9321209963139828
24 29 0 7 119150 0.9229986632933043
29 27 18 17 61783 0.9385555851722719
10 15 17 21 28726 0.990474023482527
3 11 13 23 47386 0.9279283327228642
7 28 20 28 66850 0.9471752180997859
28 8 13 6 53099 0.930856191326343
0 19 15 10 53814 0.9709085061911951
19 15 14 4 30149 1.0145687641841405
21 13 10 0 63850 0.9189549536819103
12 19 11 7 51636 1.0064735477008784
20 19 11 3 71162 1.0726394609515362
18 4 5 16 54136 1.042976184549539
10 1 0 17 66832 0.9013896324951193
10 12 22 0 62671 1.0595798875609872
18 16 2 26 69763 0.9944740519251692
10 16 14 26 33742 1.0818858819725146
18 17 9 25 47061 0.9012814974182107
18 17 9 15 25792 0.9922197832057434
6 11 22 5 54181 1.0348873377272574
11 0 23 0 56764 0.9782778088176524
0 3 23 23 101516 1.043664123195291
8 13 29 4 66512 0.9046311710031938
10 2 21 20 79744 1.0402916098376154
27 20 9 2 81460 0.9209129999931304
8 17 25 29 84958 1.035049478478619
0 11 3 21 29935 0.9124037625439778
22 10 6 5 56715 0.9286127570235362
9 29 23 29 80303 1.01988462836555
20 22 16 3 64330 0.950956693422898
18 3 0 14 65444 0.9834627832745133
18 24 12 2 60873 0.9075762903814587
13 0 16 7 32404 1.064816159999662
16 20 2 10 49886 0.9539546801457418
7 2 22 14 68026 0.9143133298198522
7 24 13 5 60710 1.048743148103951
24 0 22 28 78751 1.02574115756416
19 22 25 26 44505 1.0815633305860632
28 23 29 5 51423 0.9566978966940777
21 17 13 27 55799 0.932252651121954
3 21 5 13 24787 0.9856158263502652
21 7 27 28 68169 0.9662617236891213
5 2 7 12 32106 0.9966684133705003
20 18 19 2 67192 0.9962327781791542
26 20 10 25 63880 1.015550357125528
12 0 22 29 108170 1.088747473543827
3 20 27 13 66906 1.0216274706911448
1 17 22 6 74504 0.9736989991960243
13 10 8 22 48410 0.9478579032266989
25 1 0 3 74690 0.9258920352355277
15 16 19 28 42599 1.0716174670081602
25 26 25 15 30272 0.9137626146807729
22 20 12 28 59581 0.9529862033847616
3 11 27 1 71374 0.9764991996965487
2 13 29 10 70381 0.9936731054596483
17 23 14 5 41240 1.0309521454125203
20 1 1 14 69859 0.9152491983755554
28 8 2 16 73321 1.0438417445656225
24 8 15 16 41860 1.0302158710690983
2 15 23 2 68323 1.0075870350552796
5 21 27 21 86938 1.0499284969960008
15 29 1 6 80855 0.9129513149062553
22 2 20 18 59473 1.0971826018152624
16 12 0 19 50667 0.924418560365779
7 12 0 19 37892 1.0451408485518134
29 12 2 20 73074 1.031840032984019
17 9 28 16 38419 0.920129756212165
14 0 5 28 90987 0.9436149191713558
29 20 13 2 77600 1.0022261190821202
29 8 27 25 49565 0.9265611990899782
6 6 25 0 64020 0.942765341482134
28 2 19 24 79918 1.0505672031495235
20 27 27 16 55920 0.9602539322848258
19 2 28 17 52882 1.0815482442023876
25 11 5 16 56882 0.9864575008003862
26 9 19 6 33198 1.0642702407204991
0 20 15 11 55781 1.0767656901513853
28 6 20 22 70672 1.0071154163718052
0 6 24 12 72394 0.9264373295182765
4 12 16 1 51512 1.0065739015186344
10 18 5 29 53934 1.0676753486206967
22 26 0 9 97236 1.0657308004056307
11 4 6 26 70273 1.09319990977178
13 0 28 19 77799 1.0459092635744576
16 0 24 8 46533 0.9281433401425856
18 21 27 15 54589 1.06933384110223
19 13 14 27 39925 1.0513203037333085
26 5 14 13 40492 0.9678236341075556
0 20 22 23 67365 0.9338706281479774
29 7 22 25 68046 1.0627259399740598
17 29 29 0 97613 1.0264581767730654
23 19 20 12 22317 0.9949842098015182
27 28 16 20 59957 1.051188887670811
20 13 10 15 28765 0.9303171416241183
1 20 24 6 84712 1.0263606422894656
5 23 18 12 48809 1.0725298955970615
10 17 29 24 79725 0.9508845566212952
18 0 14 11 39093 0.9301485128764265
7 29 9 16 50410 0.982661958889972
4 11 16 11 24144 0.9000968307027126
21 25 19 7 79097 0.9210944382088341
24 10 20 22 53019 0.9466814562213044
5 1 10 12 39832 1.0393941206467094
1 28 1 18 32853 1.0866133900176256
26 12 29 5 20868 0.9129464944231317
21 25 2 22 64222 0.9635328851575087
19 10 22 29 80277 0.9627382451382811
11 18 4 26 51196 0.905114257181698
9 22 1 8 54708 0.9995010681731784
3 6 23 4 52121 1.0522963737490008
5 16 26 28 79061 1.0169221086406277
24 12 14 9 26940 0.9187158265018952
11 0 6 11 48690 1.010324281053794
4 14 26 25 72816 1.0103287468833577
25 10 11 26 68564 0.9965592980321909
3 28 8 13 57936 1.0523554840606546
21 3 17 22 65017 0.9732725503034668
3 12 26 3 66482 0.9282373896517002
0 8 24 29 114575 1.081359821032342
11 19 21 25 58055 1.086340153573083
14 10 2 0 53830 1.0617938300833691
20 13 13 9 31001 0.9979302740340092
10 1 23 7 49003 1.095180570385565
10 4 1 12 40084 1.0377622049327342
6 25 17 5 74002 0.9748661404534127
16 23 26 27 44967 0.9522194673155971
15 3 0 23 72248 1.0769147730155926
3 26 8 10 60859 0.9013776480159982
21 14 11 24 45598 0.9033841781332778
7 21 27 21 81437 0.936527326002669
14 12 29 17 44552 1.087495546154157
28 4 0 27 108689 1.094882140769428
21 25 13 19 44394 1.0699273265165725
15 18 25 29 71680 1.0637572256264856
18 14 16 22 26565 1.0741044382454534
1 26 26 10 87322 1.040538240617181
22 3 20 11 26685 0.9562428733838749
14 2 24 22 75785 1.0463255902579878
18 14 26 0 46042 0.9000567100046629
7 20 23 18 60252 0.9179005247167158
8 22 23 20 61702 0.9501663264731052
2 21 20 1 83935 0.9501333235983036
2 22 26 1 93447 0.9035935942562714
15 5 26 2 29949 1.0004201398418562
27 6 15 25 67285 0.9180203311102714
9 8 26 27 73065 0.982796697572441
17 7 25 15 45026 0.9091509224649769
8 5 27 11 61891 0.9673155900341115
0 27 8 23 32378 0.9476290851895901
20 10 4 22 70690 0.9846255471376811
21 2 16 27 73138 1.059503998438011
28 22 16 11 52091 0.9798895396384089
20 4 13 21 54831 1.0536945082608982
21 6 12 9 44465 0.9211587345782252
20 28 14 5 68222 0.9359317810402437
6 6 28 1 67019 0.9463942620327274
19 29 20 17 46508 0.9242216123924759
28 6 10 12 58833 0.9547862999132917
17 29 2 20 62634 0.9872352156581797
26 26 20 14 47087 1.0670163132512505
28 3 24 11 27014 1.0249856033284785
29 21 18 26 64533 0.9479430458897139
2 14 21 24 67959 0.9287645979108357
7 2 8 22 69493 0.9481910387284573
29 19 19 4 55255 0.9612000588504565
25 21 12 21 65740 1.0094910363790115
18 15 9 28 46337 1.0029174048371428
19 25 28 6 79224 1.019427128758047
22 8 6 23 71350 1.0259609626962618
14 25 28 10 57416 1.08807235165139
22 14 23 23 33101 1.0612380050697494
23 23 22 2 57545 1.090899886608971
29 6 13 29 86831 0.9000068140950482
8 19 27 19 70905 0.9910468935688814
12 18 22 29 77801 0.9419126361102338
26 9 27 21 31093 1.0138101245301279
23 0 20 27 91521 0.9135712904830404
1 29 12 16 63031 0.9615426023839317
11 21 4 2 78397 0.9480620737651122
15 17 13 2 37839 1.0478382080944717
2 13 20 21 69726 1.0649111610022672
27 4 22 13 26873 1.0497364964316678
18 20 28 16 51166 1.0008941399678977
15 3 22 10 39269 1.0534763479607685
27 15 17 20 45043 0.9190018382693861
16 26 29 19 69333 1.0435577130331057
20 15 2 20 49196 0.9939117775761461
24 17 2 16 59193 1.0027523880711549
14 26 13 15 22123 0.9252825443472001
21 23 18 13 44868 1.0909918445511315
16 2 13 25 54003 0.9777208455700631
9 29 6 4 74727 0.9537266632213002
23 10 19 24 54308 1.0168961371718057
5 5 26 3 52245 0.9094624242337813
9 25 29 11 68124 1.065923651868438
0 20 19 14 62020 1.0158953644537596
0 2 13 4 37360 0.9533301822713406
6 15 19 22 44169 0.9426008079718255
25 3 9 5 44008 1.0405466595767952
28 29 26 3 57224 0.9080190090008929
7 14 9 1 48929 1.090110094790147
0 24 0 4 61348 1.0300766205760454
5 7 16 20 55177 1.022441551250592
8 10 9 0 40218 1.071138265060809
4 26 17 23 42988 1.0801966815052677
16 23 0 22 41251 0.9218556377731907
8 9 24 5 60387 0.9062467498811161
12 9 24 0 55019 0.9900525755052099
13 29 22 22 49874 0.9909905658985751
25 0 29 19 50704 0.9544447370939593
0 9 13 2 57442 1.0167683967864942
0 18 8 1 64345 0.9739514963859532
15 14 29 16 41258 1.0836500597624632
9 4 2 28 81413 1.011309780847251
6 10 28 14 55387 1.020715885348232
11 15 24 11 36221 0.9701000697437389
18 17 4 13 43209 0.9088850172218813
14 25 29 3 72825 1.0509932788885825
21 20 27 4 51838 1.0242130287813929
19 5 17 16 48336 0.915744496634569
17 23 5 27 46439 1.0632375863713124
29 9 7 4 66140 0.9121028605019483
18 9 20 1 35494 0.9313699286233543
20 23 29 2 76188 1.069194057655402
20 13 29 20 46043 0.9218452630477808
19 9 12 6 39048 0.9611671465308951
2 9 24 21 83053 0.994080276517972
7 4 27 17 73429 0.9731538189044215
24 0 20 15 49239 1.0308580035496282
23 8 23 19 25486 0.9927945965579905
18 20 4 28 62219 0.9325542467690617
28 29 26 10 44587 0.9124689762364182
20 6 11 1 40258 1.0852293981731127
9 25 2 9 56779 1.0179430621947052
24 3 24 27 56608 1.0773064006637973
26 0 19 17 58285 1.0291200468795092
10 22 25 11 62905 1.0336513545845993
16 0 26 1 41669 1.096098960428346
22 23 17 10 52090 0.9304526443381944
17 27 19 12 44566 1.0793290923099583
6 26 22 26 63873 0.9873422476894732
26 23 0 27 88366 1.0385739989957792
24 2 13 3 36508 0.9092242028991655
13 22 29 21 70136 0.9600841310579877
27 23 19 10 50276 1.0015716724229402
25 2 26 27 51795 0.9462062424830627
25 28 14 12 62331 1.0172412542967384
7 25 13 8 54537 1.0173897371386778
8 20 11 5 61553 1.042668844643333
15 9 27 0 48124 0.9597944606755365
20 25 26 1 75679 0.995671083121394
8 9 14 27 49151 1.0313791236531502
6 5 20 23 71348 0.9219957804040831
10 0 20 11 51396 1.0291829363572755
19 19 6 16 47290 1.0397228224068324
18 13 9 3 42655 0.9180360414062447
11 17 19 8 48937 1.012809217242521
12 14 2 0 61547 1.0047393147849668
24 10 14 2 45347 0.9426377867175574
5 9 4 24 51711 0.9263735429097445
2 20 1 6 47106 1.0873318234655855
11 10 5 14 32264 0.9112486040645035
12 19 24 15 42718 1.064849651254403
13 7 16 20 36468 1.064494302783451
13 29 1 8 77604 1.0682088363099385
1 24 27 27 85655 0.9236337411988579
1 28 11 20 54719 1.076806537185719
17 10 2 21 58488 0.9889824299198666
4 2 18 15 58143 1.071780414785437
28 19 22 3 46247 0.9449292363186084
14 18 21 7 55227 1.093289138247739
27 8 5 0 71871 0.9059014147009182
19 16 6 0 68348 1.0775197609205998
29 8 20 19 60358 1.0649380711235312
26 20 4 2 84950 1.0050053497448375
25 21 16 13 48312 1.041472465573789
11 0 11 20 73698 1.0691475582956946
0 23 1 9 45978 0.9979255691645137
10 13 3 16 23548 0.9136297212115567
22 8 2 29 103102 0.945536258984538
12 29 17 24 33149 0.9419489513703064
29 26 25 19 33400 1.0296397115621
26 3 26 25 41061 1.0998739060232914
8 5 25 20 79571 1.064505348990072
26 5 4 25 86208 0.9090197853186442
13 2 5 18 59872 1.0383176105731662
14 10 15 26 32846 1.0695666685963046
28 21 19 8 61174 1.0629268428785512
23 5 15 16 41282 1.0566237402326704
9 3 20 7 40393 0.9474317831137441
5 25 29 0 104273 1.0202305240132994
18 19 9 24 40789 1.0044082827241887
16 7 29 22 65782 0.9805260121958985
3 22 28 9 78845 0.914022160627282
0 7 2 15 34713 1.0413387133957086
0 16 3 24 34256 0.967362068367576
15 24 29 0 81492 0.9176081625837788
26 29 21 6 66407 0.9896040841121192
18 2 1 10 60459 1.0692058565761058
25 11 22 20 33853 1.0761447790593217
19 10 26 6 33572 0.9098611901592139
8 24 26 26 64903 1.0923559538832655
27 16 25 26 27390 1.0481107302295667
25 6 20 23 65718 0.9434907840971845
11 5 0 7 47498 1.089104521196278
14 2 27 24 77302 0.9557985096938323
19 16 6 8 48986 1.0073119711246492
21 6 14 24 63214 1.0395654246827626
15 2 28 3 37795 0.9989166317933065
22 29 19 7 97743 0.9780677898362735
5 13 26 10 54733 0.9302701331606793
8 22 4 15 32295 0.9800520048388995
3 20 7 2 52258 0.9450420707388949
14 10 18 4 20583 1.060947536355976
10 3 10 16 43647 1.0238144162387908
12 21 25 8 67525 0.9671620843577894
11 25 12 1 64085 0.976068999257331
17 6 13 18 45229 0.9648864519282628
19 18 0 18 63062 0.9994057267226922
2 10 20 10 47005 0.9154603765341048
15 14 14 2 32474 0.9370772898121486
4 11 28 8 61754 1.0782497198021617
20 28 16 1 84922 1.0308514386578917
29 27 28 11 43640 0.9636437698655277
10 24 26 4 72225 1.0498114282712598
5 17 20 29 79520 0.9312568208161693
20 6 2 23 82452 1.0371789625981829
2 4 16 25 71509 0.9850595672605215
25 19 5 16 66839 0.9925380146548755
20 28 25 3 77292 1.069526894307141
8 8 22 15 44660 1.0876883491145908
10 16 22 19 49725 0.9725556651422865
10 28 0 5 88584 0.9883519368865017
19 25 5 10 63217 1.0448147281199032
24 6 4 2 62286 1.0705138729292725
22 28 19 13 68562 1.0308793950077344
23 16 23 0 36201 0.9896196313825862
13 3 17 13 31606 1.0449971804192382
21 26 17 11 58059 1.0954027458025688
0 6 25 23 102564 0.9217078770541551
20 13 6 1 63691 0.918658463018564
8 2 0 9 46225 1.0244564730840464
13 15 8 10 23717 0.9247010556613252
6 16 27 12 49415 1.0732085602145625
18 20 1 3 77133 1.063899441054337
27 25 22 8 50315 0.9106734877937882
4 25 8 16 41075 1.0765181437088303
4 1 8 9 38821 1.0740508875614763
24 11 2 25 81175 1.0439110056588499
9 28 5 8 65366 0.9078834674480435
28 26 0 8 105840 1.0217102209152564
17 18 25 9 42913 1.0023266204951418
0 26 28 15 97193 0.9411357176838187
13 8 3 16 40828 0.9102305226596761
20 10 20 26 64734 1.0515244180085084
27 18 6 15 56600 1.0207891452064168
14 14 9 3 32586 1.0604882110793163
27 8 27 22 39518 0.9071118694430222
24 19 17 11 38188 1.0701383285759387
15 10 21 1 39986 1.0047280478301184
11 11 3 17 29944 0.9851090877852289
23 29 22 6 73412 1.0814528321108943
6 5 17 16 48867 1.0792163572364777
10 4 29 16 65858 0.9797816654892305
26 5 23 14 22554 1.0258277048403672
24 2 13 19 65344 0.9107278336634475
21 24 26 8 54272 1.0115481278078264
6 28 15 8 67182 0.9780561112987026
