1790 3518 3471 2509 3869 3303 2182 2482 3717 2554 3445 3887 3835 1837 3132 2270 4411 2715 5745 7213 6133 4748 5724 5355 5528 4822 6487 6230 5393
3839 4675 3867 4023 4093 3421 4873 6687 5354 6966 6460 6466 6650 6399 4890 6083 4934 4435 6321 5823 5080 6939 5385 4497 6408 6767 6345 6607 4864
3141 3674 2359 3334 3682 1215 7870 6575 7838 7339 6727 6731 6623 7895 7636 6898 6244 6367 7665 5429 5870 6856 7524 6626 5201 6257 6627 7896 6940
4050 4394 5374 4060 5119 3920 4315 5291 3630 3768 5732 3280 3969 8376 7598 6530 6684 7260 7267 7040 6240 8065 6095 7920 7683 6627 8076 6957 6068
7849 6263 3614 3268 4445 3997 3994 3683 3280 3794 4910 4263 4091 4883 5037 5394 4942 2975 4685 3974 5120 5422 4262 4073 4748 4671 2893 4309 4011
7075 6877 7462 5150 6772 6034 6633 6751 5487 5814 6842 7045 5830 6354 5916 3792 3611 3736 4411 5604 4655 5405 5740 3454 3945 5180 5310 3599 5980
3214 1239 2866 2477 1669 1803 2709 3319 3503 3605 3455 3563 2577 2359 2374 2459 2412 2738 2552 3639 3355 3722 2502 2919 6080 6595 5706 5355 5986
3383 3067 2619 3868 5076 4073 4051 2595 4489 4618 4844 3199 3387 4750 4726 3995 3981 3355 3727 4412 4493 4648 3044 3402 3348 4028 3341 2522 2696
2619 2708 3153 2090 2379 3738 3172 3025 1345 1421 1676 2961 3774 5606 5302 6601 6862 6356 5940 5192 4803 5102 5417 6861 6157 6033 6295 4880 7306
4385 4031 4106 6067 5442 4495 3976 5311 4968 4127 5307 4138 4716 4147 6512 6545 4116 4180 6234 5873 5004 4095 4047 5447 5630 4362 7390 5290 7484
4837 3707 4916 4260 5120 4974 4606 3998 4139 4754 3557 4344 3372 3790 3934 3911 4218 2623 2704 2825 5224 4488 3904 4919 3287 3038 4539 2748 4730
7332 6361 5591 5988 7247 7328 5897 6842 6751 5195 5109 5408 5398 4904 5404 5005 6134 6637 7269 6045 4901 5310 6030 4762 4807 5060 4882 6836 4769
3905 5391 4604 4209 3709 3515 4376 5414 4756 5394 5869 4964 4854 5989 4305 5726 3509 5338 4407 3797 4250 4708 4556 2501 2487 3402 1986 3180 3239
1767 3148 2508 3608 2043 3486 2458 2238 1387 1548 1724 3058 3010 2832 1688 2792 4283 2346 3416 2612 3384 4975 4787 3650 3405 2302 4060 3820 2950
6220 5923 4027 5553 3238 3700 5346 4737 3159 5121 4925 4350 4353 3363 5579 3238 3565 5569 5331 5603 3648 4237 3420 4420 3327 5456 4747 4399 3234
5214 5665 5348 7064 6621 6087 7661 5069 6121 5180 5072 5911 6970 7454 7132 5711 6685 6685 5677 7590 6765 6614 6418 6161 5760 7269 7222 6897 6236
3204 4890 3382 5036 4390 5332 5688 5539 5239 4090 4821 5094 5532 5630 3923 4918 4880 4560 4267 4406 4420 5714 5028 5742 4744 3874 3539 5507 3974
6800 5738 4633 4886 6964 5705 7061 6417 4546 5361 5827 6291 6101 6434 6925 5807 5764 5976 7028 6124 6094 4308 5146 6621 4128 5412 6457 5039 6393
3855 5115 2376 3250 2460 2921 3360 3637 3759 2210 1585 2392 2132 1507 3428 3451 3468 3878 1627 2376 3043 3476 3824 2968 2949 2775 1606 3812 3986
5096 5437 4791 4137 5597 4851 5303 4372 6295 6293 4859 5165 6281 4353 6044 6273 6374 6656 7094 6476 7903 6452 7258 5820 5908 5758 7901 7498 5666
6159 8002 6398 4240 2964 4110 5076 3537 5298 3012 4355 3507 5284 5127 4942 4868 2673 3833 4364 5060 4311 4767 5039 4317 5051 3779 3027 2878 3672
3132 3546 2518 4243 3545 2810 3422 3767 3940 3308 3940 2975 2574 2173 3008 2594 5138 3838 4284 3306 4247 4311 3130 2849 3699 3041 2937 3621 4822
2926 4911 5508 5521 4257 4219 3617 3949 5434 5228 3880 3416 3693 4376 4860 5766 4877 3544 5533 5625 4403 3895 5735 4826 5309 5806 4666 4470 5019
3967 3058 2158 3599 3106 3809 2674 3262 2852 2975 4440 2556 2620 3851 4228 2285 4219 2815 2765 3535 2980 2756 4387 3603 4237 4184 4403 6590 4413
6097 5516 5802 6105 7644 6846 6387 2944 3757 1861 2716 1680 2704 2853 2869 3156 2259 1805 1891 3878 2005 1451 2514 3068 2276 2777 3295 1520 3824
4094 5670 5467 3966 4663 4887 5923 5012 3966 5944 6143 4331 5313 4109 5408 5302 6354 4194 4751 5703 6279 5238 5861 6089 3030 4577 4319 4646 4438
1726 3149 2868 3902 2972 3108 1847 2550 2505 3483 4023 1781 4770 5778 4634 5585 4680 4664 5271 4831 5209 6638 4986 4356 5352 6617 6067 6825 6363
3972 3886 2673 3822 4709 3056 4936 2947 2589 3132 2594 7322 6365 7958 6987 6855 6916 7217 7019 6066 7678 6776 6225 6003 7690 8356 7836 6512 6025
5449 6672 5162 6237 5004 5659 6069 5632 5731 6131 6933 6182 6034 5382 5856 5581 5347 4525 6280 6728 4321 6345 4987 5575 5522 4607 4803 4692 5666
6282 7808 7782 5684 5998 6962 7683 6150 7277 7717 6984 5366 5636 5748 7654 6948 4458 5101 4209 5763 5992 4813 5872 4578 4987 5133 4410 3664 6315
5953 1789 2822 4508 4432 2414 6803 5869 6605 4380 2395 3577 7738 6605 3476 2557 4963 5280 4364 3149 6042 3573 3576 3630 7460 3799 5426 2152 5955 5100
4244 2322 4624 4855 4458 2178 8382 6832 5232 3302 4739 2814 7734 6114 2106 3035 4356 5005 4044 4633 7032 1150 2189 4451 5599 3467 7580 2709 5587 6655
4702 3515 6282 1518 5531 5565 7394 6908 5573 2628 3829 2366 7364 6046 2932 1908 6248 5073 6598 3177 7811 2687 2500 6992 5903 4925 6040 2523 4858 7011
5921 3832 5467 3905 4933 5579 8143 5842 5682 2347 3453 2576 6346 6756 3410 4647 6401 6904 6056 4340 6734 2297 2248 7056 7032 3859 6235 1718 4995 4711
6494 6273 4912 1437 6308 6999 7065 6803 6452 3873 4055 3697 7330 6469 3716 5649 5324 4492 5887 4258 7776 2528 4309 8155 5656 3745 5531 3434 4790 5292
6047 7195 4015 2509 5807 6604 6432 6007 5033 2226 2829 2471 7466 5877 3740 4751 4328 4906 6211 4715 6030 3399 4677 5581 7893 5813 5332 1933 6744 4606
6307 5540 4386 2682 4307 7032 7063 7437 5634 3326 5094 4309 6931 5108 2935 6810 6799 6415 1238 4702 7103 3061 4062 6942 7273 3243 7599 2737 5764 5935
5350 6712 6108 3800 5135 5863 7388 6708 7007 2835 4735 3739 7398 4342 3616 5700 6377 6501 2097 4612 8683 2691 3392 5646 7638 5002 6505 4129 6899 5150
5764 5071 5617 2676 5054 7208 5935 4980 6371 3452 4438 3458 6300 5528 6921 6612 6374 2064 1700 3609 8293 3555 4259 7436 1854 4327 7482 2371 5755 6767
5295 6433 5084 3546 6289 5439 8108 5310 7281 3721 4023 4101 5617 4173 6697 5682 2182 2938 3693 5197 8164 3755 3883 7215 3107 6234 6417 2502 4988 6043
5153 7293 5385 2797 5758 5092 3134 4794 7025 4269 3707 5044 7419 6626 6617 6925 2215 3615 1672 4961 8395 3322 4071 7698 2980 4813 4987 3716 6803 5733
4811 6512 4142 3824 5600 7025 2873 4743 6979 1977 5169 3944 5180 5001 5140 4734 3318 4641 1550 2953 7872 3353 3574 6535 2060 6168 5798 2823 6085 5075
5213 5599 5065 2269 6066 4901 3464 5806 6741 4445 4425 6152 6575 6230 5915 5220 3341 3753 1830 3227 7146 1155 2967 7351 2136 5514 6348 3563 5570 5390
8134 5815 5667 2467 5967 5989 3648 5281 6000 4431 5312 3690 7201 6697 6324 5510 2879 2370 2583 2602 7005 2320 1771 7837 3024 6934 5336 3103 5223 4707
7189 5013 5612 3714 6519 5659 5192 6981 6989 3114 4480 3883 7249 6277 6933 6171 4046 2396 2599 2684 6039 2922 2478 5720 2752 5846 4165 2205 5395 6094
7113 6508 4649 3579 5760 6640 3942 6804 7157 3242 4524 3530 7530 4694 7401 6214 2165 4368 2585 4233 6698 1612 1257 6349 2428 4800 6411 1438 6825 5330
6469 7398 6025 3946 5893 6594 3574 4848 6764 2083 2832 3677 7708 5119 5121 6851 4146 4486 2566 2986 8445 2590 1267 6029 2406 5190 5741 3427 7009 4937
7710 6500 6267 4049 5246 6029 5112 6764 5628 2401 3450 5134 7600 6708 5691 6444 3472 2115 3051 3669 6901 3458 1242 7487 3596 5738 5521 2743 6064 7173
7038 5008 4881 1978 6279 5784 5357 6474 7286 2680 5337 3641 7744 5884 5053 4574 2464 2681 1797 3996 8142 3452 2948 7466 1793 6538 4963 3615 5303 7701
8004 5130 5241 1393 6750 6089 4335 6107 4953 3583 3811 4766 6394 5558 6310 6687 3249 3400 3706 3610 8203 2380 2100 8181 2682 5523 5986 1453 4718 6073
8270 4940 4546 2859 6940 7013 4910 7157 6980 2848 3127 3485 5211 5262 6395 4813 1812 3164 2886 4001 7269 3598 2140 7543 3667 5165 5674 1848 4854 6576
7078 7379 4386 1659 5227 4688 5030 6932 5393 2195 4051 3757 6548 5230 6333 4906 2880 2709 3714 3753 7863 2029 2838 7903 1654 6383 5444 2896 4194 7483
7170 5386 4374 2518 6823 5268 4033 5692 6075 2862 5034 4986 5387 4871 5635 7099 3812 2541 3686 2693 7739 1949 2436 6821 1453 6285 5036 3295 3048 7522
8643 5647 5472 2680 4694 5271 4886 5887 5874 2791 4692 5294 6878 4207 6903 5547 4045 3125 2516 4986 6380 4206 1751 7590 3604 6317 6308 1451 3551 7889
8669 6530 5734 2059 5220 7197 3487 6793 5137 3090 3019 5601 6901 5238 7203 6934 3614 2315 3495 6679 3571 4309 2489 7111 1395 6553 4287 5753 3571 6137
7201 5566 5564 2228 5967 6157 5266 6421 5000 7800 3192 3531 7180 5482 6381 5725 4411 2409 3079 5851 4383 2478 2247 7303 1256 6340 5275 6254 3486 5964
7422 4840 4664 1613 5231 7184 3198 6370 7206 6873 3102 5228 6209 5645 6434 6616 3064 2470 3256 6579 4406 3702 1524 6096 1057 6207 4472 6066 4556 7358
6753 4798 4017 3995 5880 6783 5064 3303 5631 6721 4168 3667 3991 6544 5726 5579 2556 4390 3017 5676 3760 3654 1544 6171 3658 5110 4185 6413 3642 6818
8892 6762 5737 3617 5666 4821 5120 2747 4909 6544 4892 5121 2176 7054 5721 4887 3308 3385 3781 6808 4131 4686 1501 5621 1197 5447 4680 5683 4343 5959
25 24 4 15 75192 1.0667247577750816
8 0 20 3 44718 1.0235894959408534
18 29 28 21 49712 1.0948312399354236
22 12 1 25 101805 0.9808703935465963
1 22 10 16 43345 0.9481143304950002
28 20 9 7 99733 0.9025398699018162
28 26 7 28 70614 1.0367437748191541
21 3 17 14 41134 0.9653045688225561
7 26 25 8 95451 0.9278929902223771
26 21 21 10 46626 0.9216147267996848
15 29 12 18 51251 0.9794754353264429
24 2 25 29 84310 0.970004670670802
19 22 4 26 55400 0.9836094331133294
17 7 21 17 41619 0.9534849744726047
20 4 16 26 82983 1.007025289684474
19 3 9 1 40306 1.0501056778572133
26 6 15 25 80488 0.9727238362548666
27 20 23 5 55420 1.0955034513679716
8 13 4 25 54287 0.983391375024284
21 3 9 4 42488 0.977104179628574
8 29 28 5 122625 1.0230466495859318
13 19 1 22 45028 0.9274135400710535
6 0 29 26 122812 0.9951165120521184
12 4 14 28 80145 1.0164750241313754
12 17 26 0 81594 0.9673395400630148
13 23 10 9 53146 1.0649059144425466
1 13 3 21 44604 1.0306229318053501
25 24 23 13 33351 1.081702276965104
3 13 13 7 48627 1.0107373516164349
7 19 29 7 92031 0.9414693214544024
20 5 17 25 73373 1.0406891578880635
7 27 28 28 63353 1.0535675550120525
19 22 3 18 57095 0.963648667346144
5 1 23 15 96592 0.9156954063687547
17 29 14 19 48029 1.095416468083418
3 1 2 16 62956 1.004100653132292
13 29 9 15 59981 0.9975638057623081
26 1 18 12 48965 1.0782999609590973
25 28 7 5 113135 0.9917440095944995
2 14 12 16 44578 0.9082433824505708
26 14 20 20 42216 0.9291573386495166
21 29 21 12 59572 0.9858223421738881
2 7 26 22 104708 1.0497871414328763
10 2 26 27 113890 1.0411016046993171
17 17 11 24 36614 1.0689001168295824
5 29 12 18 59404 0.9940741659024848
3 1 4 17 65103 1.0841103231280904
20 19 26 1 68365 1.0571186486553528
28 4 7 9 80140 1.0252201250526203
24 3 23 15 42652 1.0930336671955707
27 17 20 12 35750 1.0242896045127001
7 8 4 26 70523 0.9831638133394912
18 24 20 10 48303 1.0220608295382392
8 6 11 19 52055 1.0907171764599648
12 15 2 21 46980 0.9486285466385409
6 27 10 12 66462 0.9400106220307898
18 11 1 18 76216 1.0223947435889922
8 10 3 26 71187 1.0921035651581712
21 1 12 15 64349 1.068288133786607
6 24 16 20 41309 1.032194667921309
28 19 11 20 61621 1.0443353426356505
25 14 17 16 34962 0.9311485066318281
6 26 6 5 68240 1.0788581437683171
5 27 25 15 82543 0.9892056289936475
7 10 0 1 42937 1.0410430363425496
2 24 7 29 34871 1.016378784634202
13 28 25 27 37047 1.0700748315507642
15 18 22 3 59529 1.0013869155091366
4 0 29 11 111434 0.9149051701071591
25 26 28 18 36656 1.0316253883265074
7 2 5 24 71128 1.0315853984352166
18 25 26 28 27516 0.9753852180366427
12 0 27 29 120651 1.0250436294257157
14 4 10 12 39419 1.0595072728495714
26 3 1 24 125124 1.0252791967889054
4 0 27 10 100052 0.9026647671579694
17 24 22 0 85319 1.0565151154224104
1 8 8 12 31949 1.0469927605939082
4 9 27 15 96312 0.9228492130419211
14 11 17 3 35888 1.0838179718270913
15 13 0 18 73087 0.9073958359130461
13 5 21 2 32154 0.9317311618376907
28 4 14 29 107917 0.9953859318464438
17 11 28 9 46915 0.9942085829224395
21 14 23 25 42978 1.0270371758976546
19 5 4 11 69909 0.9801811331307142
25 2 3 3 67813 1.0678187547555753
22 3 12 6 38245 0.9602943737561704
1 25 27 14 115378 0.9473821610337313
12 18 15 10 33355 1.0622838253173847
16 5 4 26 98424 1.058490251295292
9 5 22 7 61927 0.9695123297774086
24 28 22 2 75203 0.938800516907446
2 28 18 22 61696 1.0482715472223723
16 19 17 2 60363 0.93520605816292
27 0 11 10 73635 1.0806444931651105
24 4 3 1 75470 1.0031497473980413
16 4 3 9 60264 0.9653259653490301
1 19 28 7 110470 1.0407378290517046
8 24 6 5 68215 1.0405350524785304
10 23 26 1 98606 0.9094346436235182
6 29 25 22 69310 1.0287484180741986
29 3 2 9 92450 1.0589443326785613
10 27 2 5 99253 1.0994391603245972
29 11 6 1 95679 1.0884564695316103
10 1 17 22 76985 1.0156330468589718
16 22 8 9 60849 1.0573738157400683
21 15 3 12 74085 0.9517957756610861
22 15 2 28 93539 0.9540591049400243
15 11 0 12 59708 1.0217558183525892
12 26 15 16 40548 1.0614160359974179
13 5 28 27 97156 1.037212753763608
7 7 21 22 79133 1.0288057993123745
18 6 7 16 66486 1.042310452382371
0 17 24 29 101753 1.0272051586258097
3 19 27 3 104888 0.9238441111461805
11 12 24 17 58710 0.9653792661203181
25 8 6 10 66916 0.9084599627477009
21 6 16 21 57385 1.0751611221849477
2 11 12 16 50389 1.0663715189177565
23 11 14 18 46689 1.0205820106361263
4 27 0 18 52000 1.0286127406237309
0 11 23 13 88540 1.080905859486939
23 0 20 22 71569 1.090201863754861
19 26 1 15 81071 1.0298417560559636
17 2 22 7 34118 0.9220568043282472
4 12 15 4 62628 0.9196663782878259
7 29 24 2 118670 0.9815864899546273
0 6 14 10 58022 1.0885448321497855
16 1 0 14 87098 1.0216722186467944
24 4 29 19 65928 0.9695151980168286
2 11 20 22 70633 1.0027626850920086
5 3 28 5 75551 0.9186865254015895
5 26 21 28 52537 0.9098600605624027
8 3 18 14 55429 0.9945959839207021
3 23 21 17 68629 0.998668023891836
21 19 14 13 44788 0.903412492838846
27 15 28 4 54830 0.9475451207417181
16 1 17 14 51171 1.0383254232331511
22 6 8 9 57441 0.9021100218433756
3 9 23 9 61910 1.0467931234047698
16 22 3 20 45648 0.9581390840802431
7 24 13 29 35847 1.010857720147262
25 13 24 0 53252 0.9573094765605135
11 25 2 16 68030 1.040771884055693
22 8 9 20 72920 0.9411541528001084
10 21 23 13 58655 1.0186923833067716
19 17 27 22 32229 0.9013820242822349
13 2 8 24 73342 0.920461306774995
23 26 4 12 87101 1.078716255910905
20 18 9 2 73930 0.922893536532191
28 16 5 2 107409 0.9126703447383596
22 9 15 20 54743 1.0878052286805597
2 24 1 0 100718 1.0388164164014158
12 21 9 12 42984 0.9226256781741289
1 21 0 11 41884 1.0308786828897107
18 20 25 15 35288 1.019329084541786
18 26 27 16 49657 0.9622915570081431
29 10 16 27 81575 0.97211972065869
3 29 10 19 60996 1.0967212635148624
22 9 13 22 53894 0.9848502070552348
7 19 15 11 43851 1.079696743019184
5 8 13 19 50451 1.0681722630331985
25 18 7 12 69801 1.0458070806798054
23 15 17 22 34562 1.0618082346426414
6 27 4 10 65891 1.0607088370987459
13 1 4 5 38909 1.0771769740860548
0 0 9 3 30461 1.0368246291006487
10 6 12 18 40665 1.0837789309238919
12 16 22 14 39509 1.0974213292968915
10 25 12 17 35911 0.9237747534068262
5 5 6 23 59250 0.9131204315790665
6 22 20 19 49665 0.9830122792463863
25 14 11 4 72909 1.020112261330749
11 11 27 4 69152 1.0539179620485133
21 7 16 29 81164 1.0682069051207825
10 6 22 25 81178 0.9097907204471475
25 28 23 0 81425 0.9261696271071539
1 6 17 16 85203 1.0096469491432196
23 6 20 24 58667 1.0092723774040766
20 14 10 27 64794 0.9248193365442133
28 3 1 29 143646 1.0380194239981426
13 14 1 6 67487 0.9680243083132348
3 1 1 11 42253 0.9344827518836648
13 12 17 24 48346 0.9064063811296876
25 6 27 23 60188 1.0933770332614983
7 24 0 20 35922 0.9262771854618017
5 28 14 26 35223 1.0027851520736124
16 8 25 7 38750 1.0336898066184772
10 1 21 13 69240 1.0515100750933055
23 15 10 6 64032 1.0577952084202407
3 28 21 19 77286 1.035464493103774
2 5 14 12 64511 0.9563243934524551
18 8 23 16 34681 1.0496339549210667
8 11 19 25 75509 1.0850782908799192
5 2 3 24 84165 1.099904846861939
21 12 4 15 69343 1.0133450743082795
14 4 8 18 50395 0.9190363348394383
15 14 1 21 59418 1.0969508593365587
27 20 1 4 121781 1.0084628358665966
20 28 24 19 33632 0.9155245777563848
14 29 15 15 61017 0.9258543140891183
6 23 21 19 55607 1.017621482679779
5 27 9 7 77980 1.0947162701246458
7 25 27 9 94951 1.0512740554389772
12 3 2 15 67284 1.0841373233512726
9 18 22 16 38830 1.045402469315138
27 26 1 19 95201 0.9525587404739834
23 24 10 17 46162 0.9648428819502453
2 9 27 12 87414 0.9270110520119621
4 17 15 3 70598 0.9838381651267127
16 20 3 14 51069 0.9449730846496014
23 2 2 24 122394 0.945840512121103
26 20 16 14 51912 1.0634548915105146
17 26 1 14 79917 1.0131760501095122
17 26 0 14 83393 0.9793625580659983
10 4 26 23 95077 0.9183921574963496
15 10 21 16 32826 1.0774453387124552
22 8 22 19 40964 0.9581964578868513
16 28 25 22 41931 1.0715387461685624
21 13 26 18 29150 1.0060001577228515
2 28 22 25 71538 0.9188335444665767
23 12 9 9 53822 1.0365840761496394
0 16 23 18 75379 0.9543474625052462
6 17 23 23 55580 0.9847321852267645
4 17 28 27 90222 1.0496115087621685
26 4 10 23 88687 1.0175212735037102
10 8 24 9 47060 1.061962424846469
12 11 1 5 58274 0.9396034372398231
2 23 23 21 70699 0.954532030438316
20 14 15 24 47563 1.0037631796729698
5 2 28 23 110900 1.039521024762818
4 19 16 24 54294 0.9564149386651878
14 18 28 24 48484 0.9671146871718025
21 10 11 14 50900 0.9509154427949529
13 0 15 24 72485 1.06837209298072
16 27 25 4 91188 1.0163965703182025
14 14 10 0 56066 1.06644298529732
0 26 18 1 126599 0.9462972226260903
21 17 11 15 39922 1.0773771635230214
16 1 2 17 94426 0.912998168397577
3 7 20 1 81848 1.0201592288650152
24 27 9 6 97299 1.0026939134086141
29 2 1 20 128137 1.0787403629040249
1 9 6 2 32722 0.962969752030747
3 6 17 5 68100 0.9251523766324193
27 12 11 11 65683 1.0625553084236623
18 2 6 29 108944 1.003104111174628
0 11 14 7 55416 1.0577922573296228
15 20 6 10 52009 0.9936268739609645
11 8 25 0 75685 1.086340758245304
7 21 27 11 85756 0.9416523618722051
4 2 23 17 93150 0.9188768735376306
10 28 0 16 75606 0.9137953479634637
25 27 12 10 81487 1.0014229860111556
19 22 11 2 74677 0.9737179192998315
2 15 11 20 47002 1.063004946742565
28 20 13 20 48868 1.0321013769861875
6 1 9 29 96680 1.0274812534927487
25 29 14 21 48153 1.0150238579388846
6 14 7 0 42790 0.9375656396207306
10 12 20 12 51312 0.9276598705657869
11 26 28 21 58088 1.0028763015927418
10 16 2 29 74649 1.0638586975826725
22 28 3 16 85600 1.0752172517860237
19 14 22 29 63223 1.0093562550471804
4 23 28 6 115526 1.0353148787114073
25 29 8 9 101030 0.9597992697155631
3 21 21 4 95580 1.0381721692437227
29 12 4 12 97463 0.9217334846192305
12 20 25 22 34908 0.9427726552432415
23 8 7 16 72750 0.9032479089162978
1 4 24 10 88066 0.9466888670180391
5 16 26 6 91585 1.0256310063474836
26 6 26 28 68370 1.0184181066919886
2 12 16 6 65715 0.9403583242424245
0 11 11 6 51046 1.0863345506016007
26 4 21 21 58492 0.9639560567023446
5 22 6 13 30287 0.9442557699976152
0 10 6 29 84999 1.042378973719374
20 10 24 16 31128 1.0544787026160942
4 22 29 23 72599 0.9189302435970396
15 16 23 0 65465 1.0292326001440286
21 16 25 6 42790 1.0275289593456374
26 5 10 29 103115 1.0965491609932156
14 0 15 23 78923 1.0427141025409188
11 10 15 20 47619 0.9751275988904363
0 11 10 2 55533 1.0109149752062783
3 3 10 29 99771 1.049651046344305
29 22 3 22 68975 0.9272883918335214
19 4 7 5 49314 0.9870661872410628
6 15 12 10 37934 0.9099846919516449
2 25 2 3 91670 0.9534394732249197
23 9 22 25 49867 1.0767523859727437
27 29 15 2 112742 0.9361995549838316
3 17 24 24 74828 1.0027465865991394
0 26 28 20 97831 1.0975690297833194
22 24 1 28 70807 1.0125456139948021
26 6 5 13 89709 1.0000422056901541
1 12 10 24 71664 0.9833545667907482
4 13 27 4 97092 0.989381542284581
27 29 11 10 100841 1.0475848936594714
1 21 14 20 38921 0.9813148874439
26 13 27 27 64110 0.9187812303108259
12 3 12 23 60601 0.9406811766325013
3 3 22 0 68171 1.0156876411004037
11 11 5 5 39799 0.9031264425806481
7 21 0 7 60788 1.0662478381919935
27 24 28 6 63415 1.0351029164537116
25 22 5 9 80463 1.0715389692572417
13 7 21 21 56766 1.0715555822763783
15 1 23 22 87070 1.0832226514274004
25 5 29 23 67767 0.9699206599276395
9 14 28 16 72031 1.0055376228050141
18 1 6 3 46840 1.0249094821872242
27 3 22 14 48745 0.9407808307572962
8 10 3 16 39109 1.0203886057515927
20 3 12 18 61457 0.9650696382718017
10 1 1 9 51131 1.0343971265301644
13 10 25 27 77062 1.032649854933965
26 9 8 3 67125 1.082439913033291
28 27 1 11 110492 0.9982760335722399
16 19 16 3 59715 1.0452191152739194
29 27 18 1 99794 1.0876294931291621
11 5 21 6 49735 0.9709811107288223
27 12 8 3 82621 1.0777593146238045
2 3 2 17 58948 1.0563732831064623
20 28 19 8 65616 1.0693044606465216
23 7 15 12 42329 1.0899528213481393
7 8 27 27 114786 0.9521566915364619
15 10 26 11 41960 0.9607785092781709
12 15 25 27 69970 1.065547944803515
7 7 16 23 74464 1.0718563456554029
7 25 18 23 40297 1.0184023301375547
19 4 6 25 98400 1.0092357756864863
21 25 17 4 72822 1.0042976511426254
23 26 28 2 81091 1.0651976175141231
15 16 3 23 55345 0.9750742994643766
29 15 0 8 118253 1.0863644867622904
11 18 2 17 34513 0.9666488252311649
15 29 25 10 80792 1.0308099201971166
10 14 17 8 47260 0.9373735150974112
27 22 22 15 32978 1.057431562254436
4 10 25 8 73204 0.9005467437230839
18 6 21 29 74810 1.0842057035536758
19 13 1 11 72407 0.9331533733685633
3 14 28 3 102108 0.9151226911779494
22 2 23 14 42276 0.9318308905467225
4 29 12 4 102211 0.9454136031812546
10 6 1 16 65787 1.0817736686358645
11 19 22 14 48330 0.983676865457912
7 24 15 0 96467 0.9809657731690546
3 4 27 13 105220 1.0043491270975837
1 2 13 8 51779 1.0725807517055175
19 7 3 21 82332 1.0909885377192312
7 1 12 6 33762 0.9424196913796327
6 12 15 10 43912 1.0628206139125638
29 5 21 18 64412 1.0361612054785718
12 16 5 5 59639 1.0917862796137852
20 11 6 24 74516 1.0857047804094457
24 16 12 8 58197 0.9883722466260296
27 15 15 1 87034 1.0122716486822252
27 2 24 16 46842 1.0854428208024205
27 23 23 6 55192 0.9756033893709011
21 20 15 29 50609 0.9637671334503684
2 29 22 22 78662 0.9367213389033284
8 23 3 0 88310 0.9780330043361776
12 24 22 2 85133 1.0392179712863006
6 25 18 22 42269 0.9450756564735475
22 26 29 23 29313 0.9993911221802222
29 1 2 8 108500 1.0555506587228072
17 15 20 29 52887 0.9782771521866678
1 27 29 28 82750 0.9295312991874375
26 4 14 25 83567 0.9393876665237406
26 6 7 14 84719 1.0235813106799454
12 1 6 13 55872 0.9482351922027612
18 3 18 26 66476 0.9128749907958486
2 0 27 7 93382 0.9596079659853214
24 4 16 26 89371 0.9320732928845705
5 12 10 1 51255 0.9823907473000448
0 20 27 12 111230 0.9219217380799919
19 19 2 24 72580 1.0332729033425658
3 27 19 8 94825 1.024827738055845
26 22 4 25 70776 1.074906408646691
18 8 27 27 82642 1.0136852158335816
16 17 19 4 49190 0.9132849537490547
17 4 14 14 52308 0.9789108107490656
28 7 16 21 72578 1.084605267606272
3 15 7 28 59596 0.9293872528700292
2 16 23 29 99309 1.0440007098468573
8 3 5 19 52643 1.007102776117221
17 24 3 15 67831 0.9867467497748039
15 20 1 18 58868 0.9108322903763445
14 26 9 11 67937 1.0184353917670974
29 20 0 15 100472 1.0059035088144523
17 28 18 6 67233 0.9754356685718102
17 24 21 14 40333 1.051468641026646
19 28 9 19 57114 1.0045723592793465
1 5 18 28 110007 0.9395681092233374
2 11 24 18 75061 1.0379891150470695
29 11 13 12 61116 1.0822351086828088
2 8 6 19 45743 1.0216032988756407
20 17 7 3 74494 1.0185290687525348
29 29 8 14 105394 1.0452186078116241
19 11 3 5 72334 1.0713180182317434
22 7 14 24 69346 1.0087067478662537
10 22 5 2 71872 0.9726854321440415
0 28 19 26 62025 1.0575572050072604
15 13 10 28 66232 0.9206473928574594
23 18 25 5 45881 0.9297223139408932
19 9 4 17 66031 0.9001643452331701
19 6 8 0 55335 0.900050822316159
20 4 29 11 53094 0.9036193490160717
10 10 3 13 34178 1.0335169043767114
0 9 11 9 36359 1.0158414906704818
0 21 9 20 29945 0.9192523655430256
6 18 22 22 46019 0.9210896665527588
5 29 11 23 41857 1.095720782778387
4 15 23 12 78670 0.9745312409731295
14 15 24 0 79712 1.0788641558128111
5 18 21 10 64460 0.92819179499393
21 22 8 21 35129 0.909638824137457
2 25 11 6 90760 1.098302034833957
15 25 20 3 78313 0.956491008664248
17 3 1 27 112996 1.083829031247045
24 23 15 26 38952 1.0312780392615921
6 22 12 18 25218 1.0909747021061997
18 6 20 19 44040 1.080908628798801
20 6 4 21 86862 1.0504744265518262
1 5 8 20 70547 0.9523145879160471
4 23 17 29 64757 0.9330092150745903
23 27 17 7 75166 0.9292080643637988
0 9 14 25 82898 0.9491594497737814
14 14 10 26 50795 1.041064343838364
14 12 3 13 54780 0.9104580614182625
9 17 22 11 54899 1.0485067868019036
2 16 22 6 102972 1.0558774645657603
13 19 24 12 50751 0.9779965004657653
26 6 10 13 74805 0.9487692671265142
10 8 20 0 68360 0.996472728984103
23 29 22 12 57795 1.0924804247449689
19 25 28 4 87256 0.9164377215682126
23 29 15 24 37503 1.0565832886571476
16 28 4 23 55846 1.0770366188099194
28 2 5 13 97455 0.9198447364216281
3 3 28 1 77544 0.9937919455071863
19 15 4 16 57337 0.9803090174447043
23 3 12 5 38349 1.079885617138409
6 19 6 5 39428 1.0313968976597225
23 20 1 21 62243 0.9494128871331671
7 3 1 25 87826 1.0464018653811873
1 18 22 16 72661 0.9245192045842244
4 27 11 17 55025 1.0092965760252202
6 29 9 0 105191 0.9259583895115012
17 3 26 10 41790 1.0303933240849221
24 21 6 18 51657 1.0057101391234056
20 19 11 6 58318 0.9299180823606696
25 23 27 10 46930 0.9063344724193327
26 7 18 12 37752 1.0114844159944596
28 25 22 11 55006 1.0859547759319292
12 18 11 9 31533 1.059191613880693
27 16 7 9 81857 0.9552811102945653
3 10 26 0 92108 0.9199140996952581
29 29 10 24 69307 1.0876282511549715
20 14 2 25 90262 1.0452697518856813
9 13 4 3 40947 1.0144560944414456
15 9 16 21 44871 0.9402972078564601
21 11 16 28 63466 1.0493729852055234
6 19 14 28 56425 1.0333080379387924
24 24 4 24 69656 0.9382523494676049
20 24 7 23 41858 0.9185701707399833
24 3 11 29 104455 1.0902290250525746
3 19 8 12 41431 1.096958779449392
17 27 26 6 76371 1.0742647011908288
7 6 28 24 103157 1.060552556729038
27 23 9 13 76612 1.0461634564137328
17 24 23 18 34871 1.0529541808941716
2 19 22 27 78969 0.9575113146113978
7 3 5 24 68509 1.0036774360691647
4 17 25 20 66945 0.9689581173987669
9 28 27 9 96114 0.973295002980544
9 0 6 22 72888 0.9215683567265122
7 13 2 5 48246 1.0945692891020626
27 1 21 28 89210 0.9448681010872277
4 20 15 28 65733 0.9876245760391231
21 0 29 12 58428 0.9058543331885843
24 9 13 26 67500 0.9337426256591412
13 28 18 21 33515 1.0008214981839367
1 18 20 26 83075 1.01240939310661
2 18 8 29 65115 0.9838798557518538
1 6 8 12 43509 1.047470572982622
17 12 5 4 67178 0.9383817693420913
11 0 2 15 79133 1.0450138375218112
2 23 29 14 112623 0.9698842240157085
15 5 25 7 56676 0.9371898955395388
10 16 27 2 80161 1.065280612236661
29 8 19 14 59273 1.007741073165277
6 6 17 3 41249 0.9330951175324823
16 19 27 17 35586 1.0955142071180641
26 9 16 7 43111 0.9305926252655004
5 13 20 1 89012 1.0425683331348852
13 20 11 4 51680 0.9962510803117233
4 26 19 16 72784 0.9633611966076795
15 25 26 27 44948 0.935194253330434
1 19 4 1 73489 0.9396437384129748
16 14 5 27 73751 1.0732834845392611
5 16 11 8 46998 0.9615111576218035
18 19 21 5 48728 1.0657945027454279
2 24 22 8 107748 1.0855064287709297
29 23 15 9 70563 0.9085893441367474
29 17 25 27 44902 0.9911435331634117
1 3 15 20 85318 0.9453360863609124
3 14 11 23 54919 0.9892073386653448
2 22 25 12 93659 1.066245711319115
20 19 15 29 51364 0.9466124109554643
21 23 1 28 72002 0.9650673402718835
7 4 18 5 45802 0.9164884133585973
14 21 22 25 30611 0.9216194691209001
22 29 4 27 59425 1.0274832779162388
8 5 18 27 88760 0.9825147856073204
26 27 1 17 104481 0.9438239064751198
7 1 2 29 108526 0.93944502062196
20 12 6 12 63552 0.9816148423688533
24 7 9 10 57470 1.0324504221347843
21 11 7 3 65090 1.0177595965357753
21 9 0 28 108575 1.0197685204443414
5 13 25 1 98061 1.0184807213891591
9 5 15 29 98669 1.050893353517441
22 26 29 17 47753 0.9044715972259442
20 22 5 12 63426 0.9591701206048848
6 0 18 4 49918 1.043751221759007
0 25 13 9 83596 0.9960050889039742
26 0 8 5 62453 1.0673911199404948
28 14 9 14 83468 0.9676223544691123
13 26 22 22 32185 0.9683142798608291
6 20 29 25 70393 1.0851287412320136
1 11 8 27 70953 1.0922013484421573
13 1 21 13 57383 1.0481227575275258
26 1 28 25 80332 0.9485107664771185
9 15 24 3 80315 1.0652394785447572
8 5 26 8 69089 0.9576331985366334
19 8 3 15 78894 0.9527898989584236
12 26 25 17 51486 1.0443564558427936
24 3 0 21 108303 0.9718316040971865
27 15 11 19 62007 0.9589467370314786
26 10 12 29 82024 1.0946333803469508
12 27 28 4 102833 0.9028562661555549
27 5 16 15 64227 0.968439478969516
6 0 8 10 30381 1.0594225475833576
8 20 25 19 59687 1.020565847847264
25 7 1 6 95918 1.0056730352662229
12 6 8 16 43629 1.015533268870226
26 2 27 24 68003 1.0127799041441405
9 12 26 7 73481 1.0310818208777157
8 25 19 15 60090 1.092651632270728
10 24 19 21 30007 1.0852007545689224
20 17 6 19 39052 1.0478014712258774
18 5 29 19 72949 0.9799018698660208
22 26 1 17 90462 1.0381136756835072
8 1 23 15 84671 0.9998701239330409
23 9 1 15 87741 1.0666110727493074
21 28 9 9 84565 0.9055371639453977
13 29 13 7 66267 1.018024567246925
6 14 26 25 73774 0.952593520685976
27 1 22 23 73939 0.972334220034798
2 14 10 2 60329 0.9618692604052006
6 21 0 28 45845 1.0068445965141284
18 27 12 19 36125 1.0847224605107184
13 24 14 1 72796 1.0635194703615254
5 12 21 25 75244 0.9657303213264024
4 4 3 22 71379 1.0384058369187819
8 6 22 9 51983 0.9125320594814105
0 7 12 27 92168 1.0663065303275934
21 7 10 23 73922 0.9182211386483566
11 12 15 29 78127 1.0387286773491553
11 14 27 18 63683 0.9277663438464714
4 26 12 19 53523 0.9276780934279857
16 1 23 7 39862 0.9950085260794176
23 10 14 24 62256 1.07373492182807
0 18 12 1 89320 0.9144479471565962
3 22 12 0 88060 1.0491186719145817
28 18 20 4 65711 1.0372509650273325
26 6 3 29 122666 1.0424182411280034
21 27 2 26 57908 1.0727602637930844
6 26 17 28 42759 1.0319584647108937
22 7 27 23 58210 0.9992424383243652
20 29 12 22 36722 1.0830596845364364
0 7 22 18 87448 0.9828030580024569
3 11 18 8 56783 1.0587811077386398
1 24 25 21 80001 0.9555689949421226
24 4 18 11 38360 0.9393359818744226
4 20 9 26 42241 1.0691208030983876
1 9 10 16 50544 1.0716696306268179
12 26 3 14 62850 1.0858116605600971
4 4 20 0 69956 1.041880730382886
8 6 9 25 73547 1.0499650629593589
21 20 13 3 67864 0.9592999204498243
2 2 5 25 81500 1.0244482453601824
16 6 24 24 72684 0.9169274755424123
17 23 4 27 50887 1.0084497270949142
21 0 4 19 96987 0.9305745556239078
11 6 17 2 33813 0.9939639169566845
28 12 10 19 77884 1.094064648523683
15 6 12 16 34916 1.0142559894200356
17 4 1 21 92480 0.9226176901596864
24 5 5 10 77766 1.0907272221770046
19 10 14 21 44806 0.9429063851565131
25 20 25 4 57368 0.9183020892239315
24 29 15 6 90318 0.9859851961494464
13 9 28 22 67511 1.0035110171953965
18 7 23 15 40603 0.9841473208959615
17 3 2 0 53843 1.026683653416015
0 26 17 26 58823 0.9406097564740257
16 20 12 28 35249 1.0103568406620365
25 22 21 7 49172 1.00075758290554
22 28 29 24 25030 1.0656634390256046
12 20 7 7 56106 1.0284490372922033
6 28 17 11 85459 1.014523479451244
15 8 25 24 68484 1.0316920600184538
6 18 21 26 55900 0.9491997957790839
25 16 19 22 28168 0.9377566721030184
24 0 12 5 55309 1.0545669118446603
29 0 19 1 51638 1.0725550821937957
2 28 3 18 58041 0.9619996863058322
21 10 12 1 54148 0.9318651343361135
21 5 5 24 99070 0.9079355574681124
12 12 29 12 70928 1.049631207380814
26 21 23 0 67740 1.0818042148064448
1 15 27 18 82898 0.9746106078304178
28 19 16 25 56379 0.928344740477902
14 11 20 29 71652 0.997165905418103
4 0 3 22 84025 1.0806286371497775
12 6 17 16 39435 0.9245162685410092
10 22 15 2 70323 1.0201383306573037
29 9 11 11 73169 0.9642024200122665
10 18 14 3 46020 0.9447539295734014
2 0 19 26 113037 0.9504442754063642
25 1 26 13 42524 0.9625440674971788
12 27 2 29 42722 1.0049227607969335
7 27 15 24 31328 0.9946328416921801
16 28 17 3 83808 1.0706952537502743
5 12 27 10 81929 0.9703432794443284
7 9 26 9 63819 1.0356980397356441
28 7 24 13 28384 1.0606579429056415
25 18 29 25 31852 0.9887315470597736
26 2 8 0 61589 1.0436257019674444
4 5 20 28 104656 0.9695531413368509
1 11 21 12 76866 0.984557474225709
11 20 0 4 79973 0.9581516098395341
23 15 6 27 77512 1.0992723501306774
29 2 2 19 120492 0.9064871997135385
10 10 24 18 66490 1.081948255925556
0 7 14 23 81350 1.0570822549469607
11 5 21 5 48985 0.9031911705308227
7 23 9 0 79919 0.9667342622790869
1 3 23 25 111750 1.0951032620924026
3 24 12 28 45931 0.9919138421401866
18 27 7 27 32020 1.0697851004350352
11 3 21 25 83673 1.0452275577441092
0 12 9 0 62526 1.090942006883918
19 25 28 11 69128 1.0547610684169784
20 20 27 13 50095 1.0225141371607456
2 19 15 29 81521 0.9499402319437278
20 10 24 28 59867 0.9020661306910809
17 15 22 6 44004 0.9457337179017649
9 29 4 21 47934 0.9941195222506549
27 1 13 4 46909 0.976813523723236
21 21 2 14 67421 1.0775120384551586
23 6 15 18 55209 0.9467664880662574
14 6 12 29 69638 1.0434601805952963
4 12 27 15 93010 1.0439751681560607
20 2 25 8 37587 1.097853614933864
17 28 11 8 80571 1.0354910890446016
6 2 14 28 97761 1.0719335287889127
7 19 10 27 39718 1.038883938088592
7 5 27 1 68745 0.9906677039941117
6 18 15 16 26107 1.086636744373651
7 9 24 6 63812 0.9044052939533193
19 2 3 27 112006 0.998115352217831
18 23 4 13 62139 1.0363965238578214
5 26 11 17 48896 0.9263539123445376
9 20 15 5 61116 0.9453979770041077
7 27 26 18 71467 1.0573141808603452
24 23 26 5 51485 1.0453569776197817
29 11 9 8 74166 1.06307190056382
7 19 25 29 76154 1.0571676032145414
9 14 24 28 78311 1.0417946458903187
3 17 28 25 87716 1.0292776878985463
6 17 17 28 60635 0.9026679456321118
17 3 22 13 49902 0.9714596067078151
11 9 22 4 52807 0.9950311364795477
24 21 6 11 70139 0.9714155918558672
28 21 20 6 67707 1.016227011168626
4 2 18 18 75746 1.0015328999316198
11 18 25 28 58827 1.0399433647347645
29 15 9 11 91197 1.0259417009417537
28 16 27 26 50385 0.9472768468610069
27 9 21 23 51867 1.0843698036093605
1 15 24 21 79256 1.0416677851166498
28 0 6 17 108567 0.9615014203942549
11 15 25 12 65117 0.9456989599925585
5 9 29 10 78715 1.0642440887136044
6 27 6 15 44679 1.0232839950573076
13 0 10 21 61729 1.0248057811457365
6 27 8 10 65276 0.913572954649696
18 21 1 29 71456 0.974842347576717
3 22 25 14 85904 0.9653751276893865
13 12 29 23 68554 0.9275726852619343
16 9 24 5 36520 0.9735695717131265
18 13 11 1 56186 1.023102487250554
17 14 27 10 43650 0.9766193477944277
24 19 8 18 44025 1.0719579870322717
23 11 28 6 32868 0.9433911937431253
2 16 22 8 95406 1.0833765791750403
6 25 25 12 88254 1.0690450632727744
29 29 14 21 63348 1.077586433427086
17 11 9 14 45956 0.9916047086790152
4 16 6 2 48390 0.945169550555871
11 22 4 18 40138 1.0006870685858362
10 10 28 21 85376 0.9126013363739439
24 0 8 28 123533 0.9885407966632509
6 12 18 3 63324 1.0208038167491058
10 8 2 2 43877 0.9580597726826722
11 27 5 23 35277 0.9729893800858778
18 19 23 4 55549 1.0297703579466104
26 7 6 29 110837 0.9132313716494264
28 18 2 11 87908 0.9924501100055062
13 21 0 21 36526 1.0107322790287299
2 3 4 14 47864 1.044445512182692
7 15 22 23 61847 1.0354820584975246
29 5 28 28 94426 0.9946211649113348
25 10 4 18 80628 1.0594890117055469
5 29 19 23 61212 1.0543005631747393
21 15 29 7 50620 1.0820271256221563
29 2 1 4 87924 0.959766849221855
19 26 11 18 43072 0.9774949617987302
12 2 8 15 53936 1.0412298482252007
15 27 11 18 41279 0.9914189722364072
25 4 0 2 77635 1.0418263180237217
0 29 29 21 98615 0.950442121436786
25 28 16 7 81943 1.013543697820301
14 28 10 17 47768 1.0082707255136205
1 23 18 11 80637 0.9591480700746707
19 24 12 20 26791 1.0499096472973992
17 8 16 19 39280 0.9053255027923928
24 12 25 0 45918 1.0887474028353423
26 1 23 25 75285 1.0236284664947088
21 9 4 22 81221 0.991479874355362
4 15 26 13 87140 0.958333328496165
15 1 26 11 63455 1.0232595497150423
11 28 4 14 70410 0.9386716473753186
18 22 29 6 73458 0.9584850012631787
17 7 2 10 63901 1.0291387449141247
7 21 24 11 71396 1.089189300611546
9 20 16 15 38155 1.0507489951463949
28 9 13 21 75447 0.9738201920967252
24 1 17 9 43058 1.0762950060643783
1 2 23 2 68266 1.0386423203733426
21 29 13 11 71703 0.9064109970126352
4 7 0 20 60664 1.0091140324631467
26 3 0 5 77700 0.9685492173396295
2 13 1 28 85292 1.0947713911416352
21 4 0 13 95457 1.0772737704323188
11 22 5 9 55808 0.9586051098742274
9 26 15 0 100313 0.9914504682190648
16 18 7 24 44035 1.0874956254235666
0 18 28 24 92712 1.00580008442472
22 3 10 9 51555 0.9627350128223127
1 10 9 3 45368 1.022963306006132
12 5 20 18 55230 1.0220633322789272
29 2 19 6 43692 0.9347252909448704
7 15 9 25 47734 1.0210544080879977
2 21 18 7 79068 0.9751047469512665
6 7 0 0 29961 1.0965632375184826
26 14 24 2 46808 0.9042561509987729
17 22 13 28 28797 0.9511550839556887
18 14 4 5 70175 1.0122129829752662
24 26 19 16 39126 0.9734404902341559
5 3 0 21 68711 0.9983578100239552
26 14 13 15 56006 0.9410844489915237
3 15 22 8 86659 0.9797703110485907
12 12 7 7 34527 1.0202623751450892
28 12 2 10 95915 1.0505480017943571
24 28 17 13 61499 1.0272637071210515
0 9 25 24 99165 0.9731311337380907
19 9 5 4 60786 1.027721843385787
22 25 22 1 79771 0.9422742431329747
14 0 4 28 112206 0.9198286824652498
26 4 24 16 38654 1.0232284543408974
22 6 9 28 99068 1.0594225747997346
22 13 14 28 65682 0.938639491874921
21 26 6 25 52485 1.013561684266111
26 1 8 7 67637 1.0671057252058662
14 12 7 4 47970 0.9790022343348908
4 20 0 6 61188 0.9686259523607101
20 6 5 2 60915 0.9156297037739427
12 12 29 1 82986 0.961727458786531
18 18 28 22 32539 0.9392933181865252
26 10 14 15 57518 1.0955250945755584
6 21 13 27 42481 1.0444078767787337
23 13 13 13 48601 0.9412304369904394
15 17 4 29 69271 1.0386746945959393
7 26 22 19 65859 0.9800497407300692
12 16 9 5 45960 0.958714585721745
28 12 11 23 82463 0.979052976205122
23 14 16 20 39714 1.0422453624641956
26 15 16 0 78198 0.9775846348193221
7 20 22 17 49001 0.9239897523154623
6 28 7 17 45890 1.0529691517530966
23 0 8 8 66861 1.0233774407311742
15 12 28 0 77227 1.0583851664479966
26 12 7 5 81113 0.9582288191214489
8 6 2 20 61640 0.9324308068251579
6 25 14 10 65594 1.0082537325886431
8 4 8 19 52561 0.9777808869259964
22 3 23 18 49030 1.0417633646799473
5 21 14 3 67693 0.940731815424099
5 24 3 6 72029 0.910557208424138
26 15 10 0 97142 0.9519337065253299
24 1 17 22 76472 1.0065675258361588
5 18 14 1 69963 1.0761978809536197
23 15 4 28 87188 0.9718277400375388
13 12 26 28 75884 0.9507914720495615
24 24 16 22 22304 1.0280577128986101
5 5 12 8 42274 1.0508315766010912
8 17 29 24 63248 0.9450496711508021
10 29 7 18 49896 1.077994827427084
7 26 3 8 68695 0.905616998760565
19 4 11 11 51055 0.9568752460188416
6 20 2 26 41345 1.0207940458185687
15 15 25 10 52614 1.0997135417413118
28 21 1 9 104273 0.9299129710644239
11 20 2 24 51532 1.0202321979781912
28 28 19 22 41970 1.0541956846168479
0 4 6 23 73305 1.0752779482042163
0 7 27 8 98105 0.9109759955583511
10 24 18 22 23079 0.9864805497362477
23 2 17 10 37612 1.0702858755047866
18 14 15 5 39297 1.0962786817934511
10 5 19 15 53627 0.9862250162645282
7 26 13 22 35039 1.083730940749478
19 20 24 15 33034 1.0064490432437594
25 6 15 0 55246 1.014948224939521
14 0 2 24 107631 1.022006718392885
19 15 3 3 77764 1.0648446917319843
5 22 19 3 89959 0.997862873085632
13 28 13 0 82335 0.9013516914343157
25 28 8 19 70720 1.022476747703681
25 17 13 14 43428 1.0388340979880126
25 10 4 19 80055 0.9209528141405943
8 21 20 1 95760 0.9332771251755759
24 29 18 22 33487 1.047842332456073
29 1 3 3 84306 1.0935987491522454
21 15 14 3 59375 1.0953276728677983
21 12 20 23 42208 0.9813110209633306
11 10 3 16 51277 1.0069661901232705
6 28 12 1 103596 1.0683969827108977
27 18 1 26 96122 1.0225346659783545
11 7 21 25 76534 0.9832462124706074
28 6 0 11 103455 0.9713007251744348
18 1 13 26 83610 1.05744279379384
9 17 0 12 44250 0.965342939160269
13 22 26 11 57911 0.975642609383294
19 13 5 16 58258 0.9146352468279221
5 23 1 3 76597 1.0351337913484553
14 16 0 7 68511 1.0168463433570811
1 10 23 23 91708 1.0978690440554537
5 20 8 5 53128 0.9261550513034502
20 15 22 6 37986 0.9452298015839027
7 25 5 0 81437 0.9695326279763486
14 9 17 17 33128 1.0067617632751025
26 12 14 18 57345 1.029168205726779
10 28 26 19 65655 0.9924968456492939
0 27 27 14 109961 0.9741222731478623
7 17 28 28 83028 1.0948594798013307
9 13 17 4 64107 0.9626763482497236
28 9 17 12 51773 0.9839232130442168
13 24 17 5 70731 0.9776537619563334
29 9 2 24 131014 0.9765222228986501
0 28 27 11 120015 1.0514971429741005
2 20 19 20 61760 1.099368453291648
21 29 7 19 67963 1.0723669216711136
12 10 28 14 73236 0.9926366322529263
5 16 16 8 62565 1.0937528035694903
21 17 13 15 31050 0.9752124513344644
29 0 25 26 96443 1.0603795114375956
20 9 24 28 57274 1.009427757466057
26 23 8 29 69267 0.9233063833045961
26 0 6 20 101344 0.96738182569708
12 12 29 7 71027 1.0240858601074647
29 28 2 3 132936 1.0304888813757147
9 23 5 17 34639 1.0813372307656794
5 2 25 27 117012 0.9251085419599423
22 22 23 5 50703 0.9350678529410251
4 8 4 21 50394 1.027952525902615
11 22 26 9 67730 1.0218600982850574
29 24 16 7 77067 1.0125494750065918
17 10 27 2 46707 1.0919912032762165
11 14 26 8 67513 1.021785334201814
18 25 13 11 51963 1.00914760327348
25 1 23 12 45149 1.0289334082652113
21 2 17 8 30004 0.932977084674375
24 29 22 4 74490 1.065172752153886
6 4 20 16 74717 0.9582751673564089
26 16 11 12 65072 0.9411525976654662
2 3 4 18 60026 0.9043287067942087
29 17 13 5 76439 0.9753873100727077
8 21 9 7 54275 1.098907842551352
29 1 3 16 126252 0.9357027123422567
9 5 1 25 91570 0.9367307864778124
4 19 18 14 52914 1.0311293169084017
15 28 5 27 35979 0.9862370588997398
25 12 7 9 66087 0.978257818268657
19 1 24 24 77460 1.0436428531361983
8 28 10 1 102513 1.0931428852913008
28 28 11 9 96834 1.0332259623327904
1 0 7 7 37658 1.0872867560329915
12 1 16 26 87363 1.0076518981669664
29 2 7 5 74613 0.9066962037155779
27 26 19 7 80405 0.915776893261429
1 19 27 17 78143 1.0214502739957498
24 18 2 22 71112 0.9535008086907095
16 4 0 26 117005 0.9946579946729044
27 24 14 23 33167 0.9298119111994201
23 3 13 8 41995 0.9803679639102036
23 5 19 18 50250 0.9336813336397286
28 2 3 7 90291 1.0191449646615218
28 8 6 20 92367 0.994681425517396
2 25 28 28 87805 0.9042401967288372
24 2 14 19 76674 1.0337736753881066
19 24 11 9 60501 0.9224273204352906
0 1 0 25 93583 1.0216378329511013
9 13 18 4 61703 0.9631659999459207
2 12 25 29 109988 1.0204433164621671
15 9 29 3 53712 0.9087831708754606
17 27 21 20 32611 1.0500240909112017
23 13 16 20 43565 0.9823020998081107
13 23 23 28 42516 1.0108381032629914
1 11 18 18 59570 1.0719762048504788
23 7 6 28 103793 0.9307381191751868
8 10 9 29 79759 0.9930696271855216
29 0 11 22 110628 1.0705949081522763
17 26 4 1 108875 1.0506042651731087
21 11 15 17 34859 1.0741103330412196
10 25 21 20 42112 1.0271723379905229
10 9 13 23 53146 1.0810112919844985
10 18 26 8 68982 1.0386058745365025
8 23 28 27 70355 0.9896408181797385
18 12 26 16 36805 0.9071905741159383
27 29 4 13 105616 0.9473029346811618
15 29 7 18 61963 0.9636826190945083
0 16 1 5 35058 0.9729027185198504
3 25 26 28 74682 1.058193583095982
14 18 29 20 55126 1.0669798842540121
5 26 0 5 87596 0.9845792416695672
0 21 15 26 63871 0.994149280815381
5 10 20 8 57291 0.9630469706240288
1 18 27 18 84095 1.0834026278466207
14 24 28 24 33401 0.9701608633023655
3 22 17 2 93763 0.92715302923447
21 18 23 4 50308 1.0193247007934105
6 27 26 10 93883 0.9538293923567389
25 16 24 6 34541 1.0186574244985738
17 18 3 18 42267 0.9267576615912324
2 29 26 19 99090 0.9026380831879081
22 12 0 11 84641 0.9098914650737241
2 4 7 17 57402 0.9379314065506122
24 29 6 19 72032 0.9004876467113913
4 24 18 1 106757 0.9233056370768358
13 16 8 26 51152 0.9014982355886297
13 23 26 20 38425 0.9107533581811824
11 25 24 24 38062 1.0876681770866319
6 13 6 28 54767 0.925931108910337
1 18 9 1 81659 1.0531435068869361
19 18 25 5 59701 1.0740944106535129
6 13 11 25 52921 0.9576209326863839
8 9 25 2 69229 0.9442209897061872
13 11 26 7 50108 1.0575483452171415
1 25 18 8 99096 1.0111299782751573
29 4 3 21 120089 0.9654032777988658
7 20 28 21 63487 1.086337996436494
13 12 8 20 38528 1.0188036129556237
24 27 15 13 69792 1.0567828796513843
5 25 5 12 51135 0.9669966522983628
12 10 1 26 90827 1.052926489537721
24 10 6 10 61721 1.0191201243554082
15 8 16 24 61214 0.9876888794273475
4 23 6 10 47094 1.0202040733000979
8 27 22 1 109331 0.9139928898146192
10 27 21 16 56796 0.954492448766779
3 10 9 16 45605 1.0365995979124543
1 28 20 22 68164 1.006401227529587
6 26 9 2 83522 1.0878860489720208
0 6 24 13 92353 1.0977452234321
5 23 21 4 99161 1.0196388076461442
2 25 21 23 69905 0.9452195314861358
10 13 4 0 59873 1.0731840350963382
23 17 17 13 31894 1.047062457619998
7 14 18 1 74279 0.9676800387893438
7 7 9 16 42108 1.0941630434349114
