4514 2977 4693 3534 2585 3805 1884 2225 4926 3498 3037 3750 3017 2606 4419 5837 6735 6218 7040 6368 4135 6019 4202 5116 5310 5337 6000 6032 6315
3530 5244 3033 7673 5233 5812 6836 6315 7851 7569 7871 8006 7392 6872 5142 6055 6708 5348 5480 7812 5455 6850 7267 6346 6035 6399 6220 8104 7477
6387 5320 6090 5015 5425 3991 6330 5786 4193 6807 6317 6076 6307 5804 1825 1310 3906 2404 4004 1469 4047 1387 4049 2621 1640 2463 2924 3609 2833
4924 6705 6107 6370 6012 5492 7102 6096 5665 6207 7437 6847 7227 7367 6652 7230 5651 7207 6626 8605 5535 8306 5824 8298 8421 8424 7360 6089 5390
3073 4651 3470 3006 3490 3818 2610 4463 3518 2834 4605 4336 2580 6861 7210 6072 4721 4398 7259 6020 4768 6449 6708 5495 7174 4675 6383 6820 7128
5917 2837 3897 4313 4405 4030 3132 5763 5480 4525 3458 3486 4527 3989 4443 2053 3956 2563 3439 5042 3336 2378 5059 2728 3281 4925 3953 2206 2055
6481 8311 6622 6123 7247 8497 6910 8208 8134 7953 5578 6657 6283 6522 6692 5808 7759 6102 6404 6191 6684 7982 6492 5158 5797 7681 4966 8038 5091
1851 3141 4180 4529 4663 3736 2470 3494 4805 3571 2725 2258 2800 4898 1879 4060 4973 3690 3793 1894 3415 1923 4246 2655 1968 3550 4577 3059 5572
8144 7461 7436 8734 6043 8024 7018 7972 5938 7049 6683 8052 8133 7944 7301 5996 8393 7139 8820 7962 7688 8553 3813 4950 6215 4957 6447 4109 4956
5543 2425 2537 4700 5437 3258 4703 3411 3756 4312 4113 4368 4285 2673 2996 4606 3052 4978 5103 4365 3664 5073 5407 4033 4644 3185 4583 3227 3959
5856 7411 6933 7750 7158 5973 7106 8025 7850 7087 6456 3684 5667 5300 6450 4741 4819 5185 6044 4425 6277 5741 6022 4828 4629 4865 5907 4083 5745
5654 6287 5059 5209 5977 4192 5869 6104 4222 3922 5848 5805 4871 4002 6978 5097 7537 6729 7790 7302 6020 6151 7523 7833 5548 5725 5621 8195 6105
2882 1961 2890 4259 3548 2868 3007 3099 3872 3995 2054 4286 3665 3546 4139 3185 1724 3657 4274 2104 2482 2115 4034 2179 3797 1979 2786 3387 2317
7056 7167 5891 5720 6788 6507 5089 4745 4874 7880 6169 7866 6955 4801 5945 6884 6694 5769 6180 6657 5593 5998 3786 4129 3302 2343 5020 4626 3950
6607 8538 6562 8945 6750 8396 7469 7929 6836 6173 6311 6017 7240 7872 5851 7786 8806 8257 5356 2187 4883 4279 4159 2751 3472 5300 2953 4880 2809
4676 5284 6396 5306 6245 5858 6824 6291 7204 5974 6063 7411 6987 6477 6260 7049 5432 7538 6285 6336 5132 6298 6790 7370 6962 5140 7033 6105 6381
4396 3955 3841 5689 5225 3868 6136 3629 6286 6075 5598 5016 5506 4771 6318 5626 5839 5297 4667 4391 4262 3649 6432 4579 5331 6211 4966 4496 4053
6823 6298 8298 6465 8295 7302 7887 7424 8014 6309 6171 7067 6559 7467 6004 7624 7721 6451 7202 7291 5850 6531 7653 8479 8398 6282 6812 6357 5160
5787 5065 5988 6991 7867 6387 5947 5589 6800 5061 7268 7567 4975 6764 8036 7406 5459 5427 5197 5345 7350 6798 7524 5185 6619 5435 4861 8046 7853
7514 7996 7746 5332 5637 7270 6645 5430 5363 7079 7272 6719 8181 7754 7189 6856 7375 5078 7582 5568 6425 5466 6169 6849 7610 6242 5945 5909 1259
5751 8366 8935 7802 6158 7031 8623 7505 6667 7944 6176 4150 5144 3899 5502 3077 5361 5638 4189 5011 5484 3474 5629 4578 3918 5935 3382 3795 5380
2355 4230 4832 2928 3752 3964 2631 3203 5012 3087 3142 3094 4384 4882 3847 3136 3397 5327 2612 4472 4768 4451 4503 4018 6922 7107 5751 7376 5478
6901 7568 6473 7521 5543 4803 5427 6106 6366 7813 5300 4361 7025 4569 7476 5620 6248 6270 5467 6343 6700 4667 7418 6735 5531 5720 5496 6242 5232
3672 3260 3110 4112 1928 2541 4144 4110 1812 3222 3507 2979 2469 4517 1855 2541 2044 4476 2591 4259 3001 3908 4221 4319 2870 4492 3936 2158 2323
4984 4601 5964 5456 5153 3530 4922 3669 5897 4217 5594 3752 4301 5287 4710 5498 3447 5848 4342 3668 4847 3587 5647 4863 5943 5636 4022 3127 4140
5503 2726 4846 2934 2747 4103 2883 4142 3267 3427 3132 2558 4815 2683 3457 2700 2129 3340 4125 1791 4751 4656 4631 3522 2570 4666 3979 3927 3254
6554 7386 7055 4334 4539 4405 7409 5282 6971 5597 6749 4266 5137 6322 6697 5717 7171 6084 4111 5770 4646 6693 5595 6253 6886 5170 4768 4453 6709
8480 6569 7644 7002 5956 4474 3018 1536 1818 1861 3380 1565 3979 1482 2898 1566 1718 3646 1870 4091 2676 1653 2937 3463 4562 3144 2433 2462 2315
5362 2995 3994 5111 5241 3527 4133 4216 5660 3657 4788 5449 5204 4686 4391 4364 4290 4990 3605 6167 5126 6323 5738 5474 5902 5615 3915 6298 4360
7214 6033 6837 6489 6540 7170 6382 5132 5961 4232 3785 3652 3504 5313 3906 2633 5140 4060 4947 4934 4974 3782 2646 5392 5179 2773 3145 4168 4530
5102 6169 6261 7251 5225 5450 4539 4733 7692 3788 1914 7314 1539 7644 6262 6337 3589 7524 4156 7674 3466 3750 4727 1914 6114 6876 4844 5972 2000 6338
3968 5645 5167 5725 6036 4792 5394 5532 5495 4281 1391 7767 2507 7099 7524 6893 1500 7971 4058 5110 2475 4178 2823 4456 6150 7410 4248 7792 3632 5750
5826 7545 4460 4404 3434 5828 5427 4386 5450 6074 2213 8101 3009 5548 7282 6920 3130 5652 5152 5173 3054 3038 2922 1594 6507 6594 2298 6173 3529 7189
4228 5431 5945 5399 4607 6329 4526 4895 7567 5143 4043 5969 2069 6015 4945 6721 4103 5995 5112 7669 5400 4283 3306 2286 5062 6389 4852 8232 2526 5809
5938 6020 4153 5012 4181 4570 6463 3899 5468 4894 2802 6591 2589 7572 3084 8016 2260 6416 5572 7320 2949 4162 4849 3255 5270 4708 3111 7497 1549 5674
3191 5433 4019 6198 4627 5534 4356 5960 6978 3920 1836 7512 2006 3462 4233 6802 1384 7608 5165 5323 2621 4584 4707 1548 5746 7205 2106 7876 2787 7037
3247 5586 4316 6367 4679 4908 4495 3245 6120 6415 4416 6378 1872 3870 3991 6030 2043 6118 6738 7198 5248 4051 3456 8935 4566 6003 4269 6587 2079 8723
5536 4968 3633 5735 5938 4536 3729 6202 5879 3475 4599 6907 1905 2431 3295 7763 2014 7898 7057 5578 3921 4968 5596 7526 4888 7671 2222 5448 3311 5797
4928 7097 4431 5760 5385 5654 3659 7188 5294 3532 4025 7273 3599 1913 5742 6094 4004 5527 6348 7520 3014 4955 4845 6311 3391 5974 2746 7277 3370 6149
4107 5005 3927 6785 4771 6466 3551 4892 6335 3911 4037 5931 2245 2243 3034 5909 3547 8538 7651 7802 3237 5167 5642 6930 5245 6307 4382 6060 3996 5771
6030 6953 1951 6523 3106 6368 4939 5935 5549 6497 4274 5553 3575 3765 5790 5101 3817 5734 6952 6504 5370 3516 5310 5898 6086 4819 4790 7594 1610 8450
5859 7240 3636 5264 4848 4479 4719 6807 7181 6095 3936 6122 1280 2145 5425 7892 1432 4539 6577 5855 4493 3218 3385 8300 4370 6191 4673 5288 4507 5788
5058 6868 3888 5782 5139 6219 5754 4566 5483 3644 4581 6356 2249 3224 3183 5366 3643 6088 4726 7154 4442 3103 3851 7291 6437 6789 3586 5329 6938 7278
5731 5036 1444 7446 5432 5881 5204 5200 4652 5037 5640 7228 2483 4767 3422 5225 4328 6258 6650 7507 2878 3590 3763 6513 6429 6230 4195 7633 5574 6523
5439 7375 4458 4487 5823 4449 4443 5590 6571 5020 5207 7919 2872 4745 5496 6125 1645 6840 6693 6145 3080 3751 4144 6144 6349 7900 3389 7829 5925 6834
3519 7947 4013 7364 5402 5866 6224 7437 4647 3952 3904 6935 1238 3606 4205 5472 3562 6376 5447 5419 5202 4630 3117 5980 3694 7603 5007 7070 4801 7327
5924 6758 3143 5780 4402 5966 3793 5242 5103 5601 5128 8606 2314 4472 5685 5909 1659 7350 7133 5601 2488 5174 4635 8459 3649 3108 2236 6985 5553 5918
6269 7005 4310 6236 4575 6327 5834 5184 5115 6538 6498 8370 3854 4314 5572 4790 2255 6179 4550 8180 4928 5731 4025 6098 4325 4965 4486 7430 3975 6091
4905 7399 1287 5524 4092 5386 5901 5868 6791 4538 4238 8138 3170 4439 2810 3764 3737 5221 6218 5071 2975 4997 4512 8577 5623 4575 4768 6902 5423 6887
5050 7224 4165 5432 4020 5309 6454 7279 4706 5705 4479 5725 2159 4276 5365 6578 4397 7072 5483 2841 4448 7423 4861 6238 5079 5682 4877 8295 6098 7928
5065 7826 2800 4950 4100 4169 4379 4917 7036 5157 6405 8406 1802 3363 5411 4055 3291 4696 5031 5817 5056 4980 5494 6414 4324 2808 3403 8329 5543 7862
6028 7037 3840 6339 3847 4296 5957 6486 4608 4752 4127 5969 3297 4100 4309 5483 2032 6225 6714 4875 3376 6704 3242 6203 3171 3037 3871 7930 6264 7128
5053 5783 1483 6863 3675 3886 7114 4961 5007 5806 6322 5744 3941 2249 4935 4520 3971 6461 5091 4255 2988 5246 5015 6331 3003 3678 3455 8232 4095 8715
4939 8013 2813 6816 3835 5996 7069 6667 6644 4386 4634 5560 8407 3303 5348 4990 2046 5275 6615 4608 2918 6704 5272 7259 5692 3133 2630 8358 6294 7523
4514 5870 1630 5738 6047 4883 6558 6693 3667 4224 5213 7840 5655 4880 4888 6073 1478 4653 4971 4881 4608 5743 4097 6423 5365 4813 3053 8156 6760 7421
3563 6831 4152 5653 6751 4654 4076 7232 2949 3203 3987 7407 6113 3282 5592 5658 1641 6393 4538 5058 5732 4943 6171 8138 2585 5758 2679 5883 6474 6135
5480 5406 2549 6318 8041 6784 6382 5737 1905 5887 5643 6682 7156 4598 4450 6616 4012 6998 4896 5120 2821 4856 5091 6242 2940 5784 3525 6457 3964 8719
3648 4809 3330 5016 6919 4578 6128 5161 1805 4201 4325 5653 6874 4705 4724 4301 6819 5601 4795 5764 5435 5377 6172 5839 5379 4818 4204 7670 6308 8461
6492 5584 1270 4560 6951 5175 4080 6139 4419 5232 4758 7671 7470 4161 3804 6230 5509 4752 6317 4089 3098 6311 4881 8375 3979 4317 3081 8039 4048 4581
8 27 5 8 75240 1.0780091279323694
18 0 12 18 85902 1.090766340307179
21 8 24 0 38504 0.9853815517057074
11 24 16 18 39840 0.9844394130052145
11 19 0 0 98696 0.9825486541010403
27 20 3 11 89250 1.007404369760062
2 3 3 20 76115 1.0804071548137735
29 0 17 15 96287 1.0261865399895642
29 15 25 0 61257 1.0188261202257007
5 23 8 16 31214 0.9313434264366318
22 25 11 28 55004 1.029586401589646
4 10 16 16 52969 0.9055777295379854
10 2 4 6 38263 1.0870193197682942
29 13 12 20 70268 0.9943930601614345
24 3 14 7 65231 0.9985655274521441
10 9 6 19 51817 1.0214358686047513
4 5 21 24 115409 1.0163912669629063
22 5 26 15 48465 0.9802218906904301
25 0 26 19 65641 1.013374224035946
24 10 13 23 79027 0.9602521502686171
1 22 23 11 91559 0.9206482844977355
27 29 16 16 67489 0.9125353461138888
9 27 4 12 61762 0.9653086792286322
25 10 8 24 99050 0.9455109845695179
10 5 29 12 94309 1.0054846381169205
13 8 17 24 77960 1.0770722533217554
21 9 6 6 67886 0.9593154859118173
26 3 9 14 86149 1.0398378554141132
8 23 16 2 101567 0.9665808464975952
12 6 19 1 44104 1.0039460835242542
5 6 12 27 85472 0.9056792824230611
11 23 0 26 54496 1.0626542376916508
27 8 9 22 92939 0.98969367803062
19 21 2 1 126902 1.0333658964573462
7 17 16 14 43417 0.9868910377726672
3 6 7 21 62977 1.0498623321513407
28 5 21 24 76325 0.9477749834566715
6 12 26 26 97621 0.9096690869785479
1 5 16 24 111256 1.097797997840168
22 17 4 26 93204 0.9892366074271071
22 27 0 15 112319 1.0760623526654713
2 14 13 11 46375 1.0958371771157576
21 25 28 10 64005 0.9655860466805074
2 4 22 20 112121 1.04759912153599
13 2 3 28 112554 0.9454817181164237
2 7 25 18 96078 0.9258038604978225
11 6 20 0 59109 1.0614370726094724
14 20 12 29 32396 0.9525760703699794
19 4 22 21 72884 0.9845196506480081
0 3 21 8 93915 0.9970945269465324
21 29 1 1 163928 0.9328916921627437
21 21 8 29 77963 1.0256272063642928
5 29 17 0 134724 1.0185547226175962
15 6 9 14 49772 1.0300095038751795
21 13 25 29 66127 1.094339247341358
6 6 25 24 109652 0.9501621607633577
0 8 13 29 101082 0.9748407654713269
22 21 28 17 38113 1.0069866493278226
20 1 14 17 92296 0.940050969189748
7 8 22 15 66700 0.9580289219118922
14 20 9 2 77006 0.9291131763267555
26 20 23 9 41731 0.9068023324975908
2 3 9 17 67637 1.0274385091591898
7 26 18 28 53980 0.9665135547312268
10 19 27 8 83543 0.9999107743258508
0 6 27 22 113107 0.9330227700623119
12 9 25 17 56749 1.0967073454883078
17 18 14 6 74815 0.986619641884735
29 15 11 7 85940 1.0059172087844088
1 0 12 13 77418 0.997221833301766
1 14 26 18 86444 0.9756132547086431
2 9 24 16 82098 1.0331289690917091
26 27 23 5 80849 0.9476484200091692
24 24 22 7 66484 0.9653849865210078
15 23 29 13 81436 0.971395229196397
26 1 10 12 79699 1.032645164162937
12 6 24 0 60267 1.0431180097748738
7 16 10 23 41686 1.025302736966448
10 25 20 18 64138 1.0686896840233664
21 26 5 26 61135 1.0509458296023166
5 14 19 0 95889 0.9843808814695999
21 0 8 16 90035 1.0409370683599561
13 25 15 12 53563 1.0969484741894493
18 12 6 4 60015 0.9914506325353935
13 0 24 10 73681 1.0866285142679621
6 0 26 23 132045 0.9473619392197974
10 29 1 8 104620 0.971209368723261
6 2 27 20 114614 0.9062401101754347
16 21 28 20 52035 0.994471112664827
1 3 28 5 112322 1.0027141473633743
0 1 26 28 153666 1.0703961504836457
1 2 5 10 45102 1.0973971506219304
5 8 4 26 71779 0.9846246329163595
14 24 3 3 99809 1.001019249780065
0 9 16 24 92966 0.9717354114349248
22 14 7 21 72388 1.0824537676114037
17 22 8 26 48090 1.05677037259151
16 27 28 13 83211 0.9824798976323259
28 8 2 17 95691 0.9877361798911425
12 24 28 27 69055 0.990786642292514
25 27 0 9 122925 0.9428633133193209
18 15 28 6 60593 1.0956130697383326
21 17 8 8 70730 0.907090430110627
8 8 5 29 78268 0.9861638918399492
5 5 25 4 85582 1.019131313201565
14 20 22 22 40638 1.0532324264466681
27 28 15 21 70645 1.0683678333625313
10 13 11 26 49798 1.058964661559761
26 9 2 6 100506 0.9493453095187356
2 0 18 12 86225 0.9514299484576008
15 28 28 12 97712 0.9784538622378933
29 6 4 17 101702 0.9270167093234458
20 6 23 13 33817 1.0231437894436222
2 11 14 7 57297 0.9492040673798255
13 17 20 21 48567 1.0327134803439812
22 7 2 7 92489 0.9067638866295359
28 27 25 4 75157 0.9084319788320437
5 20 23 20 69765 1.0562965945188494
4 1 28 24 135459 1.0704202186305076
27 16 5 10 73364 0.9854242198609371
11 20 6 4 74820 0.9591110400525045
24 18 13 19 55004 0.9045506791800795
22 27 21 15 54271 1.069503449461301
8 27 1 3 106499 1.0173382643255642
3 13 19 2 84087 1.0149490680639157
27 23 18 11 61086 0.9547456043050815
23 7 23 24 55831 0.9746586546920196
17 4 0 4 83035 1.070035669392167
9 29 22 25 64569 1.0948405241889119
15 17 23 25 62025 0.9994695746784801
13 27 3 11 78010 1.0907792059248242
18 15 0 11 66730 0.987254223647448
21 12 3 23 83123 0.9807946299657924
14 10 17 25 80458 1.0636259609045866
19 17 23 6 52222 0.9738990384767982
14 24 22 4 99288 0.9520346429269593
0 8 28 8 101029 0.9188171600630056
19 14 14 20 50172 1.0932486678332973
25 11 22 24 51559 0.9910859448774891
15 8 3 9 61638 1.063147255366185
17 11 21 1 57927 1.069526517243929
8 15 27 5 87994 1.0082118272825704
20 18 3 4 100528 1.0010204099966316
0 20 25 28 114459 0.955746691709047
14 29 13 20 38364 1.0249880664515307
29 1 12 26 125501 1.0967598335044353
3 4 23 16 92329 0.914326191825373
24 1 10 11 76797 1.0381675840977485
27 19 25 2 52292 0.9706638463044381
9 27 26 27 74831 1.0432169832687193
27 20 5 14 79759 1.0415789490565237
17 2 20 18 78187 0.9745116424129028
28 17 24 27 45773 0.9492207712873365
1 23 3 7 70697 0.9799797746854476
0 0 27 2 100045 0.9343111125647373
10 20 20 20 40304 0.9135446577145913
11 27 4 18 59440 0.9177555553086091
9 24 25 10 95659 1.0020140389379897
23 22 5 28 86481 0.97562580641059
7 4 16 19 82870 1.0806028219833783
22 14 16 10 36966 1.029929758002079
5 20 0 29 43112 1.0671394892800687
25 18 2 24 95134 0.9404896348778146
1 20 17 13 71134 0.9957513325672878
10 3 15 26 96483 1.0903363037830591
27 6 3 21 111822 0.9462087420313208
24 13 28 19 31704 1.0228233994830163
28 19 25 2 58056 1.0131047289452109
1 15 29 14 91978 0.9361681272033606
18 25 19 2 106604 1.0448527344568628
21 21 26 29 49486 0.9372377400633058
21 20 1 17 80267 1.0318054831127186
21 26 25 16 47031 1.0354507113682916
22 10 18 29 92521 1.0928455135618043
10 2 24 29 130326 1.0076733652322065
3 21 17 19 65066 0.9526883998874369
19 7 14 28 108537 1.0121261870970655
3 18 23 12 75538 1.0803171317842208
10 26 16 19 46042 0.9032297153502846
20 23 25 12 55764 0.9673292055056661
27 29 16 22 64681 1.095670028505484
15 19 27 19 55564 1.0867881310103082
9 2 22 1 50289 0.9797017989416568
18 1 24 7 41142 0.9523303142050561
2 12 1 1 47129 0.9446008400632614
16 21 5 20 45443 1.0897699762879127
13 27 10 7 81043 0.9362049780276577
5 12 20 27 94316 1.0988925551743132
23 23 10 0 115871 0.9491046948564871
23 8 7 22 86828 1.0194406022315283
18 23 17 5 107500 1.0812033756570958
28 29 25 22 36947 0.957259923020822
15 10 3 5 68796 0.9763347596571802
19 20 19 4 77566 0.9639837170913346
24 27 17 5 105903 0.9561540219059161
6 13 8 25 50935 0.9060054033790392
10 8 1 25 85146 1.0796768602694113
6 3 14 11 61877 0.9776435362912024
13 29 28 10 107005 0.9438130349996734
20 5 15 20 85170 0.952333871227333
24 1 6 22 117643 1.029301720809273
10 11 28 7 70378 1.0753095189989894
9 16 20 25 72185 1.0056395331080168
0 25 8 2 104683 1.0752760240358907
2 21 16 18 67383 0.9603730653393099
23 25 2 14 97078 0.9073164796302756
21 18 6 29 89304 1.007160042856263
2 14 29 26 111611 1.0547251754455917
27 9 13 8 71219 1.0040626036531157
17 16 27 12 38785 1.067720293595543
10 10 26 22 85233 0.9065557663776964
12 14 20 24 66795 0.9945872646186603
22 22 16 13 60323 0.9396687536637416
27 21 25 2 59059 0.9369728632980123
17 1 1 15 101696 1.0208869131819882
11 2 28 16 94271 1.067989930110988
14 3 8 11 60831 1.0569010827722503
23 24 17 12 58424 1.001309107786194
13 0 24 5 59214 1.0668046596984908
16 12 14 21 44311 1.077400783018156
23 10 19 18 43085 0.9892775858531697
25 13 5 13 61040 1.0050700932723915
18 2 9 25 112583 0.9335346885112299
7 21 2 26 27278 1.0221122818412118
20 2 8 3 44519 0.9349459987454626
26 2 14 4 50378 0.9026302956928725
0 9 28 13 91096 1.0987382458405772
24 25 5 1 135790 1.0980070777554902
10 16 12 26 33594 1.0970852380265075
12 13 25 2 68952 0.9725483022495318
29 18 14 4 100869 0.9544550261867236
16 3 4 14 79604 1.056266876851186
4 14 0 26 52444 0.9846793084656604
24 2 15 23 103107 1.0351326676233443
14 20 19 10 65785 1.0385992822167425
28 4 11 20 97345 0.9375154313896858
12 6 18 27 90953 0.9655102460969403
12 11 6 22 53671 0.9062671763213713
4 26 2 18 28830 0.9720580677246343
28 24 27 1 81738 0.9619800451842442
1 18 15 13 59358 0.9241871371088858
16 4 28 24 100946 0.972483701650843
9 20 4 0 83474 0.9909451649742314
13 16 1 8 66185 0.9810077103414279
19 15 24 20 35237 0.9652501347446044
15 1 17 24 108059 0.9960129570719448
13 3 21 5 43023 1.0626698437150774
0 20 8 14 39878 0.9613286425297976
18 12 28 24 62361 1.0750598614200508
28 5 19 9 51757 0.972626647224854
4 11 12 7 40713 1.0351530287146185
15 19 1 13 71183 0.9806581664148968
9 8 15 2 43350 0.9995605116718751
14 27 11 19 35279 0.965958341373219
10 4 2 23 88000 1.0207707761283291
2 3 9 28 105688 0.9760883298154922
14 14 0 8 56250 0.919769399145646
6 3 1 9 47613 0.9493186675263026
26 26 4 8 115725 0.9781598043671507
12 15 3 6 54557 1.058183133964099
24 29 21 4 93247 1.0755484835601221
15 5 5 10 60513 0.9398710203106894
1 13 19 10 66219 0.9179167735485564
11 12 26 19 59683 0.9138589766957539
24 0 20 16 64012 1.019810917176355
16 22 8 26 43455 0.9979229151466625
19 25 9 23 58419 1.0805475588866582
12 22 13 1 73598 1.0635801220332735
9 28 29 0 149001 0.9897844358914866
28 17 7 5 92920 1.059512709714778
18 1 2 19 109674 0.9051156769688549
9 29 5 18 50844 0.9512367577498186
22 8 1 12 67740 0.9603684665462211
0 27 24 5 139933 0.908457262909273
11 24 27 9 87367 0.9848398054047018
4 6 25 27 124098 0.9396992256379866
28 2 12 27 120984 0.9495008331315932
17 13 13 27 68144 0.933893238763199
19 27 24 9 83208 1.0230213858092307
17 8 6 9 58967 0.9440867269078408
22 28 23 9 67460 1.004157567322186
4 18 20 22 78884 1.0242902028337315
5 9 23 9 67038 1.0142361074933932
5 2 12 23 91323 0.9834189700762892
23 8 3 18 87058 0.9282383634199717
10 17 29 22 80472 0.9433818023340144
29 15 20 13 39691 1.0615508559441962
3 5 17 16 78071 0.9372735020757574
3 28 27 26 87068 0.9375673586564967
12 25 13 14 36873 0.9319300829593111
27 29 6 10 108911 1.0887936886002867
21 23 5 2 125290 1.0907332441848305
15 1 2 8 76601 1.078314252932487
23 3 27 25 75530 0.9086325893926918
10 15 18 24 58887 0.9916689008506574
14 16 5 13 36697 0.9951185121589275
25 9 20 25 67508 0.9854411701842298
20 12 8 0 76627 1.062985252485347
4 24 10 7 78455 0.9774379013746285
15 24 26 28 57813 1.072274701389933
26 12 1 5 105220 1.0532255641551853
18 14 20 2 57315 1.01969817019056
22 24 10 28 62145 0.9587944250357844
7 17 26 8 83938 1.011371746537896
28 5 3 19 117210 0.934537183036663
14 8 24 1 68048 0.9009959785985443
17 15 19 23 52342 0.9884959674215211
8 26 24 12 95973 0.9742308732470674
3 14 8 2 60487 1.0473850404785217
21 5 10 26 98617 0.9792601142415243
28 16 21 6 54347 0.9038890691458515
7 29 15 9 95455 1.007168557552955
6 15 27 17 68080 0.9196340078943946
9 2 15 21 82612 1.0609360261842953
13 21 29 26 78215 1.084994860498785
27 11 13 17 58238 1.0348403512575688
9 23 13 29 39380 0.9347788117385216
22 13 25 24 43631 0.9137702344883342
22 16 3 7 82360 0.9404410293516798
23 17 25 29 50980 1.0496321671738127
17 0 7 6 60912 0.9684615913815838
5 10 1 25 62794 0.9329015675655292
23 25 11 11 79535 0.9710875330975179
20 22 9 1 109616 0.981010932276043
0 21 19 28 94074 1.0530048701894292
24 29 9 25 74222 0.9341282397640811
8 24 2 3 92280 0.9727747888457519
11 14 25 6 67801 1.0698493939075604
12 7 1 20 70725 0.9278202106119826
21 24 6 18 83963 0.9063479562206977
11 9 27 23 82727 1.0814550322470877
25 15 5 6 86949 0.9150290758923997
5 17 13 9 47603 1.017966524317087
12 26 10 8 66849 1.0299341488433944
5 12 21 12 38623 0.9644800912390414
19 7 10 24 97603 0.9005788645199584
16 28 25 3 117268 1.0929888107995926
27 3 0 28 152121 1.096860652422405
27 25 21 21 40290 1.0531676736298055
3 18 27 18 83793 1.0212875454387107
13 13 6 24 57713 0.9489275303491533
26 8 11 17 70414 1.0422136240962498
19 18 14 29 65037 0.9906453776208083
29 28 16 0 123238 1.0883188994836464
9 6 27 13 79674 0.9355623214504479
11 23 3 6 85006 0.9307057978045896
15 29 7 24 49588 1.0979186682700983
11 6 15 29 93169 0.9037687271673805
6 23 22 28 85583 1.033423456291338
12 28 3 6 92260 1.0612454141777576
7 25 22 9 91014 0.9148744008545082
12 23 7 9 55111 1.082561102231669
18 17 29 14 45056 1.077380403006127
26 23 16 0 103713 1.0731126024996152
7 2 19 23 113170 1.0866597499687682
16 19 5 29 66467 1.0379267841591848
10 12 23 6 54008 1.0603749569555818
15 5 26 9 65169 1.0763042665676639
15 7 7 18 67566 0.9397248586315696
10 25 2 6 95381 1.01252842000673
28 8 12 21 78292 1.0435418603866071
21 1 15 28 126435 1.060644182464886
15 12 3 12 28744 1.038219413825508
29 19 6 9 94598 1.0616426082524502
3 1 6 10 41929 1.0144649827548489
22 13 6 28 97769 0.9766439887817444
1 4 22 18 111502 1.0036948087630526
21 12 13 10 33062 0.9990461426531673
24 3 12 16 77448 0.9251131226294853
13 9 24 13 49130 0.9441470223926102
13 10 4 1 66366 0.9380822711616673
1 13 26 17 86855 1.0553372932556235
0 2 4 25 91044 0.9979617918960403
18 13 2 0 91200 0.9363445038274857
25 0 24 18 66363 1.0333203963961521
5 25 10 2 95416 1.0776482849090954
16 22 15 11 58975 0.9680141428536743
1 24 12 14 65095 1.0558081865056523
11 1 13 27 94074 1.0080873201322957
11 26 1 28 37878 1.0030418572888518
10 3 14 11 51731 1.0716136617086391
7 17 17 24 62208 1.0617487741639562
25 1 10 6 65223 1.0740516783674354
5 20 16 16 46419 0.9891362368847316
8 7 18 8 59492 0.9829851196103073
1 10 24 8 81418 1.059947727069769
9 25 8 5 80744 0.992051736921063
15 20 28 29 81538 1.0219350154825528
15 25 24 9 92621 1.0212804997543579
4 15 12 1 71131 0.9042063581849366
0 6 17 26 107836 0.9948750507886264
24 6 16 25 97679 1.0675900949659574
27 23 11 12 69809 0.9276150411828049
8 17 23 19 61006 0.9714087908094703
1 3 27 22 130282 1.0310937636496473
13 16 12 4 44907 0.9333350752998287
6 18 26 8 94076 0.9788594623010222
7 24 18 17 63954 0.980799625287605
12 5 2 26 90332 1.0031308693720975
28 18 21 1 69213 1.0189422706680078
13 25 9 18 42216 1.0250186678430875
16 16 21 28 73976 0.9238414375233956
16 17 24 5 66874 0.9446703904917828
21 27 28 7 78145 1.0132769213302248
0 15 19 5 93989 1.0410352293452674
24 27 4 25 82899 0.9665602523469388
21 25 21 12 56719 1.037540808964964
19 16 6 8 66475 1.0332968863472733
0 20 19 26 85264 1.066907243283548
3 5 3 19 68195 1.0965710466864518
29 11 23 18 37665 1.0982330006358951
5 14 10 3 59285 0.9469827021707456
24 17 6 24 85982 0.9882461333894597
2 2 20 24 136876 1.0056481414919285
17 18 19 10 55997 0.949359068686404
25 10 0 9 84192 0.9931076271244725
21 15 13 1 77961 0.9852121384762984
0 17 6 8 57684 0.9572880597242502
25 13 2 12 64180 1.011228313815611
2 3 0 28 101433 1.0608596635066359
20 14 26 20 38514 1.09024837861568
8 8 22 15 69680 0.93380730947493
27 20 9 2 104655 0.9040875397458753
6 1 29 28 152058 1.0387687449248462
17 11 11 15 35013 1.0596112507352196
6 11 16 28 88680 0.9402589143447806
16 25 23 12 70924 1.031867182255185
9 3 28 3 65350 1.010566941559455
10 5 23 11 66386 1.0747128990327914
1 7 13 23 87920 1.0165366325412823
29 15 4 2 115264 1.0746191870986663
16 26 2 4 113087 1.0470875371477812
25 29 27 7 66060 1.0942418425375882
5 29 11 10 82219 0.9593447422730834
13 26 29 24 66811 1.0155690887243292
29 23 6 3 130419 1.0637453094848568
28 25 19 9 79416 1.0878041702530525
10 28 3 11 77901 0.9863083402049205
4 6 0 26 79772 1.079353270715826
20 27 4 2 131271 1.0331360156782676
3 29 13 13 79737 1.0854131155587587
8 19 12 8 56520 1.0994022051359205
5 10 15 9 44819 0.9332076515491986
1 14 10 0 82194 0.9122973191977132
2 2 18 0 72579 1.0631722559813888
1 19 12 23 54500 0.9419256763510135
29 18 1 23 113284 0.9967811624418613
1 25 0 6 71549 0.9664728590881871
7 7 4 18 45296 1.038577671499131
15 29 25 8 111641 0.9441906634172281
18 23 26 12 70636 1.0839106135479584
25 25 2 23 95795 1.047113978935031
10 23 24 1 113866 0.9732299402050036
19 17 14 10 53253 0.9284160198498795
1 15 10 16 30040 0.9034295644145925
2 18 12 29 59794 1.0881167943896177
15 2 16 15 69105 0.9427715466778918
8 3 13 21 81497 1.0634662103235173
22 27 27 12 59374 1.0217221420800076
13 25 23 10 81824 0.9213665527182425
6 10 28 15 77808 0.9413200215433423
2 0 14 21 105712 1.0219387545177618
8 25 9 12 55369 0.9469064711899745
1 26 7 18 40628 0.9504616602095841
8 29 23 9 106579 0.9885542037726658
25 14 22 29 61283 0.963487668481795
27 28 27 12 44580 1.0175939882324334
13 19 21 3 83776 1.0264963863067011
9 19 17 13 52375 1.0413382830345395
5 2 10 7 41926 1.0486685710628076
21 28 1 7 137536 1.0339499061729847
22 11 29 5 47985 1.0406857614770948
13 28 7 14 61839 0.9565832251848685
5 1 1 26 95702 0.9477667455457712
10 9 17 17 57788 0.9792530066120866
13 29 28 9 108742 1.0416774672590623
25 17 5 20 73414 0.9333185831036666
10 1 10 14 58017 0.9759318636429102
2 7 28 24 123695 1.037895535246079
2 27 23 14 97564 1.059336122295841
13 27 8 20 40798 0.9680205755445395
16 6 11 25 88604 0.9871520493601879
23 17 18 2 58466 1.080125073508394
15 3 5 7 60388 1.0507498955405867
21 10 0 20 85262 1.0796794585404845
7 17 1 9 47450 0.9918508203100211
20 9 0 13 67833 0.9941908038006524
24 16 12 1 78646 0.9283768316798053
0 21 20 25 94016 1.096672488588967
22 5 20 22 70539 0.9161799768686228
24 24 21 0 89266 0.9459137394649604
11 20 15 28 42618 0.9652792359787654
10 12 9 3 40303 1.0182503855441758
5 9 14 14 40795 1.0797491959295102
29 22 19 28 59166 1.0043298862035515
19 7 6 14 74336 1.0821288777337448
24 14 15 15 41697 1.001073193272359
21 19 28 13 37167 1.0236825050669387
27 14 21 28 61415 0.9747417401836524
13 10 25 24 84151 0.9211162668896082
4 1 13 10 66366 0.9189870955442297
10 19 21 14 56797 1.002624592408983
16 24 3 18 75655 1.0981996031687153
6 12 11 28 66000 1.0836634117144566
17 20 24 26 49212 0.9571496755979569
19 1 26 16 68296 1.0443232229922397
20 5 7 7 71338 1.0246354179019317
15 16 12 7 41457 0.9812078764905681
5 4 14 21 83710 1.0595146316778767
14 1 18 7 50869 1.0908131166130253
8 5 16 21 83077 0.9181246769679867
10 26 2 22 36759 0.9023305641568719
8 19 24 14 73713 0.9138060396051852
7 26 19 29 59593 0.9433852318740891
17 1 8 28 119658 1.055326670832501
25 16 20 1 62860 0.9515890480584155
22 20 10 23 58187 0.9699548306425606
18 16 15 0 85255 0.9346763073390763
19 1 16 21 106534 0.9990613365897943
6 0 16 4 49150 1.0124438418534778
29 27 10 5 124156 1.0600587447209011
6 29 19 5 128769 0.9758682482470256
2 3 22 11 89569 0.9069073687262145
15 3 7 19 87126 1.0417207030227826
2 7 20 7 90920 0.9165888929544604
22 13 11 21 61837 0.921916912060472
28 18 9 26 96046 1.0245973576107221
27 7 20 25 67703 1.098268222058498
0 3 1 21 68249 0.9133063641697526
27 15 18 29 74214 1.0919720259121661
0 7 25 18 95385 1.0424180987844367
10 7 27 17 81704 0.9380819708426964
25 15 0 5 97491 0.9183432642605732
24 22 0 14 99301 0.9395347100067577
24 14 16 11 36612 0.9412746034400841
13 20 4 1 87852 1.0880020113130364
29 6 6 5 107116 1.0911281976420504
17 13 0 3 75154 1.0593566963189778
12 8 8 17 44446 0.9714626104994408
27 19 11 14 63680 1.0031536070346687
24 20 11 10 67325 1.0775410621307935
23 2 4 18 101891 0.9258906230848293
26 24 8 20 84162 0.9174363101662368
18 3 28 26 103028 1.0397161897047933
2 9 23 7 84300 0.9156604879942659
8 18 8 1 73897 0.9979111048530943
12 16 14 7 41607 1.0271486473723732
22 25 3 14 102000 1.0920442339162444
5 21 21 16 65094 1.0280935511374232
22 13 2 1 99787 1.0052514727040232
21 9 11 0 66532 1.0775882555129117
28 9 6 9 88561 1.0413311070699744
13 27 13 4 82863 0.9545558759285864
9 29 3 16 58634 0.933123672895963
28 6 4 12 85043 1.064377230114623
1 13 7 7 38297 0.9984505019404324
22 10 4 11 55911 0.9828625883408704
4 12 29 25 104760 1.001972821772332
16 26 18 4 116559 1.0384871608274207
9 29 17 6 108500 0.9677914303807211
1 6 22 12 77492 1.0401825434663705
2 8 3 21 57507 0.9820046911631276
21 6 9 29 105435 1.0432479029573456
9 2 13 21 75271 0.9472345153688682
3 19 18 15 65856 1.0569250326107915
12 28 22 28 56094 0.9566383561945072
13 8 18 23 80803 1.0072129012350732
13 27 19 8 95608 0.9298523541450762
11 5 19 27 104152 1.0022058526143571
25 23 6 22 88893 0.9149681706792215
21 16 0 16 61340 0.9961163673097003
12 17 18 1 76458 0.9586517748640754
12 2 29 29 132704 0.939178670669809
27 21 7 7 93396 1.0838811018040089
3 11 6 19 41798 0.9126330848419554
29 7 1 6 119228 0.9663474845796275
27 20 13 15 58263 1.0822095262661366
18 25 28 15 63742 0.957619482856983
16 9 8 11 44272 1.0641088357396526
27 5 14 9 72828 1.0678126604903486
5 26 16 7 100169 1.0025873276618853
16 29 23 24 47973 1.0065252451129574
16 25 5 4 109030 1.071098380350866
11 11 7 19 43079 1.096286243938864
14 5 3 24 103782 1.0064403389225063
18 9 28 22 74346 0.9694862970417935
16 6 20 17 67220 1.0803959139643227
3 14 11 22 52507 1.090855217135698
11 18 8 11 45234 1.014292037437921
25 5 11 6 68085 0.9998950148773196
12 14 16 8 39028 0.9797141316007868
0 24 10 20 45627 0.9418046237265592
10 21 29 15 76769 1.0147268665650213
25 22 18 17 47203 1.0303108275470543
7 22 23 29 82922 0.9867540443927081
14 21 7 12 47101 0.9563215566911678
8 22 12 13 46408 1.0808153097261501
5 3 0 22 82783 1.0494585859650258
7 0 28 16 110784 1.0830625197745416
10 7 13 0 39215 1.0900178897298616
27 12 22 28 60612 0.939989726901709
17 8 14 16 55506 0.969841778907161
29 24 22 2 82396 1.0064198233290818
13 14 20 18 45313 0.9373371002371251
16 0 17 25 119929 0.93824112613593
14 25 25 1 115199 0.9891065016218032
25 0 2 2 87974 1.0369242592162013
23 28 2 26 84816 1.0554517756918642
0 19 20 12 81064 1.0535338035670239
4 24 11 28 36788 0.9532398509279567
18 4 23 13 46446 1.07381177090365
1 19 1 7 56885 0.9625101655504255
9 12 18 3 68222 0.9088232125326486
27 7 6 10 79357 0.9647151028309742
4 13 4 24 50212 0.9835328146892242
5 1 0 24 96216 0.9077734888269122
29 17 11 8 80429 1.0442584993203874
6 18 13 15 38476 0.9248826384242033
16 22 24 3 92456 1.09171991213837
16 20 12 9 52231 1.068559290227787
26 22 28 8 41099 0.9078903746291138
7 27 19 21 68470 1.0212985913042971
21 4 8 13 63324 1.0050540891472888
0 22 4 14 40129 0.9485443811680278
27 21 1 8 112918 0.9096056126318081
5 22 4 4 66205 1.0257916327478227
8 8 24 7 80155 0.971317412859245
7 6 15 16 55106 0.9319034051496852
10 25 6 7 78477 1.0048360951311035
9 1 21 11 71052 1.0498750714660865
0 28 28 20 118950 0.9139002215705951
3 21 19 28 89184 1.0690064963670438
13 7 6 11 43005 1.080029847481894
3 17 12 11 45968 0.9753265275525077
19 2 10 6 45766 1.047554574301605
19 26 29 20 53312 1.0918816123532271
15 8 22 26 99177 1.021629124117162
2 20 12 6 71257 0.900526773355209
0 13 26 17 84019 0.9386611162097098
5 27 10 6 86334 0.9639282183630119
16 4 3 22 107062 1.0455643382103017
18 26 2 4 119809 0.9393154953946704
10 23 13 9 59587 1.0029026242578123
10 14 27 27 92330 0.943974097880382
15 19 17 28 55289 0.9040326872553901
14 15 7 11 33557 1.0726682167622024
11 7 23 22 85153 0.9575222750038486
15 17 19 25 57632 0.931042952197735
11 5 8 26 87131 0.9298121662136696
6 1 21 14 89169 0.9342406667120573
19 18 11 28 66409 0.9062778080671766
7 15 27 7 79535 0.9025057448817566
14 13 15 27 65409 1.0061468347927596
20 21 22 5 67065 0.9292896663154033
12 4 8 13 40027 1.0068047927265142
5 3 26 14 101832 0.9682079524329722
5 6 10 26 83268 0.9823656980175226
12 0 29 5 73669 1.0712010047882101
19 19 29 11 57142 1.0774691677419699
18 23 29 7 88935 1.0173469773462511
2 23 23 13 92275 1.0071745047790048
16 19 4 7 79587 1.0684456494712187
6 22 28 17 88974 0.9912985468760304
26 7 8 14 78995 1.0853032476612898
12 3 25 23 100696 1.0046987665552933
24 27 12 8 97801 0.9627294690157581
14 9 29 6 78034 0.9256960453309558
13 27 27 1 129552 1.0251173237330349
22 5 4 17 87219 1.0123000321365114
23 26 25 3 80710 1.023660396151334
0 14 26 29 129084 0.9635329580348754
19 23 16 7 95202 0.9086660654993785
27 5 16 12 56004 0.9261969675088182
25 6 5 18 94176 0.9740579453745477
9 5 18 16 66648 0.9580531563134896
6 23 19 14 79324 0.9082584055517192
29 3 25 15 55141 0.9470115089244918
8 0 23 23 121549 1.0970414828859818
7 25 14 17 56623 0.9662510545803811
16 14 6 4 64124 0.9053217918795493
13 23 25 1 106541 1.089360108303005
8 22 15 19 39431 0.9643186631629529
13 26 5 6 86272 0.9079055521387188
3 29 15 16 75259 1.051551225577373
15 25 29 1 127355 1.0312073239535957
18 14 23 25 57737 1.0112420750935367
9 15 6 4 45214 0.972410475318529
26 4 0 24 142168 1.0603963921833202
28 10 6 15 85557 0.9906302622465092
24 29 23 11 64461 1.0644759366619296
13 15 24 15 45292 1.040377067637664
20 14 28 8 44082 0.9008459700274747
24 19 13 10 65401 1.0525717649172535
27 2 12 4 53124 1.0622329749454107
7 8 11 2 35162 1.012542638168826
7 15 18 3 83303 0.9566582773153605
13 10 1 4 68215 0.9717179170801459
11 25 0 23 47749 0.9423049642888427
20 21 26 4 77088 0.9173147895094498
27 14 17 17 41045 1.0886899604176299
4 2 4 12 36150 0.9308525739284041
29 11 0 6 111448 1.0527872122174156
27 1 17 24 114904 0.9167689793092488
26 23 29 9 50997 1.0823199280708122
1 11 10 23 77376 0.970313840185872
13 13 2 4 60919 1.0839212383070664
26 20 0 5 112722 0.9083834301034083
27 8 18 11 48375 1.0884693930071383
7 25 23 18 82953 0.9827424038859214
23 14 14 12 31633 1.063520337083586
7 10 22 2 79213 0.9221161221479122
20 27 4 23 74784 1.04753196757896
15 12 3 28 82392 0.9776740087241972
17 21 7 19 44642 1.08314797402016
26 10 3 4 101267 0.9692137508234167
13 16 29 18 56185 1.0001033079155566
11 3 9 24 89057 0.918314090815385
22 27 6 14 98403 1.030076569169776
5 13 16 1 72645 0.9790928341759033
4 3 5 14 42001 0.9248660818555636
27 4 27 14 29069 1.0142307859257826
25 3 10 27 124607 1.044084433371285
12 20 22 0 96693 0.9896685153734197
29 7 13 18 82422 0.9865953776744044
11 27 0 22 53693 1.0261930887188822
6 23 4 15 35653 1.0061326207500456
6 23 14 3 100093 0.9402388402220788
0 27 6 9 81384 0.9065983950578799
0 21 28 6 121993 0.9574670393321014
8 0 9 14 56776 0.9229055065837531
4 1 26 8 98595 0.9175075557477824
2 22 18 22 67553 1.0007977959935308
0 21 28 7 117860 0.9197717041481336
14 4 2 9 72356 1.002771417836162
8 13 10 4 44327 1.0217131398807617
2 20 1 3 67570 1.086826644702806
24 16 26 29 52459 0.9021894210961677
0 27 5 19 44766 1.0967071283162229
9 2 4 15 65331 1.0812068342119465
2 27 28 21 113520 0.9572663743824853
27 22 12 8 79799 0.9225485768429603
23 24 12 8 83787 1.0715818788729399
21 12 3 9 56346 1.0556515367521335
24 9 11 10 53749 1.0179828425081618
22 22 14 25 44412 0.9295661276562056
22 0 27 14 57022 1.034877233176585
1 20 23 23 94773 0.9356684143413841
25 24 29 15 39676 1.0801697654007107
16 19 20 0 94570 0.9266206324284315
21 16 27 23 33771 0.9911355832521571
8 24 3 29 32373 1.010730161725485
12 16 8 4 59374 1.062883531267975
14 26 9 12 57761 0.9788733931855471
12 4 3 24 95230 1.0878709119203527
17 23 21 5 90463 1.077330967755629
17 9 28 17 65648 0.9136485351626984
16 3 15 21 90742 0.9190702726632689
1 9 18 25 109334 0.950692106968931
3 16 21 20 68929 1.006491102131718
24 1 6 13 87532 0.9032846421162479
17 0 9 10 67863 0.9752437033021343
19 7 11 22 84319 0.9026339658996098
17 19 22 4 78548 0.9557138278136111
8 4 11 24 86313 1.0787112158483088
5 0 24 16 103272 0.9107652406086574
2 23 19 23 77625 0.9581250343400975
26 17 11 11 59892 0.9765905137065984
2 5 23 2 84839 1.0435551068438427
9 25 29 18 102742 0.9901965224317488
3 0 2 27 99340 1.0108385347754323
0 14 27 24 105810 0.9160299758544993
15 16 21 25 59371 0.9058630746996411
15 28 17 16 64721 1.0051445159719108
22 3 11 7 63200 0.9658531630677376
5 13 11 20 43804 0.9057101202990717
5 19 13 15 36750 1.0877232267339372
20 8 17 25 94408 0.9779542060619529
2 26 7 16 40910 0.9475767374702218
17 15 28 1 84765 0.9604700293979171
7 0 28 4 80980 1.0385984750555035
27 21 5 22 94152 1.0794672049745377
1 24 15 0 122826 1.029910881345435
24 29 24 18 47658 0.9841927923722797
23 18 13 5 76681 0.9411065305314794
19 11 0 23 91696 1.092019592278548
7 7 6 17 40292 1.0715458986810615
12 28 24 3 111966 1.0068878334312132
11 14 19 21 56926 0.9462222814032033
4 7 0 13 30180 0.9496111592572185
8 15 3 4 56304 1.0223001129983051
21 25 3 25 80650 1.0499972074058854
24 27 5 24 83319 1.0905785841794617
16 10 29 23 81063 0.9674995698910792
14 26 4 16 56627 0.9260829942190741
13 1 3 0 48003 1.0876232065926084
3 15 24 7 90891 0.9410956136791475
22 8 11 16 57051 0.9606250430863741
29 27 12 25 67569 0.9508522925663496
12 27 4 5 88165 0.9927190069621057
12 25 7 9 61087 0.9395025829676149
5 9 4 19 43759 1.0781819755362803
27 10 4 10 81570 1.0338808606453234
26 15 6 27 101558 0.9222552946041299
14 15 7 21 46355 1.0599365926657853
0 27 26 19 119923 1.0212420288560053
18 9 15 26 88956 1.0649630789713926
28 3 6 10 101315 0.9612142804812259
16 13 22 24 67948 1.0122085181541733
15 1 26 24 104820 0.9334355441764473
19 23 9 2 108499 0.9061368695332966
12 21 24 8 76319 1.0971788925259869
10 4 20 23 104111 0.9443640670033383
18 17 14 24 45467 0.9718950072488252
1 21 3 10 49565 0.9741566315046709
1 19 27 19 94089 1.0868063531899383
29 15 16 16 42616 0.9579842758400625
29 20 4 12 88867 1.0877498272559905
8 13 20 18 57161 1.04094011729189
14 25 2 8 91399 0.9189848098346716
14 25 19 2 105308 1.0348869339763846
2 11 9 15 30434 1.0062494972228866
10 2 7 16 60207 0.981635682368673
24 14 24 29 59844 0.9733346565231213
0 10 6 23 56028 1.0302896017234
13 20 29 12 78214 1.0333403256085507
3 26 12 25 35130 1.0479184733017768
29 21 3 7 116708 0.9547552866475065
3 24 20 19 84331 1.0573304041325127
16 12 16 23 56758 1.0295172510749058
3 4 25 26 132034 1.0670459195309774
12 9 13 25 56294 0.9831529325107752
2 13 27 0 113015 1.0297029358404977
6 2 3 18 74302 0.9552905643904079
14 10 3 5 63589 0.9742416052470549
7 17 14 11 41963 1.0989252565630894
4 20 14 13 52701 0.9409556119156572
1 24 16 0 125230 0.9386376135379169
12 0 17 23 96775 0.9347633025213262
11 7 25 5 73180 0.9750313588175346
11 6 21 13 51557 1.082881717672179
19 7 20 21 71539 0.9491812960658483
6 14 18 17 47295 0.9399949670729149
21 20 9 0 105558 1.0913457831325524
27 10 1 29 129407 1.0326590370726212
3 3 21 26 133221 0.9546079176936529
3 20 29 1 135638 0.9080942200972905
3 1 18 27 133187 1.0163300528685812
4 25 0 12 57107 1.0519069573235458
12 14 26 29 96349 1.0354206648565483
14 8 26 25 102163 1.0593882449471452
4 7 6 27 79352 1.0884413297385909
19 13 19 28 79246 1.002662338651338
27 5 19 23 80740 0.9263763844372656
6 3 13 29 108804 0.9577460214633535
8 11 21 20 72939 0.9069929821334884
6 23 28 21 101314 0.921921700376854
24 10 3 1 104018 0.9565260440102981
15 14 8 21 50522 0.9659228973504661
13 10 13 20 41657 1.0627632736101644
19 17 19 4 67201 1.0141274832946108
29 25 3 26 98369 1.0454982431721485
29 7 24 21 56398 0.9841849115821464
9 15 27 22 72753 0.9181794924133813
27 27 19 6 90554 1.0467219225444215
18 28 9 10 93628 1.0915202705568392
16 28 21 21 52978 0.9482107480577284
12 15 8 28 51186 0.9703304538741185
16 27 25 3 112772 0.9523013597273875
25 9 12 22 77172 0.9865064516075285
26 10 16 20 66485 0.9870775391414404
1 20 10 5 77050 0.9023772888147846
0 3 1 15 45623 0.9420329069170418
15 3 22 26 113920 0.9904329304761333
3 18 25 14 78933 0.9110394464157813
12 8 19 23 79314 1.0297667901623895
12 11 25 2 68866 1.0377878743897702
20 8 22 25 74920 0.9382725440046171
1 19 22 21 91459 0.9933361435208992
0 14 6 25 56249 0.9959666944527039
18 20 9 21 37401 0.972972972241235
2 21 14 25 59768 0.9694050233116229
21 16 22 25 41370 1.0878553638270008
3 15 28 13 86182 1.0062078141468325
26 11 10 5 86744 1.0242895125510656
24 19 13 24 59695 0.9427233698427485
4 21 12 15 43924 1.0991448311552836
28 0 20 17 78131 0.9247730735749659
2 27 14 17 72718 0.9893614519525479
28 9 23 26 61430 1.0261560623134303
19 3 4 15 98628 0.9862946525309724
9 27 15 15 63438 0.9745606782622962
24 17 18 29 71562 0.9916067045132366
23 20 7 2 103166 0.934612597332096
12 27 16 2 93347 0.9622369234861328
27 7 19 29 85846 1.0368444396688399
26 21 2 1 134526 1.052029938681097
9 12 0 28 72216 1.0532949906795086
16 25 8 18 63394 0.980353208255705
6 14 20 24 84215 1.0427329203781108
25 21 24 11 37909 1.0767482538631143
25 24 12 26 56192 1.0509894732695955
22 0 1 15 114973 1.0668431873021045
13 22 3 25 55203 0.9600120888608296
3 7 26 7 101133 1.0692955173700027
20 13 26 0 59881 1.090607408240088
21 0 13 4 43816 1.0389988861014372
24 2 28 29 92011 0.9731037984656918
4 22 23 21 83247 0.931143646316781
23 7 21 15 33073 1.0346927834597084
29 12 14 22 82294 1.025973714409876
2 24 10 4 90621 0.9872453380949615
3 29 15 1 129130 0.9379285314493699
10 29 16 10 80371 0.9156086426469277
13 1 27 6 67641 1.0322709685701241
4 5 3 29 89950 0.9770404656287334
7 21 16 4 92531 0.9794946552954519
2 12 26 18 78441 1.0489567488978482
23 10 6 5 76436 1.0223249802160361
10 12 28 7 66694 1.036562692615214
1 12 8 4 47690 1.0487594247594605
1 13 0 23 43674 0.909782057341789
13 24 11 3 78909 1.0548236194602025
16 23 23 7 80984 1.0506319972478437
0 11 4 18 39394 0.9966413993678757
14 9 2 20 69960 1.035510788418633
23 1 27 23 71352 1.006299061600016
22 1 13 11 74670 0.9701525606175272
7 21 27 16 76276 1.0890899176113669
9 15 4 20 32000 0.9035827004576477
28 0 9 0 75144 0.9525658188123437
26 11 12 8 66923 0.9818264575425937
10 29 28 29 88758 0.9682754376688423
19 22 1 15 79692 1.0653959383221951
5 19 14 24 52050 0.9355817730107061
17 13 24 29 81754 0.9193227759619996
29 27 18 25 46589 1.037007583658294
8 13 20 17 51523 0.9476029508063419
6 7 11 28 84226 1.001865164190449
5 9 12 27 72645 0.9602316986524546
23 14 2 18 72960 1.0979218263370365
17 19 12 9 59452 0.9719532816378107
14 5 5 1 51547 0.9198630913748405
12 7 7 2 34150 0.963655570257731
2 10 25 7 87590 0.9578077766763831
8 19 11 7 65226 0.9874685792723936
24 7 14 17 68570 0.9449333897259024
27 12 18 2 53151 0.9985151155038025
6 17 24 15 66667 1.0337241287561862
4 18 6 10 35171 1.0560768948422812
13 14 2 10 41906 0.947183122740827
14 21 26 10 79128 1.0733656962990705
9 24 0 2 98033 0.9701050582898595
28 28 7 0 144928 0.9387004700954278
23 12 22 2 32948 0.938755850172683
9 3 5 21 75506 0.950414037987793
0 8 24 24 118678 1.0799494124590125
10 7 14 26 80709 1.063531733600679
25 20 15 28 71696 1.0601989518948964
0 3 9 12 50339 1.0963596258015287
7 19 2 5 67086 1.0864331917161605
3 18 29 28 122787 0.9092308504772081
2 5 25 15 99768 0.9124214382536991
19 5 5 24 113921 0.9694311591006698
28 26 20 20 50138 1.0357246336376242
4 7 29 10 101468 0.9571125588946905
5 0 18 10 87404 0.9055960737124638
19 24 22 6 81796 0.9084961915727552
28 22 6 4 116769 1.0463796614876855
11 9 13 20 44934 1.0182959447500854
19 12 8 19 60493 0.9133128604446789
22 6 24 28 83360 1.0113874489783659
8 20 28 14 80758 0.9114682377868958
5 17 29 11 87862 0.9348860210528788
3 13 24 5 85356 0.9301787831891151
1 29 24 15 112891 1.0098473317154892
26 12 21 2 49918 1.0585441752175346
20 15 8 6 70306 1.043263644356569
15 2 28 27 112421 1.040282890467551
27 21 26 4 52430 1.0634646907049219
7 27 14 14 65427 1.083681792040045
1 7 0 19 58041 0.9382756869635857
7 4 18 6 60248 0.9811678348468139
9 6 17 20 76147 1.0563796665151974
10 13 22 9 45791 1.0561194888534655
14 14 2 12 36993 0.9678459596036337
10 2 1 15 78540 0.9676906878766006
29 8 3 23 118025 1.0815518375820345
1 7 23 29 135723 1.0559508793936128
11 26 22 0 117952 0.9098027066912849
8 13 28 8 70921 1.0653831582504856
28 19 17 0 93195 0.9920288092205735
4 25 12 3 97146 1.059395999646232
21 27 14 13 88904 0.9886733443717535
26 18 3 29 113694 0.9800559040340037
8 10 2 27 67053 0.9488045185046281
29 10 1 22 115424 0.9427956705761446
24 24 22 6 71911 1.0239706476009596
24 19 10 14 64679 0.9007088554566255
20 6 4 18 87736 1.0653930490251753
1 22 2 8 58679 0.9244057719155154
