5681 2678 2687 2643 2777 2477 3536 3185 3133 2325 2929 2392 2783 2474 3280 2365 3395 3514 2667 2546 2385 3151 3441 3390 2780 3176 3044 2468 2568
4954 4024 4735 4970 7197 8168 7744 7495 7816 7343 7468 8214 7753 7906 7445 8012 7562 7405 7161 7503 7846 8188 7577 7261 7901 7474 7411 7330 8271
3114 3961 3148 3644 4043 3114 3957 3288 3126 3567 3550 3312 3132 1776 1534 1355 1583 2139 1676 1635 1920 1168 2075 1016 1216 1754 1980 1864 2000
7437 4282 3892 4736 4135 5028 4594 4328 4251 4845 4068 4879 4786 4355 4409 4165 4301 4411 4212 4270 4901 4073 4024 4426 4395 4714 3926 4700 4864
2937 4000 4014 3530 3860 3370 3911 3520 3565 3593 2902 3881 3328 3739 3622 3425 3447 3291 3915 4015 4058 3517 3764 4373 3703 3607 3983 3801 3643
7150 6926 6053 6224 6937 6518 6856 6380 6714 6710 6761 6753 6724 7271 6916 6621 6698 6864 7012 6545 6866 7142 6516 6662 6793 6998 6971 6529 6575
7239 6218 6119 6388 6500 6506 6521 6289 4574 3919 4073 3924 4294 4125 4127 3809 3808 4231 4300 3807 3535 4446 3920 4388 4385 3718 4585 4011 4180
6069 6551 6406 6322 6479 6142 6136 6096 6646 5614 6016 5847 6550 5951 5568 5729 6449 5569 5495 6363 5827 5625 5492 5824 5896 5950 5382 6198 6331
7001 7998 7953 7059 7234 8158 7891 7829 7606 7862 7905 7212 8051 7479 7920 7641 8148 7099 8091 8093 8357 8262 8006 8320 8334 8698 7771 8661 8289
3962 4166 4502 4625 4536 4397 4740 3629 3640 4725 3596 4085 4276 4337 4177 4626 3672 4301 3858 3591 3584 7417 7761 7895 8148 7903 7852 8026 7580
7864 8328 7771 8492 8682 8126 7985 8171 8021 7747 8446 8040 7978 8099 8630 8242 7943 7381 7351 7235 6499 7455 7532 7113 7569 7317 7105 7569 7105
5461 5077 5395 5505 5083 5043 5280 5274 4973 5450 5934 5535 4980 4833 5699 5655 5469 6003 5223 5379 5103 5556 5703 4428 4953 4168 4797 4486 5355
6767 7420 7524 7938 7322 7229 7017 4857 5473 5494 4823 4924 5505 5286 5340 5058 5895 5912 5641 5036 5742 5657 4885 5742 4882 5465 5602 5330 5324
5131 5089 5903 5817 5292 5473 5160 5086 5776 5405 5989 5461 5094 6020 5372 6147 6253 6051 5477 5534 5208 5173 6203 5915 3914 4725 4455 4086 4086
5581 6159 6108 5807 6074 6063 2040 1895 2105 2239 2439 1821 2026 1864 2575 1629 2363 2491 2037 2524 1639 2535 1447 1436 1710 2451 2483 1750 2470
2560 2045 3079 2608 2611 2622 8552 7793 8662 7786 8222 7870 8363 8138 8564 8478 8836 7967 8637 8356 8317 7723 7696 8136 8393 8015 7784 8213 8406
6410 7248 7183 7401 6516 7381 6506 6645 6847 7166 7067 6859 6875 6795 6471 6623 6436 6555 7219 6870 6892 7440 1741 1291 1852 1508 1250 1420 2229
1782 2562 1839 2769 2946 2598 1879 2808 2570 2337 1956 1798 2195 2244 2302 1921 2134 1830 2484 1977 2358 2372 3069 2963 3058 3187 3043 2428 3515
3781 3219 3610 2949 3301 3117 3237 3243 3082 3071 4056 3348 3726 3976 2913 4052 3221 3745 3550 3992 3783 3021 3859 3582 3930 3754 3382 3204 5472
2213 2880 2505 2303 2315 2299 2900 3083 3301 4060 3703 3148 4118 3238 4292 3566 3769 4002 3450 3131 4205 4121 3773 4146 4294 4322 4063 3151 4101
3039 2537 3059 2097 2225 2901 2139 2361 2563 2998 2808 3198 2742 2776 2388 2076 6045 6347 6283 6478 6120 5683 6525 5732 6527 5741 5527 5756 6308
2125 2555 1571 1460 2491 2348 1855 1985 2599 2532 2511 2594 2163 2310 2513 2478 2468 1757 1967 1840 2175 1862 1638 1810 2434 1605 2176 4266 4052
7908 7939 7387 7561 7635 7751 7169 7081 7312 7746 7763 7149 7416 7439 7543 7601 7253 2578 3082 3237 3079 2787 2733 2354 3184 3463 3146 2787 3202
5936 7979 7273 7589 7067 8104 7561 7778 7242 7449 7155 7354 7458 7547 7319 7784 7505 7290 7974 7234 7979 7032 7115 7137 8101 7663 7357 8181 7153
1886 1887 2310 2048 2431 2454 2213 3331 4148 3422 3554 4151 3791 3683 3961 4459 3448 4068 3470 3840 4138 4047 3921 4226 3388 3657 4033 4036 3791
6536 6627 6608 6745 7080 6608 6634 7526 7458 6804 7384 6663 7013 6857 7508 6888 6721 6566 7018 7579 6762 6714 7503 7404 7627 7252 7050 7104 4148
2711 2873 3096 3467 3015 2758 2888 3153 2805 3599 2792 3217 2939 2890 3509 2921 2586 3437 3178 2906 3245 2591 2832 2551 2958 2601 2567 3390 2426
4214 3620 3750 4026 4250 3475 3637 3380 3871 3861 3401 3866 3689 3349 3874 3462 3912 1577 1709 1333 1654 1956 2219 2183 1419 2127 1911 2051 1014
5952 6111 6446 5678 6196 6513 5994 5357 6370 5903 7613 7624 7723 7086 7532 6665 7413 7370 7552 7437 6739 7601 7149 6771 7217 7871 7709 6759 7858
4203 3573 4083 3651 3543 3710 4218 3227 3643 3710 3336 3532 3240 3638 4094 3387 3106 3649 3877 3851 3260 3974 4112 3592 3997 4079 8316 7971 8356
8132 7829 2606 8211 6823 1933 2626 3535 3499 7013 2506 2157 3709 4579 3225 1482 3180 2061 1890 6384 7061 8150 7163 2963 5052 1997 3821 7836 7035 3214
8892 6785 1643 8152 6762 1888 2039 2413 3609 8084 1690 2402 3734 5062 3549 1276 3892 2175 1363 6121 7469 7269 6560 3409 5034 2262 3191 7588 6858 2651
8887 7063 1673 8446 7628 2524 2462 2493 3847 7958 2027 2339 3758 5680 3458 1783 3607 2183 1290 5895 7635 7581 7046 3025 4165 1598 3338 8157 7184 2730
8162 7797 2513 8528 7665 6535 2406 3061 4005 8027 1585 2405 3279 5526 3971 2043 3362 1829 1732 6403 6803 7929 7281 3652 5157 2829 3018 7805 7040 2424
8527 7148 2252 7742 7893 6736 2353 2027 4285 7365 2116 1712 2660 5035 3558 2198 3990 2427 1567 6082 6447 7837 6949 2850 4285 2731 3127 8623 7031 2135
8333 7575 2142 8400 6885 6453 2811 2163 3340 6934 2481 4019 2746 4858 2805 1769 3259 2529 4207 6819 6575 7542 6871 2197 4619 1801 2851 8157 6334 1813
8950 7058 2046 7922 6799 6770 2723 2003 4068 7147 1882 3251 2787 5957 3189 1821 4034 2293 3452 6409 6646 8124 6730 2116 4683 2343 2493 8140 6382 2762
3972 6770 1844 8469 7364 6673 3123 2618 4008 7001 1703 3215 3097 5694 3879 1102 3847 1975 4012 6028 6505 7498 6589 2749 4826 1695 2586 7748 6848 1859
4113 7633 2383 7903 7844 6142 3193 2000 3966 7808 1406 4074 3229 5945 3510 1937 4328 2232 3761 6662 7025 8184 6466 2236 4767 2009 3617 8527 6326 2496
3730 6785 2583 7577 6772 7238 2726 2902 3783 7597 1270 4156 2741 5172 2826 1712 3643 1550 4373 6737 8064 7725 6533 2947 4414 2694 3555 8163 6486 2162
3752 6769 1742 8012 7628 6547 2044 2445 6055 7999 1959 2979 3051 5533 3178 1348 3761 2207 3594 5838 7899 7056 6760 2465 5129 2048 2955 8119 6424 1922
3948 6954 1931 7903 7268 6894 2504 2286 5737 7163 2257 3957 3001 4922 3335 1755 3175 1732 4322 5905 7784 7831 8227 3141 4167 2650 2807 8039 8323 2121
3858 6968 2689 8542 7635 6459 2938 1975 5242 4929 2038 3754 2506 5144 3653 2151 3699 2062 4330 8073 7933 8106 8189 2979 4847 1872 3300 7963 8553 1950
3005 7718 2393 8350 7092 6135 2227 2343 5549 5588 1283 3574 3327 5532 3037 2053 4254 2626 3801 7989 7359 8207 7251 2845 5223 6180 2659 7753 7539 2356
4009 7757 2586 8242 6872 6556 2196 2629 5789 5240 2410 2978 3241 5526 3195 1217 3754 2362 3375 8527 7438 7222 7568 2155 4533 6527 2780 8343 8454 2437
3788 7342 1738 7438 6936 6431 2531 2006 5877 4836 1288 3631 3483 5376 3882 1058 3520 2684 3860 7811 8155 8230 7724 2062 4289 6547 3073 8476 7809 2445
3251 7985 2326 8024 7909 6967 3135 3085 5850 4866 1500 3398 3185 4826 3119 1747 3131 1755 3451 8562 8123 7441 7638 2770 4020 6884 2982 8481 8627 2546
3257 7490 2136 8311 6847 6432 2752 2018 5790 4913 2014 2973 2938 5522 2846 1094 3267 1512 3599 8161 7273 7722 8219 2495 4343 6103 3632 8044 8352 2308
3523 7068 4493 7902 7531 6468 2276 3166 6321 5191 1589 3755 3144 4828 3956 1829 3736 2036 3657 8729 7341 7461 7354 2376 4002 6446 2999 8031 8383 2555
3088 7157 4584 8146 7378 7283 2596 2390 5746 4694 2469 3394 2560 5169 3628 1979 3330 1331 4286 7846 8042 7694 8068 2525 4044 6786 3109 8484 7990 1846
3150 7695 3723 5492 7301 6944 2642 2471 5441 4745 1432 3153 3304 5463 3765 1271 3742 1239 3678 8925 7402 6714 7379 2970 4029 6071 3503 8158 7726 2239
3709 6959 3899 5259 7378 7259 2795 2333 5335 5252 2489 3187 2807 5707 2964 1488 2762 1261 3689 8775 7826 6148 7504 3042 4568 7004 3601 8196 7825 2042
3798 7809 4559 5850 7175 6281 2155 2413 5791 4866 2297 3859 3470 5067 2862 3817 2837 1789 3736 8887 7477 5571 7399 2712 4184 7121 3554 7412 7895 2145
4110 7252 4161 5050 7908 6141 5713 2126 5398 5476 1301 3586 3378 5319 3168 3070 3448 1507 4243 8467 7838 6345 7874 2365 4785 6106 3055 7519 8031 1825
3991 6774 4333 4957 7669 6462 5655 2169 6270 5527 2241 3917 2434 5204 3311 2690 3828 1509 3781 8436 7680 5898 8071 2249 3994 6136 2573 8404 7804 1803
3897 7947 3637 5925 7835 6177 6088 2812 6279 5201 5232 3274 2664 5211 3599 3211 2824 1821 3952 8695 7321 5834 7340 2734 4385 6666 3480 7860 7842 2104
3682 3645 4271 4853 2768 7016 5650 2492 5210 5732 4912 3379 2417 5854 7528 2948 2852 2101 3348 8525 7235 6696 7666 2833 4411 6418 3448 7194 7825 1588
3758 2875 4121 5652 2899 6457 5379 1963 6064 4747 5026 3688 3080 5316 6846 2985 3577 1537 4465 7760 7690 5703 7462 2890 4056 6249 2950 6930 7826 1719
3090 2577 4186 5059 3262 7034 5736 3135 6105 5398 4237 3982 3024 4912 7482 2984 2670 2038 3977 7883 7901 5806 7253 3015 3381 6034 2661 6619 8004 1868
1 22 12 2 79496 0.9086259458312514
15 19 5 10 44051 0.9989263634466325
29 19 16 20 41621 1.0091792033309857
20 14 22 6 24722 1.072054701536234
8 10 29 3 63125 1.0405102294297042
5 8 13 6 29932 0.9322271046982282
15 9 20 21 45695 0.9987554054619763
14 14 3 16 26629 0.9529867620715846
25 0 5 22 102085 0.9763810011722316
17 12 18 26 37726 0.9557012112038287
17 13 1 15 31516 1.0291642111664199
24 26 6 2 91973 0.9054033155655385
19 16 7 26 53867 1.0446561906782026
5 21 18 10 60615 1.0563153928602578
12 18 23 21 42327 1.0354942309778845
20 1 27 14 51446 1.095791750236078
29 24 17 17 36051 1.0507891047614741
18 8 19 19 33717 0.9354930404217304
5 29 1 4 70111 0.9273445727215263
15 15 2 5 51001 1.0380710504836927
12 3 27 0 59805 1.0815647467889955
14 28 2 4 80322 1.0267750699041567
19 20 25 29 41752 1.0168497260909328
3 19 11 1 76025 1.0893004532834123
10 13 17 7 36520 0.9373788811468552
24 5 9 8 44884 0.9766917522156549
3 21 10 16 37177 1.0493501307782096
24 11 28 22 41886 1.07736616392337
25 22 15 4 69738 1.015932944391123
5 4 3 25 64009 1.0759150904239365
5 17 21 4 59029 1.0490635119657743
1 11 23 20 65658 1.0582193703584462
22 12 25 4 36667 1.0311178432672858
16 7 24 10 24391 0.9664031135845934
5 15 27 26 56008 0.9306123110893056
11 23 25 28 46189 1.0101411731754455
15 10 13 23 32645 0.9367830176863351
4 6 12 2 31697 0.953472178892593
15 29 22 8 61375 0.9415662953757626
14 14 19 8 24312 0.9246574858070452
3 0 26 4 84975 1.0984862838335583
12 19 26 22 52404 0.9187324767363036
21 29 20 4 61238 1.0179826988095728
19 3 7 22 77575 1.0704875076485516
8 12 3 3 48967 0.9288889416745975
16 9 29 8 42959 0.9599865625429203
10 22 1 1 88864 0.9056714519861471
29 19 21 15 26035 1.054813623637741
21 10 4 23 63921 0.9893559006464685
0 11 18 14 43388 0.9304843056522671
25 10 14 22 45567 1.0546037405047488
22 20 8 18 41316 0.9086834337785566
28 23 19 20 36419 1.080681727515783
2 25 6 15 23576 0.9255994902045536
4 10 19 25 64598 1.0845649940391395
28 22 6 4 93362 1.006497829818013
7 2 0 22 70896 0.9046554817394684
5 1 19 24 90732 1.0101657707670844
11 1 26 15 69430 1.0953111938233377
4 18 8 0 76384 1.071265305352825
14 1 13 15 42918 0.9559611123747322
4 8 20 3 50728 0.9729765265851494
22 6 27 19 42077 1.0270743451487212
20 14 15 23 30132 0.93515658598526
28 24 0 21 78229 1.0865176759304547
27 6 15 21 67024 1.0913506023421997
8 23 0 9 49081 1.0770234660895033
5 26 15 15 49088 1.0423012588162088
9 26 18 25 31497 1.0068002623982275
17 26 7 21 42329 1.092578246295903
3 17 12 12 38474 1.026750174328169
19 27 12 9 58749 1.0332444812966277
17 3 14 15 32424 1.0272966275786102
8 10 10 21 53234 0.9304138642914769
19 21 28 3 73370 0.9258041742726265
20 28 4 20 67194 0.9441662646766777
28 8 14 7 39430 1.0842070775480857
26 26 20 13 40994 0.9404553616943606
13 16 29 28 62620 0.9117837171264818
10 5 21 22 60639 0.9303200063314669
29 6 12 29 86069 0.9517998466875977
28 17 9 9 49977 0.9669830162162703
17 11 13 25 38552 0.918118405911
20 26 5 7 72485 1.069393901578529
28 13 6 8 65305 0.9438134476145896
13 7 15 19 36354 1.0774662585430133
6 22 22 12 60976 0.9140103427282055
3 10 3 26 36206 1.0708789499442757
24 21 9 1 82641 1.0737936388901397
15 27 17 18 29407 1.063759463682066
15 18 15 7 29451 0.9870729288374069
26 4 7 28 99813 1.00751587522957
15 14 6 10 25143 0.9743933182098323
22 4 25 17 44291 0.9491806930054765
10 1 25 18 76553 0.9683372753564313
3 28 13 17 48646 1.0679043394956145
14 3 4 25 78830 1.0897966301621336
19 19 4 22 57377 0.9382541216379945
1 29 29 26 67851 0.9321574670486199
18 7 4 15 42096 0.9707614529048589
5 6 19 25 78771 0.9894485457156583
18 23 3 6 70705 0.9258608297816003
22 20 6 17 39754 0.9108354592693139
25 2 16 9 42950 0.9860898382379684
16 17 6 9 37480 1.0596983522260404
8 16 23 8 56251 0.9062569369745326
29 10 2 7 72425 0.9349545256725599
13 5 20 28 72155 1.0253181993593663
24 26 24 12 47722 1.0347132989893026
25 15 28 6 38564 1.0153891907888766
5 11 23 9 46827 1.0450594699077946
16 3 29 24 76532 1.0611889622982327
10 3 0 16 68442 0.9655534654981031
24 13 10 12 43735 1.0821313182142556
4 19 14 26 47109 1.0274865615964033
0 6 14 2 41024 0.9752214252320001
29 1 13 6 60201 1.04170460664873
8 20 11 29 58891 1.0667053221341367
16 8 12 28 63869 1.0789497198829088
12 12 7 25 51257 1.042457946088582
15 23 18 14 26849 0.9408579580683447
16 8 0 21 62874 0.9944510075230283
27 5 0 1 83301 1.0887873151423582
12 4 3 2 34898 0.9100055330741236
2 9 20 21 64947 0.9614559716799063
7 24 17 23 32173 0.9483912189995698
10 16 1 3 65333 0.9301455425256556
9 0 5 15 67828 0.9586552471915918
0 25 11 29 32160 0.9131788455859552
28 22 28 7 52658 1.0790573806750696
0 27 5 6 60120 1.0537210833593742
25 10 3 12 49487 0.9274398402138895
16 3 25 10 41763 1.071445471306316
2 13 19 28 66924 1.0164443024797016
27 4 13 12 50687 1.0092331661417429
11 20 19 8 52498 0.942304035179066
3 2 15 6 38024 1.093965094362348
20 7 5 22 75367 1.0042442998523822
20 8 28 12 31380 1.0621267124611227
8 27 28 7 94371 1.0148599021696705
2 7 18 20 63589 1.0300025131628405
13 20 8 27 45241 1.0470864070275443
16 5 3 20 66774 1.0538044436653706
15 19 11 3 59351 0.9878394466674104
19 29 21 15 36613 1.054101002871668
23 28 11 22 51269 1.0414929090304654
29 2 24 10 41206 0.9681024803188223
5 25 20 8 69253 1.0388320170431253
5 8 22 3 58293 0.977495313544622
7 5 9 22 80410 1.017927713692052
29 22 22 10 49979 1.0117864474004126
12 25 27 14 57006 0.9104591788775585
21 29 0 0 109827 0.9581645505010934
13 17 1 20 35938 0.9696720085697854
22 2 9 9 46974 1.0678216551479691
17 2 10 21 71491 0.947051825116646
26 26 24 0 72347 0.9208554638272273
29 28 8 12 81599 1.0039235276470537
11 0 28 27 98909 0.9645577202881722
5 28 19 2 93542 0.9171346751335759
8 4 20 0 49171 0.9688812925949093
8 9 0 16 38083 0.9880270650856533
12 24 21 2 67033 1.005563873727009
29 0 6 19 98856 0.9338973763587974
0 6 26 12 69974 1.067493100089706
14 17 29 8 55799 0.9104012426508852
14 18 5 5 56294 0.9209739649895826
16 10 6 13 29787 1.0794985191288364
13 5 6 11 33850 0.9259599453801388
9 20 13 2 63018 0.9692214484143822
20 2 5 6 50057 0.9657413691320307
14 16 26 3 54747 1.0674405641726528
21 4 29 29 65575 1.0526656402811383
20 25 12 22 37284 1.0607948174208397
12 24 25 20 56764 0.9224266376156581
18 20 24 0 62147 1.0637428674416296
9 0 12 8 43381 1.0618725706776138
20 28 14 20 34951 0.9243584595515538
9 7 1 27 65510 1.0540830265920766
19 15 6 29 53538 1.0487268311112272
25 6 17 10 29360 1.0571818396840773
12 12 14 22 27516 1.0664618676509006
17 3 14 24 50525 1.0603205706496985
0 23 18 11 57129 0.9011977303312004
12 9 4 23 57712 1.0630977435100828
2 21 9 14 27138 1.0846694055825303
14 5 24 3 41787 0.9972779302164848
10 19 29 19 57367 1.0871873040793683
20 13 4 12 42623 0.9480898582652506
28 16 9 13 48630 1.0961748899477544
0 11 28 24 76229 0.9596648929728981
12 21 23 18 45498 0.9402006059966448
7 0 8 13 68909 1.04545087219774
1 10 18 29 69708 1.0574158472682826
27 27 7 25 57170 1.0298091310290989
27 21 3 3 90398 1.0707595692659
21 15 1 27 58972 1.0926200005291722
15 9 4 21 58201 1.041705605889203
19 23 28 0 78316 0.9589460695893759
16 17 21 5 35128 1.0559765987927578
1 22 8 2 71697 0.9838582494192364
12 6 25 4 46510 1.0672788919822005
0 17 26 11 63997 0.9061869489996514
18 20 20 10 33421 1.0439434792745486
14 13 18 21 28887 1.0507657515188888
22 12 16 27 42782 1.0225714825125154
11 20 3 14 43760 1.078095999362746
1 25 3 6 47749 1.07679497493677
11 0 15 12 48321 1.0113706791006667
18 1 5 17 62816 1.0227854112384174
8 8 18 6 31897 0.9642404375033568
16 2 11 25 64371 0.9928476238193267
19 19 13 9 36490 1.0364823947221626
23 2 15 22 70106 1.0101259363522719
21 28 26 13 43323 1.03525909199776
22 27 13 19 46083 1.097875675725088
16 27 11 8 53509 1.0991636814366272
16 26 2 11 56959 0.9271623871892923
0 19 20 17 45384 0.9647117614638849
25 12 21 2 33067 1.0083291490784707
29 26 3 28 67334 0.9084879496090279
15 16 23 22 38326 0.9915474799665582
25 10 10 24 65536 1.03041956133087
24 24 7 11 66436 1.0737154140145195
27 17 22 25 28879 1.056997766797997
2 5 19 9 51920 0.9283856578053885
18 26 24 17 31256 1.0435787704920616
18 20 29 6 63707 1.0030506213300117
8 4 12 16 57482 1.0427336791447124
23 7 3 22 74077 1.0826603653369296
24 7 29 23 53846 0.9942224452379873
21 16 10 11 35223 1.0703584739810863
18 19 11 9 38637 0.9689299899640369
21 23 22 3 48805 1.0729359203027975
17 29 2 24 42972 1.0303877756502333
11 19 5 14 35073 1.0809620281168903
13 23 24 25 35931 1.0884234158825148
21 26 17 9 40093 1.058414585677887
12 1 27 6 59210 0.9603073572074712
0 4 22 29 98180 0.9332377544955008
5 22 29 1 114261 0.9701375186600094
7 5 3 12 38680 0.9106304272293142
10 15 24 11 37714 0.9326475264958224
19 29 23 2 74003 0.9164555971276361
9 26 9 13 55071 1.0502996570223322
9 17 3 24 31262 1.0311247185459989
26 16 29 27 34791 1.0821158033026819
27 28 0 4 98683 0.9902846481456803
12 19 0 12 46743 1.0176719258465912
8 28 23 8 88539 1.0083017728911816
24 22 2 21 65838 1.0986536078913676
13 21 25 18 42223 0.9853893009010151
13 3 27 14 68135 1.0802498541020504
9 10 4 22 50108 1.0289944788021161
7 3 12 16 65939 1.0140111549617994
19 16 9 29 49120 1.0657013321442559
2 10 10 19 46606 0.9134715705111158
29 9 6 23 88676 1.0162151987516397
13 20 19 29 34156 0.9489831136306719
4 26 26 23 63231 0.9446883854887504
8 25 11 18 43096 1.0351351267148452
22 29 5 5 93630 0.9974006616991589
21 21 7 3 76774 1.0291784850971706
11 1 3 6 37249 0.9375700204874201
15 6 19 26 56346 1.0998439517085117
0 4 26 23 91825 1.080936276591205
12 2 25 25 85254 0.94408059970146
16 11 26 29 54839 0.940181418929052
12 15 13 3 42017 0.9952162251988258
18 20 3 1 82545 1.0676108802899091
29 25 21 6 59938 1.0558097348570235
26 6 8 27 92804 1.0928597946289829
14 4 19 28 73083 1.0859699311504036
7 27 20 1 92592 0.9954250887910159
14 26 0 9 61515 0.9852402545142174
22 25 23 0 65884 1.0966844548563308
29 11 18 22 57257 0.9271378945001538
15 8 3 1 54226 0.9086177587155261
19 26 7 24 41714 1.0341257588522692
7 26 23 26 50712 0.9156523314468017
19 12 27 5 38571 1.0039656779833528
10 20 18 23 42398 0.903457936447604
3 13 13 3 60331 0.9458476694422375
14 19 26 6 52398 1.0190636043984984
12 23 21 28 35137 0.9476264506812815
29 14 7 16 55269 0.9163047307950706
7 4 24 3 64808 0.9842818949634887
3 10 21 8 37813 1.001461337506483
17 27 9 19 45902 1.0699988466243144
18 2 28 16 59452 1.0135357980643183
19 18 29 16 23241 1.0920548083742945
27 19 5 15 43117 1.0298549543867535
19 17 14 10 22350 0.9540066810920945
3 24 22 29 58127 1.0063671072732157
13 8 28 29 67673 0.923456435753215
26 15 10 6 53188 0.9663090926500008
3 12 27 1 81091 0.9485317251466865
20 29 13 12 49479 1.0612464940317785
4 16 6 2 54654 0.9757398088507488
24 24 6 3 94378 0.9336139528040794
9 20 21 25 50329 1.0321497473266448
19 29 27 13 51342 1.05687275013519
1 14 29 0 96411 1.0403484398499487
13 18 10 10 28546 1.0710366892133536
5 3 20 9 56985 0.9906674382773054
2 2 29 24 103188 1.0906508365266352
23 2 25 28 81317 0.9224079672687115
19 22 19 3 58546 0.9714048143368639
20 25 7 6 73508 1.0012709151620156
21 15 21 3 27361 0.9672377796430681
2 29 26 27 58841 1.0943658931169278
19 27 28 13 56644 0.922658625177
19 5 23 21 52233 1.0400894363154305
12 26 10 5 65064 0.9029638653712716
27 25 8 13 61711 0.9946723767354162
1 28 0 5 59511 0.9594720077897563
15 1 11 21 66285 1.0607646092301533
22 16 17 0 45998 0.9592137707784666
27 0 23 26 82067 1.078157361048489
21 16 6 26 56415 0.9263451447732214
6 19 19 28 62463 0.9290225761322307
4 22 22 25 56222 1.0105924539370152
14 5 28 16 56164 1.0123137279020846
1 17 14 12 33250 1.0000109745491799
21 19 0 22 58429 1.0433689346914918
27 25 8 21 69771 0.9720628879161308
25 7 17 26 61509 0.9710221332455337
8 19 26 17 45804 0.9432292034836766
21 0 28 25 68845 0.9726795926339553
5 15 3 6 35728 0.9288979133978373
8 20 10 28 60455 0.902331301051558
2 29 3 20 22628 1.0852649288948963
5 10 12 15 31208 1.0124102579500354
1 13 10 27 56188 0.9596990109761
8 1 27 15 82007 0.9112556243574405
3 7 25 23 78589 1.0587394240266201
3 20 11 26 38946 1.0774711721015389
9 27 29 21 76004 1.0232865814202832
16 17 5 26 48925 0.9897871762230566
23 27 9 16 58015 0.9110093750176648
2 21 8 0 78593 1.0503544748812002
16 24 18 11 33718 0.9773103474635212
7 18 22 5 64544 0.9516419727616867
22 18 27 24 23936 1.0499234780047255
15 20 5 26 44265 0.9872012749352421
22 10 4 1 62394 1.0689080537635218
1 1 12 11 57063 1.04139662849002
29 6 23 1 37384 0.9716157952481292
23 19 28 2 73072 1.0321852467194144
5 8 12 20 61625 0.9616619810117175
18 0 29 9 50479 1.0585119362501345
9 15 27 11 47236 1.0754200230073931
10 1 1 8 50567 1.076011642978142
17 2 14 11 27383 0.900396243621215
25 7 16 9 29330 0.9411049550115038
0 19 12 3 79024 1.0229886775971906
25 13 4 24 76150 0.907122084878916
26 11 4 0 79194 1.0761133578544624
12 18 8 11 40648 1.0294004440426818
24 28 15 25 34251 0.9557908867793191
21 16 9 18 29865 1.0956899818254515
21 25 8 23 38210 1.0326634596661355
10 20 2 12 44662 1.0413462601291716
13 28 5 23 39547 1.0944924547497006
13 23 26 2 74945 0.9114533776789212
10 6 25 17 48978 0.9306223907329458
21 13 0 22 55769 0.961155302459447
5 26 16 13 61265 0.9925377046085501
13 1 17 20 54719 0.9104472649270222
21 3 28 12 39657 0.9235279394427548
19 27 23 7 56662 1.0508879498320995
5 0 19 1 49988 1.0881663476914545
23 27 14 4 76583 1.0695287784573266
29 13 20 8 37644 1.0890297556206587
6 9 1 2 39424 1.0098276003659805
10 17 15 22 27421 0.9093170043989108
9 20 1 0 81119 0.970460663673318
15 13 4 22 53479 0.9226441930304808
2 8 16 9 39564 1.0672142587810567
24 20 12 10 44176 1.0523468689695925
28 8 15 5 41877 1.0821666492756583
20 7 2 3 55594 0.9409640898015644
7 24 22 3 84401 0.974577798946509
24 5 18 24 58384 0.9049647284381205
9 19 29 0 91984 1.0533442817483163
7 12 14 29 56382 1.0193215229523318
8 10 17 1 37719 0.9721648102353287
1 1 0 21 60123 0.9633001284294421
26 26 4 13 69015 1.0348539219965165
29 13 9 3 77629 0.9838470155146309
16 26 20 4 57320 0.9914105043307797
14 25 8 4 68031 1.0993999719363297
28 17 7 17 38828 0.9560926429926203
2 15 24 15 40242 0.9158976794248024
11 11 28 16 50668 1.0347499183331472
11 24 14 6 49062 1.009534996818029
19 5 26 20 50833 1.0869424668926828
15 24 25 0 77702 1.031426192431628
28 18 6 29 69552 1.0251654231939997
25 24 14 16 42860 0.9858936134411588
14 26 26 20 44720 1.020491345783037
10 14 8 1 64295 0.9348921797460663
4 4 28 28 103015 0.9394809929632946
19 29 13 17 36475 1.0396408168168192
15 25 1 10 60760 1.0527800253604285
19 22 2 1 93555 1.012431268784668
21 18 24 9 28303 1.0288636445494324
29 16 7 11 59521 0.9973644328514502
13 11 23 1 51993 1.0128088691836243
29 13 16 10 39655 1.0355313720279617
17 0 4 11 50585 1.0248794928031453
8 15 4 3 49711 0.9931966813115952
27 8 29 18 40509 0.9376528000667431
12 2 25 17 58212 0.9349336583864013
27 29 17 29 20455 1.018533742793104
28 25 7 2 92916 1.0797714914351082
1 13 4 2 43881 1.0250362025714057
13 28 8 0 91747 1.0957004935697081
22 8 29 17 41066 1.0455417608882076
0 17 19 9 51026 0.9174156029357056
23 10 12 24 54978 0.9616439880792169
0 3 11 23 74480 1.0817468836907578
24 7 13 19 51770 1.026636942058946
4 25 23 17 57811 1.0822265864552993
18 21 0 2 84139 0.9125523495865361
25 20 29 26 30162 1.016210038356512
25 13 5 1 83366 0.9116875433920135
6 5 24 28 96550 0.9194107245309351
5 5 14 20 60855 0.9899752527432042
5 16 27 6 68066 1.0337871157872305
12 21 20 16 39996 1.037744816929511
25 1 16 21 72249 0.9062387015208203
6 0 2 19 69981 0.998098888188676
23 10 12 26 55028 0.9589781714334293
18 17 6 14 27595 0.9214815622241127
12 3 15 28 81304 1.051478530060596
14 19 3 21 44567 0.9334857524479601
5 15 21 5 48988 1.090150659772143
0 17 11 23 39086 1.069601083629964
19 17 7 23 42384 1.052183106124708
9 24 1 11 51093 0.991794435678303
11 29 13 16 38017 1.0510589278549167
14 12 20 26 41251 0.9384407952914371
21 18 15 10 25213 1.037205848649741
11 1 27 15 72378 0.9373308174470067
17 3 19 11 25213 0.9611942285677018
25 25 11 8 74029 1.0476168202213847
2 10 25 8 54636 1.0174804664981465
13 19 1 24 51210 0.9018528576780611
4 25 15 13 51847 0.9924221854885547
5 11 22 14 47134 0.9487920063693052
10 20 22 28 63421 0.995526244710217
12 9 4 2 47459 0.9782785926133749
3 7 2 27 45295 1.067994096636406
2 11 18 24 59670 1.0227921761112306
15 6 28 24 62070 1.0200689034641324
6 28 21 5 84113 0.9282979299317484
6 24 17 25 38452 0.9108129446573873
3 20 23 26 72300 0.9397062559708709
24 19 4 21 61926 1.0558421985380357
13 22 5 20 43312 0.9438769827102526
7 5 25 3 65578 0.9707029297027501
9 4 3 25 69459 1.002000662569223
25 20 29 10 46238 1.0641517484948833
17 15 12 7 25304 0.9603545233085496
27 2 4 16 80977 0.9394613526343532
24 28 20 8 59397 1.0981894557766563
14 15 27 27 42271 1.0572379912152128
19 21 9 19 43473 1.0183966156167068
15 1 13 21 55055 0.9486061607870256
1 16 13 9 44332 0.9457239856354906
27 9 21 5 25799 1.0481254938190925
23 27 24 13 51355 0.9649345444894715
21 20 26 11 31513 1.006634864324453
16 10 15 21 34328 0.9948856947189126
26 5 8 18 68867 0.9655094009841043
0 6 18 15 54223 1.0429649827773326
22 3 26 12 39419 1.0794721282298485
12 14 1 18 29248 0.9195875567047674
14 15 20 2 40932 1.0188464516945057
21 15 7 13 33772 0.9517334991068477
15 21 19 6 49044 0.9389452023496697
3 19 23 13 58043 0.9923839000060135
15 14 27 24 42095 0.9978065600012503
13 29 4 26 30647 1.066133587414392
26 5 15 3 42930 1.0234606704638587
21 10 17 22 33075 1.008474900931917
20 12 0 17 45676 1.023003055202681
15 28 29 25 47705 0.9877617385087364
22 22 13 12 40011 0.931462631329459
15 19 16 2 50905 1.0553995233105158
29 29 22 14 45151 0.9788084522659231
29 11 25 25 50028 0.9659945974404626
26 18 8 14 42225 0.9169799935244384
7 7 3 16 38749 1.088015788665446
18 11 3 7 42189 1.0693702620191132
13 25 8 13 49469 0.9093463525809249
0 6 24 19 75397 0.9595768538185867
16 29 2 10 63164 1.0760973896718147
13 10 22 2 34725 1.0932555090108669
0 13 24 29 77973 0.9828556108867141
27 29 26 14 32270 1.0934003919137236
26 18 18 22 34021 0.9813675166571569
22 0 8 10 48145 1.0196292661913273
28 6 13 7 42410 1.0836827493036671
15 9 14 28 44699 1.0519431209380348
13 22 7 11 51126 0.9577161789463053
7 0 17 16 66363 1.0286310283380828
1 8 15 23 61854 0.9905539971163706
23 27 1 28 67407 1.0049902334183034
29 19 12 5 66682 1.043988015646803
20 2 21 28 61131 1.0205422056564566
8 22 21 16 52679 0.9836195042564018
9 29 16 1 80582 0.9851338888874688
9 20 4 2 75533 0.9165307438893979
3 5 26 7 63725 1.0373751285260142
24 16 3 6 67763 0.9617574001090352
20 6 6 5 43470 0.9962205197279149
20 12 17 22 27884 1.0246602971399663
6 28 17 26 34571 1.0887069481168807
16 28 23 10 51021 1.081341886721165
19 20 10 10 40470 1.0715304017553628
14 29 19 14 40202 0.9369232812601289
9 26 28 1 102366 1.0915641414288166
3 0 4 18 62682 0.9052578737655608
19 4 10 2 26842 0.9571018900851154
6 23 24 5 78819 1.0023945656517235
26 2 19 22 70958 1.0737092496791336
22 25 2 26 61283 1.0270677764794829
26 5 1 27 95413 1.0021774514480275
22 0 1 2 55555 1.0383930246428394
9 27 20 17 53078 1.0582682719903496
10 29 4 21 42169 1.0207323090973373
18 5 13 20 48383 0.928955496921581
13 25 4 20 39258 0.9446728841191271
0 25 23 17 58718 0.9029565456266347
13 5 10 13 39586 1.0218353934905444
26 9 12 11 38005 0.9872596081399059
16 11 8 17 31296 0.9787295839685324
12 16 27 12 43613 1.0380679394115604
26 25 4 7 82699 1.0575886987686438
5 20 6 0 85704 0.9196514123779205
29 6 21 8 25646 0.9526002084148707
28 1 13 13 67327 1.0828733546380707
28 12 23 27 57456 0.9514075568625803
22 21 9 0 79767 1.099486664859319
10 3 15 16 55699 0.9320691724582755
1 4 9 15 52094 0.9887721654542329
7 8 27 0 74101 1.004503234316908
25 6 23 15 39252 1.0413604901970355
13 28 28 5 90513 0.9116578782664045
28 21 11 10 52462 0.9939063021493922
21 27 1 3 97298 1.098116654663176
28 20 9 1 84865 1.0003876876654907
12 20 8 27 50872 1.044926585385863
26 25 3 7 85760 0.9942701093673574
0 28 8 9 61690 0.9350271164586853
6 8 29 1 80377 0.9194502047707872
18 15 28 12 32315 0.9725620050488284
8 12 0 16 29892 1.0551028112577285
1 23 11 24 30342 1.053168072843008
8 18 20 5 55782 1.0135656581408106
11 28 16 14 49057 1.0578451962055422
20 25 12 4 74469 1.044193183719496
6 15 13 11 25739 1.0769350664342399
1 13 8 18 29709 0.9610985393506485
5 14 28 13 60769 0.9243364334579055
17 16 10 0 59403 1.0619979578064578
0 28 22 9 80207 1.055748580716077
7 29 12 15 48035 1.000263616512788
13 2 17 20 49630 0.9330313547172671
5 23 9 12 48521 1.073558706546177
15 19 7 6 54806 0.9609761864057064
28 20 23 29 31544 0.9514704929252107
7 17 1 29 34355 0.9003859824908688
15 7 5 3 46177 0.9826938513861524
29 12 6 11 57984 1.0149266109339221
2 3 20 1 49739 0.9549013866804752
25 17 5 18 44100 0.9480526535152437
26 7 25 21 49011 1.081230828414494
1 19 8 23 29508 1.0085527082042316
16 13 5 7 42947 0.9411164836794218
6 25 22 12 61290 1.0049329198720063
19 22 7 6 68293 1.0940094771046016
1 3 10 7 39661 1.0680710350096967
13 18 26 7 51274 1.0339187449874165
8 25 28 5 94315 0.9655452612761578
21 23 18 2 53789 1.0123895478198202
1 19 25 17 54566 0.9939593946746494
9 28 12 1 94264 0.9625830878453436
18 0 17 10 27347 0.9391552959220876
29 6 17 13 44230 0.9640018213414718
27 3 3 18 84484 0.9278405906663408
10 4 1 12 56142 1.0571659267025306
23 5 7 11 52659 0.9064280086354254
17 19 24 10 32455 0.9687768691672718
20 25 12 12 48047 1.0477294260452976
27 10 15 19 56312 0.9709347026314978
25 4 18 12 41649 1.0537506742070133
24 20 0 28 80291 1.09274606471939
24 11 8 5 53600 1.009086873177288
17 20 10 6 43085 0.9557873218102859
18 22 11 5 59033 0.9794999764412887
17 0 15 29 67495 1.0417643038738924
5 25 21 7 72240 0.910106331419844
0 19 8 29 37947 1.0108028238340494
4 19 7 10 35409 1.087446904253286
12 5 26 1 61271 0.9799159995758574
28 29 28 19 27346 1.0873810141959148
23 6 6 2 49629 0.9899364451618002
11 9 28 4 57027 1.0949214461626928
13 12 25 19 43411 1.0880828623859642
13 24 28 9 72425 1.0772193564732815
14 21 5 18 33806 1.011615047262344
7 24 26 4 91502 1.0358530083380373
11 9 7 21 63383 1.0457041129934659
21 28 5 23 52988 1.0440663275721458
14 25 4 26 29630 0.9233631423332249
11 5 19 10 29792 1.0862379365867443
1 20 27 20 66090 1.006165749062018
29 22 9 28 66696 1.0681555530269433
10 9 25 24 67782 0.9355646461698574
27 11 9 28 84516 0.9139307283004546
9 24 1 6 68218 0.933765650588358
13 5 28 19 61933 0.9349651906928258
1 29 0 17 27330 1.0151900888516043
13 16 7 9 34138 1.003215965506173
17 3 6 9 40822 1.0898274790396634
25 20 15 18 38874 0.9828697447221443
25 7 23 16 36325 0.9949098878096692
15 10 11 0 43230 1.013954635538655
22 27 22 13 39311 1.0679198566382666
10 1 11 14 59239 0.9183533911096838
25 27 7 14 68742 1.039939212615486
20 12 8 11 33753 0.9086915964310159
6 14 10 27 59094 0.9637761767142312
24 29 10 27 45411 0.9852562649134723
6 16 9 25 40627 1.0745930720806025
17 11 0 8 38815 0.9416819565294741
14 27 3 5 75816 1.090962952911382
15 6 9 28 68256 0.9941837542820113
17 24 6 16 42686 1.0443730975214094
16 9 11 17 32001 0.9829147202889633
15 11 5 25 54367 1.0135530942046833
20 5 5 13 55179 1.052985747587889
18 5 22 27 59966 1.0676915055829121
10 11 22 26 57434 0.9613518035544804
3 7 20 4 48172 0.9766629519576089
12 15 7 1 61026 0.9474927782176042
23 4 2 25 87839 1.0320683381004834
17 12 0 8 40613 0.9437356664056463
18 21 14 12 30913 1.0657968640048128
14 15 24 20 30130 0.9217501018668398
16 11 1 2 59584 0.9148912662772143
0 16 24 14 48497 1.0708114656231937
3 0 10 14 72303 0.9135841767078031
24 0 5 10 58198 0.9044412237916749
16 3 0 10 51957 0.9541820327304923
26 19 28 5 53087 0.9685543339047465
21 25 12 7 50960 0.9878846832035137
22 19 15 12 30503 1.0470021809151855
17 18 28 15 27275 0.9044224918120503
8 18 28 19 52192 0.9187184766149086
9 12 27 1 69122 1.0352410809712524
0 15 19 3 60486 1.0741945396045376
28 0 23 29 89233 1.0301255660263617
11 28 21 6 71303 1.0096020824867542
22 17 15 22 32974 0.9034701554933692
15 14 5 0 69155 1.0087962625736795
27 9 0 18 74356 1.0630380532524484
12 17 5 6 51973 0.996537265624535
27 5 0 2 80623 0.9825773459648212
23 17 1 1 81972 0.9027154256791751
3 9 20 17 48506 0.9669752195268411
20 11 10 4 47780 0.9384720600769404
4 10 22 16 44555 1.0371020184019453
3 21 10 17 31412 1.0098594628165236
0 4 5 9 32941 0.9584971339780992
22 10 9 21 54013 1.037077370818597
21 2 3 29 86645 1.061503152043556
9 20 18 28 55207 0.9342453795069137
18 16 2 16 32195 1.0719164140746678
28 6 11 6 49757 0.9472282423695021
13 15 6 21 35316 0.9394970173377853
29 8 6 29 98400 0.9788799139572844
22 4 8 6 45977 0.9089182265060288
7 17 19 8 43857 1.083180839984687
4 20 6 10 37542 1.0797310530067965
16 17 23 25 34813 0.9677990574075769
7 25 15 9 57163 1.0211192546557195
19 19 10 29 45652 1.0785636266842789
26 13 9 22 65640 1.0552919896077293
29 1 21 22 72022 1.0477229611770318
0 3 8 18 58029 0.9279961332827246
3 26 21 2 81409 0.9504259684507131
1 18 15 25 49046 0.9305698686705564
26 9 5 3 72343 0.9120973831892579
15 3 23 28 77753 0.9595128607978346
6 3 19 8 50678 0.9153650029656918
25 15 24 0 47960 0.9637950831900735
16 16 27 17 21371 1.0653577345757141
6 8 13 5 33151 1.0128041572020825
20 20 29 13 40754 1.0733069415706769
20 26 9 16 47359 1.0681436262957678
14 15 1 29 47704 0.9512819955545192
19 22 22 6 49310 0.9881729397828497
2 19 28 16 59281 1.0510661967118804
12 24 19 11 47460 0.913502329214933
15 10 26 26 53069 1.0712226754735947
13 25 22 23 29721 1.0014249007250078
8 26 21 1 82572 1.0491556615643578
8 20 0 1 77188 0.971499783920333
1 22 26 4 89359 0.9957997578959843
21 11 11 3 46792 0.9149455058442566
0 26 23 18 66419 0.940416571589156
4 4 25 14 74727 0.9330824121354145
22 2 27 27 65853 0.9102375327215931
1 23 22 7 70102 1.0559156080349057
25 15 6 27 70865 0.9964013085241985
3 7 26 15 67258 1.0393126310727732
16 12 7 18 37134 1.0139565104164106
8 3 28 16 84001 1.0246872964543003
23 11 9 9 35791 1.075039574246327
19 7 19 18 34999 1.0623240327157908
0 27 25 1 104060 0.9835998213349815
28 26 7 28 57006 1.0186447556855607
15 25 27 11 61683 0.9664942194729698
16 2 14 10 23133 0.9587217647906576
20 1 13 11 40163 0.9572055077922733
15 20 7 16 35323 1.0300682656547064
14 18 0 15 30913 0.9125444241380419
13 26 27 3 81366 1.0519034046525153
1 16 23 28 75631 1.0367580702020534
0 11 12 18 43494 1.0084277993202309
25 21 4 17 60523 1.0580595746762085
0 15 28 12 61861 0.9756100329320233
17 29 25 27 28015 1.070003461499038
19 26 8 28 40690 0.9018222735600017
19 23 9 15 36057 0.9012468384623921
27 3 7 4 78417 0.9554811747847252
24 21 4 29 65231 0.9866621393681755
25 10 16 26 51893 0.9466423960194715
4 28 10 5 85598 1.0480824444003314
6 29 6 8 62489 1.0733555222565108
0 23 8 8 58005 1.0229949254156079
16 21 10 12 42517 0.904213556506548
21 23 5 22 47544 0.9945454130607985
14 29 21 9 53518 1.0097828592949714
9 6 26 1 61316 0.9072702475673413
24 27 29 3 83321 0.9935929489430151
21 8 16 24 45336 0.9713085103329386
17 5 26 23 56129 0.9942369968404944
2 19 16 11 43320 1.0387796651403558
6 12 2 25 34668 1.0789243194933116
16 29 0 23 47814 1.0386280240100465
6 15 18 5 43859 0.9603015315012761
16 21 0 21 59564 1.0432595861207588
13 13 26 18 35490 1.0760869614265616
27 25 21 19 27052 0.9627358893541137
6 16 1 2 53587 0.9894474066103929
19 23 12 13 41589 0.9705327496011777
5 29 18 8 71090 1.0546924915545581
23 28 7 5 92613 1.0022205266678583
4 14 10 4 55784 1.0602576852014143
4 3 10 29 84027 1.040782846765805
17 0 20 19 56149 1.0442122725071905
24 23 15 8 54411 1.0078822033844013
25 1 19 20 64295 1.0477884315687742
2 27 28 4 96507 0.9963758459198881
25 14 15 9 39961 1.0670301629168544
21 23 18 1 57008 1.0055175612102032
16 13 10 21 50622 1.0299974760915238
17 13 4 19 40492 1.0087713929886546
25 0 11 19 76867 1.045947640389192
23 14 3 5 68452 1.065016146952743
5 24 20 28 57604 1.0719741212383131
0 20 22 5 75814 0.9190386611348321
14 25 24 27 38536 0.9920448838620111
21 4 25 19 50271 0.9511567948906378
26 4 7 27 98774 0.9724934263056442
18 16 26 27 40007 0.9212886784247647
23 5 13 22 66515 1.0133942577941495
3 29 28 2 111610 1.0750728905718265
27 16 7 10 50161 1.0063477610693188
9 27 2 8 65005 1.0208999750240797
21 9 2 8 43934 0.9677451082339392
13 12 29 5 54776 1.027346699545033
2 4 23 11 65361 0.9900160940572011
17 12 1 10 32649 1.0611032184691798
23 10 1 21 66056 0.9303691353496732
19 13 16 27 37269 1.0421815366965486
24 18 14 12 29285 1.0490453596881137
12 15 14 29 33169 1.0817781954093493
28 7 26 15 29359 0.9650440990461278
8 18 28 0 88797 0.9882549820112488
26 28 28 20 28238 0.9312157390968101
12 5 7 28 81560 0.9438260390452206
5 1 9 16 69466 1.0169172874162866
17 29 6 22 41711 1.0679115182781254
23 28 2 25 62044 1.0956360857119527
5 18 17 25 50374 1.0320620805485405
18 19 11 0 66592 0.9027092821543232
22 27 1 26 60172 0.9164817225653559
0 29 6 11 49475 1.0285412023420732
22 8 19 20 40656 1.027073463559693
11 29 24 8 71070 1.0473933960867574
19 22 3 14 54832 1.0816304508063963
25 27 8 1 105704 0.9627372456186896
3 25 14 8 54122 1.099433126903388
16 22 12 1 69831 0.9904394571537065
8 13 24 3 62545 1.0995035268446816
9 13 29 14 55015 1.0524488761897972
3 10 24 2 58126 0.987598809152878
26 28 14 21 41588 0.980308748570448
20 7 19 22 46898 1.0509593513718065
5 20 27 16 61834 1.0218273876500328
19 27 12 14 48474 1.0613818081840973
20 1 8 17 59870 0.9170930629128259
3 17 19 6 55686 1.03205418658409
4 7 21 17 53921 1.0780675634363357
27 16 28 27 28930 0.9852142329476943
18 12 13 1 40570 1.0470675736824093
29 9 23 27 67708 0.9644584437345051
1 24 15 7 60866 1.0938745901660227
0 11 15 28 70308 1.0153774366103216
12 4 28 6 61804 0.9085936538703893
0 16 10 2 60671 0.9507858442676613
10 5 9 14 43880 0.9921981518429943
15 15 29 22 43431 0.9269029321233586
11 25 23 7 64396 1.0179735850032583
21 21 13 17 23284 0.9614264643583929
26 6 9 13 55323 0.9349687872621908
9 1 4 20 76239 1.0656403848439542
26 7 4 23 82890 1.0643551938983598
15 22 4 2 79497 0.9979672897411845
1 8 10 0 51514 1.0737615043408653
23 5 0 21 81646 1.030946021129186
13 0 8 10 43227 1.0288213462581288
11 7 4 12 33619 0.926930999512514
20 27 27 0 83942 0.9052920803174699
27 27 28 15 28447 0.9854781706600784
10 14 27 2 71740 0.923394609277879
26 19 8 24 65027 1.084392957922448
25 28 29 20 35796 1.0844104723020014
11 11 23 0 53242 0.9728419455239472
8 15 5 7 37067 1.05253548100992
29 2 29 21 68755 0.9551637825586903
23 0 18 5 30688 1.049019210781583
28 8 26 22 53682 1.017979171251385
23 17 7 26 55718 0.9775820859243574
22 0 27 19 55541 1.0330926583533062
28 25 11 25 56987 0.9456192652336787
24 27 3 25 66141 0.9200248875075551
7 25 22 11 61921 0.9842954713291402
3 27 25 6 90350 1.0820281147727344
14 21 13 1 54871 1.0892839983598006
8 13 22 15 35161 1.06194587049083
20 29 20 9 51288 1.0367064479715808
27 19 19 8 41573 0.9737843328047986
22 29 21 18 27867 1.0308520132412133
5 15 12 7 36930 1.0824648363726699
18 20 2 29 57090 1.0874809994832444
10 8 20 3 41666 0.9469005511500863
2 25 7 4 67796 1.067637611793155
3 8 6 20 45824 0.9314854501068467
19 24 14 1 70212 1.0023379548217695
21 3 8 2 36878 0.9171207707403872
23 22 6 1 94316 0.948183887540881
3 4 21 26 86489 0.9639698695800182
8 9 13 23 48310 0.9254233951013933
12 0 9 27 92987 1.0261103056391334
28 19 28 2 66884 1.069584553423769
29 6 15 10 41069 0.9819119952693791
29 6 10 1 69470 0.9117903258328691
23 19 19 2 56097 1.0828137779728149
2 23 26 12 67157 0.9929284271948552
26 18 20 23 25533 0.9312562317091165
27 18 16 26 39194 1.0976408141456528
4 23 18 23 36007 1.0252254770166307
15 18 5 17 25072 0.9956653900613938
11 19 5 9 55352 0.9388547960514113
3 9 20 21 64198 1.092754953638168
2 26 1 11 29693 0.988558838423377
0 16 15 19 43842 1.0779463231859485
10 9 13 2 41658 0.9220067577819091
10 5 18 21 61291 1.043788604876117
22 15 20 2 34143 0.915517566389278
17 14 7 6 40425 0.956359796142837
22 1 8 10 49270 1.0465532645435174
11 7 23 7 29115 1.0964984158972466
26 17 4 20 53660 0.9331162988209979
6 27 4 3 75310 0.9035632073124831
2 8 25 28 92601 1.01015990417876
29 5 4 3 82116 0.9485363341950699
20 20 28 3 68978 1.047312158137701
12 21 14 5 54063 1.0554183998347768
15 16 24 15 23120 1.0619615188415432
13 22 17 28 26019 1.0751764543820044
6 26 9 14 45290 1.092095145660405
16 8 21 27 50689 1.0471659171342993
20 22 25 5 59134 1.0786532838645058
2 24 27 0 99047 1.0535162963797546
28 11 0 7 70967 1.024551455664035
2 25 23 15 52955 0.9468315460417402
0 6 21 23 74541 1.050536469284515
6 22 19 26 43879 1.0732588799438354
21 16 4 29 61454 1.0625587589034786
20 16 17 0 41563 0.9299737006881517
12 14 5 25 45749 1.0511573353659194
10 0 18 6 40145 1.0706506172626116
28 23 9 4 77897 0.9817568015663621
24 17 12 23 35973 1.0538943133662437
10 6 16 17 37755 0.9899833483943128
0 28 28 2 114229 0.9958505427149671
6 14 21 20 37765 1.0224123549539463
11 21 28 20 63344 0.9693319743407851
24 9 2 8 50911 1.0926995837485651
4 21 2 29 23788 0.9841058860354762
6 27 7 1 91413 1.0705523741957887
23 3 28 23 65027 1.0551547346605459
10 10 3 18 34141 1.0027501272274786
4 11 7 21 48137 1.0945841232568947
10 28 15 15 45636 1.0777385855643835
25 24 2 19 69957 1.0429789290836395
8 25 13 0 81003 0.978861350664955
26 13 2 7 66519 0.9766548722547459
22 25 3 2 91401 0.9284380634014598
16 9 1 0 65737 1.0016791321711922
13 17 26 24 41365 1.0202460192579537
19 29 14 7 54805 0.9204412854244148
6 29 22 23 48238 1.031610088010353
25 8 22 15 33506 0.9511497815310477
6 14 20 6 48656 1.0315665092730335
16 29 11 16 38329 1.0149635525912537
0 16 24 4 69902 0.9307802257590867
12 5 18 14 36910 1.092976266509671
13 7 18 2 23699 0.9165416153516509
25 24 5 25 60130 1.0720636683194564
29 2 20 9 44572 0.9268140114815294
1 12 20 17 44804 0.9908404561754531
17 8 9 28 66480 0.991223201955395
11 20 29 0 96673 1.028602888844788
4 13 29 29 74130 1.0719800682862461
20 20 3 6 73204 1.0715872317943025
7 17 28 29 60163 0.9670492996819131
27 28 5 20 77736 0.9530056103002247
6 22 28 14 76774 1.0728652957809452
26 19 6 1 85395 1.032853155535341
16 23 23 11 43714 0.9221484090498523
9 10 17 22 38630 0.9471690635624477
16 0 19 7 24810 0.9951991387360398
23 27 1 17 71986 1.0890704085126628
18 15 0 1 67485 1.0766567123932118
18 23 5 12 53833 1.0219097184935821
13 20 27 17 37318 0.9506168947859761
23 6 29 20 55898 0.9885434084654217
6 6 23 11 52016 0.9636929136005096
6 18 0 13 22385 0.9397790588035407
7 21 13 26 38735 1.0972590723813442
6 24 12 20 36326 0.9127703026582926
1 9 14 1 61180 0.9643385077562467
16 22 26 3 71752 1.0448480488799812
9 0 19 19 71412 0.9011152405387403
29 17 13 1 68109 0.9354346284579708
4 19 29 26 73534 0.997333867077914
6 20 19 14 44244 0.9679548210968385
15 16 19 1 45991 1.0220273431112452
9 24 24 9 70467 0.9029594058488085
18 7 11 14 33106 0.9020080628932218
5 13 25 26 71055 0.9374229601388565
15 16 15 29 33527 1.020568277117163
17 2 11 24 64321 1.0358223658129708
6 17 19 5 52107 0.9307666691922875
15 4 24 25 67600 1.0870329968768295
18 29 15 21 29825 1.0701961273561456
15 27 17 6 55381 1.0254844746443712
0 9 2 26 36478 0.9254237583455214
10 21 20 2 78160 1.0303185676395887
14 18 29 8 58290 1.068415982231386
26 2 26 23 61017 1.0737184579703345
20 27 14 7 57277 0.9504363449910566
13 10 17 23 34175 1.0201068659466173
29 8 1 3 83965 1.0353988670454668
3 11 20 2 55315 1.008504320922759
24 6 5 8 53965 0.9083760612311137
17 25 6 22 37984 0.93070603211585
7 14 1 9 36047 0.9220938913848185
7 9 8 26 62548 1.0922472862552242
5 15 27 25 53881 0.9091588769433019
11 14 21 5 42196 1.0525285549734291
0 9 16 0 58316 0.9326850556484307
2 5 5 15 36380 1.0677041184356084
4 23 11 14 41640 1.068757316949089
1 25 8 22 29089 0.9119974107142208
18 6 1 2 47388 0.9860619033837049
17 24 0 28 52324 0.9771171470212243
22 7 21 25 41969 0.9698129401671034
5 26 8 5 77617 0.9276744868226944
4 12 8 1 52428 0.9486978038742222
9 18 21 14 31178 1.0522656233293515
