2946 2670 2762 2745 2819 2905 2698 2793 2801 2752 2972 2905 2936 2873 2777 5692 5785 5788 5779 5564 5576 5629 5747 5640 5714 5829 5762 5615 5783
6865 6701 6757 6702 6852 6751 6669 6801 6638 6735 6706 6577 6630 6577 6847 6802 6706 8215 8078 8095 8243 8107 8113 8037 8202 8020 8040 8088 8220
6515 6696 6584 6664 6537 6288 6297 6244 6170 6080 6200 6256 6146 6333 6351 6367 6083 6284 6286 6186 6214 6257 6323 6166 6290 6099 6142 6241 6068
3484 3573 3696 3709 3489 3611 3631 3513 3484 3679 3769 3643 3571 3691 3483 3594 3765 3690 3633 3713 3597 7017 6998 7159 7192 6973 7078 7226 7014
2142 2082 2340 2091 2133 2204 2272 2080 2156 2247 2068 2307 2352 2128 2070 2175 2097 2099 2259 2099 2233 2238 2337 2280 4401 4521 4582 4586 4530
7941 7853 7872 7984 7815 7867 8689 8824 8936 8901 8764 8921 8789 8946 8816 8926 8899 8788 8737 8933 8762 8657 8732 8743 8720 8840 8790 8762 8843
6351 6380 6548 6456 7275 7242 7437 7281 7385 7413 7503 7514 7389 7515 7401 7341 7299 7311 7521 7331 7304 7394 7326 7274 7524 7346 7424 7364 7510
7766 7860 7798 7885 7881 7680 7649 7871 7884 7760 7648 7884 7838 7633 7603 7903 7773 7692 7791 7769 7710 5431 5424 5503 5674 5711 5569 5607 5610
1565 1512 1524 8744 8499 8607 8710 8528 8493 8567 8578 8576 8762 8710 8497 8725 8572 8662 8598 8600 8714 8740 8552 8635 8507 8571 8600 8726 8516
4148 5298 5499 5534 5466 5489 5415 5545 5287 5464 5326 5328 5518 5453 5479 5370 5280 5578 5467 5552 5550 5285 5373 5454 5478 5326 5302 5509 5317
2121 2273 2172 2320 2237 2195 2273 2114 2370 2123 2189 4116 4316 4163 4212 4235 4337 4302 4079 4304 4139 4208 4060 4087 4143 4143 4269 4239 4198
8163 8021 8109 7994 7967 8093 8203 8151 7953 8190 7945 8040 8209 8120 7958 8124 8235 8039 8234 8161 8244 8154 8145 8171 2328 2235 2218 2213 2280
7510 7599 7758 7677 7641 7672 1606 1479 1478 1614 1435 1418 1536 1693 1597 1430 1440 1473 1466 1631 1629 1527 1580 1619 1426 1581 1524 1645 1717
4214 4197 5524 5338 5553 5321 5371 5318 5590 5594 5567 5575 5320 5340 5323 5373 5596 5531 5386 5311 5455 5510 5468 5472 5573 5544 5588 5570 5488
5646 5544 5680 5740 5619 5550 5666 8181 8121 8292 8132 8055 7992 8003 8083 8219 8048 8122 8217 8148 8105 8207 8232 8233 8149 8188 8014 8114 7990
7682 7858 7944 7878 7762 7813 7709 7653 2145 2082 2249 1972 2205 2205 2087 1987 2197 2204 2097 2205 1956 2035 2055 2095 1957 2127 2045 2187 1964
3699 3739 3721 3552 3613 3753 3721 3602 3612 3749 3774 3503 3685 3514 3781 3755 3538 3547 3735 3563 3755 3694 3678 3735 3595 3612 3670 3725 3733
6996 7158 7151 6990 7229 7094 7026 7093 7114 7281 7069 7167 7179 7093 7073 7185 2876 2824 2883 2775 3014 2869 2915 2735 2725 2878 2843 2861 2773
3111 3095 3073 3222 3109 3248 3172 3107 3032 2997 2980 3015 3119 3251 5395 5462 5585 5644 5612 5571 5413 5535 5498 5408 5549 5550 5476 5498 5459
3133 3279 3345 3169 3225 3268 3270 3252 3302 3153 3185 6693 6613 6605 6557 6496 6474 6469 6692 6563 6472 6675 6548 6752 6618 6560 6665 6511 6509
8435 8683 8664 8631 8482 8683 8519 8681 8634 8440 8525 8582 8707 8442 8448 8700 8507 6593 6452 6515 6487 6358 6488 6380 6477 6577 6305 6403 6463
8961 8866 8678 8920 8815 8909 8741 8668 8798 8724 8768 8860 8668 8894 8811 8726 8819 8858 8742 8678 8765 8933 8745 8812 8767 8840 5759 5758 5917
4220 4184 4301 4149 4196 4367 4374 4168 4186 4346 4201 4167 4253 4306 4132 4382 4125 4267 4203 8659 8862 8847 8666 8850 8909 8699 8949 8766 8866
3781 3998 3903 3923 3928 3770 3970 3852 3805 3928 3925 3776 3974 3856 3903 3903 4046 3808 5257 5311 5484 5306 5508 5503 5344 5376 5416 5286 5426
4476 4554 4486 4287 4325 7089 7058 7027 7061 6944 7113 7080 6888 7022 7053 6946 7033 6889 6863 7121 6978 6837 6852 6855 6989 6855 6937 7113 6919
2946 2971 2937 2836 3008 2744 2976 3010 2957 2779 2975 2969 2840 2739 2772 2898 2773 2882 2817 2820 2949 2784 2979 2993 2916 3018 2735 2917 2594
6771 6759 6931 6786 6954 6902 6715 6893 6808 6875 6971 6756 6770 6736 6769 6974 6773 6709 6833 6790 6899 6921 6790 6871 6801 3175 3036 3152 3132
5615 5670 5611 5589 5782 5743 5572 5615 5817 5779 7069 7107 7096 7078 7116 7173 7109 6965 7029 7107 7256 7179 7151 7110 7203 7172 7203 6984 6982
6400 6233 6155 6400 6347 6434 6396 6205 6139 6379 6431 6392 6223 6187 7956 7923 7864 7704 7859 7772 7972 7717 7968 7929 7936 7960 7925 7933 7881
3271 3448 3389 3465 3273 3391 3333 3315 3458 3469 3289 3451 3446 3520 3513 3384 3298 3389 3469 3540 3520 1421 1622 1433 1568 1428 1510 1542 1403
7935 3801 8062 1334 4815 8190 2988 3933 5112 1779 1780 4761 1593 7526 2255 3897 3771 7248 4903 5860 2805 1513 8228 6488 3892 7336 3833 1728 7375 2797
8124 3618 8021 1210 4705 8395 2913 3819 5193 1917 1927 4619 1397 7464 2293 4008 3832 7248 4740 5759 3010 1579 8073 6640 4085 1954 3919 1653 7558 2899
8195 3784 8102 1251 4649 8382 3049 3646 5147 1929 1894 4655 1553 7440 2173 3914 3536 7406 5004 5912 2792 1782 8211 6519 3931 1991 3876 1837 7568 2781
8169 3788 8165 1325 4925 8269 2810 3838 5384 1783 1910 4712 1324 7569 2412 4005 3764 7168 5028 5757 2900 1794 8078 6511 3805 2155 3885 6795 7302 2766
8015 3541 7984 1155 4773 8217 2821 3718 5400 1777 1666 4582 1583 7588 2257 3965 3704 7355 4950 5619 2854 1641 8192 6674 3536 1973 3807 6860 7481 2962
8098 3620 7991 1238 4670 3402 3037 3841 5411 1959 1740 4719 1611 7443 4505 3960 3747 7140 4946 5749 2849 1720 8304 6734 3719 2063 3999 6701 7507 2798
8023 3598 8166 1415 4698 3590 2919 3916 5390 1933 1664 4612 1572 7392 4606 4174 3617 7267 5139 5905 2875 1526 8083 6565 3582 2120 3879 6826 7325 2780
6322 3661 8193 1359 4862 3464 2980 1445 5128 1897 1921 4869 1329 7425 4500 3972 3717 7243 5127 5810 2896 1680 8241 6491 3723 2154 3736 6756 7394 2877
6297 3750 8074 1199 4918 3485 3044 1479 5372 1924 1920 4790 1554 7452 4586 4076 3809 7360 5088 5617 2922 1618 8131 6680 3560 2005 4020 6733 7500 2944
6214 3604 8153 1304 4657 3332 3052 1645 5119 1901 1948 4843 1602 7405 4546 3981 3805 7119 4975 5891 3645 1496 8161 6777 3684 2097 3795 6637 7338 2067
6277 3760 8208 1396 4804 3538 3051 1595 5411 1788 1722 4744 1378 7282 4338 3992 3741 7268 5153 5622 3800 1771 8335 6759 3718 2095 3826 6768 7307 2025
6310 3723 8161 1355 4759 3567 2938 1433 5316 1883 1833 4791 1549 7360 4379 3966 3811 7134 4985 5859 3762 1541 8309 6639 3705 2043 3989 6623 7504 2221
6452 3577 8061 1366 4848 3576 2880 1528 5338 1806 1891 4682 1457 7352 4484 3998 3616 7370 5005 5856 3633 1710 6934 4322 3646 2106 3843 6900 7493 1997
6384 3747 8147 1304 4763 3466 2917 1687 5198 1797 1917 4746 1412 7469 4520 4090 3563 7122 5094 5899 3587 1647 6960 4433 3692 1975 3788 6840 7337 2031
6265 3785 8011 1418 6966 3360 2815 1705 5356 1732 1713 4710 1352 7306 4425 4118 3734 7120 5029 5827 3590 6967 7103 4312 3655 2034 3944 6777 7304 1972
6184 3812 4344 1309 7087 3331 2907 1443 5219 1741 1899 4712 6166 7503 4530 4177 3568 7265 4964 5829 3630 6847 6898 4425 3607 2222 3760 6802 7379 2147
6431 3726 4236 1280 7048 3518 2979 1584 5136 1876 1772 4851 6162 7432 4505 4034 3608 7177 5027 5851 3839 6789 6885 4219 3660 2121 3857 6670 7322 2044
6418 3647 4265 1208 7062 3352 2804 1403 5241 1980 1892 4870 6117 7286 4327 4100 3559 7192 5084 5638 3689 7019 6979 4325 3758 2121 2983 6759 7528 2199
6390 3748 4210 1155 6901 3426 2915 1698 5279 2332 1693 4629 6157 7286 4330 4072 3828 7142 5162 8743 3627 7004 6814 4449 3571 2213 2989 6765 3919 2114
6340 3150 4236 1331 6943 3360 4876 1652 5389 2266 1696 4613 5960 7493 4385 4098 3762 7245 5075 8839 3666 6913 6903 4171 3678 2122 3014 6888 3940 2223
6303 3361 4301 1348 7104 3484 4770 1477 5276 2477 1904 4789 5924 7418 4555 4025 3753 7125 5198 8747 3653 6790 7100 4163 3562 1968 3131 6698 3791 2199
6367 3340 4433 1213 6892 3420 4968 1688 5215 2377 1820 4864 6029 7538 4513 3978 3795 7250 5023 8646 3712 6852 7049 4211 3636 2156 3080 6639 3983 2210
6449 3197 4408 1287 6896 3427 4744 1671 5351 2373 1743 4781 6144 7556 4588 4092 3826 7233 5233 8634 3742 7046 7019 4315 3668 2076 3091 6882 3980 2240
6457 3345 4276 1367 6993 3531 4928 1531 5181 2225 1782 4872 6127 7521 4470 4132 3682 7172 5234 8733 3686 6996 6850 4366 3516 2150 3065 6808 3758 2030
6250 3261 4245 2589 6877 3520 4958 1472 5152 2374 1883 4805 6054 7503 4440 7499 3195 7279 5194 8776 3596 6929 7032 4335 3628 2185 3243 6712 3835 2198
6397 3397 4308 2516 7134 3571 4804 1613 5122 2439 6459 4360 6027 7577 4481 7667 3319 7379 5084 8642 3741 6885 6822 4338 3605 2070 3153 6767 3888 2110
6407 3411 4228 2723 7080 3579 4888 1501 5127 2425 6506 4321 6113 7351 4560 7416 3318 7220 5051 8708 3584 7021 6893 4341 3583 2051 3185 6673 3855 2039
6204 3194 4492 2525 6896 3488 4761 1613 8507 2245 6692 4342 6154 7530 4585 7492 3113 5622 4945 8728 3829 6997 7091 4221 3765 2212 3212 6880 3774 2153
6443 3180 4447 2511 7085 3336 4820 1683 8406 2452 6651 4336 5900 7563 4485 7432 3409 5680 5038 8837 3777 6887 6959 4160 3746 2240 3212 6698 3772 2006
6 2 13 27 61354 1.006997896980093
2 2 1 16 48575 1.0127469640550761
1 18 22 1 79089 1.0706298349633003
4 3 23 15 63668 0.9100466796435538
7 18 24 28 74998 1.0813570624377218
24 5 0 3 39739 1.096147831082495
20 12 27 27 80383 0.9934292960793099
7 22 25 26 50156 0.9056967582669351
22 1 22 19 74529 0.9464405298913114
21 23 24 3 77323 0.9802972455087307
17 0 3 26 90218 0.9194446905053563
6 15 1 6 36377 1.0438562608073538
2 23 1 9 47919 1.0666423777854546
18 22 11 18 39223 0.9452618393975836
25 10 20 25 53641 1.0417664564367775
24 9 20 22 64872 0.9357883757805995
4 3 14 11 35157 0.9667824271399361
18 2 27 9 35758 0.961578558649103
16 4 7 19 61934 1.0375963089574984
17 29 9 2 62985 0.9179854124709885
15 26 20 11 48687 0.9642735433710236
5 4 16 10 38543 0.971221601393528
14 12 3 7 29743 1.0698549264523531
12 24 1 23 39094 1.0810068618791877
2 10 29 0 67966 1.045099310872144
24 19 12 5 71895 0.9563108782869915
10 26 9 17 38532 1.0736988678709343
21 20 8 6 62333 0.9331778309946085
22 22 13 17 63481 1.0903406046103448
18 4 9 1 21907 0.9014465349611653
15 23 18 15 29047 1.0053212768329975
13 2 1 29 84752 1.09951873156993
25 6 10 1 33959 1.0242189682354876
12 22 29 7 49795 0.9445388472168517
7 5 29 20 89267 0.9003080723969361
23 26 15 23 26427 1.010558119136112
15 15 20 20 29141 0.9454448830093446
26 24 16 28 36640 1.073995635730431
12 19 11 2 39617 1.0668601725542375
2 13 3 27 52690 1.0185868295642382
2 27 15 10 61358 0.9712369700843833
12 20 12 4 36609 1.0910004396569992
7 6 26 15 64515 1.0274103276043243
9 2 28 25 80109 0.9681650831329554
28 21 25 6 59333 1.0524012106885832
12 2 16 15 44881 0.9130170861905654
1 1 23 2 42896 0.9981242408982893
17 22 29 18 50512 0.9514590703710785
29 17 23 8 44833 0.9409644035949908
1 27 29 10 96904 1.0751522403991693
15 0 6 20 75701 1.0742301942322652
17 19 28 2 78954 1.0159567223046464
24 4 22 23 72524 1.0858572269414866
28 24 21 4 84392 0.9840184672150422
11 28 7 12 36168 0.9235183756469375
27 4 27 17 58337 0.9042929269016188
29 27 17 23 33962 1.0512643857656072
17 19 24 9 49036 1.0633385529482393
14 19 17 0 67296 0.9616751850584251
25 1 0 16 74207 1.0870400547199874
6 10 19 24 54420 1.0895244111169535
26 28 22 11 64148 1.0221202771394453
8 9 5 1 28465 0.9559808951529524
11 8 4 20 40382 1.0553490105190173
18 15 9 0 54703 0.9660877744586684
6 1 29 8 55013 0.9139584523968659
1 10 18 24 59272 0.9036071359665631
14 7 8 11 23163 1.0391527226488173
0 6 17 27 70726 1.074216575962256
23 7 3 0 48953 1.0108291003862364
11 5 4 20 47126 0.9561327468147001
18 28 19 17 52741 1.0979525616420087
24 13 24 0 50242 1.0449905707612364
11 15 4 6 34100 1.0973469989098072
12 23 20 2 55263 0.9576682486363638
28 28 26 13 58724 0.9820362791488588
6 26 5 7 56726 0.9384270574237523
3 8 12 7 23286 0.9098069100563451
16 0 24 13 60534 1.0251171395890324
28 5 28 17 49883 1.0796063515656695
3 29 10 11 56997 0.9917796281442457
13 16 2 13 31073 1.0949551922668452
15 22 6 12 34383 1.030367288910932
3 1 17 21 67248 1.0407635923372125
6 2 28 4 46915 1.0922657691572357
4 26 19 5 66128 1.0127646975759865
17 3 25 9 29029 0.9515966425058666
9 21 28 27 56618 0.9527361612487589
1 5 22 23 98115 0.9838201987009252
13 18 0 0 54819 1.080951938479301
17 5 0 4 34366 1.0638679058079268
20 22 0 22 66793 0.9084909060413986
12 18 22 2 48042 0.9089537918135033
5 28 21 2 95106 1.0835840453650811
14 12 18 1 38310 0.975747928009884
3 24 29 13 90001 0.9533196569696998
19 28 13 20 38894 1.0615185206750835
29 9 22 21 60637 0.9167328668198035
11 26 2 5 61780 1.0827574232041592
23 11 22 23 56915 1.0541069121966953
14 1 5 0 38894 1.0147508738800939
11 29 6 9 44528 1.0266606709278432
13 17 3 2 47234 1.0425129219930607
2 1 20 9 50204 0.962170297247719
8 26 25 19 60471 1.070584983040951
24 13 18 5 42642 0.9943341603856743
18 1 22 26 84273 1.089524871372169
6 14 14 0 60761 1.0869284503433159
26 8 29 16 38002 1.0020640754651986
27 24 16 5 77774 1.0995612704537134
10 12 0 12 15118 1.0409320906566488
13 23 22 13 54995 0.9691935687920538
28 5 14 17 63387 1.0357985496504831
15 16 8 27 48300 1.0514063103237363
14 23 4 16 35642 0.9462366714689732
11 25 22 28 37336 1.0219106278264722
18 22 29 13 71498 1.0530121136170405
19 14 28 15 48533 0.9730297588872902
5 22 25 1 79339 0.9180623150949351
9 9 13 27 40091 1.0722806904779985
1 25 24 21 68700 0.9314018619803253
0 21 16 1 68641 1.056089789651876
5 10 21 18 61701 1.0722309364322455
27 12 2 22 81263 1.0774167314848302
25 5 1 14 57219 1.016253883687311
4 4 18 0 29676 1.0990213783206262
13 28 3 15 48355 0.9215684517764362
20 28 26 4 93529 0.9708475360344256
5 15 29 8 60381 0.916586951812551
16 5 2 18 56392 1.0865728280612355
11 25 17 12 38639 1.0301995371523631
24 2 7 13 56962 0.9967661034321637
4 25 11 13 42421 1.088490106225488
27 26 19 2 84326 1.0415012216143666
8 0 4 9 22704 1.0208153673067002
1 15 15 16 43088 1.0296705188858546
6 7 15 12 23158 1.0996314665824716
19 22 10 9 56691 0.9819092312213004
8 21 3 8 37968 0.9491427724620763
10 0 1 16 53651 0.9324590897792456
17 6 1 29 76121 1.0108331632056458
23 25 22 14 49252 1.0108745885327701
4 14 25 5 50341 0.9300893856700817
15 26 20 21 37163 1.0975984390833549
11 1 18 21 65661 1.0184764269686084
28 12 10 26 76999 0.9876572272708815
29 28 14 21 49496 0.9611538225477102
25 1 10 4 29154 0.9186773062820875
3 26 19 2 79028 1.0632545374955735
18 24 10 9 45126 1.0071982955934413
1 24 0 6 60510 0.9894556871674216
11 22 29 13 76043 0.9609629243017737
15 4 19 27 77519 0.9921292075765337
0 20 22 28 66682 0.9364672072247766
17 15 3 12 32431 0.9785157498704462
27 26 17 27 31142 1.0875394827981661
9 28 4 6 63452 1.0243622104965793
24 22 2 18 79137 1.0329564936066176
3 12 12 16 19758 1.0988806737827892
0 24 23 13 83924 0.9193241067487599
0 17 19 20 69433 0.9810225369581433
21 27 10 22 44884 0.9306822249633182
19 17 7 28 69952 0.9375373864737427
28 7 12 20 44956 1.0967080646282408
9 27 26 0 91688 0.9929807176541993
19 13 1 13 53419 1.0446837694200044
22 15 2 3 66126 1.0677461538561788
12 10 29 28 63402 1.0370857953066783
12 22 3 23 25606 1.0522046919617831
29 21 17 3 77533 0.9302346910092166
29 27 12 11 60425 0.9258653998842636
12 3 29 5 35188 1.0739766462566838
10 17 2 12 33200 0.9784702137308623
13 27 13 3 53646 0.9840371345911768
14 24 23 13 59298 1.0362413885231565
17 3 0 26 83455 0.9467442875337579
25 12 12 12 32402 0.9815566573106886
23 29 17 5 74669 0.9038649930956213
3 20 24 26 55833 0.9825460259350666
16 2 12 8 25401 1.0754913264853314
28 4 2 14 71383 0.9604447117498194
19 22 8 5 70290 1.097557412124879
4 14 21 5 48512 1.060073789146335
8 10 24 29 62196 1.0335124674239413
18 20 7 29 45972 1.0738254595320207
4 7 21 12 53491 1.0824362855061966
14 21 28 11 59708 0.9274613931765155
15 25 20 18 38546 0.9644751072999804
21 19 7 23 62023 0.9664126772277648
18 4 3 28 83271 0.9566093894759038
10 16 22 22 67246 1.0587630836551711
2 20 24 7 61304 0.9419529053552604
12 19 1 22 29515 0.9499670311886967
17 9 25 26 61557 0.9349171265895554
6 25 26 2 79333 1.008088150722163
1 21 27 16 79913 1.0802739539085044
24 2 12 18 50881 1.0647269372552557
3 22 17 23 43874 1.0056615625048264
23 26 9 19 50552 1.0487210359049857
22 27 9 0 89203 0.9813284992660929
14 27 2 21 39566 1.0251648359289982
25 11 10 27 61853 0.929004401247395
4 25 23 2 76359 1.0708824928664675
28 18 16 13 64793 0.9560490950530027
15 17 3 6 43020 0.9519055919370256
22 28 22 16 56859 0.9739162962273242
25 28 6 5 84957 1.0128731617127376
2 11 20 2 52229 1.054686745281551
1 24 29 16 90134 1.0555932599000604
2 7 26 18 79918 0.9134718311994637
1 12 29 17 76560 0.9156020033397461
9 29 24 12 69448 0.9734740018102411
26 6 1 13 58825 1.0278173957240833
7 2 24 23 88877 0.9306776683030024
2 26 2 15 42382 0.9323029824726443
27 21 6 11 85182 1.0585591090285362
9 18 24 2 65994 1.097925136797469
2 22 6 3 51296 0.9898342537124729
13 16 2 4 46259 0.9799397921586643
14 11 7 22 38278 0.9383071787272926
29 11 14 23 68948 1.0119254110498728
24 3 2 29 89961 0.9794674700969546
22 19 8 20 59414 1.0291760066387738
22 9 5 0 57643 0.9491107078470192
29 2 20 19 84968 1.0748847888224433
20 2 1 9 45607 1.0042459447813297
11 12 3 15 21004 0.9425578670423803
22 3 19 16 53984 1.0916294603250203
15 12 13 25 26374 1.066870098815877
26 18 11 25 54834 0.9865277724289754
10 25 7 12 31597 1.063292055531467
23 9 25 21 38812 1.036967027888962
17 8 7 17 53203 1.0754323183072194
0 22 17 16 51018 0.9208226011808099
27 11 7 17 71026 0.9901673021103161
16 14 29 5 51302 0.9507330979436611
29 18 13 14 69441 1.044572063781044
24 25 27 3 70840 0.921640069072722
1 26 14 16 51640 0.9579247314938282
29 27 23 0 90565 0.9616980789641874
20 13 26 0 68546 1.0180976581622947
24 27 15 18 46777 0.9354998581544408
3 5 16 12 42116 1.0714197602283142
26 17 14 19 58993 1.063808770066221
27 7 20 2 31146 1.0521610360523663
4 17 3 3 31705 0.9637713590417228
28 2 5 15 72588 1.024288155696849
11 19 1 21 27267 0.9712112610350514
8 21 29 15 75244 1.0015761584723475
4 20 22 1 68675 0.9682441300147894
6 8 23 24 71683 0.9367523866674443
2 4 18 23 76677 0.9423945381636695
28 14 14 12 48806 1.0033773521048237
25 7 0 8 48767 0.9395784780740297
8 18 17 29 47737 1.0373182583871412
18 13 8 13 37896 0.9515888920439838
6 5 25 12 55487 1.0198622102634438
18 3 28 16 57543 1.0517057237415137
3 29 6 14 54035 1.0093585486203436
9 3 17 18 46362 1.0368035315932649
4 11 15 12 18706 1.0734948749299016
25 29 3 22 62027 1.0590931718948693
15 3 28 3 21851 1.0673866588006757
16 7 13 17 28853 1.0095239652601236
23 27 6 2 85255 1.0102601148831025
19 25 5 24 38089 0.9930005851538372
11 10 17 18 30267 0.9010807038488801
15 26 22 17 50926 1.0059415780505527
11 22 20 11 47018 0.9896857365578108
28 6 0 5 61967 1.0374197272326884
16 10 23 23 61251 1.0011853591219262
1 19 11 3 61232 0.9221218260904066
29 27 11 12 60556 1.0913372885210113
13 9 5 0 39065 0.9016598787938128
5 29 24 2 85938 0.937349530919245
12 0 3 7 39361 1.0176142043467924
16 3 24 0 23705 1.0729409775562713
16 5 22 19 64746 0.9086826069614525
22 7 9 0 40115 1.0617492837912152
5 28 21 15 84219 0.9817280336103129
11 12 7 26 37701 1.0485833432098768
10 6 16 1 22360 1.079241243363298
14 12 26 15 45619 1.062809415131036
13 5 1 6 37878 0.9239674713744903
19 18 2 0 81483 0.9063592827165975
29 0 17 12 62417 1.0976824969038177
2 6 16 11 40222 0.9597392337322304
9 18 11 8 35543 0.9119431904034707
3 5 24 14 69158 0.9798174547139924
26 23 29 12 46844 0.9404594474027823
27 24 25 5 61844 0.9868599115567924
11 28 23 2 68518 0.9877232251126733
17 3 5 16 49085 1.028051859163686
24 18 5 19 80584 1.0122760546425933
16 24 4 8 52682 1.0593080450541446
22 1 9 24 72785 0.9652103085128785
16 25 0 12 46429 1.0332025461734022
5 27 28 19 89342 1.0017270967108691
14 27 9 19 38907 1.056621910113037
6 14 26 23 78635 0.9079721718389749
22 20 16 28 45733 0.949797359846946
4 11 12 28 39282 1.053674280009381
3 27 15 20 48247 1.0215181699195184
3 0 25 6 48878 0.9190415298900959
24 21 12 2 84606 0.9503660352883108
13 2 17 23 65083 1.003153703610343
11 18 11 1 41836 0.9697204186690866
1 1 24 12 72415 1.0126713909229608
29 25 2 19 69278 0.9750475552755988
24 24 16 13 56778 0.9403137423333721
5 2 13 28 66154 0.9874438492772315
18 28 28 25 37104 0.9396842833899332
9 15 24 5 52996 0.9977585372885074
4 24 20 13 71573 0.9790687830236898
10 2 26 9 43068 1.0520689327078887
17 13 17 28 51276 0.9924308792970506
1 21 13 26 29724 1.0409894412791023
19 12 5 27 77762 0.9414053528748827
19 29 18 19 38339 1.0337967153396426
28 23 9 16 68331 1.0497954049228766
14 20 24 7 45977 0.9151211604644195
2 1 15 29 71655 0.9072420623291011
0 5 27 17 89522 0.919595997404003
7 0 23 15 69424 1.0856307844806972
8 2 3 19 47186 0.9240778006017857
26 7 4 25 66173 1.0836280146955037
12 26 19 17 47322 1.0039485463413875
20 23 14 15 42443 0.9976763699709479
12 10 27 0 55005 1.0309727876148407
25 2 4 14 55571 0.9866013099503241
21 0 24 26 93992 1.0789126043532022
28 19 5 19 86231 0.9083030249651555
15 3 25 17 54363 0.9733167046710773
18 15 1 3 53962 1.0820221806956312
1 17 5 23 39874 0.9467428489603137
23 11 16 21 47137 0.9463348831781294
6 15 19 25 54174 1.0387175664500934
18 13 18 28 59393 1.013886348638797
8 20 19 8 47428 0.9187529713626834
8 2 13 28 55794 1.0168219518297734
25 26 15 15 45140 0.9659736140021224
20 17 3 15 62090 1.0014408003290884
14 10 28 19 65584 1.0641435997739754
7 13 5 1 40125 0.9229197006276414
2 15 15 16 39172 1.0168988955874345
18 27 26 9 70488 1.02247735212727
20 1 2 1 41229 0.9952326893384673
27 14 27 24 44896 1.0501426929492732
12 6 4 12 21208 0.9774878693759902
12 11 20 3 30593 1.0331703417070954
27 21 12 19 62439 1.0229781826060804
14 18 25 20 46171 1.00407236237544
7 10 18 13 29542 0.9010599340583723
14 23 4 3 52904 1.0371489869584558
17 8 6 0 46242 1.0591376150888956
1 3 9 25 57215 0.9200590689569641
18 23 1 2 77980 1.0998743674031095
7 18 2 4 54997 1.037461569005711
22 25 24 14 42434 1.0289755320071243
16 23 29 6 66629 1.0992554163883141
5 15 28 5 67014 0.9561758769294144
8 28 11 13 50111 1.0329437913194022
18 24 28 10 74925 1.0276643585022058
9 11 17 4 39082 0.9698364979748031
27 23 15 0 96307 1.0441506155445832
1 9 25 2 50098 1.0619767992918947
2 3 0 14 33743 0.9623695186553648
17 19 4 21 35517 1.035868744883703
12 10 18 17 31878 1.008894984471466
7 10 24 22 74199 0.916305321126239
0 23 21 26 62642 0.9893342727749171
2 7 26 12 63957 0.964175541938234
12 29 29 10 68781 1.0202171301928686
7 18 12 12 34497 0.9411215475835665
8 4 8 26 62360 1.0770010380011794
0 3 11 12 33816 1.0324437531821866
25 25 11 15 46636 1.0292994093856196
25 13 10 22 56657 0.9946577110500867
26 22 7 21 57417 0.9117002040230716
3 17 27 11 66546 1.0576599966765963
12 1 26 25 80971 0.9009539491776422
27 8 12 13 38228 1.0063490880954389
14 7 2 22 47360 0.9049136300156378
23 27 12 21 40058 0.9014281823986414
17 6 5 3 28560 0.9112857128454313
7 7 28 18 73701 1.0237770726667574
20 7 2 29 72859 0.9208367828834321
4 1 20 6 38421 0.9188648793585236
25 15 22 29 46543 1.009595246178298
7 24 29 5 77212 1.073464436484353
5 26 24 3 80690 0.9591028032598499
5 5 9 12 31200 0.9064728847972247
17 21 12 26 23283 0.9385181151693777
26 2 1 22 86922 1.0648351106026044
0 25 26 12 88462 1.0261769579408724
9 11 0 2 37302 1.0313989108373423
0 11 25 7 48913 0.9843178074756053
21 18 20 28 64404 0.998113158880467
26 1 13 26 74303 0.9876667767742734
5 27 12 24 33633 0.9691062571153177
24 19 11 17 62879 1.0344307110441735
13 2 27 5 35327 0.9993419978818341
19 18 27 1 84218 1.026807145903125
27 27 6 14 83342 1.09956538575576
5 17 19 12 55863 0.9373279779299387
5 29 1 3 75159 0.9776041278081428
6 0 4 27 77363 1.0922303349451268
10 9 17 22 42898 1.0322960631801137
16 24 1 0 80091 0.9775209657780434
0 27 19 2 90390 0.9045987820604361
0 4 2 25 62337 1.0726175139260086
13 25 10 12 25080 1.021378578212207
19 19 29 26 53240 1.072097372675439
27 17 13 22 75105 0.9727523574719926
13 27 28 28 49536 1.0305549026544023
8 17 18 5 53188 1.0078392506737557
23 12 6 13 46867 1.0655134147670706
26 6 2 29 88478 1.0963989975694708
15 22 28 4 73111 1.0381353784202476
18 18 24 23 49540 1.0648133570076617
9 11 25 1 49498 1.0552235422628307
19 1 12 23 54306 0.9176683746961635
24 11 7 25 62031 0.9045312285682804
15 13 1 15 36809 1.0106303976165
21 8 29 4 30464 1.0560964336553793
1 11 25 0 65070 1.016661822605252
17 18 29 21 51524 1.0943444856687792
8 18 23 3 65229 1.0003584504402074
2 8 11 14 36290 0.9701869559575049
15 1 20 26 81266 1.0296776302141426
1 10 16 11 31339 1.0046895952591037
14 29 4 1 62111 0.9654759192032547
2 27 0 6 69477 0.9859846083132527
20 29 13 24 28266 1.0288106811659052
11 15 4 25 35737 0.9787669029933661
26 18 21 25 33909 1.0733976368502174
9 27 9 13 46957 0.9040505151064525
22 23 27 9 57856 1.0010524343499614
13 21 28 29 48235 1.0159460557381883
14 21 4 14 31382 0.9822148488968042
0 12 28 21 87045 0.9606442395634609
27 13 2 22 86891 1.0838428776504339
28 24 6 25 53832 0.9103353720771303
27 12 19 4 46084 1.0590870025389176
26 3 10 10 39074 0.9443678322531487
8 8 17 21 52347 0.9790044743525805
9 28 8 2 61648 1.0074222264444597
6 29 11 23 31065 0.9877231558295575
1 29 18 15 74589 1.0008474761447625
2 23 8 16 41728 0.9041858256854841
27 24 6 3 82354 1.0240751112798376
22 11 0 29 83682 0.9699661956993394
23 24 24 14 40251 1.0059019559288533
9 21 26 7 48279 0.9912615147124243
24 26 26 5 67404 0.981151738187751
24 17 13 18 54938 1.0060714575083776
9 7 20 26 54466 1.0544708578272004
27 9 3 5 59135 1.0364259421944855
13 6 13 24 34177 1.0427160740360364
22 27 10 13 64772 1.0419281827709588
10 11 26 26 59784 0.9472012611373511
2 11 24 26 72913 1.0057982258700626
8 16 8 0 48003 0.9637188815890797
14 18 23 28 50554 0.9728115916526673
16 10 3 25 49025 0.9853130843513038
22 28 15 20 41247 0.9769525241112755
2 7 23 8 47944 0.9186876162787827
7 12 6 29 48840 0.9869704857633324
25 17 8 22 71907 1.0048900931727753
12 16 15 24 21863 1.0857267996909328
6 13 27 9 50474 0.9770171088121481
29 14 10 5 58393 0.9258191187103307
19 1 29 1 32836 1.0758829454792413
21 16 20 5 54261 0.9150639047005422
12 18 7 4 40393 1.0196280290281705
21 15 6 3 59978 0.972125886985284
7 0 22 26 81483 1.0404149932611646
21 10 24 26 56595 1.0112274837021693
26 26 29 3 76969 0.9060007795170026
4 9 20 7 30719 1.0596919931104996
27 3 20 26 85767 1.0889772142091703
12 15 21 26 40674 0.9598651972297669
21 15 2 22 67871 1.0735277177947524
27 13 11 14 57778 0.9649164020468914
1 12 12 2 42011 0.9950774126379832
12 23 15 7 29346 1.0756664972408396
29 3 13 8 44201 0.9665131444250119
24 29 13 1 85235 0.9364664537689548
26 7 14 24 55535 0.9973968657466794
15 19 19 7 34719 1.090573808692066
4 17 28 10 65725 1.0959385309774796
2 2 21 23 89380 0.9764955050421991
2 8 14 6 35304 1.04062983788446
23 11 16 26 55684 0.9577517709831107
27 25 29 7 58557 1.0007155271899775
27 25 19 20 40797 0.9783197611073122
15 18 20 28 39913 0.9355374909145832
19 15 8 27 66670 1.0965354146214357
25 8 10 11 33864 0.9005315883476026
6 28 5 14 54715 1.014719693566155
21 27 27 8 77822 1.0371905769512801
8 5 25 10 42489 1.0224970942555502
4 7 22 20 70260 0.9427959817477375
7 27 21 19 68669 1.0174096447054481
26 6 6 29 77171 0.9586363242812591
14 4 12 26 47624 0.9154269243022272
24 7 10 14 37897 0.9063396436003118
18 9 18 27 54865 0.9207140487036287
29 24 5 12 68232 0.9831657375385976
28 0 1 4 61394 0.9986462280828603
20 10 22 23 59345 1.0082458609096892
6 24 12 20 27431 0.9701385190502487
17 0 3 15 63341 1.0430365298453856
28 13 12 10 52218 0.946418351770046
9 15 4 4 41566 0.9800725655462177
7 23 19 20 46026 1.0515608440155149
23 10 1 24 68357 1.0371035507525612
2 14 21 0 70180 0.9559890658379376
13 2 9 25 55400 1.0652685052465523
5 5 23 16 72617 1.0626969840914482
7 29 12 7 46072 1.0491569604886588
29 5 2 8 61574 1.0929321808626016
18 28 29 12 71987 0.9889450393629005
13 0 26 17 78339 1.001133963346791
28 20 12 2 85882 1.0141596375175073
24 29 14 29 21378 1.0925106582892585
0 0 26 13 77758 0.9059093940278335
16 10 23 6 24956 0.9730447132993761
15 23 25 16 51299 1.0868149402407679
16 28 22 4 74620 0.9940346798709859
21 16 0 20 65867 0.997777656174297
16 29 6 25 27128 1.0421880324063528
21 27 4 26 52283 0.9118037839702625
29 18 25 9 39818 1.054093489536131
1 18 9 26 48260 0.9706948292407525
2 22 9 0 64968 0.9831776855292748
22 0 11 10 45742 1.0876946596847559
10 25 22 22 50041 1.077337610493218
3 2 22 4 32523 0.9289367370009465
0 20 22 26 59922 1.0385052584746879
3 21 16 9 40225 0.9877630224003657
23 11 12 18 35887 0.9529303976872081
5 4 5 28 74178 1.0411481038455983
13 26 6 18 41056 1.0185346822050636
10 21 25 19 54354 0.966061431903858
4 2 29 17 83053 0.931599451189442
21 20 4 3 70659 1.0995395930216454
17 28 13 21 26902 1.0482151422501098
13 24 18 4 48570 0.9979894269051566
13 21 9 2 41885 1.0083092434713052
27 6 27 28 74999 0.9570909951274988
28 25 8 9 65792 0.9299488106258099
12 2 27 28 92770 1.0252564997186826
11 14 17 4 39530 0.9561886555618274
6 16 13 29 44755 1.023495168439854
3 5 27 14 73759 1.044510517682279
20 2 17 18 60886 1.0412560760250955
4 6 13 9 23376 1.0370850784378125
6 8 1 18 45436 1.080815665227736
10 10 17 23 42373 0.9924301940194348
29 19 21 24 38660 1.038469720217587
9 7 4 23 43560 1.0994002545349075
26 21 17 17 47687 1.0993353638298795
0 25 11 16 47588 1.0207476999262313
28 1 24 29 92788 0.9846550275898502
15 26 10 6 41014 1.010247134912885
7 21 7 2 53138 1.0570782881917413
13 6 4 1 27713 0.9745667340576131
9 3 5 20 46057 0.9567350636329227
9 10 0 14 24962 1.029514037324575
1 25 11 4 64658 1.094352428949851
12 7 5 27 59678 0.9121311359056978
19 14 13 9 27869 0.9208614451227595
25 11 13 13 33364 1.0904599412619442
19 22 2 9 71065 1.0991125438070046
2 0 12 8 39711 1.013740147766092
10 18 16 9 30850 1.0931179173580907
4 28 15 23 40406 1.0269282810167613
10 17 6 27 52602 1.0101478120032843
22 15 25 6 38189 1.0012303631017727
11 9 25 16 44295 1.0341342602817085
16 25 6 21 24121 1.076992440903549
27 25 6 7 70554 0.9615310200374998
21 2 4 18 63297 1.0527635551109487
28 19 2 6 98420 0.9999910477084539
0 19 19 6 66438 1.0926178441800045
16 17 17 3 46767 1.0869121145365308
8 19 15 7 45968 1.0113776791701594
2 4 4 13 29393 0.9804255238494384
6 9 5 29 60019 0.9186849633319422
4 16 17 3 45381 0.984763315064522
9 23 16 13 43290 0.9280012568864419
10 10 21 18 52508 1.0231375186863603
16 27 15 11 38761 0.9513429378994578
25 27 13 19 48470 0.9529520638956327
29 4 17 6 33572 1.0577584286168906
14 20 25 15 51767 1.0235565365186325
25 9 15 10 20863 1.056974168295171
23 6 16 19 51006 1.0942370260551608
27 17 2 6 83572 0.9064646018454775
11 14 22 16 44192 0.9104601540868469
12 23 5 2 50866 0.9212259116028251
10 8 13 26 35979 0.9235955397051981
7 4 3 26 70425 0.9730083052197632
15 14 13 24 28265 0.977486602056127
26 26 2 19 65950 1.0077316785944828
29 5 13 11 44361 0.9509773208724864
25 10 15 17 32986 0.9832760559215854
12 5 19 26 56057 0.96336859096219
9 24 26 20 57524 1.0501173408486653
21 20 16 2 72909 1.0291801510282292
29 13 1 16 84488 0.9021542145415827
19 23 11 4 66700 1.0255087142397945
28 4 16 25 79052 1.0704614381376967
26 27 17 1 91802 0.9151265828851616
21 8 22 20 58661 1.0173960158566064
2 25 27 18 78538 0.9178753704559627
0 13 28 21 89981 1.0944892753257995
28 5 25 17 45070 1.035744307285005
28 27 8 15 76894 1.0074848159337768
17 14 5 15 40359 1.0543213499546218
17 10 5 19 45022 0.954264036121408
2 16 25 3 64179 0.920237157845347
25 28 16 2 87512 1.0921265925003663
16 10 27 11 27841 0.972161314327329
28 9 29 24 48216 0.9343796921947942
13 20 9 27 28277 1.0382850343515762
21 13 26 3 48393 0.9113182388773615
3 29 2 13 58191 0.9543722452907244
13 3 16 20 48632 1.018433520028585
21 21 16 5 70788 0.914118453090088
17 22 5 19 47929 0.9064630308145836
19 17 29 15 45030 1.099540991520745
1 27 21 0 107413 1.0728235742932923
15 10 23 20 50966 1.072956961422431
12 0 7 26 74782 1.0141386327427302
7 18 18 12 54429 1.0188106368460885
15 18 15 3 43422 1.0834526042378507
12 18 22 8 36626 0.9720245492817376
24 1 28 9 33809 1.0134443614596258
6 27 17 26 40620 1.0166031019652286
27 5 5 8 57587 0.9922270578864085
1 21 13 0 69572 0.9001802700368026
17 2 10 19 57698 0.97053174933307
14 12 0 2 37898 0.9066460594849587
6 29 2 23 40581 1.0952280637106135
6 3 17 27 60980 1.0677672550029618
10 11 19 15 34144 1.0449477352644303
4 29 6 19 44742 0.9621364997304165
13 1 2 27 86299 0.9216652724434529
9 11 16 6 25242 1.0245966630908967
1 3 2 23 59012 1.0912599837404928
4 27 18 14 67693 0.9152044499825439
25 5 8 11 46207 1.044543652461812
21 0 18 20 82386 1.0708241024281757
11 21 2 25 26854 1.0015171284181466
4 21 17 2 62470 1.04938221625117
28 24 0 27 77636 1.087091662527974
23 20 7 7 65987 0.9657305560809769
25 2 23 13 38587 1.063908963133742
18 2 22 23 83886 0.9815046848583534
24 25 9 20 41774 0.932221021240772
3 6 14 0 39199 1.0653919230740978
21 8 11 20 46297 0.9238762545040187
13 23 15 9 31126 0.9196707398753589
0 7 11 29 60537 0.9422358870053099
22 5 12 19 42665 1.0869864303494101
26 2 27 17 58494 0.915307184946097
5 24 24 10 61854 1.0932432937346621
13 27 27 22 58214 0.9292821879437605
15 0 0 18 84437 1.0206873812593211
29 5 1 12 57549 0.9972848418036517
6 24 11 8 50958 1.0725332505459506
19 24 2 20 47582 1.053973387434838
15 14 5 20 40606 0.904595330023709
10 6 25 17 53443 1.0188671412638413
5 1 1 19 60129 0.9092071833659051
5 23 21 14 73400 0.904926484540266
9 8 9 25 41608 1.040774893615448
6 22 12 16 24665 0.9982187836829639
0 22 23 8 67997 1.0876723199649465
29 10 15 17 48795 0.9366414554297899
2 5 17 13 58816 0.9776426209967237
29 4 14 19 66444 0.9878733160853236
20 8 16 27 59712 0.9354220684801491
13 4 6 14 46204 1.092234349443438
21 7 6 29 63029 1.0822322771927595
13 1 15 20 54723 1.0040403399581648
25 10 2 21 56922 0.9473195354106327
24 22 10 7 72454 0.9560152138920499
25 10 19 3 29445 0.938222258834448
18 10 3 2 40399 1.0904139990152395
24 21 16 13 58769 1.0314226281236245
28 13 18 1 62423 0.9491994992585745
3 26 17 29 41614 1.079744882831192
12 24 19 3 49301 1.0886435583213843
19 6 15 20 40194 1.0663046617999867
1 15 23 5 63083 1.073132705648868
27 6 19 17 62535 1.0872204356213866
2 29 8 7 66311 1.0649012575445373
15 15 27 11 40458 1.0659598597042195
6 14 13 26 46363 0.9987642279057491
0 21 20 4 68734 0.9371139511775448
6 21 27 6 60176 1.053164523534246
14 6 2 14 36070 0.9954097469191363
10 25 26 10 57102 1.0000395026466244
4 13 14 14 26763 0.9662970270195503
18 29 22 21 54917 0.9740132020649939
19 3 4 8 30241 1.0531686363297366
10 6 6 23 50972 0.9074323718168658
6 21 26 4 67352 1.033305175887516
4 25 26 29 52731 1.0150788038815155
6 16 23 12 58848 0.9781112980102732
11 12 9 24 31277 1.089477237446519
23 26 5 14 64924 1.0819808906691368
9 3 3 10 23459 1.0124798232806334
20 16 2 28 81785 0.9014606679499675
11 9 1 28 69075 1.004316307364899
14 1 15 14 44753 1.0631377515264893
13 22 29 11 66671 1.004485121173082
2 8 0 29 76734 1.0281553530692402
3 2 21 14 66034 1.0032647079303825
15 21 29 26 39477 1.0798326555074587
11 9 2 19 45377 0.9322411978326747
14 24 15 12 28983 1.0697916362848412
11 25 17 8 42381 0.9966466766225011
1 19 16 5 66047 0.9305908954922243
1 7 14 15 47253 1.023691577821215
19 29 23 18 55050 1.0640028191771642
12 19 1 10 32919 1.047711342691338
23 10 11 7 25944 1.094148950010165
6 4 18 28 75573 1.0135593316262288
17 26 12 3 55611 1.0909959592073457
27 17 3 26 89763 0.9403458419100504
12 3 20 13 53665 0.9690636587582305
22 25 3 22 48994 0.9549464866320929
17 14 0 2 52695 0.9906377737846254
21 26 20 14 63742 0.9725330386029285
1 8 16 9 34405 1.0280183913684222
29 2 14 10 49981 0.9083540441981502
6 8 17 7 26741 0.9641853583703839
25 7 0 12 46008 1.0012405356125453
24 21 6 29 67431 0.9311757823032848
0 20 22 8 66589 0.9328402769827484
5 15 8 5 43566 1.0977311919329953
26 9 12 15 36502 0.9959790704773173
13 21 7 0 48508 1.0225518402786777
19 4 1 10 43544 1.0709237526331854
25 22 29 3 62836 0.9058865077821915
1 27 20 13 92467 0.9687825658597089
11 1 12 16 33938 1.023994386515006
5 5 20 22 84897 0.9181527675222115
10 6 5 12 22853 1.0188442898139765
18 16 2 14 44683 1.0889019710312462
6 5 11 27 55334 0.9035208575642968
4 26 17 5 65897 1.0072312545265047
10 29 26 17 68681 1.0421550485724735
18 21 4 14 54637 1.0485616392938533
26 10 11 13 41813 0.9525264024927007
22 3 8 29 70343 0.9900459425713357
12 28 19 19 42311 0.9516157207539822
24 21 28 10 54630 0.9739167233222545
0 12 5 22 35677 1.0522051100849308
2 17 15 9 44088 0.9514453233908702
29 13 23 17 34499 1.0260546346080006
4 13 27 16 64818 0.9639355875616638
15 0 11 26 69293 0.9193378829037778
18 1 15 14 41368 0.9844845269556427
9 18 5 24 35145 1.0016720072119232
11 24 4 18 28015 0.9999234137375866
14 25 24 25 21183 0.9401129348561681
23 5 12 6 26882 0.9067120163745359
23 20 24 3 58666 0.9517635248524191
20 19 2 0 92030 1.0192835197483872
10 22 14 12 24284 1.0707931730716176
9 1 11 20 43554 0.9489885883445424
2 3 14 15 42637 1.0749440579688267
7 28 12 14 41029 1.0733696903216623
19 21 7 3 66004 1.0523131589526007
20 25 25 13 44857 0.9324623494189697
16 3 5 8 31998 0.985190431031806
19 27 3 25 44678 0.9356528685387484
5 28 12 24 34448 1.0220769972484578
11 1 15 7 25178 1.0125715322685707
29 3 16 16 61152 0.9175073852864598
4 24 26 21 66957 0.9730405090230587
14 22 26 28 45977 1.046974713492056
9 28 20 8 64566 1.0307515370704805
26 0 17 20 80699 1.0346778514224027
5 5 24 13 68476 0.9807921611740894
12 28 1 18 45258 1.0572709127729316
27 21 11 25 55070 1.0372293233741747
19 5 27 11 36431 1.000167057775829
2 17 25 22 78197 0.9649760105958121
20 12 11 24 53794 1.0408172171779075
12 24 7 3 41960 1.0079611503380712
0 13 8 3 33528 0.9043353015511285
11 22 18 27 34729 1.0630223165618318
4 25 28 15 86648 0.9520457894859929
12 21 18 12 33827 0.9741608803118957
1 8 16 24 62793 0.9116027083083901
0 6 16 18 56570 1.0674559395366048
12 20 16 3 39891 1.0955910642274655
1 13 3 29 60728 1.0003676537667507
28 23 23 5 69586 0.9672673341049688
26 29 7 16 68855 0.9503296641412267
5 3 8 15 43334 1.0732217189625004
9 18 5 24 35145 0.9231985572389172
22 29 13 2 76768 1.0715448577846494
28 9 4 12 48524 0.9224948296157346
4 26 26 23 58767 1.0643280442069012
18 15 29 27 63139 1.0901932983745761
5 19 19 21 56481 0.9818595810556459
28 1 8 5 48210 1.0963670077495373
24 23 15 14 54453 0.9581034517328985
2 15 15 16 39172 0.9152519997491706
13 17 26 2 61838 0.9238947562480945
0 7 14 18 51070 1.087155170114408
27 18 14 15 58471 0.9736905675450672
7 26 7 5 61353 1.0638872948524705
12 2 29 5 42946 0.9374225782496433
22 28 17 3 84245 1.0662924637818643
19 11 24 22 55263 1.0155808896041076
1 22 21 2 82187 0.9785583849608036
12 15 11 4 26787 0.9969357113779921
11 4 21 20 65473 1.0556955026373454
7 27 23 10 64514 1.0020662357593473
3 14 17 8 39361 0.915061108711515
2 12 14 5 35432 1.0480876753632948
3 2 25 26 82682 0.9427395604300807
12 15 24 8 38344 0.9401923387764451
22 19 4 13 65703 1.0772404389056789
24 4 1 23 88819 0.9715288902685106
26 27 5 8 82133 1.012468158981658
9 10 20 10 19976 0.9289030356375843
23 29 2 26 56638 0.9381855565181052
27 29 12 27 35115 1.007802533131602
13 26 8 8 45927 0.9310800823576687
14 25 11 7 32985 1.0535390600871846
17 22 5 21 36337 0.9440005227638768
23 29 29 25 18419 0.9353894554918977
28 25 9 29 46562 0.9361526156180459
22 19 11 4 73134 0.9877970400587094
13 26 5 5 57664 0.9753551090097019
23 2 15 9 34724 1.0578537776905235
11 4 4 11 31043 1.0753957299823946
18 16 2 7 53960 1.0079225040524862
5 8 18 14 47284 0.9236302646485277
17 1 22 18 72648 1.063951923759615
6 15 18 14 48646 1.032445520386995
29 29 0 19 78858 0.9569545165974271
10 1 5 29 68148 1.0383176382285395
26 0 5 3 42692 1.0620270049655312
5 27 21 3 85613 0.9351430155216479
8 8 18 14 41052 0.983024333271713
26 14 12 4 61099 1.0815585288512903
5 20 16 4 56849 1.0921166756785445
9 28 29 8 75832 1.011852724549418
20 10 7 12 24738 0.9433934612631723
20 0 15 14 52452 1.068731010745669
12 25 25 14 58028 0.9043118445558486
24 17 10 2 69646 0.94226260828059
15 27 0 9 56542 1.039592970166825
1 23 0 7 60511 0.9101223839846073
1 2 16 29 72351 1.099309441578436
8 6 29 14 62294 0.9653846063403346
28 17 9 12 65794 0.961839920941121
0 28 9 4 83794 0.9896161324171575
7 9 29 27 72867 1.0559940439258493
19 21 22 5 71739 1.0895455183521658
25 8 4 9 41568 0.9711016272138822
8 7 29 23 72646 1.046829791848066
27 13 10 25 74355 0.9438530338767142
5 26 19 7 61936 1.06740092426814
15 1 24 21 82723 0.9667355577150296
23 27 28 16 49984 0.9676679081652708
26 6 0 20 74875 1.0870613725104443
24 22 28 9 51138 1.006871586369266
23 23 22 1 79936 0.9161282720715608
24 28 3 19 66783 0.9222029644580269
11 27 4 20 27874 0.9818369294819154
9 17 11 4 44854 1.0546517414982943
25 21 19 17 42728 0.9012308893785032
27 27 9 20 58913 1.003125381277809
20 28 13 10 54448 1.026537058211196
27 14 0 9 68238 1.0047072859300947
7 10 28 28 76518 1.0929166394514176
20 21 26 16 39487 0.9330794277485012
9 3 17 8 28397 0.9654257022268657
11 14 19 3 38288 1.0578224001464336
29 3 5 21 73082 0.9750716105681372
0 22 9 24 36594 1.087002790804687
26 3 18 14 46770 1.0084118656870544
4 21 19 7 45360 0.9488741660744064
12 14 21 5 35083 1.0563510501620494
6 22 5 10 36308 0.9881576015221587
26 20 18 1 68994 1.0121732547910165
18 29 10 18 39873 0.9663766742270784
4 25 21 28 47860 0.9593586889439016
22 15 4 28 85198 0.9162254283701868
29 27 0 6 93507 0.9362548401661293
15 1 5 10 43939 1.0754648020662763
21 22 3 1 95161 0.9695046619117431
29 29 21 20 43813 0.9717766283408118
28 24 17 27 36581 1.0660398660338293
29 17 12 29 61757 0.9672869804252051
9 7 25 27 65346 0.9367124272365489
10 26 17 4 60073 0.9360249916591719
25 26 6 27 57751 0.9072067749220911
25 16 5 5 70138 1.0027291353681171
25 0 29 20 71369 1.076583978337962
11 10 21 2 40502 1.0059173150162561
10 23 9 13 35522 1.017459608310537
17 18 1 11 48610 1.0274130666340822
6 13 6 24 43419 1.0079321449629908
8 9 25 6 33968 0.9647428219003338
11 16 23 9 36788 0.9536940128033793
22 10 3 5 47787 1.0257711491885988
6 28 18 17 68247 0.972002863410606
23 2 2 4 37783 1.0623303453986983
9 12 29 17 64637 0.9650290833609521
5 22 0 9 43840 0.9035399505138358
29 18 6 13 79870 0.9849404584941732
27 0 29 8 35603 0.922809519625766
19 10 9 20 39103 1.0933942771267293
10 16 17 21 34855 0.988659724382738
18 0 10 11 37736 0.9829015880493216
23 25 25 13 38657 0.9531717430417321
0 23 13 10 49676 0.9607782504298714
17 11 2 7 44426 1.0641479472973787
28 24 0 17 89838 1.0868628482758897
7 3 14 17 44822 0.998788145824744
6 7 14 3 22931 0.9519172160175855
22 22 18 29 48999 1.0635604676630488
12 20 2 7 42786 1.0750687583552363
6 23 23 7 63207 0.999771364890807
26 20 0 18 88543 0.9681386593050052
3 23 24 22 73111 0.9194464577653173
10 3 26 11 47564 1.0725323661958697
3 21 16 22 34044 0.9144284330014675
17 2 24 21 76301 1.0404190930788735
23 28 3 27 65387 1.007510732399409
22 2 29 13 47946 0.9826239297905436
14 26 0 0 69904 1.0717204197228318
13 20 26 10 48816 1.0683824674565874
22 17 18 5 52235 0.9349951718539572
28 21 19 1 83680 1.0441722218357599
6 6 28 26 83858 1.0355586929808744
22 27 5 28 63795 1.0289883496228003
25 29 7 21 48329 1.098013306189245
15 5 19 22 70395 0.9016631845956845
20 19 0 9 72582 0.982708302061694
16 25 1 20 38417 1.0531480788788092
2 11 21 29 66751 0.9453499255441576
29 20 23 24 27816 1.0027958053723314
19 1 17 20 63225 1.0807324905168294
17 13 8 2 44865 0.9775601790807944
10 24 14 11 36890 0.9790994053188135
27 14 10 20 66850 1.0859630456309537
15 26 23 24 24470 0.915136215117324
16 10 1 4 42202 0.924188031425458
13 0 20 25 74490 1.085376478058044
3 25 25 5 72435 1.0338334603058057
24 25 20 19 41710 1.0801391990021803
2 25 13 1 74058 1.0137802317247813
1 20 14 15 41085 0.9852849839575947
23 16 2 12 57459 1.0853953731624228
17 21 21 6 59277 1.0419192677526932
9 8 2 22 50744 0.999783547372092
1 4 12 8 31690 1.088447865427892
16 28 25 15 58930 0.9968368588325558
24 8 10 20 53346 1.0073097241467006
14 14 2 19 46774 0.9887886468809258
7 23 19 24 42083 1.0438173639137802
24 16 11 4 63101 0.9748059085362564
18 16 6 2 54742 1.007582758781419
29 13 24 2 45477 0.9884565406038371
27 11 23 23 51604 1.0720085306910154
27 29 1 25 60870 0.9270336692703992
7 22 17 16 39265 1.00812807185818
9 16 20 23 54011 1.093333882020166
27 22 29 1 83388 1.0910288315874581
4 29 5 6 64938 1.083279926825108
23 4 10 4 23213 1.0646723417927184
13 21 4 9 34405 0.9527567959952971
7 10 28 16 59892 1.0464136307498424
3 6 29 2 51498 0.9733144135324902
8 28 28 10 87012 1.0747745672913198
19 27 9 4 67834 1.0059701947638506
14 29 9 14 40576 0.9162497083300308
13 0 21 16 72312 1.0751446345028306
16 2 23 12 44653 0.9857076437299976
1 12 24 22 79868 1.0171097485402956
29 22 16 4 81155 0.927657598645479
27 24 10 27 49926 0.9606810321882302
27 24 8 2 81104 1.0626947916625356
2 25 29 5 81840 0.9054761714654219
14 14 1 23 54038 1.0723134633555713
24 21 4 0 92826 1.0047497793193625
19 0 12 14 43666 1.086066140417969
