3967 4069 3338 3523 4055 3421 3446 3745 3521 3503 3549 4012 3248 3402 3735 3338 3356 3698 3336 3212 3368 4229 3471 3442 3724 4160 4086 4214 4061
1940 1901 1912 1567 2166 2380 2359 1589 1819 1750 2045 2354 2068 2480 2091 1569 1463 1766 2128 1623 2018 1888 1485 2257 2475 2412 1648 1489 2118
4138 5002 5078 4755 4465 4690 5047 4292 4787 4383 4026 4260 4821 4153 4642 5052 4391 4117 4434 4159 4322 4124 4017 3977 4591 4442 4924 4252 4612
3854 4117 4041 3632 3854 4068 3733 3343 3517 3864 3256 3394 3721 3768 3171 3951 3768 3432 3922 3674 3627 3235 3837 3260 3806 3874 3851 3271 3402
6423 6796 6686 6545 6573 5994 6446 6138 6166 6002 6377 6266 6671 6666 6867 6558 6123 6891 5924 6034 6051 6581 6705 6006 6172 5911 6368 5965 5966
3223 3955 3700 3241 4035 3721 3275 3421 3584 3810 4026 3980 3694 3163 3469 3280 3750 3710 3308 3160 3354 3541 3104 3924 3831 3955 4087 3066 3225
3150 3770 3004 3906 3606 3604 3291 2922 3153 3031 3704 3211 3504 2822 3215 3741 3765 2867 3350 3792 3525 3734 3465 3703 2892 3089 3620 2802 2993
6857 6969 6820 7024 6274 6613 6280 7091 6746 6319 6445 7001 7357 6877 6351 6241 7088 7003 6742 7039 7190 6313 6346 7201 6380 6891 6870 6346 6621
7103 7696 7080 7131 7885 7210 7381 7859 7981 6902 7834 7790 6982 7991 7168 6961 7293 7702 7476 7433 7214 7997 7243 7265 7161 7292 6971 7481 7787
5591 5746 6225 6487 6039 6677 6579 5579 6299 6271 6517 6326 5660 5611 6306 6354 6200 6492 6421 5865 6652 5913 6516 5751 5802 6379 6564 5902 5934
2842 3308 2478 3406 2682 2968 3277 2906 3242 2985 3317 3153 2614 2552 3088 3372 2471 2580 2344 2827 3179 2511 3114 3218 3137 2470 2871 3089 3142
5660 5739 5953 5925 5771 5798 5059 5107 5601 4920 5772 5630 5876 5242 4905 4937 5335 5681 5280 5764 4929 5079 5835 5860 5336 5027 5851 4934 5050
7937 7330 7845 7885 7327 7847 8006 7781 7611 8077 7304 7513 7901 7493 7333 7374 7645 7653 7856 8305 8311 7664 7939 8081 8374 7484 8165 7712 7641
3151 3283 3408 3540 3216 3970 3692 3511 4153 3165 3633 4162 4019 3688 4052 4066 4005 3515 3101 4033 3586 3563 3651 3777 3294 3299 3559 3238 3288
7483 7738 7292 7017 7867 7523 8116 7788 7170 7128 7012 7827 7955 7762 7235 7940 7479 7085 7734 8082 7185 7518 8063 7054 7508 7400 7514 7797 7046
3275 3224 2993 3253 2903 2761 3596 3234 2950 3029 2899 2786 3431 3302 2571 3588 3617 3275 2868 3277 3607 2823 2864 3191 2667 3396 2590 2801 3491
3652 3360 3821 3285 3130 4000 3532 3768 2986 3629 3799 3081 3795 3799 3146 3605 3048 3346 3156 3786 3979 2898 3205 3064 3763 3735 3186 3163 3981
2548 2956 2743 2460 2500 2349 3337 2867 2367 3055 2506 2512 2289 2493 2856 3182 3104 2598 2793 2420 2611 2625 3086 2828 2822 3222 3078 3101 2489
7972 7748 7915 8117 7593 8351 8514 8659 8424 8234 7945 7629 8585 8640 8204 8431 8133 8667 8161 8088 8442 8481 8281 8090 8587 8266 8242 7682 8606
6658 6103 6306 6359 6465 5845 6118 6037 5806 5771 6293 5832 6661 6735 6325 6530 6537 6805 6031 6422 6333 6497 6728 6914 5794 6281 5937 6067 6672
2749 3629 2743 2544 3603 2682 2630 3373 3550 2760 3089 3277 3358 3294 3479 3137 2572 3188 3333 2754 3415 3334 2735 3514 2952 3413 3253 2535 3111
7690 8442 7651 8198 8169 8524 7924 7615 7457 7447 8472 7790 8437 7999 8127 7799 8367 7532 7542 7602 8565 7979 8389 7874 7640 7597 7813 8508 7669
4274 4595 4367 4128 4254 4658 4456 3933 3966 3968 4963 4742 3984 4706 4005 4908 4475 4746 4150 4858 4073 3941 4870 4560 4478 4045 4046 4969 4123
6256 5493 6110 6204 6364 5313 5594 6446 5545 6379 6448 6174 5359 5841 5893 6202 6117 5904 5844 5516 6101 6154 6147 5313 5863 5313 5699 6067 5699
2152 2114 2551 2744 2390 1764 1746 2359 2049 2080 2422 2187 2308 2204 2195 1741 2683 1976 2060 2133 2421 2693 2400 1876 1659 2557 2458 1922 1771
6730 6589 6648 5819 5721 6210 6278 6401 6451 6734 6229 5840 6197 6142 6677 5631 5804 6103 6246 5934 6105 6211 6616 6180 5674 6300 5798 6301 6028
8240 8075 7807 8140 7329 7914 7809 7192 7656 7725 7979 8213 7600 7817 7502 7923 7572 7468 8173 7424 7414 7655 7515 7810 7221 7906 7999 7701 7936
4422 4532 3952 4625 4910 4630 4078 4446 4876 4009 3965 4654 5013 4983 4127 4165 4225 4628 4260 3935 4098 4807 4736 4578 4616 4619 5059 4119 4443
8199 8039 7880 7571 8059 7443 7524 8007 7488 8157 7450 7546 8019 8150 8184 7591 7187 7396 7406 8159 7347 7796 7288 8002 8092 7581 7571 8149 7184
4929 4113 5126 4981 4136 4970 4120 4960 4547 4336 4189 4130 4478 4885 4985 4772 4859 4082 4638 4588 4461 4990 4117 4680 4920 4901 4407 4087 4347
4338 4116 2799 2602 3618 7473 6445 5905 2822 5204 6381 7060 3499 4217 6939 6433 6823 2977 1966 5772 5604 5787 6703 1784 5680 2050 5210 1952 5750 1989
4551 4667 2441 2867 4143 6677 6678 6004 2910 5386 7172 7169 3838 4622 6162 6083 6435 2956 2176 4720 5778 5851 6234 2111 6178 1538 4560 2040 6234 2972
5092 4576 2248 3281 4174 6828 6767 6055 3447 5272 6736 6416 4223 3591 6993 6301 6399 2835 2331 5117 6119 5911 7284 2187 5665 1770 4568 1377 6406 2705
4896 4677 1847 3596 3857 7053 6455 5781 3403 4790 6663 7127 4036 4425 6122 5645 6734 3722 2375 4677 6294 5797 6564 1465 6532 1214 5238 1792 6203 2584
5073 4605 1907 3156 4063 6710 6176 6146 3603 5382 7396 7322 4093 3624 6505 5803 6716 3252 2793 5053 5632 5756 7221 2179 6358 1392 4924 2146 6056 2661
5245 3874 2819 3103 3974 6645 7081 5433 2979 5089 7286 6768 4310 4713 6818 6316 6099 3040 2884 5438 6704 5105 6839 1325 5785 1773 5535 2490 6438 2549
5308 4952 2696 2841 4461 6985 6771 6244 3091 4890 6313 7221 3697 3893 6509 6237 6785 3564 1904 5060 5933 5987 7285 1485 6415 1496 5285 2259 6409 2352
5233 4861 2296 2842 3950 7209 6911 5906 3339 4421 6885 6462 4345 4133 6011 5324 5767 3785 2655 5392 6529 5124 7264 1634 5657 1508 5554 2330 5409 2491
4717 4543 2342 3525 3647 7455 7195 6244 3316 4426 7074 7089 3663 3608 6173 5866 5880 2991 2598 5350 5783 5387 6899 1424 6012 1967 4993 2321 6349 2692
5141 4395 2621 3062 3603 7057 6903 5818 3183 4706 7255 6705 3318 3967 6269 5581 6534 3789 2929 5380 5778 6013 7289 2098 6313 1790 4703 2108 6422 2073
5133 4045 2692 3354 4545 6627 6201 5874 3273 5317 7012 6694 3272 4404 6357 5332 6459 3081 2581 5222 5941 6199 6323 1982 5890 1887 5548 1885 5784 2821
4383 4152 1731 3169 3865 7063 6565 6190 3368 5182 6778 7328 3390 4473 6864 5421 5875 2922 2732 5407 6685 6074 6310 2244 6090 2302 5299 2371 5619 2986
4586 4490 2309 3412 3472 6874 6858 6221 2880 4914 7384 7367 3782 4702 6176 5499 5766 3795 2240 5005 6473 5999 6624 1725 5781 2050 5292 1366 5897 2823
5147 3860 2232 2764 3739 7282 6851 6439 3720 4698 6929 7201 3480 3791 6149 5567 6519 3567 2319 4695 5939 5684 6258 1517 5915 1329 4739 1902 5812 2772
4900 4527 2147 3381 3969 6867 6139 5881 2974 5183 7138 7242 4314 3971 6182 5510 5944 3114 2414 5201 5624 5921 7300 1516 6216 1569 4562 1528 5512 2079
4722 4490 2132 2589 3906 6664 6484 5958 2843 4530 7120 6794 3395 3826 6108 5699 5682 3799 2331 5454 6374 5266 7311 1374 6590 1428 5063 1635 5412 2553
4631 4610 2078 3421 3413 7390 7165 6495 2637 4808 6558 7422 3840 4698 6225 5506 6815 3297 2323 5188 5645 5586 6661 1354 5541 1208 5225 1968 5637 2299
4410 4812 2005 2546 4080 7066 6263 5808 3373 5270 7241 6380 3875 4062 6544 5398 6624 3161 2224 5623 6247 6014 6928 2164 5808 1708 4882 1762 5405 2303
4945 4920 2526 2631 4271 7426 7006 6523 3359 5151 6575 7454 3888 4385 6836 5976 5831 3247 2088 5257 5591 5935 6283 1892 6528 2261 4681 2397 5531 2601
4969 3905 2027 3188 3549 6823 6402 5917 2672 4640 6982 6554 3802 3644 5926 5337 5916 3364 2631 4871 6677 5387 6760 1707 6348 1427 5108 2304 6315 2435
5141 4623 2695 2475 3840 6769 6193 5499 2679 4726 6524 6677 4293 4003 6471 5684 6584 3361 2506 5173 5950 6010 6380 1303 6251 1783 4932 1759 5466 2606
5040 4011 1770 3523 3426 7577 6316 6443 3249 4859 6536 7182 3399 4438 6209 6157 6549 3803 2153 4857 6552 5216 6542 1306 6180 1487 4790 2047 5423 2968
4797 4459 2320 2512 3727 7265 6935 5816 2790 5232 7350 6820 3653 3701 6318 5832 6314 2783 2672 4889 5987 5434 6646 1304 5847 2019 5017 2459 5739 2150
5237 4200 2202 3201 3938 7194 7138 6445 3242 5191 7173 6495 3626 4101 6314 6441 6571 3233 2757 5672 5810 5880 6404 1741 5800 2252 4708 2384 5653 2329
4886 3981 2697 2655 4510 6747 6145 5708 2951 4491 6278 6783 4102 4588 6583 5843 6636 3405 2551 5187 6408 5148 6389 1318 6406 2173 5238 1563 5493 1931
5022 4446 2840 3052 3881 6566 7100 6250 3761 4879 6410 7245 3222 3741 6766 6322 6617 3532 2414 5783 5781 5917 6305 1548 5773 1938 4831 2468 5975 2574
4549 4348 1810 2921 3521 7552 6623 6426 3618 4658 6470 7194 3876 3579 6830 5431 6077 3667 2425 5118 5711 5575 6362 1673 5936 1237 4924 1416 5455 2158
4395 4891 2075 3209 3810 6802 6787 5617 2898 5279 6357 7057 3938 4635 6779 5415 6057 3406 2448 5810 6451 5611 7208 1364 6463 1992 4976 2094 5410 2756
4435 4246 2178 2931 3692 6677 7103 6240 2880 4728 6739 7497 3434 4274 6904 5684 5762 3698 2738 5055 6313 6092 6852 1309 6314 2196 4836 1841 6128 2974
24 6 8 27 75672 0.9210110046239631
29 13 20 1 57958 1.0221040631048235
15 17 24 12 38067 1.0303191568122108
16 29 13 15 52381 1.0586115859361274
4 3 20 5 49987 1.0597142395924566
25 18 0 17 63910 0.9146667806099364
0 9 10 28 59542 1.0878097554472566
10 20 3 29 40697 1.07709898976247
23 13 19 25 39110 0.9909372452472546
19 14 14 2 50524 1.0924609976551722
22 18 11 24 40727 0.9478239001787762
8 22 7 6 74225 0.9258056982314216
26 2 12 27 82533 1.026652977449664
24 14 17 5 43167 0.9937514832717427
27 18 8 23 45748 1.0107742312047512
18 20 7 6 80983 0.9077423187117408
25 20 4 18 60335 1.0050639157786276
7 9 29 3 81893 1.0265363584535354
4 3 22 13 82486 0.952217120843139
0 2 20 22 79437 0.9409039344242025
27 14 29 29 60878 0.9305836818707197
16 14 29 2 64627 0.9666440560559943
7 28 6 19 36425 0.9817677952546957
4 27 19 8 82758 1.0089332822038326
13 21 28 22 37583 0.9837407228772294
14 27 18 6 68764 0.9730915153411039
10 19 0 29 41927 0.9212456635301489
9 17 14 12 31810 1.0167301648700697
14 3 1 6 42146 0.9915491297527752
1 26 10 1 72189 0.9548766338768138
7 20 17 24 37838 0.9056731021817434
5 28 6 1 74765 0.99395188659117
9 15 16 4 59147 1.003887574756912
29 19 19 2 63627 1.0496338526116618
4 6 28 25 98347 1.0753309980027266
26 13 15 15 51060 0.9526626457998197
19 2 7 11 66917 1.0686127979793816
27 28 8 18 60747 0.9470253298411107
20 26 2 11 68439 1.015918133802118
8 24 21 28 42754 0.9553395128391471
16 27 4 12 67884 0.9165422642863097
22 27 28 10 64383 1.0561599080034865
26 26 27 12 51566 1.0454117870986173
28 3 0 18 99815 1.003581378562225
28 26 0 23 59277 1.0236676395933049
9 15 2 19 38907 0.9406935479799734
22 29 16 16 50391 1.0204177403292218
0 20 18 5 90680 1.0630876031471808
6 19 7 29 35967 1.0103730632675194
0 10 24 13 89632 0.9541617638877471
13 5 12 28 87707 1.0673317311139634
9 26 14 0 92907 1.0563717455210406
24 12 6 25 59820 0.9610042905897466
7 29 22 13 77381 0.9691641692799922
11 24 20 8 65491 1.095469399218752
2 0 24 5 66467 0.9691095044280117
9 14 25 2 75412 1.072346335054403
28 5 11 29 104697 1.005356378020287
7 29 18 18 52010 1.0232276276151238
4 21 12 8 64563 0.9688730890975734
1 21 28 20 67041 1.0769797140676207
29 16 15 26 55728 0.9563142078134913
7 26 13 11 63769 0.985239971245126
13 28 13 16 42621 0.9340763559476848
7 27 19 1 96910 0.9040969788485839
22 15 5 2 84753 1.0036173952714031
18 13 0 26 69911 0.9373341617201533
9 8 8 25 56644 0.9882386436375981
22 22 10 0 91466 1.033579260294352
10 11 19 7 44008 0.9530183180270222
6 12 22 14 68023 0.9730470200925412
11 1 13 11 42067 0.9265941839760196
11 29 15 4 86990 1.0580150025460449
0 7 16 8 54896 0.9348485491682399
10 15 19 14 50483 1.0379425038770969
4 6 22 8 65807 0.9621563974437505
2 26 11 28 28566 1.0511738029789235
19 8 8 0 54317 1.0078545660167233
3 12 24 29 79920 1.0201948521360102
25 17 7 6 89542 0.9554317211958702
21 7 25 15 37696 0.9031564963985202
0 4 20 8 67768 1.0307008450762023
0 9 7 19 43759 1.0822169782397404
28 10 3 4 94193 1.0073997020262286
13 0 4 3 32384 0.9493167375996727
20 25 2 10 68499 1.0544877744298322
18 2 14 13 42807 0.9075863322526851
23 22 7 11 76514 1.0995561497903477
21 21 8 10 76871 0.9579649324121575
4 28 18 11 80443 1.0522594513119983
17 24 12 19 28427 1.0948441225921186
6 14 10 22 34535 1.0550222344692246
20 2 26 23 58959 0.9446821840079277
17 27 26 18 39444 1.0810599882219634
5 25 17 0 88214 0.9747255650626259
22 26 6 5 96168 1.0051722308181767
16 29 25 13 57755 0.9041689657548252
20 18 9 3 71022 0.9246134794321018
2 8 4 23 37220 0.9114499885930113
27 10 15 12 53590 0.9960740418182314
21 8 8 18 61512 1.008260126112174
29 18 2 3 101525 1.0738601391281326
11 14 26 2 78340 0.9295896729225627
2 8 28 21 90187 0.9426716323833664
27 3 23 16 43388 1.0812794034478248
9 8 4 18 48320 1.0699786026035347
12 18 28 14 59972 0.9922782690711661
29 3 24 11 32322 1.0242660445213385
29 25 8 9 85439 1.0992502358938696
24 2 6 11 71042 1.064587582598842
17 13 4 5 67459 0.9332557932972076
10 9 4 17 43973 1.032050347586651
4 3 4 19 52016 1.098079164838921
27 23 2 13 66709 0.9212757683659234
19 14 8 3 68553 1.069360122642346
12 19 11 5 58125 0.9575208827491318
0 18 26 6 97777 0.9505140675008793
0 22 0 6 43778 0.9471055680580062
19 23 14 14 41456 1.017739552432648
21 13 2 4 87866 1.0328650587225496
14 20 2 14 56322 0.9151561918064094
4 2 12 10 52415 1.073085347244862
10 7 16 20 53839 1.0546853897727058
18 26 27 27 27018 0.9414260735794715
19 24 7 7 82960 0.9080773572879494
6 5 5 19 49022 0.9198538158719491
20 23 1 28 43183 0.9218250027606125
0 10 21 24 73919 0.9644657835242043
8 9 2 26 68065 1.0841062705856657
19 21 3 14 69173 1.039706579224013
2 3 1 21 38102 1.0226404529901
8 18 24 10 57214 1.0895009433743952
8 5 24 16 82625 1.0221246669535837
26 1 17 7 39475 1.0818910211944415
14 1 25 11 54394 0.9095452683269114
24 23 2 15 59060 0.921322250635337
10 0 26 13 69945 0.9690251179325213
22 24 4 23 34789 0.9728420616097821
3 25 12 11 62322 1.0062070014637654
15 3 8 9 43693 1.048165202184319
20 12 4 4 75496 0.9838861303076515
6 22 0 26 23674 1.0811012218101839
16 18 0 8 59489 0.9441611063358568
4 10 24 26 87082 0.9662142404475451
9 22 4 15 45394 1.0782725800651811
7 6 27 26 103189 0.9414299968886222
29 23 1 16 58620 0.9909388722888958
20 21 0 12 63530 0.9409443691660149
7 14 29 7 98023 1.0695569353256678
7 9 10 0 40451 0.9071222369184541
9 9 29 11 80187 0.9412923439632046
10 1 20 3 27930 0.9458489978585894
5 28 21 23 43515 1.0092269357611912
18 2 7 13 62062 1.0992675465141124
7 0 28 24 112962 0.965442030979487
24 27 14 25 22157 0.9704585215833832
15 18 9 5 57868 1.0070608205832297
17 8 29 18 55785 0.9093959392983453
23 3 20 11 32741 0.9056643994347108
13 24 28 27 34321 1.038309812045079
28 12 1 6 97538 1.0210205996598036
0 8 9 29 63336 1.031498534892787
4 13 11 19 40845 0.9787483351789882
0 7 24 6 77821 1.0970477310453595
7 21 16 14 52636 1.0502578588090568
0 5 22 0 67582 1.0295404414258553
8 19 19 13 52623 0.9944113091771946
7 20 16 3 82799 0.9448999208992229
24 20 22 11 29321 1.0929104578394138
13 1 17 9 30495 1.0729143419458955
13 1 12 13 48454 1.0213846626088796
3 20 24 28 55910 0.970745226751795
29 11 23 23 49257 0.9389819907019956
1 8 16 4 53168 1.097442589312487
19 8 8 14 58732 1.041058372670122
25 1 19 24 67476 0.9514606958187275
19 14 13 19 37608 0.9620776200614083
1 16 29 8 97798 0.9369624916267809
24 26 2 21 51159 1.0320846225663285
28 16 17 15 48215 0.9525017533628316
2 17 1 3 30656 0.965528659375438
25 19 6 8 83521 0.963264559106748
24 20 28 6 51679 0.9406305832474624
5 28 18 12 70381 0.9355040555497209
1 5 27 14 99219 1.0608455410187982
21 7 3 23 82095 1.0568800864366397
0 25 15 14 59983 0.952440837529598
14 18 6 25 36963 0.9400537878140559
3 11 14 13 49110 0.9305462879752509
29 13 16 2 62965 0.9963548114033667
8 1 20 18 77728 0.9307189379652997
20 18 13 10 46289 0.9270867839073403
23 16 5 1 84906 1.082366702455116
26 9 23 24 47927 1.0661964208547692
10 10 7 27 55577 0.9285596616197587
29 0 18 16 80327 0.988524886318435
7 27 17 4 81073 1.0704137483113323
11 20 17 9 49998 0.964255379141773
11 17 28 13 63992 1.0090607456805145
15 1 26 10 53350 0.9310170074469433
27 0 15 0 42555 1.031902783756184
11 10 17 28 70897 0.9561676635685655
18 5 7 10 60217 1.0235511235145065
18 5 7 24 80185 0.9697377333190315
4 1 24 16 82940 1.006336992171625
2 22 12 9 68420 1.0978262345261696
11 29 20 19 48038 1.0215739228528524
17 15 10 26 42312 1.0919682421565249
21 19 8 9 67653 0.9056682451152082
5 22 15 9 63991 1.0960141673546975
23 3 29 26 65728 0.9070177948750888
4 13 17 29 73915 1.093523394340229
13 7 19 17 46457 1.0782854461323779
0 20 6 25 23414 1.092955580129991
20 26 12 12 63327 0.9975913707792653
19 25 14 12 51225 0.9588080051469708
27 0 8 3 56232 1.0880922373950295
25 22 16 15 45049 1.0039957254855851
15 14 29 12 59076 1.0742126252614275
7 28 5 19 36393 0.9427510446049809
4 7 11 4 41357 0.9309493787662348
16 2 22 25 72535 0.9755702100640364
7 22 23 20 47955 0.9330130003973016
4 11 13 8 44171 1.0499691104720805
20 10 21 21 40906 0.9236458140014464
9 0 29 26 107235 0.9623050367883252
22 5 13 4 38124 0.9503379801575245
27 11 9 1 75303 1.0961754653378195
20 3 16 27 76154 1.0744895062592885
25 18 16 6 55697 1.0827087536878268
4 27 1 6 46496 1.0078847512104652
28 14 15 24 60357 1.0323891667111695
14 6 3 17 74512 1.0717878258631817
28 17 3 5 106354 1.0305201631828949
0 13 29 19 87133 1.065380112872159
4 26 22 17 63143 1.0692592323971741
0 14 17 25 53923 0.9572920481616496
23 11 15 29 64882 1.0741253042402035
7 24 12 1 84928 0.9581797623223111
6 27 17 22 33979 1.090400009662032
27 1 19 21 72255 0.9668839929337752
24 25 7 28 43156 1.091058556464641
4 1 27 19 99249 1.0244586787227943
5 22 3 5 57094 1.06269008845235
20 19 9 24 37562 0.9897722240787321
18 25 5 18 43503 0.9014693776177555
21 22 12 20 37912 0.9182149929608674
25 10 19 19 42286 1.0430544026423196
17 16 8 19 35645 0.9169241170108907
24 14 6 21 57271 1.0173989560175525
6 0 1 9 31974 0.9377952728522054
13 13 23 28 69768 0.9190127799499778
26 13 17 17 38757 1.0499493476213466
13 17 1 4 61612 0.9661335527077679
29 12 6 27 85101 0.9712936946154147
4 8 26 3 75994 0.9323454350529703
1 8 15 7 48720 1.0835030462881452
17 28 3 4 85635 0.9823423122874311
20 8 0 9 66713 1.062467402407505
10 4 1 9 40893 0.9277467908006789
29 0 3 5 79563 1.0531872194863485
10 12 0 4 54080 0.9480041296084973
24 16 16 19 27169 1.0314843530445126
29 25 18 3 75156 0.9158304242050036
1 17 26 19 70562 0.9383862237547282
25 17 2 17 63757 0.9046834861644554
18 15 2 2 73829 0.9178340972386153
20 10 25 2 34521 1.0475008219109765
5 8 15 0 50877 0.9429458924382692
21 1 8 7 57004 0.92764592662355
21 9 0 29 94885 0.9641140428927666
24 3 21 16 47623 1.013409798313033
1 11 4 2 24123 1.0180184468107178
17 29 27 1 87347 0.9001966989661574
29 26 3 10 92299 1.0686616981122739
19 10 18 21 49194 1.0831552114243665
8 27 10 0 83341 1.0196849827003087
19 24 9 20 37264 0.9164586032986909
10 15 20 5 60735 1.024543052274231
26 24 14 6 81039 1.003477154994212
11 18 0 20 33740 1.0947301138905507
18 1 16 15 47608 1.0793863859807638
27 28 27 18 37213 1.0258145062683326
20 20 11 9 61419 0.9180618324421694
12 8 10 26 58815 0.9993870866809365
14 9 26 12 51039 0.9999470568616513
21 9 11 14 58262 0.9423277825783999
24 8 1 0 69478 1.0213525612021588
0 29 1 16 26759 1.0365543336272076
12 3 10 18 51136 0.991564713679387
23 28 5 0 111303 0.9583405056068782
6 6 28 20 104523 1.0218847357711103
20 22 8 8 70058 1.065366955875984
22 12 0 24 76356 1.0884390954761156
2 25 21 8 82913 1.0764931540088802
27 21 19 2 66096 1.0439583505890906
19 8 5 27 80612 0.9273188129657123
7 14 11 20 41076 1.0023026512331923
4 10 29 28 103009 1.0357256304364864
9 15 0 11 54018 1.060813749062706
12 13 29 23 65557 0.9440404821757497
13 27 7 0 94153 0.9326024141601227
2 6 17 1 54197 0.920400133733522
19 7 27 0 45407 0.9766955356234792
14 14 13 27 49946 1.073730552849565
12 27 7 19 42169 1.0224488207073859
11 23 1 19 24904 0.9354208264747951
7 27 7 6 78769 1.087096199376209
6 2 21 28 102798 0.9766230511897641
10 23 25 1 76330 1.0554847879834437
17 0 18 20 60182 1.0437051324346929
14 1 22 22 81956 1.0710792897895414
7 27 19 29 29908 1.0514507880055617
28 16 15 5 77190 0.9601933004211235
12 24 2 17 42079 1.0820319378898058
8 26 16 7 75374 1.0855680037615478
13 21 23 17 39238 1.0154535781660583
28 5 18 13 65382 0.9496618076967496
6 10 22 14 74938 0.9255846049102415
19 11 10 3 55817 0.9758055152552878
13 22 2 26 33309 0.9640050266246731
10 24 15 19 24773 1.060349265001983
9 24 26 14 64629 0.9614033959614445
23 2 18 19 60569 0.9374382166571796
4 18 27 21 64437 1.0512513191156827
11 24 11 12 41766 1.0627438889322345
17 11 4 11 57677 1.0813984382296284
25 1 26 26 68753 0.9952374994649994
28 3 13 28 88154 1.028245943501216
4 3 18 14 72561 0.9157270225930266
20 25 13 22 20458 1.0068040863201742
29 8 17 1 48163 1.0113696582750218
27 13 17 27 57186 1.0795867635221146
24 12 4 8 71308 1.0936069222549172
7 1 23 2 42892 0.9001632549034793
22 5 25 24 60129 1.056464525505544
16 1 27 0 37284 1.0732820195250399
17 9 5 4 53247 0.9894451280959415
3 5 17 6 53428 0.9959425461184094
16 17 13 3 53329 0.9393615047036105
4 24 12 15 49302 0.9236147744678392
22 18 10 24 40067 1.0063308622314358
22 8 15 20 53093 0.9881998801419225
4 21 11 24 28209 1.014416644586486
26 6 13 3 50236 1.0846578017216655
14 16 2 6 74268 0.9038904322087166
16 29 3 25 34312 1.0954394468841135
11 0 3 5 39338 1.044338977715697
25 3 0 13 83515 1.0407674372372826
9 4 17 8 37131 1.0284777654577697
24 13 13 1 52017 1.0705387584262425
3 26 8 14 58822 0.9188386849521094
27 1 24 8 25433 0.957577852646215
26 6 13 13 67051 0.9241239634510712
17 15 12 10 37846 1.020635483110291
17 26 10 10 57706 1.075596255202701
4 24 5 3 63277 1.0895804964969424
26 15 24 2 41164 0.9096506698629768
27 6 12 25 76462 0.9774204034758961
16 9 1 14 63831 0.9656455223078152
9 12 28 25 67974 0.9515288293569305
22 2 27 10 37291 0.9272657718883938
2 5 24 9 79309 1.0482710354905338
0 8 17 11 61716 0.98114800981748
14 0 1 18 70908 0.9742985112654607
6 24 28 6 92666 0.9317837175173903
14 16 9 26 49095 0.9587315092512204
1 21 9 1 61489 0.9790742415484319
15 2 26 23 69727 1.0254219491166532
11 20 21 20 44383 1.076439286536878
8 23 12 7 61293 1.099510160321768
12 28 4 20 47261 0.9698327560494668
13 25 15 0 78646 1.0647884902713542
21 2 1 8 57764 0.9860651743534461
25 25 9 7 80910 1.090231734803565
17 19 12 2 56909 0.9113860663503995
9 29 27 9 87421 1.029275151953557
12 14 22 10 57254 1.0498390227898682
5 3 0 13 37214 0.9094353762501999
0 9 28 26 89425 0.9622035684013736
11 13 29 12 72711 0.9243596521263798
11 13 4 5 52750 1.0084095777781708
19 0 4 26 104872 0.9210193057402427
24 4 0 4 64475 1.0856032994337472
6 1 20 27 98567 1.0919145027995274
3 28 19 11 83211 0.9143529143416252
28 25 0 24 52272 1.0444629778747163
19 0 9 24 91173 1.0131139998517642
15 26 5 14 56880 0.9238797062943392
22 13 5 15 71017 1.02271270647852
1 13 26 6 96786 1.0206693804402192
7 10 2 21 56440 1.0393802177855276
5 4 15 1 33638 0.9356942374757192
4 18 24 28 60827 1.0223600916357527
28 23 8 1 96121 0.9568054357148317
21 8 5 19 72263 1.048532730787528
16 28 13 7 73124 0.905113184232306
0 29 27 29 62582 0.9706214879946964
10 2 23 9 51660 1.0127972968140302
2 23 0 3 43321 0.943551264788346
22 12 9 25 62128 0.9005407658986072
2 1 29 16 110634 0.9777346602361373
21 15 23 4 45913 0.995282574807451
9 28 18 21 42499 1.079180944924215
10 27 7 3 79713 1.0220187215957561
16 20 4 1 88914 1.0353245708374261
28 14 5 21 80761 1.0918939922947624
23 25 8 4 90479 1.0213351246673894
3 27 8 3 72503 1.080039785688185
27 13 13 15 60711 1.012636128063726
15 0 2 9 58005 0.9141577920428495
27 15 5 22 66314 0.9362157954362589
29 4 0 19 110470 1.0372696954674996
12 10 26 1 69218 0.946617810106122
3 2 22 4 50960 0.9793081599638943
27 16 16 17 38943 0.9827294835464517
1 26 17 28 36267 1.0487501503944012
21 26 1 14 60725 1.0307330547376816
14 25 26 22 31058 0.9659963497248393
20 24 2 14 59090 0.9124715938908935
28 29 15 9 79085 1.062056475823488
12 16 16 3 58765 0.9961500164196836
5 8 2 20 42297 1.045353126486576
6 2 22 17 80260 0.9268657934122754
23 10 9 10 65223 0.986241611038202
26 29 27 15 48863 1.0288779429228017
24 12 27 19 24757 1.058357383166114
20 22 27 17 32114 1.015763534141892
28 14 16 16 57062 1.0929407438474623
11 3 20 6 35930 0.9783164703847328
16 8 16 29 62973 1.0817727731510465
3 26 1 5 46789 0.9072299798690359
7 28 27 0 110098 1.0715762068368295
19 23 12 27 23124 0.9247927894015466
1 3 20 21 78060 1.072402284022591
12 12 19 22 58993 0.9833271879469312
29 29 6 22 57871 0.9621040422899862
12 25 4 29 28664 1.0282566385569258
10 23 29 3 82452 0.9123700298553256
8 29 5 7 74606 0.9779257226685332
14 11 28 6 68605 1.084968532850954
28 7 23 28 70070 0.9188589303350051
9 29 18 12 65000 1.0959707730574222
16 16 4 6 74399 0.9040386047085202
29 15 12 9 84263 0.9209353749307406
9 1 29 17 89700 1.0269977924948355
29 0 27 12 54134 0.9745642086761866
26 21 12 15 61182 1.057384154453999
13 3 21 29 92129 1.0723051006804347
2 7 22 9 71646 0.9955731535538623
11 26 5 9 70584 1.070877713998537
18 20 13 2 63267 0.93483068911912
23 6 14 24 67510 0.9190904272332455
21 2 29 7 40914 0.9985364964897203
3 18 6 11 31177 1.0835015931959058
19 18 17 9 28907 0.9861022474050278
22 25 10 28 28869 1.0523054268985785
7 28 19 8 83098 0.9845498616957569
14 1 16 29 88553 0.9997534516948847
29 17 20 29 50661 0.934224802873377
0 25 20 12 73427 1.0937797569402412
16 21 11 5 70690 1.044692050248574
11 22 28 13 66031 0.9499979379379759
11 3 5 28 86782 0.9330053712702135
24 3 27 28 62671 1.0668609971666618
15 9 15 20 34643 1.0312330279147854
6 26 7 1 76012 1.0678094891169194
8 2 4 10 43094 1.0274183703432436
13 23 4 6 70294 0.9400886312659711
8 3 10 16 46149 1.0944947854677585
13 18 14 6 49150 1.0083005656353738
29 14 7 3 93000 1.0371361536119976
17 24 1 29 36710 1.01047680447121
9 18 3 2 55783 0.9764464760584664
21 10 3 2 68816 0.9707352225666819
24 22 25 8 34103 0.9457580779737355
1 24 13 29 34412 1.0792169371733147
19 5 19 15 43652 1.0504856590811429
18 18 3 26 48196 0.9503327593284793
16 5 25 9 41841 1.0234917729963262
11 20 14 2 67167 1.0424531440835403
6 14 11 29 58397 0.974421798183685
29 20 29 7 59449 1.061331657137353
12 4 0 21 78445 0.9336813621251812
20 26 0 28 45256 1.045980533261722
21 14 4 9 81154 1.0110441748086314
28 16 19 26 52791 0.9010348549513195
14 5 2 21 88272 1.0146934714435676
21 8 10 27 75344 0.9178697170630452
22 1 0 20 92048 0.9068364881740888
25 2 29 14 52924 0.99704321653919
0 1 19 22 84941 0.9965106500385956
24 20 25 7 34105 0.959323657516887
17 20 5 9 67188 1.0349855566523631
3 10 10 1 49888 0.914159348571599
11 29 14 14 62281 1.0606000605609456
20 21 15 10 45887 1.0251327984409433
11 15 10 29 45657 0.9864644312770565
18 1 3 9 65805 1.0989618396853573
16 18 16 0 54631 0.9567244892809799
0 28 19 14 80752 1.0489526426419273
22 8 26 23 42450 1.0490759669420628
6 25 10 2 74156 0.9209769700733175
12 24 27 17 50461 1.0220139632889105
26 1 23 8 27337 1.0516353727469565
13 7 29 19 76108 0.9989569247455043
22 12 25 3 29675 0.9897145554522307
8 5 4 18 62701 0.9110577626559414
0 5 24 20 88532 0.9601846990820119
28 21 22 10 55385 1.0897260348256828
9 18 5 8 43149 0.9205335129329459
11 21 2 27 38421 1.0441127909284893
19 28 22 15 54652 1.0812934501571048
2 13 14 0 66161 1.0431947043685978
26 0 12 22 88122 0.9222785123285023
1 19 16 21 39383 1.0999411039287557
11 11 5 4 46564 0.9861518007935093
4 4 6 21 63299 0.9596159114464139
17 28 12 19 40650 0.9457496191477498
27 21 12 18 48341 1.064677300685204
15 5 4 17 72570 1.0945369127316602
25 10 6 0 71702 1.0392867182524372
23 19 7 22 49950 1.0191679550005193
21 5 2 0 65454 1.049038435042979
25 9 3 25 75379 1.0572008419618937
17 6 7 8 37737 1.0452638406273256
29 26 11 26 42287 0.911708281030878
15 16 12 26 39678 0.9675976277715163
15 0 0 2 41626 0.9432953266039784
20 4 17 15 39770 0.9233264799493802
1 8 10 4 39074 1.0053356113358145
19 8 16 23 48583 1.058265806432019
6 28 27 16 72467 1.0855693429829776
14 11 25 3 56622 0.9531981304301501
1 5 26 24 84588 1.021874388915953
8 26 12 9 68010 1.0192395032274413
27 13 4 27 80765 1.0596301903411218
3 0 7 22 70278 0.9276291010871389
28 10 17 21 64138 0.9323738893656147
11 24 18 2 74348 1.0910948476025446
17 18 7 22 36749 1.070053677144917
24 6 12 5 50621 0.9087267191131485
13 8 25 6 43788 0.9002961709683264
0 18 12 2 58984 1.0888608478414412
6 5 25 0 60489 0.9953358148110797
1 19 15 0 72333 1.0132818241571144
15 22 7 15 50055 1.0706162310215606
28 6 9 11 84949 0.9967803766606511
5 20 15 3 78919 0.9696801302702971
1 19 19 22 45418 1.0380053516272518
7 11 29 18 81551 1.0859210742056626
20 9 3 11 68200 1.0400935535420925
7 25 5 16 33343 1.0383512338433039
18 16 3 26 58298 1.0805267795877413
21 20 1 19 55831 1.0800814685516633
25 12 20 28 48650 1.0188063005170376
4 24 7 10 60518 0.9968674951123911
17 17 13 11 33115 0.9254148146650695
23 5 5 14 93317 1.05801648623589
0 11 21 4 76870 1.0517071259925836
21 17 2 27 64692 0.9487022071822787
7 20 19 14 64023 1.0347860866419063
14 28 27 15 65522 1.0449131015900506
26 7 21 0 41584 1.0509124064050641
13 27 23 28 25828 0.9136955799897629
25 4 28 14 47485 0.9393052080554081
26 19 1 5 94529 0.981794355608235
18 28 3 20 54477 1.058531082314041
20 5 4 28 100080 1.0350291548057782
2 5 13 20 69742 0.9397646350601612
21 19 7 26 52753 1.0706066635448999
22 11 16 15 37143 1.0975166845491262
16 23 27 12 48785 0.9452025304479208
8 20 8 4 65189 1.0783220738342991
17 0 18 17 49285 0.916881554946336
19 14 26 18 33355 0.9427079658816239
5 2 21 5 50312 0.9522135645227849
19 16 11 8 52137 0.9030429437856261
23 0 10 1 43318 1.0901818692984702
9 13 22 9 60271 1.0757664928055193
5 17 15 14 41330 1.0644884971042874
28 10 14 26 78056 0.9262951482838312
18 17 27 4 59831 0.9219210200677435
23 12 29 24 40332 1.028682841098007
10 11 9 26 47333 1.0094248844461173
22 3 18 22 67802 1.0832190147072325
24 2 24 18 35399 1.0465550063831353
11 19 16 26 36858 1.0719290261466026
24 28 25 10 46173 0.9327985119931617
14 21 0 29 49145 1.0554218107342477
11 14 29 6 89306 0.9642027976860197
2 13 2 0 35023 0.985908928690937
21 1 27 21 68210 1.0031655531048234
25 17 9 20 50301 1.04412459000234
24 15 17 4 47862 1.0356995674577631
1 7 0 19 26296 0.9009205245113145
25 22 21 2 57387 1.0942100674356756
19 18 11 24 33437 1.0668809651793525
14 6 20 14 46563 1.0076982791311755
8 8 2 3 35700 1.0612552971102363
7 18 29 17 58811 1.0738135610243467
15 5 8 8 32305 0.9668395264853442
18 12 2 28 75849 1.0076040554642611
20 18 3 5 83434 0.9774443285702507
15 18 26 17 30598 1.087240711563644
27 6 17 15 58296 1.0704980350986997
16 9 24 22 55741 1.0718334607636055
10 16 25 14 54200 1.0067135772576483
17 17 2 26 50908 0.9127908434592222
4 15 25 5 97258 1.031464905476306
15 15 3 5 71241 1.044178647595101
14 0 25 9 51248 1.0887116916307495
8 4 21 21 87852 1.0961681749076546
5 2 12 11 54057 0.9512097428106994
29 28 12 24 46030 1.0924828167461509
2 2 18 23 72745 0.9850666711983322
10 13 14 2 41992 1.0367553796681064
25 11 11 21 65845 1.0255084638827336
4 13 15 27 64722 1.0532024472806192
8 9 23 2 58755 0.9745804349597345
14 26 1 22 34942 0.9871612212868746
22 26 26 1 69498 0.9748455480727252
13 15 19 19 31316 1.029847094109223
8 24 13 11 56045 1.0184076119889331
17 3 2 0 45980 0.9354816148684252
29 3 0 3 73323 0.9790531991723188
26 29 25 10 52449 0.9893118486327068
22 15 21 27 44522 1.0477202400329206
5 27 4 18 32171 0.9674412858695667
13 1 20 20 68120 0.9358175178807554
25 19 28 10 46530 1.0843661625575785
4 4 27 13 90740 0.9920584211016676
27 18 15 9 56892 1.0350703839143234
9 2 24 9 49090 1.0054370867312594
28 28 28 5 87364 0.9608162969233185
1 16 11 19 33440 1.0453145770000505
4 27 29 19 71719 1.0530590880307669
10 19 19 29 45787 0.9820302613886827
20 10 25 2 34521 0.918282025902507
17 4 8 21 74705 0.9906370402493836
12 19 23 21 47018 1.032234029350965
24 13 4 25 60677 0.9736193513828684
20 15 13 29 53603 0.9872712799129665
26 15 17 2 56709 0.9432658320920533
1 23 15 29 39865 1.0636499675000093
23 29 1 15 67549 1.0677938982872586
6 7 15 18 57511 1.0156552702379382
27 17 16 24 39560 0.9622977540638944
9 27 0 22 30802 1.0563988042767347
12 10 7 24 63269 0.9647705575936838
20 26 24 9 45992 0.9287893622458682
13 24 5 27 25493 0.9606850331319942
19 27 12 5 86827 0.9820910152122063
3 12 7 2 41960 1.0687287311051175
16 13 25 1 55323 1.012663432082358
19 2 1 1 42970 0.9327995919218413
6 2 19 3 33196 0.9172398220487871
11 12 1 9 44944 0.9523283657701918
13 16 10 26 37873 0.9538731951989996
6 29 8 15 58899 0.990319732189372
21 22 4 17 57985 0.9089849324812352
0 5 19 10 82255 1.0944201441122132
19 15 0 16 67942 0.91320518454925
24 19 3 3 88894 1.0402329424196903
1 26 22 20 55539 0.9660301339613945
19 25 21 17 30013 1.0541341669105668
4 19 5 6 51523 0.9679337110630484
18 27 16 12 47609 0.9746482567377801
17 23 20 13 36148 1.0366228911680855
24 26 20 3 62358 0.9967890618997969
1 13 4 0 39565 0.972618829613324
15 6 18 13 29101 1.0314753103522594
0 0 7 4 30812 1.0152759144737211
23 14 0 18 73491 1.022821796790461
0 5 3 12 29463 1.063014496258858
23 2 19 22 63397 0.9368777950571819
9 9 17 28 71576 1.0648909826124213
20 27 23 5 63814 1.0526835725151336
17 4 22 16 56828 1.060076648598846
17 19 25 4 54438 1.0977345437290866
21 22 5 25 40835 1.0557027123481655
1 29 19 26 44138 0.9946881809714342
17 27 3 15 61594 0.9345898192623328
9 23 22 11 62062 0.9645889510269448
24 6 7 12 71187 1.0529669930333534
23 1 16 5 30582 0.9681292315163781
26 18 17 23 28089 1.0078572567239854
26 11 7 13 81868 0.9495662588272733
8 5 8 15 56061 0.9524228879926405
15 29 25 27 26570 1.0686274977252304
0 11 24 11 90858 0.9323132337849337
18 15 28 13 50872 0.9293097070846545
5 3 2 24 57596 0.9218563444493745
9 25 3 5 63438 1.0617706911745255
13 19 29 6 76552 1.0326955376406601
14 20 12 7 59643 1.035173578339917
28 5 10 25 92083 0.9896889608184752
3 28 8 4 81143 1.0354587790979957
10 2 2 15 53880 1.077021997696163
15 20 12 12 37505 1.0963352236516832
22 5 27 29 71537 0.9775010725062121
15 13 1 24 58941 1.0184115065974133
9 2 10 11 29882 1.0001441700256901
9 2 24 10 51170 1.0636548312168423
2 22 29 15 78939 0.9239968022299679
5 26 1 15 28541 1.025744831091099
13 14 9 27 50970 0.9878010622040149
14 5 4 20 82420 1.0335594523174656
10 21 29 22 40083 0.9631951887657021
20 28 12 6 86979 0.9665032575127671
16 4 12 18 53055 1.0073115941981665
25 29 17 12 55648 0.9626336775501056
18 15 6 24 49873 1.0649301657755441
25 21 10 12 62410 1.048204935238898
24 16 13 7 54235 1.0283481639474326
29 23 7 20 53639 1.0789242300892699
20 9 13 16 50925 1.0609389654917394
27 12 20 8 31898 0.997311006569511
21 22 21 7 59792 0.9051854000527548
18 0 7 23 83535 1.0672372349509054
14 1 11 11 47830 1.0726182696797477
19 19 6 15 47742 0.9013664526223145
2 29 20 12 82016 1.049715229543429
20 6 6 14 69456 1.0316736329273857
5 23 19 29 42122 1.0737540592696384
4 15 25 26 75435 0.9292984398757044
16 15 13 0 54863 1.0451533692320483
6 11 6 23 40991 1.0953253830129694
29 28 26 15 52291 0.928476849479008
4 28 23 10 88912 0.994722109099027
24 13 1 21 64916 0.956651408434681
11 10 7 2 38215 1.0150382703262315
6 15 10 8 35569 0.9821807191259408
26 22 29 10 61999 1.0870973301890556
24 2 24 24 48982 1.060096946934291
0 20 1 4 36413 0.9468209373661872
21 21 23 13 38044 1.061027476472666
18 6 28 16 72126 1.008694266757589
13 13 1 17 51290 1.0083579994012701
23 19 11 20 45521 0.9439286546542732
14 23 0 9 55308 1.0652292901469615
8 22 25 2 83697 0.9683615483874286
1 28 28 21 67935 1.0392664816946513
5 1 8 16 66040 1.0461587348465367
8 2 15 28 89578 1.0276718500257542
29 13 20 20 47791 0.9630619328116217
2 24 21 6 91583 0.9255944348617476
26 4 23 14 36214 1.0371727596920564
8 12 21 10 56909 0.9240126601633548
14 14 2 2 73206 1.06124131705686
22 4 21 15 48045 0.9979024286404979
23 1 13 5 37589 0.9350028105506305
13 26 10 9 56000 0.9434804579038504
11 19 13 10 41392 1.0675015413435518
14 24 16 9 54236 1.0464991066703941
9 7 12 22 61592 1.0877959295125847
27 18 10 7 73641 1.0918619721473497
25 24 15 2 74359 0.9578892579800354
5 26 12 14 57551 1.0745691896116716
0 14 9 1 53970 1.0918569297068217
15 7 26 9 41497 1.0260935397544806
27 19 14 5 76797 0.9740809988509106
17 29 11 8 75874 1.0055954242614125
9 21 3 6 68219 0.945554928168272
17 23 25 1 64618 1.0629365392146168
4 19 12 16 37559 1.0819525189515513
29 27 13 3 92580 1.0552357632704048
20 24 2 11 65574 0.9179521590919042
25 17 0 1 94928 1.0918958747098542
27 3 22 21 59404 1.0854215215768102
8 26 20 2 91783 1.0787284591946138
13 14 22 19 40777 1.09599874751448
23 16 2 5 97243 1.0492565505185878
28 23 17 19 28062 1.019971253646328
18 18 16 9 31627 0.9238448218605808
2 20 11 0 73407 1.0503205007878527
29 22 2 12 74783 0.9114157926346831
18 27 5 24 32123 1.0108328967284927
5 18 19 7 69641 0.9339135388780904
11 3 2 12 50828 1.0407179290510635
18 22 5 7 82965 0.9364624448050564
5 13 18 11 57293 1.0729739070841278
13 25 17 12 41241 0.9790141432865486
9 1 8 15 57818 1.086328856661516
11 26 7 2 80572 0.9727332820437244
12 25 4 29 28664 0.9244078285385177
0 24 29 4 105488 1.0867486026582611
1 3 20 15 84891 1.0697188164051856
10 17 2 29 47834 1.013788815767847
17 21 9 9 55602 1.0033633036940626
25 29 11 0 100817 0.9739904286606843
2 27 21 17 64692 1.003108439607827
22 11 28 1 49253 1.0984290351116528
29 2 13 23 75884 0.906156432643857
2 2 25 5 64074 0.9713467346395112
14 25 17 14 35130 0.9645198116627571
19 19 27 12 42599 0.916623959550907
15 25 10 0 82058 0.9618235503089897
13 13 5 8 43068 1.0091395581385312
2 4 17 15 78030 1.0983524227479031
0 11 1 26 35234 1.0771727617164886
10 5 17 26 73084 1.0565617626912829
27 27 10 7 83381 1.0691413841339457
11 6 28 9 70437 0.9592259487894745
6 26 16 25 20415 1.0576718654197044
9 0 7 10 51501 0.9622556335331143
1 14 6 19 22798 1.038620593757511
27 17 19 10 50054 0.9033734920393274
12 19 25 20 45125 0.9480298629033277
1 11 20 12 74915 1.059279671778069
21 17 10 4 71025 1.060456793786353
6 27 29 18 65998 1.0968087674227358
22 22 11 14 56797 1.0144227682093199
24 15 2 5 92705 1.0081933670069365
13 28 28 23 37665 1.0246580052757852
4 9 18 27 81114 1.095231896549101
12 24 22 5 79367 0.9250665346487105
25 12 9 19 58904 0.9642254604173388
20 5 23 27 65131 1.0049653888617736
25 23 16 7 59637 0.9750421197253499
3 28 28 4 107914 1.032856460921283
5 12 9 26 56803 1.0811350945558795
19 27 23 18 33967 1.077865143372555
5 28 8 10 76753 1.0516028663492185
15 24 12 7 66504 1.0112923433017373
19 12 5 0 69732 0.9831081743030115
25 16 1 1 91360 1.0239964154850658
0 11 29 29 91763 0.9779218070496174
1 6 19 6 67884 1.0322176183342748
22 2 4 6 59579 0.9174382609525654
19 8 26 18 41442 0.9799005101086188
26 22 6 25 45387 0.9383870438343657
29 12 13 11 64299 1.0751836566849635
2 1 9 14 65627 1.008090513632991
28 21 10 8 86171 0.9014007203280706
16 17 4 16 43331 1.0080081477971001
21 29 13 6 85838 0.9987184891877737
28 19 4 20 74651 1.0034051028014985
11 15 0 6 65567 1.031560730435431
0 23 10 10 54814 0.9342475307618588
14 9 2 25 76019 1.0703314091266667
16 25 27 24 24109 0.9678103075415546
19 15 27 28 53575 0.9119804670680124
6 9 15 1 47776 1.05291196892405
27 9 13 4 59842 1.0604582440912242
12 26 14 2 82885 1.0141714078594304
0 9 17 3 57597 0.9778100117434767
13 20 19 12 40806 1.0078242191690712
21 17 7 14 60396 0.9059208176305094
14 19 11 3 63316 0.9551690112602638
6 24 9 17 30688 0.9453852433157863
21 10 6 9 60015 0.959596690029538
12 16 7 2 61633 1.0532443826929967
28 3 24 17 42709 1.0855860839450275
9 17 27 15 60748 1.091270267214038
5 27 28 28 54251 0.9798491601088277
4 14 21 3 88156 1.0747465272384644
7 3 28 21 103466 0.9979142571678336
23 0 1 14 85716 1.090981063082506
2 1 24 22 88525 0.9234784642872712
7 11 14 16 51115 1.0306112631531732
1 14 13 11 54677 0.904512782042277
8 29 12 17 45250 1.0543720843166942
17 27 26 1 80419 0.991411640810983
27 9 12 27 75421 0.9806671718769104
9 5 5 15 56316 0.9953775002773071
0 29 22 19 67641 0.9704858855373137
1 27 22 20 57187 0.966747193871586
19 25 29 16 45727 1.054259694017033
9 26 20 8 74497 0.9189935952279449
8 4 3 9 35336 0.9195479217340856
10 22 5 3 70530 0.999886107743978
7 29 16 15 61592 1.0218452432615175
11 23 4 10 59843 1.093223748754159
14 5 19 16 55653 0.9222013921774338
22 28 25 19 33196 0.9541075328342822
23 8 7 8 49655 1.0005378502932887
10 25 22 2 79873 0.9668585273924595
26 9 0 23 81694 0.9637070746338856
12 16 23 9 64691 0.9259071305927248
29 13 26 25 50969 0.9678217600586325
17 14 1 28 62695 1.0644718117925385
26 16 18 20 44928 1.0617298643494892
29 8 23 21 50447 1.0438913683635627
4 15 20 25 63734 0.9092076727490911
28 6 5 25 95972 0.9317783070081693
15 7 1 1 49735 0.9394810371817988
19 5 15 23 66270 0.9627291399057252
25 0 8 11 81073 1.0787182287967114
18 29 29 1 90151 1.0429038640604704
15 13 2 2 63722 1.0656619544841548
12 2 24 7 37638 1.0865288206443535
1 0 18 11 70943 1.0648677600318923
22 20 1 24 51133 1.056627753119062
5 23 22 17 49561 0.9702448553083426
8 23 19 25 24853 0.914737507589377
16 1 2 11 62576 1.0583875779501237
16 21 8 11 56986 0.9166248147756757
1 1 24 12 76276 1.0436622690529664
18 3 7 0 41695 1.0557943642041825
23 23 0 29 51203 0.9812368637558753
13 28 24 6 69419 1.019488912263665
7 3 18 27 93441 0.9306997717639576
27 26 15 19 40218 0.9864202610584505
22 18 11 7 62093 0.9315748329508463
3 5 25 21 95326 1.0787609676302403
6 10 17 1 54749 0.9158383268267859
13 21 17 27 24925 0.9402716512522027
22 25 18 19 30681 1.0796178958140785
3 0 15 8 54350 0.9980697702322
22 10 7 15 79460 0.9086239131982624
13 8 4 11 44171 0.9287264125148472
0 14 20 17 63544 0.9914524140548897
0 19 28 24 65728 0.9696743164776372
13 26 13 13 47630 1.0870968677037618
8 2 12 14 53764 1.0343444866381417
1 25 15 2 77580 0.9397457741977652
1 25 6 8 49621 1.0793199298863054
26 18 11 5 82560 1.098424475240285
16 11 26 23 51261 0.9275419069096961
17 13 9 18 34102 0.9339560087037868
24 7 5 12 75756 1.0258457047885448
4 16 24 5 87053 1.01600528171602
6 27 18 6 83857 0.9673255801888557
8 15 12 2 54538 1.0534968064940393
0 4 24 25 83231 0.9681872241385995
16 12 24 27 53864 0.9408726172634894
19 4 15 13 39979 1.0004053633830166
14 7 0 8 51564 1.067965564358429
26 22 8 11 78933 0.9420484644824717
14 1 7 23 80097 1.0085596907296672
11 17 21 8 56941 1.0243710367804855
19 29 20 10 62178 0.970235292724519
10 10 2 26 60829 1.0304249292305552
9 28 19 0 102386 0.9308660889465196
3 7 19 8 54684 1.0739438565989439
23 5 13 18 61326 0.9359053479983617
20 13 16 4 39286 0.9007218398942958
5 12 4 1 45353 1.0250170809966284
28 4 14 27 84155 1.0402997482477079
18 12 16 22 36539 1.0780437063181039
17 1 27 8 42385 1.0827897126018262
15 6 18 24 61443 1.0114431947920182
18 0 23 11 51879 0.9394531518645391
12 1 29 10 70452 1.0996652615564464
21 9 2 3 71580 0.944623116500097
1 29 20 11 82321 1.0539475881486786
12 24 17 13 43087 0.9743827198497139
29 4 3 19 105549 1.0856445593443025
18 17 2 17 47104 0.9315011506413999
0 15 26 25 67056 0.9340377926883299
25 25 15 29 30024 0.9075557942205321
12 3 19 8 35812 0.9749197018401066
20 21 27 6 60289 1.036371683698787
25 21 8 10 83209 0.9650823340963015
3 6 27 26 94519 0.990396237309153
19 18 28 22 37047 1.0840253706920127
13 6 24 3 40819 1.0526358653126842
17 15 3 15 55113 0.9228066289848509
16 17 16 4 42127 0.9355008068597765
29 22 11 18 50618 1.0122425578687053
20 12 28 23 45688 1.0722665311881316
1 22 14 7 75804 0.9518791934688865
22 16 13 20 37344 0.9944772560869786
2 17 25 15 70619 0.9674698823596268
2 26 19 21 51994 0.9682187247882961
22 16 12 10 65543 0.9221402626905932
1 20 10 24 24517 0.9297666842601721
1 19 29 29 70687 1.004575907848818
0 11 9 14 47799 1.0608298378468848
4 2 28 20 102982 0.9392758682562097
8 1 15 8 42097 1.0484785561049215
1 24 7 11 53768 1.0734325173072758
26 22 13 0 87968 0.9236564472802249
19 25 2 29 40829 1.0332076450791756
7 23 25 23 29603 1.0146910434537086
24 25 27 3 56718 1.0495261143639696
16 8 16 29 62973 0.9425001366299193
3 7 11 4 42635 1.0587129593899145
29 28 9 0 111282 1.055895640605051
7 16 18 29 65763 1.019834975644649
24 25 3 0 95752 0.982582403980123
25 14 4 5 94192 1.0547106353595272
16 28 25 13 54858 1.0229755193805372
13 16 13 28 42621 0.9097646475873503
1 7 9 29 62103 0.9878819910062667
19 9 2 18 72425 0.9840504332459473
15 4 29 26 87860 1.0996474231386089
22 21 28 29 33518 0.9000040125039056
8 6 0 11 48911 1.0874496110232266
15 3 6 20 76709 0.9895727569473809
11 7 16 18 51828 1.0546538924947013
20 28 11 1 95368 0.9828604521425276
5 20 6 29 30423 1.0497298884170039
17 5 16 28 65992 0.9965198335720393
3 4 18 27 84296 1.0687604669473383
24 10 9 29 71313 0.9609590633178962
11 18 23 18 28633 0.9846930283733659
24 1 13 16 71451 1.0192069026732304
28 24 14 20 42968 1.0296189989991502
