3566 3931 4076 4201 3803 4358 3524 4395 4243 3941 4038 3606 3807 3534 4298 4399 3477 4198 3779 3508 3725 3852 4126 4134 3900 3497 3678 3843 3922
4282 4136 4321 4137 4470 4332 4023 4406 4778 4846 4677 4769 4328 4482 4364 4300 4559 4155 4915 4285 4300 4243 4885 4714 4390 4635 4531 4608 4486
3751 4642 3715 3961 4152 3999 3989 4473 3993 3906 4134 4295 3820 4332 4036 3781 4454 4248 4148 4487 3827 4374 4145 4304 3810 4426 4012 3758 4190
6666 7377 7329 7110 6473 6826 7224 6698 7167 6476 7067 6722 7259 6410 6960 6469 7268 7335 7042 6653 7062 6919 6891 6564 7403 6488 6912 6456 7062
2547 2487 2144 2373 1872 2108 1994 1646 1860 1822 1975 1988 1742 2111 2437 1980 2507 2376 2206 1922 1765 2373 2419 1701 1722 2514 1594 1722 1964
3379 3607 3486 3267 3262 3582 3287 2906 3592 3417 2698 2855 2805 3515 3424 2913 2958 3169 2935 3330 2917 2909 3349 2796 3228 3083 2937 3388 3028
5037 5755 5053 5044 5254 5314 5142 5300 5285 5752 5448 5170 5167 5201 5343 5718 5284 5182 5529 5300 5927 5780 5996 5366 5897 5465 5127 4975 5399
3884 3955 3542 3398 3550 3522 3467 3568 3350 3260 3830 3644 3857 3789 3706 3725 3261 3785 3582 3727 3737 3811 3405 3232 3562 4060 3704 3445 3343
5047 4592 5074 4737 5313 5074 4347 4959 4648 5082 4529 4958 5056 4594 4403 4734 5019 4848 5213 4891 4915 5250 4888 5182 5269 4984 4732 5063 4984
6322 6048 6389 5919 5572 6266 6365 5625 5908 6208 5645 5569 5494 5557 5714 5664 5700 5662 5991 5453 5881 6169 5795 6104 5676 5423 5856 6094 5441
4489 3779 4514 3792 4202 4356 3786 4329 4409 3693 4599 4541 4255 4167 4336 4228 4462 4580 3688 3596 3946 4414 4146 4411 3723 4022 3771 4479 3896
2902 3096 3232 3396 2937 3418 2861 3478 2994 3736 3546 3261 3352 3290 3444 2944 3344 3552 3480 3532 3399 2903 3282 3362 3810 2968 3596 3822 3859
7555 8191 7479 8243 7779 8201 8399 7992 8244 7775 7595 8401 7683 7622 7832 8107 8061 7572 7682 7844 8351 7979 7631 8003 8427 8440 7875 7534 8287
3494 3519 3773 2939 3349 3675 3045 3740 2928 2803 3116 3134 3408 2892 3484 2972 3717 3574 3769 3379 3694 3723 3609 3345 2914 3428 3439 3527 3030
8058 7824 8654 8167 8809 8269 8548 8800 8216 8304 8377 8597 8266 8671 8101 7824 8164 8417 8726 8539 8469 8774 7965 7984 7996 8744 8758 8652 8479
6673 7075 6937 6906 6522 6487 7110 7081 6689 6993 6765 7307 6633 7155 6429 6742 7370 7213 7391 6882 7232 7136 7329 6539 6950 7437 6646 7065 6967
2591 2083 2476 2446 2338 2530 1980 2166 1950 1971 1796 2255 2087 2668 2055 2361 2148 2617 2218 2521 1673 1741 2442 2651 2328 1821 2387 2378 1790
4099 4337 4463 4320 3629 4327 4328 3653 4419 3785 4407 4183 4256 3646 4544 3545 4195 4381 4330 4113 3883 4514 4206 3587 4137 4433 3983 3633 3876
5132 4935 4485 5387 4472 5077 5330 5343 5150 4540 4978 5406 5076 4935 4907 4566 5479 5056 4948 4886 4884 4894 5409 5387 5436 4830 4462 4827 4669
5708 4882 5081 5744 5492 4848 5079 4862 5565 5575 5384 5195 4769 5481 4736 5134 4850 5075 5670 5171 5418 5056 4971 5660 4974 5740 5369 4835 5392
3694 3875 3967 4251 4569 4117 4318 3903 4363 3884 3884 4112 4418 3600 4018 4618 4485 3769 4460 4377 3840 4147 4545 4334 3855 3831 4216 4419 3917
6738 7104 6536 6414 6095 6913 6794 6965 6820 6596 6912 6780 6965 6507 6934 6441 6205 6624 6261 6911 6156 6825 6839 6794 6783 6214 6663 7071 6331
3891 3219 4182 3867 4028 4110 4147 3973 3499 3420 3654 3357 4139 3651 3539 3870 3805 4130 4185 4050 3240 3285 3265 3725 4170 3466 4109 3807 3364
4186 3819 4013 3632 3712 3738 3943 3867 3862 3318 3448 3397 3553 3293 4135 3653 3658 3899 3676 3886 3811 3653 3490 3388 3369 3718 3323 3972 3593
8384 7873 7961 8401 7771 8264 7848 7619 7447 8375 7390 7741 7436 8036 7685 7492 7536 7418 7692 8215 8083 7643 8206 7973 7679 7742 7719 8126 7770
2986 2558 3479 2798 2972 2592 2956 3485 2901 3452 2821 2708 3506 2791 2708 3248 3331 2930 3384 3251 2868 3388 2717 3419 3298 2681 3363 2676 3160
2112 2159 1874 1309 1951 1669 2036 1402 2074 1952 1287 1829 2113 1977 1640 1354 1420 1853 1904 2176 2184 1940 1955 1792 2218 2234 1989 1230 1901
5919 6138 6008 6475 5885 6531 6336 6694 6559 6635 6539 6451 5887 6461 6173 6491 6551 6147 6283 6296 6379 5812 6714 5970 5960 5974 5819 5837 6563
6450 6237 6611 6014 6621 5828 6642 6142 6462 6288 6293 6560 5728 5744 6369 6665 5836 6103 6084 6130 6454 6487 6104 5693 6267 5829 5954 5956 5827
6847 6337 7292 6882 6745 7200 6645 6893 6420 6693 6613 6801 6595 6352 6374 6414 6547 6566 6554 6373 6921 6341 7200 7115 6376 6540 6966 7174 6653
2503 5042 4004 7620 4513 7055 2554 7099 5731 4817 3654 1356 2529 3379 2453 3453 5977 6732 2889 6597 3514 4246 7570 3265 7508 8425 3548 7468 4864 5107
2951 4921 4644 7642 4299 6965 2635 7357 5345 5142 3635 2264 1916 3498 2681 3953 5864 6723 2212 6185 3360 4060 7065 3817 6883 8406 4031 6834 5302 5479
2656 4643 4637 7956 4869 6916 2761 7474 6158 5110 3307 1803 2044 3493 2604 4435 6307 7150 2995 6286 2942 3779 7018 3416 7524 8280 4213 7519 5203 5724
2965 4310 4449 7178 4069 7842 2884 6629 6050 4569 3429 1565 1983 3196 3243 3728 5923 6992 2157 6251 3029 3782 7274 3431 6787 8525 3730 6891 5646 5333
3072 4561 4339 7232 4477 7870 2750 6528 5671 4699 2877 1710 1879 3300 2336 3462 5363 7071 2974 6339 3591 3934 7895 3499 7087 8677 3919 7604 5616 5324
2990 5065 4117 7774 4529 7432 2851 7320 6144 4820 2829 1349 2655 3693 2569 3675 6267 6566 2819 5938 3718 3843 7341 3667 6923 8051 3990 7581 5650 5019
2780 4298 4004 7856 4935 7350 2781 7342 5591 4289 3617 1335 2579 3743 3113 4363 6293 6599 2356 6093 3327 4417 7214 3155 7072 8363 3973 6911 4922 5136
2684 4112 4244 7784 4181 7440 2171 7187 5148 4513 2795 1528 2316 3553 2886 4450 5928 6426 2497 6521 3253 4089 7240 3737 7329 8849 3747 7398 5585 5051
3162 4904 4132 7483 4356 6940 2297 6692 5872 4971 3313 2161 2507 3333 2513 3725 5674 6600 2901 6156 3854 4702 7776 3577 7261 7926 3533 7241 5299 5286
2794 4534 3744 7468 4736 7037 2346 7043 5679 5211 3764 1564 2765 3228 2638 4419 5701 6853 2363 6067 2919 4544 7274 3876 7625 8585 3629 7061 5015 4824
3383 4965 4044 7938 5062 7176 2324 6548 5347 4704 3131 1513 2411 4049 2462 3536 5680 6357 2623 5972 2869 4664 7792 3877 7257 8148 4241 7705 5532 5470
2482 4152 3984 7152 4526 7775 2239 6645 5154 4415 3674 2053 2140 3946 3138 4442 5433 6404 2533 5832 2991 3947 7623 3516 6975 8713 3950 7184 4975 4930
2548 4463 4245 7761 4034 7512 2340 7011 6107 4524 3708 1569 2094 3440 3235 4024 5479 6962 2840 6219 3125 4482 7184 3319 7577 8861 3393 7621 4826 5668
2661 4411 3842 7841 4963 6976 2260 7541 5731 4721 3606 2096 2795 3400 3025 3487 5460 7041 2693 5779 3002 3767 7373 3541 7134 8493 4059 7255 5166 5748
3378 4460 3671 7956 4879 7362 2250 6805 6123 4291 3408 1965 1865 3640 2575 3623 5887 6825 2940 6155 3357 3877 7752 3812 6789 8190 3458 6887 5635 4942
3305 4402 3831 7511 4346 7179 1924 6812 5401 4878 2832 2188 1896 3765 3273 3608 5500 7089 2599 6288 3833 4593 7073 3629 7101 8334 3412 7313 5435 5439
2851 4296 4195 8071 4484 7411 1912 6546 5233 4835 3783 1875 2079 3685 3339 3805 6058 6188 2239 6037 3542 3916 7661 2974 7789 8540 3738 7743 5056 5683
2516 4554 4386 7806 4499 7162 2293 6997 5224 5118 3420 1348 2733 3289 2403 4212 5432 7019 2258 6569 3228 3721 7506 3237 6845 8236 3492 7048 5640 5480
3440 4887 3897 7491 4396 7661 2910 6948 6121 5278 3647 2028 2103 3821 2598 4133 5716 6201 2246 6099 3690 4005 7897 3976 6815 8649 3703 7325 5217 5142
2743 4383 4242 7573 5044 6954 2043 7147 5419 5270 3207 2298 2366 3498 2975 3604 6058 6525 2340 6483 3317 3825 7865 2999 7435 8145 3697 7504 5079 5663
3012 4909 3756 7465 4955 7677 1965 6581 5424 4887 3599 1729 2654 4135 3194 3821 6236 6931 2840 5720 3871 4454 7863 3693 6969 8595 4153 7525 5216 5234
3368 5042 4170 7997 4291 7687 2144 7127 5148 5177 2829 1828 2415 3394 2428 3689 6114 6883 2538 5884 3299 3889 7888 3937 6935 8582 3820 7661 4986 5434
3320 4746 4105 7546 4410 6975 2562 7275 5658 5289 3042 1367 1840 4149 3040 3707 5624 6942 2161 6483 3686 4201 7149 3627 6778 8843 3637 7026 5376 4934
3250 4070 3832 7739 4500 7697 2165 6986 5951 4811 2920 1914 1998 3221 3289 4227 5509 7149 2855 6520 3132 4533 7270 3738 7755 8163 3403 7220 5563 4806
2806 4120 3998 7714 4839 7688 2455 7127 5535 4691 3418 2312 1929 3938 3215 4105 6164 6742 2191 6272 3449 4010 7437 3049 7288 7969 4335 7247 5194 5655
3354 4385 4371 7407 4419 7114 1980 6987 5362 4645 3440 2243 2017 4144 3197 4355 5419 6157 2002 5874 3824 4012 7301 3608 7187 8585 3557 6765 5159 5152
3374 4670 3679 7072 4114 7656 2037 6713 5341 4490 2836 2311 2472 3492 2755 3900 6087 6558 2954 6164 3238 4056 7096 3609 7369 8332 4052 7205 5591 5475
2619 4584 4013 7198 4304 6969 2730 7258 5525 5120 3182 2260 2254 3291 2910 3746 6253 6357 2739 5665 3439 4180 7244 3872 7719 8371 3757 7019 5697 5160
3225 4174 4517 7601 4771 6994 2462 6834 5252 4799 3513 1938 2458 3878 2768 4229 5758 6615 2528 6438 2872 4375 7056 3949 7435 8802 4193 7535 5185 5432
9 28 11 6 84044 1.0809232305875844
19 7 7 22 77094 0.9502594640567453
13 17 6 13 34577 1.0754232303974174
9 5 23 14 54528 0.968151922561213
3 6 10 16 42641 0.9481010345538097
17 2 2 18 65172 1.0468995021564946
14 10 22 19 42873 0.9525076876146744
26 7 14 15 41953 0.9436641326757634
11 1 2 19 67337 1.081890366666412
13 4 9 19 60442 1.0909048613932248
4 5 13 24 70887 1.0524498774490332
1 3 14 13 55240 1.0361627193882952
0 3 26 13 76408 0.9317238830457832
3 24 26 10 75574 0.9845997571888404
1 19 17 19 50986 1.0984317453113006
19 10 28 7 38644 0.9399743277834177
25 2 28 14 31509 1.0757033327699599
2 6 22 20 74860 1.0261798376841913
14 2 16 25 58920 1.0410493305184503
15 3 19 19 53292 0.9248217465040385
22 24 3 22 77439 0.9560559932752835
13 29 23 25 50883 1.0570719447836912
13 26 3 9 73912 1.008901216044577
4 26 2 12 33802 1.0273226344554331
2 10 17 4 47748 1.0338453753199641
11 20 22 20 37255 0.9675046857870325
17 29 21 17 48180 0.9006854392971029
16 27 2 6 71946 1.0561050545374375
22 25 7 8 82574 0.9677133874651414
17 7 14 19 44885 0.9741254869418736
3 11 16 19 41005 0.9414455691773918
5 20 25 26 79059 1.079644588111577
21 26 25 19 36817 0.9067682821033708
16 13 8 17 38189 0.9711827607270356
19 11 29 24 54581 0.9511458087472442
20 9 13 29 69828 1.0872232560035993
13 27 25 10 67474 0.9992663344609736
14 16 27 4 58240 1.09779336197969
12 3 5 6 31673 1.068241636370299
2 13 12 20 46636 1.0126838762298638
11 3 23 2 51556 0.927317864100149
17 29 12 9 62516 0.9482831350881373
6 25 19 17 68487 1.0855328064837415
9 0 13 14 54803 0.9248722680163232
10 6 13 15 35453 0.934171560379067
10 0 25 5 55262 0.9059460379276857
29 10 6 17 74117 1.0812647022493003
13 12 25 7 38169 0.9927379082558179
5 15 29 22 87090 1.0892275024772105
0 24 14 14 65963 0.9318191980185294
16 22 8 4 62574 0.9486869287703734
29 23 7 19 72830 1.0524989749752973
7 11 10 3 36639 1.0746064205078751
7 7 18 9 39667 0.905720452860478
13 3 6 23 73369 1.0538924929138767
4 29 16 15 61166 0.9308901038658631
23 11 2 6 48446 1.0269358446302639
9 23 5 11 45171 0.9743288214668169
20 3 10 25 88572 0.9555957585497752
13 10 9 22 54465 1.0827406203911458
19 18 1 2 75489 0.9728127136912501
27 3 5 18 78840 1.096332790484386
8 28 8 15 57071 0.9345794326844571
6 19 0 23 33095 0.9997665308102799
7 20 12 29 48826 1.0005420692712197
4 17 12 21 35267 0.9155066343440529
26 19 5 21 63920 0.9650650705055429
14 5 4 24 68470 0.9297912393959507
28 2 22 7 27804 1.0792194076633879
25 13 11 16 47443 1.0239387906583877
0 29 14 7 93596 1.0606733778709045
16 14 3 13 34967 0.941502670205269
4 29 11 11 48203 0.9141096538484048
20 15 0 3 75867 1.0772234845927946
10 26 4 11 54554 0.9805179823932295
23 19 8 6 64332 1.0020449411645937
3 6 8 25 62516 1.003365431192065
28 6 7 6 47347 1.0329534660360153
15 28 23 1 88392 0.9446520562353802
2 25 25 14 87522 1.0273893457171628
8 12 3 23 36698 1.082894440054892
23 15 2 26 84535 0.9870667229419926
28 29 15 4 82363 0.9031131725555075
9 10 8 21 50236 0.9680035324390263
26 25 18 5 58407 1.0591725075980916
8 17 16 22 34493 1.0035839566236786
4 0 14 15 54015 0.9455613380751147
6 0 23 12 65791 0.9942866377343987
29 18 21 14 29657 1.0141262728954534
28 6 1 20 82091 0.9903667992464691
14 12 20 21 39457 1.0955202173647107
27 29 14 16 66820 0.9242135820405586
25 1 4 0 65531 1.000345624322283
13 10 12 20 36570 1.0330466252390815
4 27 21 4 87050 1.0211834759568041
8 10 0 3 42636 0.9236715084773274
24 18 11 20 40094 0.9994385203355223
0 17 17 16 57404 0.9460645173628272
28 1 4 12 68928 0.9745025008025997
7 5 9 23 64662 1.0077731121140472
16 22 28 26 51333 1.06598876041711
1 19 29 28 104182 1.0013076550376916
15 13 20 4 35814 1.0966820290919217
13 13 12 1 43892 0.9563092935387065
11 25 11 7 60709 1.0050013742925474
3 28 19 10 72391 0.9929002681274812
15 25 10 9 59775 0.9683877379937558
7 22 24 17 65741 1.0064274710293366
4 20 26 8 64555 1.0606806903245438
19 24 22 13 53309 1.0726052166598117
1 27 8 11 54190 1.0063366164937384
14 24 25 14 59154 0.9567999473376827
16 16 1 21 54417 0.9869502901247657
1 24 17 16 69016 0.9932002375630785
28 17 16 14 44647 0.9448689759637982
27 28 17 16 55220 1.0721719974793724
11 15 8 6 36929 0.9434275149904032
16 11 23 26 58826 0.9661383738877434
18 9 4 14 39613 1.0835244202365883
16 21 1 18 45914 1.023888859465294
14 6 9 11 24591 0.9925291802428122
2 14 5 0 37588 1.0385187334702057
16 28 25 12 56213 0.9508644524020795
9 7 14 19 61869 0.9806101805013234
7 27 20 7 91719 1.0960362636214205
23 10 5 20 59812 1.0723176896304796
0 18 6 1 55301 1.0856062782320037
2 25 14 8 70147 1.0212548997327167
27 24 4 28 95066 0.9461863743522397
17 29 28 20 64060 1.004145595951605
15 23 18 0 60109 0.9312707512281059
20 8 7 20 67169 0.940124608563813
10 25 29 23 76096 1.0168759400757332
21 28 3 28 82747 1.0811964118097346
16 26 12 10 46659 0.9890098757998527
10 21 14 11 42732 1.0841723449397032
12 1 23 13 57438 0.997024826772591
28 19 13 26 63771 0.9287296461143174
7 2 19 18 66960 0.9544332369782242
12 29 0 23 63105 1.0569005672560132
1 29 8 8 73561 0.9767035151397587
11 13 21 25 68282 0.9513441816997044
25 11 0 20 69844 1.0055375539891975
20 22 9 8 71862 1.0887635610124042
5 2 17 13 51191 1.0867318057810578
23 1 11 16 70681 1.0285369804340054
10 19 29 25 78531 1.0988753924061148
15 5 25 2 40701 0.9010100659729239
6 16 22 5 68340 0.9388230156235193
26 18 16 9 34895 1.0442847339684513
9 21 24 22 66978 0.9408980699708136
15 18 8 24 44114 0.965931188036975
11 26 16 17 38284 1.089122915213623
29 16 9 1 91006 1.0925425560612856
3 1 21 21 88027 0.9038161397597574
9 9 26 21 62193 1.0449413670434453
14 19 23 29 64748 1.0778581433429097
3 16 5 8 27509 0.9521791661004106
0 28 12 0 100981 1.0993727084521787
0 23 19 23 67321 1.0551006259401348
18 22 8 19 45045 0.9139050698424147
27 26 20 12 43665 1.060893089167157
4 20 15 23 46133 0.932272348613839
15 4 23 2 38019 1.099247067301486
1 7 26 29 95282 0.969174480313624
3 4 22 0 66789 0.9247784858706
20 22 12 27 46520 1.0816426575345146
2 27 18 0 94443 1.0885385154086993
13 1 28 11 57065 1.091146474726776
24 2 18 11 39642 0.9518841099599795
16 9 21 19 38142 1.0678935942562544
27 15 28 2 34705 1.0200174650080633
0 10 10 1 55825 0.9980658372365052
18 16 26 5 48166 0.9440910085451042
7 14 14 21 43765 1.081819420539029
20 11 19 21 41794 0.960251783001825
15 17 28 29 65534 1.0352327892617978
8 2 0 28 89304 1.013809159551256
25 22 14 15 48916 0.995368547452968
3 3 29 5 78922 0.9447868393048936
16 2 25 14 45357 1.0371929146484173
10 26 5 2 76687 1.0728470376840042
6 13 15 14 30004 1.0054127713483403
11 11 27 23 54767 1.0627022770433254
10 7 16 14 33996 0.9293218324472274
6 7 20 24 82243 1.0750153658960075
18 21 4 14 55487 1.0783439369212218
28 19 3 9 72302 0.9266810624918218
6 16 16 21 43223 1.0084030201460317
3 18 15 3 63017 0.997974413045807
25 11 11 17 46118 0.9917251427481015
1 21 5 11 34365 0.937779346841314
23 8 19 0 41697 0.9148733152334285
27 20 9 11 51394 1.0300839112729678
18 24 22 15 48459 0.9288985569339101
9 20 23 13 58856 1.0905079956747896
16 18 6 10 39611 0.9531676600716923
20 1 23 11 44948 0.9944015847811661
3 26 17 26 52772 0.9963754211450586
29 18 6 5 77458 0.9722764824372012
3 22 26 10 71941 1.0133865951235006
27 10 15 10 27693 1.005134874998313
23 5 23 26 58973 0.9413888230780348
9 16 20 4 63872 0.992473343142353
10 20 22 5 66917 1.0833952542659941
15 17 26 3 53285 0.9158948392985651
25 3 0 17 88062 1.0071282826367522
10 28 13 8 74883 1.0556190381903745
12 6 26 26 66168 0.9451571049697745
13 25 1 15 67202 1.0071224494123194
14 1 5 12 52774 0.9811960402254292
24 16 9 7 67924 0.901595412043715
24 9 6 22 79672 0.9088091368911857
26 3 5 27 92272 0.9116495015635009
4 16 20 11 38838 1.0823156867515276
13 8 10 16 33398 0.9153981454440249
2 20 23 16 66416 1.09985214810571
24 9 18 26 64866 1.0942866152224267
4 27 7 3 61506 0.9660371998459527
1 29 12 3 97299 0.987066297797601
26 15 4 6 56829 1.044443019645659
9 13 18 15 35175 0.968392283911516
2 6 4 17 27707 1.0910057766291141
29 24 11 4 87063 0.9992091694965833
15 28 7 14 62521 0.9126217084454641
23 27 12 28 52284 1.090761064541155
22 20 5 22 63021 0.9822003694985509
7 28 28 23 89690 1.0477453486723474
18 2 11 27 83688 0.9512352495414854
22 15 12 15 36857 1.0598951666466514
18 19 4 8 52324 1.0634845583049453
1 22 14 0 88282 0.927697060063467
16 24 3 16 56190 1.071079807465701
8 21 18 24 48319 0.9369265516692283
9 3 4 18 54348 1.0199313111058332
7 0 15 4 40339 1.0851621605561024
3 22 4 5 42086 0.9244067574786472
12 16 24 11 41433 0.946510329231407
1 8 23 19 77453 1.0191412024815205
11 13 18 2 44631 1.082122125793032
6 12 18 22 56247 0.9927695873458664
17 15 5 28 68623 0.9726233004613507
26 2 12 26 82404 1.0841403705461408
15 27 14 2 70441 1.0194456051872607
16 27 7 17 47556 0.9275052342866127
19 9 23 17 39279 0.9830974338499554
10 14 17 1 48181 1.0443667262905785
14 15 17 22 29199 0.9680337295460738
8 27 1 20 42186 0.9866856576811412
2 9 28 18 69260 1.0629772425999788
14 3 26 24 75202 1.071574520933826
28 13 20 3 45684 1.0443004959816262
11 9 15 24 53691 1.0897300363747608
20 4 19 26 72226 0.9462534326699142
19 15 7 5 53622 1.0836387960294325
28 19 7 26 86264 0.936103684529645
5 28 28 23 96829 0.9304728964736201
16 18 28 18 29363 1.0163408723675622
13 1 25 28 89461 0.9997558620018232
9 28 9 9 81614 1.005899656450547
21 20 6 18 48136 0.9093647945206587
5 16 8 4 43446 1.0443489593395876
5 8 1 29 64907 1.042700189142351
28 15 3 27 93188 0.9927719049300354
22 29 10 25 60418 1.09438155479938
6 22 1 9 49746 1.0821729114308707
20 23 24 3 70804 1.0540479874382287
27 17 0 21 84917 0.9681471390752179
15 13 0 20 60478 0.98685164338918
21 17 15 21 29552 0.903278922230131
26 3 6 14 63662 0.9279886772993456
4 6 22 2 57987 1.0570261144302149
22 11 4 21 53171 0.9295820243200247
10 27 20 10 71303 0.908593796068709
0 11 8 20 40146 0.921272841640655
2 28 13 8 69557 1.0932344406300467
0 27 21 20 89181 1.0642489879214299
24 13 11 15 43840 0.9703289626185654
17 19 13 7 41596 0.9905296797521123
11 11 18 0 39565 1.01134682157626
7 29 27 11 94806 1.0452589461841573
11 13 22 25 67023 0.9655087762813968
8 6 4 24 47377 1.0117395582012634
0 11 22 13 46621 1.0733414738448697
0 9 22 13 54600 0.9868783660884085
25 7 15 29 74938 0.9675709281290339
7 20 0 10 40931 0.9757051957345761
6 15 29 22 88009 1.014559167516469
26 13 29 21 27119 0.9926246392169981
24 24 2 13 86468 0.9254793442034377
18 28 7 11 65684 1.0250023015693481
29 27 9 25 88068 0.9635617596148858
9 8 20 3 49226 0.9277977480494705
23 8 1 4 69254 1.007650995368258
6 18 11 26 39476 0.9894968678136353
28 29 27 11 46655 1.0172372261545362
4 23 12 20 33079 1.01750694123445
21 24 27 13 46577 1.0406567949183203
12 26 1 19 57092 1.0628146314356812
27 2 29 14 33585 1.0142282247081564
27 3 16 28 78045 1.0000975101484344
17 23 19 2 61891 1.0895993732068059
4 0 28 29 107145 0.903635590941855
15 24 26 6 64231 1.0446252369927296
27 22 20 14 39930 0.9428600788475484
12 29 0 28 64019 0.9838005517728864
11 6 2 24 63794 0.962133600496568
26 8 21 27 59317 1.090647058322965
5 6 20 6 34941 0.9518402755270742
18 25 23 15 55461 1.0251163313465939
1 27 24 27 98592 1.0952139298140708
19 9 22 1 41064 0.911751458998231
19 7 14 13 33804 0.9004725628370803
28 23 17 9 55085 0.9488350922264036
14 28 10 16 56915 1.0700348808008684
1 0 20 4 68480 0.9350959627933961
29 15 4 15 67685 1.0481171725871876
6 22 1 4 60970 0.9983496678141655
25 17 15 19 33104 1.080379149635352
10 24 8 14 45781 0.9897631230085809
22 29 16 10 69265 0.9019786157309887
3 23 12 14 45071 1.0731992865566113
4 10 29 6 57928 0.923157380804745
4 22 24 11 58825 1.0210711502698717
6 5 11 17 51007 0.9339414360294278
19 29 8 24 62788 1.081548467509382
4 21 12 23 33696 1.0406966822539256
27 26 8 25 76246 0.9326216138354194
20 1 26 24 66766 1.0700455889030314
23 17 14 18 26060 1.0355995773590636
12 15 18 7 42017 0.9862346392648856
22 16 15 13 30779 0.9054152342413587
6 13 12 8 33440 0.971322864552467
29 2 5 7 70511 0.9014563112730541
24 17 17 6 52500 1.0812729420075775
6 24 29 1 109472 0.9581329477183635
13 18 7 12 34280 0.9398811277044932
18 13 25 4 40522 1.0406248742580018
21 8 4 19 63482 1.0436962833271013
15 27 10 1 84968 1.0678815136323438
19 22 8 29 66412 1.0761251298188264
12 26 15 1 74046 0.9053084821933243
17 17 19 28 44693 1.0083917468307186
23 9 12 18 46502 1.031946155018338
26 6 11 2 46425 0.9773641714066378
23 2 3 16 77999 0.9667542398977071
23 1 23 24 66416 0.9293091159632689
26 4 17 8 32118 1.0882934585511017
6 24 9 0 75874 1.0299271987452894
15 26 0 0 91932 0.9286788796782649
3 22 10 27 42192 0.9415079902839759
10 29 12 13 63643 0.9997275915093641
20 19 5 27 69159 0.9006269900499261
3 23 7 29 30127 1.0150525965386583
25 13 17 26 57058 1.0900693630150051
19 1 25 25 79682 0.966500408509709
3 7 14 4 42709 1.0786131002704242
27 20 13 16 46511 0.9085705681541935
12 20 7 14 33786 0.9524826908192607
4 6 14 3 39903 1.0171504920051555
7 17 19 6 55597 0.990839963929014
9 11 7 3 31634 1.0816139379837417
27 25 8 5 86546 1.0459796696785963
26 5 27 27 48203 1.0679443286674584
8 11 18 11 18332 1.0518827440440424
28 9 0 10 63848 1.0269419834096827
10 5 19 0 40964 1.0921448948457215
8 2 16 0 32292 1.0411349103387404
26 15 17 13 30041 0.9487494530345263
4 1 16 4 44385 1.0914166369309168
29 17 7 26 89274 1.0418814978141318
20 22 19 7 64155 1.0926088044219968
29 15 10 14 59633 0.9907131232689321
17 8 17 20 35422 1.0315299863468887
26 16 1 3 79402 1.0072510712765594
13 9 2 5 39642 1.0120908619969322
25 17 7 28 82564 0.9249224120520413
6 28 21 0 106265 1.099350850686041
11 25 23 7 78743 0.9754478076976295
21 5 1 13 61189 1.0685632005607788
25 19 4 18 57190 1.0397765113705848
29 14 11 27 77633 0.9731380293818034
19 21 13 29 43550 0.9860578010737632
6 29 17 24 60988 0.9338578661355454
23 12 18 7 32658 0.940720764758949
12 16 10 8 35938 0.9258402517302284
24 2 17 22 73898 0.9443834971357019
1 19 19 15 63693 1.03719219199023
15 0 20 6 26927 0.9935852504046616
21 0 13 27 86843 0.988389594690339
3 5 18 11 43261 0.9010456910436669
6 10 14 1 52645 0.9118056596923814
19 15 2 12 47132 1.0758407526645446
21 24 7 16 65303 1.0966467057063432
21 13 11 12 28624 0.9094792056751091
1 21 17 25 69779 1.0299734652864598
4 26 9 10 45491 0.9844573756972315
2 1 11 10 43940 1.075891072262953
1 12 29 5 71084 1.0703613930468776
25 17 2 3 82198 0.9332475053823358
3 9 28 20 71282 1.0668312279790704
22 14 0 12 53744 1.0815555557509284
6 6 15 25 72894 0.9232636614105125
5 19 22 2 81398 0.9527309795787744
28 14 0 11 58545 0.9536377614821447
18 27 5 29 62430 0.9487938843038867
26 3 17 15 45492 0.9975047046515683
21 23 18 6 57733 0.9041386839059012
15 6 9 28 81151 0.9468118587519581
8 3 25 12 62374 0.9531615916548085
0 13 4 22 32081 1.0496373880294914
7 13 19 15 42477 0.941245993772317
14 10 25 27 62487 1.082406598524898
17 17 2 18 43910 1.0424753582851845
6 11 29 25 84045 1.0779442462948468
16 7 28 7 35818 1.021611896874278
0 22 21 14 80378 1.0772495787383887
29 15 0 10 70433 0.950065993581617
7 10 22 21 62594 0.9302271866845068
20 22 29 24 44742 1.0877207048569881
16 2 17 16 36068 1.0027574606161378
20 14 0 12 49816 1.0224842672003522
3 29 14 4 84777 1.0692782046094975
8 16 1 5 47791 0.9395216610815533
12 25 27 24 70101 1.0443094055467224
23 29 29 7 71947 0.9973727481531687
29 20 5 27 92915 1.0040339294237457
0 19 5 14 25668 0.9192368401300908
14 11 17 23 33913 0.949840072108208
21 29 25 8 70365 0.9210435112953574
11 25 4 0 80270 1.0335376457538112
9 14 14 1 55385 0.9063637632078787
6 9 19 25 75623 0.9556957134189779
16 11 0 18 46425 0.9591777702354811
10 19 6 4 57022 1.0314080367946872
18 28 6 18 59201 1.031692349409938
9 11 17 3 36483 0.9324450717312099
3 11 27 21 64044 1.0975968495787751
2 6 6 16 35723 0.920859757915068
6 21 3 4 46157 0.9520478388813651
11 27 3 0 88184 0.9889799842964555
18 10 4 20 48501 0.989733692007159
3 8 6 24 50065 0.9276967811144294
5 6 22 23 80680 0.9312874359783846
16 13 4 20 44642 0.94435477581038
6 24 26 1 96044 1.012518924930085
29 9 5 10 58472 0.9539965971716875
25 3 10 17 73210 0.9455870604887879
13 26 20 3 76473 1.0177398421932828
19 1 10 23 83953 1.0829757229230288
11 9 20 23 57125 1.0687622407859738
5 25 28 20 85055 0.9875138655155469
11 5 13 29 78805 1.0584001259509743
1 0 29 18 91780 0.9759298896168032
22 8 11 13 38076 0.9877801320242982
19 28 18 15 53216 1.053888114966233
2 6 23 8 57817 1.0194078776020747
29 3 20 27 88152 1.005918430752566
17 15 15 23 25155 1.0388724182041085
16 7 18 20 35583 0.9870158507996782
8 11 20 7 38448 0.9413091811687415
24 28 19 17 51977 0.9269763789182273
10 27 22 22 57165 1.0001377546326107
3 4 15 16 55303 0.9444461318426793
9 19 26 15 52879 1.0542333606102896
27 24 3 3 94307 1.0713725157381782
22 23 18 1 78188 0.9208236012875131
10 27 17 1 85902 0.9252739666328152
4 5 4 24 38932 1.016027350854402
8 13 5 4 33164 0.9291805311397789
18 0 4 22 74132 1.060585904424085
14 26 13 3 66716 0.9089484225954799
0 13 2 0 42716 1.0591272639412832
13 0 14 29 84193 1.0597870490847165
12 12 5 18 34676 0.945802135207953
18 13 11 27 58086 1.0757211962014381
5 2 22 1 60974 0.9287731067835759
1 28 2 0 79679 0.9478198198746797
20 2 3 11 58521 0.9569651082744672
25 9 0 26 91288 1.0454689881538826
13 20 25 5 63387 0.9406344231297509
29 9 8 5 65404 1.078266073283433
27 21 14 25 64292 0.9871538787564323
14 15 9 10 28749 1.0740678640647117
3 16 28 28 97524 1.093437550508684
28 7 0 20 92247 1.074398605319295
28 6 16 6 27196 0.9552817734160228
12 4 2 19 62139 1.0597927664016675
9 6 18 11 28769 0.9148230288550556
15 5 2 24 76282 1.0219156081263148
23 22 13 6 64136 1.0863545299689177
19 15 0 6 61248 1.049907429584617
3 0 17 0 41055 0.9853867949974793
25 9 17 1 45960 0.9045245032590198
9 24 23 28 70776 1.0431240695971142
3 23 20 14 66750 1.0243809057222593
14 2 18 22 62289 0.9995362852368034
12 16 2 28 61649 0.9346839521519908
27 25 15 15 56905 0.9564505432363374
27 23 9 23 64017 0.9509465826968422
6 18 3 25 28426 1.0170305599419602
19 11 28 5 33037 1.0223541624929444
23 9 5 26 75952 0.972451417354009
16 1 27 21 63184 0.9720763789597883
29 12 29 29 55131 0.9089765713988014
9 5 16 22 56156 0.9947173124464412
3 12 12 14 27491 1.013734806935333
28 11 5 14 52009 1.0798143873007195
20 6 27 13 29456 0.9991369322900195
24 22 16 6 62092 0.9068585790177363
6 2 2 10 31011 1.0661980105844024
14 11 1 13 29137 1.0580546056710385
20 20 0 24 78236 1.07134614442677
20 24 13 18 36347 1.0856996215238226
15 24 12 14 41636 1.0369033919907098
10 10 11 29 67312 0.9382202925060296
23 3 13 1 45996 0.9920826817569057
24 27 10 0 103782 0.9053717192045431
26 20 2 5 75180 0.9944611925110736
24 29 2 20 98237 0.9748705302079012
20 25 23 16 43562 0.9111742305578253
17 29 15 7 60519 1.0147963158667077
26 7 5 9 51093 0.9144848502407024
15 21 12 10 40269 1.072391451866945
25 1 6 21 90882 1.0438384914958707
4 21 17 16 48846 1.0927022939070898
13 15 3 17 42290 0.9962285747449705
0 20 21 7 80925 1.0814088453778323
0 19 1 2 60697 0.9010881508147789
15 10 26 19 37660 0.9555071210844568
18 23 9 3 75410 1.0119267876347422
18 3 18 19 54640 1.0951114983744858
12 9 11 23 51480 1.0353629225382546
9 27 23 7 92552 0.9477685996214585
8 9 21 0 60960 1.024177751555017
6 10 0 1 41200 1.0774033533698897
9 24 10 14 46199 1.0023014820143406
6 23 9 0 70508 1.0428160451077633
15 6 29 16 56577 0.9142790903442127
17 23 15 2 53244 1.001388797021651
29 8 22 21 54301 1.0832915607675642
12 6 26 11 37579 0.9511831768421679
6 20 10 27 39814 1.0314583851390347
12 8 11 17 35065 1.0608870144515277
21 15 3 27 83021 1.0342425825514576
26 7 1 10 56997 0.9355700687389608
8 27 25 9 90965 0.925984083045698
14 19 19 25 41641 0.9507091998542457
2 9 25 23 77334 0.9134820327393076
26 9 17 13 28745 0.9477687602214527
16 13 28 4 44073 0.9246303785231649
0 7 20 12 56172 0.999753204092628
16 27 2 3 83180 1.0964356055252287
22 23 8 10 67240 1.0098870843241075
14 27 21 21 46532 0.9556245673576915
11 23 26 12 62439 1.0947259082174905
29 24 17 6 70158 1.0050622616335005
2 21 14 2 76587 1.0536077931716232
11 29 1 15 73910 0.9849926815339192
8 19 21 14 50395 1.0269994007818926
8 25 21 11 75662 0.9678705479712257
26 16 5 0 74786 1.0533493442743296
22 15 0 3 79316 1.0726303484927526
10 18 24 5 68540 0.9720677473473992
23 24 25 11 38371 1.0931709130225553
17 27 28 0 86067 0.9242343024235998
29 12 7 29 101508 0.9417156538074845
28 29 19 13 62503 1.0567075607168908
23 0 18 26 86393 0.9132309664830939
2 9 21 13 52528 1.0674647135553699
12 24 24 6 76547 1.0187650793589285
1 16 16 18 48216 0.9107758418407773
21 21 26 5 47179 1.0612864540740876
24 16 26 29 35950 0.9274874942401008
22 12 12 24 60785 0.9065513999564294
24 16 14 8 53254 0.9745278365328797
24 17 27 27 37208 0.9638959609029748
8 24 0 8 64276 0.9884489587993461
1 4 6 10 30110 0.989540976840254
8 26 29 22 89943 1.0727532436707556
28 2 3 22 93900 1.0528684897601683
29 9 16 22 60797 1.0366746397830846
7 20 3 28 32092 1.0597230474188504
19 15 11 10 33503 1.0490045476794914
16 12 24 6 30112 1.057510357285765
22 6 1 28 95391 1.0883221258430165
29 18 27 5 37726 0.941726504453803
12 2 25 6 44864 1.0383533003044443
22 20 20 8 50414 1.04151907632501
8 1 24 22 102600 1.0166238370158451
10 28 11 3 88780 1.0338553621801134
4 2 10 25 73265 0.959037066111881
2 3 25 7 68817 0.9785746193382024
25 5 15 7 31833 0.9446765983084785
8 14 9 26 53759 0.9455223047005648
0 19 28 28 100750 1.0539996458343497
11 5 26 20 59502 0.942159940444468
22 0 6 0 47107 1.048856061109229
19 20 12 4 58745 1.016116125855268
22 2 13 6 35888 0.9253649542357308
26 28 10 11 62134 0.9153233368364859
12 28 22 27 49433 0.9206066349404939
23 9 8 6 45481 0.9784357527867031
15 9 29 13 42190 1.0472442374542938
7 7 29 26 90178 0.9728630234164778
26 19 17 2 56880 0.9985638277371859
14 17 6 19 34257 0.9838681838379179
21 14 14 23 41726 1.0004955500819164
6 7 28 1 68719 0.990486198829043
11 3 21 8 43567 1.024702480809665
5 18 17 18 31403 1.0407541221046477
5 16 26 15 61334 1.0756818062122613
29 0 0 18 94410 0.9944617847085098
25 11 22 21 35113 0.9726465796444472
28 8 4 16 66410 0.9620673919950975
8 19 20 24 54217 1.0076051567355757
4 9 16 29 64969 0.916732145006682
28 1 22 20 56597 0.9138961183541815
6 21 16 20 37357 0.9287765679093253
4 27 0 15 40543 1.0906477381857107
14 7 1 16 57943 0.9183309310757944
26 0 5 29 102165 1.042996556105416
22 23 6 13 73736 0.9388236470681568
28 0 22 7 30376 0.9126856771912272
16 0 16 28 62678 0.9584113805026571
3 14 26 12 50886 0.9830848897033517
1 5 16 19 61349 1.0888455454495518
17 1 6 13 53913 1.0060133255178598
0 4 11 22 75280 0.9605670344990873
19 13 12 19 40864 1.0890995354477184
6 2 10 26 80804 1.0341758013390676
20 8 2 20 65951 1.0579195258246392
24 23 11 15 62221 1.0702714067543126
15 5 1 19 66725 0.9285368629248805
14 23 28 27 62286 0.9414990497740214
1 26 10 25 38787 1.0872103156524113
5 0 24 26 102354 0.9511082621870197
19 25 7 17 59190 1.0560725132990667
6 25 24 21 83402 1.07576930472201
11 1 3 14 51980 0.988456301221083
12 14 29 26 73364 0.9970835390545372
2 28 9 10 59656 1.0932386685924325
1 16 28 6 76524 0.933457828682353
19 14 28 23 45245 0.913313567416578
18 6 25 28 63942 1.020189385766185
12 16 6 21 38176 1.0045531177015081
8 6 19 28 82107 1.090140324424719
27 18 10 4 65840 1.0416082561542088
25 16 3 28 85651 1.058837729659871
19 28 16 5 66657 1.025217103124267
17 5 12 0 29601 1.0823442340620777
2 24 28 24 100977 0.9710477571421451
11 10 26 12 34188 0.9983708837835378
24 25 0 12 91072 1.0197586717591052
26 23 11 20 54446 0.9664854475207181
9 14 17 17 33098 0.957478352261032
26 2 11 13 50893 1.057413601593848
0 6 22 18 71814 0.9186011802702848
3 18 2 5 36239 0.9094904354816503
20 29 11 22 55081 0.979410085999874
2 7 17 29 85786 0.9182389606624461
10 16 7 3 54725 0.9618314524178162
7 5 11 24 70908 1.0083303312580953
14 15 13 2 45773 1.0473249369871955
26 6 13 15 46288 0.9969936303057803
4 6 25 11 47027 0.9659016596516803
11 18 24 9 53846 0.9453019417030697
9 15 18 11 33724 0.9880090722246146
20 27 24 19 47432 1.009515318758013
28 8 15 26 72119 0.9262559340961588
0 1 18 8 71308 1.076657190000057
0 23 22 7 86438 0.9357382311624278
5 0 11 18 59574 1.0415481973967446
1 3 14 4 55305 1.036271544058299
26 1 12 22 82378 1.0532026536222867
21 6 18 17 46730 0.9264882223009636
12 7 26 4 42539 0.9050504889626594
16 7 29 19 53786 1.035943747255876
0 12 13 24 66934 1.0807195673593826
15 5 24 23 66218 1.0900651247353765
17 27 17 17 31736 0.9710296623550847
18 2 24 18 62775 0.9783551250736676
29 12 9 9 52756 1.0461480741378042
3 10 5 1 26296 1.0805239484673705
25 22 12 7 70639 1.0326383213253765
16 0 18 18 45015 1.0551875114788707
9 29 15 18 58953 1.0630325061614754
24 1 28 29 70562 0.9488593945353255
10 2 3 29 83733 1.0295188867685003
19 21 16 5 46638 0.9931238577637631
24 20 15 6 54268 1.006862384324309
12 9 28 22 68807 1.0437164081795138
11 29 24 2 106000 0.9840609948761898
1 9 24 18 71507 0.9947221371972816
21 17 25 25 38694 0.9807750618230316
7 22 17 25 46987 0.9036319412567554
25 23 12 5 71733 0.9357832568616419
10 14 12 2 45947 1.057606989842816
2 2 23 15 74762 0.9071583187290099
22 15 10 24 62966 1.0483850354466069
28 17 20 8 46772 1.0106458150297122
25 1 2 6 69026 1.0488967748541866
25 7 16 3 30719 0.9836903745540863
24 4 29 25 68265 0.9686226806647807
18 11 6 28 70599 0.9342367374753421
25 24 12 12 58327 1.0107326617783847
26 9 3 22 73893 1.0517443110568787
28 26 1 23 101369 1.0691151187966315
9 24 27 4 93887 0.9167067910397759
10 14 18 11 25372 1.0955048427634995
9 8 23 26 88590 1.0167770372060116
6 28 0 0 80248 1.0798355735084444
7 1 0 23 73960 1.0623378451746008
10 13 18 4 43328 0.9431071071329622
22 24 11 12 59862 0.9318014074814274
21 28 10 26 50994 0.9302898129731001
13 25 2 10 69898 0.9663583701918179
10 5 29 12 55511 1.0617177859113576
19 14 4 3 52031 0.9692932336177905
5 19 9 0 58566 1.0976224666253676
1 13 29 19 79193 1.0440706018989625
21 10 14 3 47155 1.05238549594398
8 5 22 5 40431 1.0885617767108395
21 29 29 20 52973 0.9318389548800201
20 2 16 15 44990 0.9375730562580329
7 16 20 3 67316 1.0470933462346306
28 4 10 17 74906 1.019757956736351
21 12 26 28 40178 0.9266785314865438
25 9 9 2 61575 0.9312464683360678
14 12 23 9 25255 0.9602925704298231
24 7 20 19 52047 0.985997052592971
21 22 17 12 49054 0.985239142855572
23 20 28 15 26758 1.0805058463364554
4 8 12 27 75232 1.0113556764825817
11 10 3 29 57082 1.017194497539597
12 25 2 5 85096 1.0030355222381513
23 22 18 12 48595 0.9518169669045203
17 9 28 26 61657 1.0758948185142965
2 27 22 16 83111 1.067826106365385
7 23 18 20 45510 0.9628182527418011
4 16 14 21 43398 0.904154872531013
29 7 7 7 59921 1.0649844127106864
24 2 21 23 64227 1.064194187121118
13 14 22 25 57360 0.9230843981419876
6 8 19 15 52754 1.0462726132964368
3 9 14 4 44155 1.0186263202639603
9 26 14 10 67764 1.0182831709219164
1 29 21 1 119090 0.9927196212636095
4 1 0 9 33980 0.9098581080124638
10 2 23 2 52368 1.0979748428375287
26 19 6 29 89957 0.9427522297089951
7 21 18 23 45007 1.0859253715187802
28 29 3 9 92683 1.0017471090186134
12 16 2 16 44002 0.993701772135516
19 28 8 27 55085 1.0542586475838065
0 12 7 8 25294 1.003495818759984
25 13 15 9 31558 1.0334085858131306
28 21 10 17 58978 1.0244611433015505
29 17 4 2 84740 0.9193933399855497
20 1 29 20 68444 1.0328180362245059
8 23 2 9 51292 1.0304206543029157
19 21 12 14 39343 1.0104720196807961
13 15 10 1 53935 0.9009234294720312
24 4 21 23 61438 1.0870102210355328
20 19 21 4 61575 1.0908610276146788
23 7 10 14 49117 1.0217097839089262
26 22 21 5 47360 0.9957237823883481
18 10 8 25 74585 0.91391700974381
26 11 0 5 64462 1.0609727458018166
2 25 25 6 91491 1.088747078430612
15 14 23 5 39713 0.9596073050511628
3 17 29 13 74333 0.9469574625292981
10 24 2 15 51633 1.07474525599877
25 26 13 1 84640 0.9041824541397407
16 14 7 11 23647 0.97874696976153
2 8 1 23 51891 0.9093175508764116
24 16 17 8 46749 0.9885624101577797
10 13 2 3 44619 0.9342030823131788
2 22 7 3 61118 0.9409345832501067
25 29 11 24 68227 1.0444359064109687
0 15 17 29 84098 0.9864989915823225
29 0 9 19 88758 0.9170110901462688
21 29 18 17 59364 0.9487668939259781
1 18 25 12 62943 1.0509842058987053
16 17 24 28 56262 1.0698084428691035
9 16 19 10 46800 1.080462768249962
16 17 21 25 43182 1.0473815565296354
16 0 19 20 55717 0.907246841975557
12 3 27 6 48624 0.9014869305446972
25 13 28 3 34155 1.069393329175235
17 6 16 23 38561 1.0371253261693218
3 28 27 1 103081 1.0862975268256336
4 3 22 27 96979 0.9146494153530682
8 21 23 14 64332 0.9765106281231601
0 5 10 17 59411 0.9471137580605629
17 15 7 10 33337 1.0339206405373442
18 25 9 15 59029 1.0872285355142366
22 21 1 7 84758 0.9530277378588173
24 4 6 11 55614 1.0874556528851844
18 1 1 6 57536 0.9196696949668961
9 19 20 23 46591 1.0693149902428303
27 11 13 24 62366 1.0714667582681414
5 23 28 23 82025 0.9048117267019276
9 9 19 3 53460 1.0791839201410034
7 1 20 22 90079 1.040242177087344
12 26 19 0 81042 0.9920893983894359
13 28 23 11 63954 0.915409716472451
3 20 19 10 53964 0.9154181243381212
24 16 12 10 49086 0.9386190756052366
29 19 6 7 83840 1.0667602081528675
1 6 10 0 39293 1.0274935302636536
25 5 15 28 76051 0.9332458175759317
2 6 0 29 73628 0.9658176089025317
27 16 27 29 36358 1.0183659907164224
3 23 4 9 33054 0.9197189241760121
5 22 25 14 74389 1.0567149779527634
27 24 17 2 74296 1.0389301890257971
27 7 29 25 60559 1.0281260899410654
28 9 11 19 65067 0.9059072284324178
15 12 11 19 32300 0.9984141004552469
23 7 2 2 65888 1.0292660082607794
26 3 20 18 40453 0.9335320878279179
11 2 4 15 48078 1.0021636965415348
14 21 23 16 39061 0.9698744720552348
20 6 27 22 49508 0.9886700086303972
15 1 7 14 54065 1.0085601403372078
19 20 27 25 42999 0.998684544999239
25 18 0 25 86454 1.0862182422987359
7 19 0 1 64341 1.0688825433861848
16 23 3 17 52101 1.025158352216636
18 11 17 2 27071 1.075877933138833
26 7 6 7 52539 0.9995716402247343
6 9 27 12 51259 1.0078503171719488
29 8 20 27 77141 1.0755792711249643
3 13 9 1 50147 1.0551871936806627
28 29 4 1 104598 0.9389131105263837
11 27 27 10 78519 1.0084772252043381
0 3 22 17 86991 1.0028301494821679
0 8 14 26 80697 0.9253701238384371
9 22 13 15 40176 1.0593652996932086
12 12 3 18 33859 1.03294382429202
12 12 17 25 43879 0.9456792354096174
16 24 12 15 35114 0.905411668752547
29 13 29 0 43646 1.0065495556473927
5 26 0 18 30794 0.9728594613046261
22 4 7 25 95240 1.0612570770019374
25 0 2 10 70654 0.9478285940339487
20 9 10 16 46030 0.9155289127143297
9 27 22 0 107841 1.048834114362379
23 3 7 6 47062 0.9538315432528579
0 5 9 26 75414 1.048888516339789
10 22 1 0 78095 0.9911861260141853
26 18 14 9 44064 1.0826025642946961
11 22 24 19 53737 0.9311744915503696
23 22 6 1 98777 1.0429658888638358
10 27 8 14 55645 0.9051003311531161
0 4 23 13 68746 1.016694551478185
29 3 8 5 69174 1.0588793776476755
14 7 29 4 51960 1.0628772025191817
16 19 21 0 57298 1.016990069927834
18 20 15 6 39487 1.0925113731547462
1 6 5 15 29178 0.9035103369183668
3 20 22 8 65008 1.0660226814112939
8 19 28 17 62171 1.0327064760254543
1 27 10 19 52725 1.0886628389182695
18 23 12 29 39604 0.9801509118233025
11 15 4 19 30579 0.9271679372597746
20 13 24 28 57603 0.9583116177499534
22 29 10 28 64646 1.0884102719780615
18 25 11 9 60973 1.0066583147199177
6 27 22 27 69234 0.961537013954938
10 8 5 3 30672 1.0466256864511179
23 1 22 26 73809 1.0881936904967224
18 24 7 1 86365 1.0773520664040255
25 23 19 15 44669 1.0765054410425747
24 19 21 4 54186 1.0715279546902456
8 1 0 15 59437 0.9762196910430989
6 15 21 2 75276 0.9173822284008163
24 9 17 3 42676 1.0396416646395674
6 6 15 13 40902 0.9282141638279501
13 11 25 3 44284 0.9867896227030399
24 0 2 15 81682 1.0615188009129062
1 21 17 7 68115 1.025455408303679
7 11 22 15 42429 1.0831745438721059
1 8 11 4 40584 0.9765093060758105
6 29 1 5 69295 0.9390502984144853
12 11 0 2 48741 0.980914938150975
1 27 19 4 96617 0.9076607336340238
4 14 21 5 54771 0.9152805695469052
22 24 24 14 40585 1.086004088015798
2 16 16 17 48609 0.943292439846301
17 4 9 29 92284 0.9932776083263098
24 20 5 28 85008 0.9532969329493595
24 15 13 23 53636 1.06521552928376
5 16 17 5 50935 0.9197861787229554
21 24 17 5 66561 0.9354221064140501
22 19 26 2 41134 0.9661387260962552
6 27 20 7 89169 0.9354950756059748
3 18 28 15 70238 0.926330587252341
28 26 12 29 71937 1.018668614875696
12 25 27 12 73196 1.0774911166778725
17 14 24 17 35233 0.9555112862305642
29 17 4 6 76243 0.9020546802578351
22 1 0 0 68135 1.0764652652720776
10 7 27 12 50229 1.0363265119753464
23 17 23 28 40185 0.9628372158869185
18 5 3 2 50761 0.938963538327199
13 16 20 0 57444 0.9467261884611271
14 23 2 19 52779 0.9921123882217616
27 1 2 29 110456 1.0863210441731155
3 14 12 16 33581 1.056273514948889
14 4 17 14 34305 1.0114076020419849
19 5 18 21 52066 0.9812358122900253
11 28 23 23 56933 1.0102791279618355
19 28 15 21 36254 1.0774120740977324
21 28 11 3 92694 1.0412069211100328
21 0 0 23 99675 0.9561951928829953
15 2 27 25 77113 1.07015107697815
28 10 13 6 42345 0.9846675012883557
5 1 23 20 86248 0.974039669124647
19 3 23 28 87328 1.028208870541195
5 23 26 1 87011 1.0909195666339655
19 11 11 2 39110 1.0733733480447054
23 25 29 13 46216 0.9804673648465119
27 27 2 13 87591 0.9537505756708986
9 29 28 2 115257 0.9619796858145814
26 21 14 18 35473 1.0868543146085388
25 26 27 11 34457 1.07986110346132
14 29 26 1 87177 0.9780225949843018
9 17 7 27 43880 1.0823645743414105
8 6 10 19 53080 0.9120479771029164
29 13 14 15 48949 1.0163072393019241
1 28 27 21 102217 1.0272585082498296
2 19 17 24 58594 1.0024310583352147
28 0 9 20 87356 0.952800516098577
29 26 0 16 102141 1.069673048428887
13 27 1 7 90585 0.9431963192304269
18 3 2 8 61781 0.9918873288790208
15 21 19 28 36254 1.0358975448441579
24 18 15 10 39949 0.9911437818144946
29 0 18 17 65458 0.9806336169778802
18 11 23 18 34838 0.9260749093692903
21 7 29 4 34909 0.9651529265777029
13 0 22 19 68508 0.96885707691834
17 4 21 13 39304 1.0450306036108272
10 16 19 9 46923 0.9894877438049663
20 0 4 17 69673 0.9746559595359396
5 10 16 17 35593 0.9494229613226649
11 3 6 27 81367 0.9287867003068946
7 12 6 1 37945 1.0797039639512416
21 17 26 5 40977 1.0736627597477826
1 28 7 18 44238 1.0883557058903943
8 12 28 27 81130 0.9383567867968109
29 15 3 28 97894 1.0313093528090125
27 28 9 25 77910 0.9685232546898443
2 17 27 25 87709 0.9624018579037948
20 15 7 22 60801 0.956587550565825
8 13 13 7 31461 0.949591627245364
28 15 22 23 36454 0.987554491817891
6 2 27 24 97729 0.9422058559975988
25 25 24 6 45856 1.0689714478794405
20 8 24 29 68040 0.9442430378913987
2 18 12 26 52756 1.0783034772561777
17 8 28 6 33265 0.9057472540494478
4 24 10 17 32876 1.0183071237230807
20 15 4 9 47171 0.9039346893640458
9 14 8 28 61726 1.033928320240505
15 1 24 10 44979 0.9925444452821308
4 13 17 25 62245 0.9651438860939628
19 29 5 4 95231 1.0390190665941381
14 24 13 12 46512 1.0240675851947154
14 10 21 6 25430 1.0813316628175198
22 5 29 21 53084 1.0469035612576107
21 4 25 10 32405 1.0207911769433176
1 9 21 23 79851 1.0001704414571666
14 7 29 7 49025 1.059169569812693
2 10 25 11 45232 1.0531141821855994
11 4 25 27 81682 1.077104818998608
12 13 23 24 62812 0.9764211153804632
14 27 29 18 64914 1.0291276439738144
21 8 29 23 57332 1.057206260805512
20 26 5 24 62326 0.9002903561086482
28 15 9 21 67919 0.919009351630976
22 6 22 21 50783 1.022231352403105
2 13 16 11 30866 0.912540230894023
29 8 7 14 68300 1.0112002992905673
21 4 6 3 60001 1.0610365480718962
24 19 6 24 77590 1.0908242537275172
8 26 26 16 74013 0.9501598951820625
15 18 10 2 56693 1.0314646780908463
25 22 1 24 92530 1.0245288623721065
15 0 8 20 74082 1.022088293760141
20 12 15 25 47125 0.9319210170568641
4 16 14 24 57326 0.9010811395376241
28 12 17 21 48840 0.958386990200012
24 9 0 9 60048 0.9059822197334179
9 20 0 8 56222 0.9865511330163189
22 28 3 21 88561 1.0421939578495223
24 29 17 14 64936 0.9027349657106722
4 28 13 17 47418 0.9749842718728892
