2631 2790 2557 2696 2298 2260 2503 2375 2305 2599 2278 2232 2343 2649 2385 2776 2375 2684 2262 2485 2667 2232 2227 2778 2823 2381 2312 2204 2653
4127 4168 4072 4242 4054 4437 4297 4280 4463 4161 4251 3984 3957 4342 4065 4051 4027 4575 3987 4530 4006 4218 4197 4256 4407 4411 4228 4197 4062
5509 5683 5745 5345 5473 5431 5592 5245 5231 5224 5329 5769 5644 5298 5337 5574 5697 5426 5623 5564 5591 5223 5453 5623 5182 5394 5494 5615 5376
6748 7087 6634 6625 6740 6702 6609 7001 6643 7043 6866 6683 6761 7054 6821 6684 6881 6522 6962 7100 6556 6721 6863 6962 6915 6920 6960 7157 6662
5708 6138 6206 5589 6080 6171 6057 6237 5839 5730 5881 6121 5786 6109 5878 5985 5878 6220 5624 6062 6145 6102 6202 6141 6146 5751 5784 5769 5910
3867 4094 3726 4125 3646 3510 3894 4047 4026 3480 3869 4106 4111 3596 3637 4019 3936 3571 3518 3809 3838 3802 3784 3731 4125 3894 3984 4043 4087
6574 6663 6704 6467 6982 6822 6731 6634 7082 6851 6716 7077 7059 7111 6814 7033 6789 6914 6716 6670 6511 6768 6530 6972 6522 7028 6952 6723 7010
6313 6681 6630 6593 6612 6772 6804 6564 6800 6710 6622 6506 6638 6284 6663 6394 6784 6519 6676 6562 6930 6748 6293 6424 6328 6745 6676 6633 6691
8413 8537 8430 8208 8320 8091 8437 8553 8215 8503 8630 8121 8537 8515 8385 8203 8053 8046 8382 8283 8023 8160 8608 8267 8588 8420 8592 8100 8576
7356 7554 7277 7099 7615 7609 7400 7306 7369 7682 7547 7117 7200 7039 7471 7217 7205 7255 7673 7401 7507 7681 7396 7416 7157 7171 7111 7167 7571
1450 1428 1662 1122 1736 1770 1588 1614 1787 1564 1644 1384 1185 1760 1188 1612 1540 1320 1358 1317 1540 1684 1353 1132 1418 1539 1281 1617 1525
2727 2312 2548 2884 2435 2705 2671 2896 2438 2329 2344 2662 2903 2761 2706 2423 2888 2496 2592 2895 2753 2472 2937 2564 2842 2419 2849 2356 2574
3286 3223 3690 3684 3652 3768 3542 3245 3724 3389 3308 3517 3649 3189 3367 3538 3329 3543 3331 3562 3789 3684 3718 3216 3300 3711 3541 3578 3311
6767 7039 6977 6688 7080 6975 6754 6670 7169 7251 6612 7266 6833 7211 6937 7004 6721 6735 6822 6812 6866 7010 6890 6692 7003 6778 7172 6751 6766
4486 4245 4671 4153 4389 4070 4388 4280 4366 4384 4645 4439 4679 4408 4579 4312 4042 4411 4446 4624 4214 4453 4542 4307 4489 4488 4669 4125 4179
4572 4012 4098 4125 4241 4451 4250 4508 4527 4002 4627 4052 4121 4137 3998 4316 4381 4487 4033 4177 3989 4481 4590 4455 4583 4575 4128 4112 4655
8324 8206 8287 8190 8228 8032 7888 8181 7887 8227 7909 8415 7935 8082 8119 7874 8147 8372 8027 7982 8460 8231 8070 7939 8082 7964 7941 7869 8422
3524 3429 3745 3319 3574 3519 3302 3628 3705 3661 3688 3758 3875 3280 3285 3883 3759 3823 3754 3493 3388 3387 3498 3357 3348 3281 3513 3802 3458
4086 4148 4126 3985 4328 4195 4321 4021 4035 3898 4013 4312 4113 3896 4167 3896 3770 3847 3929 4002 4345 4184 3865 3918 4416 4049 3931 3964 3873
3552 3589 3704 3559 3331 3393 3504 3344 3281 3400 3619 3480 3451 3346 3826 3393 3874 3387 3889 3698 3342 3878 3933 3535 3379 3337 3566 3284 3547
1877 1451 1512 1313 1594 1891 1584 1608 1783 1705 1389 1773 1548 1599 1842 1527 1730 1976 1906 1569 1637 1535 1567 1828 1358 1637 1850 1362 1580
8509 8100 8072 8126 8355 8208 8062 8003 8506 8317 8534 7957 8280 7927 8542 8255 8484 8388 8111 8015 8008 8427 7975 8585 8301 8063 8206 8414 7987
3587 3712 3655 3710 3251 3555 3570 3607 3738 3278 3224 3136 3205 3759 3424 3139 3654 3365 3492 3228 3630 3726 3363 3531 3656 3173 3714 3396 3757
7673 7492 7707 7557 7728 7730 7617 7418 7520 7619 7340 7546 7289 7543 7166 7524 7253 7659 7120 7628 7310 7305 7417 7707 7452 7701 7548 7143 7637
6310 6421 6261 5860 6048 5990 6108 6019 5826 6121 5985 6159 6199 5998 6075 6212 6386 6407 6056 5964 6226 6357 6035 5909 5866 5970 6396 6270 6015
3308 3457 3415 3046 3347 3545 3202 3385 3325 3218 3599 3552 3415 3442 3591 3626 3523 3057 3251 3370 3072 3218 3262 3612 3415 3123 3173 3141 3190
2015 2548 2210 2271 2119 2315 2666 2421 2297 2250 2238 2526 2475 2326 2244 2348 2305 2437 2496 2613 2300 2044 2130 2037 2421 2047 2168 2222 2607
7746 7960 8051 7520 7496 7879 7980 7796 7849 7909 8124 7797 7959 8090 7918 7788 7912 7584 8019 7961 7917 7924 7956 8092 8090 7600 7828 7835 7516
2593 2858 2961 3008 2799 2708 2816 2462 2609 2420 2637 3020 2963 2995 2702 2945 2796 2886 2990 2594 2972 2654 2437 2645 2781 2747 2386 2575 2754
4963 4662 4758 5106 5219 4680 4858 5114 4902 4972 4870 5225 4916 4752 5115 5051 5116 4740 5188 4929 5060 4988 4885 4923 5056 4954 5091 5187 4876
6438 7296 2399 1948 6354 8753 4423 5021 4008 6611 6630 2788 6321 4519 2994 3784 6398 6827 6500 2397 3707 4692 3386 8492 7322 4426 4081 1991 8565 7388
6165 7273 2833 1773 6173 8811 4641 4991 4214 6632 6640 2957 5983 4620 3499 3381 6920 6358 6605 2806 3947 4673 3404 7910 7266 4835 4672 1709 8523 7475
6561 6681 2506 1747 6082 8564 4490 4899 4211 6432 6466 3173 6275 4455 3086 3692 6956 6747 6439 2483 3464 4439 3808 8047 7092 4617 4368 1851 8101 7626
6087 7183 2410 1961 5874 8369 4707 5307 4264 6441 6770 2760 6274 4661 3344 3422 6790 6694 6518 2802 3785 4499 3309 8144 7009 4849 4569 2132 8035 7438
5977 7162 2653 1760 6397 8689 4891 5203 4086 6828 6166 2563 6284 4546 3545 3606 6572 6829 6663 2374 3619 4113 3354 8400 7160 4791 4616 1582 8455 7467
6209 7042 2531 2125 6481 8888 4726 5435 4344 6656 6102 3066 5822 4758 2998 3647 6546 6286 6847 2494 3522 4642 3301 7890 7571 4208 4552 2014 8400 7505
6317 7249 2578 1870 6303 8372 4747 5195 4200 6744 6226 2605 5813 4597 3441 3474 6607 6826 7039 2627 3466 4600 3861 8455 7412 4555 4156 1756 8287 7443
6395 6774 2522 1776 6342 8670 4723 5287 4146 6636 6145 3101 5914 4252 3301 3407 6800 6700 6462 2323 3904 4360 3280 8155 7574 4491 4354 2032 8121 7222
6103 7086 2894 2118 6388 8655 4594 5441 3957 6295 6370 3032 5768 4121 3517 3430 6431 6234 6693 2285 3382 4193 3486 8485 7376 4291 4243 2179 8309 7263
6016 7015 2956 1924 6443 8826 4553 4946 4276 6277 6709 2760 5860 4683 3042 3900 6613 6730 6757 2850 3887 4486 3571 7965 7142 4565 4682 1631 7979 7828
6028 7205 3020 1825 5940 8262 4480 5279 4153 6500 6681 2897 6170 4259 3033 3411 6338 6808 6847 2644 3906 4062 3566 8406 7459 4427 4292 2089 8021 7738
6029 6814 2899 1926 6266 8617 4465 4879 4091 6246 6717 2919 5891 4690 2997 3572 6415 6271 6967 2713 3720 4615 3315 8191 7425 4434 4566 2084 7954 7581
6224 7286 2964 1773 5832 8298 4246 5433 4010 6464 6745 2568 6111 4528 3243 3336 6898 6650 6609 2191 3714 4263 3290 8148 7009 4279 4177 2157 8149 7532
6255 7163 2617 1884 6205 8512 4780 5264 4309 6712 6177 3086 6311 4383 3210 3834 6622 6735 6930 2790 3417 4535 3380 8146 7238 4620 4196 2104 8109 7233
6558 6904 2559 2140 5909 8349 4530 5156 4051 6877 6248 2813 5916 4112 3380 3556 6710 6688 6841 2236 3457 4068 3443 7990 7198 4637 4541 1928 8284 7543
6175 7015 2427 1908 6012 8630 4654 5366 4200 6780 6557 2567 6096 4518 3097 3587 6546 6325 6687 2528 3569 4620 3816 7857 7207 4278 4505 1949 8220 7875
6068 6890 2753 2309 5936 8584 4297 5261 4424 6675 6151 2811 6202 4496 3412 3676 6948 6883 6661 2398 3697 4668 3870 8360 7032 4836 4584 1589 8275 7705
6535 7254 3022 1817 5842 8403 4251 5142 4385 6512 6367 2722 5950 4603 3341 3454 6345 6689 6691 2460 3755 4505 3639 7876 7139 4479 4621 1572 8552 7590
6395 6944 2664 1824 6022 8784 4362 5042 4279 6294 6756 2554 5902 4202 3470 3935 6594 6233 6443 2524 3442 4197 3686 8114 7368 4216 4092 1938 8620 7333
6229 7116 2792 1907 6038 8696 4387 4896 3978 6657 6471 2632 5724 4590 3230 3624 6477 6772 6621 2764 3775 4135 3545 8431 7335 4787 4230 1803 8157 7510
6202 7205 2867 2088 6040 8502 4407 5459 3893 6671 6506 2796 6225 4397 3457 3622 6612 6837 6502 2440 3904 4071 3422 8079 7059 4573 4382 1639 7970 7218
6184 7063 2932 1992 5873 8569 4583 5466 4043 6550 6289 3108 5976 4669 2962 3515 6901 6611 6945 2774 3628 4041 3603 7920 7421 4306 4085 1857 8592 7713
6218 7301 2674 2133 6025 8258 4754 5383 4259 6522 6503 3077 6101 4377 3472 3383 6827 6316 6694 2241 3964 4406 3701 8173 7599 4524 4213 1796 8387 7538
5934 6868 2718 2284 6169 8791 4625 5407 4498 6463 6377 3149 6197 4392 3099 3883 6462 6715 6463 2631 3594 4228 3265 7936 6966 4526 4439 1969 8605 7314
6532 6748 2806 1996 6488 8614 4585 5292 4031 6673 6755 2888 5968 4652 3150 3823 6374 6266 6862 2829 3774 4146 3852 8260 7147 4370 4557 1807 8554 7216
6447 6913 2682 2414 6086 8880 4451 5158 4239 6406 6340 2961 6205 4741 2988 3617 6382 6226 6792 2566 3840 4077 3800 7964 7512 4308 4083 2147 8466 7516
6578 6835 2975 1834 5949 8302 4851 5076 4410 6446 6405 3157 5988 4520 3333 3976 6376 6589 6453 2606 3835 4521 3334 8319 7396 4774 4091 1651 8358 7506
6267 7064 2770 2377 6441 8761 4338 5102 4288 6332 6703 3008 6133 4436 3376 3876 6707 6467 6412 2267 3834 4465 3374 8299 7163 4485 4692 1586 8438 7293
6108 6719 2411 2391 5916 8911 4419 5496 4403 6696 6769 2713 5716 4229 3432 3482 6879 6674 6637 2733 3597 4170 3451 7914 7076 4462 4430 2064 8132 7760
13 25 0 1 70105 0.9760644047231497
13 2 1 9 49841 1.0131124561644436
16 17 6 26 53233 0.9355640039952864
23 1 4 4 53952 1.0236106937026874
10 15 7 24 33425 0.9641907411088608
13 27 2 5 67865 1.0490978347579771
11 17 23 1 63854 0.9290391550752444
10 24 0 5 55194 0.976897658142924
22 0 2 7 71045 1.0943000049097846
0 26 17 24 45231 0.963705421101498
2 4 10 19 44798 0.9917104407497118
18 27 28 28 20768 0.9437775240037706
3 21 24 23 78853 0.969237689687312
9 25 29 2 78984 1.02317706105564
2 12 14 25 66380 1.0223420258303504
4 4 15 1 34820 1.0201398799163954
29 14 9 8 71029 1.01485015716975
3 21 2 0 76957 0.9817591703419182
12 9 12 21 35394 0.9190809377478185
5 28 20 24 37713 0.9195726500256257
29 16 17 29 61459 1.0621594581075493
27 6 24 20 45590 0.9144726224888998
2 13 29 28 90770 0.9827563664453781
12 25 29 25 46339 0.9222236665777178
19 11 10 4 35934 0.9329381331657851
26 11 21 23 46267 1.0610354395598007
22 3 29 21 60938 0.9656034298724174
15 15 2 19 43777 0.949693313324156
7 17 6 27 39515 1.0292788209000188
5 18 22 2 66893 1.0187193726341712
25 22 14 3 61248 1.0621862998057383
9 11 15 26 39861 0.991797565428483
27 14 13 23 67654 0.9663770581222613
27 2 0 14 82945 0.9865994422913182
12 9 6 13 32735 1.0823411971651673
21 25 13 8 61771 0.9828515908753752
18 16 6 21 52002 1.00830179779417
15 13 27 3 49067 1.0440184574530778
18 1 7 11 45574 0.9061867646386161
28 9 7 11 65663 1.0151210049656072
26 28 24 19 25377 1.079670683490344
25 2 13 22 70796 0.987681234554669
4 9 13 1 55953 1.0770186091112417
1 18 24 26 71165 1.0250022304649344
0 15 13 17 54419 0.9617360158690603
15 23 25 28 38801 1.0680184439044584
13 20 28 2 69798 0.9799098403659614
12 24 20 15 44999 0.9052267029097057
11 4 28 15 66698 0.914505852140663
19 0 9 29 74657 0.9742809273728947
15 29 3 25 46259 1.0855581331030069
23 24 11 9 69505 0.9929261595301869
1 28 27 16 82372 0.9926952040232121
17 9 9 23 52216 1.0967921127161293
24 19 22 1 47877 0.9770287066877453
8 22 25 11 65532 0.9793728576820265
11 9 0 7 43180 0.9909595734830465
11 16 26 18 48557 1.0616994432398543
11 3 16 16 48738 1.0821421920012648
7 1 11 19 43531 1.0250319981157243
11 18 16 13 31998 1.0518580167027025
22 6 4 6 59086 0.9030408474289
0 26 7 4 69036 1.0913524326652346
16 2 20 9 21819 1.0072925685374177
9 27 21 25 28904 1.076261463978565
4 26 25 13 77735 1.033642347823284
9 20 5 11 31115 1.0692009027956655
2 4 25 22 89282 1.0623536189789258
3 29 2 10 70055 0.9055135648624323
27 23 18 4 67371 0.9956374546688815
11 11 8 22 25842 1.066297878740272
13 15 20 28 47148 1.0232064827917835
14 9 1 26 64224 1.0988033597152165
17 2 5 15 53710 0.9301155848482842
29 14 17 17 49766 0.980774464734639
25 22 10 27 44866 1.080997811547346
6 25 17 13 59016 0.9136087155451851
14 27 12 1 54365 1.0931620271184859
15 14 27 10 48092 0.9629893701886355
9 5 25 14 64924 0.9481917747544438
11 13 22 23 53189 0.9297348663682884
13 2 20 6 23837 0.9276562471799643
26 21 13 14 52515 1.0510685572449527
22 19 8 0 67954 0.9461731531574538
17 2 13 9 41838 0.9064274077591817
5 16 22 9 67369 0.9837747109589274
20 25 14 1 56929 0.901495693812832
9 6 27 26 72048 1.098896856779526
7 12 13 26 49764 0.952970797674802
25 9 3 8 83672 0.9454183444093434
23 14 2 28 71858 0.9640216250350242
4 25 19 15 65238 0.9097424192058526
0 12 7 28 57047 1.0209077694265223
7 22 1 13 51123 0.9283843409879263
25 11 2 6 78728 1.0675150395267257
2 19 11 21 27157 1.009648873235671
24 17 24 28 43124 0.9290519442910835
21 7 5 3 40967 0.910617033791103
10 15 1 2 39468 1.0650480848424206
13 28 6 17 48060 1.086347207625884
26 0 14 20 65982 0.9958527009595515
18 3 23 12 31739 0.9861788944107627
22 25 21 8 41044 1.0155348333748602
15 10 25 9 39748 0.933385732872791
5 27 17 17 45953 1.044276867380417
3 5 16 23 84492 1.0279073593997885
13 2 7 7 32126 0.9969265372984634
25 0 23 15 50822 1.0301780605205804
9 29 4 3 57979 1.0610608478246477
23 0 17 6 36788 0.980910604660868
10 22 22 4 55816 1.0483012249162078
2 0 14 9 60977 1.0006877093959599
25 23 9 16 61916 1.0319633234949026
1 21 11 26 43260 1.0128818414461662
24 12 16 3 39013 0.9062631533734815
21 26 26 13 45150 0.9326587938226821
7 7 0 4 37690 1.059302017100042
8 23 24 12 77411 0.9154617540167611
10 7 28 2 45608 0.9997958105476263
10 4 18 0 29064 1.060605262666607
15 28 14 1 66234 1.029959100672133
29 20 1 13 92926 0.9382879655159455
12 1 23 17 62350 0.9346162459615635
6 12 0 28 62267 1.0607161311138738
23 8 25 20 44646 0.9072404672753478
7 1 29 27 87880 1.0087417731844508
6 6 13 10 41810 1.0679882557318991
0 23 21 24 60288 1.045027680226804
26 23 16 2 63382 0.9561006076137224
11 8 29 10 63510 1.0393793533454907
13 27 12 11 34757 0.9177720099438008
15 7 0 5 50611 1.0419734769460727
22 12 23 2 31892 0.9947540100108229
1 13 16 13 58633 1.05845045760061
15 1 8 17 52116 0.9833534423179131
24 11 18 27 42753 0.9744342722490923
18 6 11 17 55154 0.9811145015398041
24 29 7 9 83595 1.036217473808301
4 16 20 2 66616 0.9301170236479709
3 2 13 6 36421 1.064895215865957
28 24 6 24 68823 0.9725957682665077
23 20 14 18 31762 1.0944076439206771
19 18 8 8 50948 0.9417367463493203
9 14 4 3 31769 1.0921918462623637
12 5 14 18 47041 1.0132619111504846
1 28 9 10 52047 0.9308049261918765
17 4 5 24 70811 0.9657919410230107
21 26 11 18 40709 1.0414871705986553
1 28 14 4 68080 0.9043094383048658
14 12 25 14 41598 0.9965090409709129
0 4 29 1 68163 1.0686675213690462
12 18 20 14 32203 1.0501088739193096
11 28 4 5 63123 1.0794805412043524
11 6 6 15 32405 1.0365564365804287
11 0 7 13 37862 0.9198684749391753
18 28 29 10 66314 1.072762925999634
8 22 22 7 66934 0.9352243513217268
19 5 2 24 90979 0.9477294567401973
6 1 8 22 55045 1.0103105120603257
18 9 28 27 54431 1.048606321759954
14 29 17 19 39812 0.9487355406848427
12 28 16 5 69731 0.9308804015458763
5 29 4 10 63361 0.9133856649373913
3 27 3 6 70776 0.9784686146624753
15 19 1 2 57872 1.0805413076491568
5 2 20 17 55738 0.9974149935027286
17 18 24 22 30234 1.0815504732331722
18 18 8 5 60671 1.0532897218467594
9 26 0 23 34651 1.0988685866406231
10 7 23 14 48989 1.0628727532658018
0 12 7 27 50414 1.0985645844688756
12 1 18 25 67740 1.074954823474499
15 20 6 4 55078 1.002484059912958
18 7 5 22 71737 0.934640115601459
4 19 26 4 73616 0.9471915972823491
28 10 17 11 34689 0.9439106951882352
26 11 17 24 54346 0.9388295791573278
25 13 16 26 54954 0.953656174611663
21 25 6 6 76698 1.018086024379212
13 11 17 0 45672 1.0483971496345061
18 9 0 25 76475 0.9570840876505735
25 10 0 27 83589 1.0773237323976472
2 29 19 18 63805 1.0881332720771824
11 1 18 4 22602 0.9493103357079423
13 18 12 27 29807 0.9654283919141281
14 4 28 19 63180 0.9076610754250339
3 14 10 10 29161 1.0481537292627472
4 12 15 1 53731 0.9492368342027274
10 27 29 13 73438 1.0925995144282337
8 26 17 22 39047 0.956671991688115
10 14 29 3 55976 0.9983244225033194
29 21 6 22 74077 1.0408703612856938
24 26 28 0 74589 0.9260572585466913
14 13 24 15 40583 0.9836750667357423
7 26 14 9 55108 0.9264711404101157
10 11 3 19 29102 0.9833884527728864
4 17 16 22 51848 1.0790509180291132
11 20 25 10 58017 1.017346317130078
21 0 9 13 50432 0.9655877836697412
11 2 14 25 54749 1.0242308872870964
27 8 15 22 66372 1.0506710478156762
18 26 6 21 45449 0.9320551186639774
22 3 6 17 69768 0.9950637849581722
9 29 8 19 27369 0.9958568803024692
9 15 11 27 23083 0.9493830949349085
11 25 19 18 39244 1.0642466494008407
8 24 22 13 65951 1.0996867086049418
10 10 8 20 21577 0.9490816174130716
26 29 29 4 72031 0.9160237204854909
27 5 3 16 94824 0.9961298033868925
23 25 20 15 30036 1.0261241862326607
21 2 5 29 76870 0.9785195167414207
28 4 8 11 58056 0.9763929941336169
2 26 13 13 52700 0.928509961999874
3 6 17 9 65504 0.9807744543589847
5 22 27 4 86652 1.0702677713756674
18 17 29 8 58200 0.9270198642946332
11 24 17 7 59298 1.0647463595761626
2 27 23 23 60133 0.9124785131768632
15 18 23 12 45172 1.080084086980883
17 26 24 5 68136 1.0003936691949997
8 9 12 3 25940 0.9878245204303171
19 18 23 4 45253 0.9918411515852585
21 6 26 19 41858 0.9474520853125398
26 7 2 19 86001 0.9364525667435369
21 25 14 1 61502 1.0862474151451853
3 15 11 24 44324 1.0832464584348866
14 18 2 2 59982 0.9882056294434572
1 19 27 20 70221 1.0385010935214474
26 0 9 16 65560 1.084740680753876
14 4 5 17 55401 1.0095059570238818
13 11 5 27 40607 1.0564198785243486
0 2 16 15 61197 0.9184722686995033
18 0 3 21 80952 1.070740937684775
10 26 14 6 47498 1.0085450001194216
4 11 15 28 54212 0.9231907282420785
9 23 2 4 58657 1.0559759084522835
7 3 12 26 48831 1.0276054445731493
10 23 21 6 57286 1.0247583513618672
15 4 19 27 55442 1.05826658625691
13 4 28 24 80901 1.087233142229602
21 27 7 7 65746 1.0375233091162974
7 24 17 6 75944 1.0540769878193106
16 18 15 5 62544 0.9842266870584641
5 7 13 23 62914 1.0156251060287953
19 15 16 29 44022 1.018028402421344
2 11 24 9 74865 1.0352451022050198
10 26 24 27 27755 0.9173213678696761
13 3 27 10 49440 1.0121174920609346
28 8 22 18 46747 1.020284361631405
8 11 14 22 35231 0.9529002954493496
21 12 27 21 43268 1.0264442140877763
1 9 22 10 71126 1.0696954264845049
9 21 19 10 47246 0.9239558745708439
16 3 16 14 39097 1.0231978200227527
16 2 8 13 40271 0.9078230058292601
15 10 1 15 56386 0.9956447593714363
15 1 16 24 74141 1.0486186705151188
9 14 27 2 57601 1.0826712688172324
10 10 3 16 38731 0.9131126056685526
21 28 8 9 66936 1.0407032991335825
10 1 24 20 65171 0.9717267703422764
19 10 6 22 58642 0.9085709569928141
7 15 26 1 66057 1.065595446195982
9 4 25 22 76221 0.9466738695571371
2 22 17 4 73767 0.9672003025132044
13 15 5 23 41973 0.9884947919753138
20 28 2 26 41246 0.9327412823944166
11 27 27 10 70628 1.0670335291264395
25 12 5 4 64688 0.9951489079936062
3 8 24 28 89623 0.9973177488051146
28 17 25 5 42347 0.9481101296700348
3 12 1 25 54945 1.0451956965343283
12 5 23 14 50576 0.992840042828265
26 9 8 6 60084 0.9238109148192544
28 20 17 18 34450 1.0115181197576482
18 15 29 6 55828 1.003230618445603
4 16 4 27 50146 1.0230136750377714
22 7 27 14 36582 0.9266933682525331
3 29 27 2 99986 1.0507135298668535
19 24 5 29 45434 0.974808007516756
3 2 25 10 69399 0.9445507146694654
15 1 23 24 70902 1.053138562831942
23 15 10 25 51351 0.9098272443764311
20 16 6 2 53081 1.0086248700793266
25 25 22 6 59305 0.9072161201879692
11 6 7 28 47763 1.0386622915578838
13 11 8 27 34805 0.9200729131038895
9 29 22 14 58564 1.08320210467445
19 4 29 17 63466 1.0490925741598467
2 11 22 25 75267 1.0383274491597776
2 24 22 11 83246 1.0470391166648527
18 17 13 26 45689 0.9527051351451418
25 6 23 21 52844 1.0837564807036852
20 28 8 7 60182 0.9147967779837743
22 18 0 22 66779 1.0097324300814765
6 17 28 8 92929 1.0276113017672661
27 18 0 29 80358 1.0386465979202706
3 16 8 0 66571 0.9308177931285204
6 21 3 12 50534 0.9316924721752482
29 11 5 23 91597 0.9276840811604811
9 1 17 21 58658 0.9449586987257697
23 27 25 7 57204 0.9273294602535165
5 13 24 14 65298 1.007805045867721
12 8 3 27 49176 0.9641595827056638
15 12 13 21 45082 1.0806295435840272
0 12 6 21 42625 1.0141129782921925
25 19 4 1 81326 1.0175515384269782
2 7 22 4 64225 1.0760476872764164
1 7 18 7 66191 1.0786724890492114
6 14 29 7 83713 1.0835496460252403
6 4 4 26 66569 0.9853447362611392
18 16 23 4 44854 0.9283671518834665
17 16 25 21 38441 0.9461834641657041
7 1 8 16 49713 0.9255232072394465
9 8 5 16 36665 1.0235052250728365
28 1 15 2 36800 0.9509020748323925
21 1 28 22 65510 1.0686007724002855
7 12 25 24 76002 1.0786067021616208
15 4 5 24 67400 1.0782555259322306
0 15 29 6 97290 0.9734949965133488
2 2 14 25 71402 0.9514494757862395
22 6 27 1 30936 0.975143686821154
21 5 9 24 69062 1.0985734360558064
7 29 19 4 75567 1.0299912277232637
5 4 20 6 38049 0.9317288058702087
0 7 17 27 74873 1.085534060872262
29 9 17 14 50858 0.988972790606862
20 0 11 16 48329 1.0500965351586127
15 2 4 15 53452 1.0907278222895658
0 22 11 8 53320 1.00476989931963
7 0 4 16 68819 1.0108494425149595
4 3 17 5 32231 1.0955962033896054
12 18 25 2 63898 1.0824302821150786
21 10 16 20 36734 0.9200581715300126
14 21 26 22 46186 0.9343762136239787
17 2 10 11 30335 1.0900854519812655
12 1 21 21 56520 1.0870970852411932
19 5 17 19 37498 1.0854293191948763
9 15 20 2 43067 0.9263251786560655
23 5 2 2 59638 1.0595701452928306
29 23 1 23 86326 0.9516115335837956
10 7 28 20 66152 0.9227949161450169
14 4 21 25 56893 1.024608150553597
4 1 29 6 71695 1.0142579896185528
5 20 14 9 48234 0.9946141839333456
27 29 27 1 79422 1.078964448989359
29 5 13 14 70761 1.0472225411188614
6 22 13 8 47335 1.0392442874692809
17 3 25 17 50215 1.0745972738198386
28 11 17 0 53257 0.9895507688518551
16 8 22 3 29136 1.0986109136518074
14 13 18 1 49200 1.0476648948487766
8 19 19 15 41146 0.9025109989966317
20 19 9 16 36079 0.9559829348224409
1 5 27 11 78666 0.9958419312134816
2 12 19 19 62660 0.9601870319639036
3 26 8 19 36685 1.059936461529669
24 18 2 10 81126 1.0941991759138276
2 12 14 0 62464 0.9559997551324318
8 11 28 8 65171 0.9813043818059598
7 1 19 18 67260 1.027101658238672
26 28 14 9 65447 0.929065942568736
11 14 4 29 44188 0.9988429445321009
20 7 28 3 23500 0.9962817463374711
5 28 27 28 53569 0.9160519679157806
25 12 2 2 71776 1.0918988107560095
4 9 18 25 74801 0.9190843621208477
17 1 2 12 62593 0.9200559765633565
12 11 24 14 39663 1.0745813264824016
18 7 21 18 34920 1.0008863578988358
6 10 7 19 37019 0.9617983492963383
24 27 1 11 75102 0.9226450718658914
18 14 29 8 47833 0.9367898271841151
28 2 12 12 58216 1.0361363525610432
14 19 16 2 50583 1.0776649111576986
9 5 2 0 43902 1.0213151557599067
8 29 18 24 46101 1.097374634543215
1 5 23 27 85291 0.9829242001873704
1 18 19 16 60665 1.0909054668244258
29 14 15 10 52102 1.0545439806567538
12 0 14 20 52915 1.09016655439854
16 2 27 28 72496 1.0836408305952228
26 28 13 25 37993 1.064261956385724
16 6 11 15 44280 0.926942636355166
15 9 11 18 38854 0.9518675498673392
13 24 21 14 55265 1.0391104313580939
14 27 19 15 34523 0.9122948174395882
25 16 21 23 37133 0.9865926920847284
17 17 4 6 72855 1.02125327550019
1 16 17 23 66899 0.9003250891763056
10 8 13 21 32139 0.9824494499143692
10 1 25 25 73103 0.9037640371505811
23 29 20 4 56623 0.987734923130928
12 27 21 26 21272 1.060898370561516
4 22 13 6 58129 0.9433306876563651
14 7 15 26 62939 0.996080052685597
19 26 27 22 30721 1.0336946844450825
10 28 16 12 48659 1.0083420046610851
20 23 28 10 46990 1.0649635780831912
16 15 8 5 52248 1.090112700496138
26 12 2 12 76903 1.0588197957599192
24 17 6 19 57882 0.9225575620030103
20 0 21 24 46803 0.9597579819093618
0 21 17 26 51043 1.0407408298520917
4 13 17 25 63417 0.9265918361586413
2 3 18 24 78585 0.984511483032106
23 28 1 16 78545 0.9431050269025462
14 21 16 10 55075 1.098931706740236
17 20 5 21 41219 1.080901035604405
29 10 21 8 40106 1.0850563712292076
4 4 29 6 66527 1.071009932287214
29 29 4 1 103558 0.918275246339794
29 0 10 28 88004 1.0223260017944142
25 29 28 8 59226 0.9657127405891358
14 29 24 11 58095 1.0145878181722936
5 4 14 18 52894 1.0994178000348345
29 5 13 17 86384 1.0157790697054423
22 5 16 28 62267 1.057817138497143
22 13 5 22 66447 0.9958287072706788
22 26 23 12 48063 1.0316096647128221
29 29 5 28 59447 1.0839657897808095
27 7 1 29 103501 1.0120510526480468
20 23 1 2 73515 1.0739763459339047
10 27 17 10 45960 1.0557581504497389
17 15 5 9 51899 0.9710522779005003
6 13 19 10 48778 0.9631680887418747
12 21 26 17 47656 0.966854150376065
25 22 10 18 49181 1.070941115351379
7 12 20 4 48850 1.089944682051068
17 6 26 15 47361 1.0788366676337637
4 9 19 4 59643 1.0227486820310285
23 28 17 3 57732 0.9415345033457504
17 0 0 29 83633 1.0239243475639905
1 9 21 18 79432 0.9829406549520692
21 14 16 4 36047 1.0743344887469615
4 1 7 26 69764 0.9324866063910241
15 12 16 2 42251 1.0182072585358388
18 18 22 26 28815 1.0079812018130636
26 0 5 0 60493 0.9447621089101584
7 0 26 6 61953 0.9230244130364266
16 4 8 10 43906 0.9574522533117629
24 19 10 6 54878 1.0043226760995196
28 20 19 4 54441 0.9107171304153382
25 9 9 5 61340 1.0625781976915805
16 23 10 3 57593 0.9614662800145949
9 22 20 29 32449 0.9350972729497793
13 14 29 16 60212 1.0680272005542637
8 25 29 27 47405 0.9396810261901583
4 1 1 22 68633 1.0687751520530457
16 2 21 12 32911 0.9149402788620443
4 1 7 26 69764 1.012728497059487
9 16 29 24 70411 0.9450117889078984
15 22 23 5 66070 0.990182696583234
17 0 9 23 62494 0.9952887060107334
24 27 21 19 22682 0.9605178870417537
0 8 9 29 69568 0.9714558628610395
2 5 28 13 88406 1.0513258436073432
24 18 1 24 78268 0.9303461933143701
28 4 6 1 58714 1.0390532040803233
13 0 19 9 46657 0.9435750026315831
21 0 1 9 69960 1.0260562884581401
10 7 7 20 30446 0.912826717152745
0 29 20 16 61540 1.0233775528497422
23 29 6 15 68705 0.9601471485705835
3 28 26 27 50911 0.932876685143213
8 8 23 9 59725 0.9847243110231026
26 5 20 26 55196 1.007977663146602
27 12 4 2 74865 1.0907243448968833
11 6 27 7 52866 0.9058232395627984
24 28 12 8 68594 0.9857177761616185
28 6 5 1 62579 1.0502991386475609
21 18 6 9 70068 0.9715010661859143
18 24 14 1 67190 0.9324380189692896
10 13 17 19 26278 0.9760593938283889
18 18 19 5 38967 1.0761633874070258
1 14 19 6 74127 1.0127615815552102
11 3 11 29 44280 0.9795548716499136
3 3 8 22 49304 1.0114395457591765
6 10 19 27 58235 1.0679292342706623
16 29 22 3 64107 1.0174713568248852
5 7 4 16 40463 0.9113698173770217
17 20 3 19 38748 1.0763353219785057
23 11 8 19 53032 0.9184483765718244
28 9 18 8 42335 0.9574738019589306
25 26 0 15 78256 1.0059833189350926
10 24 20 20 33843 1.075550260223737
24 22 23 2 55485 0.9253568240568505
2 28 27 1 100041 1.034494893923825
5 16 0 6 43408 1.0569794799293144
3 5 17 12 63143 0.90088871598103
0 8 12 5 42221 1.0988247029786986
22 7 18 27 47043 0.9700277693892688
18 6 11 29 65754 1.0996581331087474
24 28 12 15 56821 1.033194893381641
29 21 16 25 51215 0.9095355560870936
20 29 25 20 32208 1.0392905029818043
22 20 16 1 54822 1.0316393872314666
8 27 19 11 51358 1.0105880337167763
27 5 5 7 69900 0.9296866505022239
27 12 19 24 53571 0.9866191942180302
4 24 14 16 59952 0.9419212187498294
27 4 23 20 54716 0.9580506706042288
2 4 20 4 41252 0.9673224241929483
26 10 18 17 42204 1.0455159522201891
17 18 27 6 60105 1.0489494551732985
15 12 9 20 34886 1.0714545160041873
15 15 12 4 43486 0.9841117903233507
21 17 3 27 56239 0.9479673096783163
10 4 19 21 52574 0.987004984246379
24 16 0 21 83595 0.9099156864989726
24 1 14 16 64897 1.0539163873077548
1 27 5 18 38276 1.0003843946931776
27 23 17 22 42962 0.9023343217939329
23 3 14 16 51986 0.9891380961099707
4 26 21 24 48095 0.9828522806541703
8 23 12 10 40677 0.9579724019424882
28 19 4 20 65609 1.0861819567924895
16 13 28 6 57125 0.9888847346395188
25 24 25 5 56656 0.9775355954799689
19 1 4 6 50684 0.9224294356712873
0 13 17 11 53041 0.9987485027822145
25 6 17 16 52681 0.9733075028814885
10 21 4 7 49372 0.9271060136075518
13 20 19 7 48233 1.0067971191708827
28 4 15 14 54463 1.0839424610844748
15 21 6 27 35796 0.977238884690188
7 11 6 25 46586 0.9264191118147029
20 25 17 4 45129 1.088017956791272
7 6 14 25 59618 0.9918761220387361
23 27 16 6 57540 0.9132023138095117
15 6 24 23 68688 1.0480393700203932
14 22 28 17 52970 1.0728306107640473
17 21 3 26 54570 1.0613032357123475
9 23 23 7 74578 1.0056821804857279
14 11 22 23 45129 0.9807938191214599
29 24 14 4 83558 0.9804240208414828
25 16 0 16 80756 0.9849801939429271
10 17 12 6 25811 1.0850941263070129
20 19 0 10 67678 1.0919667854012438
4 3 5 23 61569 0.9163670201212645
6 18 10 9 31356 1.0873453769748198
17 14 6 25 55736 0.9078229668078532
6 22 7 11 38979 0.936395391259858
1 23 16 2 80240 0.9682199108142828
9 16 4 4 43729 1.0687079450156125
14 28 25 0 75326 1.0612803375059658
28 18 13 27 49208 0.913309583618101
2 14 16 26 63551 0.9911898910319714
18 10 9 25 50752 1.0814648570998828
18 5 6 23 73336 1.0764821929231325
7 29 27 7 97522 1.0809600622303466
19 10 0 15 66970 1.008358701137949
22 0 13 17 71160 0.902847253335313
13 9 1 23 70319 1.0630627803653248
26 15 15 1 57034 0.9818978596881851
0 3 10 6 23630 0.9611217625163346
26 6 13 26 76377 0.9267590354883732
8 16 17 23 48528 0.99158487933124
26 6 2 28 95153 1.0113722824855513
4 6 12 0 39766 1.0300462270532622
7 19 3 29 45867 1.0485798615601503
9 6 10 25 32541 0.9665859409647972
2 3 5 28 64372 0.980049286607139
24 9 19 21 45478 0.9014712587763966
2 15 15 3 56468 0.9736266251370517
18 24 6 10 68693 0.9822260543901252
15 11 5 13 37064 1.0043058024383695
2 4 8 9 42815 0.9853290895729261
25 14 12 16 49428 1.0991785007741979
15 25 28 7 78708 0.9293024320412331
19 17 28 25 42606 0.9702188566885267
24 6 11 18 65535 1.03815594786273
21 3 5 15 57601 0.969670104419592
7 11 19 19 42724 1.0024966552483385
5 0 23 11 62661 0.9997034145256005
19 25 8 25 35989 1.015826492038271
27 29 1 9 99803 1.0646908083842934
27 19 2 20 69137 0.9969211744482109
0 20 20 15 60313 1.0845344526635161
17 25 9 0 66686 0.9021514207005208
6 19 20 12 47461 0.9762022176553595
12 0 26 15 64920 1.0385402143356894
26 27 7 5 81878 1.0888913722462377
13 5 21 13 48142 0.9273310166636229
15 16 29 28 60259 1.0149381126214334
11 15 6 7 36406 1.0606982174648998
18 0 22 6 28990 1.0255594367394272
3 17 16 15 58365 0.9683019240014102
18 26 7 20 40523 1.0418606701829642
20 7 26 12 26990 1.0845817319103372
26 4 14 18 61302 1.0457243650213632
4 0 25 28 94335 1.0702454175720058
15 15 25 14 36258 1.027489869086044
7 6 24 26 77548 0.9097504313193704
10 6 24 1 43065 0.9890294680962746
13 5 17 12 45767 1.015470414440296
22 29 17 23 29461 0.939533331582681
24 10 15 22 55313 0.9476827824491603
25 19 13 4 60160 1.0377333616977298
10 27 3 8 56879 1.0919148036207678
8 11 22 22 54153 1.0966554486787825
3 10 22 20 71790 1.093145352846057
10 20 14 28 22506 1.0780645518666019
29 18 12 10 67237 0.991176433303144
28 23 18 28 32716 0.907112502786157
17 7 23 0 40090 0.9582859380644708
11 16 3 14 30210 0.9581453132214388
26 11 11 0 55921 1.0706364411312184
17 18 2 23 59218 0.9340706422275868
18 17 7 26 50998 0.9967903078534015
17 17 15 25 37162 0.9586461690654202
28 27 7 17 65582 1.0949899999365305
5 16 21 24 64047 1.040671580319262
25 25 13 28 34998 0.9747755438708166
27 24 8 8 80299 0.9519889932572481
16 16 23 7 50409 1.0869230359250588
16 16 22 11 34510 0.9841254866543304
25 0 16 4 35476 1.0815598527519048
6 23 3 6 77754 0.9891516731366953
19 13 8 29 65597 1.0178278259474878
26 19 4 25 69956 1.0512384223004565
19 27 8 10 54443 0.9149101624800718
13 26 5 29 29633 0.9503777920610341
11 23 16 1 59495 0.9362253198315802
23 0 16 14 52068 0.9069835004745729
6 26 24 24 59062 1.0151054661921497
26 4 4 26 86905 0.9343797046223993
17 25 11 13 44770 0.9442302728498106
1 4 24 14 71386 0.928238418195211
25 9 3 0 82093 0.9760583116855209
4 9 3 20 55881 1.0582144755465892
28 26 3 14 77521 1.0050822318594674
26 0 13 7 53849 1.0067245143183925
14 17 8 27 34269 0.911033541851506
5 15 16 7 58858 1.0223506873480506
16 22 1 25 53058 0.9500040127069587
9 12 6 21 36319 1.0670031491454646
13 22 9 10 34412 0.9160454265079072
7 20 15 11 38120 0.9902085817786943
23 26 14 5 71026 0.9564326043404471
3 8 22 4 64206 1.0142273555550876
5 24 14 28 34174 1.0062014210093522
22 15 0 18 67227 0.9594794918665317
26 9 17 1 39718 1.0771442355692469
12 8 22 18 54781 0.9154545322915237
16 1 24 5 40017 0.9438564472215081
12 7 18 1 34751 0.9966191675771805
6 15 1 1 57847 1.0343441455120481
27 6 15 16 64056 0.9631725896506432
0 17 9 14 37261 0.9901587022907603
24 12 13 15 50717 0.9740804820620461
0 16 9 17 42170 0.9864807460253942
14 6 28 4 44643 0.9781856186850486
14 25 8 13 43786 0.9321165907625024
11 28 3 17 46948 1.0072800674375093
2 12 14 23 62810 1.0562127787887814
3 0 0 26 80743 1.0671575767743084
19 7 25 29 53662 1.0913337703682415
0 14 7 10 33758 1.0251348893553407
25 17 20 9 34894 0.9619168519102907
10 16 15 4 33627 0.9946802343537455
11 29 13 3 47979 0.9034215558748371
9 28 22 17 53063 0.9017971145137442
22 17 18 23 27908 0.9779700924621886
10 17 9 3 23418 0.9713953329225609
1 9 0 0 28581 1.004428644962597
12 15 22 2 51949 1.007397198271733
0 10 11 8 40231 1.0293834857158954
29 21 5 11 81249 1.0999708876059402
1 24 17 25 50626 1.0346064829749457
27 6 16 27 68486 0.9236355316199784
19 20 1 0 79775 1.059931053063603
15 16 19 4 46946 1.0647972798572618
11 1 19 24 64587 0.9388130313071368
4 10 8 3 38665 0.9649175597066035
19 21 9 14 39584 0.9855402200016228
16 7 18 27 57031 1.0126180778533438
28 9 18 19 48390 0.9034976367690049
6 24 24 26 60114 0.9890003150200757
19 2 15 19 43746 1.0416063133664908
10 18 12 26 20199 1.0736780160934767
3 26 4 14 56119 0.9067920928309373
13 0 16 10 56719 1.074775388958663
27 21 6 24 75040 1.0534501052788476
28 28 4 16 77680 1.080387515675692
4 29 17 0 82772 1.0215778817940246
12 28 25 15 56964 0.9571751534193396
18 15 6 2 58877 1.015945226536568
20 27 25 2 53657 1.0375452430443233
16 2 19 28 56882 0.9408812470984516
28 23 5 10 85268 0.9772718866386143
14 26 25 11 57348 1.0277169763441338
7 14 17 25 48836 1.0732939891864244
5 12 16 23 63438 0.9406806392738024
21 14 8 19 42821 0.9462526915136269
14 29 16 5 78718 1.0643083804294502
13 2 20 19 45807 1.0676526844003837
0 20 13 5 67636 0.9798509048628963
27 9 21 5 44369 1.0939465867707414
27 23 18 21 41959 0.9994295790904382
1 13 19 20 67315 1.020036517496798
11 16 26 23 55148 1.0283876335502575
29 26 11 22 50770 1.0388614042122781
0 21 10 11 41940 1.0957956863895242
29 6 0 29 108535 1.046889681138679
0 22 8 14 46074 1.044518408761296
10 16 28 23 59706 0.946597341658278
6 11 11 22 30952 1.053933812256753
13 17 29 6 85190 1.0804434508370702
4 14 10 1 40088 1.0315615249654764
17 1 8 3 24981 0.9648852479445647
22 6 13 16 56491 0.939339274403206
11 4 11 25 41752 1.093429648004071
3 24 4 1 89030 0.9263667542509781
21 4 11 17 53730 1.0229232180342347
12 18 4 8 50039 0.9971860038165465
17 15 17 25 35690 0.9249079790155826
21 0 29 11 50766 1.0905167337543438
21 25 3 23 65021 0.9669813133090206
12 12 2 23 57850 0.9792243275884545
7 4 20 6 36522 0.9326668502318108
13 27 11 6 41618 0.9860023718485426
19 25 14 7 61956 0.9657642967582927
20 27 1 16 66110 1.0097417107282811
7 21 23 6 76625 1.0677791406726695
28 16 2 22 86785 0.9917282464197246
10 5 9 26 35979 1.042457838774806
17 13 5 4 54057 1.031714138886922
18 6 7 20 64752 0.9010318323924211
7 16 22 0 69396 0.9630181421852019
23 13 25 24 44935 0.9428514140617996
5 7 2 15 41592 0.9575608008469985
20 24 5 22 48280 1.0393978600506513
25 9 28 25 49891 1.0331933059883454
29 29 8 5 93838 0.9480518251482926
22 1 25 21 57148 1.0450023715241556
7 21 1 2 61194 1.0114029981538906
1 3 20 13 52555 0.9385847556448776
16 13 17 1 45626 1.0268710283373275
8 14 27 10 65079 1.0734874640436671
0 27 26 4 88804 0.9240383362706487
2 17 19 11 67571 0.9643547643071865
3 29 17 27 41045 0.9654518921243188
5 6 14 26 67254 0.943252713198349
20 27 16 6 52248 1.034533447122914
4 2 28 12 75536 1.004569231809146
29 6 3 19 91292 0.9235380541162761
25 4 12 2 32791 0.9765568100512221
8 18 12 25 30822 0.9162264288147084
8 25 20 18 44454 0.9172860822163009
2 15 15 5 64834 0.9833051340368892
15 26 9 9 46586 1.006123533862034
11 25 15 11 38501 0.9252196450319092
29 7 22 0 40819 0.9315489552971866
2 27 13 12 52438 1.054918614273135
5 0 1 25 79534 0.9850440769349676
2 24 15 26 45737 1.0457756087209482
2 12 0 1 36175 1.011368512850781
16 21 29 24 56268 0.9153050827543313
10 2 29 26 77579 0.9440355712970274
25 10 11 3 48972 1.0387564037199566
22 4 8 23 71481 1.0246192025767447
25 27 15 7 66601 0.9550844280837872
18 21 11 16 33639 0.9466112409732916
13 26 0 5 71186 0.9558015467221618
26 26 2 13 82450 0.9686299380567482
20 2 3 7 56323 1.0318161411765723
7 13 0 24 54062 0.9662552664977871
1 18 11 17 34763 1.0296545026283923
2 1 13 21 66678 0.9879094604707641
28 19 20 1 50085 0.9703034570405572
10 23 20 0 54219 0.9513788410946304
8 27 28 19 56358 1.0328023450007295
3 16 21 29 77603 0.9799315925356251
20 0 13 10 43504 0.9562870579272449
8 16 26 4 67489 1.0710804192051058
27 14 16 28 58396 0.9698041418105454
13 24 19 11 59360 0.9334171531514455
22 10 25 19 35944 0.9637609534398415
23 14 19 3 29585 1.002432223517929
9 28 1 17 51668 0.9770840896541597
12 19 26 16 42610 0.9155275562710172
4 9 19 17 69845 1.0302005288302494
21 5 20 24 40499 0.9287470368935314
28 5 3 8 79341 0.9951302452644532
13 14 27 22 57893 0.9101318696488057
10 19 16 10 36106 1.0981662565857477
28 4 9 22 71723 0.9867655479058036
0 29 7 0 82198 0.9909809144862844
9 10 3 3 31424 1.0898343025859987
10 18 16 7 45472 1.0766102397735495
14 10 2 4 49566 1.077687285123541
15 12 0 11 47140 0.9612497265797135
27 22 13 6 79003 1.0280404332190733
13 3 2 22 62207 0.9867497780064332
5 11 1 18 38185 1.0376683853514914
3 7 13 12 55919 1.0583770533750694
9 27 7 3 42885 0.9398673192695656
19 20 2 6 81884 1.050963996919458
13 6 9 15 30805 1.0362267143183583
26 3 13 20 62626 0.9467915323436299
25 5 8 26 79279 0.9211053062328176
22 16 20 24 23861 1.001836300583997
4 14 7 23 47130 1.0379903695457253
0 12 13 29 72242 0.9336257897824184
1 23 29 5 113314 1.0302131469399332
1 13 13 19 48681 1.0588128557827619
24 24 16 26 38709 1.0331161143356484
9 25 13 1 54456 0.9581359907964763
15 5 28 12 58162 1.0416259744763074
23 20 3 24 76166 0.9073062644010493
19 8 21 29 45897 1.0120498737297867
28 1 18 8 39184 0.9342056650842799
1 12 15 7 60118 1.0241111682538968
22 15 12 13 38551 1.0698451756692031
21 17 11 4 50095 1.0268716852301194
15 17 9 24 35262 0.9840885446174078
24 2 13 11 44755 0.9784418044706689
5 29 21 21 50801 1.041928695082175
7 14 22 5 57368 0.9935646901859586
20 21 6 15 48495 1.014457674630734
13 18 29 2 73780 0.94465941987695
18 24 6 18 55933 1.0934238486590653
6 11 3 3 37384 0.9551766329443108
17 16 1 13 63655 1.0873649484495889
1 27 0 16 29217 0.9180552388486519
18 20 14 10 43431 1.091408554203373
21 4 26 14 41642 1.0731120819167121
10 7 16 14 29898 1.0207051690989903
7 19 23 1 68420 0.9837895511072798
22 15 28 29 47038 1.085498201745419
12 26 3 28 28197 0.9248756950864129
8 9 24 12 61638 1.0995574762037588
28 13 10 25 70707 0.9227280753745355
6 13 19 2 54157 0.9699198256155166
28 26 7 0 94515 0.9375787822608539
29 28 2 4 96978 1.029693219189428
9 26 9 1 48942 0.9030756889256094
14 26 7 11 44607 0.9511689849328131
15 15 5 22 45579 0.983457782438177
7 13 23 29 70498 1.0193575237551038
22 7 25 25 58666 0.9363375140057892
13 18 5 29 43376 1.071905184103922
14 2 28 27 70623 1.0651525941552844
1 0 18 21 81900 1.0221658123480653
3 29 13 21 48492 1.0007786409823465
6 11 12 24 41201 0.936429810160754
8 3 28 28 75718 0.9471847177298263
3 18 6 27 43579 0.9262809780029911
18 19 6 22 38699 0.9956840004399785
11 9 15 18 35524 0.9908437766465521
29 14 29 27 41031 0.9990693281381577
23 18 1 25 72294 1.0032500907879076
21 26 18 4 49997 1.0587589907879598
9 28 11 0 53646 0.9687438671741282
29 19 9 12 64158 1.0818821293988383
17 24 7 29 43208 0.980766325593694
12 29 14 18 37110 0.9423549482607796
25 0 13 16 72972 0.9168154746614323
19 26 7 5 72426 0.9240968485641028
18 22 26 28 28908 1.0176140887454506
23 2 26 17 43217 0.9715462400129934
13 27 21 14 38302 0.9899920130189143
0 2 29 11 80596 0.9075844796721839
29 10 27 24 51345 1.068555753961396
2 13 3 24 56077 1.0021142608683429
10 11 4 2 29017 1.0766249140315665
15 15 2 2 57077 0.9211859233679237
24 23 16 28 43037 0.9131267008545827
28 11 19 6 36600 0.9977668557877738
16 5 27 1 45525 0.9709365610173016
10 20 26 14 53876 1.0385233734080594
12 6 25 8 53684 1.0959075668513032
28 28 3 7 99326 1.086867855975747
15 19 5 0 58246 1.076855664454352
24 21 5 29 63476 1.036081263945908
3 4 19 24 81711 0.9919870921350256
18 28 19 1 55347 0.9526383802081224
17 24 25 29 30854 0.9228253220829059
3 3 26 6 52459 0.9206159588182878
1 8 11 0 44554 0.9560226173862474
19 25 11 11 49821 0.9358369153685945
16 16 9 26 46686 1.0650638701010036
16 17 20 25 31702 1.075766389046659
16 8 25 5 41942 0.9320774529566089
14 29 23 3 65045 0.9883037438280002
4 25 11 11 47789 1.0409346538737125
15 4 28 0 39420 0.9333778433390886
16 26 17 15 43555 0.9941763732225805
19 10 2 2 58288 1.0574539408782682
28 18 22 0 63723 0.9969106998852217
23 16 3 22 76503 0.9425515077273063
25 13 2 21 85204 0.9570200940650135
20 20 6 20 42773 0.9751765055793175
16 21 0 6 75788 1.052224602032317
21 1 15 9 43951 0.9309109898217827
9 26 0 21 39110 0.9525506562830796
16 4 7 27 60924 1.069579922423114
6 14 27 11 66335 0.9215307069348931
8 3 27 0 49613 1.0941678990451207
4 0 18 25 86365 0.9815527996598122
5 7 14 15 49635 0.9875390217680523
25 15 6 22 69352 0.994671621608052
25 15 4 19 65566 1.0792834101405173
27 24 25 1 64603 1.022737817690297
9 8 23 28 63530 0.9061600613920894
27 6 3 25 106342 0.9833192137198061
20 26 12 14 45375 0.9036313063036139
28 24 2 0 109233 0.9089921818543896
25 20 15 15 41700 0.9306359410980019
17 0 29 22 75039 0.9033231928267064
24 20 19 12 33852 1.0191619586383076
22 25 12 2 64393 0.9192071900124469
13 23 22 10 60039 0.9441434378591902
11 5 4 0 34621 1.0086923550286526
6 12 21 25 68459 0.9814530084018804
28 16 20 0 54111 1.0624222830608936
3 14 14 17 46883 1.0574875669749721
7 25 13 29 34761 0.9199339845433636
18 11 23 25 41984 0.9620897217639788
16 20 20 0 46546 1.0360050798894087
7 8 9 21 36064 0.9599360890087691
11 25 8 8 37446 1.068190069877028
4 4 1 20 58230 0.9723428792912114
19 22 28 23 34333 1.0038217068212252
18 7 0 0 59391 1.0036250435874439
22 1 0 27 84649 0.982067895063864
19 24 5 8 76221 0.9868476925089955
1 26 5 0 78050 1.0254039260786276
28 19 5 8 82867 1.0087828741856806
8 8 21 2 39755 0.9549232779041067
6 29 12 18 41283 0.9884988383254109
20 1 15 15 40868 0.9633567069146656
17 4 2 19 61494 0.9082521058777596
2 24 21 18 71849 1.0602981615785017
6 24 28 12 97467 0.935945767065806
15 28 2 3 65191 1.0171392827072177
3 9 16 28 76587 0.9212224707886058
2 21 28 13 93656 0.9281205555395785
6 22 14 6 56254 0.9975089398188713
23 11 12 3 37410 0.9642710778444017
8 22 26 7 77361 1.09028511823935
22 27 8 19 39108 1.0539215223510854
17 28 17 11 43905 0.9148816203285998
23 9 1 16 88024 0.995884860462527
16 23 3 2 76195 0.990140404049006
5 7 7 18 55446 1.0798912255130018
25 9 15 14 43305 0.9566311346722107
29 17 6 14 78471 0.9883516142958336
17 1 13 20 57744 1.0019830670966534
14 16 8 12 34226 0.9711689002975163
5 21 12 11 37389 1.077843529163394
29 4 12 10 62543 0.9726496937186582
15 12 18 4 37921 0.9967265053183962
19 14 29 24 52943 1.0794923472325173
27 29 23 21 37633 1.026284986369467
10 3 20 13 35501 0.9433966685932165
26 7 19 26 56447 0.9435330086869413
7 28 21 4 74577 0.9628860725510167
15 14 23 27 43804 1.0546908352215996
25 7 15 9 49902 1.032047085810802
27 22 15 0 74987 1.0824248533850775
8 27 22 22 38288 1.045161820025114
26 6 14 16 62757 0.9294481026025981
14 10 22 23 49774 0.9591260751613849
21 10 20 25 31290 1.000267737813119
0 13 20 4 63517 1.0227463567055535
27 22 3 27 57891 1.0289662512583058
27 21 15 27 37434 0.9745898538134846
26 15 17 27 43361 0.9350358892145091
16 7 19 23 52528 0.9216044621467187
12 6 3 13 49130 1.0439150758611793
25 10 2 23 95497 1.0275864822854666
13 21 4 23 41679 1.0256943713550504
15 21 18 0 62810 0.9248690319979487
9 9 20 11 37054 1.089046147160064
3 3 28 23 90626 0.9419995256472452
26 0 22 22 58214 0.9396134611146382
21 5 29 8 46723 0.958211114087983
3 9 19 0 71997 1.008133508945619
26 29 18 7 59349 1.0064551427090311
5 17 13 23 41270 0.9000383484216335
29 8 0 28 103389 0.9034745708605317
7 9 15 1 44667 1.0191307136193737
19 25 1 7 90096 0.9170200208444688
25 24 8 8 73831 1.0352727019513441
1 13 9 26 55798 1.014038957865326
6 23 29 4 93369 1.0604656028816672
5 24 3 2 72329 1.0250770265477367
20 24 23 16 30688 0.9766764780681526
20 17 12 3 38448 1.019123290805865
17 29 4 22 48736 0.9146064784863216
8 9 10 25 35571 0.9838045455147852
26 20 12 11 53748 1.0775999770077969
24 12 23 24 58449 1.0003669822983496
0 16 25 5 86900 0.991549842248905
2 15 20 22 64397 0.983831792255384
7 26 19 16 56801 1.0003984454034476
4 11 29 4 73880 1.0042573684584204
