7535 8420 7484 7791 8384 7905 8481 7345 7648 8471 7643 8607 8444 7868 7803 8244 8451 8005 8420 8166 8184 7778 8249 7682 8409 8660 8689 7276 8271
2155 2351 2424 2031 1206 1543 1450 2348 1244 2182 1316 1319 2420 1594 1572 1209 1433 2031 2145 1868 1343 2252 1648 1728 1430 1417 2319 2127 1327
4684 3787 3708 4117 3370 3378 4213 3267 4564 4031 4484 3595 4429 4618 3383 3706 4481 4676 3727 4308 4448 4099 3904 4649 4360 3312 4520 4412 4188
2436 2540 3159 3256 2527 2999 2787 2158 2264 2580 2671 3015 2208 2890 2674 3272 2851 2468 2030 2140 2021 2290 3224 3096 2759 2433 3200 2708 2242
5278 5293 4996 5869 4957 4579 5259 5843 4456 4933 5424 4898 4554 5802 5139 4547 4514 5736 4574 5414 4887 5145 4859 5773 4858 5761 5182 5553 4465
8501 7356 7368 7515 8092 8520 7532 7307 8445 7974 8536 7300 7268 8523 7664 7480 7636 7238 8531 7923 8083 8426 8622 8394 8495 8354 7610 8189 7761
3890 4682 4355 4556 4723 4160 5054 3800 4934 4060 5041 4741 4643 3705 4498 5049 4958 4714 4542 3956 3725 3872 5108 3964 4820 5007 3813 4338 3757
3941 3933 4316 5299 4680 4167 4017 5034 4126 4908 4250 4960 4104 4485 4344 5328 4627 3941 4586 4786 4939 4695 4193 4807 4691 4521 5070 4559 3967
4978 4772 4861 4930 4007 4620 4608 4401 4725 4601 3985 4419 4495 4687 5118 4015 4379 5012 4631 4282 4212 3918 4336 4959 4800 5116 4888 4520 4347
5302 4555 4798 4329 4659 4150 4737 5044 4816 4086 4999 5193 4132 5203 4841 4938 4583 5186 4406 4236 4435 4164 4954 5411 4503 5228 4899 4975 4582
7201 7924 8588 8452 7695 7669 7318 8515 8405 7653 8246 7769 7258 7377 8230 8547 8103 7410 8502 8230 8570 7436 7459 8547 8263 7496 7359 7313 8310
2195 2623 2075 2891 3133 2923 2136 2413 1945 2815 2421 2642 2054 2024 2406 2108 2222 3180 2532 2860 2869 2895 2442 2471 3161 2870 2694 2388 3053
4949 4823 5286 4680 5392 4188 4824 4711 4883 4088 5021 4100 4539 4666 5125 4013 4265 4477 4920 4662 4674 4627 4199 4709 5049 4166 5384 5133 4716
7460 8379 7328 7414 7497 7271 7437 7441 7578 7348 7229 8180 8083 7229 7579 7513 7632 7803 8340 8056 7111 7526 7561 8392 7403 8108 7811 7336 7961
6986 6335 6082 6952 7401 7209 6480 6136 7479 6830 6358 7000 7349 6600 7505 6597 6710 7494 6497 6331 7425 6828 6320 6358 7175 6374 7314 6381 6120
4625 5565 5755 5465 5149 5938 5680 4819 5286 5602 5497 5633 4709 5488 5464 5141 5808 5186 4949 5147 5530 5860 5441 5747 4862 5867 5307 5733 5866
5239 5397 4969 5365 5404 5005 4256 4340 5361 4784 4392 5499 4556 5291 4449 4148 4751 5330 5493 5285 4510 4366 4271 4990 4478 5249 5247 5292 4788
4426 4121 3957 3403 3720 4310 3523 4329 4373 4446 4129 4204 4588 3749 3640 4100 3490 3897 4344 3937 4102 4675 4579 3357 4147 3913 3888 3815 4098
3349 3665 3087 3947 2979 4096 3535 3471 3355 3873 3187 3655 3161 3527 4147 3390 2847 3122 3609 3037 3720 3848 3648 3151 4110 3341 4160 3959 3327
5564 5643 6489 6570 6514 5272 5516 5746 5333 6111 6462 6228 6580 6475 5904 6509 5905 5717 5504 5701 6131 6083 6534 5860 5781 6272 6524 6627 6034
7179 7642 8163 7275 7942 7053 7273 7104 7186 7539 7993 6964 7436 8161 7823 7253 7930 6868 7113 7078 7362 7182 7966 7527 7163 7374 7390 7204 7203
1946 1409 1547 1770 2209 1868 2392 2408 1228 2390 2188 1799 2425 1217 2266 1576 2328 1407 2459 1176 2143 1325 1980 1908 2295 1637 1292 1255 2250
8206 8347 7072 8190 8353 8313 7693 7063 7556 7944 8025 8078 7569 7099 7968 8158 7822 7144 8354 7879 7971 8164 7122 8102 7870 8216 7707 8162 8010
4290 4197 3306 3811 2876 2988 3061 4019 3662 3550 4169 3456 3051 4191 4262 3187 3481 3841 3762 3572 3657 4184 3303 3559 3217 3610 3565 4099 3354
5997 6795 6402 5955 6535 6437 7000 6527 6934 6813 6351 6655 5965 6553 6327 7293 7332 6817 5967 6564 5988 6354 5950 6263 6689 6347 6805 6010 7205
6063 5735 5113 6046 5226 6157 5390 5085 5005 5722 5101 6218 5950 5351 5974 6250 5558 4992 5292 5667 5053 6099 5583 5968 6205 6050 6293 5190 5882
5803 5913 5762 5426 5569 6559 5323 6057 6158 5829 6661 5676 6571 6691 5310 6006 5857 6323 6246 5889 6007 5587 5961 6202 6163 5933 6296 6163 6061
3270 3134 2725 2567 3718 3042 2456 3774 3072 2503 3179 3212 2811 3478 3307 3491 3401 2874 3604 3519 3846 3782 3064 3128 2965 2668 2702 3839 3612
5789 5894 5906 6188 5773 5884 6178 5953 5635 5407 6358 6297 5426 6083 6567 6045 6041 6543 6159 6012 6328 6622 6014 5695 5911 5812 5531 6198 6136
3540 4680 3807 3736 4246 3994 4161 3361 4059 3329 4205 3835 3318 3389 3539 4673 4363 3488 4412 3928 4642 4289 4308 4330 4234 4066 4210 4287 4694
7931 4448 7187 5516 7904 4566 4900 4349 3667 3050 2991 6761 2007 3492 3423 4437 2078 6510 7019 4831 1162 6150 8372 7078 4366 4555 3857 2483 4030 4753
8347 4211 7648 5163 8412 4373 4638 4851 4738 2507 2541 6867 2371 4031 2820 4743 1783 6739 6087 5583 2030 6818 8227 7477 4140 5260 4405 2831 3788 4748
8050 4046 6675 4277 7801 4710 5829 4656 4602 2892 2708 6111 1979 3970 2423 3555 1809 6144 6665 5209 1549 6791 8882 6576 4683 4453 4480 2844 3860 4402
7756 4703 7288 4490 8305 4531 5804 3901 4508 2741 3308 6916 2416 3141 2868 3913 2929 5642 7256 5907 2455 6512 7660 6715 5072 4062 3989 2503 4708 5167
7371 4641 7069 4254 7974 4374 5147 5103 4033 2755 3189 6656 2314 3785 2550 4439 1960 5802 6471 5021 2272 6565 8247 7137 4508 4722 3765 3264 4255 4415
8306 4463 7523 4619 7762 4310 4881 5094 4402 3256 2413 6583 2202 3161 3476 3632 2333 5607 7204 5443 2383 6620 8319 6674 4682 5295 4352 2967 4738 3927
7376 4706 7713 5595 7839 4766 5434 4697 4357 2904 2744 5883 2058 3156 3516 3536 3072 5632 6645 6099 1940 7228 8845 7475 4638 4488 5130 2383 4571 5052
7271 4451 7247 4849 7964 3603 5565 3865 4165 3346 3170 5766 2006 3372 3410 4072 2964 6506 7203 5004 1799 6230 7809 7489 4483 4836 4427 2573 4481 4268
7888 4601 7720 4738 8056 4867 5320 4339 4455 2289 2997 6461 2527 4021 2794 3743 2382 6289 7148 5845 1937 6434 7877 6889 4889 4765 5082 3019 5048 4531
7803 4960 7203 4597 7816 4933 5306 4927 4595 2954 3351 6874 2892 3135 2398 4866 3049 5856 6162 5260 2500 6264 7894 6625 5183 4981 4788 3149 5089 4221
8011 4042 7305 5293 8377 4458 4834 5161 3997 2529 2404 5519 3029 3890 2711 4598 2691 6248 6974 4838 1555 7280 8301 7229 4241 5154 4395 3433 4232 4163
7570 4308 7707 5552 8501 4532 4614 3827 3780 3364 3295 6167 2642 2935 3437 4648 3010 6296 6146 6079 1584 7280 8349 7476 5317 4968 4814 2256 4193 4106
8624 4095 7219 4817 8522 3874 5597 4671 4206 2519 2644 6802 2826 3478 2723 4791 2315 5802 7083 4797 2321 7187 8398 6706 5310 4016 5082 2199 4951 5039
7724 4705 7753 5543 8043 4764 5877 4846 4258 2661 2022 5802 2341 2856 2626 4651 2882 6347 6010 4913 2342 6251 7913 7602 4998 5303 4820 3173 4432 4083
7454 4301 7136 4452 8322 4154 4857 5018 4571 2242 3148 5636 3206 3108 2493 3904 3176 5697 6464 5641 1267 6855 8185 7192 4600 4544 4387 3185 4378 4323
8535 4753 7146 4898 8333 4840 5896 4368 4303 2917 2629 6422 2377 3806 2573 3572 2361 6695 6548 5396 1642 7357 8906 6568 4824 5088 4811 2272 4838 3889
8624 3675 7664 5511 7410 3787 4978 4747 4204 2719 3122 5647 3261 3601 2946 4921 2279 6933 6627 5927 1300 7184 7533 6341 4444 4319 5148 2384 4749 5172
8074 4377 7502 5303 7298 4731 5102 4966 4937 2317 2158 6602 2920 3273 3000 3945 1900 5769 6206 5816 1157 6697 8106 6628 5194 5298 4458 3034 3794 5120
7309 4450 7640 5314 8433 4907 5929 4648 4114 2855 3117 6654 2258 4081 3233 4397 2427 5935 7213 4893 2228 6864 7576 7207 4169 4429 4519 2173 4628 5173
7755 4158 6837 4689 8144 4044 4785 4675 5046 2556 2263 5552 2455 3732 2371 4110 2983 5781 6664 5935 1546 6810 8047 7506 4398 4807 4984 3368 3875 4245
8239 4241 6454 4435 8230 3744 5742 4041 5031 2697 2715 6707 2554 4062 2346 4871 2700 6500 7279 6136 1340 7356 7899 7442 4532 4187 5089 3217 4489 3980
8129 3770 7277 4603 8326 4393 5296 5047 4180 2762 2983 6517 2231 3386 2649 4467 1967 6772 6389 5665 1320 6429 8739 6645 4809 4132 4395 2456 4225 3825
7485 4720 6538 5473 7611 4578 5800 4376 4686 3209 3199 6871 3044 3518 3408 4602 2980 6921 6086 4987 2314 6528 8889 7212 4235 4083 3836 3415 4444 4220
8627 3840 7145 5608 8491 3578 4538 4625 3944 2292 2138 5744 2504 4010 2236 3858 3120 6755 7183 5854 1231 6554 8483 7616 4936 4153 3981 2826 4355 4827
8014 4658 6532 4226 8325 4159 5322 4755 3786 2220 2609 6818 2894 3372 3281 4508 2292 6342 6699 4964 1720 6972 7998 7364 4715 5393 3974 3294 4503 5138
8300 4476 7125 4939 7797 3962 4874 4262 4763 2258 2106 6198 2265 3942 3136 3838 3063 5657 5944 5246 1580 6740 7591 7483 4067 5185 3808 2693 4031 4772
7460 5015 7579 4539 8102 4196 4571 4837 5018 3134 2392 6788 2531 3356 2198 4182 3136 6866 6099 5721 1165 7248 8643 7743 4134 4862 4228 2907 4693 3949
7733 4479 7278 4870 8675 3834 5592 5213 3698 2397 3119 6900 2054 3040 3029 4702 2709 6455 7016 5158 1566 6594 8294 6382 5190 5334 3922 2368 3925 4343
7322 3843 6876 4522 8448 4341 5373 4050 4468 2449 3425 5673 2342 3408 3337 3956 3074 5906 7215 5765 1785 6769 8531 7006 4746 4543 4244 2890 3794 3855
22 9 4 14 60912 1.099799622348685
25 27 11 16 52092 1.041848764787328
21 2 1 22 75395 1.0550653309916782
24 24 6 29 69117 1.0947089689819927
27 2 18 22 70807 1.05538708118711
13 0 14 28 96677 0.9903331797524499
26 3 17 22 73003 1.002592979945559
19 12 3 0 73667 1.090529624701188
5 12 22 0 72837 1.0879550947738292
16 6 17 25 75463 0.9758532680518388
0 28 26 6 106085 1.0301192244018644
18 22 20 0 58929 0.9175576186187174
1 21 6 3 53057 0.957676619666112
21 24 22 11 30526 0.9681017859604498
19 7 0 27 85350 0.9208339705372279
28 11 9 27 81385 0.9831823331021837
9 23 7 7 65150 1.0370644281752532
24 15 2 28 74561 0.9535397099871715
0 27 3 0 58999 0.9379447835231384
2 19 9 11 41053 1.0934452414697526
17 10 25 17 37641 0.9124351349880396
21 16 5 17 50160 1.0573966370528145
14 18 5 11 53017 1.0571551325441149
21 12 29 7 34183 1.0196490132417448
23 3 15 22 63785 0.9766698995013428
29 5 0 13 98884 1.0354563746050744
21 22 2 25 54276 0.9096222633360677
9 18 19 2 77368 1.0146472623963985
17 27 5 5 98415 1.0607468389663628
2 18 14 2 85453 0.988625246173758
26 8 3 2 87670 1.0377199135584068
26 7 17 27 70438 0.9218983943257253
24 11 6 27 79974 1.0718022441225985
6 24 3 7 56268 1.0195654391533178
0 17 13 11 52076 1.0633766712389727
9 9 17 11 29287 0.9757584910830842
24 20 28 6 54738 0.9413366802985657
15 15 9 23 44926 1.0082166434771043
25 28 6 24 72639 0.9345566240714019
17 23 8 14 47023 0.9726253557970499
27 12 18 5 42437 1.0390998947650067
7 1 25 20 88769 1.04865982083103
9 24 18 7 72930 1.0871415637803876
29 15 4 16 71498 0.9776201075120542
18 20 26 29 43981 0.9080281734241574
16 0 23 24 78602 1.0405130719172409
16 25 26 23 54299 0.9429553095273547
29 1 17 9 59110 1.0987638460943212
24 27 25 15 45147 1.0777319102005987
0 6 4 16 28075 1.0222061702025542
20 22 25 15 35237 1.0530596771511789
19 11 26 14 29589 0.9816643339186855
12 16 28 3 75923 0.9837357764942367
2 21 26 4 94931 0.931099887506929
28 19 7 18 50798 1.0756425809072565
26 29 8 24 76586 0.9992699140222923
1 21 17 22 40996 1.0676532340611997
13 13 3 6 43386 1.04580772301149
2 5 8 14 40303 1.0887312688327433
1 12 21 21 53562 0.9913148280146358
1 4 21 6 68839 0.9718939910750017
17 8 12 29 77008 0.935456296807256
8 6 0 4 44397 1.0504345092825431
12 28 24 8 77518 1.053188315615421
17 17 3 5 66023 1.0628504793250895
11 19 24 0 73976 1.009725790662005
7 0 29 28 125841 0.9145125625933596
15 17 22 14 26949 1.081451043669419
26 23 1 14 73125 1.0476843041185402
6 28 22 18 65048 0.9312379048236026
11 28 25 20 45102 1.0499363901077616
4 25 25 3 104036 0.9892198150464004
11 15 18 28 54452 0.9132541471274128
3 9 17 29 87692 1.010852278691514
24 0 20 7 33563 0.9290026705441918
16 21 23 13 31414 0.9833775271170804
0 4 26 8 89614 0.9494630194298899
0 16 0 29 29899 1.0873051434548466
6 22 22 8 60694 1.0006077102987265
16 6 7 8 42904 1.033045642852548
0 6 22 19 73019 1.0244861981803843
7 7 27 27 94440 1.0586732976081603
1 26 14 19 42816 0.9072437321008993
15 19 9 9 45408 0.9338941592725037
16 1 28 10 56668 0.9064328504837685
17 16 29 16 32351 0.9383128162179931
26 5 10 17 76930 0.9453846131294944
13 17 9 28 51629 0.9674168799797054
15 8 12 25 62142 1.0193304711140811
12 8 23 8 37999 1.0332078891332823
16 6 25 2 55220 1.0733957551933693
9 6 2 10 37176 0.9285236295649714
11 19 25 27 44158 0.9412393609852739
20 5 28 1 41637 1.06953672294484
15 23 29 20 38725 1.0060366175096014
28 17 23 6 51377 1.016149953763485
5 20 29 7 77878 1.0319711191528924
29 25 23 9 61686 1.071419626040407
26 8 16 1 54631 0.9228840558057305
17 17 24 14 25635 1.0350393041149215
20 26 27 13 47975 1.0659127069802843
8 26 29 7 96737 0.9341588445103883
28 23 18 22 39086 0.976415208358843
9 16 1 27 38846 0.9987813623981601
6 12 13 4 45710 1.0793985152677503
28 11 7 27 86977 1.0134966244110286
8 29 19 29 49318 0.9331210890108013
0 5 12 13 44751 1.0853626106909895
29 22 19 28 43811 1.039414791372139
6 2 1 17 50025 1.027491430090912
17 20 20 10 27827 0.9215513713730551
1 5 8 22 48232 0.9995811789137173
17 21 8 25 42775 0.9485031618876578
26 4 3 20 88934 1.0682815828708538
13 18 22 15 42186 0.9499514330992014
15 19 4 10 57378 1.012342470752454
13 15 25 26 63065 0.9279627795572694
11 23 15 2 77030 0.9642645992952024
26 5 8 1 84271 1.0443725875677106
6 10 2 16 25372 0.9163639067470094
19 5 15 16 44195 0.946344718373357
20 25 1 0 86826 1.0085250860884571
29 27 25 4 86490 1.0647033661156247
7 12 16 5 49913 1.0300090359800282
20 25 19 14 29767 0.9125060127614333
27 29 22 9 61615 0.9697546786452762
26 22 14 17 49951 1.0669203945739696
9 26 1 5 65094 0.9029689676000056
20 7 13 26 72105 1.0453355198082772
10 2 27 7 74389 1.0303327579002584
8 2 9 19 69432 1.019248573153559
27 5 25 23 67203 0.9685651750534051
9 1 19 2 49309 1.0288821652823557
24 27 10 20 39559 0.9429450321331105
19 27 18 17 34047 1.0903011784977419
28 16 29 28 47807 1.0130497225090387
29 25 13 28 61267 1.033376644391759
3 13 23 27 70344 0.9845617580316358
2 12 7 18 31620 0.9385067477607176
3 21 2 4 39017 1.0635062691253114
8 4 9 27 80930 1.0781350086871324
16 14 7 17 34079 0.9299297144907692
12 25 21 24 39779 1.029948693601042
22 16 27 4 47430 1.043556633431657
28 18 14 26 61789 0.9202614638665196
2 26 29 9 92987 0.9153404941933821
27 28 24 6 75899 0.9156226621269853
4 29 29 12 97427 0.9484554408173731
24 16 23 7 34987 1.038622471736206
23 6 14 24 72483 1.0385197103300148
8 28 2 10 55470 0.9424938196795906
14 10 26 7 46377 0.97016413473275
14 22 6 27 51585 1.0707295249665651
25 26 22 11 50644 1.0522964888318496
23 7 17 16 36930 1.0064713376405265
6 0 16 25 105824 1.0064459256256402
18 2 28 19 67539 1.0579158838642218
20 23 6 2 101749 0.9354648129962335
0 4 3 27 52596 1.0757774953391304
24 22 8 29 71692 0.9384365090506281
19 0 3 27 102616 1.0474686939800988
23 3 26 13 45382 1.048418104633011
18 28 15 5 80477 1.0908311933277184
27 9 18 6 34344 1.078770302810835
5 27 21 28 46040 0.9883711741191803
21 0 0 29 95499 1.0832452525207958
8 12 21 20 44561 0.9673869595492018
11 15 0 12 32285 0.9879344387101464
0 11 28 23 85903 1.0056073098858762
16 16 18 3 50502 1.0841191915682988
16 1 19 9 39042 0.9510981991722891
12 23 26 15 55441 0.9666971423023796
29 11 7 10 65211 1.0628994646180616
10 20 14 8 43008 0.9748564942291694
17 15 23 8 34242 1.0546505229084975
21 0 7 9 54742 0.9394051270874569
4 4 16 12 60798 1.088045499183289
29 17 23 3 62448 1.0932215398671168
15 19 8 4 67607 1.0740509834177145
29 20 26 2 67660 1.0993287809324854
14 15 16 5 55409 0.9104318417975813
16 15 27 1 68392 1.0580492755229713
15 29 4 15 75329 0.9275114484032225
8 15 29 19 56267 0.9458741151942294
8 29 28 18 77552 1.0412933857372888
0 15 12 9 45059 1.0073824988976838
29 0 12 29 118797 0.9472439476939437
5 26 13 14 61886 0.968158993002193
14 14 22 8 34389 1.0091333785251855
20 5 1 26 79836 0.9595192193408629
13 29 13 19 45031 0.9419949348247325
3 24 9 5 73544 0.9956423197010253
11 8 10 18 30791 0.9963585366075259
19 27 5 18 61325 1.020583547117139
8 23 18 28 50459 1.0737774417919472
25 16 20 3 40530 1.0594157230816137
21 7 24 18 36949 0.9775659584423765
17 28 5 22 64333 1.057005222473604
8 24 11 0 73015 1.0563673684292028
10 19 29 28 64141 0.9075422199189207
28 22 19 25 42491 0.9081139503835555
29 27 11 2 96936 1.0198654895356283
18 2 23 21 57922 1.0142013747093808
24 1 13 28 91114 1.048391372600918
11 11 18 6 34336 0.9363606804333539
1 28 10 10 57592 0.9350090236339516
22 6 26 24 59839 1.0173821570421362
18 24 15 13 47629 1.0311232866663236
2 6 4 22 44319 0.9994508561477597
27 28 7 10 87108 1.0884917808682113
6 12 15 21 44942 1.0015204629918977
29 6 17 13 52045 1.0219080120871156
28 26 18 4 77506 1.0433789394977269
7 16 1 11 22000 0.9753184926366818
28 18 2 8 85285 0.9432674446964134
16 10 1 27 69004 1.0829798782489815
15 0 20 7 45515 1.0531779969412314
19 6 4 7 65361 0.9143806259978599
21 25 25 16 27380 0.9889401890753983
6 16 29 16 62532 0.9542469146325606
20 21 0 23 55490 0.9335007257166101
0 5 15 6 65895 1.065447702666992
22 2 5 20 70771 1.0966357159300726
14 29 7 15 65074 1.029594706979404
6 10 15 25 71784 0.9501521463733716
4 19 23 11 60112 0.9448948440166713
28 1 19 12 55893 0.9660622492131107
3 13 17 20 45622 0.9808382442536117
10 11 24 5 57888 1.0588255338938568
26 1 5 24 105335 1.0240366307052655
15 17 2 23 53637 0.9337302527551319
2 27 14 13 61989 0.9814032064705257
2 9 21 9 52513 0.9412252747615566
14 4 23 19 73941 1.0002000002683558
23 27 1 10 72505 0.9230539201143949
0 25 0 15 26079 1.0748368311777585
8 26 2 7 63922 1.07887927031071
29 10 15 4 63148 1.0567638949090417
15 17 20 10 34644 0.9994280288470933
13 13 10 27 46580 0.9764905754658624
17 12 26 5 45130 0.914340033474251
16 23 19 8 52535 0.9310681483165112
28 12 16 17 42047 1.035510077583761
27 1 3 26 110650 0.9262436328520385
28 13 7 29 91467 0.9906660511143452
24 2 13 10 55966 1.0036703711117503
29 27 18 20 40543 0.9490579210454603
17 29 3 25 52306 1.0253375170850614
25 25 8 5 95078 0.9461104340952188
25 28 6 0 120541 1.0841046682039819
22 15 6 27 64099 0.9605251985798404
19 27 3 29 48917 0.9481691911310165
12 23 23 18 39611 0.9753503199225482
23 13 13 15 37288 0.9397411533874407
11 15 13 7 27218 0.9756465870511433
19 13 27 23 40245 1.096511793330664
5 16 23 3 78336 1.0527263837094427
13 19 1 20 31463 1.0173802138622432
20 2 1 24 85225 0.9178238329713218
27 25 18 2 76746 1.0402795763219155
27 1 7 29 118088 1.047867791547744
5 17 3 3 46991 0.9494896044647629
21 19 7 14 44524 1.0699054051310843
24 1 29 24 78642 0.9304751323855286
17 5 6 20 69952 0.9998143343397261
12 6 13 15 34909 0.900116206730182
28 22 9 9 73320 1.0545714558735315
20 20 26 26 32622 0.9389231274909393
27 3 10 20 73682 1.038735009879282
21 3 22 17 34836 0.959112919237396
2 10 12 5 42011 0.9642741241423952
2 18 20 4 82718 0.9242862753055523
0 12 27 6 83860 0.980300224922912
6 28 25 19 67276 0.9101368246268681
13 28 23 12 62851 0.9899543562253905
11 13 3 20 34173 0.9095787071951947
21 8 16 14 25143 0.9397290920911126
29 15 25 27 51609 0.9920651468955403
18 6 11 23 64570 0.9081564469490615
8 22 7 8 56630 0.9070779475285947
14 17 23 10 42189 1.0994344584571596
23 19 6 18 42162 0.9296184505952967
15 0 19 15 65750 1.0345504312750604
12 15 27 23 54299 1.0149184340949446
6 1 8 21 74390 1.0386942797152567
7 0 7 11 48671 0.912190502274041
16 4 13 21 75265 0.9095733029354115
29 23 14 27 58133 1.0933387218168562
26 14 12 12 42550 1.0879931669138552
26 17 9 15 55990 1.0269771066996711
18 8 6 18 62394 1.032670613878169
16 25 23 14 47455 1.0348183929806334
15 14 17 27 52053 1.0902081272498803
5 28 16 15 71721 1.0619681988223837
5 9 10 14 31945 0.9222428259021126
17 23 1 23 49475 1.0887393522573807
0 6 11 3 53556 1.0153858352163065
17 1 26 15 62096 1.0892981898278975
11 12 28 8 55527 0.9459104898617499
8 22 28 25 62298 0.9838066213234413
2 13 20 13 56169 1.0118096275578559
8 25 15 14 54804 0.9551859575253928
20 26 27 17 35704 0.9153998352165397
7 20 18 22 26972 1.0045338465906735
8 11 15 1 53100 0.9954446949944954
1 13 24 2 91833 1.0982244677567057
10 3 13 22 66540 1.0998833682337026
12 19 4 4 70011 1.057295828634613
20 11 21 24 30716 0.9108808823162635
0 28 20 16 65511 1.0818927134426581
29 10 23 26 60331 1.038890250085456
7 18 15 29 58977 0.9766181198737561
13 11 15 2 56093 1.0346784491505259
23 19 7 21 36663 0.9787721139083663
9 2 4 29 99623 1.0152999358769272
28 16 0 3 97011 0.91264435197984
1 8 6 19 34978 1.0651870320878154
10 7 27 18 69963 1.0555791239846728
17 27 8 25 35074 0.959866603195161
18 1 10 4 46180 0.9047449794376556
0 16 5 6 37249 0.9643774551485244
2 23 5 5 56321 1.0739377054309234
3 15 27 17 65656 0.929861797759765
29 21 28 10 43988 1.0477205649594548
8 21 6 1 74390 0.946341429307461
22 20 24 11 30608 1.080971515994926
11 22 16 12 38542 1.064789741475672
20 28 8 9 70087 0.9500585029064034
6 10 12 2 42704 0.9541701752053473
14 27 11 14 42338 0.9413847334320045
22 13 29 7 37923 1.0158019630249002
21 5 8 16 55912 0.9713850595349455
13 24 29 2 106630 0.9850579981610481
8 21 4 28 41500 1.084531825119084
6 11 29 25 87850 0.9698427412840184
14 3 7 14 54622 1.0325048674086725
8 27 12 16 42807 1.0886551065946024
8 19 26 22 46760 0.9252962416663315
4 24 26 17 75464 1.081293966364667
28 21 15 0 83565 0.9427913241812933
1 6 28 13 81813 0.9256625251386298
8 3 0 1 42211 0.9411999263255322
27 16 9 28 70414 0.9639489012908735
13 15 21 12 32809 1.0145282340882276
14 6 2 7 54434 0.9154789227430522
22 18 19 28 32223 0.9620849670944689
7 28 2 15 46454 0.9366989083023413
14 10 6 8 29732 0.9002609442543302
10 0 1 13 64437 0.9370357674582118
5 0 10 28 103880 0.9670889300575138
2 23 19 5 84483 0.9209390353727285
21 3 8 9 46494 1.046410651870062
1 28 10 10 57592 0.9567376838481699
2 3 21 13 72861 1.0118161894839368
21 3 18 14 29844 1.012358796520173
14 9 21 20 39534 0.9459882442066206
27 29 5 0 134064 1.0752515835412255
0 15 12 18 42166 1.0254082158906375
2 28 13 13 62217 0.9710097801182038
15 25 5 12 66769 0.9737816562844922
6 3 3 19 55178 1.0221249329140476
29 25 14 14 64658 0.9640046964659424
5 15 27 0 103418 1.0749006973089934
24 2 8 7 76147 1.0938835710263113
5 6 20 4 77873 1.0640871813174455
3 17 8 4 57960 0.9994577423337743
18 24 28 15 50402 1.0795619440277122
0 19 18 20 38732 0.9522831223229182
16 8 24 6 39163 0.963439535703578
7 11 12 21 41058 0.9452174361678949
28 19 10 10 60488 0.9387675987497693
24 19 27 9 46408 1.0711855539956117
9 29 16 20 42383 0.9357002460801873
25 21 13 29 60435 1.0315753270416708
14 7 27 28 86425 0.9600844617259825
21 15 13 20 21768 0.9144735556936054
2 16 20 14 53105 1.0186173034707928
15 2 27 4 66124 0.9415179256750705
4 20 17 11 54629 1.0806522123473787
15 23 8 9 59381 0.9859216581793978
28 13 20 27 50435 1.0111339988764823
3 15 27 13 72336 0.9906171372705057
18 3 4 16 75043 0.9787960528650927
14 1 25 24 92068 0.9566378900944137
26 12 4 29 90500 0.9996689176156239
3 13 16 14 39582 0.9966269662613343
23 11 4 26 76965 0.9733210852919394
4 13 28 16 75173 0.9275105936007678
19 7 19 29 57893 0.9880453103590883
27 4 14 24 87965 1.0639815604194345
26 10 10 29 77609 0.9732747971791313
6 13 17 9 41455 1.0182448465470626
17 23 19 13 39850 1.0785779369110786
26 25 7 6 99263 1.0087640533277722
21 26 10 26 35642 1.0996525877018843
19 5 4 3 75558 0.9657670312954246
25 12 12 9 40533 1.0750899710806225
24 22 28 6 67080 1.0049093872090418
11 24 26 8 67534 0.9918409034751478
14 14 5 28 67129 1.0501868677974042
16 9 24 4 40124 0.9303539829401416
11 29 23 25 43846 1.0492192653312222
28 1 28 18 64239 0.9797485819317224
18 8 1 17 61994 1.018233145386938
27 1 11 24 88663 1.0711646288937433
1 25 11 12 46467 0.9823254873750995
7 24 25 6 90346 0.9878473296390751
28 3 11 2 82894 1.001547671595888
0 20 20 28 56633 0.9340706229354374
18 11 25 17 34323 0.9271539132245891
25 29 12 14 69567 0.9859394519233228
9 9 16 19 47188 0.9011460392918652
20 3 7 16 67290 1.0884475355717802
21 5 2 0 86408 1.0498848179017086
27 17 10 24 50972 0.9590995656706145
12 15 21 1 54286 0.9160644673952909
6 13 21 21 52712 0.9447885814252646
22 10 26 29 60691 0.9890796259570078
26 27 19 9 53748 1.0552240554922447
5 27 17 29 40906 1.0448777357565258
17 15 29 17 40814 1.0873549316661428
7 1 13 17 67620 1.0410338920564544
27 16 13 16 37266 0.9386793020070502
19 10 28 2 51540 1.0926457660515598
10 10 28 19 60488 1.081938561276674
15 11 1 10 43077 0.9811203293052521
19 15 27 3 54809 0.9173855424681491
1 15 24 4 89577 0.9477368967309023
4 23 24 26 69504 1.03677048662314
6 3 27 23 104526 1.0529530048556865
23 29 22 12 41215 0.9314094410895779
12 4 6 18 59641 1.0863178259503945
5 0 1 10 42388 1.0454553344670758
29 23 26 5 68509 1.0495563748434011
28 17 11 2 83532 1.0315340724570246
1 25 9 13 44678 1.0344386236537584
2 27 14 3 92265 1.0168671009519519
14 0 7 6 52844 0.9660190995941382
1 15 16 1 79559 0.9513339507687922
26 27 12 5 85204 1.0970059625819144
11 19 17 12 33179 0.9583852869803907
2 28 29 21 72522 0.9792316815943809
20 19 6 27 56424 0.9842715964201727
9 15 26 21 52371 0.949706453983477
6 13 1 20 28100 1.0636644604350438
25 29 7 3 113004 1.029007022041422
18 25 3 29 54245 0.9058453740906693
19 20 22 8 29525 0.9001997471216117
8 8 28 26 89193 0.973957876186739
9 26 17 4 89832 0.9041756524391863
3 5 27 3 94333 1.0331323292362788
3 9 18 19 59558 0.9857287846854117
9 5 23 4 64615 1.082722883500514
4 14 2 28 36421 1.0683616438156207
24 4 11 16 66874 1.0408771433656165
21 13 20 3 25112 1.0126811912386533
12 22 13 3 63959 1.0690815074903066
19 28 7 14 65547 1.0352493023241591
29 20 6 0 103461 0.9188878686819623
19 28 3 6 91043 0.9930883122742938
3 28 22 8 81938 0.9421367602528815
13 2 0 14 71551 1.081051166802296
21 22 17 29 28817 0.9529359400703059
4 15 19 13 53400 1.0872753316727728
0 0 23 26 100438 0.9616421783500709
24 29 17 26 32057 1.0686866854963153
8 25 5 17 44783 1.0022286765260875
0 19 16 10 59830 1.0437474349569866
4 5 7 22 61490 1.0915776510344606
12 20 21 23 20591 0.9487337027340864
17 25 26 12 54923 0.943078956461258
16 23 20 6 53719 1.0659894985910476
20 2 27 14 46803 0.9738691797996261
25 4 25 28 80822 0.9225206093596374
23 23 29 5 71970 1.0130053422660683
10 15 4 8 43449 0.9352737713313037
22 10 8 12 42258 0.9557360391665398
19 2 12 12 57288 1.0092691568658392
27 21 13 14 45976 0.9110448190561942
28 28 6 17 77605 1.004678720768235
4 10 5 22 49261 1.0155952169476967
23 14 22 26 32952 0.9075055722657892
2 29 10 6 77611 1.0601279051032801
13 13 27 28 73143 1.0669706584362157
23 16 6 27 63003 0.9778658957867825
3 9 24 4 76601 1.087321189447277
19 25 3 14 66795 0.9536148820191918
2 18 15 0 90191 1.032682456781135
7 6 2 14 40620 1.0348040459278793
24 16 0 27 67204 1.0759753672944339
1 23 20 16 52460 1.0381927946463616
1 0 24 15 90022 0.984206552108247
22 14 27 20 23191 0.9605853861691166
22 10 27 17 34413 0.9953022311968839
22 1 12 1 42525 1.0030123835143379
9 6 5 23 73008 0.9163099421795359
7 25 16 10 69303 1.0729476937369273
0 2 10 14 53856 1.0411403792504361
3 4 15 19 70304 0.9276683125583162
11 25 2 0 76839 0.910478429471861
13 0 2 13 69502 1.0679284471935593
25 25 22 9 51405 1.0189382055891636
13 28 17 17 53568 0.9820333109495087
15 18 5 5 75127 1.0635000095642995
1 13 18 1 80966 0.9419495177031757
4 20 2 29 26373 1.0803111118210325
4 8 21 16 65197 1.0661170143524408
20 24 16 2 74248 0.9366640249644724
3 5 21 28 85678 0.9698605556029043
24 9 4 29 92202 0.9525273725927271
1 3 29 10 88892 0.9240990847257251
2 19 27 22 56383 0.9116679894816239
20 3 29 4 45701 1.0117024027762174
9 13 25 11 52810 0.9852166989207873
9 8 12 21 43821 0.9671734840569304
26 19 7 21 43511 1.0825913573215886
22 1 6 14 70725 0.9601070016142634
19 22 14 5 74434 0.952387291038953
13 0 11 25 77104 0.9184452053757265
16 21 4 25 47959 0.9110980768971013
19 17 21 4 35554 1.0755810773915102
11 11 19 13 29457 0.9324662918269822
23 14 16 3 53203 0.9650347041458428
24 10 24 21 38014 0.9707675069662979
18 7 17 21 46538 1.072495471909866
29 20 20 7 41589 1.0816248652408111
3 2 26 6 98519 0.9398372519613978
28 12 18 21 41211 0.9641365969138963
5 2 22 16 95066 1.0954492812551924
19 8 9 25 72517 0.9144101225971641
18 23 2 29 63588 0.9527836943833989
1 27 22 23 61377 1.0572743525670614
13 1 26 14 74220 1.0073967384830655
26 25 15 8 73555 0.9140986680190207
24 2 18 21 62467 0.9546336442975203
18 19 0 14 48751 0.9591209789977106
12 10 5 24 58826 1.0906348260136605
10 3 8 11 36286 1.0088715845177563
27 4 8 4 86466 1.0176563785558166
5 20 8 5 63053 1.05876807760266
20 16 11 17 25555 1.077647228984564
15 2 15 29 107908 0.9650550650320553
7 14 10 2 48090 0.9206277903112852
25 11 19 23 52141 0.957680302946607
18 3 4 13 69582 0.9817716285779067
26 6 12 25 86177 1.0270520808165946
28 13 4 10 72688 0.997741155490307
5 29 26 17 88901 0.9164907404747472
6 16 15 11 39398 1.060416669007009
28 0 8 18 103159 1.0078811298332995
10 15 15 25 50169 1.0167955570398548
14 27 6 24 35825 0.9542704125083484
15 1 20 25 75554 0.9463715503889291
12 25 29 19 52142 1.0207672947137532
11 29 23 25 43846 1.0549095999979952
29 3 22 10 42968 0.9129486273771658
25 14 1 11 67169 1.0057209366628672
4 13 21 17 58234 1.04734374791708
26 7 11 1 71821 0.9129299200106047
8 20 4 11 38696 0.9406374520421359
29 8 2 6 87439 0.9220474172254944
27 6 3 23 87176 1.0113925004428557
6 22 22 27 49091 0.9635935031047713
28 13 0 22 83752 1.0946606003180364
4 21 24 14 55505 1.0436335355379571
2 8 26 17 87878 0.966429536753381
27 3 7 19 84704 1.0294493434815202
9 17 18 19 32533 1.0570410321415389
14 13 28 1 74526 0.997326149501139
7 25 5 15 52116 1.0212872790977938
19 18 11 12 39697 1.0358487266205312
18 27 13 7 77711 1.0960732839446712
10 8 18 20 44819 0.9782362499653302
22 29 21 12 34764 0.9934986919339959
17 3 13 18 75181 0.9081597813498271
15 5 16 23 75898 1.0342987722595134
27 11 3 12 64965 0.9071170932711643
4 16 2 27 28966 0.9258353078617233
11 16 18 5 49666 1.0110774163189282
10 17 29 16 56844 1.0085354939665905
14 25 27 19 52667 0.9236407096729666
11 11 7 19 34605 0.9544635076468397
16 22 22 28 34507 0.9555611307906976
26 25 21 18 34612 0.9054572908836372
17 18 14 10 40696 0.9596928846504742
17 19 0 4 69597 1.076085090416545
29 14 6 17 72265 1.006330075752285
8 3 4 14 56030 0.93496322003701
19 15 11 18 31112 1.0606181903512908
5 29 25 14 85494 0.9081019685166105
27 3 2 11 92404 0.9607897516335282
8 11 4 19 39715 0.957174155406578
19 23 13 1 85842 1.0157514317553122
9 23 0 9 52057 0.9441346341997482
12 3 21 25 74635 0.952015525998174
18 4 14 14 45851 0.941568578801108
1 3 16 5 69576 0.9008222951095022
6 11 19 2 73371 0.9804988383397373
24 22 18 11 42983 0.9471732735568981
6 1 29 10 93796 1.0060869828170478
29 0 20 11 63175 0.9764026552803413
4 14 11 22 40908 1.0263812023794685
9 0 19 4 63154 1.0855152705737954
28 5 26 19 53759 1.0152320038073306
21 14 11 24 38616 1.072598324881517
20 14 9 14 30511 0.9642765136351096
6 21 13 3 66530 1.000437863833869
0 14 21 0 81225 0.9813774617947211
21 26 2 10 67883 0.9191357160605733
23 27 5 9 79720 1.054779243480023
12 25 25 7 77337 0.9051737469927171
16 14 19 27 44273 1.036944045011885
9 16 17 10 36255 0.9418257098005515
21 12 16 19 27710 0.9776073970652066
28 15 29 2 52935 1.018527171637714
0 27 12 24 45491 0.993454630122148
14 19 25 24 42862 1.0876814401845183
18 26 5 27 40187 1.0928907016825875
29 0 22 8 54602 1.0699995824308097
13 21 18 12 41659 1.05435927194951
5 8 22 4 68636 1.0169646456184254
4 6 22 11 73533 1.0971477397143143
19 20 13 27 37698 0.992430254193049
2 26 21 25 60845 1.0846133058173537
21 3 23 16 30683 1.013911709937927
26 25 28 7 69085 1.0129536632995046
28 15 19 16 30434 1.0462049702834588
3 21 26 22 55348 0.9738310116580766
6 8 16 19 60661 1.0296724501043188
15 27 28 10 66415 1.0612512661698246
24 9 17 18 39521 0.9135928119688553
21 9 28 22 45077 0.9412385395585745
2 10 10 12 24809 1.057851280418433
7 1 23 11 77781 0.9964144880111164
22 29 19 18 34001 1.0066852815056253
8 3 7 23 78951 0.9545933012912211
18 2 24 12 43556 1.0946566607805255
6 21 23 4 71157 1.0376258126141784
24 2 19 22 68733 1.0937423375880084
25 24 15 4 86380 0.956746824777095
26 22 11 10 60935 0.9649460804789962
1 8 12 9 32781 0.9264671762457249
6 10 5 24 54856 0.9543461040407437
4 7 13 23 75021 0.9832282775511226
15 0 28 25 97790 0.9078747510230493
1 15 19 5 75361 1.0118369137173668
2 15 9 10 33301 0.9742901400898125
25 6 2 26 98564 0.9665736089348351
23 13 8 2 76480 0.9518940933602686
11 3 5 23 71815 0.915506562508849
6 15 23 21 54019 1.0829721632947187
17 1 13 21 73221 0.9914262787774144
14 19 27 3 72211 0.9169895664463318
27 27 25 7 71975 1.0625606663171816
3 6 12 16 46521 0.9470409558063146
16 23 25 24 46422 1.0522596812072806
13 11 18 5 38638 0.9962133543971075
3 9 20 29 81700 0.9814843801538298
10 2 28 5 83721 0.9169734806787494
18 20 18 1 54025 0.9813579983907342
28 4 3 5 97655 0.9201359981798668
11 2 29 28 101223 1.0202341114639306
6 3 19 20 81618 1.0500854396661596
24 27 8 4 92950 1.0079374573235544
17 25 19 6 64917 1.0720831424094428
26 6 29 24 70172 0.9101552461279206
0 15 9 27 47644 0.9974143868911063
3 21 22 0 81726 1.0168754113130059
23 28 22 19 29345 1.0419993187372518
14 10 25 2 58440 1.0787246633557082
24 19 13 21 31362 0.9272318035199401
22 23 17 0 69807 1.0821286815865925
21 19 14 3 66532 1.019538516081777
6 4 1 16 45157 1.0076213243926493
20 19 3 0 87264 0.9098830312034295
7 23 19 15 53633 0.9017670448484364
12 24 26 15 59519 1.0356270683494853
8 6 20 25 79335 1.0197080546761756
0 10 29 19 73654 1.0526397488245476
11 17 20 15 32042 0.9701987764655691
1 27 7 19 29552 1.041570012718177
19 4 4 7 74940 0.9140452427680871
3 24 14 4 84724 1.00401761094992
18 11 29 2 61040 0.999195864669469
17 14 23 0 48580 1.0341361691615973
24 15 26 7 41808 1.004281780796475
19 11 3 14 52601 0.9858852343981817
7 15 0 2 50259 1.0950440715655039
13 24 15 4 80458 1.015746599485607
18 10 24 2 42887 1.0862957694926128
0 1 9 7 51595 1.061044830825331
4 10 25 2 86669 0.9852963154893067
5 28 19 6 97548 0.9448743392735314
5 14 21 22 53808 0.9128136310188528
0 25 11 23 41582 0.9425959479183686
21 27 12 28 30138 0.9657780315977073
20 25 25 9 45552 0.9016985287640445
27 2 20 27 73922 0.9374399119841721
14 16 4 9 44710 0.9482011070294407
18 14 27 27 49333 1.0485056423431083
6 11 0 2 40273 1.091743128572604
2 10 3 21 25048 0.9362945463624666
7 7 23 16 65933 0.9588034383259469
24 21 7 21 40310 1.0183511109346928
1 22 29 6 93940 1.0288794645664552
29 17 19 10 43153 1.0852167129437948
2 7 23 14 73327 1.0111784417316019
12 5 13 14 32065 1.0572291794364657
16 20 23 23 22349 1.0045108480509517
1 18 23 4 82134 1.0836099634026242
10 24 26 24 58929 0.9398416525318015
4 17 0 28 34153 1.0759967254531755
14 7 19 24 68701 0.9685539766217507
14 4 23 15 65842 0.9756146699653158
1 23 15 6 77758 1.0518840160489062
7 19 14 12 39772 1.064922709497559
11 21 25 15 43466 1.013534679636904
3 26 18 15 60282 0.9781769640386364
12 12 16 21 35694 0.9998720223638918
10 27 28 12 71939 0.9202700416571807
1 19 18 10 60279 0.9463031948924516
16 27 10 21 36898 1.0087953990276388
27 24 27 13 37494 0.9883395945100673
6 26 13 16 52346 1.0391197009239432
29 13 7 26 90002 0.9839782988734124
4 20 19 11 57204 1.0621495835593069
18 17 28 15 35708 1.0540682045039014
24 14 9 8 55458 1.0176340029197581
23 12 13 3 63672 1.0278807990982732
9 7 14 21 55382 1.0203923577223872
0 5 0 22 42207 1.0073070392287522
6 10 25 7 64742 1.0249744276253543
24 0 20 26 70766 1.0351770571112051
22 29 6 5 95871 0.9008014915278114
5 26 4 4 70641 0.993573317933159
3 15 23 7 73492 1.0906817326070533
18 21 2 26 49976 0.9310802160699999
19 2 29 28 87660 1.0574375845661237
8 1 28 7 88523 0.9794114989307083
2 19 6 3 55429 0.9605006893763784
1 28 22 3 89120 1.0425479145336594
15 0 17 21 76714 1.0528520404819028
9 8 14 3 38000 0.9888431055869782
10 7 4 12 34425 1.065570767656931
22 2 28 23 68334 0.9180230463219119
13 7 16 24 67413 1.0851444981497087
11 10 7 24 50874 0.9177025980906317
21 19 24 27 22453 1.009099289105807
28 11 17 14 38412 0.9276042466458222
21 2 4 11 68565 0.9562414795363089
17 13 7 12 31695 0.9546068834110811
23 13 10 10 41830 1.044594253090251
7 29 14 13 66703 0.9494655477909284
16 19 23 26 32375 1.0718940613409813
6 8 21 26 74235 1.0146612386305927
13 6 13 24 65273 0.9252685652235696
2 0 26 20 87893 0.9343987972073103
8 10 27 18 66381 0.9825251505213197
3 12 29 21 71424 0.9091442296412552
15 11 1 15 46028 1.0996995416217785
29 15 21 5 44384 1.0652448480438497
15 20 24 11 38501 1.017722563119423
0 27 29 19 68376 1.0792069896852152
10 10 12 23 41937 0.9885208374361545
10 4 27 17 81594 1.0405191869750667
11 26 24 4 81646 0.9724283544815482
9 1 8 28 89928 0.9691753594984346
11 4 29 3 83293 1.0776299868634096
12 5 27 29 95562 0.9987773766713417
24 19 27 26 30482 1.0920788030765407
6 10 25 28 85603 1.077717555737808
1 15 25 15 68714 0.9039071348331642
21 8 7 12 44899 1.0626418679183864
16 8 12 16 38544 0.9137208761657895
9 1 23 4 68908 1.0785696879103592
25 28 21 7 54628 1.0715571863564963
6 13 28 12 61518 0.9621617745577737
18 17 22 23 26975 1.0532592921792785
10 29 14 3 87623 1.010528653288687
9 25 8 12 51807 0.9358033589073703
15 13 4 6 55154 0.9922491435984238
5 15 20 23 63250 1.010467559076671
21 22 16 3 61826 0.9284936429274534
6 2 24 4 95100 0.9689722689651419
16 27 1 23 48945 1.0205007287687957
15 17 25 24 50546 0.9571334819597439
29 28 20 4 79282 1.0033354992957344
9 15 27 25 64314 1.0976857258185098
28 10 6 10 60325 1.067596657540122
10 4 16 14 46735 1.0979809102088527
29 26 13 7 93796 0.9849513925688801
11 12 1 9 28611 0.9718430699751142
7 11 18 18 47898 0.9533479602618251
25 21 22 7 41552 1.0217309787397046
7 4 19 20 73063 0.9900519705546273
0 3 3 12 24505 0.9163477217859907
16 10 6 3 57066 0.9894906945065818
21 3 3 27 85697 1.099194453776081
28 15 27 1 47680 0.9834294828878087
28 3 19 15 59679 0.9248556194019223
13 18 26 20 37383 0.9474739003013671
2 7 18 7 57417 0.9217543545886201
28 12 17 21 42750 0.9792386394747992
9 8 29 22 75902 1.0158213081503389
4 15 15 15 39522 1.076420538038782
24 5 1 29 94414 1.0882423025701897
16 27 6 8 78707 1.0318283525382281
14 1 19 24 82303 0.991090346963128
10 21 21 11 43505 0.9279618751669366
21 17 22 27 20078 1.0799178589036877
4 26 23 19 60586 0.9487365166748516
2 11 19 13 51833 0.9519560547790842
24 22 1 14 64612 1.034328309137179
16 19 18 28 37679 0.9845681354466329
7 22 18 2 84783 0.9982061674851583
7 13 16 3 63139 0.9813879275263035
5 24 18 26 55542 1.0793352416479955
26 27 8 0 109975 1.0032554726566918
10 18 20 26 45470 0.9426842850833476
24 26 11 6 73985 1.0637871597358644
15 24 26 24 50323 1.015892374840663
3 19 28 28 73643 1.0535117938808254
19 3 29 15 57487 1.0267337067145696
28 20 16 23 31614 0.9000853457437403
26 11 17 7 41213 1.0920925542748823
24 13 11 6 52054 0.9980825665313275
11 10 21 5 37399 1.048327474767722
14 17 5 3 75954 1.0519898749402516
18 16 24 26 38980 0.9401393423533396
16 3 6 21 81423 0.9217734479785173
22 23 17 9 43749 1.0467906052145401
22 5 25 15 39856 1.0981490134354646
25 6 23 20 50828 1.0388689425279585
17 10 19 2 38141 0.9181834394839152
24 10 7 15 58882 0.9281518569724927
24 14 22 3 34790 0.9307255552233513
27 17 11 15 48100 0.9623869948679691
14 23 24 23 53447 0.9608911242925302
22 23 3 10 71396 0.9903399668423034
24 4 2 28 103410 0.9307876456893608
8 29 17 24 45773 1.016623238333275
16 1 6 4 56488 1.0726415612829159
5 28 22 10 81586 0.9036506339758609
10 2 18 28 93635 1.011157886492877
18 13 17 1 46388 1.0380786733260745
14 27 7 5 81572 1.05140439504272
7 27 0 12 45208 1.0080818966373146
7 12 18 0 68555 1.0934457443823495
20 0 1 14 86041 0.9497234128464014
4 20 16 24 41679 1.0951360415562748
23 13 22 2 35402 1.0149521467123073
15 19 22 7 44274 0.9040374101494353
27 9 17 27 61143 1.0201221979911659
7 14 20 5 60248 1.0553611250501154
9 16 20 24 45149 0.9488533131948623
29 22 13 11 66018 0.9101214833373739
4 28 25 18 77551 1.012013009449466
1 8 27 27 87651 1.0276689040524325
5 16 29 5 92346 1.0853956523623003
12 14 23 28 57976 0.9679009715028275
3 5 20 3 76139 0.9056063881467552
11 17 25 22 43036 0.9234131357515398
28 16 3 10 78721 0.9105429186866613
22 7 13 28 72636 0.9918438297189524
29 22 4 27 76706 0.9918554240413356
11 16 27 11 52198 0.9898155360892635
18 23 13 13 46574 0.9023897214401414
1 15 14 14 39324 0.9173819704828274
7 13 15 23 55451 0.9074159984143608
7 2 6 23 85019 1.076399407950765
1 17 18 1 86774 1.0156384684171766
7 25 14 8 72569 0.9389109532774346
22 16 6 19 39751 0.9854241784245853
1 0 8 27 67343 0.9658555589740678
11 20 7 1 65457 0.9217859796029415
18 12 25 29 56216 1.0239350740326383
4 7 15 18 67002 0.9162618782709891
17 29 19 8 64102 0.9046502648733205
28 26 17 18 47257 0.9423188273405533
24 20 2 6 70781 1.0835289271391038
13 22 16 12 51320 1.0493864054726474
5 23 2 4 58383 1.0547660628303541
20 26 16 10 48593 1.0756369712397018
5 18 11 4 60054 0.9651060652343972
17 25 5 27 40794 0.9030457464753442
20 19 2 11 63123 0.9565462476874366
5 26 5 0 85752 1.0877860160319943
5 12 14 20 40347 0.9602781960930133
27 26 17 20 35054 1.0966991715139665
4 13 29 3 98360 0.9187859483881861
14 2 2 0 64740 0.9518127547615186
22 2 0 8 80630 1.0405558991738486
15 10 10 22 49623 1.066130021567301
21 13 29 5 44763 0.9374382442535
19 26 24 11 50649 1.0587377536565366
17 14 7 19 44683 1.030047899684822
28 18 4 11 81106 0.9572051755807821
7 18 24 23 56284 0.9958614392562142
2 16 28 5 94801 0.9223154295949186
11 6 19 23 63794 1.0595770601514682
24 29 2 14 79182 1.0092093610684976
21 5 16 29 65963 1.099039095900847
0 8 28 25 92596 1.0263230346975631
8 20 14 13 32593 0.9100246469275762
11 5 4 27 75048 0.9377635912286865
18 9 25 2 45006 0.9119965575489999
7 8 0 18 43276 1.0500310620893094
16 29 23 24 38524 0.9579196247791426
0 23 12 17 47609 1.0963562408954377
16 17 19 26 44902 1.0704363725053005
26 19 22 25 27837 1.080232162323464
2 4 23 15 83740 0.929068089720055
17 25 1 24 57402 1.0577765302708526
6 27 20 11 74046 0.939909825002413
20 24 1 11 64626 1.029858092727319
18 13 0 3 66683 0.9712484256811929
28 5 13 25 92498 1.0930710257690646
2 11 15 13 39449 0.9559757144807628
9 2 26 28 107547 1.0941488267688928
15 6 29 17 72411 1.0893616577400713
6 0 17 7 69908 0.9540536956420995
23 17 4 5 85201 1.07131483793841
19 2 24 12 40869 1.0722004339074158
24 0 7 26 106516 1.077983130560962
5 14 19 9 51855 1.0830316276985736
29 16 13 7 72185 0.981548484077315
16 10 27 21 45392 0.9717133552431816
28 22 2 2 98775 1.0947623364671815
27 14 3 18 65858 1.0260002547038882
5 28 29 15 92946 0.97176236161532
14 22 15 6 74335 1.0466137544254117
7 21 0 5 47808 1.0435878214706231
14 28 19 3 80824 1.0381921681102975
1 6 17 16 57649 1.0031543376583696
2 8 6 17 33366 1.036775591439727
28 18 20 1 62782 0.955207317500055
14 28 14 10 65821 1.0959143566054332
9 14 6 29 62471 0.9837960214228856
14 10 17 28 66180 1.052351810593475
1 29 26 28 80528 0.9495641066875118
10 25 10 1 70437 1.0854488427299218
4 27 12 19 44613 1.0129180863940885
0 6 10 24 64369 0.9836254088793451
27 1 19 20 64145 1.0771122900621939
8 1 10 16 52903 1.0489148746214798
2 20 11 7 50012 1.0126839135015069
7 26 12 5 76613 0.9837082003271326
7 15 23 18 54511 1.0142356325937596
1 12 5 4 37421 0.9926389887468958
5 18 21 13 54589 0.9019317125101081
4 4 12 11 53601 1.0760130382761486
6 15 18 20 41614 0.9336335132557367
17 12 22 29 44951 0.9715690904724534
15 1 25 24 87767 0.9419066713081947
11 23 0 0 72398 1.0180152978952572
18 18 10 13 34320 1.0098985952951927
1 29 21 23 58186 0.9462760723937351
2 10 14 7 45764 1.0916399391665643
28 10 7 0 89917 1.0282219685147478
0 28 8 15 46636 1.0089344150270612
24 26 3 4 97870 0.9936314459537381
22 15 17 21 23786 1.0882520434321596
0 1 13 8 57149 1.0891950140077085
9 22 19 14 45310 0.9644525656078026
6 26 11 1 83630 1.0127672173931184
5 15 25 4 89950 1.0226559495684149
2 28 5 6 60700 0.9146219626139158
3 8 29 15 86925 1.0624692000204343
13 24 16 13 54819 1.0555496251805436
12 28 15 15 53301 0.9964839266250893
24 10 2 10 61717 1.0822443931703611
3 18 21 0 75746 1.049466790880652
28 23 29 2 84281 0.9691751436083391
21 0 9 11 57034 0.9979914557940496
7 15 14 0 67846 0.9750591550668004
27 9 12 5 56671 0.9552844513069401
27 7 25 19 49673 0.9737486963701701
14 6 25 18 71473 1.059394953113134
8 4 14 18 66563 1.0307326290261316
2 3 25 8 85377 1.0079541608489702
5 23 18 22 48291 1.0633729621479373
19 24 18 9 45625 1.0464772064378194
0 15 22 15 62694 0.911594735678683
13 29 2 6 83177 0.9027854161637459
9 10 27 22 63889 0.9720125127642851
6 4 29 11 91795 1.092907726533211
12 16 7 23 35422 1.0243970721868536
17 21 8 8 54319 1.0385502333000698
17 20 26 22 26030 1.0850159912846455
10 12 7 26 57815 1.0816434463747886
26 18 15 8 60810 1.045690190955583
0 15 14 14 43761 1.0040172414068396
15 26 5 24 48999 1.0865684112712592
19 12 5 2 81644 1.0932821838830291
24 4 27 29 85833 1.0419654504777467
3 7 17 18 64134 0.9494601434386695
0 1 17 13 68897 0.9558188444881792
0 27 7 8 54890 1.0067123383510628
6 9 20 29 78078 0.9911998090529699
15 21 28 20 25639 0.9984837775253352
