7014 7488 5282 5319 6259 7282 6609 7183 6036 6429 7545 6243 5914 7127 6448 6397 7184 5285 5659 5806 7386 5854 6885 6038 5222 7454 7157 7226 5558
6775 7176 8450 6646 7169 7554 7097 7561 6504 8369 8241 7297 8510 7853 6149 7962 6699 7124 6136 6389 6763 6193 7070 7719 8492 8276 7518 6518 7810
6347 6637 7283 6393 7433 6735 5267 5865 6131 5496 6730 5149 7013 6128 6779 7489 7099 7604 6102 6879 5886 6117 6079 7526 6617 6579 5182 5185 7623
2490 4010 2794 3187 4429 4263 2204 3006 3575 3608 4091 4564 2485 4629 2889 3604 3611 3947 4310 2973 2553 2514 3603 4099 2735 3602 4123 4140 2373
7039 7524 6211 7671 7110 6342 7152 8357 7061 5992 7488 6558 7507 7923 7124 6167 7574 6212 7420 6231 7506 6168 5848 8221 5910 8161 7668 5975 8218
6050 4584 5920 4655 5820 5236 5823 4422 5019 5237 4833 5661 4625 4474 5631 5743 6397 6222 5768 5627 6306 6360 3981 4955 4311 4543 3941 5546 6548
6617 7014 5972 6069 6871 5666 5958 5705 5855 6832 6831 7000 6348 6049 6212 6341 6851 5481 6413 5467 6513 5251 6953 7029 7205 5066 7058 6206 6412
7426 5761 7347 6336 7597 5559 6892 6545 7001 6963 7455 5521 5855 6579 5559 6616 6767 6404 6309 5871 7468 6081 5514 5442 7964 7093 5716 7515 7452
7516 7372 5201 6126 6445 5271 6405 6421 5607 7635 6677 5916 6559 7334 7276 6476 6699 5938 6670 5170 6140 5638 6288 5896 5877 6942 6910 7015 5853
6760 6798 7525 8049 7580 6446 8780 6905 7332 7807 6856 6536 7206 7075 7742 6823 6639 8694 8235 7094 8734 7634 6686 7128 8322 6418 6220 7668 7646
5671 3764 5041 4832 5123 5608 4572 3842 4866 5222 6127 4048 5734 5095 4910 4734 4052 5298 4477 4544 6047 5237 5463 6072 3619 4541 4607 4007 5480
3288 4272 4483 3997 2881 2201 3166 2502 2013 4103 2596 3565 2089 4490 2181 4316 2431 3479 3335 2899 4490 2003 2213 2234 3212 4174 3911 4344 3336
5579 4362 4303 5705 4527 5002 4493 5190 5573 4231 3421 5658 5952 5082 3545 4670 3846 3612 4240 3620 4261 4245 3754 5192 5682 4951 4414 5910 4702
6751 5822 6242 5027 5032 6724 5832 5183 5874 5800 7078 6465 5923 6971 5101 4653 5604 7062 7120 4843 6906 6805 5986 5942 5821 6587 5189 7079 6193
3918 3695 3714 4536 5600 4493 3489 3747 3999 3789 4223 5371 4066 4655 5870 4549 3502 5044 3371 4241 5247 3991 5065 5585 5914 4634 4796 4773 4808
3381 3125 3533 5684 4209 5025 3387 5319 4254 5182 5587 3095 3161 4503 4746 5057 4032 4509 4397 5016 3284 3979 4766 3637 3560 4795 4199 4993 5570
3078 2407 1987 1764 3550 1759 3217 2691 2742 1986 3530 3498 1888 2761 2762 2238 2636 2533 2358 2840 3426 2851 2815 2376 2853 3187 2477 3910 3946
6269 7447 7284 6818 5771 6091 5733 6410 6945 5781 5716 6876 7825 6833 8123 7590 6889 5825 6145 8355 7578 8369 7382 8318 7691 6479 6926 6903 7045
7043 5000 6492 7371 6038 6840 5902 5224 6859 4847 4949 6248 6118 7046 7209 4810 5109 5444 5447 4870 7215 6828 7317 5180 5862 5592 7240 5954 6529
6452 7687 6563 7527 5757 6180 7201 5992 7420 7188 6421 6110 7052 6357 5334 5986 5495 5371 7070 6419 6635 6651 5299 5731 5837 6872 5703 5544 5210
5759 5189 7237 4956 6864 5879 7404 7011 7075 6414 6168 5503 7303 6280 6865 6193 5016 5566 5329 6606 5798 7458 5620 6961 6812 5593 5737 6156 5194
8675 7861 8146 7800 8226 8126 7062 7648 6081 8175 7681 6229 6085 6787 6443 8570 6756 6151 7193 7146 6275 6998 7459 7651 7005 7440 7810 7321 8492
3308 4134 4622 4517 5786 5656 3916 5093 4456 4047 5798 5716 4577 3243 4649 5001 3185 4660 5166 3846 3441 3466 3516 4652 4883 3224 4622 4638 4973
5001 2556 2683 4100 2456 4178 2401 3632 3240 4944 3793 3810 3177 4342 4856 3603 4863 4053 3735 2700 4439 2602 3601 4131 3393 4540 2429 3112 2702
6821 6874 6524 8344 7743 8340 6557 5945 7081 6711 6178 8429 6180 6453 6789 6891 6974 6056 8297 7447 7591 6293 7040 7518 6452 7671 8445 8130 7440
4133 5648 5195 5736 5917 6494 4785 4869 4253 4582 4295 4687 6074 5799 5862 4404 4735 6130 5272 6307 6372 6273 6415 4339 6090 6367 5518 4575 6065
8662 6817 7562 6828 7223 7291 7114 7194 6707 8010 8022 6331 6546 7505 7220 8323 8084 6729 6609 6145 6582 8023 7002 7854 8114 7704 6298 6439 7764
6022 5820 5864 8358 6315 7766 7938 5801 7952 6331 7887 7753 7457 5967 7230 7706 8332 6427 6738 6577 7420 6440 6393 7021 7938 6929 8243 8129 7688
4416 5095 5604 5320 4920 5232 4725 5092 4508 5735 4379 5994 4587 4896 5357 4780 5887 3610 4313 5531 3901 4316 5859 5580 5949 3524 5509 4983 4613
4487 5081 5008 4780 4775 4898 6521 4528 4760 3953 4362 4228 5010 4802 6314 5745 6480 4786 5320 4956 5853 5083 5580 5388 5564 6043 3901 6509 6318
3698 5949 3698 3284 2848 8685 6378 6777 2372 3477 7042 6366 6786 4006 2038 5498 6287 5222 3772 4497 4044 3097 4594 5151 5156 6612 7867 3199 6991 3404
3386 4734 2901 3812 3422 8550 7798 5590 3399 5012 5964 5706 6148 5307 4482 5693 6450 4933 4799 4226 5992 1367 4329 3736 5654 6746 7395 1843 7972 1737
2185 5091 2862 2052 3475 8032 6119 6373 2445 4425 7532 6138 7915 5277 3666 3530 7884 3614 4144 5468 4940 2581 2872 4624 7053 6980 8412 3020 6604 3247
2248 4716 3245 3446 4030 6531 7459 5495 3149 4424 6653 6839 6140 4753 3135 4215 6475 4217 5132 4876 5035 3880 4682 4821 6829 6817 6659 2872 7237 3428
2340 6560 4559 2710 2701 6778 8237 7025 1786 3418 6597 7081 8153 3166 2551 5632 8042 5580 5301 3487 5888 3041 2702 5681 6910 8774 6390 1767 5700 2369
2576 4349 4169 2172 2183 6104 6554 5248 1960 4940 5850 6634 7618 5038 2187 4739 7388 3238 4713 3043 5276 2841 3660 5312 7114 8820 6879 4227 7128 3566
2508 6030 3580 2260 4048 8331 8156 5639 3488 3840 7502 5493 6002 4813 2018 5266 7421 4728 3828 3810 4189 1605 2741 3944 6316 6386 8444 1712 7974 2332
4292 5867 3402 1841 3085 6112 7081 5363 3908 3567 5187 6352 6706 3207 3425 5023 7913 4609 5667 4925 5616 2850 5046 5410 4872 7643 7040 3333 7125 3846
3874 5341 3051 2050 4225 6436 8193 5819 2639 3513 6388 5019 6626 3870 4354 4396 8567 5013 4609 3600 4651 3986 3737 5520 7358 6522 8592 2250 5935 1969
2679 5375 4031 4037 2915 6260 8389 5501 2754 4573 5958 5396 8185 4080 4240 5944 6786 4030 5846 3515 5198 3606 4802 5178 6431 6250 6394 4297 5569 1709
4234 5787 3331 4001 2881 6601 6087 5527 3763 5214 6130 5933 6765 3343 2092 4500 8309 4897 5376 3397 5508 3546 4274 4758 6879 8611 6514 1691 6410 1754
4413 6396 3739 3495 2665 8728 8334 5502 1558 3674 6754 7326 8232 3895 4275 5643 7436 5308 3679 3917 4974 2914 4480 3928 6907 8768 6912 2381 5525 3550
3040 4957 3724 2276 4051 6458 8164 6652 2644 3354 7320 5655 7522 3113 3354 4424 8448 4777 4106 4095 5739 1343 3155 4153 5469 7332 7869 1907 5484 3684
2648 5572 2971 4122 2070 6676 7028 5222 3208 5578 5801 5482 7013 3583 3040 5064 7411 5148 3695 2969 4441 3714 4173 4502 7411 8831 7824 3170 5776 2893
3462 4834 3173 2505 2951 8607 6871 5466 1691 4102 7470 6762 6571 3362 2843 4019 7043 3238 6070 4300 3733 2820 3469 4609 5363 6479 6620 3713 6132 2232
4074 4776 4394 3029 2954 8109 7272 5270 1995 3528 5500 6136 6405 3067 3924 3649 7564 4318 6035 5082 5510 2952 5190 5734 6004 6616 7697 3520 6775 3978
3943 4862 3264 2116 3547 7325 8471 5998 2631 5178 5878 6336 6575 4538 3102 3490 7598 5216 3857 4586 5446 3659 3999 4137 7087 6362 8101 2056 7332 3077
4094 6468 2364 2372 3555 6635 7416 6748 2644 5417 6368 4865 6978 5390 3842 3594 8071 4727 5463 4186 5078 3598 2906 4044 6087 8707 8342 2146 7001 2167
4330 5362 3721 2236 2115 6300 7718 6111 3896 5090 7483 5544 7808 4097 2036 5162 8421 3944 4424 4440 4519 1446 4898 6192 7143 7042 6302 3031 5700 2047
4767 4604 2494 2496 2953 7136 6902 5476 3554 4448 6435 7000 7690 3270 3486 4770 8801 5188 5781 4759 5362 2349 4933 4433 6175 7658 6578 2159 5377 2765
3639 4978 3396 3387 3946 6255 7532 5936 2431 4235 6393 5707 6050 4682 1872 4251 7395 5219 4680 5082 3676 1921 4494 4832 5814 8268 8633 2383 6157 1705
2208 4294 4303 3138 2129 7858 7717 7264 2522 3890 5828 6581 7980 3880 2026 5619 8938 3300 5382 5107 5330 2203 4210 3652 6679 7721 7844 3200 6097 2010
4290 4795 2331 3090 2118 8600 7610 6439 2224 3763 6822 6213 6343 3972 1993 5854 6357 3870 4610 4557 6104 1834 4621 3987 4892 8505 6685 3577 6603 4022
3295 4858 2981 2198 3202 6400 6016 5407 2392 5534 6648 6375 8238 4017 3019 4485 8433 4345 4974 3420 5112 2030 4402 6033 6520 7138 7823 2569 5730 1930
4392 6621 3325 2065 3214 8592 8079 7612 2744 5582 6209 5773 6664 3988 2337 5326 8491 3687 5205 3348 4261 2738 3744 5328 5352 8716 8489 4265 6139 2275
4352 5716 3846 2914 2550 6999 6479 7155 3206 4327 6547 6797 6130 4036 4348 4621 8839 3151 4937 4611 4562 2364 2648 3599 6683 8104 8822 2089 6759 3765
3535 5208 2808 2842 2377 8028 6407 6002 2451 5493 7172 6123 8087 4192 2290 3575 7872 4384 4349 4917 4985 1343 4043 6127 5528 7745 6813 2446 5779 1786
4510 4646 4165 3476 2591 8254 6935 7443 2396 2980 6656 6583 7553 2826 3024 5114 8425 3399 5243 3918 5127 3768 3743 6007 6267 6967 7367 1776 7462 4259
3993 4687 3438 2046 2602 7043 6881 7103 3453 4508 6604 6533 7054 3296 3219 6007 6477 4561 4851 4496 4142 2923 3666 4752 6480 6659 7258 3348 5469 2840
3 7 20 8 50274 0.9795418980952718
24 6 19 19 73988 0.9982471999616918
27 0 3 8 92173 0.9217008888160827
0 19 9 10 76452 0.9746716891414611
7 15 12 0 69729 0.9584484818288693
20 28 24 3 101319 0.9884252687655288
18 24 0 28 73819 0.9484524853780673
27 5 23 14 53631 1.0405630434353554
13 9 2 14 51539 1.0569787567957971
29 16 4 24 111742 1.0469731050428461
4 24 23 18 81977 0.941586530483104
24 13 12 22 60583 1.095931284201651
3 24 5 16 40193 1.0029851957324143
0 24 1 15 55887 1.0769003806468898
13 18 3 23 49981 1.0940849118754052
11 19 7 26 42423 0.9685937034482264
14 6 17 24 61249 1.0408960316939206
23 12 14 10 47163 0.9389775950195187
23 28 27 10 91987 0.9077513227670501
23 22 5 10 93750 1.062354790121914
26 1 18 7 55793 0.9478548216021101
21 14 23 1 49331 1.0470411676992066
27 7 4 25 130560 1.0585215042735263
24 10 3 22 100532 1.0743915393317776
17 0 10 7 41645 0.900529908280795
8 24 22 6 101196 0.9653856764063373
29 3 4 6 86321 1.0315504938370381
26 5 1 0 91125 0.908147389115254
1 6 2 16 55987 0.9122388433611768
3 24 22 29 68054 0.9856401507077357
20 29 4 5 120216 1.0342664416512894
25 23 0 11 123874 1.0644055394745793
28 2 19 24 111797 0.9212251261564898
23 11 23 26 57845 1.0588658904418307
11 8 7 15 38526 1.0824487914518908
21 28 24 3 104867 0.932324754375145
24 0 13 17 82096 1.0634368969566743
6 21 4 11 52166 0.9272139687758718
20 8 4 24 102016 1.051432083652999
29 17 12 2 99289 0.9228250204647497
25 28 2 3 131845 0.9049617522680401
3 29 10 26 31578 0.9191739646405641
15 27 19 2 79594 0.9454693182169625
23 1 12 20 86053 0.9983969565894643
23 4 8 17 84400 0.9136196607534476
17 21 18 1 64453 1.076251127515094
1 29 12 15 77915 0.9225143860983512
12 0 9 17 67914 1.0269458074808002
28 23 19 9 87069 0.9731407606502658
9 8 25 6 52305 0.9435671996039583
10 28 17 7 80835 1.041907523793825
28 28 12 13 87918 1.087079705907202
8 0 18 17 82657 1.080975209103994
2 5 8 19 78959 0.9017853672603758
27 4 8 3 58985 1.017053479448101
10 3 17 6 34972 1.0982920859537424
16 1 4 17 85650 0.9851947711077153
13 26 20 1 99349 1.0499653612106732
12 29 18 14 62939 1.0492970304415192
27 25 22 16 58249 0.9324883069316299
28 21 12 27 58122 0.9106417611883819
17 16 27 6 73437 1.0924223018434942
19 28 4 20 72060 1.0660123334613592
9 11 2 1 67058 0.9649672872743384
29 14 15 27 75466 0.9837558786170734
3 14 19 29 91937 1.0391417543900827
2 15 24 5 96886 1.0579418445321562
20 29 10 23 50892 0.9037268342757093
18 12 1 0 88249 1.0904105817899228
10 19 18 25 49418 1.072554260215934
9 3 6 27 95517 0.9134638389442123
4 9 15 21 76195 1.0021823627752906
19 13 9 29 76523 0.9317109376734922
18 6 8 22 80158 0.917181938772975
8 26 24 4 116378 1.0006822365024217
5 0 17 8 60680 0.916576130846058
8 5 27 10 83240 1.094193435987109
17 15 1 27 77783 1.0769801398082905
8 11 23 9 59298 1.0653895306054952
16 15 29 21 48207 1.0608091457458568
10 13 25 7 58712 1.085146013220132
13 2 16 13 38844 1.0560616040990283
20 27 8 15 75484 0.977974813446072
15 28 29 26 47459 1.0787930814099995
26 11 29 19 53234 0.9545705500298862
22 0 5 15 94689 0.9561673587779111
22 26 10 19 59446 1.0884276289329688
17 6 26 26 99909 1.0960181172974666
15 7 12 18 49362 1.0028376448705203
12 6 20 26 86107 1.00047792017253
2 0 29 7 100626 0.9285117371711497
10 18 19 1 78693 0.9504656367852566
28 7 13 29 106899 0.9905517787700685
27 21 7 14 75825 1.0384768400064521
15 7 27 6 51748 0.9215450719896157
20 6 1 17 99745 0.9448899805471935
25 1 16 15 65620 0.9507393386967181
26 22 4 12 100098 1.0089495811918547
0 12 27 13 100983 1.0784751088053832
12 10 25 10 53215 1.0498888720936261
23 4 8 9 57439 1.0139761675434276
9 17 4 26 64380 1.0978360797503584
21 14 1 28 97911 1.088456282800776
18 19 28 8 70795 0.9247643055588624
26 10 2 9 82963 0.9792507086436609
15 26 3 26 41642 1.038396226013336
0 7 12 8 40404 1.0649863563510842
15 11 3 10 54754 0.9711418006897021
25 29 19 2 104645 0.9968286046457127
26 17 0 22 95117 1.0399540686619366
7 19 2 2 79274 0.9544460871551166
5 11 0 29 79910 1.0187807735011118
3 7 12 0 52541 1.0218766609142689
29 4 21 0 34783 0.9713602236318648
16 10 28 5 52868 1.012039019609676
19 15 20 0 68306 1.0532032149892212
27 17 6 8 90302 0.9139849991795171
2 27 25 23 84266 1.004069595946948
14 3 12 28 88492 0.910897614660854
6 6 7 21 76764 1.0783562118656136
12 27 27 29 46432 0.9167678182809017
13 17 6 1 79506 0.9565006498842027
7 2 11 23 79248 1.060085096061756
21 7 4 9 60849 0.9814536166506723
17 7 1 12 71941 1.0940134158586268
29 2 21 26 118290 1.0418294777430408
24 24 12 13 68543 1.0221342673832299
23 10 11 24 72465 0.9599837534158465
25 19 29 28 57605 1.0882161163014374
14 24 16 5 62274 1.027190686315801
11 21 3 28 44036 0.9798585879465918
27 20 8 21 57786 0.9628105638300594
26 9 11 25 92221 0.9581098687866446
8 5 13 23 81450 0.992511697929244
28 13 11 25 80469 0.9864631968575293
15 9 7 4 37211 1.071715303684211
0 0 22 14 99407 0.9965131436118511
26 8 18 2 44037 0.9055709332837842
19 23 15 6 65852 1.0409724663375368
25 16 13 4 69576 0.9144579455637274
4 13 22 9 75113 1.053402673344251
14 29 17 0 90219 1.0655049782016972
12 27 6 7 84372 0.9046950975183086
22 1 21 11 49021 1.0161596303422684
5 7 16 17 58071 0.9101556173247914
3 18 28 11 104341 1.075662712536863
17 7 7 29 92095 0.9470100970248094
12 25 25 13 78007 0.9182169376525451
24 8 27 23 75255 0.9814495122405742
8 20 10 28 40723 0.9968261748296331
12 12 22 0 69211 1.03015531842654
5 22 19 10 88353 0.9995411643984489
20 11 13 26 82357 1.0107937341602877
0 23 29 23 101541 1.0371905725543813
26 21 2 27 80561 0.97892585051795
16 13 4 0 73261 1.012693770092416
3 9 29 13 95919 1.004575113219265
5 10 3 1 39084 0.9813125169104258
8 28 23 28 48117 1.049853944514299
15 0 16 24 67767 0.9639592315276582
15 29 6 26 39612 0.9142822097437885
0 6 19 17 94479 0.9872556274688279
5 23 10 16 49357 1.0991259494420902
6 9 16 26 82546 1.0241691287081833
17 2 7 2 35080 0.925419385639823
27 27 12 28 48141 1.0653264864007104
19 22 20 3 72053 0.90224702679604
1 6 20 22 107378 1.0876613910161435
5 6 13 19 71367 0.9839744574776756
7 3 1 11 50795 1.022510584223818
29 24 11 10 95027 1.0468935163883155
14 19 18 9 46167 0.979061021636643
23 25 8 3 101581 1.0819742575715616
7 6 7 18 78157 1.0396374915312923
9 2 4 29 111551 1.0613342778317445
27 8 14 24 85302 1.0045775585729622
20 0 5 10 77451 0.9109586421961963
28 11 17 3 60731 1.059681687677929
0 28 27 5 153123 0.9803363680982483
25 5 10 8 56045 0.9046787165708213
23 22 13 0 85447 0.9701256281672681
17 4 11 12 38137 0.9075767698125593
7 10 25 13 81206 0.9121424284457876
21 20 5 1 106869 0.9852969128248834
7 2 21 5 59603 1.0087279730127336
23 14 6 23 78690 1.0276196453239361
2 16 1 26 56856 0.9753786927169601
2 0 29 16 124612 0.9378411829162665
16 20 17 9 34208 1.0986595897664229
15 0 8 10 58021 1.0291456258776737
0 23 29 27 99955 1.070339703510565
11 25 4 10 77299 0.9781053374719504
9 21 1 14 50238 0.9406717943573715
9 21 29 25 74662 0.9813930021857427
17 22 10 15 46043 0.924596883588081
23 7 14 20 64549 0.9162814965860322
4 1 27 19 130532 1.0070386473913795
14 17 26 4 72143 1.022739646566499
24 27 22 16 45247 0.9747005479627716
22 7 21 20 64453 0.9521125121283439
0 17 23 13 88010 1.0330535158055827
21 26 5 9 105969 1.0907530213645846
5 15 13 18 44139 0.9933865055806992
12 6 0 25 108874 1.07860533729748
18 4 26 15 65073 1.0749448725184012
4 29 1 7 90861 1.0800168653384468
13 21 8 13 42525 1.0792277765514298
20 17 1 18 88109 0.9708773730874218
19 24 11 26 44247 1.0223847749046788
21 5 1 12 98811 0.9725824370446816
19 26 24 3 98707 0.9838178289152087
14 26 1 27 39266 1.0908782778968842
24 7 1 27 121699 1.0697018790194708
1 16 16 13 64273 1.0883041985764066
27 16 13 14 55094 0.9395302784614848
26 16 23 28 58002 0.9367386980863144
28 8 26 0 48449 1.038472856392125
18 6 26 19 81548 1.0747739228675282
7 14 1 21 37726 1.070152424106054
28 16 19 0 88298 1.0638462826889306
25 21 9 11 77335 1.0091236097639407
22 21 3 29 75079 0.9765141925342413
25 29 4 24 80477 0.9317885089073482
24 1 25 12 49817 1.032110641020178
22 25 15 20 37929 0.9171688696684547
15 2 0 16 95999 0.9447805994665571
3 27 13 27 26437 0.9746500777075208
16 5 1 25 108640 0.940576492924279
19 11 18 27 64446 0.9259588976140952
14 25 23 6 85123 0.9935816060865308
3 23 23 4 111993 1.0387636028586793
28 2 16 8 50915 0.9010685195907369
8 20 11 2 69510 1.0339542499982657
12 14 4 12 37738 0.9862580346553377
15 14 4 14 34379 1.0546411602088024
17 28 22 8 78394 0.9657114939117112
1 1 3 16 62267 0.9561442325932543
6 11 28 9 84528 0.9252959512524631
3 24 3 3 74144 1.0257914961684238
5 9 27 3 76462 1.041554321189638
14 8 19 1 34644 0.9889090438434829
14 12 15 29 60442 1.0506864562187208
22 6 28 12 45038 0.9437493442588258
18 27 9 8 73572 1.044748406602384
9 7 17 13 42384 1.011168280253787
23 9 27 19 57472 1.0031298142412761
16 6 6 8 33556 1.0064905297160753
1 3 6 22 83350 1.0318631513910954
15 19 17 4 48778 1.0653741723094694
16 26 17 14 35977 0.944222575631345
6 10 12 25 83605 1.0009912785339055
6 9 13 25 84741 0.9684161076565485
17 7 13 28 77928 1.0547223812136464
7 22 1 27 36810 1.0914132563609003
18 5 16 13 35271 1.0388136289875487
6 28 0 16 70484 0.914044632234981
24 6 16 9 34693 1.0003588383968838
11 0 25 12 80741 0.962084308300365
15 26 19 11 65464 1.0932457597577798
28 27 13 8 90348 1.0528262440754048
9 15 1 26 81116 1.0867700365638295
22 23 17 14 44053 0.9980094241413664
16 29 10 5 85179 1.0867668552895497
16 29 24 23 44133 1.0241125677219958
8 20 28 26 84786 1.0902397959930534
7 8 4 19 56572 1.0580361283080577
17 14 26 3 58500 1.0422974746488254
8 2 17 26 98120 1.0747618159538332
17 27 25 8 78851 0.9889811880640631
13 4 2 2 38601 0.9913982884176514
11 18 24 15 57541 1.0392741719888745
11 25 18 22 33161 0.9889987983909101
5 25 2 11 64848 0.9670302673479936
5 22 0 14 43971 0.9284850637952251
7 8 9 0 46767 1.08776259400651
3 23 20 21 56267 0.9871501982976741
6 2 25 27 122862 1.0371954311073632
10 1 28 7 75604 0.9087488670607811
22 10 8 20 84270 1.035189333516575
26 24 6 17 96418 1.0656262783747423
22 7 22 19 55277 1.0704517172093007
23 8 11 15 52035 0.9885182946322898
5 23 22 1 114908 1.074978217552266
21 12 8 29 90365 0.9833589875737371
9 19 15 15 38378 0.9184436288170832
11 3 2 11 55606 1.0843743711314644
11 27 24 18 64108 1.0239315336001753
4 6 6 29 96060 0.9755868630453808
11 26 29 24 69155 0.9831947370745122
2 6 28 21 110323 1.095395623934385
6 29 0 7 98790 1.0313857484636788
3 0 11 21 88260 1.0338479897507205
10 18 4 22 38728 1.0032013975429708
18 22 6 27 48587 0.9756896662307418
18 17 12 23 39928 1.059837789027878
25 7 3 27 118504 0.9857121434361976
21 15 20 25 60157 0.9776977294248138
10 2 14 22 76510 0.9752045250418496
2 27 23 5 121730 1.0798081159094728
29 6 21 29 111788 0.9329055330436127
16 3 8 19 69187 1.023628969916961
10 27 25 23 60788 1.0948703426148936
23 4 18 20 73876 1.068293807096106
1 16 22 19 90590 1.0329413306102682
28 14 21 4 55238 0.9912140916309391
9 14 24 8 58578 1.0574624941238726
22 27 11 24 40963 1.0991862240456332
14 2 3 27 109669 0.9925247246079535
1 20 14 19 53525 0.913733401745116
9 27 23 16 74038 0.919783628018477
7 5 27 10 87527 0.9419897789485636
2 11 10 19 60957 0.9785281003145025
27 1 15 27 108556 1.0971692589493809
11 27 21 26 34276 0.9013334810187619
12 1 11 22 70897 0.9153048619344099
17 10 9 15 47616 0.9231898434657523
11 15 20 5 62384 0.9445007535302268
6 17 2 29 57254 0.9322439242204064
27 14 7 20 84343 0.9700079026297533
14 0 4 7 63315 1.0505573942901831
12 6 1 12 63397 0.9958660985989674
21 19 15 6 62686 0.9312584421385925
25 22 16 12 51200 0.9211961006897341
3 10 7 25 74875 0.9736305820399811
25 17 16 27 56528 0.9942262430239986
28 3 5 26 133210 0.9641930137687248
22 12 10 10 58345 1.0918031706085904
19 10 14 16 46292 1.0124065455009938
28 5 26 26 115710 0.9671102619935661
6 19 25 0 114684 0.9041146402217447
26 20 21 7 73445 0.9887418302469809
29 19 2 6 123322 0.905899154112849
20 25 26 29 34274 1.0743367139766808
0 27 0 2 104921 1.065058406358186
1 26 17 13 91872 0.9320443255846831
6 27 9 4 89563 0.9771160790271265
4 9 10 22 74734 1.001948006824034
24 29 3 9 116171 0.9768721669380661
4 1 29 18 132629 1.0140492337952787
19 21 10 11 58864 1.053611366702434
28 11 14 14 55619 1.0770238513806705
2 9 8 17 56278 0.9830314474941634
15 27 8 2 96016 0.9567730214050295
21 29 10 10 89130 1.0255813383476413
28 14 27 29 77971 0.9459328675625175
16 6 25 28 87626 0.9779512909367021
1 3 3 17 56009 1.06747326705109
22 9 6 2 67853 0.9548029797689116
28 15 22 11 35904 0.9716134070266845
6 24 28 26 84509 1.0464329482097627
4 19 5 7 55546 0.9243782926355469
21 11 18 19 54514 0.9454231782169541
13 1 2 8 57756 0.9469439688190807
11 20 13 8 41699 1.039238927101791
23 12 0 25 114655 1.0194983911351871
16 24 18 4 61559 0.9478368463350515
19 4 4 24 109725 0.997713753054891
17 24 15 15 34809 1.0312343683192549
4 24 1 16 46074 0.9546445791418072
10 23 7 6 77462 1.0762381899478708
29 9 13 22 90438 0.9372812710404872
13 8 6 27 77219 1.0402527851112922
21 4 3 24 111845 0.9391340510751527
22 20 2 10 101854 0.9575148809135375
13 20 22 13 48658 1.0027506338437562
1 28 5 8 83831 1.0797074618353104
24 4 4 8 66176 0.9099808143609367
0 14 14 8 60454 0.9181948916619191
4 23 20 25 76354 0.9089938380471757
16 25 2 11 88942 1.0559605075939906
8 11 6 23 75230 0.9405083160995651
2 20 24 12 98280 1.0253391560008611
21 28 15 19 46907 0.9563838420719364
20 24 0 1 134107 0.9492412887617199
16 16 26 23 51201 0.9466106126461619
7 18 14 23 45934 0.9434395929043453
21 22 9 17 56844 0.9970254351260706
15 5 0 9 60531 0.9950877934703041
20 27 0 0 127787 1.0651821484588067
21 6 18 24 84091 1.0362850607901237
20 27 11 25 32168 0.992359775156272
1 4 20 8 67536 0.9678313435152865
9 12 4 4 59365 0.9382107120015797
1 16 5 28 59890 0.9852427720901183
13 28 1 19 69412 0.9778966477904774
11 8 25 18 72345 0.9244380452634028
1 21 26 26 93378 1.0149039614812498
21 28 25 11 84959 1.0399891758774062
13 24 5 16 65354 0.9648253823347562
13 10 28 3 62586 1.0934858277289543
29 29 13 3 115615 1.0993552711997372
14 3 21 14 49258 0.9464224591604483
6 3 17 2 34867 0.9943596549984024
28 28 22 10 88400 1.0278849053393149
28 2 24 18 81521 0.9431601777322927
10 4 22 25 91618 1.0498610860499178
20 8 28 16 55638 0.995383716544545
5 8 6 29 88326 0.938715720351307
7 14 10 27 56680 1.0378362435300328
5 26 18 19 67739 0.9923142673014774
26 24 10 10 98149 1.059372885697064
0 13 26 13 92299 1.0543886812541827
18 18 3 22 59556 0.9456719954338447
14 12 27 21 57534 1.0767800670907284
9 17 26 8 76051 1.0037355789394589
25 16 26 28 63752 1.0959382135165359
17 27 4 19 65524 1.0813789116519832
10 8 25 5 56045 1.076987234897751
20 11 25 23 70389 1.073568991840278
25 4 9 18 91577 1.0008804331998116
5 5 22 5 63879 0.9523381757685225
29 4 6 25 139088 1.0894891606544288
15 6 6 24 94468 0.922298989086146
3 7 27 8 68244 1.0236038369282174
7 2 24 11 82395 1.075243448358444
2 29 25 24 86398 0.9505934424646776
15 16 16 28 39976 1.096567315896838
5 8 19 25 96327 0.9462359469772236
28 12 24 6 43915 1.058511302818074
0 22 22 28 86410 0.9988497359726989
28 26 22 2 110807 1.0436455570832126
20 27 4 25 58851 1.0815975754607496
29 7 5 1 93495 1.0792835773537135
7 28 25 16 95040 0.9360694202556884
5 18 13 6 75738 1.014806172788112
4 7 29 28 133062 0.9520861129490464
29 11 12 1 82905 0.9962225771448285
18 5 22 28 92997 1.0633211789918653
13 29 1 0 126492 0.9373240921287852
2 4 12 0 45120 0.9139669229566777
7 23 10 11 64290 0.9572104989987761
19 20 10 25 46029 0.9352259370485805
14 14 6 21 49393 0.9703458313902892
16 8 8 19 56206 1.097115149870578
15 17 13 8 35253 1.0832532520853162
1 0 7 13 68047 1.0478893252802202
21 10 4 28 116415 1.0665030941325568
27 29 10 8 100738 0.9771915136567996
21 12 13 23 65333 0.9156960148509283
25 27 19 5 103334 0.9207186473752526
27 0 18 3 40161 0.9799692029032444
0 0 18 8 71913 1.0181603409998434
21 23 20 7 78211 0.9251111437144042
20 19 2 26 85057 1.063183785361377
9 28 5 11 85221 1.0313695206991078
23 1 22 20 73812 0.9546365199767215
24 27 16 14 56473 1.0117887899177305
10 22 18 12 57015 1.0587273843361775
7 18 20 14 63783 0.9469168002791051
25 27 3 4 125057 1.074751351569943
25 29 6 29 49945 0.9645061167665294
12 26 24 14 73452 0.9949352534373408
26 2 18 14 64321 1.039757294251365
13 5 22 2 35138 0.9580089276886683
0 21 14 24 54784 1.0228515033253898
13 28 9 17 52244 0.9104417259790033
14 26 4 16 78948 0.9340151593134355
29 9 15 11 55698 1.0626615362263134
23 6 3 21 100231 0.9317543770840379
2 28 27 20 94509 0.9439578812939428
3 24 0 11 63573 1.063933128469051
8 27 23 1 111741 1.0656010338090927
23 19 14 22 33912 0.9185110482218072
4 19 12 6 71616 0.9653904132741881
16 2 7 27 92987 1.0200607460313258
25 13 0 15 87584 1.0240860338874
19 20 29 13 65907 0.9638793303622574
28 20 18 19 37982 1.0158589313020654
1 17 20 10 97670 1.0086029688235498
8 4 3 22 79302 0.9104428068765716
29 21 29 11 53494 1.0055079106395208
2 17 4 6 49339 0.9551026478816868
18 10 23 21 59726 1.016597968012361
23 12 14 18 46112 1.0103451879498146
22 27 29 15 70545 1.0143596062979494
29 25 15 12 81549 0.9067112308838832
11 24 18 8 60666 0.952605014136853
15 3 2 17 83153 0.9678635673101842
12 1 8 20 77187 0.9694626841429386
5 28 21 3 115092 1.0598105705635563
19 15 2 10 78758 0.9760375359072642
23 10 9 0 72885 0.9142208396818602
1 5 21 27 124130 1.0886564221718562
21 1 7 8 61138 0.9204686245025832
14 27 4 13 74292 1.0449228997719455
15 10 22 26 70887 1.0769289872904289
29 26 1 5 151301 1.031055841534401
23 10 21 29 75913 1.0486170099873382
25 2 16 13 54449 0.9654254902803248
14 17 23 12 41068 0.960774751976965
7 16 16 21 53262 1.0567898949242267
16 21 7 5 77747 0.999001259313774
15 26 0 28 52807 1.0565537717537297
23 15 25 29 54108 1.0589684233442287
3 4 12 15 63494 0.9587511565951575
12 18 13 2 61211 0.9856374358502248
28 6 28 27 104032 0.9641197670651395
23 6 18 17 57880 0.9750202252343392
0 21 23 7 104875 1.0986611375280662
21 2 8 23 98820 0.9350131881324866
24 24 14 22 43627 1.070200998818728
28 8 24 0 43491 1.05457894824353
8 22 4 1 95303 0.9943793867942341
10 0 15 6 41245 0.9706930756077841
13 20 26 4 86002 0.9493305350572451
15 24 20 12 58749 1.079959220664327
6 9 20 14 62137 0.92008210290069
5 0 9 8 47901 1.0683071348290887
29 19 21 21 29279 0.9784722974201442
25 17 22 27 47232 0.9245117285501592
10 4 5 12 52893 0.9122889634664206
0 18 13 15 63012 0.9592384617723484
23 5 1 18 107061 1.0968250745032533
15 20 4 19 44732 0.946043976962927
6 26 8 6 102057 1.030125539695856
6 7 18 16 64414 0.9583439039154746
28 28 11 26 55282 1.0777104668637292
6 0 26 16 114397 1.029983608492571
21 22 29 9 78351 1.0339958152701108
24 14 15 0 62308 1.0226703816306375
28 12 7 3 91194 0.9673614848538333
17 22 27 19 41959 1.0016022212724047
1 15 20 9 85866 0.9481868634263875
27 3 26 14 59796 1.0952479773832888
21 17 3 22 77063 1.087641311603155
5 22 22 23 60405 0.9217574383101043
20 24 27 1 114046 1.0884668526046997
13 12 20 8 40369 0.9133870159666245
24 25 16 7 75764 1.0925570360327015
27 20 7 28 83241 0.9193041512218532
14 5 27 1 53567 1.0123260924213628
19 15 27 5 68342 0.961901149492052
3 0 6 14 57208 0.934215194395885
18 27 0 29 55934 1.079546807677026
20 29 27 16 73073 1.0717446092223137
9 13 7 3 48180 1.044729772028736
17 17 26 8 57501 1.0327529975639191
7 15 20 11 68519 0.9833070733098044
5 29 0 19 52703 0.9138350892650684
4 26 7 3 97728 0.9205473697906176
3 11 17 20 73929 0.9357726608121895
8 12 11 19 37438 1.0828796766856428
11 3 19 17 63771 0.9941520614599179
6 29 5 15 67397 1.0995858637299745
20 21 20 1 78250 0.9815518837583528
23 29 21 17 48607 1.0072231900665831
7 25 15 1 108455 1.0247873268393621
0 27 6 19 45670 1.0238659638061618
24 21 28 4 80186 0.9365449470648515
26 9 12 2 62542 1.088459864504884
27 18 23 28 52273 0.9182108640795337
13 1 16 20 62794 0.9234587341542185
1 28 18 27 52423 1.0674645437950585
21 25 11 27 41716 0.9272412539043114
0 29 25 26 81657 1.0607236134575695
26 19 22 12 42302 1.0905772013271384
19 18 6 29 72908 0.9712183280601658
24 29 1 18 100732 0.9549004694348326
23 25 28 14 56994 0.993940528243719
17 20 13 27 35834 0.9165602288221195
21 1 18 16 68039 0.9906085432486564
17 24 3 9 88445 1.0216878696448657
8 0 25 21 105649 1.0986805271525144
13 21 27 23 47804 1.0890901013608307
27 26 8 28 68108 0.9419198324348658
19 26 26 21 44850 0.9126596295654901
17 14 20 7 39243 1.057417576800091
1 12 23 5 93365 0.9581655564225204
16 15 21 7 41971 1.0137063832467597
12 27 14 1 89991 1.0142860128477376
26 24 13 6 98302 0.9305421127641154
16 20 2 26 65027 1.0979776048879402
15 26 5 14 72975 1.0564579929465185
12 21 17 8 48658 0.9391854156819169
11 19 3 2 74371 0.9230986643070572
22 27 1 4 121543 0.9104885165742465
25 2 13 5 42595 1.0933678168625816
0 18 9 21 40754 0.9920152414127531
23 22 11 2 85136 0.9593486674452303
27 7 22 12 38724 1.0511387855257168
2 17 21 21 69468 0.925721960925142
28 17 10 26 80701 1.097055938981854
13 27 6 16 66366 1.0335985745869907
27 5 0 18 129958 1.0140982282467665
6 9 4 28 85569 0.9649741544488522
2 11 10 26 85299 1.0467819127842408
11 27 15 19 36838 1.0610356079799503
16 21 22 1 72680 0.9518080786983891
11 18 9 5 51993 1.0416578188412648
27 29 9 21 71576 1.0943361681629922
20 29 1 8 110056 1.0073864869802027
17 1 20 17 65353 1.0626155414844434
9 19 29 22 65279 1.0518503837826776
29 11 4 16 102228 1.0597996452505947
1 9 14 12 60587 0.951486418083943
13 2 25 16 75584 1.0323495831387768
16 25 18 4 64412 1.072479465288835
11 7 1 0 49342 1.0400794150487256
19 9 9 29 90534 0.9111912823397862
19 8 17 27 62984 1.0470464504581474
24 20 0 8 104518 1.0156071570696543
5 9 11 15 44568 0.9780914134637109
18 8 2 29 103623 0.9076997544927838
25 25 5 9 114427 1.0319996561477771
19 5 7 9 55617 1.0172175083240425
15 12 28 25 78739 1.0600242781650184
27 26 19 24 49343 0.9568516291481373
15 9 23 4 37829 0.9896673083170394
10 28 12 9 67093 1.0110472718208945
1 7 8 24 92283 0.9984104943138161
2 1 11 21 90861 1.0498430800671708
9 8 0 0 52582 1.0281243067910937
29 27 25 0 123438 0.9923301071577616
25 16 9 4 78026 1.0737541980311351
4 1 28 15 113501 0.9946055601168386
29 20 22 25 38637 1.0357704214285408
28 25 3 2 137024 1.0038787643794151
21 27 20 11 78540 1.0656962884553216
0 29 16 19 74557 1.024723852048367
28 4 8 4 59009 1.0082865469237368
22 16 29 2 72265 1.0296642088932284
18 0 9 18 82071 0.9492908293670201
1 4 20 2 61858 1.0517134581610201
26 6 0 7 91113 0.9098452404460211
16 3 2 24 104546 0.9802771826431613
0 8 12 2 54208 0.9411679317661652
5 0 22 8 75727 1.0924023370579212
12 16 3 28 65897 0.9392716449553173
28 20 12 10 82864 1.0221447870381497
25 9 10 20 82926 0.9779955820263102
21 29 13 1 102396 1.0797997452008794
3 4 25 29 128242 0.9854080115944416
25 24 11 22 54258 0.9904812279628163
21 29 7 15 90732 0.9994828060818278
6 29 5 13 70599 1.041856678276187
10 18 15 28 49174 0.9015740102454232
11 17 21 25 67360 0.9870135408569245
6 19 27 27 86859 0.9360169689667726
18 0 12 8 38028 0.9619990548471568
24 11 1 25 120629 1.0649712419405357
22 29 5 0 131433 1.0942704322885368
18 4 16 15 37486 1.095279753529165
13 25 18 17 52193 1.0987151044722274
18 24 13 3 76862 1.06250858072973
20 1 29 18 97478 0.9836910296104846
5 6 18 10 56827 0.941430709563146
26 20 19 0 98742 0.9158194921169801
5 21 19 20 47515 1.0873184321742584
15 1 7 20 89131 1.031390809366306
12 3 10 21 63775 0.9005802847591182
19 25 19 12 72703 1.08743482557433
11 10 21 11 54305 1.07329829244632
19 29 7 15 86262 0.9855382333728167
29 6 12 28 117570 1.0808163651011606
5 16 27 14 77477 1.008761869623063
14 15 3 10 56310 1.0751191931617035
3 7 18 8 42824 0.9711258495540954
13 3 26 16 81561 0.9118650427856415
23 16 10 25 67491 0.9869219253420156
12 6 8 15 47118 1.0532422406704443
13 5 19 14 47476 0.9288111457196644
1 23 8 11 70516 1.0179249119993534
12 16 1 23 61693 0.9135952743449622
25 5 8 26 122782 1.0938394521415988
13 12 5 23 69037 0.9773216525223093
7 0 10 8 45632 0.9949370555060404
5 6 11 12 41034 1.0792929906494917
29 1 1 18 134394 1.0600014820249504
5 20 28 22 72052 1.0040961171139096
1 25 29 3 148330 0.9526153699258378
17 15 3 24 68835 0.9911217175427639
17 24 15 1 72478 1.072334422063581
15 5 14 19 54040 0.9338916724630237
22 4 8 21 89541 1.033713115204045
4 2 1 25 96644 0.9614531618375158
21 28 19 0 103673 0.9185014735947933
0 15 8 6 66703 0.9106819686205658
22 23 13 27 42759 1.0391074045313105
0 15 27 14 88423 0.9616820083623502
29 0 1 12 125185 0.9210500265513408
9 20 27 4 101756 1.0067981972766378
22 12 17 27 61592 1.0640310808730953
2 15 7 3 57048 1.0816040805968077
23 5 9 9 53009 1.0221904931798302
3 16 15 8 58452 0.9967875389811226
9 9 20 28 90201 1.0576869856658446
15 14 8 2 61068 1.0460651530782754
18 14 26 1 71138 1.0569878806899768
3 29 22 19 82366 1.0472784571142344
7 19 18 7 71630 0.9192077623584617
29 3 13 5 49147 1.0319437381886054
13 26 28 14 84319 1.0012236806753667
4 16 13 14 41787 1.0955221550491443
20 5 24 23 91262 0.9496386757898997
14 28 17 12 58582 0.9309135820457181
25 10 20 17 49558 1.0048155978607576
10 20 20 19 46275 0.9566785208816551
3 1 12 29 114747 0.9626235639427918
12 3 21 2 29158 1.094738054005819
14 6 29 26 101625 1.0503314213629533
25 22 27 11 69187 1.0661121725666138
1 9 19 24 107773 0.9444152706495972
19 2 27 19 92686 0.9785236395898165
11 8 24 8 33390 1.0349179984279069
8 27 15 15 59168 0.9428206428289431
22 3 12 29 101126 1.0882653651223197
26 14 13 11 52170 0.9069779119445432
21 24 28 16 55604 1.0030130056685183
16 29 25 27 30441 0.9952841357560517
18 17 15 7 41298 0.9790048793886298
10 24 16 3 75251 0.9154301239438405
10 27 26 2 112790 0.9969333300972316
20 26 14 5 82301 0.9384182169841514
15 10 0 23 94696 1.0867204624104438
20 1 23 28 105421 1.0136192086275808
6 8 22 1 65130 1.0589773339625579
29 9 8 0 89977 0.9459608686587504
1 5 3 22 75408 0.9844947751446288
10 24 9 7 68422 1.069646439669016
28 4 10 23 103429 0.9052030517584304
19 4 1 19 102443 1.009376402796672
1 16 5 29 62015 0.9509632483401026
25 10 2 13 92016 0.9225380160188533
24 7 7 6 65836 0.9149228354189284
6 23 17 10 77888 1.081641118628521
4 25 25 10 122227 0.9081796525275914
14 11 12 28 72199 1.086768151837076
27 10 29 21 62814 0.983295246544949
26 5 12 29 120169 0.9672425994493685
22 21 11 23 33135 1.002199336718321
4 10 13 16 61403 0.924416187135595
16 14 21 3 41993 1.034526737679699
9 13 25 22 73755 0.9276992320705325
2 25 14 25 53742 1.0527012350861509
18 28 9 11 82272 1.0253252492077194
19 13 3 20 75781 0.9137908204692106
4 8 23 24 93936 1.0471333605587003
27 12 10 22 82588 0.9870750090060327
19 23 28 18 46245 0.9867785353878721
2 3 16 8 50127 0.9828100821455513
4 3 24 1 63430 1.0750363044399454
9 26 25 13 88792 1.0406645479259051
22 27 16 0 87185 1.021095398756896
0 14 10 8 52822 1.017765672300714
24 0 0 29 148840 0.9215121304276277
12 28 7 23 42688 1.0051647954760174
24 17 0 17 101335 0.9834874084580254
25 16 1 5 110982 1.083713570067185
12 0 20 14 62548 0.9072363004835299
23 4 21 27 91695 0.9964445919370677
1 20 22 14 84966 0.9148977075155105
7 17 24 18 79353 0.910149842027624
9 8 4 19 63119 1.0340185823851589
28 27 16 7 86145 1.000622191867242
24 29 18 10 85571 1.004246983463514
10 22 15 0 79745 0.9070672706059029
21 1 22 17 68343 1.0385669143947942
0 6 14 29 122228 1.0682077226301554
15 5 28 13 70402 1.0843511292150019
21 23 7 15 80366 1.0722064894183672
2 8 18 4 55307 0.9497942138408471
11 6 9 15 37149 0.9069658877299115
19 28 8 17 71222 0.9539695268074693
1 25 27 22 97700 1.0230003863769985
7 12 0 8 44745 1.0774058224070777
17 26 14 12 54232 1.0980859031794403
13 3 6 7 42775 0.9835022660883204
9 2 25 7 67595 1.0119348125413852
14 13 13 29 61501 1.035805975822622
29 28 18 9 101164 1.0188554003785164
29 29 24 4 110789 0.9570023065685791
29 25 18 20 53725 1.084657760986974
26 5 6 26 134558 1.0750203135672594
4 5 8 24 94882 0.9416833246469462
1 7 27 0 105578 0.9507186016923125
29 26 9 11 111062 0.9475115532454194
11 21 4 28 42999 1.0772110781199151
13 8 14 20 47909 1.0201847289168975
8 4 17 14 51374 0.9015689080368566
17 27 10 22 36765 0.93914163798348
23 25 19 8 75106 1.0868445496044261
13 4 7 26 94487 0.9691341789724919
25 5 11 19 86880 1.0523321535717227
17 15 3 10 63459 0.9428388287485081
9 9 22 24 84904 1.0471240493972975
25 8 4 7 64789 0.9432751839740761
8 25 17 20 52335 1.046944501021841
28 5 20 27 109289 1.0852206280752825
23 2 13 18 74835 0.9546073294218516
25 6 20 11 41624 0.9449922798815759
8 24 18 26 54100 1.0731218062758476
14 29 24 20 57186 1.0652439152905493
16 0 12 26 88934 0.907736734752109
4 8 23 27 101703 1.0128648691364952
14 6 28 0 65207 0.9903018592677331
17 2 2 26 115031 1.010271286381533
13 6 8 16 57570 1.0448564137295522
18 26 23 14 65151 0.9650846401010624
12 11 15 28 71361 1.0908292293570054
13 25 27 12 93661 1.060770291747448
21 3 24 26 100085 0.9360947855657282
23 26 15 6 81176 0.9434115586837756
27 4 13 24 103393 0.9590359403216451
20 26 20 9 84277 0.9504431552068788
11 14 20 28 68336 0.9127805059692357
4 17 9 11 51492 0.9183998611985004
15 4 20 23 73499 0.9914414808292299
18 28 6 0 117386 0.9319142314687451
14 26 22 10 82890 1.0512175831696062
13 0 13 27 92797 1.0390790115411266
25 29 21 10 86119 0.9628474762987903
6 4 13 17 65773 1.060109114121071
5 24 24 21 66223 1.074548579135779
15 14 28 4 65843 1.03973058995814
22 28 0 25 79126 1.0307284193764494
16 2 27 7 51464 1.0449860717629171
13 22 14 11 51356 0.9746220908410499
1 2 14 1 48376 1.001341093902512
7 11 27 0 100138 1.0935431288896011
3 28 24 2 130217 0.9270887983470534
13 13 18 21 38823 1.0599136544247416
10 10 4 24 82351 0.9156319292405062
3 11 8 24 67604 0.9616601698788962
10 0 14 12 55816 0.9219335195357241
28 4 21 16 68939 0.900405346289849
27 14 12 18 58388 0.9670680615401623
22 0 11 2 44985 0.9519777293160521
3 26 4 11 58957 1.0117756343996
13 0 19 14 56022 1.083243516806647
17 22 29 4 90164 1.0364084182657936
26 22 4 14 87502 0.9306064130742799
10 13 25 13 52636 1.03061038455155
6 17 29 17 101057 0.9418321246192074
0 6 10 19 83450 0.9505751526842157
16 20 8 25 46889 0.9542766271506169
13 21 7 9 61098 0.9927932372523796
17 23 18 14 35540 1.0404594330153427
11 28 2 4 104371 1.0488061070478678
15 15 4 29 76155 0.9193905726116165
0 13 26 26 127876 0.9144581881723324
6 10 25 28 121816 0.9885251121492319
19 5 8 0 52634 0.9884586508630276
11 8 25 18 72345 1.0796094199975426
22 12 8 29 87339 0.9470500715050395
18 27 29 23 51739 1.0860055567533562
24 0 4 23 127346 0.9894030684536397
28 3 1 13 108761 0.9958933143352271
2 5 20 17 95164 1.0694661095213769
24 15 11 27 76138 1.0240595167169113
25 28 24 17 51377 1.0835615125216185
5 8 0 1 41767 0.9803099505172175
11 18 0 4 77826 0.9954157537868875
18 27 18 12 57756 0.9000278479261138
9 2 17 27 91501 1.015184082995216
27 10 4 4 88862 1.0578732582577994
23 12 7 26 93206 0.9101121330099176
6 10 12 14 46319 0.9132020661238541
10 2 13 14 49046 0.971989196857248
5 11 4 24 61378 0.9607789222739054
15 17 23 20 36924 0.9953592715580726
0 12 9 24 84520 0.9766051623438079
21 17 22 26 40154 1.0374201002417853
18 15 13 9 36717 1.0492858931236138
11 22 28 6 93852 0.956914337670713
11 3 2 20 83879 1.0610934878419471
6 5 27 7 81473 1.0029765541354814
6 6 26 2 77816 1.0378770618566273
17 20 9 22 33694 1.0347436948650728
1 6 22 7 76441 0.979835353097966
21 0 0 27 137885 0.9404442230975483
18 3 4 19 88940 0.917932320646123
6 20 12 5 75555 1.0507005603537098
0 28 8 8 97094 0.9370576477900041
24 25 20 0 107490 1.0470579875607493
29 12 21 10 50500 1.0316706432161153
3 23 0 14 40190 1.0874190037799962
19 10 17 2 42011 1.009427632194297
10 28 19 18 59316 1.0692974093676137
12 22 2 13 63410 0.9800207977105678
2 25 11 18 56010 1.0019370978069544
17 14 4 5 70054 0.9611893819896347
1 2 28 12 110339 1.0763861087530964
24 24 14 15 57563 0.9372054347952916
24 4 14 18 71423 0.9628211792497395
18 15 8 28 69618 1.0172872746227277
24 12 3 14 74334 1.033584463258643
26 12 29 1 69424 1.0267093833573697
7 11 17 4 57272 1.082842634294271
22 9 13 26 89483 1.0221131051560088
4 9 24 4 72827 1.0810351740774764
29 3 16 18 73931 0.9922254416371009
6 0 14 8 51787 0.9741101391489276
21 19 1 19 80712 0.9203889198315008
16 20 7 21 31157 1.0203396390377917
28 20 1 20 82963 0.9281017334772849
8 7 23 21 78881 0.9388246479621694
12 1 25 11 71454 1.0521627232897706
19 8 10 7 27872 0.961012759509461
25 26 20 11 86274 1.0328986475999955
27 18 22 10 55646 1.074481807289865
23 9 9 6 54382 1.0553403475532317
0 23 14 12 86664 0.9281746253096518
13 15 29 3 78670 1.0952227416563873
18 5 24 9 40740 1.0549503181829065
10 10 20 0 60929 1.0225424600462085
3 22 20 28 70550 0.95201901055412
14 20 22 14 40974 0.9886989032006841
6 19 17 13 59436 1.0221547812455163
11 25 3 2 91422 0.9822081873468858
9 26 5 17 66637 1.0051911078704179
8 11 26 21 84718 1.0317011871443031
20 1 9 0 47067 0.925366835287061
4 25 11 4 97263 0.9589354367298677
4 26 13 4 104145 0.9457396480544757
24 18 15 6 67812 1.045504776305075
19 15 8 22 56836 0.9958770612762409
23 24 4 10 106579 0.9802501993342743
13 15 29 2 83678 0.9046823285283153
25 8 27 18 58653 1.080180003773297
17 26 19 4 77815 0.9177679075334333
1 16 10 19 50759 1.0349633118228299
28 23 9 5 106452 1.0522787009319372
9 14 0 8 48838 0.9007079661593376
9 9 19 7 38059 0.9327524996128357
18 14 15 28 50809 0.9904792431791956
21 7 16 21 58002 1.0985982121307245
15 8 21 25 76607 1.0919082728313563
14 3 29 25 107480 1.06170697572125
28 5 16 19 77072 0.9881284574454205
25 21 22 8 58547 1.0418110863668169
3 0 11 16 71626 1.0246140779139938
26 12 4 19 98761 0.9702549941350564
27 15 8 21 81255 0.9901900973921666
28 0 23 9 48617 1.0267262588438173
26 23 13 18 58684 0.944006502176429
26 23 3 11 109317 1.0882141571327701
1 0 28 3 85139 0.9247882615589026
3 25 0 7 75189 0.9936418567372678
7 7 17 20 67923 0.9991172248503556
10 20 5 13 46473 0.9364403031328832
0 29 6 10 90593 1.0340414966567057
12 27 5 19 49807 0.9612095083331069
19 26 10 11 79656 1.0705628320690717
11 11 23 2 54307 1.0357526689066114
24 15 6 13 66792 0.9646438883839425
0 19 15 23 64608 0.9247767693766108
11 29 26 6 115299 1.0652074994338294
26 15 20 20 46989 0.9585611868909227
24 3 13 13 57670 1.0726653042486225
13 18 14 7 47769 1.0757639678894815
10 12 17 5 44781 1.0646754906043876
16 28 22 19 42932 0.9859104974608685
26 14 16 5 52133 0.9631502545222876
3 17 2 5 50561 0.9279320065280278
4 17 17 10 73314 1.036208471297265
12 1 13 27 90929 1.0179973221310044
14 21 0 19 53043 1.0910591297754655
3 4 7 11 44910 1.091773987079468
5 5 16 19 74021 1.0225566795168644
13 4 14 13 39265 0.9901529703747249
3 8 11 26 79270 0.9541480633028067
21 13 2 20 86509 1.0168453437062432
1 23 8 26 43740 1.0949690295678691
19 10 4 11 75304 1.083638379901023
4 4 3 28 89587 1.0230718042467437
12 18 26 28 73423 0.9255347098114549
6 20 22 12 78826 1.036213700201264
13 17 6 1 79506 0.9349935044493456
11 27 6 1 101371 0.908651858366038
20 13 6 1 83672 0.9749739341916003
13 25 28 7 104474 0.9333533753414774
25 16 18 19 44500 0.9757580824883583
2 3 21 17 98462 0.9691222876714012
6 28 27 26 72344 1.0512693053170399
24 4 5 10 74646 1.0093716320379948
8 3 19 2 36851 0.9250990052294809
21 2 10 6 44850 0.9312262475834262
29 26 26 9 98000 0.9318618685028501
26 6 11 6 57935 0.9031955278729163
5 14 10 26 61797 1.0193687421983713
2 17 29 15 98064 0.9232841943908087
10 27 18 5 89766 0.9778751745150356
26 27 24 5 97785 0.99189471813241
8 12 24 7 70311 1.0194714304654142
24 6 7 5 68407 1.0246825226151746
21 3 21 28 96441 0.9057288197868645
23 0 0 25 147240 0.9177847012884707
11 1 23 8 54500 0.9767841263144196
1 26 6 20 48635 1.0806831294946546
4 0 16 12 71373 1.0079305709753115
5 13 11 22 47924 0.9872367503482881
18 2 8 11 56752 1.0892219742496312
6 27 6 15 65126 0.90557644651281
25 23 0 2 129701 0.9296115082417674
11 28 28 29 51481 1.0950844724277968
4 14 0 2 55431 1.0084434162774163
3 24 26 5 132281 1.0759374466937943
29 8 9 17 84351 1.0672097654458204
14 15 26 29 72594 1.0187185683142066
20 26 23 19 42732 1.065051512916388
