2480 2934 2967 3190 2666 2834 3076 3146 3149 3074 2832 2426 2658 2446 2527 3153 3026 2237 2909 2580 2801 2564 2358 2382 2550 2880 2562 3164 2442
7883 7131 8009 8065 7413 7191 7718 7713 7630 7543 7302 7329 7945 7613 7967 7425 7526 7920 7490 7795 7128 7373 7103 7746 7892 7205 7815 7983 7946
2795 3556 3116 3593 2793 3661 3139 3425 3646 2724 2696 3460 2811 2696 2786 2753 2904 3190 3419 3620 3422 2685 2981 2845 3507 2923 2905 3380 3225
5190 4628 4792 5014 5367 5228 5417 5022 5398 5245 4922 5410 5091 4822 4792 4498 5108 4521 4441 5009 5146 4876 4895 5204 5235 5057 4494 5420 4718
6057 6658 6714 6664 6785 6079 6816 6703 6839 6363 6754 5868 6510 5985 6769 6771 6310 6126 5864 6517 6003 6186 6343 6031 6667 6630 6316 6369 5886
5687 5460 5363 5427 5624 6281 5699 6111 5625 6099 5753 5642 6321 5862 6042 5632 5987 5419 5512 5560 5844 5547 5610 6192 5623 5763 5505 6244 6051
2607 3106 2485 2944 2364 3106 2850 3091 2869 2358 2418 2805 2771 2470 2550 2494 2380 2396 3324 2594 2840 3208 3319 2458 2479 2395 2999 3069 2884
3722 4281 4117 3643 4116 4176 3965 3950 4133 4000 4236 4397 3952 3867 3749 4021 3664 3836 3623 4337 4061 4047 4428 4043 4378 4529 4293 4186 3852
2420 2694 2770 3214 2732 3033 2589 3049 2942 3034 3306 3125 2833 2469 3034 2638 3387 2405 3166 3292 3106 3107 2670 2851 3252 2744 2536 2842 2803
3726 3219 3568 3432 3312 3424 3994 3551 3744 4128 3282 3490 3515 3213 3409 3731 3355 3875 3758 3973 3213 3676 3812 3946 3329 3895 3160 3723 4116
2474 2086 2893 2867 2730 2116 2320 2439 2918 2937 2239 2483 2483 2897 2347 2620 2930 2334 1957 2175 1972 2641 2392 2438 2336 2217 2038 2164 2665
5174 4695 5149 5312 5404 4591 5319 5106 5273 4762 4455 5173 4904 4867 4656 5177 5227 5157 4736 4613 4597 4878 4919 4811 5138 4798 5419 4525 4557
2153 1907 2158 1943 1807 2388 1940 1666 1998 2368 1516 1977 2221 2131 1693 2155 1694 1938 2001 1834 2201 1634 1760 1457 1655 1982 1812 1588 1672
4799 4800 4255 4975 4814 4908 4798 4410 4901 4625 4845 4411 4175 4257 4501 4568 4443 4203 4442 4582 4654 4696 4926 4189 5114 4961 4546 4400 4554
2496 1888 1599 2261 2507 1824 2578 2093 2067 2142 1968 2141 2175 2382 1912 1761 1982 2421 2132 1741 2036 1829 2334 2185 2336 1986 2558 2472 1634
7899 7907 8340 8125 7473 8217 8401 7896 7692 7856 8312 7650 8256 8247 8248 7831 8295 7750 7562 8225 8260 8200 8282 7603 8276 8143 7502 7824 8141
6504 5736 6148 5908 5693 6578 5703 6357 6501 5918 6616 6025 6468 6415 6217 6394 5986 6077 6619 5706 6462 5789 6288 6219 6339 6266 6192 5991 6272
3523 3752 3431 3764 4335 3707 3901 3788 4289 3698 4128 3560 3950 4217 3930 3785 3707 3995 3970 3784 3648 3896 3633 4008 3853 4372 3716 4114 3749
1312 1719 1876 1687 1392 1601 1796 1487 1309 1564 1492 1698 1346 1938 2053 1783 1340 1742 1585 1993 1724 1356 1919 1311 1344 2105 1319 2106 1360
4412 4690 4203 4624 4313 5045 4866 4674 4148 4480 4539 4679 4387 4233 5025 5009 4416 4321 5095 5091 4156 4149 4094 5068 4649 4682 4656 4235 4947
7182 7405 7347 7369 7855 7644 7228 7663 7677 7339 7115 7501 7880 6969 7425 7700 7359 7180 7724 7382 7318 7372 7374 7063 7616 7269 7374 7223 7259
4756 4841 5210 5453 5155 5139 4684 5578 4871 5027 4608 5485 5567 4710 5296 4855 5444 5463 5140 5270 5111 5424 4655 4727 5271 5442 5302 4818 4775
2637 2791 2704 2615 2644 2518 2371 3119 2199 3035 2776 2592 2741 2399 2576 2402 2507 2747 2291 2730 2892 2930 2311 2921 2795 2690 2227 2242 2463
5218 5428 5368 5197 5203 5222 5652 5582 5611 5139 5304 5625 6004 5564 5164 5896 5727 6008 5314 5660 5211 5732 6070 5675 5198 5351 5172 5203 5402
4354 4043 4308 4159 4447 4401 4162 3916 4231 4238 4705 4230 3929 4234 4300 4307 4166 4221 4475 4357 4448 4436 3926 4644 4592 4563 4595 3912 3946
5600 5995 5798 6202 5724 5931 6088 6496 5875 5983 5918 6107 6034 5946 6293 6307 5820 5922 5898 5973 5600 5746 6121 6207 6112 6134 6032 6305 5623
3318 2966 3125 2805 2638 2699 3456 3476 3299 3543 2936 2646 3016 3510 3565 3428 3328 3366 2598 3024 2766 3445 3116 3484 3231 2614 3588 3102 3217
2169 2124 2151 2016 1594 1808 1470 2351 2309 1795 1831 1433 2208 1521 1978 2108 1924 1897 1385 1955 2246 2222 2306 2031 2087 2152 1499 2084 1572
2726 3125 3295 3323 2832 3234 3187 3274 3214 2487 2723 3030 2406 2613 2747 2998 3223 3128 2968 2937 2763 2415 3244 2568 2762 2965 3201 2944 3280
4042 3926 3740 3809 3121 3659 3627 3470 3492 3878 3620 3481 4063 3100 4012 3226 3390 3819 3158 3732 3078 3857 3996 3954 3527 3187 3903 3368 3882
7356 6059 7140 2298 6206 8568 1498 2024 4994 1710 1769 3693 3805 2716 2471 2489 2137 4908 3750 3358 3930 7600 3501 3676 1731 3536 7326 1260 4558 5124
6742 5892 6997 2255 5945 8461 2073 1713 5066 1902 2430 3539 3062 3618 2606 2442 1863 5073 3461 2850 3747 7824 3263 3928 1408 3903 7282 1682 3917 5259
6778 6117 6740 1871 5307 8203 2071 1800 5049 1497 1972 4156 3587 3548 2747 2560 1953 4497 3688 3112 4278 7007 3278 3457 1636 3615 7038 1439 3942 5076
7539 5711 7499 1953 6097 8477 1964 1619 4765 1297 1933 3441 3676 3069 2011 2562 1709 5101 3081 3262 4171 7400 3188 3817 1865 3154 7561 1279 4128 5708
7479 6236 7274 2411 6082 7927 2064 1603 4879 1429 2625 4224 3927 3366 2655 3107 1422 4527 3348 2799 3595 7284 3128 4040 1647 3409 7196 1470 4255 5879
7543 5800 7383 2438 5288 7666 2380 2037 4439 1640 1960 3926 3204 2635 2344 3337 2121 4313 3887 2992 4332 7844 3032 4087 1921 3239 7791 1882 3983 5976
7354 5361 6824 2489 5310 8650 1796 1768 4365 1867 2593 3706 3035 3254 2015 2393 2000 5272 3439 2872 3419 7938 3372 3528 2146 3282 7069 1354 4397 5357
6641 5909 7357 2141 5801 8652 1512 2054 4349 2024 2230 4012 3422 2846 2029 2774 2065 5256 3844 2881 3396 7254 2682 3367 1263 3501 7302 2150 4556 5889
7561 6171 7400 2299 5782 7749 2026 2464 4411 1246 2473 3720 3598 3206 2527 2677 2088 4910 3906 2833 4116 7002 3572 3456 1950 3556 7003 2133 4250 5750
6901 5972 6813 2045 5898 7963 1672 2273 4320 1080 2286 3441 2976 3468 2868 3125 2282 4435 3819 3211 4385 7164 3256 3839 1208 3334 7647 1262 4439 5688
6913 5712 6820 1879 5931 8038 2338 2277 4670 1064 2269 4249 3292 3054 2262 2710 1326 4782 3970 2381 3904 6955 2664 3734 2080 3144 7533 2092 4265 5702
7446 5997 6789 2242 5687 8421 2065 1870 4663 1560 1910 3372 3775 3161 2730 2792 2011 4475 4009 3329 3596 7587 3151 4113 1600 3515 7251 1255 3812 5716
6683 6076 7569 2427 6000 7744 2204 1894 5019 1346 2303 3531 3949 2612 2046 3210 1496 4961 3917 2936 3989 7929 3298 3598 1476 3579 7525 1524 4117 5653
6973 6158 6759 1712 5395 8448 2255 1952 4493 1838 2229 3746 3614 3027 2269 2414 1915 4695 3540 3184 4193 7752 3301 4089 1225 3399 7290 1446 4554 5308
7498 5628 6825 2576 5900 8426 1484 2491 5091 1655 1973 3400 3712 3216 2817 2974 2157 4642 3063 3149 3435 7907 2734 4156 1869 3137 7576 1818 4441 5360
7303 6279 7180 1921 5521 7823 1502 2068 4293 1691 2177 3383 3842 2933 2135 2838 1563 4961 3494 2574 4009 7264 3049 3746 1609 3371 7581 2097 4141 5431
7085 5725 7396 1930 6163 8422 1802 1957 4249 1390 2008 3688 3768 2608 1911 3116 1684 5039 3410 2662 4114 7401 3436 3985 1942 3669 7031 1930 4563 5471
7548 6246 6897 2169 6168 7947 1690 2191 4562 1889 1896 3831 3810 3406 2795 3138 2292 5031 3561 2679 3977 7258 3014 3426 1567 3953 7158 2010 4512 5581
6882 5822 6700 2604 5854 7996 1445 2371 4621 1243 2170 3645 3892 2742 2849 2418 2236 4282 4026 2970 3895 7667 2600 4233 2157 4014 7081 1804 4383 5597
7246 6036 7338 2164 6132 8008 1917 1888 4800 1371 2192 3580 3387 3446 2289 2552 1662 4396 3250 3297 3422 7923 3296 4114 1669 3721 7507 1837 3707 5597
7102 5821 7433 2012 5378 8608 2304 2486 5190 1155 2503 4316 3051 2690 2448 2388 1857 4595 3793 2772 3494 7005 2728 3393 1784 3672 7359 1921 4124 5234
6685 6089 6651 1838 6229 8657 1701 2295 4760 1777 2629 4061 3903 3268 2278 2898 2261 4354 3958 2773 3939 7873 3098 3467 1454 3511 7454 1651 4150 5863
7575 5852 7169 2326 6133 7937 1668 2509 5061 1170 2575 3800 3210 3312 2690 3359 2232 4746 3337 2679 3713 7947 2633 3684 1429 3379 7366 2082 4395 5108
6728 5684 6728 1815 5739 8455 2119 1954 4566 1838 2261 3837 3077 3159 2868 2902 2176 4879 3801 2672 4354 7892 3043 3893 2044 3672 7495 1537 3766 5744
6598 5425 7313 2117 5571 7900 2011 1628 5062 1368 1723 4063 3040 3283 2307 3347 2215 5168 3823 2914 3892 7824 2674 3441 2152 3674 7826 2216 4459 5509
6702 5620 7338 2688 5629 8378 1819 2533 4439 1630 2106 3986 3191 3413 2592 3143 1449 5232 3442 2393 4272 7374 3132 3776 1358 3714 7649 1321 3961 5083
6750 5710 7614 1956 5729 8312 1913 2301 4486 1356 2292 4180 3115 3004 2418 2634 1936 4905 3868 2882 3980 7832 2911 3922 1821 4047 7002 1274 3751 5252
6743 6253 7388 2472 6125 7803 1488 2508 4503 1114 2107 4192 3015 3481 2184 2400 2162 4768 4044 2858 3870 6973 3095 3298 1880 3907 7011 1781 4598 4991
7135 6100 6958 2445 6168 8059 2254 2148 5167 1553 2424 4084 3511 2771 2543 2935 1782 4640 3120 3192 3409 7678 3441 3628 1524 3935 7033 1462 4530 5157
25 20 2 25 60588 1.064224754868003
10 2 28 11 47797 1.0413625940608244
25 3 7 16 56901 0.9488269299234136
24 19 18 27 30234 1.0299006550698775
11 24 11 14 22697 1.070223063584102
24 18 4 10 57875 1.0890556681519818
24 3 6 2 41074 0.9391294387044504
4 4 28 24 86079 0.933451903853225
2 25 25 7 72310 1.045491066967446
10 3 13 11 23278 0.9021851501535577
1 29 20 22 52443 0.918939727871983
19 28 20 6 43605 0.9156281126338675
20 3 3 9 37056 0.9397997369750833
10 26 6 4 59121 0.9108125195360319
16 15 26 4 41258 0.9542596294715666
27 29 6 2 86042 1.0187136610278524
26 28 28 5 49806 1.008575724951257
9 17 20 22 35717 0.915975131997853
7 2 8 18 50048 1.0498973163727485
18 0 5 16 51053 0.9139119782775244
21 21 29 3 58672 1.0582281794587776
2 19 24 0 86207 1.0053754055309134
20 25 15 3 49215 1.0386544444060517
13 0 4 14 51305 0.969035701198679
22 7 4 20 64238 0.9198478155898611
13 21 29 17 50177 0.9703291551205347
3 15 10 18 23449 1.0474791686984828
1 7 16 14 42432 1.086893680334112
5 21 15 21 41559 0.9863987367332572
3 16 29 8 59072 1.0359076553792237
1 1 17 20 78394 0.9815477971948566
23 21 18 11 36033 0.9262986677148588
5 20 22 5 64256 0.9864953029365036
29 1 16 3 36202 1.0769422435095743
1 8 16 25 63541 1.0854417752238013
24 2 4 11 57915 1.0621995479236461
14 17 19 12 20690 1.029084144057931
21 2 9 16 49862 1.0357420003411546
23 24 17 11 34112 1.0308316303218423
17 25 4 5 67311 0.9609161219645299
15 14 24 21 40394 1.0572124416492872
12 17 26 4 49588 0.9368513481565762
27 9 26 28 38954 1.007859988092765
2 21 24 4 83107 1.0172993441962943
19 0 25 4 31779 1.0932669249596239
23 22 14 25 24252 1.019707168651406
7 0 22 27 81102 1.0180579554167495
6 13 16 17 32403 0.9117261353029064
23 28 2 20 57555 1.0655478621463774
11 9 5 20 40173 1.0615176685886523
13 16 21 23 32630 1.0370370474605686
26 19 20 9 31256 0.9315493403318584
2 2 0 26 71133 1.041776656391462
10 3 15 20 45046 0.988365343402936
0 6 14 18 49562 1.0711258125965477
11 25 13 1 55633 0.9865039112015958
26 13 7 23 61393 1.036109849896501
0 6 22 28 76563 1.0623508146780831
27 24 10 15 45902 0.9943680215204457
27 20 10 9 45376 0.9103736885445776
3 8 12 12 24466 1.0604707123262225
1 29 5 1 94807 1.0109738895077585
8 5 3 16 38269 1.0629819399757539
8 21 24 24 35691 1.052815866724107
24 15 19 10 26669 1.0482308579335444
4 28 2 14 49027 0.9349613800069659
20 0 2 27 84604 1.0482078116873472
10 2 22 25 63268 0.939396860189648
8 2 18 27 62398 1.0100619708625336
5 14 7 29 47172 1.0309939180726944
8 6 0 19 48881 0.9726244517632858
16 2 28 3 32239 0.9201431422220583
11 29 26 5 71232 1.0774955514423852
25 6 18 23 41290 0.9495914717127969
18 14 14 29 33535 1.015241575570426
14 15 6 21 30478 0.98683281652684
15 5 7 8 30730 1.070727377420352
6 1 12 29 67717 0.9164337462463177
9 21 23 21 45791 1.0940002584274071
0 5 14 24 61802 0.9171774326015202
18 5 11 27 47429 0.9312881200573058
1 9 12 19 36300 0.9579175893820487
11 23 23 12 49572 0.971843285566268
5 19 11 12 33166 0.9195468473350615
12 24 22 23 19673 0.9669229343121595
14 29 26 29 32649 0.9665144876559374
6 27 10 10 46086 0.9823501295564688
7 5 15 3 25080 0.945236449384917
19 1 23 17 45832 0.9755419017507208
18 0 10 15 41396 1.05613261772803
0 21 14 11 50312 1.0997195240194197
17 29 5 16 50539 0.9157718646297822
3 0 26 5 69265 1.0564521003498084
5 11 24 21 68943 1.0722411247095134
6 23 26 10 62332 0.967093343927084
8 4 8 29 65711 0.9592829747910984
8 13 27 19 50185 1.0524231426171515
26 28 27 4 48486 0.9182638715266335
8 14 22 2 50120 1.0279763309742278
19 14 7 11 35146 1.051058778213184
29 23 19 14 42862 1.0075350042186173
17 14 22 21 27814 1.0281039156410512
28 8 18 19 33777 0.934171261374517
13 15 18 27 29609 0.9157914320016337
7 2 23 0 51783 1.0912077306028172
12 12 12 24 22719 1.0297101232559187
28 10 14 17 38061 1.0638056388245878
4 21 4 9 45559 1.044398761181513
12 25 27 10 50890 0.9068153559758029
22 24 12 13 37120 0.9645017712775297
2 13 21 19 52025 1.059657126676731
18 2 3 6 35310 1.056087386900254
2 0 15 4 43535 1.0877888517705032
6 22 19 9 51799 0.9955617662913512
15 16 4 29 51389 0.9646727362219323
29 17 17 28 49220 0.9642592172935874
20 19 8 13 37889 1.0572922157218176
4 0 4 17 68163 1.0364333304458673
11 4 26 28 72378 0.9543372438864688
5 28 27 21 54862 0.9263871073275198
8 22 13 7 43564 1.0031868630939633
22 14 27 26 35191 0.9097767985785032
22 8 15 22 38858 0.998311580624974
7 15 27 8 50521 1.0883352227244016
14 26 13 8 41850 0.9479013628063941
8 7 16 18 39373 0.9299480321643759
29 3 18 6 27232 1.0475129505571783
13 1 29 28 79173 0.9408934868563782
23 13 8 19 46414 1.0296469862744158
4 1 6 15 50223 1.0841370368187147
21 5 7 21 65729 1.064114804308534
6 22 22 8 58301 1.064046695885231
8 2 22 13 49476 1.0379055994663569
0 7 9 28 66972 0.9775138922273445
11 28 29 14 60344 0.9947183475545237
28 8 0 18 68457 0.9011322135841463
17 16 10 0 46192 1.0721885537686326
20 8 12 15 31906 1.0407631059393898
0 5 8 7 20425 0.9219303894457719
15 3 1 11 42120 1.0548567407040663
23 2 1 1 63379 0.910937065767433
23 12 9 29 61899 0.9992119534245187
9 12 4 28 55373 0.9446664032995268
13 9 5 14 25353 0.9846636038135814
20 0 1 26 93867 1.0832568587112956
16 3 3 2 33325 0.9404230409555191
29 15 1 16 57141 0.9777479871073803
14 7 20 28 50143 1.028571361227343
25 8 17 1 34421 1.0145367502007645
11 1 19 29 70288 0.9955868048439668
13 23 16 8 42892 0.9277399866222231
8 29 10 19 27249 1.041093949983006
24 16 2 3 67617 1.0350312985472274
23 1 27 11 34546 1.0515486069615843
4 0 17 11 63669 0.95430741963082
25 10 4 14 50986 0.9094565522536874
1 6 24 3 50337 0.9376308785423566
20 27 24 2 59592 0.9058668483783175
21 27 21 0 66033 1.038198327141722
15 1 1 10 44854 1.0018098618028133
14 11 26 1 43238 0.9042078455236322
29 4 26 27 52504 1.0041705640683356
19 27 12 14 34497 1.019645657892933
19 10 11 0 38949 0.9076633041510054
9 23 11 4 52895 1.0960760865818193
19 6 0 21 65548 1.0097532339454085
2 9 18 18 39469 0.9325893568996018
21 10 0 21 64812 1.040662919251755
14 21 7 7 40779 0.9445243300442849
27 15 9 13 45624 0.9215059132516111
9 1 29 3 50125 1.0771825073438641
0 16 20 27 55463 1.0477654181240412
6 1 23 5 50018 0.9521366526819454
12 26 0 5 62738 1.0816512832433725
5 10 0 26 53058 0.9916027729464217
0 22 9 14 38937 1.0314892546243457
24 0 17 15 47965 0.9161181228038652
3 13 0 6 28222 0.9842646314801577
3 5 24 8 51068 1.0508210894007017
27 5 21 23 51763 0.9152683365395448
19 15 26 4 37422 0.9940958382344094
16 11 24 18 36745 1.041204399020176
17 26 25 28 24929 1.045174291939038
10 9 19 14 23320 0.9645204684688878
8 20 9 29 30238 0.9812662605527345
4 11 4 1 47777 0.9274248356731387
3 25 17 21 40573 1.0540606089275837
20 12 5 6 41060 1.0328998175929875
11 24 28 26 34763 1.0376272171905594
26 1 19 16 46613 0.9288715052599229
10 3 2 0 27114 1.0564541389767423
11 3 19 24 50794 0.9310350966573878
9 8 17 20 39768 1.071853681720485
17 17 28 13 32906 1.098053122997428
4 1 14 8 44739 0.9821124906162652
24 29 1 29 57695 1.078718840178591
17 6 25 24 43815 1.0052786953481128
29 18 28 27 26828 0.929353837409939
12 9 7 1 30746 0.9708888138530347
29 11 19 10 25790 0.9241869346232137
28 21 12 1 65162 1.027419299879524
0 6 13 28 67421 1.0313716959361434
23 8 7 10 32350 1.022465522743974
28 11 15 5 37035 1.0014613027827144
19 18 22 8 26727 0.918062107562229
6 16 22 23 45834 1.0707784621416023
1 26 25 4 94972 0.927858629760924
24 18 8 8 49983 1.0627129867726763
13 6 28 7 29608 0.9986079676008397
3 11 20 5 48046 0.907724434727858
11 13 22 9 26598 1.0805953964081636
16 22 9 18 28995 0.964539212961445
20 11 29 15 36297 1.04735484289931
2 19 16 25 44414 1.0191350018606395
14 7 9 1 24877 0.9791064759228331
9 9 27 4 35953 0.9402717281366393
27 22 2 20 59142 0.968370523353718
21 2 6 21 69549 0.9889453087878466
28 4 15 26 69743 1.0491814638080377
22 28 5 10 62035 0.9197949610926268
9 3 22 9 33263 1.0098665107328904
2 23 7 14 36485 0.9364910856225838
29 18 14 28 50272 1.0426674540152137
16 21 28 24 33217 1.037714059912913
0 10 27 19 62187 0.9724245525951981
21 15 0 27 56506 0.9473038862866264
2 9 23 4 47767 1.0993868435931216
28 1 3 7 61662 0.9369626442142344
26 12 14 13 35728 1.0575466709362191
6 27 2 4 70785 1.0409779024641823
4 11 28 13 54964 0.9058513466829133
13 2 26 14 47743 0.9787935880735866
19 22 15 7 33226 1.0142719685790014
14 29 19 22 22559 1.015380347249802
28 8 19 21 43821 0.9719328528553746
21 18 13 16 23762 0.9837223630762874
8 29 9 12 47793 1.0926102137266334
8 16 19 10 31294 1.03628995360816
23 28 22 2 64056 1.0829661755311983
17 14 22 24 26665 1.0752196159934817
24 12 5 21 68170 0.9983339744281743
22 13 4 24 51866 1.0456392292544174
0 23 21 20 49646 1.0997659983798338
4 15 19 29 58618 0.9046747122158142
1 17 11 20 36917 1.015869219332826
17 16 29 28 42284 0.921613720570759
2 6 13 1 36167 1.0554400769733203
2 4 26 26 85913 1.0163583051768623
14 17 11 25 22549 0.9388540542662733
15 29 24 14 53611 0.9252199669480614
11 20 5 9 35605 0.9404406978716481
20 14 3 10 40702 0.9688903946156033
8 28 12 0 61573 0.9799603251358504
7 28 2 22 26308 0.9749020067247706
18 21 8 21 29740 1.0678821039264508
19 6 2 3 40288 1.0393930746875446
21 11 23 27 47392 1.0310013371198523
27 21 27 11 18655 0.9895644031312338
29 29 1 4 102870 0.9374478365850833
10 0 2 5 31486 0.9592693255919449
22 0 0 18 77243 1.0385304536629612
23 18 18 2 39629 1.0745899668893562
19 26 2 28 36981 1.0023281505860202
7 25 16 17 39461 0.9372241826866907
3 18 1 6 41991 1.068403035434292
23 27 21 9 42676 0.9321094401583304
18 25 14 16 22010 0.9076657407057203
29 22 1 2 97379 1.0050521386328517
19 15 10 25 32875 1.0941333451091486
1 14 10 0 51916 1.0586938711408729
26 7 12 25 54514 1.097575199034857
6 13 14 26 40828 0.9917611962837771
0 18 3 6 39392 0.9371732341285594
9 16 0 1 57456 0.9477062041511811
14 21 24 14 36560 0.9233211389138919
24 26 7 1 85091 1.096950908350434
26 4 14 6 26799 0.9237443917936713
23 22 15 13 38816 1.002061437294121
26 17 10 10 46395 0.971778323129507
28 28 19 19 36409 1.013684194540092
14 14 2 14 28503 1.0719185189994047
8 19 19 19 31908 1.0087674555840593
20 6 0 20 64664 1.0075625346570507
2 21 26 23 53046 0.9513010191484632
24 12 4 28 72495 0.901635947061914
27 6 13 26 61565 0.9082341683678559
22 8 15 4 29046 1.0887692624030818
4 5 0 23 60647 0.9882419094857162
3 23 27 2 82023 1.008940292818659
11 24 6 5 50124 1.0350892786181298
11 19 5 4 50619 1.078936426358981
1 0 17 10 61203 0.9957108941564101
14 10 0 25 53274 1.0735858599287111
11 9 22 12 25318 1.061975685132757
2 12 1 25 41989 0.9173530564223407
26 1 15 20 63137 0.9477845910002735
26 14 0 20 67917 1.0596538065099546
12 6 2 8 23954 1.0662533911996273
13 10 6 2 31993 0.9831571797597086
14 22 18 5 37904 1.0688086816967557
23 1 0 19 83367 1.0741399814859245
7 24 11 14 29198 1.0590525200848637
28 24 13 6 55917 1.0493270135299135
28 26 24 15 33480 1.0501112586817931
20 14 9 9 26689 1.017069426152253
18 18 21 7 24497 1.0623321628472833
2 20 23 2 80675 1.047970163973839
16 15 17 28 31899 0.9267795970780129
18 19 10 0 49666 1.0443820658094838
8 29 19 15 44695 0.9165627888873713
9 27 0 11 56708 1.0762300523454686
9 3 2 13 40950 0.9362277069890343
22 17 17 25 28790 0.9051311946266565
28 0 20 12 45885 1.0338134114187552
25 10 6 3 49161 1.0775344717625728
0 10 13 24 51446 1.091230842363856
3 7 6 29 65430 0.9421149145351423
16 3 6 15 44591 1.0539952431926427
21 3 2 2 44399 1.053971661033184
21 28 1 8 73217 0.9814499067207743
0 4 4 10 25112 1.0046081963548055
29 5 15 2 43338 0.931020041601464
19 12 17 29 37797 0.9110261273468933
8 0 1 7 31793 0.9218774684183632
7 18 25 4 69665 0.9282889744785559
27 2 20 26 67234 1.0500565667711537
16 28 24 18 44243 0.9210289791137173
25 26 5 28 47203 0.9621237922348931
3 18 20 8 59825 1.0813606831283713
26 15 11 23 47744 0.9670541751587752
27 29 18 22 27297 0.9145345798906789
20 16 14 8 24464 0.9365768697841307
13 29 6 16 40653 1.001772760658299
10 23 10 9 34407 0.9087824002968123
4 26 16 11 60447 0.9006208145103112
17 14 28 13 30331 1.0045308311964667
20 1 2 26 83003 1.0105326328326696
24 19 25 29 37363 1.0337333125123516
15 21 10 14 29934 0.9040328742458061
14 24 24 23 22168 1.0344159341702215
18 10 24 16 22734 1.065003908324269
28 15 22 24 29278 0.9158345545823978
20 8 28 27 54330 1.0368004484710531
14 13 27 11 31585 1.024698175157013
6 2 4 28 77688 0.9037324715766989
22 28 7 19 47432 0.9859703183705374
4 20 19 0 74435 1.0531728979316095
16 20 29 20 44640 1.06896832017154
27 14 17 26 44749 1.0939250368950284
1 5 13 20 59695 1.0096678685779126
5 14 28 26 66712 1.0690888587457728
1 27 12 4 61826 0.9253394530247846
5 26 22 23 41401 1.0369711755993136
13 24 2 29 29846 1.0293029796900215
8 19 21 1 65686 1.0656865684551302
25 1 3 5 65197 1.0656834553196828
11 27 26 18 48273 0.9938795520923589
21 1 10 2 36580 0.9603076583615283
5 5 27 24 76020 1.0922857860850812
15 20 23 18 31533 0.9807173848286598
0 20 9 25 29001 1.050595388649119
19 9 3 12 38223 1.0869930533259884
17 6 17 19 25502 1.0109329814257342
2 1 22 15 70338 0.9759549735526145
10 27 27 18 46497 0.9558495373120515
20 15 3 3 56509 0.998899203356001
11 8 26 2 44575 0.9495084881551564
23 14 11 5 42661 1.0075578138786803
25 4 6 6 47166 0.9140686008363952
3 8 25 21 75049 0.9865498829367313
3 12 14 16 36275 1.0285621004765462
11 1 18 18 46569 1.022278182022614
4 0 22 2 60372 1.0858159771960993
13 29 8 3 63149 1.0405067820843517
7 28 28 11 72291 0.9215540157542736
18 10 29 1 38603 0.9440550829098528
5 4 14 7 27953 1.0343363819657514
7 2 5 18 50359 1.0406992415544463
4 13 18 6 39595 1.04102254445218
22 14 17 19 20340 1.0387695992608466
22 10 0 0 63148 1.0823753890025434
23 3 11 9 31585 0.9567639108965045
8 2 3 15 48245 0.9713868220512288
25 18 0 9 64230 0.9301137790440981
1 3 26 1 60413 0.9407757820397603
12 4 2 13 36194 1.043772877301619
4 13 0 19 27024 1.039829226108864
10 26 8 2 59790 1.0357685996152899
2 9 22 14 42415 1.053242612022331
2 6 16 10 34390 1.0043303771821535
1 2 0 27 76133 0.9672751301178355
2 21 15 22 35781 0.9393386320709962
22 8 20 29 52017 0.9757454697767864
25 25 8 29 46067 1.0324829891087897
3 5 25 26 86975 1.0609815660721233
23 13 21 5 28985 0.9186567825385685
26 24 8 26 36569 1.0039199417953628
4 6 8 15 33154 0.9823176875249398
4 28 26 27 45161 0.9523236999686756
19 4 8 26 60805 0.9500330656118143
16 4 10 14 40384 1.0035627199788533
0 14 16 9 38282 1.0437879376787917
16 9 24 15 29887 0.9220377610834983
11 11 19 9 18308 0.9566437194782129
17 0 24 27 62171 1.0134386259768924
18 20 11 8 35004 0.997455025425152
15 29 20 1 71658 0.9088381524402763
11 7 28 24 57935 0.9245903533785286
6 15 19 26 48383 0.9391336613253498
20 16 8 25 36646 1.0465216940517033
9 10 3 23 53398 1.0202694804860366
12 26 23 22 28254 1.0691211687440254
12 0 19 23 55535 1.0653051686363835
0 2 19 20 71582 0.9517681244383797
6 2 26 13 60310 1.0765862544141644
12 27 18 21 19723 1.071825101404386
13 7 10 22 36736 1.0649949950140836
5 4 17 4 35290 0.9302989066589288
2 11 7 3 30996 0.9629405822450151
19 23 14 18 24421 0.9593456859237124
20 23 14 7 42665 0.9848905684821848
1 3 3 14 39646 0.9233442268359963
6 10 5 29 57829 0.9775311133399305
8 20 6 8 37050 0.9769528255124973
18 22 24 10 34380 1.082841816885444
29 27 1 29 57891 1.082174024941076
18 22 25 29 32197 0.906113444778257
12 0 29 4 47199 1.048807640194641
0 25 20 2 78924 0.9656601560568853
28 4 13 1 43556 1.0557494955560087
2 22 16 25 34687 1.0704508025720758
15 9 6 4 27147 0.9658029399663175
20 12 15 23 37215 1.0580766623541664
2 17 22 24 53022 1.090990914355923
18 12 1 14 44051 1.0067897850784515
18 28 28 0 67792 1.0209266851299457
9 0 3 22 77865 1.0545173505637324
3 6 2 25 60780 0.9502669378395133
0 5 4 20 56903 1.0097590140827732
0 26 6 7 60838 0.9914315752246619
16 4 26 8 34130 0.900190377376868
3 5 18 28 70001 1.0779110441674833
29 22 5 1 89984 1.0493648264828008
16 25 29 6 56590 1.0838766020074486
20 26 18 9 40627 1.072862878414084
3 7 10 21 46772 1.0305727099030924
20 10 6 2 43057 1.0611615537563726
1 1 15 29 92539 1.0830908314586676
15 28 26 16 47687 0.9687209421625549
22 0 23 21 61318 0.9454542928914837
23 25 11 8 54552 1.0830550043243228
20 25 10 3 59595 0.9971796663766724
11 12 16 29 49810 1.095771769417377
14 20 17 29 28972 1.054363612866431
12 1 5 26 66115 1.0907619117494116
18 0 26 4 25276 0.9987176773651135
13 14 1 10 32117 1.0720474520655299
19 6 17 24 32448 1.0111774615189237
12 3 5 29 67946 1.058140426731792
7 29 28 3 83839 1.0218881030980809
12 9 29 3 39182 0.9976938666121254
13 29 10 1 63784 0.9500246097671772
28 10 15 4 37810 1.0313149074718275
9 29 3 17 53326 1.077931298130224
16 13 10 9 20383 1.0396254301210397
7 13 13 4 35893 1.0313009365829837
22 2 8 28 70159 1.0888681739596984
26 4 20 19 47721 1.008240308757652
22 7 1 19 65185 1.0277020341060346
18 28 29 29 28242 0.9979703324609774
27 6 8 22 65929 0.9086818009168877
21 9 5 20 53548 0.9322825534852799
12 14 16 3 30591 0.9410045334330509
26 29 13 13 55204 0.9691333966114828
26 18 20 23 30979 1.0737479912916994
6 24 4 5 59718 1.0338403750160736
3 25 12 18 31802 1.0421495704657993
10 16 2 1 55979 1.0645349802609343
13 5 29 8 37300 1.0933375047154033
12 23 25 23 29767 0.9605401518161291
8 9 7 22 41584 0.9040096669749863
16 3 25 6 21944 0.950493211220978
22 0 7 13 55925 0.915941236903076
16 21 3 1 80713 1.0722471075352877
21 8 0 18 59861 1.010874048956835
20 13 25 26 48780 1.0726291451452852
4 3 9 22 62748 0.9743711803556839
29 9 9 21 58887 1.0026596653226816
13 0 29 18 67385 0.9130568751155123
5 2 16 3 29532 0.9678385941853913
23 28 15 7 52474 0.9720232451965428
13 2 3 12 45595 1.0981832866950105
5 0 16 1 48369 1.089099869106706
9 6 0 11 29525 1.0513252115699576
25 17 10 22 48683 0.9995397986197235
2 22 3 8 46061 0.9490059456615905
9 17 28 10 48464 0.9157079140711045
24 2 12 12 42009 1.0903426961962281
12 5 23 19 47915 1.0902731208707965
23 20 22 4 45360 1.0856368692086484
26 27 18 7 46777 1.0826043479290575
25 25 12 26 32126 1.096621377842103
1 23 20 20 47404 0.932025157009857
17 12 25 23 42522 0.9307510909404412
12 9 16 23 39849 1.0193304765571753
2 13 12 21 36880 1.0725587913307406
25 0 18 24 66178 0.997097715035985
6 4 4 17 41999 0.9460102431097994
14 20 16 0 56658 1.0995575432780578
22 7 12 2 28971 1.057075484967388
17 6 17 27 37904 0.9977630893103224
18 26 16 14 24961 1.0129087440221143
0 7 2 23 51273 0.9263788576957498
25 29 1 21 72306 0.9379631327557448
3 14 18 1 51349 0.9865263101069299
7 10 19 27 51439 1.0637895643556547
8 23 21 20 36498 0.9454492093489071
4 22 14 12 46315 0.9646858440450745
28 22 24 8 36183 1.0982623813967454
13 22 2 29 34885 0.990722137265684
14 16 4 10 33256 1.0082202060600538
6 5 17 13 39259 0.9682459590416856
22 9 2 28 65223 0.98729809344211
21 9 10 7 21389 0.9870432771369505
26 3 27 17 28302 1.035240675605203
28 3 6 11 50354 0.9640502931678802
7 6 14 10 20368 1.070682662471105
22 1 17 16 37551 0.9772984333958156
8 23 19 29 33208 1.0061708418735602
26 26 9 13 58354 1.0138128003003095
16 13 23 17 27057 1.0860895415813459
15 12 7 23 42016 1.0418439820755117
18 28 25 12 47305 0.9230086627315518
8 9 22 13 31449 0.9733559093837921
15 7 26 7 23880 0.9147044622813487
26 11 3 28 78309 0.9447572307498556
8 24 8 4 54713 0.9873195899107158
26 0 24 8 28631 1.0961551585407738
7 29 29 18 67244 0.9401674231190433
6 23 4 7 47527 1.0815996836299826
29 9 8 28 65140 0.9012003430762301
24 15 14 6 37678 0.9506333177025058
8 20 23 28 46878 1.0301604015799866
10 9 28 22 52939 1.0751530451271123
23 0 21 10 36837 0.9572013937457703
29 27 22 22 23017 0.9224924232723979
9 24 24 20 40761 0.9508581859771404
15 16 5 1 55857 0.9581724986937256
5 11 12 8 19541 1.0044505996885404
21 22 20 7 37293 1.074963759333083
4 23 29 14 69341 1.088000255870113
6 29 0 16 43814 1.0210323698723551
3 22 20 10 62702 1.0321443025083634
25 1 11 4 46824 1.0749149410294714
3 19 24 12 64453 0.9670586859671021
18 28 11 2 60660 0.9210062519046255
12 4 14 28 49270 1.0892559084109155
12 28 2 21 32864 1.0403091894117034
19 12 11 5 30715 1.0270896969814083
10 14 3 5 38889 0.9464873528716793
26 15 1 29 75803 0.907701811830658
4 14 17 27 50598 0.9905848758529794
24 24 10 28 31185 1.095056172454922
25 19 0 25 61073 1.0662619223023988
17 0 19 17 39223 1.0980488077184816
24 10 21 1 34296 0.9239597389407191
12 2 18 13 29809 1.0850068468040255
10 14 19 19 27048 0.9174882911004376
27 10 1 15 58831 0.9787370392634621
9 16 2 13 21593 0.9120866520009036
16 24 3 16 37722 1.089843166805297
29 22 5 26 58157 0.9210412820521202
1 2 2 14 44757 0.975152404581328
16 24 7 6 49801 0.9824326454672982
15 0 5 19 66287 1.0479146112856381
22 21 2 25 45737 0.9767564222888425
25 22 17 27 27424 0.9724046163238098
25 14 17 5 35756 0.9884039421721923
22 16 6 13 38409 0.9170291725845743
14 29 3 14 50870 0.9027734038455617
21 12 19 28 41227 0.9505848281401027
10 2 26 10 43660 0.9959028844472663
8 21 9 0 65482 1.0648060985172194
25 19 6 11 59126 1.002306467695325
17 6 25 17 38615 0.9070214343976551
2 3 22 8 51064 1.008062018942179
27 22 4 9 59130 0.9243927557896828
20 4 29 26 70401 0.9097388265708267
14 18 0 0 66633 1.0463832562132165
20 16 3 26 51376 1.044011442974037
28 8 27 24 33168 0.99295043212407
27 2 15 27 62256 1.0561471245339675
9 15 2 23 38806 1.0841260611834649
13 1 11 28 61312 0.908658968679351
5 14 1 8 29741 0.9435310241483773
7 3 20 4 35478 0.9970502912150944
27 17 29 5 28329 1.0368339532877096
21 22 13 1 57545 1.004367501307731
20 23 6 16 42885 0.971109417927674
25 8 24 27 48250 0.9311257034904231
7 17 3 25 35418 0.940178971034955
20 0 16 16 44157 0.9357022635087263
24 25 3 10 67499 0.9858377468365391
1 17 26 28 73270 0.949381680151063
26 8 8 27 61574 1.0100324086750423
11 14 24 6 38498 0.983867422256484
3 25 23 22 45532 1.0324568452717582
28 22 10 1 71157 1.0754656587572085
25 22 7 8 62602 1.0337397710073146
20 5 22 17 37995 1.081777724209654
28 12 12 29 60221 1.0308114992866535
22 7 19 29 49539 0.9758174395719517
17 27 4 12 57971 1.075984085893887
20 11 10 15 33107 0.9811618876416717
27 21 8 26 44949 0.9505224054584457
10 18 27 23 44140 0.9951270090427871
7 2 21 17 59347 0.9711675364013482
27 2 22 11 26872 1.0539388216568129
11 16 22 13 28511 0.9461445060274788
29 13 20 0 54466 0.9195136373463996
26 29 0 7 84720 0.9599467789031922
20 27 13 16 30990 0.9041775985940147
5 24 4 6 55560 1.0810808607383418
27 3 22 19 41975 0.9394255987244239
9 10 4 2 37239 0.9835856003769397
16 24 10 11 36865 0.997474040429657
27 8 18 12 19971 1.0536137086069675
21 6 6 25 57516 1.0492299217795023
19 11 3 27 55447 1.034282149724453
19 14 2 17 39673 1.051637975810981
29 27 27 9 37821 0.9519696003411267
4 14 15 3 45119 0.921460195244636
25 27 23 14 38570 1.0952511042293
26 26 11 9 56105 0.9394191214771153
5 8 13 15 31222 0.9612569691358858
18 2 13 11 25629 1.0171934607011406
15 18 1 0 74657 0.9193567634287053
12 10 6 20 34159 1.0955809983885083
27 14 14 1 42845 1.0679028383690914
14 26 0 13 52645 0.9943592505083778
17 4 0 1 46552 1.070849626010888
22 5 8 20 57352 0.9480563204290421
13 6 25 18 49430 1.0734601132364439
23 6 9 9 27140 0.9798726423658672
6 23 15 15 35370 1.0240602009231203
25 8 0 28 78200 1.0550636094147627
27 21 9 0 73419 1.0321233567018802
29 21 15 24 35716 0.9123058787108815
1 1 13 27 81627 0.9347236778332436
1 28 15 14 53482 0.981402666069153
28 15 21 25 35584 1.0139995888648738
18 17 5 20 39245 1.099483159151628
4 6 18 24 55935 0.9588309026012537
28 5 9 26 70404 0.9219772665451045
28 25 23 7 46558 0.9309003215121785
4 27 24 1 83961 0.9826703494067934
0 14 12 26 46813 0.9451804142664696
22 11 4 18 55616 0.9823705607459855
25 11 21 5 29416 0.9443000248025335
17 24 10 21 19272 1.0112262704300794
21 2 15 10 28907 0.9729655564741412
23 14 6 26 53463 1.0560041966860436
8 8 17 22 42329 1.085675465146627
13 0 25 18 66723 0.9888001751970124
5 3 17 20 59595 0.969385994894409
23 28 13 11 53401 0.9476187483670282
26 3 4 22 83128 0.9487201876657128
4 12 27 16 58319 0.9407447706121916
2 10 4 24 45769 1.0360724473794534
1 24 28 26 51887 0.9883011955867058
22 1 0 10 54584 1.0902596316963213
28 4 3 16 66597 1.0988921029049519
9 16 21 3 44652 1.0142744882197692
0 24 9 11 51885 0.9873557464792113
18 9 29 15 29009 1.020107082399427
3 12 15 15 39680 1.0758152249236146
25 14 26 29 38393 1.0804709551109668
2 1 24 11 67488 1.0272660456647862
27 0 13 11 45381 1.0354934502158695
11 27 17 19 27374 0.9610513960142717
15 12 8 3 33354 1.0877859868297235
22 10 1 17 57865 0.922636371180798
0 22 20 5 75325 1.073317938710074
4 18 28 8 64000 0.9350912975909
9 25 29 5 69188 1.0049720700575022
18 27 9 17 37778 0.9905114737112872
28 3 19 8 29833 0.991847058232814
3 24 13 14 36093 0.9725911060206776
21 28 29 19 37370 0.9461227544733017
3 2 27 14 67936 1.0875008457754354
5 6 3 19 46209 0.9776511780927062
1 0 8 19 72995 1.070471833580705
19 0 16 23 52005 0.9324066866747416
15 27 18 0 49828 1.0769436355429327
14 2 3 11 40119 0.9540655857938425
10 8 0 28 61993 0.9779947210490059
12 24 2 19 32869 1.0456798653660075
10 25 3 0 80845 1.0118778511188884
14 4 14 20 33826 1.0487627452874495
24 27 3 17 61809 0.9474292805290309
5 19 9 25 26099 0.9962311766342
26 8 21 26 54047 0.9534144110501915
3 9 15 6 24613 0.9663317606243091
2 15 27 21 60268 0.9328150054256699
13 26 24 0 77263 0.9801413599198604
1 19 16 6 58309 1.0090676574114703
3 5 28 10 54792 0.9701151612947833
26 14 22 8 20767 0.9405804151511311
26 26 21 19 29385 1.04896192212852
29 22 20 0 72254 1.02170742056604
15 17 6 19 29907 0.9674738573888161
27 2 14 6 30944 1.054205151901963
6 16 17 1 53377 0.9970721042000572
9 7 16 15 31800 0.9460593114128022
18 13 5 2 48547 1.0140706651687994
26 9 24 29 48603 1.0341962281941628
1 18 4 28 39365 1.0621103264031029
26 12 21 2 37645 1.0693509536706811
18 24 20 11 29013 1.0877514067170473
23 19 25 0 58556 1.0137731852566163
2 20 29 22 65678 0.9441345374644929
8 12 18 13 30324 0.9716997383849152
2 6 22 2 46827 1.0050509110403338
28 20 9 20 55674 0.9966903410369299
5 9 7 23 43095 0.9882044176525221
17 3 1 6 38665 1.0302065097428217
20 12 29 29 58273 0.9455572046503067
20 0 16 8 35739 0.935302915677375
4 8 26 0 64379 1.0786550094825316
11 17 19 22 29616 1.031686348092649
23 0 9 15 63939 0.9959984448724224
0 3 8 5 23802 1.0662110506951068
10 14 20 20 33388 0.9963666887115731
25 29 13 13 58715 0.9946568696253609
1 0 14 2 43715 0.9779240313549158
28 20 9 23 47000 1.0290671495716994
14 24 12 2 45181 1.0709369957181423
5 23 24 18 56024 1.080088218182047
22 23 1 16 54902 1.0126580570422263
3 21 21 2 83323 1.010128514965885
22 13 6 12 42921 1.0935121285804468
25 25 13 22 33608 0.9895962359286313
8 3 18 24 54860 1.0284250436904103
16 12 21 25 38549 1.0969228692805557
24 1 10 1 42945 0.9932197080558971
15 3 3 12 45628 0.969607285899226
4 8 16 6 31657 1.005911377199634
21 23 27 18 27130 1.0123727612947608
9 7 22 9 25439 1.017397075965067
28 5 25 25 48458 1.0713925750091855
28 21 16 15 39825 0.9445798985523517
13 12 6 16 23921 1.0369229756309548
13 13 15 27 33347 1.0478076934162948
9 9 20 23 45393 1.0085160716489436
23 1 10 11 46846 0.9047009160098124
16 8 7 14 34777 0.9383891069073803
10 15 14 26 27499 1.014927664968894
4 6 24 12 51327 1.02181963731756
14 28 23 19 37889 0.9940259443620694
26 25 1 27 49394 0.9079900679299345
11 16 23 23 39757 1.0021512947359232
4 18 22 24 51977 1.0347286671082627
21 29 9 22 41377 1.0737941687132933
23 13 14 26 42984 0.929826784253673
15 17 11 1 45900 0.9510143898960899
24 7 17 2 24481 1.0151761216396504
28 21 7 2 75820 0.9501157552518231
16 13 4 17 37240 1.0274554507187126
2 9 7 2 29693 1.0087566516830162
17 26 6 18 44336 0.9942186650530502
19 1 29 14 45112 0.9953287260622492
21 27 8 26 25665 1.0811988454768626
16 20 15 3 41917 1.070037015742216
14 28 13 0 64114 0.9496647634024031
6 15 17 9 32133 1.0296717974995357
27 27 21 16 33973 0.9298454019927516
5 27 3 18 36183 0.9680469634930184
21 4 27 29 64676 1.0292009567143305
22 5 26 11 22692 1.023343891894012
12 4 21 0 36265 0.9279900107396076
11 2 12 12 24994 1.0464900380644944
16 7 2 18 51035 1.0904192157392079
16 24 23 28 22127 0.9073450922510029
8 28 15 7 53448 1.0501104239701387
15 1 29 25 74420 0.9293318750971054
11 4 4 25 63440 0.9970601278448856
18 8 27 27 46564 0.9036263616287133
23 2 3 28 85862 0.9538854199136707
25 6 28 26 46309 0.9359819314621383
20 8 28 12 26045 1.014287581574366
24 3 20 21 55200 0.9267987710371145
12 10 3 2 38799 1.051313340697337
21 16 5 22 47469 0.9531847069202036
13 18 24 23 37965 0.9489164698041079
12 23 4 19 30727 0.9697719015957622
7 25 23 19 44961 1.0838523888043803
25 21 4 9 68354 0.9871811068204573
24 1 10 18 61964 0.9000743211364207
1 28 27 6 82632 1.0886140360344343
27 8 0 18 66438 1.094186508258155
13 25 11 9 35374 0.9902036953521836
6 6 21 7 30887 0.9767068498046028
3 28 17 26 32828 0.9045350991094346
14 15 2 5 44479 0.9153894524055224
24 14 27 1 31928 0.9694622943312885
23 23 1 9 64928 0.9950427598169244
7 23 23 24 30325 0.9152839465372843
29 17 26 24 24949 0.9544336170402734
25 22 21 0 67813 0.9163685054178718
21 23 2 13 61338 1.0555888273915506
28 12 13 2 44611 1.0473037297818155
27 19 20 28 35444 0.9464206967495352
1 2 1 18 56297 0.9373083366407811
24 11 7 5 46524 0.9649726801793146
21 23 28 26 22592 0.9158384834512404
7 15 24 10 48096 1.005281930895956
5 27 23 26 37420 1.0234939984581635
15 4 3 13 48416 1.056424955674607
6 5 2 23 59208 0.9125448302711465
26 8 13 20 46890 1.069941912977516
26 10 7 26 66635 0.9087853985922134
15 2 2 3 34331 1.0954506407474514
3 27 10 22 22951 0.9458658352713692
8 16 15 2 46073 1.052496526558075
7 4 18 24 57987 0.9543801513493835
12 26 4 4 65895 0.9483570511119261
17 29 22 20 31933 0.9995237467170087
1 26 9 18 44742 0.9421184135956637
9 0 26 24 77121 0.9351649028502185
28 23 12 17 42829 1.0699387009861172
8 23 28 26 42852 1.0748992260864916
25 10 4 2 60724 1.0323000419394495
13 16 27 18 31456 0.907477837580422
11 20 28 23 40652 0.9517999260423342
8 5 0 26 70029 0.9582394404687065
23 6 21 15 28374 0.9778730589641816
14 12 15 1 28696 1.0951788815671784
29 29 9 28 45293 0.9245047277471371
18 25 15 16 19853 1.0895695410903865
8 17 14 29 38138 1.0385950368715648
0 27 2 3 70579 0.9672872163919126
17 16 20 4 33737 0.9503181238711594
11 22 27 20 40729 0.9686914552483432
17 18 8 12 35198 1.0915286771684258
23 13 11 25 46533 0.9199815929698948
3 2 20 22 73750 1.0385939084505333
2 16 17 12 41014 0.9786186347536249
1 27 2 15 36862 0.9665305099425912
28 21 14 6 50616 1.0191352993539167
24 26 17 22 25936 1.0507809254548375
14 9 26 19 40495 1.0320169911311563
11 0 6 14 47069 1.0477789201827952
13 23 8 1 56392 1.0791369877505426
13 16 19 24 24738 0.9678829020813917
3 4 12 2 27069 1.0499578189730931
15 23 10 14 30346 1.0858474415029529
19 8 17 0 25039 0.9817654982039334
29 0 12 1 52945 1.0767279770520355
7 19 2 28 34614 0.9911595323781062
22 17 7 7 45201 0.945306649701603
11 23 20 19 29828 1.0791805443011824
18 29 7 9 49861 1.0593937238253617
19 9 0 10 32442 1.0123219465563444
15 27 15 15 30093 0.9489085992313983
19 22 1 2 77646 1.0151534385286014
19 6 2 25 61392 0.9420145558101403
2 12 11 13 30654 0.976799996906285
6 14 15 26 45934 0.9807888221810241
18 1 4 24 61214 1.0766848665139028
28 22 8 4 69610 0.9379306698906831
6 29 21 2 77442 1.0800947102205072
6 20 3 7 39779 1.0466312386936825
26 19 13 22 42441 1.0287624449815445
9 9 28 9 27535 0.960642575515849
1 15 14 16 27583 0.9821497925162768
29 5 19 22 50653 1.0326021117259523
10 1 22 7 35913 0.9099592115706705
27 23 5 10 62685 1.0839944714793606
19 7 8 26 52533 0.9265319859031854
15 25 18 4 44766 1.0478503189170971
16 2 1 1 49116 1.083011572464648
2 3 20 4 46640 1.04788671390253
14 1 29 29 76897 1.0107442872944956
13 9 14 18 20722 0.9329705467186379
25 8 9 4 44021 1.064819771351415
0 24 5 14 37809 1.0911464734153318
29 28 20 4 71437 1.0801347022555345
0 25 23 25 45931 1.0401103584870637
26 21 13 20 43656 0.9465729540392771
18 1 21 22 43105 1.039550977769708
24 16 16 1 48647 0.9634152704961875
16 24 24 26 23201 1.063804607555662
11 10 27 22 51498 1.0195948813540556
2 18 5 0 64130 1.0302918135999855
4 17 20 7 51661 1.0975076396288708
28 27 8 5 73408 1.028579001962792
6 2 24 17 65595 0.9014301534404331
6 8 17 22 46147 1.0047869573912533
6 3 2 27 71552 0.9635356334812173
19 7 9 16 33767 0.9689950500724179
28 1 3 10 60874 0.9806073063304792
27 13 1 15 58910 1.0715672986175269
19 17 3 29 56064 1.025522890915849
13 10 8 1 30342 1.0672901222076074
12 22 13 1 47246 1.0595826133162187
19 12 23 27 38045 1.0496251115847144
15 22 19 12 30251 0.9147334833688332
18 22 27 19 29858 1.0782970800371643
15 8 19 14 23549 0.9341102640809067
2 23 24 7 70020 1.0999300980302795
0 25 19 9 58780 1.0967542674274198
1 5 14 3 39429 0.9488346552349947
4 6 25 26 79783 0.959680023479454
20 8 20 20 36042 0.9258066688204011
27 25 22 2 56081 0.9222934186665261
20 10 22 19 28163 1.0780478956298805
0 18 27 4 73661 0.9564561619595484
1 4 4 14 41754 0.9057148516728304
1 4 21 18 73147 1.0437427307624705
12 17 9 25 21042 1.0743291309805174
22 18 4 22 54278 0.9743206035738804
23 5 24 29 66461 1.0661755000584852
28 11 20 17 34904 1.0082667364112818
16 25 8 22 23904 1.034878408301642
4 2 0 18 57531 0.9986333841913686
9 1 0 18 64037 0.9911301110546983
14 27 4 11 55950 0.9087930744007519
4 12 2 26 49805 0.9030199901341655
6 8 27 16 47301 0.9369925909220566
5 8 27 23 65632 0.9012253385264123
25 20 26 1 47853 0.9264249966765583
23 29 5 22 50538 0.9349230898752439
3 18 25 13 62907 0.9681405055699321
25 4 0 9 57537 1.0371691743619766
19 15 12 26 30496 1.0394490721929563
9 27 19 8 49981 1.0982075666508158
7 27 19 3 60749 1.0745993828678406
1 8 12 12 29277 1.0121863684049768
17 25 8 16 34200 0.9749675884490087
11 13 20 21 41542 1.046074085507642
1 22 26 6 80513 1.0629954149631695
20 17 4 2 68101 1.0836924697181833
22 15 10 14 29829 1.0985376738416537
13 13 26 2 47615 1.0723057446781978
26 8 27 20 24690 1.0785875078489722
10 7 15 23 43914 0.9935542774991034
23 27 8 10 56700 1.023804231611044
19 11 14 18 24562 0.960739192061193
26 29 19 13 46942 1.0211641896610666
12 15 0 4 45093 1.0097369554323534
23 27 12 12 46340 1.0455134494666942
25 23 1 15 66871 0.903334973601691
22 25 8 29 35342 0.9913552579266672
25 11 13 13 38511 0.9245815760336302
20 3 6 7 34644 1.0844567088227366
13 8 20 19 35993 1.024190838366028
27 27 6 7 69827 0.9891344263513785
10 11 16 5 27286 0.9450397094932766
18 12 28 18 33009 0.9880393967611653
8 28 25 13 62838 1.0618389487985496
9 21 23 29 46924 0.9518961331824595
12 20 10 10 23339 0.9913922744788286
3 14 0 0 47188 1.0714597464365667
20 13 12 21 32737 1.054683496631011
4 6 21 14 46715 1.000701188514464
28 9 10 5 35954 0.9042455462077738
28 14 15 25 49601 1.0986804952531835
4 24 14 28 24706 0.9158637231928494
20 26 15 21 36712 0.9335061307886612
13 23 27 1 65976 0.9598290242117482
3 22 14 3 67804 1.0778285662169664
28 11 16 25 53042 1.0272859464277002
19 21 14 7 37370 0.9713476519876505
4 4 14 11 40972 1.0098959775685026
12 0 20 20 53620 1.0464369821379262
20 11 0 13 49396 1.0469741585944359
17 13 7 13 30131 1.0710669153841033
20 28 29 3 68731 0.9383933103619311
28 2 4 18 76987 1.0960586216376453
29 21 22 4 50575 0.9421079248055589
29 6 12 16 45761 0.9860013898829301
19 12 2 14 45337 1.0028148752633923
10 8 2 6 20244 0.9372199380703079
3 16 14 26 38566 0.969952559309049
14 5 8 26 53160 1.0007329464983787
16 4 12 27 59208 1.0783405546658977
18 23 10 16 26103 1.0243760847421595
21 23 28 8 48153 0.9969941263860453
26 27 21 13 43631 0.9081498829786833
24 2 2 15 68025 1.0867364025333683
20 19 15 26 32877 1.0435787294225727
16 14 29 26 47498 0.9752302519465952
2 18 20 9 50666 1.0589570832349813
18 20 23 27 20373 1.0513788084835305
5 23 14 26 23815 0.9434122654339978
11 15 7 2 41163 0.928319715691656
9 16 11 5 31940 1.089851726384714
9 22 16 6 47342 1.0453638952952198
25 26 18 6 53284 0.9562306666684117
22 18 12 4 44752 1.0467350041244041
