3108 2850 2858 2607 2199 4089 3517 2318 2125 4447 4299 4192 3544 3320 4442 4787 6998 4286 6734 5664 6775 6421 6543 5590 6178 7048 6473 4945 6454
2831 3246 5049 3401 2797 5229 3812 4356 5291 5284 4762 4141 4759 3439 4100 6398 6703 7434 4501 7182 6843 4987 5981 6056 7116 7414 6977 5785 5627
3567 3640 4074 3807 3164 3448 5327 3711 2966 4066 4391 4555 3861 3544 5790 2885 4398 4136 4846 4202 4658 4216 4257 6122 5798 5162 5903 4155 5711
3941 5386 4018 3708 3726 4567 5479 5752 3939 5764 5780 4126 5620 7565 7580 5707 7299 6296 7380 5449 5577 7188 7586 5452 5102 6623 6060 5543 6560
6957 6427 7007 7178 7960 7337 6929 5171 5563 5980 5332 7666 5682 7530 5754 7595 5763 6622 6511 6126 7178 7500 8094 8563 6166 8013 6476 6458 7517
6427 5571 6611 6774 5568 5583 5650 7700 7152 5812 5636 6990 6233 7682 6892 7303 5873 6749 7287 6229 5303 5186 7358 7101 7163 5208 7194 7106 6879
2261 3554 2183 1800 4261 3893 1846 3836 1930 3780 1721 3361 3057 3358 2005 2509 2809 2529 4685 5329 5285 7111 7235 5174 6762 5498 5594 6151 5410
8879 7225 7173 6976 8036 4742 6063 6260 5190 5519 5085 5796 5262 5384 5607 5891 6351 4144 5283 4668 4544 5581 6227 5161 5800 5523 6626 4612 5051
7529 2778 4217 4208 3953 3261 4362 2186 3192 4860 2250 2897 2582 3390 1992 2962 2183 2718 3675 3448 3986 2500 4873 3484 3562 2272 2231 2357 3920
3876 4909 2746 3364 3403 4068 3511 5385 2712 4606 4699 5101 3864 3604 3726 2686 4282 3475 4520 4025 5849 5992 4320 3369 4759 6213 5884 4005 4571
4883 5943 5301 6275 7118 4894 6813 7222 6115 6125 6773 5176 5770 6775 5405 7684 7315 5744 7761 4938 7803 5237 4883 7765 7798 5508 6787 7673 7648
3052 2858 3126 4103 2479 4054 4219 4233 1621 4523 3462 2223 2219 2668 3882 2986 4203 1851 3878 1841 3893 2176 3696 3169 2443 3570 4419 2182 4413
3709 3886 4003 5420 4181 4303 4777 3440 5409 5068 4983 4223 6276 5672 5761 5925 4151 5769 5158 4638 4208 4681 5446 4854 4656 5907 4512 5519 6287
6012 4874 5992 4381 4441 4588 6427 6776 5979 5687 5219 4242 4042 6827 6138 6851 4445 4142 6967 4794 4832 4850 4373 5873 3191 3179 4840 4252 5151
8515 5705 8491 6749 6990 8379 7125 7674 8278 8239 7467 7745 7111 5883 7499 6769 7616 7343 6847 5730 6604 5690 8228 6630 7076 6354 4256 5726 5045
5507 5793 5305 6554 4925 5735 5645 5039 6441 5953 5654 4877 6897 4681 6664 4570 4726 6229 6334 4506 6587 5115 4355 5768 4606 6300 5164 5169 5449
4412 4616 2633 2944 2556 4666 3958 3784 3068 4424 3141 3735 3359 2607 4023 3734 2573 5390 4351 4960 5210 5166 4506 6456 6210 5168 4448 6937 6545
4421 3171 4447 1633 2999 2088 2953 1957 3401 3736 3610 2615 2542 2759 5460 3528 4722 4207 4724 3761 3866 3406 3406 4489 3607 4025 5243 3986 3680
7556 7596 6395 7905 6933 7850 8546 5208 4349 5726 5347 3730 4585 4340 5281 4316 3929 5259 4197 5011 5827 5238 5818 6523 5941 4552 4258 4306 3965
4004 4800 4107 4955 4447 4516 1112 1136 2620 2105 1886 3571 3270 1767 1302 4041 1336 3069 2254 3465 3120 2827 3556 3336 2975 1127 2906 4012 2208
5508 5079 4824 6501 6784 6397 6054 3015 5073 4115 3395 5136 3643 4913 5100 4816 4592 4744 2545 2401 5082 2756 4172 4387 4551 3529 2334 5264 3142
5661 4095 6171 5384 6187 5722 5958 5479 5914 5142 2564 1578 2841 2098 2078 2409 4029 2693 2322 1555 3639 2557 2174 2839 2694 4298 3341 3685 3599
5442 5296 3752 2959 4271 5066 3746 4899 5076 5504 3507 4466 2400 1736 3205 1657 3197 3855 1666 3115 3851 2263 4020 1912 3003 4145 2173 1817 2630
5299 5936 4457 3981 5048 3141 5502 5076 4205 3351 2391 4872 2413 4383 2848 3506 4125 2837 2207 2899 4302 3912 2279 2473 3678 4284 2667 2730 3028
6270 4643 6866 7384 5257 5030 6386 5078 5100 6803 5740 6252 7009 7564 2269 4368 3426 4320 3858 3916 2661 2851 2782 4946 3757 4112 2320 3109 3183
6504 4941 5670 5906 5938 6740 6371 2734 3836 4996 5586 3344 3378 3250 2825 5571 5481 4662 4521 5045 5213 4672 4938 4635 4330 4931 4548 2694 5622
4002 2037 2742 4153 2036 3795 2458 3178 2992 3123 3135 2102 3921 4491 4423 2570 3877 4251 4327 3780 5553 5605 5422 6550 5111 6326 5910 6579 5555
6469 7368 7763 6573 5336 5886 5941 7256 5723 6618 7326 5702 7087 6199 6779 6532 8157 5348 7607 7718 7507 7811 7135 7186 7323 5469 6498 6438 6634
4924 6739 6147 4415 5188 6272 5560 6517 5326 4979 5661 6811 4935 6481 5758 5988 5243 5227 5606 5288 6385 6265 8625 6836 8253 8048 7128 5849 7096
7250 4742 5030 5049 7199 5918 6556 7201 4570 5150 6819 7043 4556 6039 6257 6613 6614 5296 6156 6181 5478 6734 4930 6133 6709 5489 7003 6976 4725
2064 5009 4134 3065 3514 2105 6238 4925 7928 6499 3468 7557 3515 4979 2515 5842 4458 8132 2939 5230 7101 4624 4452 4035 4405 4076 2070 5132 6019 4724
2841 2647 3631 4110 2807 2300 5924 4729 7512 4976 4791 6334 3009 5841 1973 5947 5832 7797 2798 2680 8434 5471 5346 3438 5505 2254 2709 5839 6471 4866
2163 4128 3209 4287 2729 3296 6516 6047 7582 7482 5269 7478 4588 7201 2072 4750 4407 8324 4853 3255 1583 6903 6810 4563 4079 2507 3244 3863 7471 6097
3355 2407 5435 2536 1129 1806 7524 5341 5512 7179 5636 6560 3445 5751 3248 4600 2535 6306 3022 2886 2315 6808 4182 4320 6390 2974 2703 3483 7084 7359
1466 3840 4563 3579 2932 3830 6801 5990 5356 7838 2762 6030 2295 6099 1929 4162 1077 8621 4473 4987 1430 4674 4910 4894 6701 3943 4409 5441 8540 6107
4313 2886 3736 4329 1961 2795 6884 6136 7100 7078 5342 5226 4309 5894 2667 5844 1465 7709 4581 2437 2383 6475 6368 5068 5646 2735 2119 4647 6927 6003
3094 2657 3322 4270 1416 2117 5645 4065 5317 7853 2852 7310 2913 4354 2527 4787 3031 6809 6713 3613 3002 5789 6534 2381 5797 2300 3376 5345 6837 4998
3281 3107 4850 4513 3792 2940 5258 5747 6156 6550 4214 7773 2466 4406 2513 4132 3048 7079 7791 3680 3896 5902 5898 3489 4474 2248 4664 5080 7534 5627
3756 3075 3373 3943 1363 5233 5692 3884 6880 7292 3105 6806 3560 6470 3261 6220 3454 8094 6305 3059 2135 4856 4034 2367 6774 2354 4775 4513 8596 5261
4022 3352 3308 2197 1747 5561 6907 4814 7715 7154 4478 7457 3959 7242 4409 5213 3172 6360 6246 4058 2594 4950 5782 2734 6733 4408 3686 3793 6360 7367
1917 4421 2836 2592 3097 4106 5548 4811 5373 6224 4128 6778 2388 4711 2514 4235 3857 6221 7461 3666 2776 3375 3954 4497 4676 4356 3018 5058 7374 4977
1503 4107 5187 3607 2471 3704 5554 5304 6104 6131 3961 4933 4774 7008 2131 4296 3769 7173 7452 3108 2382 3761 5485 4925 4009 3397 4300 5431 5921 7357
3539 4150 4082 3056 1606 5146 5928 3981 5814 6411 5509 6263 5135 6789 1962 6982 3598 7664 6420 3227 2286 4823 6144 3851 6121 2593 3218 5096 7829 7458
3268 3236 5672 4846 2529 6485 7457 4257 8033 8195 3522 5437 4828 7094 2343 4856 3743 6170 7273 2559 3722 4875 6123 3013 4770 2430 4562 4974 7195 5767
2207 4656 3081 3748 3247 3827 6006 4239 5995 7513 2935 6460 5860 5682 3883 4224 3584 8108 5336 3236 1872 5598 6527 2886 7617 3599 2980 4673 6070 5014
2761 4498 2884 4665 2102 3895 7162 5581 5592 5532 4625 7557 4786 4548 1848 5568 3528 8028 6036 4452 2441 3438 3846 2800 6193 4633 3431 6059 6004 5358
1576 4034 2886 4496 3330 6428 7101 5530 5887 8163 3137 7491 5326 5628 4557 4095 1043 6097 5874 4590 3965 3524 5658 3501 5523 3957 4289 5433 6867 4726
2791 4031 3190 3685 1614 6244 7461 4308 8045 7608 3808 6867 5053 7006 5935 4564 2407 6470 6713 4014 3331 3590 4053 6820 5380 4726 2146 5666 6339 4772
4135 2263 4323 4421 3225 6305 6747 5759 5107 7144 3591 6662 6077 5819 4027 6603 2764 6222 6431 4472 2973 3305 6184 4667 5395 4198 2884 3837 8241 6998
2113 3118 2959 3763 1817 4922 7361 6431 6371 7813 4207 6811 4616 6757 3545 4707 1737 4766 5327 2495 3096 5059 5620 4915 5069 5001 3839 5515 7157 5086
1807 3388 1551 2435 1723 5720 6744 5987 4704 8066 4137 6583 6545 5850 3913 4424 2139 5134 6992 2568 2628 5598 5228 5916 6465 4243 2640 2650 8523 7262
3624 4140 2077 2697 3971 5131 5022 4529 5843 6098 3704 7630 5238 6199 5852 5383 3188 7076 7797 3702 2446 4388 5243 4465 6988 2194 1840 3701 6391 4783
3021 4855 1870 2453 3050 4777 7137 4509 5461 6649 4261 7765 4911 7266 5536 5580 2583 4178 5159 3929 3248 5456 5289 5485 5453 4637 3604 3616 5962 5317
2320 3845 4034 2691 3396 4099 7092 3738 4591 6604 5027 6705 4025 4953 4718 4929 1542 5840 6793 3094 3453 3357 5788 6136 6094 4160 4307 3901 7325 6309
2887 5163 1798 5118 3369 4107 6361 5160 6576 7872 4405 7801 5082 6788 3570 4625 2342 4500 6526 4098 3625 4711 4157 5471 7374 1765 3705 4032 7508 6115
1899 6125 3430 4306 3220 4610 5716 4128 5207 7596 5175 7483 6361 6582 4822 6490 3207 6188 6292 1934 2048 5903 5807 6654 6732 2634 2685 4092 6910 8066
4181 5662 2782 4618 3220 4710 7353 4996 4758 6622 5688 6159 3703 5193 5533 6373 3365 6859 6648 4351 1319 6036 4034 6952 6553 2785 3167 3740 7164 7247
2772 5330 2281 6680 3634 4469 6502 4421 5054 6381 5771 5601 5166 5065 6214 5301 3488 4645 5626 3337 3149 3549 3627 4227 6404 2038 4014 1277 5864 5320
3952 4982 2136 6723 4836 5177 7480 5699 6158 6643 4460 5739 5577 6046 4896 7929 2022 5219 7554 4584 3902 3327 4828 5997 6603 3878 2203 2948 6048 5935
2 20 23 21 60806 0.9562137276554321
18 9 3 24 100789 1.0819606409926619
21 2 20 20 56900 1.0469793084860728
20 24 14 17 48894 1.07842298072752
1 17 20 6 91296 1.0776895186616147
29 3 10 4 60506 0.9250635875011347
1 10 9 22 61528 0.9329507843184013
11 29 5 21 52050 0.9772343610261127
24 18 22 3 60363 1.053069834291163
3 8 16 4 48916 1.0757036511935978
6 15 10 28 58398 1.0455062693696875
25 7 15 21 73508 1.0542781716202572
26 18 28 26 47339 0.9793617015981211
6 9 25 3 67578 1.0806287386123592
25 6 10 7 65691 0.9094340652192653
12 19 29 18 66268 0.9330085227935864
19 19 29 10 59958 0.9613832502714453
8 5 17 4 25445 1.0206528796397039
6 13 14 27 66245 1.0685751706110802
5 15 10 0 62843 0.9278074222616791
9 23 3 19 32201 1.0888688643730027
7 9 25 22 87905 1.0320596297521798
11 11 20 29 74525 0.93138336968015
7 12 16 21 50834 1.053780936307482
7 24 16 25 35806 1.0876370432012166
17 25 26 24 38669 0.9987726159086813
7 11 21 28 87698 0.9874837741963558
10 10 26 4 65927 0.9562737801148249
0 27 29 14 130610 1.016565406246387
17 19 17 1 60552 0.909527649601082
24 10 8 15 68317 1.061354640823325
21 27 1 4 109689 1.0446180967729437
19 29 10 11 74780 1.054955194511717
5 16 8 26 40245 0.9886218690953905
7 3 0 24 90884 0.9758051115227507
29 0 0 8 100081 1.0160691094124787
8 20 18 27 53376 1.017159742869533
0 17 21 20 69418 0.980022335477935
16 23 7 1 97794 0.9553810916211944
6 21 27 9 99909 1.0426752671889084
11 7 27 9 72503 0.9476847799981819
9 25 0 23 37159 0.9204610826454858
23 20 9 14 52032 1.0122905671524367
3 21 10 17 39118 1.099934778369547
3 24 24 29 84182 1.0360450301228261
27 11 15 2 63907 0.9878760778221187
12 26 17 17 51031 1.0167217385579201
3 4 24 12 80157 0.9006686478899868
22 17 14 20 31084 1.0076350644940566
14 29 16 19 56877 1.002350064946163
29 3 8 10 85430 1.0992030006753
28 6 18 27 95458 0.9100528186236386
0 22 22 27 91191 1.082208881405274
8 3 24 18 81247 1.030848635777276
1 1 29 26 142991 0.9110926353407537
6 1 23 12 77647 1.0766036156605467
17 13 2 23 73369 1.0542859743958877
4 7 29 29 143863 0.9275696525750482
26 22 8 1 106902 1.0787148170588134
3 20 12 22 31802 0.9248185835019365
3 21 16 12 62882 0.9983897477066205
0 1 0 17 58592 1.0889434122882393
21 13 13 6 56339 0.9178474493758472
22 22 17 14 35996 1.0825499655969837
18 7 29 16 53070 0.9009464971668664
14 14 19 27 49673 0.9054172528551353
7 6 2 15 44240 1.0812537352651845
7 24 4 4 77167 1.0998949241328415
21 4 22 28 72621 1.052113482680427
2 13 15 8 66777 0.9640718223146634
20 11 25 22 47002 1.0080872845426867
18 0 13 7 42180 0.9078243246577824
11 24 4 17 46847 1.0077103328086876
3 18 28 27 104423 0.9343661581179215
28 8 18 3 50589 1.03171681048308
5 12 17 29 92519 1.062380155156525
11 11 2 16 36332 1.0315621005499365
1 28 12 18 73357 0.9598871772044367
23 26 16 9 67719 1.0037462107974071
27 4 29 18 62229 1.0276105660327133
7 27 9 15 46152 1.089436290590385
9 12 23 11 61820 0.9051005736826713
14 1 20 12 51280 0.9030822725319229
24 12 29 0 58101 0.930212169545252
16 4 19 25 65880 0.9778222368995982
18 23 22 8 56022 0.9821119652138063
16 10 1 21 75893 1.0280460525829898
14 11 7 3 56152 0.9792753259500236
12 9 22 12 49919 0.9757824341948748
3 17 1 3 62892 0.9711944014283562
3 19 4 0 71467 0.9832461690611544
8 28 11 13 54079 1.0229062771542532
28 22 14 21 58848 1.0606757787576573
5 5 28 2 68553 1.0117000603314723
26 28 23 17 48461 1.0511617464297198
17 16 13 22 36034 0.9764335006415997
5 19 8 1 61318 1.0341721691890153
13 14 3 18 41245 0.9673693223629451
28 8 6 22 112826 1.0392788524149335
11 12 18 19 41646 0.9194327296828692
13 0 1 13 74714 0.9255282849870973
19 0 6 23 107234 1.0686317392611233
5 24 19 13 75760 1.068771508141527
24 10 19 29 66627 0.9211534194309468
25 23 19 2 77024 1.0329515368316198
7 3 17 11 50957 0.9847170375164253
17 22 10 12 49856 1.0395596726371266
17 3 27 3 35789 0.9308063421473527
3 27 29 13 128865 1.0681829856543792
0 9 9 27 83645 0.9599749990470294
9 12 21 27 72191 0.9750065386888922
4 7 9 25 75842 1.0253525655419828
28 21 6 24 84277 0.9192215264451066
5 2 29 3 76543 0.9986277957081038
6 4 4 27 94412 1.0568129629086163
2 13 15 21 59832 1.0209360863824726
29 19 13 12 73128 0.9859359395115646
6 2 24 7 63512 1.0381181565661137
22 13 12 14 37669 1.041800148205915
1 5 20 8 63336 1.072552059248147
10 0 1 24 105196 1.0387163274737872
15 24 21 5 76988 0.9374991929164018
20 6 23 25 64182 1.0432159023332495
12 17 22 0 81551 1.0815228479687398
21 10 14 26 60239 0.9649421893762828
27 26 2 3 126589 0.9133487969432706
21 15 16 1 53563 0.9519745494377186
18 20 5 18 47511 1.0319001946699276
6 27 23 28 68783 0.9897031160334546
13 18 5 2 73657 0.999991763513056
7 20 17 22 35341 1.0200062089237727
24 27 10 20 60698 1.0338683041103087
24 16 8 15 49070 0.9314308087118568
17 23 0 19 61572 0.9806554758981653
7 25 0 1 95995 0.9358967712055133
28 25 1 27 99054 0.9835211412000632
11 16 25 10 59277 0.9563890286103826
4 25 17 8 91060 1.010490221199153
26 21 4 27 98029 0.996380009337022
7 24 13 0 92822 1.0696187841850093
6 16 26 3 91336 1.0868548288116202
9 29 21 19 70362 0.9030249110030039
14 1 7 5 33886 1.0903979649362143
25 18 4 1 101249 0.9009460967049735
9 13 11 21 32711 1.0596647966583106
22 10 3 12 74156 1.0132634857705736
16 24 13 8 80971 1.0290251127403998
21 4 23 12 40607 0.9141517589121174
21 22 11 12 50498 0.9773524695047006
13 0 8 16 61481 1.0909008390632937
22 1 13 4 35565 1.0862578882282548
11 8 0 4 41472 1.092098445174769
15 12 22 28 62031 0.9419383792007358
5 6 22 1 63237 0.9533114032270993
24 21 4 14 71043 0.9734493068216123
26 9 6 9 81851 1.0715234790144128
13 28 26 28 60857 0.9641715982674606
8 29 17 2 105721 1.068266704262701
16 27 8 12 70422 1.0766356688141905
1 0 17 27 124586 1.0493318587889693
17 29 8 24 52020 1.01621988746862
9 28 21 29 60510 0.9227854314294932
29 18 23 11 45898 0.9983016082006612
12 8 3 28 98251 0.9949223387936882
19 29 6 25 54253 0.9326664850011247
15 0 19 22 70692 1.003373154881942
3 9 24 8 94092 1.0578532948683663
28 3 15 10 61550 0.9474375949503807
1 3 13 5 34892 1.0302160000480025
8 7 0 14 40801 1.0581952900474014
21 6 27 11 44890 1.0788235167528966
23 16 20 24 34044 1.0578964358392777
4 27 22 3 124299 1.0012180175974847
5 6 25 11 90982 0.9680089436931496
12 14 12 27 48531 0.9333897744015929
3 12 20 10 66315 1.0710587356281427
8 1 23 17 82774 1.0488902944355247
5 16 29 9 100912 0.996711127817845
6 0 26 17 93725 0.9142032650021812
8 27 11 10 59626 0.940001952045617
8 1 21 12 65651 1.0222093802363557
19 28 20 12 48979 1.0814504085160555
14 19 6 29 58050 0.9543905868418142
15 12 28 14 60060 1.0667148002037345
0 3 28 8 91043 1.0356824673359104
26 8 25 21 50253 1.0774302055971838
20 3 10 27 101611 0.959204462823745
1 0 1 29 129130 0.9317601047683314
28 3 16 2 39328 0.9645815054012804
4 28 13 10 94101 0.9304553517064089
22 27 17 20 33737 1.063928134609312
1 2 29 22 131999 1.0731945999814116
15 22 18 29 37452 1.069364182507817
19 3 1 24 114563 1.0477211851529213
9 12 6 19 29109 1.0139613592333037
4 9 2 28 93429 0.9655801825089961
11 18 25 16 44021 1.0424124495595015
13 23 0 19 52767 1.0955661559877368
13 10 1 6 61458 0.9919645314405943
7 22 2 2 80618 1.01404664409971
25 20 0 18 77904 1.0658787953704087
21 24 2 21 66677 1.0771015661633907
29 0 26 14 55070 0.9082479811180025
9 20 29 0 112537 0.9965499744247728
3 23 19 15 76153 1.0967813137138769
13 1 10 16 60770 0.9293918911875931
20 19 5 19 49152 1.0843927713561239
25 10 15 25 78293 1.0880156093714484
19 9 11 24 63972 1.0953748785598751
26 18 1 24 95481 1.0281881982840078
10 14 0 22 57929 1.0462806186651292
23 24 9 16 63343 1.0324806688423187
14 28 14 14 64167 1.0477872470011802
14 3 0 12 66026 1.0495261977349082
26 20 8 16 63016 0.9925614012301407
7 20 2 15 30673 1.08435440039895
14 12 18 19 41204 0.9097533206073954
26 18 8 23 69606 1.0466947393004997
0 20 24 22 81004 0.9173336544511975
6 6 15 27 89560 1.0416587198848468
17 27 29 27 44371 0.9922787641561257
20 17 14 8 51554 0.9023128092270255
0 18 28 4 117792 0.9299128531640102
22 3 18 16 45007 0.999950082787836
12 23 0 24 50784 0.9613450024789543
11 4 19 13 44787 0.9155558921785754
24 9 26 25 67285 1.0579521616287526
27 8 9 15 82404 1.0497593188909546
9 13 2 3 49989 0.9173571093985486
16 24 17 9 62299 1.0625393929312508
2 28 8 8 86481 0.9734133108271448
28 21 28 9 63856 0.962751676811145
25 2 1 11 94449 1.0488765955512316
22 25 29 1 93616 0.93431781594086
29 3 2 4 77575 1.0816070475858017
18 0 2 10 72838 1.0835600355851684
13 9 23 11 46005 0.9233166550934305
10 10 14 3 38561 1.0883056670894213
9 10 5 23 53499 1.050442363773739
29 28 2 28 110936 1.043767630148081
14 2 0 21 104451 0.9273316272092295
25 24 25 2 86290 0.9094270258468429
11 19 24 29 66055 0.9493307532598161
22 28 10 10 78146 0.9158252622544124
29 6 12 4 60509 0.977325631462171
26 27 2 26 85937 1.0743906704229822
26 4 24 20 59293 1.0696067865404775
23 7 5 10 80220 1.0329398774382528
16 13 2 12 47319 1.0796850535307219
6 0 23 28 114947 1.036077652712219
9 2 28 23 116147 1.0036544667378164
10 10 6 25 58633 0.9402378697624837
28 29 20 25 43785 0.9448243531010716
3 18 14 11 60895 1.0726145908318303
2 26 1 14 58443 0.9623646464343912
1 10 17 9 70002 1.0579981796930051
8 4 2 26 90185 1.047592302101405
14 20 2 8 71212 1.0401372076456767
10 3 21 23 80239 1.0806831654518436
5 8 24 16 75392 0.9387287059165195
2 2 16 5 42558 0.962376469248591
29 29 0 19 119938 1.0244835587600227
9 21 1 5 70707 1.067338393851745
18 10 25 20 45477 1.0511551246758544
5 11 25 26 99765 1.050215650610384
23 20 27 3 66154 0.9363262869912191
4 15 21 9 73721 0.9272903530579578
0 23 1 14 48834 1.0559958984972402
27 2 0 8 85919 1.0686998164459904
0 6 9 8 41967 0.9637989495136159
26 15 11 4 71205 1.029773355246073
8 3 12 26 84004 0.9738783623943986
5 12 29 6 102873 1.0559842383344942
2 0 6 24 96455 0.9416896906358806
7 14 26 5 84359 1.0544475767730082
29 12 1 18 108403 1.0114381239351282
14 26 0 23 59654 1.0659920527793376
19 18 3 11 64891 0.9650556423166944
1 22 26 4 121749 1.0890155918482196
17 24 18 7 58897 1.0213713333574652
23 17 28 29 60911 1.015595871851845
27 27 2 3 130742 1.0650387519929159
11 19 24 18 46082 0.9841187039896577
18 24 24 15 43915 0.9156182725327884
29 24 9 26 74665 1.096818866399522
4 17 20 18 59035 0.9238519237438748
14 20 25 6 77484 0.9048070756343133
5 10 10 4 32747 1.0053573458028966
4 21 22 2 104485 0.9753239374912056
17 1 22 21 65437 1.0027504401117493
27 21 7 2 107540 0.92232482182465
9 12 28 16 60963 0.9692758295337509
28 19 14 26 62971 1.0263717158882466
22 8 3 13 87821 1.039401224244179
26 10 17 2 49047 1.083684272187676
5 7 27 1 80269 0.9924459916275274
3 0 24 11 91812 1.055873837584035
20 4 19 26 60655 1.0741376305812413
0 15 8 10 35005 0.9412568660528466
3 11 11 26 68956 0.9541671208789816
29 8 17 28 100789 0.9324482905323966
21 3 10 9 51878 0.9829955545279826
18 19 9 27 55978 0.9957017926839822
1 13 18 6 78206 0.9281361139974748
3 24 5 11 65725 0.9349654014934001
18 16 11 19 31604 1.0779054571424205
26 6 22 29 79714 0.9489504244528529
17 23 11 0 90827 0.9560571486389556
18 24 25 29 39854 0.9247586328667751
4 11 19 16 60581 0.9173147020307778
2 14 0 2 44003 0.9321315013027895
0 5 23 29 124497 0.9179473917146465
13 4 4 27 101650 0.9575277041161534
2 9 26 10 97034 0.9527087342012865
7 22 7 2 71291 0.9082940578873973
5 3 4 13 43043 0.9387478754720945
10 17 21 7 68839 1.047286106513714
10 15 14 2 59742 1.0435764593190278
14 15 3 27 80899 1.0151996216138957
5 12 7 2 36242 1.0618889689508864
16 23 7 14 54236 1.0103469300063497
5 5 21 6 53585 1.081063216411092
22 29 17 6 74656 0.9098869492409964
4 28 2 1 121142 1.0291668566875392
10 5 0 5 31756 0.9144097470251977
29 15 19 6 55036 1.0057439085622164
18 18 13 29 61336 0.9918437684922802
4 2 19 3 48721 0.9566574595937546
0 29 11 8 105787 1.0266626761599957
4 15 12 7 51827 0.9687512787281243
14 2 1 14 74010 1.0592813481959675
9 25 22 26 46544 1.0584841002095176
4 13 12 2 58789 0.9316159107292311
29 2 23 9 44617 0.9994523972659464
14 9 27 4 60602 1.0136167804534246
21 17 10 1 74310 0.9432319829039588
9 8 25 8 77032 1.0270393875443928
23 9 6 25 92314 1.0853982000091864
25 10 24 27 64714 1.0750787837922862
16 4 5 5 29967 0.9931144536900398
1 12 7 21 47449 1.0241624602570016
25 14 26 28 62792 0.9433517651793276
18 13 12 27 68016 0.9704711416082306
20 4 7 12 57575 1.05404922467685
21 3 12 17 65515 1.0429910894563894
7 25 0 11 68131 1.0018676213222208
26 16 19 19 23397 0.9110535224333636
12 29 17 12 77984 0.907506893552787
14 13 7 25 59118 1.0261040595161877
13 29 7 16 61366 0.9378923286129126
7 27 12 9 73735 0.9248362208505779
14 18 19 3 62277 1.0483176961934728
26 16 4 11 77319 1.0555180159858955
21 10 15 2 40765 1.0824411899862019
8 19 13 14 27807 0.9961256495652306
20 12 1 15 67552 0.9265309305885295
12 26 24 13 75912 1.0638321769494152
5 11 21 22 74371 0.935709067135456
18 24 7 28 54909 0.9158446012854987
23 7 10 13 70241 0.9959497518837436
2 9 20 4 60723 1.0115068993384093
9 9 6 1 33187 1.0129258107269425
16 27 16 12 60769 1.0148707429800334
29 2 27 17 63054 0.9399254959024169
6 11 0 26 72345 0.9776461516538832
4 18 25 13 80036 1.0514505680970498
3 2 13 24 97274 0.9044424322637977
10 11 21 15 44874 0.9543273434681273
28 23 4 28 111444 1.0991124499397238
25 12 14 16 41350 0.9298039250504004
10 13 26 9 74020 1.0370586751309943
0 22 24 10 104318 1.0348143419303482
21 4 16 9 27331 1.0807665738921393
29 2 19 29 100517 0.9842232764521384
9 5 19 7 38446 0.9964591202785366
11 16 29 1 93504 0.9299895540291204
21 29 24 2 94002 0.9508924400313242
3 21 12 18 36215 0.9419098990784038
2 28 24 0 152353 1.094437902596054
26 28 11 4 108541 0.9515674508005818
2 7 25 12 99907 1.081855129435821
20 25 1 16 84711 0.9977951088377179
16 1 3 15 79097 0.9473939015578275
2 19 22 6 99785 0.9659131709422857
3 19 26 28 97538 0.9758410801804068
18 26 24 1 86491 1.0940226751497335
17 13 11 17 30554 0.9298561147988884
0 11 10 7 54815 0.9249238784619325
6 20 15 21 31252 1.017366219389973
4 22 13 17 51470 1.0159036312067613
0 15 14 27 81733 1.0332340522154202
5 26 17 15 72623 1.0362542344499597
15 9 1 26 101581 0.9809875722510644
13 13 25 15 47974 1.0460137088922437
1 9 11 8 52972 0.9703567165833431
24 19 25 3 63836 0.9856823452323097
28 23 6 8 110399 1.0472785414760406
5 5 25 26 114340 0.928197347740662
2 25 19 3 112441 1.0375551603074293
2 20 20 28 73464 0.9140296037244656
22 2 22 12 43246 1.0990382726525827
3 1 21 11 75053 1.0756529235931154
25 20 11 4 77946 1.0303563227844046
17 27 7 0 113542 1.08491574113054
19 11 9 22 62852 1.0300311290852906
10 3 9 21 64819 1.0530525617873912
22 5 1 5 57536 0.9395906942790497
26 3 13 5 45187 1.0160292738122119
27 8 28 19 51658 1.0144300340986887
12 6 2 27 103045 1.0386622141313344
11 16 4 20 29989 1.0015472109842962
5 9 22 14 74177 0.9356358585343958
27 11 20 5 52389 1.0580758073563685
1 2 16 25 112499 1.0564218241263
15 5 22 21 65967 0.9340839566436204
14 1 2 19 90163 0.9039695247384016
26 22 20 14 43622 0.9488415688672176
10 28 23 20 67312 1.0443111522172521
21 15 16 26 42669 0.9929628011697242
22 25 0 3 110365 1.0832925334873664
26 4 6 7 61626 1.08052353834021
28 25 28 9 84056 1.0511087406904969
3 17 0 4 58919 0.9155765525758313
5 22 26 0 123537 0.9719621828948315
15 26 23 21 41299 0.9487353905092021
14 4 2 3 30579 0.9968841405273046
11 21 19 27 43851 1.064952690021284
22 25 9 19 54188 1.0436767311050703
22 26 5 19 68915 0.9032236817931669
16 0 17 25 86722 0.9925275226519474
24 16 4 6 87659 1.0222081975128778
26 28 17 3 94889 1.0463043133419716
6 28 12 0 109403 0.9769360126527936
4 29 0 7 111601 1.072807550032733
17 13 29 7 71491 1.008848591493171
20 4 29 21 75535 1.0704976166577431
29 11 21 25 72370 1.030665822792302
18 16 24 29 52064 0.9348812956132281
14 3 6 19 69840 0.967101725444776
24 24 3 15 87446 0.9844483578943961
0 29 26 3 159998 0.9294090478053427
10 17 0 7 62584 0.9200596657559913
6 3 4 29 106677 1.070509836485175
4 17 21 11 64183 0.9455271721518643
11 1 6 14 51292 0.9831456337852248
14 26 22 8 74523 1.0452084933373327
15 18 3 19 46285 0.9832529593021059
8 3 10 22 70421 1.0094239817761526
13 22 1 6 89424 0.99826231023676
16 25 0 17 72751 0.9266293007803926
22 6 5 1 58810 1.0664057800568199
22 10 23 19 28723 1.088266173215924
17 2 23 22 69818 0.9264146086775471
2 13 20 11 70159 1.092494537985296
2 5 0 24 88320 0.9175503469256076
10 25 16 9 67807 1.066396802026255
25 15 23 7 37804 1.0124053366843742
21 29 15 16 51845 0.986410115064728
10 26 22 13 68723 0.9103208694880498
6 28 24 0 141458 0.9961551427361688
24 21 4 8 94644 1.038398805690667
14 25 20 12 62047 1.0955381395955057
17 20 6 16 42276 1.0970455698715058
14 22 28 24 71913 1.045562506967748
19 14 16 3 37398 1.0491283335516703
0 2 1 14 42030 0.9682287025688313
16 12 0 1 76089 0.9805026881953417
23 26 11 25 41384 1.0666610398708007
15 22 25 23 50728 1.0446971827854048
24 1 1 16 106722 0.9368937478462346
28 11 0 28 143077 1.05179220263564
20 6 1 7 69793 1.041486129927268
29 20 25 13 39458 0.9368997537332711
5 8 5 25 71909 0.9060001209992007
14 9 12 23 65134 0.9850810063994508
14 3 26 12 62746 0.9777846183120041
18 24 18 2 73516 0.9268436399167111
16 12 0 27 95805 1.0610891943021297
2 2 15 4 37900 0.99784793014728
5 8 15 6 52405 1.0599952725502588
14 6 24 18 73175 0.931468207588944
13 1 24 13 74444 1.023132698481327
29 15 2 18 91242 0.9539749273894619
4 6 20 9 70947 0.9290100373229052
1 27 17 4 121363 1.0502466964534198
3 26 25 19 89668 0.9107491971727526
11 28 3 14 62915 0.9586718059802944
17 3 23 9 40005 0.95945963562512
10 0 13 9 44204 0.9461224503594481
0 26 24 7 127433 0.9987944178295473
11 4 25 8 55821 0.972134431230333
8 22 20 10 67131 0.9364769463492277
14 19 1 18 44232 1.0580829135544865
26 8 7 21 92536 0.9971571435100869
16 19 0 16 61794 0.9324463717546407
8 1 14 14 55242 0.9048747784621901
10 22 26 16 59857 0.9977194021104281
3 21 18 10 76703 0.9677751399783697
17 16 22 1 56462 1.002108443791275
11 17 17 10 39217 1.0422611780256132
2 4 6 13 36436 0.9435010906397767
9 10 4 21 49091 0.9243589398171588
8 7 5 19 43371 1.0606243215546614
14 28 1 29 74691 0.9990930269728109
6 15 0 25 56953 0.933655499067152
7 21 0 5 70276 1.0223287192767434
17 20 14 3 67582 1.0991720490727686
19 0 17 22 73184 1.0153196318776865
2 14 28 17 80112 0.9353800613545906
7 3 24 23 97543 0.9849184897158909
22 11 17 16 25699 1.0706713329091615
14 28 26 16 69515 0.9981138472388524
8 18 24 20 52471 1.0200256678404935
20 14 18 25 39024 0.9813212706204276
12 13 19 29 65870 1.0560780932402505
19 12 28 23 63676 1.0528975657572215
18 7 22 28 64765 0.9303316748089029
25 28 24 8 78236 1.0199345439190453
20 27 13 14 55283 0.9670229823872709
24 23 11 15 58140 1.060564723877357
28 28 8 4 120102 1.0575984392992472
6 13 17 29 85257 1.0565119251467046
19 20 6 6 72909 0.9564969525377234
23 27 16 24 32293 0.9042790949279784
3 10 17 10 56206 0.9884222724099639
25 17 14 13 44597 1.0903989888674037
12 10 2 27 86856 0.9405792593271363
27 4 23 13 43920 1.054865728799779
12 8 5 20 58247 0.908218488030603
11 12 2 8 45901 0.9141548770215469
20 17 14 12 36685 0.9992078491214663
21 1 1 1 64400 0.9235890930489006
22 20 16 6 56976 0.9010810842140109
1 15 16 5 72499 0.9976809012517894
17 25 8 7 81282 0.9248434600484099
9 14 24 23 63779 0.9588405007764815
11 9 9 25 57877 0.9447277397608063
26 16 23 2 54381 1.0261050020247968
24 13 19 6 36974 1.0280055173140399
13 17 26 6 70645 1.0604839839292404
11 1 11 24 73363 1.0615919386901316
27 14 2 18 88280 1.0016153861083301
21 9 24 29 65332 1.0607664102084247
18 9 9 17 55297 1.0442127467003144
0 0 26 0 71723 1.0835604792590423
15 1 22 13 58338 1.0728573957041712
26 27 0 11 117954 1.0736172147664362
2 18 29 16 84629 0.9371574962429396
19 3 12 19 68730 1.0753808729411591
21 10 20 22 34633 0.9241068230021182
13 23 28 7 95241 1.0202011670527706
22 26 21 16 30640 1.0964040327997904
1 11 21 7 92125 0.9210834468138728
3 4 26 10 75689 0.9924595706579759
10 3 18 6 34528 0.9547733601660031
27 15 10 6 82535 1.0691456431749753
12 13 13 25 47811 1.0444254063968368
6 11 29 0 94645 0.9210580872874164
23 26 9 12 74294 0.9125251635926742
13 0 20 6 43321 1.0188779481405903
19 10 29 2 48489 0.9993762151057386
8 29 15 25 33917 0.90211501455007
11 12 25 13 55671 0.9593539668117942
26 5 6 23 110756 0.9779869990139844
10 13 5 21 45669 0.9649274448772273
29 27 25 20 43143 0.9865259290863809
4 6 17 17 76021 0.9391354688611324
23 13 0 17 88154 0.9356140768599669
9 0 22 22 92812 1.0169912452722474
9 12 29 25 88643 1.0733216124137195
16 22 9 29 52327 1.0755508401019587
17 7 23 1 34907 1.023334007247517
22 6 7 8 63097 0.9739937005296855
17 17 3 16 45626 1.037174171032794
16 19 1 21 49906 1.0763459733505187
3 15 10 10 38692 1.017738795376726
20 22 5 28 80223 1.0352617790928316
9 20 5 8 48356 1.0213927466297248
10 15 10 29 53932 0.9964871461309797
17 28 3 29 78922 0.9898047242381545
3 28 20 29 82375 1.0977130387332972
11 19 11 2 55730 0.9441412916842944
16 5 0 28 127100 1.0941743318948933
14 12 23 20 49554 1.0294013618381161
2 15 19 12 62653 0.9729337066249888
24 12 12 17 49816 1.0771013100316418
7 13 24 13 69455 0.9962054192932048
2 26 18 2 120000 0.9822697071859237
20 8 16 26 63317 1.0429411123201429
0 18 29 0 132690 0.9156745958887447
16 8 6 13 51083 0.9504549030829114
17 20 1 11 70419 0.9379715669462262
24 26 5 23 71839 0.9477142114763172
6 2 19 16 67295 0.966219866067074
14 23 2 27 56205 1.0602655116332413
11 4 14 28 89432 0.974204759426301
17 15 3 17 51731 0.9390977940596481
12 23 6 18 37621 0.9961014402472658
26 2 12 22 96730 1.0383281350167917
25 16 3 1 93513 0.9877426492644765
23 2 5 4 49592 0.9920889708375218
12 17 27 21 61741 0.9077850181218771
16 20 13 7 61578 1.0528841261677595
28 7 5 1 80214 1.0016956675366608
15 6 9 2 31467 0.9497149182619494
13 9 5 7 47853 1.0898719661262362
17 26 4 20 57683 1.0038572018829823
29 23 23 15 50212 0.9457679019172514
3 11 14 8 61241 0.9743705810939508
10 13 7 29 65897 0.9554737530913174
9 18 21 28 66336 0.9117727164001299
3 27 20 22 79145 1.056378968262051
6 7 22 24 88708 1.0486558446223015
14 7 22 1 47747 0.9780649451598056
24 6 15 4 34515 1.0723043635761784
2 28 19 11 104884 0.9090116286620541
24 20 4 8 91983 0.9880144665598994
3 19 14 3 80150 0.94601669151398
14 3 23 18 67763 1.0050833486099924
6 24 8 15 37389 1.0496071570866636
11 12 3 0 57161 0.9920147882490951
22 19 2 16 65906 1.087195006705681
29 17 11 18 62717 0.9365702122252331
12 17 22 12 40880 1.018283795930311
25 25 17 0 90220 0.9657478039912613
3 7 26 23 121249 1.083216662854476
0 1 10 3 35519 1.0826672931801322
4 0 27 10 90932 0.9395207172760631
12 9 9 16 32936 0.912569272679508
29 23 21 19 41887 0.9175789819762918
20 21 9 26 53394 0.9917167064061106
22 12 13 3 54088 0.9450390539142925
19 12 15 18 30593 0.960772475543777
8 3 19 21 75556 0.9294052774341577
13 0 10 27 96947 0.9968315694425318
9 1 19 13 60650 0.9084803319074897
3 19 20 25 69767 0.9919966047292822
28 12 29 1 50524 0.9466130936263777
7 18 29 10 100910 0.9088549679179674
14 11 5 1 63062 0.956167930660036
19 12 1 14 58836 0.9907263489543504
5 23 7 9 59964 1.0136107485815282
29 3 6 15 101413 0.9921480558483621
20 18 28 2 71922 1.0348657576845244
29 11 15 13 72244 1.0046248710027819
21 9 11 10 44574 0.9159450517000468
21 26 28 13 63404 1.0563518691632403
29 19 2 21 84628 1.0714680859616363
28 0 6 26 139171 1.052507131831196
24 27 2 4 115071 1.024768991129118
19 21 27 7 64913 0.9265792101818904
11 13 4 0 56025 1.0640381382786508
19 8 10 12 43886 1.0311569564004652
13 28 24 9 91641 1.093314728950162
28 2 7 8 76666 0.9321286118122664
21 0 12 2 31792 1.035918784302205
0 14 22 15 64487 0.9903934209321724
9 10 16 21 55732 0.9605398866941526
28 7 4 10 96982 0.9170093912789612
18 11 23 4 35045 1.0104549809319772
28 16 10 25 76420 1.090083107875133
1 18 8 14 30370 1.0816185821204884
22 24 4 0 106658 0.9983884637182716
24 14 13 15 41218 0.974627215940571
10 5 18 8 39426 0.9001020863817578
25 1 6 3 60204 0.9043205373739206
29 0 8 25 133077 1.0094684864833785
8 21 9 11 35597 1.0841930232695955
11 4 16 23 77582 0.914724453392199
21 19 7 3 78547 0.9042147285822612
10 20 1 22 33558 0.9120635472560543
28 15 20 17 32434 0.9549609384421431
5 23 17 16 60822 1.0042629691838256
6 6 20 28 101287 0.9928649052490853
4 28 5 14 72598 0.9775208080857156
14 8 27 28 106762 1.068098975223999
22 15 15 20 31555 0.9096265813924761
16 5 19 15 38457 1.088566357843208
17 20 0 1 99515 1.0711025425721927
14 20 8 12 38845 0.9274020317206323
19 25 0 23 75456 1.0690767519732491
2 14 26 19 79220 1.0976925217597426
7 11 8 24 46055 1.094667768287254
11 15 29 8 86887 1.058875864686892
5 15 9 29 60902 0.9637169275254842
1 11 18 6 80234 0.9199332873028772
20 4 9 27 98221 1.0551628538678859
20 20 14 3 62709 0.976627851259198
28 24 18 2 100804 0.941802124876312
6 7 22 10 69064 1.068279497540951
10 23 0 3 86094 0.9935098478865841
20 10 10 18 57995 0.9225458565302912
16 26 4 14 69638 1.0681034460300793
14 5 8 0 36430 1.071401569369447
11 18 8 27 36132 1.0850412796277789
6 25 23 1 117355 1.0852801146553923
24 0 5 9 80572 1.0450702417106423
20 2 28 20 76359 0.9423268330891134
9 28 21 9 91222 0.9814660208073379
0 14 24 18 74701 1.0582273194856386
10 22 1 14 50209 0.9483488829627832
17 16 28 22 50386 1.0108041270068
17 1 0 10 67820 1.017897180603038
2 20 21 11 70090 0.9215038794202746
19 3 9 3 33232 0.9624620066991249
22 18 26 8 43483 1.0494116079738092
16 10 22 1 44628 0.9429044317320158
2 23 17 5 96167 1.003268370222681
12 16 28 29 89761 0.9058416688281187
11 0 5 28 113333 0.9454950353945368
14 9 5 18 61460 0.9822582643718936
23 11 2 23 94186 1.026949163303453
13 1 2 7 49655 0.9406590939195367
2 23 15 23 48988 1.0836075929461428
4 23 0 29 45194 0.9908191796427978
13 18 13 0 72704 0.9856203835491509
24 27 11 13 71814 0.9437200929287433
15 0 11 14 55357 1.0882914355102116
13 2 5 18 70882 0.9587615117789163
9 9 26 10 75216 0.9380696748214187
5 19 1 1 70936 0.969115486291295
8 3 21 16 66188 1.048874524652245
4 23 24 9 103156 0.9423619894753701
10 11 27 21 75512 0.9392928673672736
18 9 16 26 61470 0.9454459971275225
18 5 1 11 76233 1.0771814706854546
14 5 5 21 83147 0.969271725629131
16 15 7 8 50339 1.0886926224120477
29 7 15 28 111937 0.9683282536910429
10 12 26 26 80965 0.961474239511545
2 20 9 4 64732 1.0820922321707342
8 5 3 0 28093 1.0342165460653747
28 0 22 13 65485 1.062846408975632
15 6 24 18 67350 1.0930784111018421
27 25 27 5 86148 1.08530950584667
2 24 12 7 86261 1.0218921691770038
28 6 18 14 67408 1.059044468086593
17 17 15 6 48760 1.0134521044488312
27 13 0 24 114819 1.0293231677795478
28 1 0 4 83767 0.9012484791311316
18 5 6 6 42942 1.0462288209282602
0 22 12 22 52057 1.0664117587396174
28 9 7 25 114760 1.0879883760732505
2 13 29 23 108431 1.0290901275428566
5 12 24 17 65235 0.9204951792668519
21 13 14 26 53256 0.9690240445273026
17 26 24 29 29331 1.0862702925125565
11 27 29 16 82075 0.9009681651477325
5 25 23 7 104330 0.9230356688395457
20 25 7 4 92835 1.0247406211185413
23 22 26 4 65597 1.0895067518322066
16 10 5 4 47787 0.9269967042221894
29 24 11 28 74562 0.9035718942038057
2 2 21 28 118448 1.009398774430106
8 18 22 14 51746 1.097477364137907
1 10 2 20 45331 1.0737387709695119
3 3 2 19 67525 0.9856624154223874
26 23 12 18 65676 1.0512903002328997
2 0 15 8 63707 1.096988887561678
16 7 14 21 60066 0.9150294537746092
12 23 5 18 42202 1.0347015986326948
26 21 5 10 90385 1.0627408814350954
19 14 0 0 83969 0.9918983093403905
25 12 7 15 70037 0.9201093999526476
21 18 28 29 59694 1.0339773256888625
10 23 22 24 54083 0.9546719693145391
22 21 10 27 60949 1.0349494934920291
25 3 19 11 38554 1.0065836187532062
15 15 23 20 33283 0.9514693253612412
10 23 21 13 57819 1.021240082601883
11 7 29 12 88687 0.9888991350522031
29 18 27 7 55716 1.0518708475656537
10 9 23 21 70236 1.0447264910834497
16 8 7 24 77964 1.076133802029527
5 12 11 28 65691 0.9769856494059913
25 11 22 3 44194 1.0004738248335914
15 3 7 10 48642 0.9458162264300153
27 18 18 0 84589 0.9240598705520069
11 28 19 25 35538 1.0109481372816485
24 12 12 24 72854 0.9195349461139652
15 11 28 13 68080 1.0205046814375573
9 10 20 4 50470 1.091313310912838
18 22 27 3 82877 1.025156160024598
11 4 21 29 94000 1.0777155018245006
4 18 29 20 82739 1.0658671108151125
13 0 11 9 34787 1.0739942586083049
5 13 10 4 41438 1.0476894231461844
24 3 29 16 60676 0.9486053852983927
12 9 23 13 57243 0.9830517476248648
26 2 10 21 97491 1.0262289843669758
11 27 14 20 31756 1.0062512598524223
26 3 28 29 112961 0.964911098179233
13 11 23 12 49472 1.0883918064919091
9 17 5 7 44805 0.923559812378205
10 6 10 26 71322 0.9496105489815905
1 5 27 22 119461 0.9467573970987213
2 0 20 5 61235 1.0026135391420947
20 7 29 4 48030 1.0973455932605094
24 26 28 0 100289 0.9742813892745176
6 15 13 2 58454 1.0102059905321477
27 19 23 4 65015 1.0139962761772012
5 13 3 4 39601 1.0932631620164501
6 27 20 7 102063 1.0544054649173806
21 5 27 1 34944 0.9237373593991944
3 19 22 14 71002 1.0768086200427749
13 16 23 5 63753 1.0087527839699608
11 24 20 21 42911 0.9612586765539153
20 24 6 29 67593 1.0425405208352365
20 0 7 21 100558 1.0128085332722818
17 7 6 10 51560 0.9591421268971854
2 28 26 0 154099 0.928968020130097
20 11 0 26 105786 0.9324530589865755
15 2 20 18 57990 0.9180627316309705
6 20 14 26 43511 0.9051907261212798
22 17 16 1 60158 0.9279947232750385
0 12 0 27 79074 1.0600568144515998
10 11 13 29 69881 1.0346969626217581
18 4 12 23 78000 1.067841204902015
7 2 28 19 106247 0.9984202424708145
7 8 19 25 86225 0.9225765184432361
25 13 4 6 100359 1.0284673062502203
28 19 28 29 64944 1.0536677583660534
26 27 19 14 56475 1.0352956651163492
9 5 3 28 99083 1.0999052889360472
24 9 25 19 46729 0.9905993641211188
19 4 22 28 69081 0.9339785960919772
20 20 29 23 42960 0.9350348087859469
24 25 27 12 57174 0.9482440359359782
25 2 6 7 63004 1.000668347513753
17 3 23 12 45043 1.0161247633602444
7 21 4 11 48047 1.0410967244668783
0 15 11 4 60845 0.9167447004893314
20 2 4 14 77485 1.046593371116004
20 6 24 14 46164 1.0694583579527688
3 25 3 15 52775 1.0713181949933213
6 26 11 0 96914 0.9173041191589021
7 18 26 18 70658 1.0534520625515673
8 9 4 3 31870 1.0172033105184768
9 13 21 8 61872 1.01802402442666
6 22 7 12 41590 1.02774838478591
9 16 12 29 56120 1.0125430355167049
8 4 19 29 94295 0.9372557637559332
6 8 14 15 44900 0.9323896958011972
5 0 2 14 55070 0.9024561023477357
5 19 5 9 39329 0.9905739639046284
15 1 15 22 86267 1.070768124454162
3 7 18 24 105144 1.0080481754822233
0 6 11 5 34303 0.9585196331819479
22 17 4 21 64868 1.0807012464247838
0 9 24 22 103504 1.0793357632084795
13 21 25 8 76933 1.07645141820747
10 29 27 18 92328 0.9107782468356063
22 8 17 28 73052 1.0613358480377284
20 8 28 19 58647 0.9912653088506383
7 7 23 16 71711 0.963951713203873
8 16 17 15 33276 1.07436192101453
12 29 15 20 47580 0.9248938094816651
10 11 29 8 94329 1.0540766652646836
27 24 21 17 45971 1.0729989453726967
18 19 0 15 70829 1.0721432660139083
18 27 2 12 92491 0.9932260221843765
1 5 0 27 105891 0.9170502879433423
21 20 16 25 34419 0.9966898773694883
20 25 4 18 74640 0.9573824452313537
8 19 7 10 28863 0.9672730533443181
6 14 25 21 71158 1.0724656892765065
5 26 4 11 73169 0.9993479310028164
2 26 26 18 98521 0.9041957678135556
0 26 8 2 103389 1.0476039604899792
22 21 14 26 39392 0.9676330279907975
29 4 4 27 146065 1.0948876682407447
2 25 23 22 81475 1.0984144631613122
17 2 18 28 80806 0.9946887435312775
2 15 24 14 71193 1.011197728597058
24 19 2 3 97780 1.0737208806176612
0 14 18 28 93880 0.9844663151768613
12 29 14 9 87762 0.993424932591922
28 21 28 9 63856 1.0064072283020487
24 6 17 28 89489 0.9568600652228907
28 0 24 23 87474 1.0707989241213292
1 12 7 2 49579 1.079220444848157
11 14 29 21 68083 0.9551849164115378
11 6 21 2 38974 0.9685585559924257
28 27 29 7 102690 0.9895227963030713
13 10 25 25 77391 1.0878115625263791
25 3 12 10 62433 0.9152977576224316
18 19 4 14 56579 0.908905253924219
9 29 19 7 94905 1.0825367790573606
22 26 22 16 31027 1.0769567808279468
22 26 6 9 88491 0.9590589671458138
22 4 6 18 79486 1.0239160711196957
18 0 26 7 43029 1.0423061424965483
1 23 23 11 97624 0.994598134479693
15 12 24 15 40280 1.0388787967568405
24 7 12 18 72366 1.0195451115199288
16 27 26 7 87505 0.9824695355374361
22 8 29 24 82461 1.0592864127793291
13 4 21 23 69467 1.0959429542283925
16 9 7 24 74896 1.0266929655999708
20 27 28 5 92003 0.9622447427298992
28 10 16 11 56052 0.9113975013476342
25 7 11 28 105051 0.9211671033831562
22 22 25 0 80678 1.011162138259234
24 28 5 1 119852 1.0231204961284406
6 9 14 17 53632 0.980326596168443
23 20 26 10 39801 0.9483748749626915
20 5 20 23 55813 1.0402233773323148
5 17 20 29 87071 1.0592857954498895
17 6 21 0 28556 0.926994507817121
19 13 10 20 42982 0.9082809370716117
14 17 27 11 61346 0.9172745347267001
4 2 6 11 33549 0.9079717705642526
26 29 9 19 86508 0.9027959347165968
13 12 4 25 70573 0.9043729956076054
24 26 2 15 94120 1.0942912145189831
28 1 17 23 95880 0.9099709543470851
1 3 1 27 110366 0.9060278974251819
16 14 17 24 41381 1.0896127218129195
10 11 15 18 44959 0.9168363161347088
1 26 21 8 112084 1.057550987050616
13 27 11 9 63122 1.0623164250752442
9 4 22 28 94049 1.0610017310848623
8 0 18 27 108539 0.9962741280535978
7 11 25 6 87448 0.9094984962890372
7 18 22 14 59537 0.9417529693244533
17 4 9 18 66372 1.049250221249487
19 3 28 7 42595 1.0314515783368259
1 27 12 12 85767 0.9492875542512937
7 5 13 22 70753 1.0430936788380656
23 19 6 17 62623 0.939799185097429
9 22 25 12 76925 1.0154701266130852
2 18 14 19 41897 0.9318662768710049
12 2 16 20 74758 1.0975689746710076
21 17 8 27 65679 0.9246371913052271
28 25 7 28 80776 0.9264898493343187
7 14 23 9 67238 1.0732060230963296
0 2 8 15 57506 0.9566642555690333
11 22 20 17 41827 0.9776729323877347
10 0 23 7 59432 1.0034916845782378
5 6 12 11 45448 0.9067135241530297
24 29 6 17 89674 0.9290823040819675
22 12 19 26 43127 1.0208178764077265
26 1 20 24 87116 1.065562025114119
11 18 26 2 87617 0.9688547414242021
26 4 12 12 71334 0.9217538939317156
21 16 27 3 59857 0.9815961233947491
23 17 29 26 46982 1.0120481425872536
12 25 27 28 62375 1.0502593031721013
8 16 25 12 62943 0.9070220951709025
13 24 15 15 51887 1.080510704811015
0 11 21 0 86337 1.0235715200021285
28 21 17 11 61025 0.9592186915721621
20 26 13 7 82276 1.016562703679566
27 17 13 11 64630 0.9680203957085907
26 24 6 3 112668 1.0003369929477106
3 11 14 22 70074 0.9769135917888829
27 27 19 14 60215 0.9084940534008853
13 19 24 28 60930 1.0939080871597884
12 26 5 0 97820 0.9500902544987238
25 26 20 11 59776 0.9280375766011678
2 19 27 1 122554 0.9127106601563207
17 3 22 12 40132 0.9805143223686785
16 22 3 9 83499 1.0195739286128072
28 19 29 2 72461 1.0906337780472937
3 7 14 14 58704 1.0493330515406303
11 21 23 0 96089 0.912148295361604
29 4 10 15 90274 0.9276763541564558
11 21 0 28 60582 1.0203221883292546
13 26 3 9 84966 1.0013098321213478
14 10 14 21 56350 0.9513715075256599
11 1 20 10 50354 1.0173529870968623
18 25 21 15 36421 0.9803460831387257
1 22 14 18 53916 0.9168503353871169
0 23 18 15 80461 1.013829002890543
11 25 21 4 83786 1.0981376142960508
20 1 2 13 87083 1.0135761364617388
24 14 11 15 45248 0.9495228698590042
13 20 1 21 36911 0.949925363735216
12 8 29 6 77210 0.9335105887049228
19 4 14 28 84550 1.0949590306406407
16 26 15 12 61107 0.9293039731704398
28 19 10 9 82593 0.9430774458055312
15 20 5 12 50405 1.0147076831483932
5 29 15 8 110052 1.0754450520497354
1 20 11 14 49189 0.9034549711171682
6 20 28 19 67675 1.0821698072234192
11 2 2 3 30408 0.9387889126204247
5 12 9 2 41159 1.0181400843313904
24 21 8 11 68914 0.9688133405095939
23 10 26 24 61066 0.915509813441715
9 28 11 20 35540 1.013073702603395
25 22 16 20 34809 0.9144820004147276
15 8 27 0 61889 0.928600639824599
27 2 11 11 72851 0.9189967798864679
28 11 19 14 51348 1.0352439157978957
3 20 24 26 76674 1.0773978312498669
21 13 8 18 50281 0.9315626206597534
2 13 9 23 49204 1.045004323240526
8 15 2 6 48885 1.0961345613332356
21 17 9 0 78880 1.0505447895235724
