3230 3784 3836 3766 3320 3005 3139 7079 6370 6129 6572 6889 6208 7187 7014 6868 6913 6241 6634 6246 6316 6855 6614 6341 6207 6490 6207 6362 6767
4453 5352 4491 4347 5229 4575 4541 5196 4534 5308 4935 5313 4375 4563 4962 5037 5116 5294 4184 4506 4183 5262 1694 2136 1364 2025 1309 2115 1387
5476 4881 5546 5571 4798 4904 4782 5041 5544 5297 4796 5355 5390 4740 4855 4981 6412 6633 6308 6806 5976 5972 5819 6012 6215 5952 6773 6345 6653
1780 1661 2434 1666 2193 1978 1656 2792 2324 2790 2357 1708 2730 1788 1791 1749 2045 1883 2324 2208 2796 2640 2212 2582 4468 3955 4006 3833 3846
5549 5854 5956 5538 5646 5526 6332 5717 5377 6214 6433 6255 5718 4058 4971 4434 4320 4245 4682 4201 4499 4221 4602 4720 4227 4264 5090 4286 4724
2568 3136 2617 3165 2664 2655 3169 2600 2431 3035 3035 2700 3475 3136 3017 3333 3248 2587 3330 3179 3278 3424 2614 2377 4810 4297 3963 3974 4552
7227 7280 7556 7159 7137 7136 6605 6779 6813 6700 6436 4592 5009 5297 5512 4464 4954 5554 5394 5118 4977 4737 4699 4702 5422 5369 5359 4567 4923
8073 7926 8041 8876 8151 8100 8794 8572 7928 8378 5914 6531 5625 6484 6068 6482 5995 5674 5485 5874 6542 5688 6609 5839 5988 6547 6475 5855 6023
4685 4408 4260 4073 5207 4339 4530 4826 4723 4860 4202 4918 4142 4355 4856 5180 5115 3245 2486 2669 2519 2642 2716 3226 3223 2403 2561 2225 2852
8161 8212 8156 7971 8017 8113 8435 7594 8552 7556 7573 8129 7941 8472 8499 8259 8356 8093 8368 7884 3139 3425 3149 3120 3781 3956 3688 3697 3720
3876 4544 4512 3856 3713 4268 3696 4304 4427 4264 3729 3837 4652 4116 4230 3741 4688 4077 4554 3952 4365 4075 4272 4280 4588 4109 2890 3156 2582
3585 3070 3899 3184 3041 3760 3189 3008 3994 3241 3803 3908 3466 3546 3759 3256 3508 3755 3914 5120 5491 4932 5512 4681 4756 4876 4951 4493 4504
1548 1810 2043 1831 1963 1975 2226 2038 1624 1514 2411 2843 3336 3052 3517 2873 2628 2961 3231 2446 2779 2500 2601 2932 2824 2673 3480 2923 2701
5644 4766 5188 4911 4974 4971 5696 5111 4904 5721 5610 5151 5680 4861 5082 5235 4846 4744 4840 4749 5282 5007 5713 5077 5729 4752 5519 5438 5789
8543 8264 7862 7944 7946 7457 7925 8395 7735 7880 7930 7582 8276 7456 7633 8016 7996 7407 8453 7860 7597 8261 7446 4442 5165 4980 5059 4508 5082
1988 2267 2564 1970 1845 2437 1927 2705 2247 2763 3826 3908 3494 3930 4518 3843 4586 4375 4226 3660 4286 4255 3577 3633 4525 3470 3948 4457 3587
4060 3782 3840 4371 3790 3867 7077 6751 7571 6857 6914 7105 7519 7251 7333 7698 6591 7539 6591 7006 7625 6819 7433 7732 6724 7265 7599 7368 6602
5612 5360 5115 5343 5111 4894 5133 5123 5602 5661 5716 5243 5439 5790 5331 5188 5868 5332 5689 4771 5058 5352 4838 5577 5289 5189 3656 4124 3339
7802 6942 7003 7671 7824 7557 7602 7222 7556 6192 6125 5585 5441 5808 5806 5168 5368 6034 6105 5985 5839 5493 5902 5213 5516 5051 5502 5176 5439
5110 4575 4658 4781 7305 7125 7278 6799 7242 6772 6324 6422 6881 6838 6797 6879 6584 6285 6838 6955 6584 6300 7187 6661 7142 6882 6276 7206 6514
1385 2533 1586 2409 2045 2328 2132 1829 2374 2008 2042 1757 2014 1474 2355 1863 2373 8004 7634 7909 7260 7380 7178 7910 7752 8009 7632 7396 7647
3488 2739 3264 3028 3217 3201 3876 3144 2909 3322 3261 2892 3360 3202 3266 2969 2720 3377 3596 3089 3814 3649 3377 2812 2930 3374 2978 3179 7969
1349 1764 1245 1861 1973 1103 2051 1034 1424 1088 1343 1915 2198 1797 1640 1432 1407 1041 2000 1159 1165 8337 7896 8398 7876 7802 8107 8588 8610
5996 2474 3377 2820 2505 3356 2452 2225 3097 2766 2516 3222 2707 2979 2615 2337 2561 2640 2796 3198 3304 3069 2355 2584 2410 3100 2989 2729 3378
7384 6730 7055 7815 7246 7760 7830 7828 6796 7575 6733 4748 3992 3876 4198 4718 4359 4551 4818 3997 3770 4011 4153 4406 4254 4187 4485 4254 4002
8187 7907 7393 7515 7536 7564 3295 2781 2497 3657 3518 2973 2593 2776 3603 2509 3184 2781 2652 3331 2967 3072 2747 2929 2896 3183 2899 2695 3478
4310 5426 4439 4362 4434 5135 5044 5379 4711 4824 4882 4896 5468 5089 4655 4635 5088 4899 5107 4458 4945 5426 4659 6739 6796 7581 6526 7358 7195
5859 4867 5601 5710 5514 5158 5110 5378 4760 5618 4888 5700 5278 5473 5728 5770 5835 5428 5882 5463 5222 5030 5441 5275 5438 5564 5726 5510 5919
7044 6265 6628 6214 6261 6989 7037 6684 6200 6377 6162 6202 6104 6515 7084 2410 1709 2248 2523 1973 2543 1674 1685 1770 2538 2164 2552 1688 2095
6998 6387 7029 7140 6528 7249 6388 7174 6380 7442 6986 6315 7100 7329 6437 6562 5667 6096 5135 5146 4981 5378 5097 4957 5014 5420 4917 5333 5830
2944 6686 7766 3586 4080 3889 6685 3971 2853 4440 3858 2619 8205 5044 7660 3891 3484 6175 4279 4928 4184 4116 3520 7760 4295 1906 4824 8864 4726 2892
3367 6540 8304 3607 4515 4252 6905 3794 3456 4419 4324 2846 8118 4292 7212 3046 3799 5769 4146 4588 3418 3364 3193 7924 3950 1870 4325 8789 4628 2678
3193 6481 7690 4488 3711 3694 7643 3848 2388 4966 4304 2734 7807 4869 7921 3186 3839 5745 4036 5714 3710 3198 2956 3213 4509 1456 4307 8408 4340 3079
3078 6895 7324 3810 4019 3648 7459 3970 2608 4493 4261 2731 8237 4571 7720 4043 1811 6003 4066 5309 3951 3343 2620 3602 4061 2384 4214 7828 4776 2905
2980 7163 8343 4474 3692 3977 7182 3843 2909 4836 4463 2167 8129 6887 7674 3565 2764 5974 4297 5111 3766 3282 3155 3189 1897 2528 4534 8701 4317 2831
3784 6800 8338 4108 4675 3695 7490 4155 3226 4466 4426 1997 7478 6746 6349 3633 2719 6153 3855 4984 4129 3813 6796 3591 2214 1657 2550 7994 4014 2878
3863 7070 7767 4401 4652 3671 6673 4049 3304 3623 3815 1865 8219 6999 6942 3221 2030 6337 3863 4663 3386 3934 7853 3030 1991 1453 2588 8655 3672 2418
3442 6403 8467 4759 4196 3866 6710 3347 2632 3145 3892 2833 7718 7018 6723 3187 2755 5487 4799 5271 3845 3117 7378 3984 1422 1655 1725 8123 4160 2188
5174 6267 7755 3673 4006 3963 6817 3558 3125 2995 3705 2271 8042 6945 6155 3514 2087 5491 4747 5691 3420 4100 7855 3983 1911 2306 2518 8032 4147 2409
5200 6780 8362 3667 3835 3606 7174 3746 2990 3209 3701 2962 7441 6400 6575 3727 2734 5390 4759 5359 3984 4087 7215 3688 2211 2571 1909 8727 4422 1975
4746 6828 8014 4394 4039 4045 7503 3222 2911 3496 3953 2326 8001 6800 7023 3189 2865 5598 4273 4907 4443 3363 7183 3198 1574 2348 2569 7805 3720 2223
5431 6627 8226 3666 3756 3554 7097 4034 2975 3256 3529 2240 8019 6625 6831 3155 1908 6309 4825 5665 3560 1894 7236 4005 2468 1919 2571 8391 4674 2841
5106 5950 6903 4244 4395 4432 7611 3329 2883 3970 3382 2563 7714 6942 7091 3251 2231 5939 4661 8537 4086 2352 7714 3406 2170 1452 2191 8476 4359 2541
4758 6328 7182 3735 4176 3795 7479 3863 5149 3439 3807 2577 7511 6545 7088 3230 2397 5324 3995 8286 4350 2285 7775 3443 2554 2441 1718 8530 4009 2745
5038 6562 7372 4417 2769 4133 6482 3554 5447 3071 4244 2000 7836 6837 6894 3166 2095 5658 4859 8026 4460 3017 7116 3720 2571 2245 2226 8758 3803 2179
4690 6913 7084 4348 3579 4580 7063 3758 5132 3642 3584 1819 7349 7036 6956 3890 2372 5592 4793 8196 3418 2391 7497 3133 1763 1662 1986 2523 4313 1915
4998 6553 7396 4235 2636 3530 7001 3418 5241 3523 4062 2784 7510 6988 7077 3220 2153 6054 4310 7888 4444 1866 7699 2851 1751 2428 2417 2801 3946 2287
4936 6210 7128 4601 3178 4458 7191 3917 5138 3428 3893 2560 7505 6529 6303 4034 2279 5706 4139 8151 3495 2196 7636 3140 1951 1535 2149 2634 3944 2972
4850 5941 7502 3933 2687 3694 6490 3523 4761 3373 3831 2582 8271 6985 6702 3805 1924 5732 4738 8192 3629 2443 7153 3058 1559 1891 1737 1950 3129 7404
5138 6891 7218 6355 2692 3970 6722 3527 5260 3019 3519 2791 7860 6329 6872 3398 2787 5830 3790 7628 4174 2764 7848 2915 1492 2132 1802 2557 3590 7030
5612 6935 6549 6545 3363 4526 7131 3152 5303 4047 4376 2505 7479 7264 6115 3946 2193 5689 4650 7782 3517 1860 7125 3674 2081 7259 2334 2351 3768 7235
4941 6317 6599 6013 3432 3789 6783 4072 5541 3991 3398 2129 8257 6912 7147 3062 2706 5948 4456 7435 4220 2162 7372 3817 2264 7901 1926 1784 3699 7453
5066 6871 6932 5843 3616 4183 6958 3178 4734 3796 4492 2367 7469 6599 7057 4058 2572 5605 4473 8471 3883 2359 7816 3468 2414 6997 1743 2097 3916 6692
4627 5963 7256 6274 2594 3819 6759 3929 4799 3614 3804 2881 7931 7331 6331 3348 2585 5343 1848 7908 4202 1873 7246 3106 1478 7530 1991 2075 3085 6872
4775 5992 7369 6330 3220 3725 7535 7152 5362 2968 4099 2401 6512 6472 6796 3894 1764 5363 2536 8145 4593 2045 7876 3983 1643 7131 1711 2732 3618 7614
5630 6282 7047 6682 3356 3820 7048 6758 5342 3382 7913 2281 6042 6944 7026 4090 2908 3261 2517 7960 3572 2659 7596 3019 1507 7641 2556 2248 4036 7085
5356 6989 6607 6281 3113 4115 6048 6708 5178 3615 7130 2310 5593 6471 6373 6897 2668 3654 1543 8075 4476 2499 7061 3676 1880 6933 2768 2837 3492 6553
5056 5834 7527 6629 3609 3030 5712 6834 5411 4087 7001 2585 5531 6366 7207 7498 1822 3640 2579 8260 4113 2214 6862 3987 1713 7834 2058 2206 3851 6863
4813 5970 6764 6178 3594 3798 6133 6784 5225 3522 7068 2093 5587 6713 6162 7590 2770 3651 1519 7782 4032 2516 7873 3226 1847 7675 2689 1937 4108 7191
17 29 18 3 81416 0.9266090975795871
3 3 12 26 71458 0.9018751299525982
21 20 0 23 67194 1.0241365643521125
23 9 10 2 58691 0.9518116913053067
14 15 7 9 39255 0.9038737162691642
5 25 1 7 55741 0.9773675792325512
23 8 14 20 48771 0.9433713357710111
5 18 29 22 72877 1.026812846367219
16 10 2 9 46055 1.0699472875573126
12 29 24 26 33324 1.07097545522703
14 3 0 12 60041 1.051534518766364
11 10 11 28 60213 0.9288965687727926
20 14 9 9 38807 0.9102947692700479
8 23 29 17 60248 1.086905640655005
20 16 6 14 42593 0.939514369096573
28 27 13 13 68698 0.9514825777809398
2 24 17 12 71343 1.07949329099341
11 8 18 22 57790 1.0828489955663274
26 5 1 10 79807 0.969457927489998
13 9 7 16 35865 1.0081070084535442
29 16 15 6 56709 1.0547354292943694
22 4 4 6 70773 1.0409363575520645
11 0 0 7 57248 1.0816220095010436
17 7 25 2 47656 1.0307625707856147
29 7 0 2 119944 0.9959880519913142
14 8 17 18 49701 0.9006191276194784
2 12 9 21 47740 1.0235251356715935
21 5 14 17 47319 1.014600569317707
27 4 0 9 90589 1.0796439012883472
7 17 1 24 39194 0.9099559979706078
1 6 3 27 63331 0.9303080674391677
4 1 25 11 82097 1.01943554746076
22 22 27 6 56954 1.0959139907852589
5 6 17 29 92514 1.0345372708107974
21 4 25 27 51668 0.9003472618115623
14 0 22 15 52960 1.0094310946989595
16 20 19 10 46804 0.9867755331294648
9 9 17 14 42101 0.9698758174021278
10 13 18 3 52751 1.0266438599487628
7 7 25 28 90630 1.0761505895299095
27 23 13 24 32183 1.0951814698110434
16 28 1 9 87087 0.9409794179106079
2 11 23 23 71865 1.0940484038054101
0 22 19 12 78030 1.0134653885147795
9 18 14 3 57385 1.0495382276670162
22 18 7 27 56206 1.0159456995451566
17 15 11 22 37307 1.067120952735408
27 10 5 17 69593 0.9718711064197596
4 27 9 15 53182 1.0679682944041382
29 1 20 6 54826 0.9725156434953315
2 16 16 9 52368 0.9829250574292918
4 19 13 20 38820 1.0122960392103806
20 13 5 13 46116 0.9534632751114793
17 5 3 5 54495 0.9581168186457859
8 8 27 11 54100 1.0365773302650632
6 18 19 24 47403 0.9961463099916849
16 21 3 29 52726 1.0002531073843839
20 17 14 22 41004 0.9446523473197665
28 25 9 0 97550 0.9175149909103216
21 5 9 12 51799 0.9026455680354128
5 28 10 18 45986 0.9609226840479371
17 12 5 0 64555 0.9065254989861181
9 2 29 2 91892 0.9978936673588492
12 3 9 27 69515 1.0309232066124336
14 5 15 25 66676 0.9173351569577277
4 18 14 1 70865 0.9857764272166777
7 2 3 12 44298 0.9492192803546275
7 5 29 7 95704 0.990200462518636
25 21 0 14 76745 1.0775848492993938
9 12 17 27 70561 0.9544131454386356
18 26 28 7 76592 1.0176761632973346
21 25 22 8 34539 1.072625468502272
24 3 5 6 76635 1.0901249449939132
28 29 27 11 53605 1.0099499338777642
21 23 20 11 29576 0.9595845667703182
4 16 4 0 38286 1.0595252105627853
15 9 1 10 45636 0.9059032461284222
8 21 0 6 62894 0.9012354810588344
26 27 1 9 99312 0.9798853265378697
26 1 22 14 42939 1.0774169119541055
21 12 1 8 59780 0.9782121154715684
2 8 23 24 80634 0.9457759295560952
3 27 11 14 57899 1.0941417946420635
18 3 28 14 61012 1.000726445553168
4 5 16 4 47259 1.017311236905383
27 11 7 28 80622 1.059948923845902
5 3 21 2 66266 0.997679389777251
24 13 5 12 57492 1.063731720719363
27 17 5 5 83731 0.9270129943537099
20 10 15 20 39867 1.0928871600397685
4 27 16 15 64568 0.9451384575914505
20 11 2 11 43802 0.9368465655914924
27 22 13 8 64961 1.0215478621640428
22 11 27 29 52242 1.0503158599312554
16 8 1 24 76141 1.003302635467739
24 17 6 1 94609 0.9406210050525293
28 18 7 12 70399 1.0483501337690204
0 15 25 28 87333 1.0861786505474116
17 4 25 15 43780 0.9669763889399255
20 24 2 25 38331 0.9005553237865184
3 3 16 14 64576 1.022187521359687
2 13 12 25 51460 1.0484894040888668
6 13 16 16 38747 1.0085117021852792
13 18 10 1 58569 1.0374519252039334
22 16 7 15 41098 1.0961492474673546
12 29 8 14 56309 0.9170208052763377
7 5 15 12 41870 0.9591146980554739
22 28 3 29 55804 0.9002174675972616
18 10 6 27 81589 1.0269230102542615
21 19 5 18 53057 0.9222536977723024
7 24 18 13 61973 0.9631039743100798
23 15 2 1 85642 0.9925087272326213
13 16 26 25 49469 0.9248113168563747
6 4 27 7 88994 0.9800545718328127
9 4 11 24 65548 0.969374424517771
8 7 28 19 75817 1.0689532652772598
15 29 28 5 88136 1.0718060555296467
5 12 25 18 63791 0.9649587135436111
9 6 27 29 102176 1.0162469283216626
15 29 20 20 46816 0.9293027462466212
24 24 23 7 35666 0.9273386884040389
3 27 8 5 73529 1.0115470037580385
7 3 22 17 70440 1.0368451702429826
14 22 25 4 62160 0.9979854035577376
17 22 16 5 64325 1.0905892428370885
0 15 5 27 48202 1.0502417465200513
16 12 12 0 37047 1.0047113135680679
18 28 4 29 38713 1.0793768530381533
17 1 26 17 63534 0.9448515254026747
24 20 13 1 72369 1.0125773481756943
8 25 8 6 74107 1.0285841063928123
6 26 24 29 48914 1.0976189483876684
26 26 11 11 64427 1.0724762876140508
14 14 10 8 34845 0.9062835063323058
7 26 24 3 83887 0.9089817138828992
22 25 18 7 54691 1.0483794867896057
27 28 10 26 44193 1.0697355899718068
23 23 22 1 38423 1.0001717542627766
24 4 29 12 39459 0.9974904343096553
7 12 12 4 32914 0.9608564036757254
21 14 4 7 62474 0.95065495054747
12 28 25 21 46011 0.9711475719841691
28 13 6 21 80931 0.9658549948455892
27 26 25 0 71348 0.9638421081984666
18 12 18 0 43617 0.9933841950428994
29 25 12 5 77301 1.0308136181679441
24 0 26 10 40740 1.029014545881866
27 23 29 9 61960 0.9572061657559955
16 9 0 22 72094 0.9034123547739198
2 4 21 21 83311 0.9707992857260701
0 8 18 2 76527 1.0895436850923093
28 16 3 10 71252 0.9311366899951841
4 27 20 21 55381 0.9408505848849791
10 19 28 1 98038 1.0656462348234592
27 8 7 1 94929 1.0655106541420416
25 21 18 25 27195 1.050606559040568
28 12 10 1 78035 0.9697263370371458
24 12 2 8 65557 1.026020085807909
7 5 6 27 78820 0.9871209578754957
28 21 17 12 47213 1.0318887621523185
12 26 7 19 32704 0.9257360828070681
4 10 16 7 46083 1.0626041893990608
15 19 25 29 52267 0.9340238499057384
27 14 17 3 59402 0.9429950090662538
27 22 15 7 60930 1.096390793038178
0 14 11 22 61430 0.9410484730341685
13 16 14 5 37867 1.0308113248171147
23 13 15 7 37007 0.9757811092280145
2 5 26 27 102371 1.0762986013904954
16 21 22 6 35985 1.029389753052987
29 0 20 12 57949 1.0131975829097333
16 24 6 10 67690 1.0732979891317573
2 7 8 1 39048 0.9303722607361404
2 9 16 21 65642 1.0084956624531654
7 7 23 7 57198 1.0622521056719376
8 7 22 24 74903 0.9673507544337854
27 8 21 24 52320 1.0952027245081108
1 1 0 19 65632 1.070072037859918
24 2 12 13 57574 0.9016742684268934
23 24 3 17 58964 0.9139547753269582
25 22 2 18 68895 1.021191655942352
23 14 8 10 49586 1.0635050963349835
18 19 11 7 58187 0.9876971126718155
23 27 22 16 25638 1.002858839980665
20 18 11 3 58764 0.9561813838713535
3 14 13 2 52146 0.9251830114739477
5 6 22 16 64056 0.9354553387706491
10 18 5 25 33752 0.9910401903719881
1 24 11 4 72540 1.054227866831192
13 2 12 13 30707 0.9726941856368198
1 5 20 5 72091 1.0686390225150475
16 29 9 18 53097 1.095095025924288
13 25 22 5 55605 1.0888744312384229
16 18 12 25 35476 1.0337669329692842
9 26 28 9 82085 1.0116035924809894
0 22 11 22 40829 0.9549733436635583
4 2 18 7 68699 1.0515957423013955
17 28 22 22 35667 0.9547861333252992
22 4 6 1 72279 0.930385511440029
29 17 15 2 64778 1.074058450663188
26 15 3 16 58330 1.0591656302250687
26 1 16 4 45001 1.0870592103979377
24 17 14 3 56468 0.9457097740857399
3 13 11 10 27393 0.9763725134993885
6 6 23 16 71923 1.012044114230808
20 14 8 11 34720 1.084157031657119
22 12 12 23 42276 0.9003524035353626
5 24 29 9 86852 1.0354333992619282
0 27 8 15 54696 0.9348502271964878
16 1 29 28 87389 1.0087844297164803
17 3 24 23 57354 1.003037236000447
26 19 14 1 72857 0.9433857497926258
3 25 1 9 47456 0.9068502024035022
11 10 1 29 64796 1.0520954224523331
25 4 12 25 67916 0.9377730991498204
6 28 2 12 59905 1.0169113780668415
26 28 5 6 100025 1.0285079582796923
7 28 0 21 38924 0.9680180878788022
18 21 8 20 30010 1.0782381449318292
0 10 29 21 91886 0.9312468545581338
18 28 6 12 84240 0.9692227702323281
16 10 3 27 76827 1.032783455636163
4 27 10 21 35562 1.0309988089408249
18 6 23 0 35346 0.9423009224666191
14 6 29 17 65781 1.0932969689149148
9 1 2 20 73666 1.0284722906142874
6 29 21 16 65404 0.9997828330064574
4 4 20 9 63501 1.0484520082844726
22 21 11 0 66478 1.0552869091142785
21 16 13 24 37200 1.074878107259762
2 1 2 18 46062 0.9063571401252853
22 21 17 27 29982 0.9372240337363714
7 26 14 19 42623 0.9667216032144692
0 2 4 11 36004 1.0456790031984455
19 11 6 1 68686 0.9819125869048022
17 23 12 11 51136 1.0980151035919008
25 28 26 14 46590 0.9207912043662044
17 23 4 3 86157 0.9891233690219994
9 12 29 16 66038 0.9919994130208981
15 20 2 14 55033 0.9291434050965774
6 6 19 16 67131 0.9627254563874189
10 29 23 13 66432 1.0776606323891897
28 25 9 7 79690 0.9125448225776654
13 29 8 24 25253 1.0462302583918823
24 23 3 29 62908 1.0105069731112593
12 27 29 4 87741 1.0725135896059859
3 3 15 25 74923 1.0380287081185833
14 9 8 5 30440 1.0513935110097496
23 25 12 9 56766 1.0091578560778924
19 13 2 2 78958 1.0183272807084258
23 27 12 21 38748 0.9023080783668971
1 24 14 25 27404 0.9723931714859347
8 7 4 25 62284 1.0415339453339683
5 29 6 13 61865 1.069017166067323
4 1 26 13 94607 0.9989533306831053
15 5 14 22 65261 0.9747052231200295
3 6 21 22 79078 1.0525580677291324
1 7 18 11 53600 1.0645800505545282
8 9 21 25 71875 1.0142275878165572
20 27 21 10 44128 1.0171589784423436
21 27 5 21 49241 0.9528472037944019
17 15 0 8 64043 1.0953988251361735
9 5 15 29 82758 1.0525631273968392
0 19 22 15 67464 1.0107048513024992
16 1 17 17 60265 1.0226275823004487
8 9 1 17 43175 1.0192838647486135
25 22 18 8 46182 1.0767911938174106
29 27 17 13 62749 0.9494794851215105
17 0 7 8 52103 1.0556933891275335
5 19 13 2 65848 1.0013846495637115
28 10 16 3 53362 1.0771488495494044
3 28 12 7 73697 0.9945384675425581
23 18 14 14 37977 0.9396781004584226
12 23 2 24 27190 1.073529035054065
22 26 12 27 23966 1.0083163675938691
22 25 0 7 98113 1.0762509250143344
17 22 1 14 65924 0.9257237766796308
13 18 1 14 44866 1.0841212102394642
16 3 10 10 35931 1.0271725212838763
4 20 18 18 58137 1.0133388780893333
8 0 22 29 113263 0.9723188212806988
8 1 15 22 81225 1.008856594624373
8 29 18 18 61029 1.0112683998470993
3 28 16 20 56249 0.9486317000836928
16 28 23 11 56173 1.0739524340627218
11 5 22 26 73026 0.9549402999099641
5 7 24 7 63901 1.014582626653901
22 6 29 15 39573 1.0303529755786758
14 13 24 22 50557 0.990914893188663
20 16 21 27 32953 0.9603816356355999
18 25 6 29 35554 0.9240285135234318
8 29 3 12 50934 1.0445614857665861
18 3 2 26 101420 1.0812884513804668
4 29 27 15 86251 1.0186007482994954
20 27 26 23 23577 0.930483882426917
0 24 16 13 75893 1.0664080128171223
0 25 27 25 60812 1.0952585490639726
19 1 2 0 80377 1.0666395412082763
13 13 23 26 58733 1.0518596408518621
28 14 19 19 45995 0.9861120107630096
28 24 16 12 56798 0.9230582133539349
7 3 13 12 43455 1.0237672669915057
7 4 22 20 72482 1.0394737394501243
26 17 5 12 65852 0.9138024424356658
21 6 6 25 72978 1.0435536634202034
27 25 17 9 56571 1.066279262338109
24 13 22 5 22031 1.0651925345532907
15 7 23 14 39986 1.0049146842343843
26 7 14 26 73417 0.9330121319622474
17 29 3 15 65740 0.933215037024136
18 28 15 15 60145 0.9880953043092497
19 28 26 11 57503 0.935810597726258
0 6 2 17 42571 1.0787454272697676
3 6 17 17 60474 0.9089445359065649
4 21 7 14 35159 0.9828417191914208
23 14 10 5 54972 0.9070126186919664
16 5 23 10 34943 1.0087371300979213
29 0 17 10 69232 1.0803500975249745
2 7 20 8 61603 1.0971467217689836
3 23 24 7 79973 1.099974389692669
5 17 29 23 70367 1.0422303904747159
28 16 11 14 46379 1.0595111004646456
10 12 25 12 43335 0.9644831584242037
7 26 26 24 42713 1.0076104492673905
13 19 27 21 42450 1.0727245890787587
21 11 11 15 35370 0.9782464003974742
13 21 27 15 46023 0.9696883133683497
15 2 12 26 72272 1.0156699921205632
29 2 1 0 121149 1.0601980401367856
14 12 16 0 40811 0.9743723355006241
9 1 19 28 107807 0.9834850593053683
25 17 22 3 30964 1.0998878110683799
26 14 29 27 39096 0.9013516941417798
3 19 16 4 65531 1.0290733981525257
24 2 2 26 101203 0.9893223804971369
11 22 29 13 73975 0.9717369846039232
1 19 17 13 65524 0.9412973594571667
11 10 2 11 25689 1.0847614110551005
6 13 19 18 57972 1.0748591054722503
8 6 21 27 87934 0.9751873588370509
0 14 18 1 97565 1.097820073617168
23 5 2 27 93117 1.0228516604214042
9 3 19 26 84929 1.0660532862219307
23 3 8 18 66525 0.9151980454362936
7 14 0 20 40602 0.9853317469668813
4 28 15 22 46825 0.9065621005851674
22 10 23 25 29874 0.986102068408627
28 13 19 11 34556 0.9094387374554551
27 28 21 9 53557 1.0810991301140245
4 4 11 11 37535 0.9638032272478041
6 22 29 18 65456 0.9985205886006892
4 10 29 24 84491 0.9778167084995152
16 7 23 13 34794 1.067573324545096
22 21 13 26 34536 1.0262069213352003
3 13 24 4 66366 1.025462680670106
23 7 14 2 41778 1.0618857485339441
24 4 28 21 45629 0.9415829719413936
20 11 6 17 47034 1.001426727094084
22 5 23 15 19651 1.038451650866408
29 0 6 13 99966 1.0297314594693852
20 3 17 20 51457 0.938905443645219
19 1 28 3 45936 0.9330096056045654
17 27 25 18 41676 0.9315248059680571
20 27 5 29 43203 1.0646346774093292
19 8 5 1 74344 0.9124412065258788
12 11 20 6 30061 1.0775210448525474
21 5 9 6 53687 0.9086880732554344
0 12 13 2 61008 0.9002155492988678
14 5 2 24 74372 1.0013661000589726
10 27 10 4 72772 1.0974991944215589
24 14 1 14 70208 0.9094865272404351
26 2 16 8 55074 0.9040195027666814
29 13 14 21 62512 1.0685885312338141
28 7 18 12 52253 0.9962000233519763
12 3 27 14 68583 0.9920574780635758
2 19 12 23 40833 1.0220306095982699
11 28 4 24 27343 0.9680058476697406
2 17 21 14 56129 0.9365301011619924
17 7 7 15 55029 0.9718199193591573
27 18 6 26 63641 1.0063260643151934
9 22 24 27 45312 1.0512071759253163
12 13 29 0 82047 1.0157859816941748
27 27 18 23 32004 1.0217771901602695
5 3 4 23 55516 1.0959353361308315
16 29 28 3 91224 1.0098149915756438
4 19 29 12 86726 0.9772707075307252
12 17 6 5 52742 0.9722254812246132
8 27 3 8 55036 0.984779887432784
27 5 18 27 71599 1.0409419589741178
15 13 11 4 32049 0.9293219037777701
22 1 21 24 42640 0.925810019500905
9 4 6 29 89114 1.03130674979825
25 0 29 28 78095 0.9149456493684625
27 23 6 29 60387 0.9576602319035561
15 0 20 21 60148 1.0866284951049159
18 10 25 29 58419 0.9005241076078574
17 5 28 22 59557 0.950649399138834
12 3 0 28 82154 0.9330491621012587
28 29 22 20 30790 1.0379771934676971
13 4 22 7 33639 1.0641767096393675
21 24 22 8 31609 0.9131389674355316
17 28 21 3 66336 1.025990286056061
9 12 1 16 39397 1.081098114018934
13 15 22 1 50009 0.9581190666079951
11 16 27 21 43252 1.0350815250009233
0 1 14 1 64258 1.0572487308897631
12 9 4 22 51599 0.9358991287861328
7 17 17 8 60314 1.0129140149571132
6 12 17 24 67548 1.0735145650317226
4 22 26 9 83774 0.9752649704226254
3 14 19 28 72609 0.9498739654166555
19 6 7 6 58440 1.0025069257225738
23 13 10 1 65304 0.9173193206269277
14 3 19 17 53583 1.0212374886900648
6 28 0 24 30145 1.0121401356254278
14 4 11 19 51028 0.9864131039261614
28 14 12 2 74730 0.9728044589064055
8 10 6 22 50730 1.0779366720184531
20 13 27 29 53851 1.0427129927569492
3 17 1 9 26343 0.9982588244594909
20 29 19 5 71958 1.0710688547316631
11 6 3 26 72992 1.058616028676791
14 29 14 3 81147 1.059505975598596
28 9 12 15 58885 1.04666390952611
10 28 4 23 27292 0.9186735408417982
29 26 19 1 71963 0.9147672185190022
12 17 27 19 47012 1.045242845544503
10 27 24 4 75399 1.034802899718017
15 23 9 17 42507 1.038162928477803
6 1 10 18 72058 1.0069883057797653
5 23 20 23 39889 0.9602528254827345
27 6 28 28 75763 0.9088061001261345
0 0 23 11 81204 0.9710922886779336
7 17 27 10 67591 1.0315190331583035
29 20 9 26 54713 1.0157529097433131
11 11 2 21 43372 1.0530335242175954
9 16 29 10 63530 1.040099385351534
20 21 14 11 38946 1.0105301133890239
4 11 17 8 45010 1.0486515203092188
11 1 23 5 51339 1.08267070986201
3 27 3 8 48356 0.9716321715336808
5 2 29 12 89408 1.0006873322459804
6 27 2 2 77832 0.9146379489743474
27 29 14 25 44552 1.0152152436611568
13 8 23 5 44968 1.0094416888836892
3 8 1 18 29347 1.0692582412815068
27 12 15 24 56291 0.9508221547559833
22 26 9 10 69680 1.016663040127289
2 8 15 25 67026 1.0193972560207802
8 4 27 0 80216 1.0345951243086935
15 22 5 19 42351 0.948013122594935
21 28 13 20 45107 1.088364893688302
12 28 17 4 80356 0.9736177988047804
12 13 1 4 51887 1.0478073970837156
26 16 9 11 50649 0.9379312616479677
2 27 24 14 84364 1.0131728367989599
16 16 5 16 26193 0.9120758177304277
13 8 22 19 46172 1.0408228802864548
7 19 4 11 35884 0.9993438966415779
15 1 20 14 41576 1.0123751984182323
16 22 25 9 48673 1.0708702986821472
25 9 27 28 57945 0.90931863800371
17 21 17 10 45098 1.0904190431303273
9 12 16 2 50357 1.0571587908142734
5 14 16 12 41869 0.9113072956486712
13 7 28 20 66648 1.0746622684597211
25 17 13 11 40834 1.0614757337982572
13 6 6 19 62514 1.0961245591629445
15 13 18 29 70332 0.9778641194629748
23 5 20 15 24460 1.0180580579577065
5 6 28 16 78375 0.9875136063024874
25 4 14 9 45109 0.9731030816430495
13 0 28 2 72502 1.068259514095219
21 13 23 5 20607 0.983101880582303
24 19 27 29 40213 1.0386760939513913
18 2 7 28 103602 1.0301246806632025
24 4 3 12 63636 0.9653030160496935
9 28 8 1 97280 0.9990620638795946
8 8 28 13 68991 0.982431127100718
2 26 28 18 71431 0.9752853808026991
4 16 13 8 41401 0.9276655459945768
19 12 9 18 52007 1.0695447241002074
3 3 12 7 39003 1.0212577506582967
17 23 0 0 97726 0.9753500889644148
13 4 4 22 65820 1.0366881803725083
4 9 6 26 54323 0.9774211781078601
10 21 26 12 59173 1.0450176918351175
6 25 21 20 46039 0.9161635505773965
10 15 26 6 68902 1.0985926247997424
27 7 9 1 90237 0.9893927527769235
20 29 2 2 117624 1.0238367069697596
27 4 13 24 69391 0.931764445591314
16 26 24 4 60723 0.9627130105710884
1 13 26 22 80433 0.9978705839944151
27 28 1 0 121980 0.9732210363658064
3 6 16 12 49375 1.0000562448651062
7 25 19 5 79016 0.9306655433409488
12 7 2 2 49037 1.0465739150313416
23 4 1 22 87469 1.093944733835011
4 9 10 18 45071 1.0606699661034766
7 9 16 22 66556 1.0732878695864239
27 1 18 23 76682 1.0815672746774656
17 2 16 24 72414 0.9732483692859527
18 1 0 18 98566 1.0178596279922192
23 11 2 27 83258 0.9200667307446788
6 2 8 27 84560 0.9562894170429155
22 8 5 7 55760 0.979655534550429
18 23 17 4 59957 1.0831201274340085
23 18 19 4 35406 1.0634575473565888
11 12 2 7 37171 0.9010951482311342
4 7 22 13 59861 0.942333040164992
0 6 15 17 67763 1.0408774747198943
14 2 8 26 82912 0.9457396135020213
3 3 28 14 96145 0.9087153222816414
8 23 18 7 73990 0.9549028024905982
9 12 21 17 49709 0.9207763597258003
22 5 28 24 42385 1.0522593598681507
21 28 9 12 80182 1.0758113885276905
13 17 19 3 52547 1.0399923276524043
6 12 20 29 95029 0.9724473320138562
16 20 29 24 41351 1.0911390022252478
0 13 19 15 63536 0.9759099000633542
18 5 15 29 81423 0.937250755642518
23 17 11 1 64487 1.0485939042320214
5 27 20 5 86416 0.9449348264926256
0 1 22 10 83410 1.059095403610525
8 8 17 2 46662 0.9943215916128576
11 4 2 23 67986 1.0194755942712659
1 1 6 7 36349 1.065646620240513
22 4 9 16 49642 1.0030952469384726
3 8 19 2 67192 0.9717484814911009
17 22 12 9 50854 1.04912675093883
5 11 25 25 72942 1.0463172473856255
2 10 9 7 32481 1.0381146085019255
9 25 26 27 40589 0.9229290633633505
10 21 24 7 56343 0.959155397846866
28 3 5 15 88288 1.086114354533659
22 12 5 25 59883 0.9409506483122176
18 12 5 19 61208 0.9167850623112866
26 3 28 15 52875 1.015354877480274
10 16 29 2 84179 1.0736459843492845
20 8 23 1 25921 1.0356749888570207
21 15 28 22 26589 0.9170580789820367
10 17 27 1 83673 0.9065768497562032
26 19 22 2 41033 1.0295570252130275
11 3 7 10 35617 0.9454788542160945
8 17 2 12 32781 0.9966660634518564
16 14 4 24 59555 0.9052426220417682
20 19 2 13 68119 1.0188646590575945
17 0 11 7 39466 0.9130933067744844
17 16 0 25 59622 1.0167362215282825
15 26 18 6 73111 0.9413202431371961
28 17 8 16 48759 1.043312459189161
14 1 14 17 59735 1.0705469994105408
21 9 20 29 58052 0.9799840483365908
16 24 19 5 56916 1.039649492795386
0 21 25 13 82553 1.078453333059009
29 23 21 2 55709 0.980435676741645
11 21 17 13 43496 1.078486191105265
9 8 0 26 67129 1.021783464292023
6 11 20 20 61133 0.9199967699472535
19 23 26 15 36069 0.9462552487086949
24 24 10 6 70359 1.0892656280499426
14 15 23 28 51790 0.9874371472988189
14 3 6 21 71861 0.9679765390866104
2 0 20 10 69934 1.074783199973464
29 12 11 5 62885 1.0807299696075363
29 10 1 27 97274 1.0741398659946721
6 17 11 3 54202 0.9351458790156457
3 10 26 11 57989 0.9599602744394573
19 22 11 19 33740 0.9917987046131694
20 4 8 21 68087 1.0375738752261197
15 22 7 14 49983 1.0831799478507107
14 2 0 0 64645 0.9244140406077453
20 7 21 27 49149 1.0440893197135637
1 20 12 20 41612 1.0660187652931417
25 6 20 24 51217 0.9583412403889102
13 6 19 15 47286 0.9702621109127552
13 25 29 2 94849 0.9137921856719737
21 1 18 20 51332 1.0267230849314575
27 27 9 18 68581 1.0698815994835498
1 10 9 24 52467 0.9946797383613952
14 17 7 8 48204 1.057872618931538
10 13 2 18 36951 0.9629853351783331
19 18 7 24 53925 1.0139279842501001
11 27 29 9 86080 1.0306963104363398
21 25 25 5 50454 1.0621297550119164
20 9 11 2 46216 0.9245282160036724
19 5 1 13 71350 1.0241442356223123
15 17 5 10 46459 0.9886743103807464
19 17 8 4 66729 1.0516768622470962
27 4 7 5 69803 1.0400825604996313
25 4 22 24 47981 0.9540140798583436
10 27 11 9 58407 1.029116583990326
14 10 29 9 52655 0.9420178183041357
15 27 6 21 39379 1.0187484754015301
4 27 9 1 96392 1.0114754025200239
13 6 24 28 81356 0.9119698460483411
20 9 4 16 51613 0.9736781963023929
26 24 22 12 28834 1.0423398194676754
0 24 28 21 65969 1.0806629377675758
0 8 14 28 83346 0.9129913515696438
25 14 0 16 68965 0.9957055009696397
16 13 9 29 69368 0.9792545979784576
13 19 15 5 53408 1.007679046003168
29 11 8 5 68184 1.0878864831744501
12 14 21 28 58682 1.0243689625827401
2 25 11 6 70493 0.9175914634011028
16 0 20 7 33751 1.0012590204433178
29 8 16 25 76160 0.9630396600507068
19 18 1 14 62936 0.9096795240063508
28 13 1 18 87248 0.987370965664255
8 21 29 3 92792 0.9552537728532668
21 29 19 15 49362 1.0391518501059307
1 13 13 17 43239 0.9164346517969048
20 23 16 2 64831 0.9283593653272856
25 1 1 14 97576 0.9206925473692985
2 28 28 0 126858 0.9647885844814983
18 2 12 28 92766 1.0252010937279978
1 20 15 10 57712 1.039476236901108
2 11 22 22 72419 0.9161601632691371
27 9 14 23 62794 0.9408776137104544
15 1 27 11 50624 0.9216102948904054
2 10 28 22 83332 0.9558243306880397
24 20 28 11 37499 0.9442518905984465
27 10 14 1 62074 0.968875909915429
15 16 24 23 34075 0.9208439680853387
27 14 8 28 78812 0.9223390965182974
27 16 8 21 56049 1.0469926837810188
19 13 18 27 51832 1.054407515430156
10 27 21 28 32747 0.911907741574004
19 12 15 6 29635 1.0543918469202616
15 27 8 22 29686 1.0506549759428523
25 27 16 11 53571 0.9758179357634436
19 2 13 24 71500 1.021044755265383
2 14 8 25 42625 0.9595118058439953
9 8 14 14 37835 0.9454640512650836
12 3 19 16 46654 1.0454428816802066
3 5 21 16 65767 0.9876040229993636
22 15 4 17 48751 1.088544017447994
0 1 18 11 72060 1.022366438853068
6 7 20 4 53683 0.9309977937195065
18 0 10 21 79059 1.024169833953912
0 14 9 17 41408 1.0652091943636206
10 26 28 1 104210 1.04862357241774
25 25 22 9 34569 1.038278243784486
7 17 20 23 56875 0.9301139923196191
6 11 24 0 64735 1.0263249623917448
20 3 9 11 44371 1.0359740589503608
10 28 17 16 50009 1.0027782930268618
28 7 15 15 65900 1.073809796323822
11 5 8 22 59233 0.9654747552509431
13 27 5 19 41870 1.0068661050434686
7 25 17 8 77090 0.9207352659171536
12 6 0 28 76385 1.0961408766479215
15 27 29 13 72620 0.9493811040633948
1 10 25 15 74521 1.0145372624587476
16 14 13 21 38186 1.0999508803387528
10 13 27 22 63073 1.0738399601038913
12 9 2 11 28051 1.0382120050813572
2 23 10 7 61656 1.0417823411838776
7 10 5 27 60770 0.9461974415370169
3 17 27 7 85781 1.077837299143293
5 20 15 0 77830 1.0030863440500184
17 8 21 17 33848 1.0344169910689462
22 25 15 8 61534 1.028985667935962
7 27 10 17 43667 0.9167105252341358
8 24 12 6 55676 0.9771580435800123
17 4 10 27 81983 1.0383829785644687
11 23 17 3 73867 1.0211643636842354
2 7 26 5 83403 0.9263201048905392
9 18 26 5 73912 1.0572321188271547
21 1 15 12 42281 1.0983651845699929
11 22 24 2 73001 0.9024163938750832
2 18 17 27 58238 1.0563572400253132
10 12 29 5 67246 1.0728347865085448
0 2 13 22 86116 1.0847268917186668
21 0 19 13 35910 0.9471424898006109
9 24 27 1 93992 0.9437717037499445
8 13 12 25 48887 0.9858224543769345
4 0 5 20 52652 0.992344041041737
5 22 18 14 60645 1.0780451121226313
23 2 0 25 91771 0.9248595784578512
23 13 12 29 61768 1.0253933493225127
29 23 2 4 101383 1.0074939757170225
22 11 1 4 70018 1.0388946159559755
19 25 7 20 39590 0.9391421331623094
19 13 3 6 63087 1.0510810735580425
22 21 0 2 94621 1.0501589907513078
25 23 19 8 44168 0.9637702592241923
15 25 0 19 52358 0.9256613729955409
8 13 0 10 35026 0.9139293063011541
24 10 25 28 49602 1.0329334711390876
28 26 14 3 77014 0.9070172824389658
11 16 24 7 46023 1.0799625359893599
0 12 15 24 70588 0.9272702029570513
21 16 10 12 39735 0.9615466392451386
12 8 22 17 40248 1.059881860067895
24 13 10 16 44241 1.0100932576872839
6 11 28 11 53632 0.9057542845182072
0 6 0 20 54553 1.0110285361965163
13 21 8 1 71668 0.9476182659490705
0 18 10 21 45465 1.0905731765679634
11 25 23 14 48931 1.0059103968391074
9 15 3 29 58605 1.0326576947532269
23 3 3 14 68380 0.9657317471012297
28 21 24 0 55331 0.9530905246064275
25 8 18 13 36339 0.9290363230706824
19 10 3 9 49748 0.9270933170855146
13 25 26 12 62388 0.9009325603351181
7 14 20 4 64371 0.9716180229937901
21 24 14 21 25079 0.9495225243544283
21 21 28 12 38943 1.0610908912022783
27 12 22 29 65359 1.0576654793306712
2 3 21 8 74318 1.0606674258475994
19 13 29 8 48529 0.9815774875409988
5 27 25 13 76885 1.0141233726102488
17 3 5 0 57968 1.0537695233177158
23 21 4 24 46266 0.906681797426638
23 1 0 7 89335 0.9223493943318949
12 29 6 12 71340 0.9014267424696356
21 3 4 2 73432 0.9902253853840787
18 10 29 15 46659 1.0511832038945694
6 1 10 7 43061 1.051237021507019
28 15 2 15 66474 0.978934630149455
14 12 7 29 73697 0.92580322986519
20 5 15 27 66652 0.9730758522539649
17 2 23 18 51729 0.9107691690898981
14 12 2 23 63201 0.9437157425521266
13 25 9 3 69284 1.0304038869499628
19 9 10 15 43123 1.0051620948548268
28 13 26 0 63464 1.0592593250032074
7 21 21 29 58048 1.0282974815872947
28 29 1 1 124677 0.9402590759224366
28 2 21 21 60282 1.0733207317763003
18 6 20 24 56600 1.0711825320212636
2 3 29 4 99033 0.9280096389074409
8 15 16 23 47438 1.032208751895901
24 1 2 26 101838 0.988135447061611
8 18 6 5 52145 1.0384026492819185
16 13 24 21 45885 0.9619652030513408
26 0 0 14 107189 0.9084888455033914
21 4 4 6 67341 1.035279178033321
7 22 11 15 35781 1.0263233338663442
11 14 25 14 45093 0.9368480788755467
3 21 3 10 23379 0.9997100700245202
9 2 27 20 92186 0.9021476664019485
16 17 2 15 42294 0.9520835104400373
4 20 4 4 42286 0.9618562771478925
0 9 7 13 39888 1.055075673553673
5 9 11 26 62968 0.9237238779832486
11 17 23 8 46124 0.9164321814920655
17 5 12 12 33650 0.9440285931630463
7 1 28 9 94256 0.9584836367672239
0 10 6 20 44445 1.0594312446508674
9 10 19 1 59408 0.9539368130490529
26 17 11 18 45674 0.9432275067919469
20 23 9 12 68583 1.0370873629324622
16 29 6 15 64902 0.9823258231572576
5 18 9 24 25740 0.9497198462696641
5 17 2 2 45379 1.047305958763932
8 15 27 12 64833 1.0804864136628396
28 1 14 27 101558 1.0011728415618961
1 14 29 27 91364 1.0905759342187609
1 28 26 25 63833 1.0854066981582053
0 16 21 5 76746 0.985982544752104
8 23 10 8 58042 0.9833379170500669
24 1 14 19 74329 0.9871999524285019
18 21 26 19 26503 0.9069258361086151
8 16 1 21 29897 1.0910876059309613
23 9 15 7 31621 0.9358374937658179
18 26 12 13 49704 0.9022230186264436
1 13 19 1 82844 1.0274724634881813
11 5 6 0 38617 0.980773340158192
7 18 19 17 44788 0.9609520235958405
11 28 4 17 52190 0.950292434945719
12 7 8 29 66714 0.9685983797551929
26 21 28 10 45366 0.9942076793802472
29 19 10 18 61179 0.9216682401106213
20 26 10 9 70099 0.9838703403815534
24 22 13 1 73692 0.9555595793863735
14 5 5 1 46209 0.9280994087573902
10 5 29 22 80994 0.9139241118874674
2 10 18 24 67626 1.0551323706435338
24 21 5 17 54487 1.0901679316713038
9 0 10 15 55452 0.991949824292127
13 2 16 12 40592 0.931835576764179
29 29 18 12 68162 1.0567491721432776
27 22 6 27 63256 0.9369629099782566
10 7 20 17 46266 1.0963712986142418
20 25 19 2 65611 0.993273513587687
7 9 0 29 63790 1.0461243426523534
27 22 6 24 51371 1.0712347287024548
28 28 24 4 59510 0.9106109347493436
5 29 22 5 82601 0.9899118353037453
7 25 11 7 62273 1.0607671927939413
25 16 1 14 64674 1.0870252806619505
15 17 12 3 42512 0.9647659545756998
15 2 13 11 26861 0.9326673672003825
23 26 0 11 84130 0.9066745349527766
0 0 21 23 102044 1.0863217293578036
19 25 20 5 54827 1.0863004021186173
1 17 26 15 71084 1.017509139259463
14 9 24 29 71266 1.0721397401682242
17 5 23 28 65829 1.0044665283556347
13 17 2 19 40716 0.949774893810564
27 26 14 5 77853 1.0378747036582368
11 21 27 6 73847 1.0102364203169814
18 17 4 10 56952 1.028364764280807
28 20 11 18 52809 0.9955658682745127
25 1 13 0 63848 1.0017878851606534
18 22 0 19 69891 1.085408181419097
27 4 9 2 70520 1.0439603616245359
17 9 17 29 71703 1.0048183419501355
21 26 22 14 28148 1.0051360237152163
15 28 20 21 38695 1.0196250915263536
11 29 29 15 73362 1.0222219441133609
21 20 12 1 62554 1.07171668557713
14 17 11 3 47270 1.0901420654065719
22 5 28 18 34969 1.066460980218213
7 14 3 6 39319 0.9997039569908562
5 14 23 15 51494 0.9272692964227139
6 25 12 19 27753 1.073004432391122
16 19 4 13 58640 0.9908957454169143
12 5 0 0 53263 0.9045108948584909
21 16 16 29 49210 1.055812063157331
26 25 17 27 29186 0.9419448985129125
27 22 17 11 44786 0.9470339567648314
11 2 2 4 42562 1.0813460064859457
24 22 6 16 52531 1.0217638054623497
28 16 8 6 74199 0.949720064198919
25 25 7 12 75611 0.9250394083166654
2 16 22 9 60062 1.0112265726321468
1 23 5 12 39103 1.0609141397431239
2 16 25 0 88334 0.9212704809124598
2 24 0 14 42085 1.076493605280766
14 9 27 24 59459 0.9183212529776476
7 8 13 17 42880 1.0568893690631262
11 2 0 12 59627 1.0369589679240037
16 4 10 25 72911 1.0647790476165566
26 0 3 1 101855 1.0481534457120718
21 28 2 27 60392 0.9850794525073254
13 25 0 6 77496 1.0992625023466704
0 6 9 18 59967 1.0165778483882444
17 15 10 20 35705 1.0463053118322119
23 4 12 4 36523 0.938657715537305
28 5 22 17 41124 0.925651844961435
19 8 7 9 47789 1.0340880748529835
29 3 28 26 79302 0.9314707192178981
29 25 8 9 82394 1.0429135744994444
12 15 18 19 33907 0.9125162061856845
5 9 19 28 89803 1.0286412859713434
22 19 2 17 57048 0.997344092116996
15 4 10 26 72878 0.9159378858798578
21 1 7 19 79033 0.9508665355394876
28 23 4 3 99922 1.0902145362340259
10 17 12 3 40664 0.9012488108516153
28 1 9 9 86123 0.9235332202915226
7 12 21 26 77531 1.0394959981082201
7 24 26 22 45884 1.0962921012090345
21 29 4 8 96467 0.9109509714965799
15 11 26 0 53503 1.0170648462159853
24 19 14 14 44643 1.0322289346008284
14 5 23 12 42797 1.031374174294116
17 1 3 27 107086 1.0571611627201165
27 14 4 8 80905 1.0895943321186676
15 2 17 12 32130 1.0678624030648487
7 13 29 18 73113 0.9674047014565563
23 19 18 6 45464 0.9829945054104565
11 12 15 5 28845 0.9264446695824785
11 16 22 18 27493 0.931010822776651
3 10 11 0 50163 0.9271106197500968
2 13 26 11 64939 1.0749741405512765
22 5 29 14 45705 0.9317316794316806
13 2 10 24 66269 1.0188310385351542
27 9 5 29 94364 0.9020221926152588
2 17 22 27 70958 0.9177165439745277
1 8 21 20 77718 1.0851848922075016
9 10 26 22 66422 1.0993719538632787
22 26 12 8 63233 0.9503658579115026
18 4 21 19 41486 1.0436680674181285
19 13 0 6 76183 1.032151081799427
28 12 8 20 76020 0.9268922341650695
6 10 13 21 52951 1.0888381096375177
4 28 3 19 32930 0.9995275618334588
0 0 23 23 102266 1.0434753566790638
10 26 18 22 34512 0.9616535063306292
28 28 11 1 93656 0.997790273168687
27 29 11 10 82492 1.0773306937151694
28 17 18 21 31297 1.0688285820895123
22 8 4 23 68858 1.0524177469795986
1 5 22 17 77826 0.9230284544068502
7 19 19 4 70862 0.9382198359395473
28 2 20 15 54600 1.0126561987747038
16 28 3 19 56537 0.9574100103909099
3 5 13 27 75309 0.9149814757802465
2 4 12 22 67785 1.0173025028632035
21 6 28 2 41313 1.0106284746142917
17 0 3 7 66942 1.0317493536210083
24 28 22 0 56669 0.9923153919327381
16 3 20 18 50162 0.9904217989353428
9 3 15 8 33173 1.010113185609046
19 26 26 22 27043 1.042663235042749
22 17 23 0 31690 1.0172117160208365
28 24 6 15 67340 1.0851713587006657
26 6 15 20 64152 0.982165889494931
25 4 10 21 63793 0.9582982397800395
22 24 25 8 43841 1.0987045429297546
12 25 29 4 81588 0.9530751918568015
20 16 23 4 27513 0.9297558481729833
23 27 18 5 58642 1.0686717236124577
14 13 1 14 57228 1.0951924311310681
29 14 6 17 72445 1.0994626441857056
27 9 14 20 59988 0.9025665198650726
11 24 22 19 34684 1.055012803032462
12 12 0 23 63500 0.9868455463849404
26 16 10 21 45194 1.0960666137524342
12 25 19 21 27407 1.038104155460325
12 24 24 28 36529 0.9720546413128982
16 24 11 18 30372 0.9420958881300823
21 15 3 7 62877 0.954235950123127
24 25 0 27 64890 1.0956360513772503
7 17 29 8 84258 0.9808790359295061
10 12 26 12 47539 1.0989987661078802
17 7 8 2 45577 0.9542211307522124
28 24 16 23 28410 1.0789861132254075
1 26 22 2 85183 1.078874165485398
14 5 16 24 66772 0.9386053968567796
3 20 26 26 63963 1.0645272542241901
14 13 15 23 48093 1.0010154326799912
13 17 24 12 44730 1.0613745433386492
12 22 26 27 42108 1.0736053798175615
5 3 20 3 59020 0.924061952900375
11 6 26 3 59332 0.9622134157713043
9 13 28 1 91692 0.9954283748913098
13 22 27 27 48171 0.9816298896463719
20 22 1 14 75355 1.0266963512523866
10 15 24 5 56517 0.9855205406521368
1 23 14 17 55813 0.9863653995636383
19 11 10 7 31639 1.0865157622462975
17 3 17 21 57890 1.0396566089172046
3 4 22 23 88689 1.0518499742742253
27 19 18 13 45152 0.979899770692535
25 8 9 18 65628 0.90042877695099
0 23 21 14 77838 1.0304763159087278
29 15 7 11 69575 0.9392883711511022
2 22 29 26 65681 1.0112241076495572
14 8 17 27 70971 1.098523112595158
23 17 5 9 60989 1.029639855045066
25 29 11 24 42968 1.0236655744780803
12 3 7 27 75271 0.9874465373820331
21 7 8 17 53815 1.0968377848847493
28 26 14 16 48571 0.9721620635943246
19 26 7 19 47128 1.0448943012495158
24 17 11 29 62530 1.0799776211767145
1 14 15 20 58186 0.9694997535171774
16 18 11 6 50819 0.9758413300760502
26 5 8 28 87812 1.0667530069251772
17 22 22 10 33874 0.9950513420748358
24 24 29 7 68568 0.919372564497514
1 24 17 28 44502 1.0798233221729154
17 22 10 26 31861 1.083019478891191
2 22 13 28 43758 0.9197916686079703
21 18 4 10 61421 1.010076237373895
25 13 5 9 60089 0.9867261503264873
4 15 14 17 36397 1.0369234099665408
22 15 11 17 29985 0.9273075349591121
22 23 15 26 25221 0.978281098558454
2 21 20 29 72010 1.0843530819623055
11 11 29 28 73942 1.0092325060972276
7 29 25 25 48507 0.9420404895630132
5 11 29 5 75337 1.0359840698021792
22 20 5 29 59969 1.0282239913820181
7 4 0 0 34083 0.9380862964522707
3 6 18 4 58699 1.0325300608199182
24 23 1 8 85552 1.0049750272676485
3 0 7 16 42721 1.0108499243085687
7 18 7 2 68518 0.9268013585881605
0 7 7 25 62822 0.9732636238832895
21 29 18 5 72206 0.9253169434079155
9 20 1 10 49295 1.0264626660563008
29 18 11 1 78817 1.0113457258688765
16 16 3 2 60724 1.0508383215165584
10 3 14 17 51664 1.081325303967382
13 26 0 13 65660 0.9832051413274034
27 14 10 13 63831 0.9022686432671433
8 11 13 0 35888 1.0205093778384144
9 1 11 27 90196 1.042972811079936
11 19 18 22 30490 0.9975033971842258
1 26 6 6 63277 1.0636138948673632
28 12 4 1 95475 0.9695140492660409
23 24 20 7 38234 1.0933705277816104
27 0 15 1 60041 0.9734296881121483
17 29 28 1 101126 0.9259060174318643
9 27 18 10 74361 1.0223647769271775
28 26 22 18 27614 1.061908870670268
1 3 19 26 93977 0.9029153378234523
27 25 17 5 66547 0.9197990343137264
26 7 18 16 43437 1.0942671477915913
3 6 2 16 25524 0.9339378996674111
