3765 3047 3578 4780 3312 3233 3610 3276 2876 4164 4431 4453 2932 4083 3463 3955 4804 4262 3434 4979 5050 3659 5108 3840 3062 4955 4749 3549 3719
7155 6079 6212 7028 6697 5745 5788 6221 6892 6509 6609 7747 5826 5929 7591 5883 5636 6453 7661 6967 7429 6435 6007 7569 6081 6245 6911 6788 6401
4566 3093 3738 4434 4598 3518 4713 4852 3858 4198 3447 4426 2884 3262 3470 4936 4319 4766 3085 3741 2934 3354 4833 4232 3411 2921 5018 3035 3496
2158 2358 1998 2349 3471 2348 2284 3188 1619 2915 3151 3170 2457 3301 1699 2765 2296 1450 2804 1887 2008 1959 2716 2295 1945 3341 2186 2568 2898
6929 7425 8235 7362 8148 8320 7796 7349 6591 7154 8186 7021 7955 6407 7334 8145 6528 7155 8110 7451 6953 6187 8108 7627 7429 6759 6137 6569 8079
7783 6187 5760 7405 6575 6895 6293 7739 7595 7558 7144 7358 7185 6977 6961 6332 6558 7781 5964 7511 5813 6320 7336 6355 7296 6190 6592 6329 6300
6759 7063 6485 4978 6225 7037 6575 6097 7048 6900 6723 5636 5069 5127 5203 5593 5852 5248 5104 5557 6897 5110 5502 6320 6618 5298 6941 5925 6290
2780 3012 1023 2832 1458 2026 1129 2966 2938 1390 1662 1476 2820 1164 2523 2187 2949 2611 1768 2325 2249 1378 1480 3122 2794 1127 3072 2100 1769
5940 5465 5818 5110 5420 6211 6204 5519 6099 6463 4665 6098 5114 5481 6488 6403 4488 5384 4568 4846 5001 5988 5237 6224 5494 4916 4530 4840 5423
5579 5837 6950 5373 6326 4995 5311 6181 6391 5491 6439 4683 5562 5997 5854 5034 6245 6624 6754 5779 6459 5501 5019 6150 6885 5705 5018 6783 4855
5100 4498 4849 4613 3649 4372 4797 4710 4253 4657 4473 3391 3932 4895 4996 3086 4603 4078 3552 3030 2967 4698 4459 4774 4880 3657 3927 4518 3138
4688 3678 4429 4271 3071 4371 4988 3201 3912 4336 5054 4587 4138 3462 3911 4485 3256 3619 3507 5034 3023 4069 3358 4872 3310 5083 3586 2937 4807
4671 5592 5252 4301 5223 4320 4357 4914 4227 4168 5253 4491 4642 4321 4591 5326 5640 5190 4746 5445 3595 3944 5002 4772 4018 4835 4910 5543 4068
4756 4309 3983 4283 4765 3387 2794 3816 3958 2679 3303 2735 3671 3826 4356 2996 3595 3722 3544 3047 3460 2970 4690 4365 3009 4639 2799 4860 2658
4817 3351 4241 4427 3185 3390 4058 4228 4573 5034 3268 3369 3493 5004 4748 4071 3329 3785 5230 3075 3694 5123 3999 4037 4828 5211 4111 3813 3900
6661 5688 7205 5560 5469 5130 5725 6753 5676 6531 7188 5124 5392 5752 5620 5239 5267 5219 6473 6991 6006 5617 6773 5068 6487 6831 6953 6654 6877
3487 2458 2285 1574 1644 1693 2306 1499 2409 1566 1592 2616 2786 2898 3423 2549 3113 1610 2385 2033 1598 2504 2972 2369 1736 3569 2045 3201 2538
7503 6286 6562 7173 5694 7674 7134 7406 7723 5774 6458 7462 6275 6589 6614 6839 7613 6312 6606 5912 6049 7113 7861 5955 6676 7080 6627 6124 5715
3288 3638 3180 3064 5190 3436 4914 5177 4848 4884 5218 5230 4838 4032 3924 3332 3607 4424 3741 4385 3513 4033 3511 4344 5154 2998 3916 3075 4172
3628 4332 4920 4071 3574 4023 5190 4831 4384 3213 3435 3115 3204 3524 4662 4693 3091 4706 3047 3430 3521 3116 3475 5026 4500 4126 3492 4001 3781
8042 6382 7615 5890 7418 7061 7004 6697 7129 6830 7104 7233 5986 7990 7523 6452 6425 6118 7252 5927 6052 6396 6150 7674 6637 7582 7819 6960 6648
3187 2322 1537 1924 1992 2561 2809 2789 1765 3297 3199 1726 2309 1284 1311 1390 1991 2088 2669 2276 2622 1963 3321 2838 2955 2660 3101 1344 1564
3331 3649 3325 4448 4618 4667 2573 2792 3328 2731 3052 4044 3519 3163 2854 3750 3184 3374 4110 4348 3429 3067 4452 3596 4100 4549 2992 2440 2877
3186 4464 3652 3736 3344 3272 3526 3412 3259 2767 2754 4097 3445 3073 2910 4321 4033 2887 4594 4145 2911 3064 4449 3358 3168 3849 2895 3820 4244
6753 8319 7738 6650 7443 8791 8639 6637 7375 7114 6607 7666 6977 7491 8696 7244 8234 6773 8280 8746 6941 7692 8419 6913 8128 7048 6905 7245 8541
4777 5325 5653 5665 3791 3876 4475 3648 5259 4162 5790 4254 3764 5490 5090 4769 5446 5758 5089 5619 5410 4420 5098 5669 5508 4962 5579 4810 4848
5790 4924 5479 5921 5048 5658 5941 6668 4794 5418 6441 5858 4938 4580 6586 6826 5802 5819 5415 5812 6756 4797 4713 6719 5556 4687 5413 6413 5580
6481 6750 5951 6914 5496 5924 6406 6075 6158 5191 7167 5280 6384 6738 5156 7370 5237 5386 7015 5151 6146 6935 6623 6915 6368 7353 6466 5709 7199
7637 7625 6862 8770 8912 7674 8172 6994 7213 8459 6946 8670 7993 8404 6986 8614 8768 7192 8903 7748 7748 7710 7433 7737 8338 8572 7333 6920 8907
6623 6843 6539 5547 5388 5691 6322 5334 6727 5396 6366 6857 5717 6922 7074 7243 5893 6924 6869 7371 6154 7137 5534 6118 6124 5775 6770 5242 5421
7415 7588 4998 3195 4953 2537 5653 3094 4852 3173 5616 6180 3809 1708 4429 7568 7085 7036 4495 5003 4831 2440 5611 2369 6140 5140 6295 4767 1714 4369
5426 7889 6780 3361 6138 4108 4321 3189 3353 3531 5008 4857 4372 1200 5981 7869 5921 8438 4515 5911 4204 2141 6137 3378 5836 4955 5154 4734 2374 4188
5457 7228 5904 3612 4431 4444 4379 3171 4044 4911 4212 4902 5396 1234 6667 6806 6622 7400 3159 4804 5471 2803 7349 2060 6499 4799 5983 3788 3095 4558
6323 6603 5641 1587 6026 4096 3868 4585 3188 4078 5601 6109 5273 2678 5019 7490 6262 7371 2396 5196 4540 1552 6697 1498 6491 3969 4871 4560 1656 5208
5427 6703 6556 1654 6141 3383 4753 5073 2807 5084 5124 4256 4734 1758 6095 7589 5655 7496 3531 6205 4897 1976 5812 3283 6901 4842 4578 3221 3176 3933
5325 5801 6071 1698 4425 3955 4643 4941 2908 3186 4298 5410 4432 2570 5503 7558 6970 8058 4261 4403 5432 3360 6512 2606 7023 4192 4591 4694 3068 4568
6239 6767 5888 2677 4183 3648 4773 3347 3224 5312 4922 6273 5128 2306 5022 6527 5870 8548 2991 5287 4638 1612 6390 2192 7427 3211 4497 3004 2170 4687
6286 6029 5555 3130 4717 3577 4385 5002 2662 4344 6148 6107 5437 1861 4742 8087 5579 6750 2947 6361 5378 2033 5653 3378 6827 4949 5163 5096 3755 5091
6386 6270 7198 2272 4423 4774 4498 3493 2806 4866 4373 4549 5097 2798 4799 6888 5923 8750 4250 5795 4350 2100 5482 1813 6532 3275 4762 3499 2286 4648
6257 7720 6372 2552 5795 3310 6072 4663 2758 4924 5259 5096 5649 1546 5029 8035 5388 8732 3630 5771 5522 2671 5326 3074 5429 5116 5877 3588 1900 5283
7053 7856 5957 2326 4658 4049 4982 3274 3380 4323 4617 5351 5620 2719 4590 6983 7256 7047 2693 4852 5288 1895 5679 2553 6536 3652 5406 4753 3898 3777
7381 5981 7179 3396 5435 2762 5876 3542 2948 3367 5393 6093 5496 2978 4634 8028 7429 6838 4400 5881 6293 2193 5475 2582 5665 3392 6060 4912 3853 4133
5858 6522 6116 2348 4741 4461 4919 3822 4856 5197 5474 4332 4469 2507 5859 6263 7219 7945 3196 5088 5951 1509 5283 2257 6250 3717 6119 4826 3026 5814
5451 6913 5679 3411 5077 4549 5503 4318 3385 3859 4783 5653 4276 1523 5776 7597 5864 7337 3081 6062 5054 2486 7307 3247 5440 3908 4735 2882 2376 3909
5521 6756 5197 2590 5399 2963 4953 3519 4148 3378 5808 5575 5122 2360 4626 6551 6937 7321 2332 4916 5970 3184 5661 3324 6744 3749 6046 3514 1672 4346
6144 6317 6972 1651 5365 4742 4071 4476 3929 4701 5907 6215 3999 2909 5405 6050 6116 8454 4122 4405 4324 3369 6583 1704 5885 3756 5208 2908 3253 5726
5324 6053 5594 3098 4670 2815 4941 4796 3379 4216 4068 5257 4069 2400 4638 7270 7472 8706 4053 5008 5171 1893 5981 1442 6678 4474 6071 3134 2003 4095
5984 6003 5987 1787 4412 2665 5697 3433 3094 3215 5004 5705 4267 2866 5011 7524 5526 6975 2537 4791 5899 2390 5224 1892 6650 3218 5235 5093 3875 3879
6428 6900 5640 3336 6141 3453 4852 3199 2935 4151 4477 4133 4321 2675 4860 7165 7016 6994 2898 6038 5862 1756 6865 1368 6200 3417 6300 3424 2417 5603
5787 5909 5487 2876 6122 2962 5454 5111 4767 5083 5452 5683 5141 2154 4520 6898 7320 8831 2977 6493 5574 1373 6952 2703 6566 5408 4347 4906 2608 4676
5801 6247 6726 1573 5678 4619 6072 4416 3569 4037 6264 5083 3789 2405 5975 7017 5945 7194 2319 4479 4889 2718 6327 2157 7270 5086 4526 4868 2985 4418
7425 6506 7130 1623 6003 2615 4801 4908 3800 5315 4738 6303 5358 1888 6229 8014 6573 8667 3748 5762 4349 3197 5797 1985 6152 4200 5092 3872 2375 4846
6138 6149 6335 2380 4874 2865 4446 3334 3636 3963 5913 4905 4341 1685 6311 6122 7391 8133 3426 5556 6096 2480 6018 2711 7221 4162 4232 3658 2513 4623
7181 6320 5266 3037 4991 2881 5180 3358 2943 4917 4142 5448 5885 2098 5676 7747 7425 7730 3051 6193 5517 1608 6805 2241 6976 3417 4968 3339 2016 4275
7459 7216 5410 2125 6405 2879 4249 4421 3091 4375 5280 5984 4013 2424 5488 7695 6608 7799 4387 5689 5343 3152 5984 1482 6192 3795 5066 4232 3329 3874
7453 6523 7194 2401 4683 4523 4054 3798 4267 3493 4075 6108 4240 2239 5302 7714 7629 8372 3575 5345 5947 3216 6769 2347 6245 5039 4910 4836 2304 5547
6512 6974 6864 1664 4299 3287 4776 3245 4274 3699 6007 6273 4289 2436 5447 6257 7023 7782 4295 4721 6069 3127 7140 2526 5575 4425 6421 3353 2994 3909
6553 5656 5507 3487 6030 3071 6005 4292 2828 3732 5725 4887 5656 3301 4909 7324 5904 8157 3532 5902 5250 2501 5409 2568 6020 3305 5635 3696 3385 3752
7264 5897 5851 3370 4948 2737 4005 4871 4651 4522 5970 4850 3891 1758 5067 6628 6649 8365 3138 4540 4436 2349 6738 3410 6671 3421 6256 5107 2960 5156
29 1 14 28 106162 1.09980910890857
14 12 18 27 51793 1.0234502817296167
7 29 21 22 50375 0.9022947634242505
26 12 12 4 61758 1.0986794198232142
26 3 15 3 25887 1.0588723710050139
15 29 25 4 87147 1.0679002634969743
14 9 22 20 46497 0.9111763530397877
4 16 26 28 86994 0.9656639126765848
6 19 10 7 41711 1.0256866413364218
26 26 7 19 68654 1.0986692907910067
10 20 25 24 46729 1.061149863567692
23 12 4 1 79991 1.021544284435136
6 20 25 1 93864 0.9826662137649956
2 20 15 14 54852 0.931383397682015
0 17 29 18 99919 1.0766285143338725
24 1 5 29 115868 1.0302899136682777
25 2 27 18 69735 0.9683061364820025
26 23 8 16 64599 1.0588281054159718
8 4 6 16 34326 0.9754001735740441
17 24 26 8 65023 0.9526181596523893
12 17 7 25 37410 0.9187709589614428
1 16 24 4 94421 0.9163268840500276
5 5 16 21 63226 0.9171199479824704
25 24 21 6 52897 1.00986196281477
28 11 28 21 64233 1.0395539397623463
21 21 8 2 74180 1.0462136632837942
8 2 6 14 33461 0.9697270685065079
15 24 6 17 44735 1.0834845519794118
5 25 5 14 43314 0.9184990675840577
20 17 3 27 68243 1.0185470622026718
24 2 26 22 71373 1.0645014860090014
14 13 25 9 43697 1.0556312006539574
12 27 10 8 71049 1.0368610163644316
23 3 17 27 71704 1.0009810930929737
16 5 13 16 34437 1.028254632133264
22 10 9 19 63967 0.9144381376561036
7 13 19 15 37328 0.9182465515414607
13 6 26 13 50409 0.9904423411819481
17 13 29 12 33646 1.067832529639051
1 13 4 23 26817 1.0287388371913857
0 15 21 20 67710 0.9179497189137004
6 1 14 9 48440 1.0031245385344159
24 15 22 24 43799 0.938740142893469
22 17 12 26 53605 0.97066424088021
5 28 21 26 49590 0.9238204793903656
23 8 21 0 26557 0.9064977040729933
29 16 8 17 88342 0.9538143511863582
19 21 24 28 29177 0.976955397122822
2 14 6 4 35856 1.0725565143496145
23 20 8 29 62091 1.0644814518406767
27 6 15 17 74908 1.0948610761457618
18 25 4 28 50300 1.0920997145618725
28 20 8 2 101209 1.067961934888774
2 2 2 27 70742 0.9682194750434603
15 26 26 21 41381 0.9185257278291352
7 2 22 0 49297 1.0313347229004217
7 3 0 25 65619 1.0568421214558308
14 4 19 27 73812 1.028277429174221
4 2 25 19 96427 1.0147354082324147
5 16 17 2 67479 0.952308538856942
16 26 6 2 79848 1.023785826517788
14 1 28 29 103609 1.0543790586291475
2 8 26 10 86136 0.9581693689852905
13 3 23 14 46483 1.080932178282569
20 27 4 19 70365 0.9255347465499565
8 23 15 19 32740 0.9578554455407968
0 25 13 24 44310 1.053177924023562
19 23 29 15 57600 0.9849180903507075
10 27 20 28 32773 0.9743576414286101
25 23 7 18 51113 1.0984706373710558
11 2 28 28 102739 1.045968371171445
23 24 19 8 49601 1.0045838402149512
21 16 4 13 44320 1.0144891116559602
0 21 13 1 78673 0.9333489149475903
11 29 18 22 38293 1.0515892473632762
27 2 21 11 39517 1.047203419116431
12 29 9 3 77937 1.0914393616399498
18 17 13 28 42727 0.9138734112947399
19 5 10 19 62369 0.982751983130537
15 27 24 14 55426 1.0178105361235772
28 4 6 1 72635 0.9519277778381966
1 0 14 6 55450 0.9260246376353641
6 11 24 9 65823 0.9622604437629654
14 19 17 5 44559 1.0690468121930858
14 24 26 1 85882 0.9844631442324994
24 15 13 2 61123 0.9620821834036561
25 21 13 17 39840 0.9664960377361818
27 9 11 5 68640 1.0626442439057446
22 26 21 13 34460 1.032766365537085
22 29 23 9 55701 1.0194267310617309
19 7 12 12 37837 0.9242619489907329
8 8 19 21 58203 0.9862202311622211
1 20 4 4 56329 1.0296558546895076
8 23 19 9 65355 0.9016065733551231
1 27 19 3 97609 0.9604617153685828
28 26 4 15 104004 1.0437926704155942
1 6 19 5 60311 1.095758499232043
3 5 23 28 101980 1.0019755218683732
22 15 11 14 36144 0.9832147266053475
0 17 9 4 56764 1.0998262256345992
3 21 21 4 78148 1.0090758015146644
16 8 29 28 79158 0.9872468273010115
25 24 7 8 78502 0.9896710795934429
27 6 13 19 78646 1.0979859335628335
19 7 4 25 83519 0.9316941825228191
11 23 16 3 57884 0.9051359650651472
19 17 11 25 46982 0.9619787697362121
26 6 4 9 85373 0.9391373605839908
28 7 17 20 70666 1.0503478876709857
26 1 9 25 106881 1.0794123494465413
10 16 29 1 93797 0.9999062267133264
6 14 12 27 56395 0.9343098857665535
5 1 5 28 75106 0.9255652761255917
17 6 4 17 67660 1.0529011514882178
17 17 12 5 53871 1.0630481775951144
4 9 24 16 75933 1.0335290890656326
21 21 3 9 69973 1.0760114513553793
3 22 25 19 63495 0.9519515251479843
15 25 18 10 49012 1.081852563290498
3 19 9 11 38531 1.0519394870188365
8 11 18 28 73767 0.9375860184771437
27 0 16 2 47367 0.9356881272507968
3 28 19 29 48165 0.9065639515130656
28 27 12 4 104823 0.9227304109581363
5 0 28 12 96841 1.058280761006722
3 5 1 17 45591 1.059871794944225
19 23 5 27 46447 0.9932615005964485
14 25 15 11 48312 0.9052408827255268
4 25 8 12 45397 0.9831609218624876
12 10 22 11 43926 0.9296607064778275
24 26 0 6 112665 1.0285760679324403
29 5 3 5 78556 1.0997352330284185
25 22 1 29 79704 1.0795206181257984
22 22 9 24 40890 1.0772750123691466
16 23 15 2 53626 1.064372318600935
21 27 12 0 90169 1.0097828752524056
28 4 29 24 96161 1.06766386995262
13 29 14 3 71890 1.0363796203348787
17 14 27 12 35431 1.0675791360856344
20 5 19 24 55875 0.9959310523930228
18 14 17 25 40415 0.9996036751703984
7 24 24 2 90233 1.0990680134946618
17 24 7 17 43140 1.0748909732137755
21 25 24 8 49383 0.9641721392583573
3 0 12 16 60967 1.0640202370233784
2 3 16 29 91949 1.0351346209807064
0 8 6 13 30004 0.9573881520502181
24 19 3 25 67173 0.9229753966571859
4 21 20 26 56279 0.9536175033148813
19 4 0 0 64142 0.9163287097408908
22 24 7 2 81429 0.9262979338350771
19 5 2 20 77409 0.9800768009675174
24 16 2 9 80504 0.9835871929101654
7 7 28 5 69828 0.9088469911126169
13 29 4 17 60469 1.0890665320857271
8 22 24 27 56658 0.9704440551612922
28 22 24 15 51952 0.9647703843152099
1 9 12 16 55172 0.9257360319772128
20 18 28 8 47518 0.9927681991600806
24 27 26 17 52604 1.0603811235924403
2 28 11 9 71447 1.0347093534496359
6 12 23 11 52191 0.9951509622824563
29 21 8 13 69101 1.0126680615589039
29 0 14 18 92494 1.0433689161915296
5 24 12 10 58075 0.9518294145329791
14 21 27 13 45084 1.063896043580537
14 1 24 23 71870 1.0186076760027132
14 20 22 3 62002 0.9482823165250457
23 9 2 24 82566 1.056491260370119
15 8 16 20 32909 1.0223938832947255
4 15 17 29 75543 0.9643523116760058
8 26 22 16 64507 0.9017500789924581
29 22 17 18 47065 0.9474081842217079
21 0 8 16 72055 1.0815770040847776
22 0 14 2 33080 1.0471935382570572
10 4 2 15 48995 0.90202920592946
20 13 4 4 63910 1.0856991034228705
5 2 8 15 42606 1.0155739771362986
12 2 26 23 79118 0.9787801574119485
12 17 3 9 51881 1.0042566795462882
25 22 8 24 49857 0.9759414786319967
12 28 1 10 74474 0.960993568941927
26 27 1 19 89835 1.0163545687109536
0 7 13 2 47529 0.9528892764018182
5 23 11 18 26702 1.0713101618982765
2 4 21 22 86388 1.0429486074595933
10 8 22 3 45655 0.9988090887670767
6 23 27 19 64697 0.9135614474629755
22 27 22 9 51044 0.9252898595074426
1 22 12 22 34715 1.0599313708240312
24 4 26 25 78226 1.0975930186891
27 23 6 1 98919 0.9529929556935992
26 2 6 17 87972 0.9082127050751556
3 7 29 5 83188 0.9064527816938043
7 16 14 27 48111 0.9542261017216054
29 24 10 7 94222 0.9982145705519039
11 3 21 28 79394 1.0745074465060542
12 28 5 8 64959 0.9223493027149748
29 14 10 15 62138 1.090828428574393
15 14 22 11 30254 1.0653319472174896
25 16 13 15 50918 1.0799308471884304
7 28 7 5 49256 1.05307212343764
15 24 26 16 58993 0.9204815930578943
9 1 28 25 114041 0.9078074443060357
7 18 20 17 49234 1.0261868285866234
26 1 14 16 73416 1.0763523366259438
24 28 24 16 52614 1.0427078039547784
5 24 24 26 64686 1.0164633541688468
27 7 23 22 60829 0.9458132612726965
17 25 2 20 49606 0.9085865527862905
1 15 3 5 36967 0.915711695987478
11 25 25 0 101064 0.9661042284641206
9 24 15 5 71185 0.9812648328847194
16 26 23 13 41724 1.0349729870530922
24 17 29 27 66820 0.9137177499223639
0 0 21 4 66444 0.9426566449562276
23 12 16 6 34292 1.0020419573696504
8 18 22 22 47123 0.9232636806087853
2 24 19 2 90532 0.9898954736843891
24 23 5 27 58244 1.0184904299662005
24 14 22 22 34217 1.0693507878341537
24 18 19 8 38921 0.9305899632187161
15 10 8 17 47443 0.9494226729502085
5 12 17 17 53697 1.0845141799315623
19 28 0 26 59865 1.053223909880324
28 9 3 15 84865 1.0063959041018469
26 15 10 10 60792 0.98191324024913
3 0 14 17 67911 1.087559653514852
12 5 12 15 42223 0.9591244925780122
13 27 25 7 78914 0.9191156639508304
17 0 5 6 52962 0.9789389487342888
23 25 5 28 60362 0.9960824746577207
0 20 13 28 54725 1.0849953596586712
8 7 25 1 68936 1.0009514745920818
17 29 9 21 42336 1.0300207170437712
23 16 15 4 49853 0.9423036064525255
23 28 16 2 73171 0.9845022859425866
22 22 29 2 72892 1.0578628716646725
10 13 20 11 34939 1.0586338499387484
3 4 6 17 48033 1.0757102714551072
11 0 12 14 59496 1.0245617407250587
5 0 16 20 78288 0.9448685123626499
0 27 12 15 73927 1.0825537713742968
21 10 28 17 48504 0.9318212544259312
13 21 1 24 36966 1.0797973760354749
25 20 8 28 65877 0.9805564578622997
23 12 18 24 38505 0.9145969729315545
26 25 17 21 36562 0.9193213513750595
4 12 0 24 42262 0.943281052411737
10 5 20 16 62423 0.9709911179552992
0 18 24 14 79015 0.9966356855047186
14 16 17 29 44613 1.0352869247342174
28 20 12 5 88342 1.0275190034121517
12 1 21 8 45589 0.9141745582839497
14 4 20 17 53027 0.9242624820793868
22 14 15 24 42194 0.9441683435818472
8 25 6 7 48098 0.901045046053387
13 11 2 1 57820 0.9031580571098051
15 29 28 29 47930 1.0255506487901196
23 4 9 12 62198 0.9717063188145348
20 2 21 11 28599 1.0823011139149687
5 1 29 14 95471 1.0689983329916668
17 1 11 6 35905 0.9861035157680629
4 9 14 1 52968 0.955353339539593
27 15 3 27 94069 1.0132123029913707
9 20 18 23 31935 1.0304385841021457
19 20 24 26 32935 0.9718236959524622
12 4 1 26 86001 0.9274793948263798
29 27 4 2 129105 1.0388066616121858
10 17 19 3 60482 1.0628689996152434
4 28 21 6 88582 1.0541490039182928
8 21 21 0 76585 0.9062582291905924
2 21 21 25 53448 0.9919177902517651
11 8 21 16 46720 0.9760186906054935
22 21 10 0 81182 1.0421472815933375
22 10 29 17 53688 0.958536317560742
2 13 22 13 46135 0.9711802647904711
28 21 10 8 81027 1.0662298067952263
20 6 26 24 62366 0.9661616161773664
17 4 26 11 56411 1.079379987027351
14 15 21 6 45415 1.0817483423461745
12 2 2 12 53055 1.0041058421100888
8 24 9 7 51983 0.9678811770543667
22 23 5 6 79910 1.0001837340464472
4 24 27 3 103128 1.0460113958270507
21 1 4 7 61011 1.0899866691369533
19 26 14 2 71606 1.0043983432975232
27 1 2 15 96765 1.0050199745574326
18 27 20 7 63056 0.952956961656561
19 4 6 10 55629 1.0250209150308063
12 14 21 9 36651 1.004699747383347
13 17 20 7 50572 1.0663735334045503
24 7 13 20 63840 1.0595677456568204
15 29 26 9 81082 0.9994602747675879
26 1 7 14 76689 0.9261453934677627
9 4 17 22 71426 0.9210942505083393
15 10 3 8 48765 1.0293232989637593
12 9 16 18 37970 0.9703746134585144
27 20 9 2 95966 1.0966957854597243
12 11 20 2 52005 1.0648401119407702
13 3 6 29 76026 0.9206728986303973
17 5 0 12 56869 1.0564144043102155
25 28 19 3 72866 0.9666979410845172
5 14 12 27 61898 0.9994116694252324
24 17 4 0 99913 1.0398245017548042
18 25 2 25 54347 1.0242273550545358
11 29 0 9 76761 1.0534348542514342
14 19 28 28 59804 1.0818343974347393
28 29 10 7 107510 0.9196775023263505
25 27 0 4 122926 0.9268417069567606
20 29 12 4 86281 1.0856299228768487
23 4 2 9 71871 0.9116229571454396
4 4 22 23 88727 1.0011304770931697
7 15 19 4 53862 0.9601146842848887
28 28 12 4 99215 1.0770289985341097
26 10 11 17 65869 0.9177068985745992
29 14 0 6 97117 0.9180450073381068
8 17 20 14 52759 0.9803722097751432
5 10 0 15 31191 0.9518725265164996
8 15 13 20 38037 1.0017601836243757
26 26 9 11 87930 0.9384776766361178
2 6 21 10 73199 1.0731115516593475
27 3 13 0 46600 1.0359954158354574
27 25 9 12 82094 1.096819872094813
8 26 18 15 60473 1.0813034012983052
25 23 0 19 70684 0.9038567416963889
2 9 15 17 65671 1.0385712086256014
29 9 14 24 80916 0.9872727487830055
25 18 8 24 63803 1.0265431017765247
12 11 17 17 38219 1.0945530571768864
29 25 2 10 106565 0.9051777626066401
15 23 28 2 80131 0.9249463955523983
22 9 3 10 66494 0.9165179332412258
18 7 23 23 53422 1.0743459655027423
3 21 4 4 48839 0.9256738697944409
13 23 26 0 90882 0.919621852070034
3 29 4 11 49854 1.0150191484332727
7 10 22 22 61554 1.0181132561034474
16 10 10 20 44206 1.0721020859542794
28 28 13 11 78427 0.9053205720700074
19 28 24 15 56709 1.021088273541738
22 27 12 1 89370 0.9196661457341657
1 6 10 12 46722 1.0823630719926984
9 9 25 5 65047 0.9185292773203985
5 13 22 22 60472 1.0918402402597693
21 21 4 19 49161 0.9226361231805773
29 13 12 7 58932 1.0228979040919461
6 20 22 29 61389 1.0862939016550435
3 26 21 5 87674 1.0203410362262422
6 4 2 26 64221 1.064149615918676
6 6 23 1 59554 1.0731816360057336
29 5 9 20 94199 0.9391457374965149
14 16 28 5 74168 0.9942431299092813
22 5 1 25 96702 1.0539409918854115
24 25 0 5 109922 1.077351248889847
21 27 16 17 34218 0.9083944715515281
28 12 3 27 93469 1.007727685967808
6 8 19 7 47023 0.948820841503683
16 22 28 7 69014 0.9811018166146278
3 14 4 28 33575 1.0599114123185975
12 29 24 22 52233 0.9291416267300578
27 9 24 18 49822 0.9142056046743494
26 6 12 21 74252 1.0801065654689066
18 5 27 29 87328 0.9556894014751949
5 15 12 27 62935 0.9284175574522119
14 9 26 16 57465 1.0171080999553908
23 4 9 8 54529 0.9343985140949298
23 13 6 23 55824 1.0898084068531546
10 19 0 5 67135 1.0165788074779976
10 4 29 5 61779 0.9016021927616439
24 4 20 24 65016 0.9379546814544861
22 5 22 29 62135 1.0662511995611705
19 24 28 23 25746 0.9974432584166141
11 11 14 3 42209 0.9817302965481631
1 5 8 9 35781 0.92596763995895
8 3 24 9 60903 0.9077050792661923
7 11 23 4 60486 1.0364695802847739
27 3 1 5 71564 0.9115990579395263
17 29 11 7 76783 1.0741047930073613
10 14 10 24 40243 0.9639693520010281
4 12 23 19 68122 1.050408796368739
0 11 14 24 64036 0.9462616434979058
27 4 16 2 35099 1.036991249972182
16 29 10 13 55539 0.9084525727839999
3 18 26 24 69036 1.0737245170403311
22 19 5 27 62901 0.9550755148239232
25 5 29 29 92805 0.9152852945020361
22 20 2 2 86722 1.0801822049495433
22 20 27 2 60910 0.949466155665157
7 14 28 11 64186 0.9853097025578968
23 12 1 5 79504 1.0492794860107644
24 21 6 10 67497 1.0061736914857686
18 15 22 0 51489 1.0669972031222386
29 20 1 10 103063 1.0248360502000962
25 19 3 2 91777 0.9694826344478199
5 17 20 1 88934 1.0220556066245037
4 23 8 2 55990 1.0728409132715755
1 25 17 8 79756 1.0440406891273901
29 29 3 0 129150 1.067196719666868
10 20 11 0 71319 1.0787233723813014
10 23 23 4 75423 0.9401690680903227
5 25 10 15 44297 0.9813621696395466
6 14 18 9 43378 0.9293712147676907
6 18 24 1 86420 0.9224800417391634
2 2 16 22 77383 0.9711133014087137
10 8 20 24 73779 1.0956114849177483
26 7 26 22 67293 0.9275836484429367
24 1 26 17 74880 0.9894780509969822
6 0 20 5 51843 1.0582425738949965
3 15 28 13 64084 1.0847715840086567
3 24 7 4 50373 0.9357790572366341
20 28 6 6 87543 0.9519267733242781
26 1 12 24 92121 0.9126495695306095
23 25 28 14 56554 0.906268094733187
18 0 9 29 97514 0.9046610910703787
29 8 25 0 53230 1.029101661491661
2 6 4 19 42674 1.0563860708615678
15 3 13 29 69300 0.9450657525199668
13 27 23 21 39546 0.9440915623261036
13 13 2 13 24955 1.011289874035202
28 21 12 28 57374 0.9767689150778786
2 29 12 26 41083 0.9564953134912372
3 14 9 26 43235 0.9913659616519414
22 8 26 24 54496 0.9705664095350905
12 3 29 7 62383 1.0174543451865439
18 15 27 26 66336 1.059855245738683
17 29 20 1 84351 1.0666102690191341
19 21 1 23 45354 1.0919250227436272
8 10 10 2 33690 0.9305319716352327
14 5 18 24 56935 0.9675049642464281
7 16 11 1 44958 0.9733481392933331
29 11 0 6 102769 0.9382185653462315
5 17 29 18 89620 0.9968668153213579
19 5 1 3 50416 1.0861351061591507
3 13 13 20 42571 1.029574236066887
21 28 16 20 29534 0.949425840421631
4 13 6 26 38808 0.9751490258683597
7 10 6 28 40977 1.0469645020529983
9 13 23 9 45678 0.9954560260423486
17 22 27 14 50243 1.0859269510111467
26 10 25 23 55312 0.9374981783394518
6 25 22 3 84940 1.0578994536648545
21 23 18 5 52404 0.9761538214771593
24 25 12 16 59254 0.9933750445834458
4 8 2 20 37996 0.9849281332238575
9 2 9 19 57793 0.9394228924598818
13 19 2 18 37266 1.0306110286774441
7 27 12 17 41609 1.0218216449440134
16 2 4 19 71994 0.9732831807799435
0 6 26 18 98617 0.9117905011106041
16 15 29 11 49224 0.9258902952064711
29 22 5 12 89906 1.0135749243262613
24 10 15 14 38814 1.0609373019471466
20 29 18 13 47029 1.0537419140139312
13 5 22 29 80286 0.9046954562788444
16 24 29 14 57597 0.9466864357716349
14 12 11 20 37775 0.9553632792524563
16 14 2 10 45402 1.048366739980007
16 2 3 16 60248 1.0066598072668649
21 11 25 21 30103 1.0786277185742077
15 25 15 14 35453 0.9252977471777099
17 8 23 2 32420 1.0245075065620897
18 4 27 7 41399 0.9747410179025827
14 24 2 23 34580 0.9602338899610142
27 23 13 13 53499 0.9240227440162528
14 23 7 20 24011 1.0608989369008126
0 23 10 10 56021 0.9814458880013055
6 10 20 6 63693 1.0335546592230636
0 12 29 19 94172 0.9864800351439573
26 21 12 10 63759 1.018073043242643
9 5 29 9 84253 0.9509547953457265
27 10 12 19 71926 0.9908111678438662
7 2 4 22 52631 0.9018672044689727
1 0 18 14 76209 1.0620283933931236
14 28 8 12 60918 0.9786734540744757
15 27 12 3 67397 1.0037586771882947
13 18 5 21 27424 0.9045151849104773
16 0 8 21 66931 0.9563634256763593
16 24 20 17 32444 0.9022115816075247
26 0 7 11 80506 1.0649698991004992
7 18 29 1 98459 0.9411330419562861
13 14 16 3 30303 1.0395011144629773
20 20 15 0 64457 0.9073114583945395
9 21 4 29 34163 1.0201711454331421
17 27 11 7 70083 0.9147914115447523
15 13 0 19 54718 1.0115838174844365
1 23 28 5 107652 1.0759053533942033
23 23 13 9 57291 0.9872848300873622
27 4 22 16 55026 0.9870499957957044
29 29 28 8 98245 1.0839118733875772
14 14 3 18 41759 1.0735645378545764
21 17 6 6 58831 0.9340026021144796
25 14 7 25 69560 1.005146513667081
29 25 4 0 126790 1.016621654300743
18 0 11 9 46618 0.9083274373286472
21 9 8 14 47852 0.9516570342790233
3 18 17 23 43431 0.9268834247169405
6 12 3 3 30621 1.0058536343786666
12 15 9 3 46913 0.9635617497341897
16 16 25 0 66145 1.0129903363898534
13 6 1 10 50846 1.0883341944812566
20 5 20 17 38244 1.0272947827343162
21 19 29 22 33665 0.9284147301297183
3 4 13 8 39786 1.0480611856340678
16 12 5 28 62074 0.9858076738376405
17 7 9 25 72413 0.9802449085387513
15 12 16 2 23183 0.9955207709114946
10 13 16 29 55539 0.9743964707213277
7 12 16 7 36489 0.9792132189833905
25 25 17 16 51683 0.9779989634086066
7 24 17 16 45631 0.9367514114778714
29 29 8 26 72819 0.9491604710473931
0 3 14 11 61275 1.0762621144330609
1 15 14 7 61922 0.9897410107421611
16 4 20 28 67019 0.9083738967869498
11 16 16 11 29537 0.9143635782740854
20 11 13 24 52235 1.0104093403384036
22 19 26 12 31194 0.9908950823534106
1 16 10 4 59852 0.9602794696969943
27 21 23 29 39950 1.0212721383982628
1 8 5 24 54730 0.9538848144450854
12 26 17 21 31439 0.9863959856487462
1 7 27 6 88636 1.0985490618802738
16 21 1 26 50991 1.0997135543716494
7 25 28 17 81117 1.060925581291562
5 23 22 10 66829 1.0439884389694387
1 5 19 25 97412 0.9518553074193932
4 1 5 28 77359 1.0221104082346382
4 3 10 8 24666 0.9895061639557106
26 26 14 23 42318 0.9162816015594634
24 28 4 18 73279 0.9814806141485458
2 6 7 13 32264 0.9866871471474488
4 23 15 7 66860 0.9846574774060682
9 3 24 17 75521 0.9322111809872193
23 20 19 11 34332 1.0340473681490514
14 5 16 14 27070 1.0562570088769827
24 9 3 7 79543 0.9130131570143817
24 23 14 21 28528 1.0175410006012586
23 23 7 24 41312 1.0713746974298466
15 13 9 1 53655 1.0930883668114932
27 10 14 24 71143 1.0318240444634659
11 7 15 21 55123 1.0289104431770988
28 6 12 21 85033 1.0611271260749846
12 7 23 8 42814 1.0591473038246157
7 28 4 5 60242 0.9030341032526327
26 1 2 3 69543 0.933080747465214
6 5 20 24 79700 0.9176036783414635
3 5 17 4 43356 0.9006527145042024
17 13 3 2 53912 0.973525767381427
26 8 2 24 95963 1.0461217611594247
27 9 20 1 48102 1.067469025677612
14 19 18 25 30225 1.0210168296723352
16 23 3 24 35806 0.9046876168329696
4 24 17 29 58625 1.0226456916512374
29 29 12 7 102213 1.03632158049892
13 7 0 15 53457 0.9285031311725797
8 8 25 19 74414 1.0770006844334163
16 0 25 22 70903 0.9929055681343926
6 19 28 1 103249 0.9532854012547047
3 25 23 12 70896 1.0133591167843499
24 5 1 11 85230 0.9250117554309799
29 20 19 8 64047 1.036533074950613
19 27 11 16 56868 0.9536709971389905
13 22 19 9 51760 0.9127268367970813
2 4 19 20 83869 0.9746878969030608
25 5 13 18 64078 1.0817072913510763
22 23 17 10 46462 1.0435359934535429
5 12 28 2 87362 1.0371157313799775
14 3 25 26 80737 1.0426080301666227
12 15 3 27 60638 0.9006391858181322
2 3 24 5 59851 0.9202832060402188
24 17 10 18 51606 1.0269106942994697
23 4 6 13 63601 0.9724975663854764
11 24 15 12 49856 0.9169135124159952
27 12 15 10 44555 0.9428404799454089
12 21 12 0 75357 1.0861219021086188
7 26 18 0 83554 0.9234936304632142
15 29 6 16 62185 1.0642021427651416
27 16 1 15 90882 0.9059629567262629
10 27 25 3 96545 0.9698859654435944
0 2 28 1 88912 0.9826593613293888
28 22 13 22 45820 1.0298193060712557
9 9 22 17 62615 0.9382701662505737
23 0 11 3 41371 1.068354180709078
6 2 21 21 76940 1.0536235906039455
12 25 14 13 48776 0.9477683019568315
25 20 16 15 39265 0.9759008412554044
4 1 2 27 74351 1.090797372868656
13 7 21 9 33321 0.9872396525431356
25 28 15 0 90605 0.9107001975549897
3 0 28 19 110817 1.090751235336381
21 27 3 12 77073 0.908775950138859
17 23 23 28 25906 1.0201163709274246
19 3 22 12 31869 1.038384987358056
21 25 7 9 67269 1.0215171202761222
12 20 7 13 32263 0.9911744723918873
25 0 2 29 127615 0.908250594697083
23 2 9 2 45549 1.023550945504129
7 17 1 8 38633 1.0652127126936963
5 24 18 14 61811 0.9340401835148044
4 3 6 19 45215 0.9173744816009439
17 13 8 20 44506 0.947300790407375
22 23 0 20 59271 1.0226233156018874
27 0 15 13 67676 0.9823489768064595
20 13 4 9 52226 0.915790031910024
1 11 21 20 69423 0.967745651666402
10 25 28 9 92277 0.9735198478949102
27 2 7 22 91891 1.0646612474028712
11 27 3 20 40357 0.9549441949631222
25 17 2 14 75943 1.0569986954586283
0 9 24 21 85687 0.9697323722291052
6 8 15 27 70703 0.9714129345430964
10 2 23 0 48546 0.9989353281936894
18 23 9 21 26117 0.9870569290721143
17 1 10 6 39152 1.0245754955392643
10 28 24 12 74123 1.0516301263872194
25 13 11 15 40245 1.068578528320782
26 28 2 16 87354 0.9977314077504427
14 4 1 22 82214 1.0201723646597272
13 9 29 28 87369 0.9617483181524831
14 8 23 23 57157 0.9386601457892764
19 12 29 0 71084 0.9854599382096304
21 25 5 19 56409 1.0188467731371516
24 18 2 29 80725 1.0029938526699882
12 7 6 1 38221 1.0313448752072027
1 24 25 3 105062 0.9640367588929948
29 5 8 5 72520 1.046771896743856
22 7 14 2 34923 1.0990247295063849
23 22 20 29 28025 0.9290960743478391
8 27 23 23 53401 0.9133283678407019
22 5 18 11 32440 1.0281835407134978
17 21 11 26 33748 0.9723050272891143
26 14 9 2 72323 1.0420834921381381
24 4 22 25 64866 0.9502811171027705
22 17 2 20 60496 0.9721340098093504
1 5 24 8 80788 1.0451901776152206
8 20 2 1 59661 1.0556083657269273
10 28 1 23 35173 0.96574910114572
24 0 5 25 109995 1.0149588185591516
21 14 2 17 61518 0.9412050017146397
25 25 25 10 61252 1.099506733637722
8 4 7 21 40358 0.9688511864441137
17 26 29 11 74625 1.0366597340288486
4 7 16 6 49393 1.0062849012741049
6 4 24 10 73040 0.9207690805417618
7 18 14 5 54621 0.9821178860949745
12 22 9 14 39373 1.0937504226293293
9 11 8 20 35809 0.9870666024642886
20 14 20 28 41489 1.0442291341153955
18 4 20 18 45603 1.0452584838575498
26 17 14 14 54843 1.0732826412091783
6 18 3 10 30477 0.9434631690351898
17 5 16 16 28152 0.966150895149275
5 18 10 7 41908 1.0284232577462478
1 7 10 11 43284 1.0512780022651378
0 12 29 0 110034 0.9917085694916351
28 28 16 19 50483 0.9243462361448062
9 4 5 29 70878 0.9779574720902271
29 10 24 25 72323 0.973466923350203
9 11 11 28 59592 0.965103456423645
25 12 29 19 51726 0.9373173181766759
27 23 15 28 39027 0.9371188062088821
22 2 19 27 71052 0.987446807182532
28 29 2 28 78850 1.0673126859586228
20 16 15 5 43639 0.9546229092237466
9 18 3 10 36721 0.9466748082817773
11 25 27 28 55205 0.9450837458181734
23 18 11 4 65090 1.034078330397338
1 21 23 26 64867 1.0521239144840882
18 28 26 5 78041 0.9299611421973754
26 29 7 19 71941 1.044054932312945
23 18 16 6 42512 1.011755031083704
28 15 3 20 89112 1.0289230709608745
13 13 29 12 42838 1.0727824536689603
23 25 6 27 57835 1.000629756315177
24 1 5 26 108760 0.915503657739257
10 26 23 21 49128 0.9274394879039243
24 18 14 1 62307 0.9220255091175314
12 20 27 19 52350 0.9272828129571495
17 26 23 11 55337 0.9620813132282955
8 14 21 23 57706 0.9409568557075355
20 6 3 28 95939 1.0107913409837357
22 26 11 19 49381 0.9701134955897182
29 24 10 6 99019 1.095563052766589
21 22 2 24 52262 1.020661661543332
5 7 25 23 84087 1.0956142072487394
12 4 8 28 75278 0.9598480345263126
21 10 11 22 49805 0.9862216555974612
11 9 17 26 66574 0.9248504313573428
25 5 12 6 48314 0.9466063685785389
0 4 27 28 125818 1.0306262778207602
11 15 29 11 62553 0.9928994318276873
22 13 19 21 21610 1.0755010388385349
2 28 27 24 78710 0.9904255342990687
15 18 20 3 48497 1.0255253748854787
0 7 15 14 59099 0.9589785927776794
25 28 8 2 102595 0.9331860472641058
28 9 12 29 94644 1.005421901314254
1 27 13 10 72620 1.0962156564308987
16 16 2 2 65734 1.0780303926325405
18 26 28 22 42017 0.9189533776371426
25 0 11 12 73690 0.9916344314009957
3 14 5 29 43051 0.9741257263459908
3 22 5 2 56122 1.0201168963765246
2 5 18 25 90873 0.9589504081337145
2 22 7 28 28687 0.932139010973897
11 22 18 6 61802 1.0496562612087372
27 15 10 9 68613 1.0817863068510118
8 12 21 2 58346 0.9723267102820422
6 1 10 23 60398 0.9064348900751447
8 20 0 29 42708 1.081250738540874
7 14 17 25 51981 1.0926374000292116
14 8 5 11 40468 1.0684281962879947
15 18 3 3 66276 0.9054404783207873
7 7 2 1 25504 0.9852839280039982
25 26 19 22 31731 0.9894544318629783
3 27 25 6 103294 0.9248574195593541
0 14 26 8 81271 0.9416009196691877
1 2 22 4 63218 0.9460943775726591
4 16 3 1 45335 0.9140274502583713
12 1 9 28 83955 1.0182217124697077
0 6 12 18 68019 0.9821674918402364
3 9 29 1 92690 1.0988413353501068
8 1 9 26 68363 0.935587072651925
4 7 17 15 61366 1.0900144064961261
9 13 23 0 64202 1.0867140609774308
4 28 8 20 30521 0.9326763744786417
6 18 1 6 49183 0.942515541756631
0 2 3 14 43999 0.9239278435326354
15 19 22 16 31880 0.9155016534949326
22 11 1 12 60724 1.047978722627315
24 12 3 19 69976 1.0279232738806487
15 6 23 20 54799 1.0371921638512962
27 2 18 26 83191 0.91090228171586
15 8 23 10 35135 0.9083592812690061
4 28 21 4 93135 1.0796791047257965
10 21 3 5 54646 1.0132864226826
3 28 29 4 121738 0.9306680761567145
9 16 9 3 43475 1.0368471215683697
2 12 5 26 44033 1.0398918525687935
23 22 1 21 53755 1.039247015325543
21 8 21 22 29890 1.0803254488472152
29 19 21 22 37118 1.0202112295568395
12 23 22 20 32004 0.9781239720121696
0 1 1 14 51329 0.9962192398545814
28 10 18 6 57266 1.094934745713093
10 28 5 13 45666 0.9917608089828384
25 7 21 0 30553 0.9211518533637326
14 4 3 0 37992 0.9354896215411017
19 3 25 26 73131 0.9170968576404157
28 28 13 29 42763 0.9136171776090363
15 19 22 28 38347 0.9936294847561087
14 22 27 13 50207 0.9000730687982033
20 10 6 7 59642 0.9798474219517357
14 0 6 4 38859 0.934730994454269
25 28 27 3 81647 1.093851214226084
16 13 0 1 66307 1.0887606214674064
20 25 8 11 74605 0.9623043945773588
7 14 26 1 76689 0.9574757720487928
9 19 29 15 83820 1.0013678350024264
25 1 2 0 76076 1.0082691111196078
19 24 8 3 75044 0.9868326065636317
9 0 11 24 76508 1.0459995691618882
0 5 13 20 74792 0.9713934885006648
27 16 21 24 48794 0.9434866779703344
29 2 14 7 54508 1.0202846519019704
3 14 0 22 25952 1.0189745171142945
19 19 3 5 77562 0.9455509868839572
8 24 1 9 58890 1.0330727351012834
22 28 13 21 39350 1.0891168252816994
11 17 19 4 56365 1.0611489983495417
17 1 0 16 76637 0.9814065146858305
4 10 23 28 92216 0.9998857222236878
20 5 6 24 78709 0.9550767831535266
0 4 1 23 63856 0.9572039495412299
13 22 26 12 53042 0.9860629509312564
15 7 1 3 49958 0.9387429236315172
11 11 16 5 36252 1.0245543111183477
7 0 17 7 42504 1.0442099941704561
23 11 15 20 42705 0.9237630516499803
23 0 12 13 56959 1.052344752608598
26 9 25 22 59909 1.0443147316750145
29 28 22 15 61108 1.097011280823518
0 29 9 8 69204 1.0655679166645917
15 21 8 14 39425 0.927852861238594
14 18 24 11 45865 1.0150749496881026
11 23 19 17 38800 0.9454593123956699
9 17 23 22 53310 1.0173690139594531
20 13 28 20 45065 1.008406472588079
28 14 6 11 68687 0.9326089310024073
3 4 12 7 37384 0.9282025311383523
23 27 6 24 59972 0.9732806400664719
12 5 23 11 56173 0.932571261507954
19 27 4 2 100897 1.0081483327453102
6 15 17 18 48978 0.9349480418648727
3 25 3 4 51728 0.9026279577601329
19 13 6 25 58903 0.9047572391828417
26 3 1 22 102777 0.9389093813358341
7 19 26 23 51692 0.9112661474465928
27 13 5 0 85547 0.9927178424738478
24 4 22 28 70458 1.0514683265751117
12 25 1 12 60018 0.9242339462359463
23 13 15 19 33211 0.9662735655541445
9 22 17 0 75656 1.04225746352875
15 1 0 24 93806 1.0393011090458781
27 26 3 27 80251 1.0312671766214339
12 2 4 20 69679 0.9844328101237886
5 8 23 6 65557 1.0583941800882253
22 3 24 15 43297 1.0453594829215396
9 12 19 29 72185 0.9139322664899109
17 20 8 22 32164 1.0627402859991324
22 3 11 15 53628 1.0036281398713955
26 4 8 17 86616 1.0503449371761444
12 9 13 18 36080 0.991881601481799
14 0 25 19 76600 1.017705325702622
19 29 20 3 69131 1.0834147720332148
22 18 12 3 53997 0.9101044460697111
23 12 10 25 62443 0.9337381767665531
2 28 12 29 32154 0.9772953028253885
1 11 28 10 92681 1.0073557932968835
0 15 28 6 103425 0.929915025201269
18 20 1 3 82298 1.080128246486378
11 0 19 18 68957 1.0998256044710089
14 2 14 28 71097 0.9389059120173948
19 28 8 25 44845 0.9738653719745122
24 3 12 29 89203 1.0935412159888271
8 13 19 10 37035 0.9181078595000867
26 17 1 10 92082 0.9688241496237011
6 24 14 10 55208 0.9307130220600314
25 1 6 1 67291 1.0343600445587509
7 23 18 26 38727 0.9616915751986634
6 1 11 24 67823 0.9037317979662768
29 23 21 14 38901 0.9685337239827956
21 23 20 8 36780 1.0934143541545298
9 6 21 15 59560 0.9672584345645412
8 12 17 15 38045 1.0405669412232719
3 26 13 23 32817 0.9505628454770657
10 24 25 21 45724 0.962825508603435
11 18 3 0 59781 1.0532945881238036
13 16 11 5 44744 0.9547857527456873
21 18 8 7 60019 1.0148384617785837
27 25 5 20 73712 0.942589107369707
29 16 14 25 75992 1.0949181589587484
22 25 14 4 70453 0.9224577568771019
4 28 0 6 66440 1.013046268638985
26 26 24 11 65206 0.945896508764393
2 19 22 16 66642 0.9765241210784708
3 6 2 27 55224 0.938611134206721
4 7 9 24 58549 0.9692841325843257
20 14 20 4 35384 1.0170994886984093
20 7 26 3 25268 1.0302640278362998
5 0 0 5 35173 1.0276127215515443
27 26 21 19 44110 0.9205412555511711
18 5 14 27 63173 1.0339855351362486
16 16 5 22 43471 1.0933754453311593
6 15 1 24 45181 1.0571168564969669
0 18 18 24 61836 1.089531316321544
26 1 14 1 46472 1.0924123550444653
0 24 9 6 65124 0.9392055886626773
20 17 9 2 70579 0.9819987559462003
0 24 3 6 53316 1.0927917823803965
12 26 25 26 55048 1.069400283683834
28 11 11 22 71892 1.0822173343751078
18 4 3 1 43597 0.9376047340806098
14 14 10 0 60127 0.935695168435147
22 27 11 20 46228 0.9756238859746806
1 3 29 26 126701 1.0912371186599379
5 17 12 12 41816 0.9614199038977078
25 20 13 10 60479 0.9612763666561444
22 6 24 27 63681 0.9236390672746079
9 15 16 12 31179 1.0380571751585461
14 6 25 10 53457 0.9290257819837734
15 16 25 21 37422 0.9010293562386723
4 25 28 6 116571 1.066652393309474
4 3 6 15 36940 1.0524768812622027
8 15 29 26 95815 1.0663186826478155
0 16 21 1 82370 1.0914982568835268
6 9 28 0 93848 0.9893869624763978
25 17 26 28 57098 1.0444945612662875
10 14 10 0 54198 0.9400865476149808
12 25 11 4 78012 0.9256266455367366
2 15 28 27 102290 1.0042219037426894
22 27 2 7 98159 0.9567094256243562
17 9 23 26 60878 0.9023436996025539
25 25 1 19 77896 1.0896014147853708
2 4 19 18 79375 0.9605138632994262
19 27 16 3 66140 0.9950696821570382
27 25 4 9 101633 0.9531822425985887
11 9 28 3 61014 0.9433876914698677
13 19 3 1 68763 1.0886650607155797
10 16 16 8 38942 1.0116972756375116
5 11 8 23 39991 1.033204716353821
23 14 29 4 54371 1.089168693711747
21 6 14 15 45415 0.9443355290826172
24 2 10 4 45926 0.9276264404323112
26 27 15 26 43292 0.9907760971969897
7 25 13 8 56246 0.9148462903954439
18 23 28 26 44680 1.0102431532783813
19 15 24 21 32638 0.9265060747314006
18 25 1 28 57425 0.963069544617825
6 19 6 4 40537 1.0581861023188155
12 15 9 24 49533 0.981503404036214
18 2 28 29 94927 1.0572926239933254
6 3 16 20 62586 1.0793817222135886
12 24 0 27 50807 0.9109945478788019
1 11 10 4 50608 0.9446263005428884
14 6 14 16 41846 0.9239915283754847
16 27 20 11 49314 1.057669941869125
4 9 17 14 49667 0.9147021870684113
15 28 27 24 45942 1.0465310963375338
13 29 25 15 72031 1.0205561591255852
17 14 27 16 48311 0.9181275931790769
3 28 25 24 69496 0.9074663687214902
4 26 18 20 52803 0.9280575043307616
16 9 19 25 47873 0.9465045411419013
2 21 19 7 74176 1.0317589615397973
18 10 4 8 52858 1.0636296863517978
18 18 17 8 34531 0.9507418570000168
1 10 1 27 58173 0.9740659530978177
21 4 8 2 40958 0.9342000347680011
1 20 18 20 47677 0.9626443915364384
17 14 27 9 49397 1.092636491381302
2 11 10 17 41641 1.0967320022346283
26 6 27 16 59345 1.0717758051092907
11 17 18 12 37495 0.9358847434107569
28 27 16 22 49956 0.9527188570089121
24 4 11 6 50509 1.0847956856603331
7 23 20 17 48897 0.9693053077953696
25 0 17 12 58558 1.0021189816394813
19 24 29 0 95264 0.968450350188529
14 2 2 11 57125 1.0156642320347316
21 16 17 9 28877 1.0758335598251105
3 6 21 21 77064 0.9249437096941261
7 18 15 7 49579 0.901751105843883
27 1 8 23 101333 1.0146769682623122
17 24 23 12 42008 1.024235911636373
21 0 3 11 72333 1.0012827806828013
2 4 11 12 48155 0.9632595846443118
24 17 4 26 79702 0.9797220290896044
22 7 6 16 64333 1.0103004462401382
2 25 8 1 70013 0.9775711543394592
26 15 12 7 62603 0.96931650680788
3 27 22 0 105464 1.0316572409651736
29 17 22 2 73459 0.9825598744054194
22 21 21 12 21137 1.0263518912142349
16 10 8 0 49468 1.0430103946393048
11 9 22 25 70840 0.9866758045557091
11 9 0 24 67664 1.062658663990196
28 20 5 16 83341 1.036258973847669
24 28 12 5 86399 0.9523317814677507
28 4 9 4 61804 0.9225302597629895
16 11 21 21 33533 1.0655944079254576
22 0 14 11 50671 0.9737232052312322
18 19 28 8 57134 1.0020601667330844
18 22 23 1 62001 1.0478062104272454
5 28 18 19 53932 1.028721595754972
29 9 25 24 76377 0.9877891243598713
27 25 14 2 88157 0.9216902476330342
6 1 26 17 97270 1.0669600206061876
26 14 24 0 61771 1.0358408781115347
11 24 6 1 67823 1.00976923849929
7 15 14 26 49097 0.9189045220111162
25 24 28 0 98215 1.0077402746139763
21 14 16 1 38212 1.0735517219117732
0 15 27 14 74209 0.9317270639547903
20 25 3 14 69835 1.008863323138431
15 18 24 5 55786 0.9085128786430391
17 3 13 14 33401 0.9860683100471328
20 18 5 26 58910 0.9117419180687333
3 6 20 28 96107 1.0467932478491242
9 5 25 20 87281 0.9272509277990996
3 19 7 3 44324 1.061995997651355
9 6 10 16 42446 0.9394496125987115
1 20 12 12 51556 0.9548908206808924
5 23 14 2 69805 1.0902184859140422
0 1 21 18 86871 1.0954204531456553
8 12 24 27 79174 0.9726357328911726
29 6 16 6 48756 1.0169995752505028
16 18 16 2 35563 1.0307188619384222
12 8 19 5 30749 1.048078993946035
7 25 25 14 69560 1.0747310451114296
17 26 20 7 63723 0.9774543850433376
14 12 24 14 33584 1.0923595310186465
4 29 28 17 102373 1.045273354928859
10 22 14 29 37258 1.046653718805095
26 27 19 10 65601 0.9655103592063033
14 3 1 15 65279 1.0593708516540319
15 24 10 15 46212 0.9618932602991876
11 17 23 12 46909 0.9541002207466205
11 12 13 23 45797 1.062174279821336
10 3 29 29 109017 1.0867821507645368
17 8 4 25 73971 1.008267735986458
15 19 25 2 67556 1.0984070608135434
22 23 13 14 46018 0.9725047883454888
1 16 3 8 32135 1.033789491364379
28 20 27 8 76967 1.030027238252009
28 2 11 13 68211 0.9774625814692498
16 23 20 4 58602 1.045854955621886
7 9 29 11 71452 1.047008279079632
26 29 1 18 90240 1.0509265863666093
