2385 2215 2203 2615 2213 2234 2295 2478 2511 2380 2614 2625 2245 2678 2190 2428 6328 6142 6288 5879 5858 6329 6381 6081 6254 6349 6228 6340 6264
1237 1283 1519 1446 1568 1476 1548 1336 1140 1158 1089 1335 1359 1018 1124 1513 1531 1353 1075 1248 1173 5934 6448 6437 5959 6124 6362 6463 6000
8596 8613 8799 8702 8369 8500 8564 8551 8644 8681 8661 8341 8530 8315 8315 8576 8784 8381 8526 8556 8337 8425 8322 8618 8394 8393 8450 8675 8329
4637 4815 4756 4866 4508 4627 4442 4529 4526 4043 3748 3913 3663 3846 3860 3607 3733 4030 4085 3802 3790 3908 4061 3568 3812 4065 3646 3875 3714
5903 5681 5759 5994 5899 5832 5897 5720 6035 6071 5958 5794 5741 6080 5784 5829 5878 5941 5775 6077 5701 5812 5914 5983 5824 5985 5640 5876 5804
2202 1961 1881 1943 2021 2183 1877 2065 1957 2021 2327 2106 2066 2260 2198 1877 2045 1748 1355 1583 1670 1416 1742 1622 1834 1417 1560 1533 1606
3683 3739 3862 3787 3841 3621 3700 3712 4049 4034 3677 4100 2516 2324 2002 2445 2203 1974 2092 2196 2510 2131 2017 2505 2264 2304 2096 2320 2155
1284 1449 1680 1711 1703 1350 1579 1650 1619 1493 1345 1760 2063 2056 2216 2133 1997 2119 2318 2186 2286 2230 1999 2009 1957 2153 2114 2183 1805
7274 7275 7335 7015 7475 7007 7073 7010 7504 7328 7433 7441 7437 7078 7248 7232 7013 7007 7366 7378 7222 2520 2322 2084 2317 2468 2471 2214 2134
6595 6776 6580 6483 6574 6310 6388 6455 6646 6571 6701 6457 6644 6343 6499 6398 6647 6764 6644 6263 8641 8166 8494 8254 8162 8654 8356 8480 8550
4435 4400 3944 3897 4007 4003 4382 4055 4065 4233 4338 4384 4070 4051 4196 4145 4349 3983 4426 4139 3901 7174 7705 7258 7575 7249 7333 7203 7707
4261 4407 3925 4051 4008 4285 4300 4340 4289 4344 3891 4144 4418 4417 4259 4384 4278 4363 4084 4214 3970 4366 4914 4724 4826 4617 4876 5133 4760
7248 7313 7185 7414 4503 4495 4908 4384 4543 4927 4763 4749 4528 4568 4855 4930 4641 4415 4693 4860 4566 4845 4600 4577 4791 4483 4712 4608 4414
7168 2536 2492 2708 2631 2602 2394 2272 2707 2400 2150 2342 2300 2703 2201 2666 2285 2420 2272 2702 2429 2652 2608 2546 2648 2611 2374 2556 2445
3139 3147 3427 3375 3578 3181 3568 3365 3393 3124 3362 3274 3115 3284 3475 3524 3125 3184 3426 5655 5466 5793 5786 5919 5607 5937 5726 5940 5470
8751 8583 8596 8778 8729 8357 8460 8281 2468 2818 2540 2930 2928 2793 2740 2900 2594 2924 2859 2857 2795 2422 2662 2803 2718 2487 2709 2829 2479
5125 5252 5535 5316 6119 6146 5992 6173 6309 5858 6139 6025 5883 6229 6153 5978 5918 5947 6207 5947 6295 6091 6380 6338 6226 5915 6216 5993 5940
2884 2554 2328 2880 2553 2389 2698 2589 2472 2740 2588 2756 2851 2641 2683 8141 7978 7981 7766 7800 7975 8064 7672 7952 7781 7965 8001 8176 7722
3275 3373 3008 3076 3040 3336 3182 3186 3119 3396 3402 2936 3421 2944 2987 3127 2987 3421 2909 2949 3312 3428 3385 2888 3133 3427 3128 4996 4975
6035 5691 5653 7110 7093 7313 7554 7163 7302 7520 7355 7058 7434 7233 7505 7517 7242 7363 7194 7184 7252 7097 7082 7368 7432 7284 7418 7196 7131
8321 8703 8421 8619 8696 8463 8521 8866 8438 8755 8803 8715 8763 8846 8862 8755 8612 8617 8600 8625 8680 8620 8655 8621 8854 8685 8332 8729 8716
4695 4793 4596 4624 4517 4847 4625 4417 4589 4826 4555 4921 2008 1958 1767 1566 1685 1755 1715 2029 1737 1529 1830 1573 1950 1870 1615 1489 1509
5713 5393 5260 5560 5645 5717 5568 5321 5671 5529 5734 5263 5343 5700 5280 5748 1591 1741 1778 1961 1442 1623 1561 1741 1754 1604 1656 1836 1927
2214 2065 2087 2171 2179 2281 1944 2052 2010 2200 2331 2156 1987 2116 2258 1856 2142 2270 2055 2185 2235 1846 2252 2750 2724 2537 2619 2672 2338
8319 8367 8321 8764 8637 8320 8298 8276 8513 8476 8333 3752 4195 3844 3710 3739 4118 4214 4023 3723 4117 3888 4084 3947 3817 3735 3913 3961 4117
4886 5187 5095 5136 5179 5273 5238 5009 5132 5021 5224 5078 5001 4877 5322 5234 5140 5331 5031 4821 5105 4831 4808 5111 4994 5046 4959 5079 2227
6633 6658 6363 6762 6372 6517 6655 6637 6505 6604 6873 6418 6441 6355 6554 6782 6747 6825 6387 6828 3976 4154 3930 3977 4272 4195 4068 3758 3780
5166 5540 5583 5640 5291 5576 5610 5600 5543 5264 5100 5550 5394 5509 5556 5266 5272 6962 7118 6837 6948 6703 6789 6741 6734 7105 6885 6635 6915
1778 1600 1648 1846 1970 1860 2121 1600 1957 1694 2112 1869 1779 1403 1612 1419 1569 1657 1855 1847 1704 1596 1396 1737 1544 1547 1727 1832 1570
5470 5462 5892 5626 5763 5394 5530 5830 5684 5514 5881 5900 5908 4276 4401 4688 4427 4455 4566 4730 4231 4476 4270 4293 4702 4462 4372 4322 4470
4348 5279 5749 4703 7113 6639 6862 6593 4924 4833 7468 2702 3979 6269 3609 4071 7195 2339 3870 2044 4697 2038 7477 3638 6709 7018 3148 3822 5906 8254
4521 5427 7000 6434 7169 7019 6872 6921 5339 5457 7108 2449 3584 6406 3534 4059 6716 2467 4025 1888 4788 2122 7618 3412 6655 6809 3147 7041 6381 8255
4170 5242 7391 6287 7099 6596 6499 6777 5316 5187 7378 2672 3805 6422 3544 4010 6802 2060 4157 1861 5152 1835 7570 3843 6601 6722 2929 6918 6220 7957
4343 5006 6898 6625 7207 6792 6913 6382 4829 4953 7534 2369 3856 6589 3720 4075 7000 2157 4169 5117 5017 2355 7357 3609 6884 6761 3295 6932 6055 8365
4230 5020 7294 6532 7059 6793 6851 6425 4914 5110 7580 2537 4011 6641 3705 4195 7226 2046 3849 5361 4695 2269 7447 3777 6594 7039 3250 6645 6072 8210
4264 8207 6867 6124 7016 6848 6762 6731 5338 5459 7489 2329 4060 6243 3561 3947 7238 2473 4024 5284 5178 1971 7364 3429 6639 6829 3063 6949 5855 8148
4555 8355 7114 6118 6983 6622 6555 6910 4951 5340 7070 2761 3597 6686 3924 4014 2422 2191 3937 5074 4915 1895 7571 3799 6712 6626 3388 6607 5987 8068
4094 8494 7006 6490 6890 7089 6457 6891 5256 5410 7595 2332 3958 6245 3984 3866 2478 2216 3999 5130 5155 1969 7756 3729 6636 6919 3430 6546 6114 8135
4469 8434 6913 6373 6858 7049 6667 6558 5273 5233 7480 2457 3562 6349 3519 4047 2335 2297 4022 5281 5047 1992 7738 3772 6761 6746 3433 7057 5940 8256
4260 8228 7000 6431 7100 7092 6490 6941 5219 5163 7240 2465 3649 6631 3879 2404 2632 2071 4237 4919 5019 2331 7307 3646 6676 7053 3351 6952 6003 8313
4634 8494 6960 6574 7242 6572 6907 6897 4981 5073 7585 2557 3638 6713 3637 2594 2488 2255 4241 5335 5188 3446 7417 3862 6555 6542 2931 6836 6223 8263
4223 8394 6886 6107 6751 6579 6662 6599 5223 5415 7388 2662 3989 6387 3552 2685 2511 2231 3703 5312 4708 3660 7586 3706 6843 6906 2962 6823 5913 8162
4436 8292 7285 6349 6901 6626 6528 6648 4939 5435 7422 2676 3869 6600 3538 2933 2577 1982 4084 4998 5146 3441 7332 2067 6910 6933 3177 7043 6075 8058
4230 8159 7063 6445 7225 6849 6557 6901 5306 5268 7548 2577 3761 6736 3713 2436 2322 2120 4015 5094 5120 3282 7249 2055 6746 6624 3294 6916 6369 7884
4356 8081 7172 6112 6878 6746 6711 6945 5318 5350 7557 2360 6259 6299 3825 2371 2385 2459 4065 4912 4872 3266 7569 2084 6696 6672 3259 6703 5872 8400
4344 8471 7113 6339 7137 6560 6424 6582 4916 5433 7168 2386 6441 6320 3768 2897 2394 2097 6708 5043 4606 3434 7473 1799 6859 6978 4646 7102 6254 7984
4367 8501 7070 6271 6913 7760 6888 6474 4972 5426 7559 2780 6298 6766 3531 2765 2641 2352 6675 5168 4692 3358 7799 1967 6746 6685 4531 6754 6007 7868
4252 8319 6882 6532 7074 7779 6777 6924 6911 5249 7361 2537 6193 6303 4003 2407 2786 2108 6812 4851 4779 3529 7461 1977 6814 2099 4480 7036 6135 8408
4622 8304 7257 6483 7044 7462 6509 6409 6939 5405 7560 2355 6189 6208 3576 2665 2826 2055 6625 5091 4952 3234 7334 1963 6674 2532 4439 6688 6131 8226
4504 8446 7004 6334 7047 7625 6844 6904 6913 5074 7155 2519 5973 6701 1971 2443 2380 2303 6636 5278 5048 3318 8712 2011 6507 2488 4832 6778 5926 8010
4146 8464 6977 6365 7020 7404 6548 6562 6822 5132 7327 2756 6355 6646 1571 2850 2329 1950 6574 5015 4730 3475 8836 2032 6611 2573 4879 6547 5986 8146
4259 8506 7222 6228 6869 7403 6495 6522 6681 4920 7105 2777 6480 6296 1935 2461 2640 2223 6897 4955 4792 3267 8399 2169 6415 2140 4899 6945 6012 8304
4248 8307 6946 6543 6808 7415 6737 6845 6751 5429 7279 2640 6074 6498 1595 2411 2703 6160 6918 4941 5019 3324 8704 2104 6899 2518 4593 6601 6011 8118
4320 8341 7077 6326 6860 7623 6522 2658 6761 5249 7121 2579 6314 6297 1777 2750 2614 5847 6949 5340 4690 3605 8476 2222 6563 2556 4776 6555 6077 7918
4524 8017 6969 6150 6776 7389 6440 2609 6422 5361 7411 2655 6299 6379 1846 2624 2426 6203 6667 5134 5122 3597 8567 2088 6893 2278 4939 7093 6321 8228
4588 8191 6928 6347 7069 7554 3970 2628 6702 5167 7146 6496 5994 6584 1889 2788 2799 5824 6636 5044 4904 3385 8506 1849 6699 2109 4468 7057 6268 8056
4145 8352 7165 6109 6857 7375 4391 2447 6484 5349 7246 6672 6123 3995 1592 2532 2449 6156 6759 5335 5088 3423 8800 2135 7195 2088 4568 6955 6514 8015
4270 8259 7062 6176 5697 7357 4357 2837 6649 5061 7156 6318 6088 4278 1841 2810 2323 5902 6756 4899 4749 3494 8651 2245 7098 2233 4760 6651 6579 8239
4374 8359 7337 6285 5643 7693 3979 2431 6745 5364 7407 6154 6235 4210 1637 2562 2557 5935 6647 4956 4992 3123 8882 2269 7097 2556 4583 6542 6703 6979
25 20 19 15 30485 0.91691987161845
7 0 12 28 73674 1.0126816003558705
19 14 0 4 72211 0.9151807747295918
6 26 29 20 70677 1.0600105638085613
0 8 0 25 48123 0.9995481165894624
26 16 6 24 62309 0.906139901166022
29 23 21 2 65551 0.9712429426989068
8 11 0 6 30533 1.026622086770374
17 23 5 22 35286 0.9494920949599112
1 21 4 9 30573 1.0622029313775763
7 26 23 8 71101 1.009937351885248
9 22 27 16 64520 0.9193780745032512
10 15 25 23 49350 1.0928417896961464
20 24 2 7 81396 0.9609006075336166
18 18 8 21 38487 1.0594867153213026
14 15 26 19 46931 1.0987992132752806
10 6 3 24 64657 1.061312066844313
27 14 21 21 22888 0.954343312196572
8 5 3 10 29869 1.0858073176260161
3 13 11 26 51008 0.933271859796866
14 29 3 28 55060 0.9750600386123429
15 29 19 3 88519 1.0328054453964477
16 1 13 18 61312 1.0920640374371635
19 0 1 29 125523 0.97390270902425
19 23 7 19 38416 1.0326830894551493
22 12 7 0 60322 1.0465668419481016
20 11 29 8 38206 1.0954067068836657
22 28 1 1 86253 0.9014984024168061
16 4 19 28 79920 1.0880992451926135
26 6 2 10 85026 0.9360426434484808
5 16 22 2 78213 1.0719690750732664
23 25 6 16 53232 1.0806200703589526
21 25 29 7 46456 0.9871097000349089
22 19 9 27 53226 0.9989532773455827
23 13 13 17 28108 1.092927038005358
17 10 28 28 56418 0.9032205730889652
3 24 28 18 77982 1.0314293134575887
3 2 15 24 80888 1.0955263130848762
27 6 23 12 26701 1.044045462667373
23 11 14 6 39922 0.9631221801486398
3 22 16 4 81971 1.0606527924885145
18 12 3 20 58716 0.9637334145267098
28 24 19 20 31423 1.0802261531808202
21 18 20 6 45220 0.96212283099914
20 28 16 5 72288 1.0028954572919826
19 4 8 13 67467 1.0791277291160732
10 4 15 10 44455 1.0327962232027141
26 8 7 13 67784 1.0919451229867
13 19 26 16 36492 0.9296405497324467
3 23 18 18 49173 0.9832099993493884
27 18 10 5 86875 0.9108100668896647
7 12 1 25 48261 1.0576566236440583
29 27 7 10 82135 0.9309046810634739
13 2 5 20 59080 1.049027895746518
18 18 24 24 30331 0.9327101642061884
9 6 6 16 33460 1.0827506952365362
26 0 7 16 83638 1.034146068683908
18 5 25 27 74239 0.9193646815108535
24 6 4 7 77780 1.0959677450568162
6 16 8 26 26550 0.9735854615639451
17 16 5 29 48829 1.0816256174078989
22 15 7 26 55465 1.042986048175428
20 8 11 21 67830 1.0770827191065966
0 8 26 2 104493 1.0109665816748155
20 11 2 20 64124 1.024927707546118
7 15 23 23 49059 0.9876289723479365
17 28 5 24 53338 0.9606901137816465
13 0 29 14 74588 0.9687437693665762
6 9 24 19 66922 0.953024462859027
14 27 4 4 82838 0.9727609015621221
2 0 5 14 35780 1.0441520094166286
9 11 24 28 74548 0.9500848080219877
26 29 5 20 74448 1.0082993105806817
13 21 16 29 33408 1.0305083426246215
26 5 9 7 86799 1.0299881426162845
10 6 27 28 99480 0.9783849832429901
3 5 27 6 96486 1.0714665466326467
20 1 3 13 93066 0.918247123670892
23 4 11 22 66974 1.039063862896035
19 3 0 29 125053 1.08770930003023
26 12 16 24 53739 1.0261311200615821
27 9 13 15 48994 0.9148431629209316
17 0 9 6 61766 1.0917631727986612
16 13 27 28 62624 1.0856060591833054
11 5 2 25 83151 1.0853344357656005
11 26 26 1 97990 1.0434148613507648
7 10 5 1 26539 0.9374367064343996
27 2 16 9 64617 0.9904228232692739
4 28 14 12 57184 1.0100620398020095
16 7 11 17 42562 0.9877843380074216
28 6 19 10 41940 1.0555075167214085
9 6 25 13 75904 1.0733629505776598
5 17 22 24 49230 1.0543309337201872
28 22 16 20 40442 1.0428849601704282
7 3 9 24 49240 1.0962300901378628
3 23 10 11 41043 1.0666221084671252
3 15 9 27 44973 1.0142065617029483
11 3 0 2 64402 0.914284624696374
12 21 18 28 36155 0.9046589224010072
2 25 4 2 69123 0.9645408473486797
9 24 21 14 53036 1.028861459990934
13 14 25 29 65083 1.056595788325108
0 5 5 10 26740 0.9608860452055832
3 19 29 25 74718 1.047469292396921
28 29 21 8 59203 0.9759776985837316
14 0 25 18 83210 0.968277071240025
18 2 29 28 86741 1.092185861241712
27 7 10 12 56901 1.0403624751847622
14 17 22 3 53842 1.0449457491773158
0 8 13 8 45834 0.9514654055489946
8 27 25 6 86518 1.0468570846050487
29 5 6 14 80738 0.9094364258768769
9 13 7 26 39449 1.0227088087987772
24 24 5 14 61882 0.9592713820401642
14 28 23 7 65162 1.0535789877678037
1 11 28 24 78479 1.0057403252690362
13 2 16 18 49476 1.0426984132733288
18 25 4 21 44137 1.059499767113752
21 19 10 6 64379 1.0257401240129345
3 28 8 11 47674 1.0251761242336506
7 8 4 1 28447 0.9008686898761067
19 2 23 19 64244 1.0588199202382031
0 1 13 24 68663 1.0911325477800369
27 24 26 4 54409 1.018512391874522
5 3 11 28 72572 0.9599614968084423
12 23 26 3 78539 1.0944892228969114
11 19 23 26 47151 0.9217571916987927
24 12 4 19 61988 0.9985000805048084
4 15 12 5 54215 0.9051769664697117
11 25 28 8 70113 0.9252850750725559
7 2 10 26 55728 1.066121281679671
1 15 17 27 71151 1.0788607647513255
10 25 24 10 72607 0.958452525307881
2 9 18 2 78192 0.9186397818608103
13 8 12 17 23736 0.9992797434292698
21 3 18 14 46846 1.0684876192862816
12 18 5 9 37049 1.037892036101956
21 23 13 26 23693 1.0843015512264238
8 12 25 29 85406 1.089030963054073
26 12 3 23 78916 0.9981956370737161
28 3 4 11 78032 1.0458172629460432
1 19 23 9 65656 1.0575008132055306
15 1 4 27 95277 0.9978358248319874
15 28 7 16 47817 0.940400387005642
26 4 2 23 104315 0.9596488191096115
1 7 18 3 72533 1.0851523016614795
27 4 21 22 50320 1.0707937828512764
15 17 3 13 39686 0.9956228068968023
12 12 4 26 51377 0.9674692003303333
19 14 27 11 27386 1.0195903300551667
11 19 9 1 61532 1.05917517576239
28 13 0 28 96780 1.001219890922128
3 15 23 26 67582 0.9234845329992559
3 6 16 27 88875 0.9876282142453159
16 21 4 25 44340 0.9345557800341986
17 2 7 11 48489 0.9809178181384078
25 21 2 9 79145 1.0771322472231746
8 10 12 29 70165 0.913766950217533
27 12 9 22 74813 0.9485612790672808
11 24 18 27 32955 1.0927746179820919
1 27 0 9 55404 1.004711669255497
7 28 20 11 68442 1.08528391550034
11 18 22 7 56265 1.0586754745607825
10 5 19 19 70025 0.9130223749857536
11 18 19 8 52569 0.953320175400825
10 2 3 20 66336 0.9168009351253773
29 17 6 29 83550 1.044681055646348
19 14 22 0 41113 0.9307968675310351
27 16 28 4 23719 0.9644541061345673
15 4 17 13 37686 1.020648137140294
13 5 23 9 44743 1.0804235936776665
25 15 6 5 70385 0.9144173221323445
25 13 22 5 34992 1.0082123486288923
0 22 10 18 37177 0.9658303884345809
21 25 11 25 34734 0.9322612650401838
2 8 7 22 36132 1.0607031203138622
6 12 2 18 26353 0.979403249169033
23 11 12 0 62183 0.9363491804476174
25 26 9 15 61233 0.9987469918277021
1 17 15 5 66266 1.0213755536166265
25 21 21 7 50422 1.0610092269744098
7 0 21 24 71752 0.9851555105664681
4 3 26 14 80623 0.9460224685756284
6 12 16 2 60916 1.0678860188093657
9 29 12 3 91251 1.030536977074272
4 8 8 22 38482 0.9177455528671499
11 18 5 4 44869 0.9433878213047843
3 9 24 11 61202 1.0345675033906832
17 24 20 13 39925 0.9061934265056382
20 26 22 14 27820 0.9316126528751678
18 15 10 0 67257 0.9275904248347778
18 8 2 10 58828 0.9089642228411068
21 15 4 17 40457 1.0384818892700876
11 20 9 5 56899 1.0869105302132729
26 0 23 14 42597 1.0354604488790944
2 10 16 14 53627 0.9514258700956966
28 26 22 5 54920 1.0002170357772506
18 9 27 12 42274 1.052976324914471
28 5 12 13 61778 1.0428071107891514
23 28 24 10 48066 1.0596675657054013
15 22 25 18 42707 0.9862700047383459
15 15 22 18 22323 1.0728288784337021
28 4 7 13 72382 0.9970015828761286
1 25 26 18 96220 0.9365443870090611
16 19 23 24 34551 1.0561229621713524
29 20 1 24 89476 0.9641960974377144
3 22 22 28 61144 0.9378899643928265
5 10 24 27 78585 0.9725370819951388
4 15 26 5 87669 1.0949145122977229
9 7 21 18 64032 1.0308005260994788
1 0 4 24 47484 0.9882759458127296
7 9 21 22 54324 0.9972865254079858
23 11 17 24 41110 0.9866262481644712
8 14 18 29 70894 1.075810369813483
1 19 28 9 72668 0.9836373298451333
27 12 20 5 54946 1.0135068896268093
26 4 29 29 62510 1.0624816948269964
5 11 20 0 72395 0.955265989942731
8 24 5 8 37974 1.0343944082918932
10 18 29 26 62278 1.09872490666699
19 17 0 23 58700 1.0993865963382738
20 29 8 26 57699 0.9153443348398751
22 16 3 2 82255 1.0651230142021113
26 27 4 15 76825 0.9739799573241543
13 19 26 26 45598 1.0109217926504812
15 21 20 7 62439 0.9530851203035818
11 28 6 10 60976 1.030620825419775
13 14 28 18 43534 1.0228792465857182
2 27 25 15 80153 0.973651376391139
13 3 18 9 39302 0.904186997228871
1 27 22 3 107048 0.9759534289547311
24 9 29 28 54729 0.9994598885918676
7 2 18 12 44855 0.9767795233214811
10 3 29 20 94736 1.0816505645547403
18 11 22 19 27179 0.9071254095163832
6 16 17 4 55931 1.0058027419623696
4 0 10 21 55734 0.9593516887668803
13 17 23 20 30166 0.9122583556987635
18 18 2 18 44663 0.9387479367921474
24 11 20 29 46133 0.9615259112917162
15 1 23 3 49859 1.0859554172221384
22 15 4 26 58509 1.0218150442548115
11 25 9 6 69585 0.9720760679202908
29 1 0 1 115971 1.066593581218808
2 15 29 20 81761 0.9481737007590787
2 9 14 1 70536 0.9135348682242228
3 13 12 24 53987 1.0198596581755197
21 5 11 20 76082 0.9450308464033155
20 9 5 3 66550 1.0530038990322386
21 20 20 8 40196 1.0162152169513423
26 15 29 29 35321 0.9096848901795294
11 8 22 18 53324 0.9439124065543991
11 7 5 22 51336 1.0694474609888172
19 7 26 13 50685 1.068506199330606
28 29 3 15 81632 1.0448524621911555
24 3 13 22 67392 1.0881779903938362
6 19 23 14 45301 1.0544211517524322
27 21 20 28 35724 0.9021256287427727
9 16 12 25 39011 0.9411909011933899
18 14 6 18 37454 0.9241818073670999
23 21 8 10 64130 1.0125338007989364
5 1 28 20 91325 0.9733664580193071
7 20 2 12 29711 1.0635498070690266
19 7 12 21 59913 0.9384385528807124
4 12 24 22 69579 0.9832683992726422
4 15 6 23 20592 1.029711687765602
1 20 26 10 79977 1.0626315688030514
25 4 7 25 91040 0.9790227022130764
16 13 7 22 45802 0.9611910328804307
8 17 1 27 40250 0.959156192200952
10 27 19 1 105687 1.0248634356516484
20 9 9 22 75281 0.9176826443071809
0 20 18 8 69076 1.0350549035483865
8 10 20 11 37764 0.957537736303991
22 15 8 5 64115 1.0554258273039958
3 25 17 20 57270 1.0101998367873164
28 5 0 27 105432 1.0637318942692235
15 13 2 18 45397 0.9482684380655622
15 14 22 1 57836 0.9185761462171387
24 20 2 21 63608 1.0903819271705757
3 10 6 17 23679 0.9985190387800643
12 26 28 12 58140 1.0746431708098392
28 13 16 16 30173 1.0638138160231614
13 2 20 27 78447 1.0122676399322474
21 25 20 1 73433 1.0274112053851554
19 6 5 14 62105 1.0507675182419978
23 28 14 29 52183 0.949955040552914
10 14 28 3 67695 0.9123414500286158
1 5 26 23 80109 0.9509670781311952
27 23 0 12 77141 1.019991916314656
16 20 3 24 48766 0.9046853004693265
8 4 5 19 37621 0.9270576940848692
26 2 12 27 95756 1.039352907365473
3 6 29 10 99711 1.0068311596012336
21 1 15 5 49738 0.9292215432790241
12 6 0 21 63484 1.0639855292002056
16 6 26 3 71550 1.0497059942222764
13 11 0 27 68422 0.9896175475887656
17 24 4 4 82240 1.0505159172717022
26 7 17 2 54305 1.096240791872278
10 15 10 26 42960 0.9743549293209482
3 8 0 27 64984 1.08006031723021
7 22 18 7 64256 1.0813546794514928
17 3 11 22 66799 0.9552779844111101
24 29 15 6 86737 0.94546014763853
21 13 7 16 39469 1.011335806865153
2 4 14 6 65230 0.9771549114172695
10 15 25 24 54461 1.0604734570932144
16 13 29 9 47224 1.062560400808887
21 25 8 0 77796 0.9665710348145788
19 29 4 21 68889 0.9272361691758144
19 22 4 28 60975 1.080702060597009
17 13 8 16 31002 0.9000727646184962
5 14 25 11 57592 1.0922967369455236
10 17 20 10 47282 1.0567637433046833
22 10 14 20 48793 0.9905881073862502
1 26 25 27 84412 1.0849243291429023
4 19 10 12 34762 1.036690454900572
13 24 15 4 63385 0.9210231147200928
6 16 2 8 30012 1.0672162917087473
5 1 25 0 89309 0.9050720704231983
22 10 0 3 74511 1.036192254732973
21 28 4 6 83902 0.9674717596525557
12 7 25 20 70652 0.9756059899043753
22 2 8 14 76900 1.0104526265272338
12 27 28 4 78035 1.0124661679524773
24 14 5 24 56621 0.9046611588375509
15 22 6 15 38327 1.05088607786038
14 16 10 23 29325 0.9873999788086351
1 3 26 9 87022 1.0259462615393522
17 6 12 26 63752 1.0391061960010732
28 7 18 23 46508 0.9543960695412427
16 23 0 29 73422 1.0925746532933192
9 9 3 22 45258 0.9873385447310029
8 7 8 29 54631 0.9198955561018953
10 18 25 3 72346 0.9641142968931345
20 11 25 27 49842 1.0631383833020542
0 16 28 22 78925 1.027515321116894
25 19 17 7 53287 0.9171502732521086
23 16 2 13 61999 0.9115915548405809
7 0 3 16 41688 0.9023861646169697
21 24 4 15 55445 1.0925083354786442
7 16 10 9 26053 0.9495066968327109
8 4 18 5 65039 0.9573908050301393
5 27 21 4 94588 1.0559018816241243
25 26 18 14 40358 1.090250039190298
14 0 24 21 81790 0.9584805184766864
6 10 20 11 39101 0.9137718396083053
13 19 24 29 52482 1.0188094169929793
28 12 25 23 24066 1.0876039705566405
18 29 6 2 94033 0.969883364166713
25 16 15 1 73760 1.0956431987827129
28 19 7 9 66990 0.9866536026542212
27 21 22 27 25884 1.0903116288348693
3 20 13 27 44188 0.9213045247781231
14 26 6 1 75393 0.9869709071436191
20 15 23 0 37940 0.9394032844717846
13 21 22 25 26811 0.9789835033387382
15 7 19 21 55374 1.0724245749872645
23 18 5 0 79056 1.0862690446904268
10 8 29 1 87394 0.9309685022730084
18 20 11 16 27788 1.0012999323959682
4 19 15 22 38289 0.9339463635250088
26 11 20 5 46770 0.9618886159868034
6 16 1 8 24673 1.0482669094204067
27 9 12 12 57555 0.9344696504370026
18 29 27 21 48883 0.9326499027178315
18 22 2 29 71887 0.9659907374701988
14 29 3 10 76221 1.0642886794393933
19 10 28 28 56293 1.0072944711825875
9 15 16 10 33624 0.9577883985777677
8 2 4 25 58034 1.081555424691756
11 18 20 4 72370 0.9342530473188031
16 26 12 17 33858 0.9327850661758081
18 9 7 7 40694 1.058271006494657
25 8 14 4 65550 0.9123735867468498
10 6 29 17 79874 1.0190414388620495
11 8 25 5 67477 1.0305589642505597
1 8 15 27 65518 0.962183565227634
4 4 18 13 60746 1.0015901990972413
0 26 12 1 92836 1.0837277610825191
24 21 24 5 45306 0.9802139775601626
15 1 23 15 66864 1.0156187178642795
23 8 1 19 67666 1.047672409521765
4 28 0 21 27815 1.0253541976917182
25 2 29 9 39521 1.0217064779166456
13 10 21 12 27341 1.031440166241065
18 27 7 11 62818 0.9324798081383733
7 15 5 0 33777 0.9138139846056637
11 26 23 21 38203 1.0259330125155914
5 6 23 3 73341 0.9170210611492355
0 16 22 29 75404 1.0180458036336315
5 1 22 1 81930 0.9896199200864467
14 9 11 0 41437 1.0087922950803068
10 4 25 21 88590 0.9724496126181038
27 1 23 11 41076 1.0414840216897838
25 13 22 27 33769 0.9195769605476153
27 14 18 11 26410 0.9495010341392484
21 0 24 29 80849 0.9233827506847554
1 12 25 9 72429 0.9650780415112894
13 29 11 14 44505 0.9662660693929682
13 12 10 24 44131 0.9844151562464446
29 14 17 21 39922 1.0844136838936702
27 21 17 5 61421 1.0538422531828726
5 25 22 24 51264 1.0810672298837483
22 21 12 24 27885 1.0447249645149639
2 11 13 29 64534 0.9096618962916955
14 7 23 9 40885 1.0800520238830846
15 21 28 1 65252 1.0782790949189032
4 18 15 22 38132 1.0088734245271744
4 0 11 14 50810 1.0455033223396946
13 5 5 22 54335 1.016420781158013
28 20 12 17 45482 0.9600230779459011
16 4 14 28 82930 0.9362788180713444
27 10 29 23 31243 1.0401740405813835
16 2 27 10 69393 1.0023748032926716
3 0 13 29 85576 0.9950296319079096
6 28 12 6 72266 0.9478838722239326
17 3 5 12 53357 1.0230207360959969
28 23 22 8 43151 0.9674757663938616
18 25 9 8 71233 0.9977350090100146
24 3 17 27 73603 1.0621388298605776
3 4 18 10 64998 1.0982552602642741
24 5 12 9 56113 0.9453410710304394
14 15 23 7 38547 1.0444168242588916
19 16 1 25 67797 0.9993945829803489
20 18 0 4 74865 1.0442448464403369
26 25 3 24 69976 0.992670000565214
25 7 25 22 46018 1.0613652764425343
9 13 13 21 37404 0.9631673624675705
1 11 12 25 56016 0.9247270870137897
24 16 12 19 36265 0.9860955080888159
23 17 19 26 32163 0.91571521381671
26 15 11 7 64125 1.0139824381685696
26 28 5 1 105254 1.0355020133281831
3 29 10 5 79322 0.9173909651385458
7 27 1 1 51201 0.9621267804622666
19 26 20 4 76200 0.9255917932760297
0 26 10 26 32434 0.9330976777920033
8 8 24 28 84681 1.0418596743910813
25 13 13 25 48725 0.9059608912326622
21 10 15 18 34249 0.9203759244420653
7 26 13 13 42164 1.0663003624538518
11 1 10 12 48781 0.9059135679576658
20 26 19 17 25120 1.0731381393377106
6 12 27 0 85058 1.0429410682001814
13 23 19 8 59076 0.9209007052975973
16 2 15 16 49764 1.0801507996698991
15 11 2 15 44098 1.060189384580613
16 27 29 9 71877 1.0336484437665157
7 26 17 17 41337 1.0410327569885465
18 14 5 11 42180 1.0574788821650558
13 20 25 9 54786 0.9412506272714876
18 18 24 29 46093 0.9155278148405955
13 28 23 6 64562 1.078228913073271
19 6 20 23 56858 1.0821098044560733
2 1 11 10 47809 1.0929569766065965
21 25 0 23 65700 1.0487747943547345
15 20 27 0 68505 1.035969499919253
24 29 3 22 76588 1.0443656792662908
21 3 3 8 91913 0.9128623146210564
5 4 11 26 60620 1.0027107842868028
13 24 4 3 70345 0.9524956659949426
6 10 25 23 67902 0.9693157186335136
4 17 20 21 47917 0.9553134971585308
10 28 3 7 73659 1.0188101505732101
27 7 4 26 85541 1.084625647747768
14 24 16 3 73753 1.0067407934030979
28 28 20 23 25231 1.0983539636291484
2 23 15 29 56407 1.0943661174602772
0 16 27 11 81419 1.0400745525486959
19 2 26 23 78031 0.9234688754711101
22 25 10 1 92666 1.081022743523461
17 3 12 16 45801 0.9761095712346033
20 24 8 25 43931 0.997360819954412
21 20 5 13 49039 1.0312394191210459
23 24 0 28 84131 0.9926433690903471
21 17 27 1 49211 1.0486749931141002
0 22 18 14 59899 0.950356796948359
28 29 14 27 53511 0.9219077036581648
0 0 29 13 94024 0.9319945922014137
6 28 16 17 46169 1.0716439780349762
17 27 0 22 71625 1.091528470577296
29 17 5 14 67392 0.9986234902001501
8 26 15 6 75154 0.9237324389118123
18 15 13 4 39578 1.061392390665882
12 10 9 18 36624 1.0440938007722012
12 4 21 7 62714 1.0224127982928997
9 14 10 5 41460 0.9748652127409966
11 1 20 8 71855 0.9292416868399663
27 25 27 3 46556 1.0161687236946262
7 29 15 14 50909 1.005723157928398
0 12 26 27 87962 1.0314327051332948
27 15 6 27 73434 1.064258296672683
23 6 16 17 36112 0.9417694985931285
15 10 17 29 67821 1.0765427632006281
24 16 8 26 58730 1.0318755268327422
1 15 14 2 64521 0.9052034065057546
5 17 1 6 22881 0.950714778540376
9 24 16 1 95510 0.9312151249760969
25 26 11 10 69392 1.0199300178955149
4 28 26 0 109857 0.9186999967378264
18 8 8 18 54897 1.042521315482229
26 16 16 21 38506 0.9595972468608172
19 28 5 14 72026 1.0818107806400405
19 14 2 2 75063 0.9970821865530842
3 7 7 13 29490 0.9024963557331304
19 6 29 5 53241 1.0474066737724639
15 7 3 2 73750 0.9093625492851659
25 13 25 25 34565 0.9203132198685373
7 7 0 15 30131 0.9605731579975949
11 19 15 25 30205 0.983049662744163
18 28 2 25 71401 1.066751873259433
11 1 7 26 70063 1.0072697038061849
24 6 10 1 80575 0.9995743626312285
14 29 18 15 53615 1.0786560589185363
1 18 10 16 24189 0.9394631555764761
11 2 24 12 68263 1.0571726707747438
25 3 24 20 53359 0.953576651192087
0 27 23 15 79667 1.0523639084557692
25 17 16 6 56112 0.975416565061104
16 23 1 12 51878 0.9359539537361031
8 7 0 21 42882 0.9685917700097079
12 18 22 24 36545 0.9659863771478246
0 29 1 13 61248 1.073053232864542
17 29 23 11 61452 1.0895489947447747
13 25 4 23 36981 1.0808655730391759
22 3 3 12 78456 1.0217592998151206
22 7 10 14 59197 0.9278780974902615
15 20 3 5 68907 0.9655070574643758
20 16 28 8 28951 0.9551110967715114
18 15 10 5 55393 1.0192720320051551
10 5 18 10 49013 0.9041009599126549
21 27 10 24 39789 1.0245511466459494
13 16 0 25 56506 1.031289750604127
16 11 6 7 35489 0.9758068742190097
3 7 14 13 49782 0.9749696439411709
18 23 2 16 56941 0.9959654290808738
23 5 3 17 66988 0.9756831728336495
19 25 9 20 43162 1.0805998624362805
25 27 18 17 39489 1.0377454809343751
6 20 15 0 72243 1.0461225141963584
21 22 6 20 44222 0.9118067074872298
22 24 10 22 37138 0.9446625718827273
23 26 26 7 49435 0.984374584995134
10 28 28 28 69263 1.0476931567648464
16 4 20 26 69783 0.995492739243409
29 0 8 20 89378 1.0144177635236449
14 25 4 5 75914 1.0557144655937272
27 4 9 21 81700 1.0421194232155013
16 18 1 12 45614 1.0907778167376052
15 29 26 16 52182 1.0633579739236028
22 16 19 9 34447 1.0478606145823242
21 9 7 5 53836 0.9393531040216208
4 2 24 27 101827 0.9034490132925476
0 16 17 3 72613 1.0437191498217617
19 15 4 10 53821 1.0883871063702129
6 11 19 7 50062 1.0433331911530799
26 14 25 3 41415 1.0129390862890475
13 3 4 19 60366 0.9345677308638661
5 17 6 1 40823 1.0895330873533222
22 29 17 12 44478 0.9092321548528022
16 15 2 9 54685 0.9988970277895612
6 24 29 2 94642 1.056378034866736
28 22 29 11 24464 1.013138103116345
6 11 20 26 66349 1.0757048171925958
28 1 22 7 31069 1.0385309968530414
9 17 25 2 74091 1.0458242147913064
3 23 21 17 52060 0.9506044151665185
9 0 4 15 43341 0.9113788739358301
24 8 20 25 44800 1.0791979539846996
24 22 3 27 69541 1.0468225666114523
21 9 14 18 41794 0.9737492878857499
23 7 25 26 49259 0.9380514062101314
27 26 28 3 44454 1.0332575357307958
23 5 4 23 76076 0.9904100438878898
24 15 6 5 67761 0.9537049030841058
11 10 6 26 47952 1.0408615922588775
5 16 14 14 30623 1.0873924548774283
7 21 1 28 37343 1.013016338917865
27 12 24 26 39649 0.9511682585976192
18 29 24 17 50548 1.0842512605840722
11 6 2 20 62436 1.0553767193800914
26 16 11 10 53128 0.9328644390447082
24 13 1 5 73686 0.9818804990988211
28 15 6 24 67058 0.9848589766983536
0 16 11 16 33991 1.0132002063209498
18 21 25 24 26513 1.0594447924008683
5 28 28 23 66676 0.9124066791328261
24 8 6 24 76062 0.925197427890449
13 9 19 15 29637 0.9574391058067157
12 14 26 13 43737 0.97454952312536
29 10 8 3 89550 1.0568372649567288
1 9 18 23 59404 1.0936461356239457
29 6 22 13 34754 1.0317544354981616
1 22 25 11 74714 1.0062306749572794
16 29 9 2 96557 1.0564277549205063
23 26 21 8 48754 1.0775264684378554
23 27 1 28 87554 1.0756274734166384
16 28 0 29 78681 1.0306634833993769
15 2 0 4 81244 1.0272466657584036
12 9 24 1 65333 1.0782715499976212
0 26 23 23 68813 0.9154229214844662
17 13 12 0 52206 0.9003509869767335
10 13 5 20 31129 1.0329373658098697
19 14 18 23 25161 1.0440859192815914
8 24 16 26 31838 0.9955521270640358
3 14 26 16 63061 0.9158510040995478
28 14 14 18 36001 0.9883085034685807
26 24 14 21 34508 0.9300802073562588
24 0 2 26 101682 1.0521373805510512
2 2 24 16 80181 0.9422058413045635
16 20 1 16 45802 0.9991680658374844
12 13 9 1 53771 1.005516814864727
29 2 10 17 70601 1.0082490355138645
21 24 3 19 55642 0.9744363568590203
14 27 29 9 71051 1.0016084684148714
24 1 6 19 81221 1.007672259321597
5 27 11 22 27561 0.9137267358850064
3 20 26 18 77486 0.9845102519909091
29 19 24 6 44301 0.9292976111809511
27 10 6 3 82906 1.037221963271277
27 22 15 28 44651 0.9208545422380087
16 8 4 14 48055 0.9929476537588419
21 15 8 8 55242 1.097927936657525
0 15 21 6 82455 1.02330355263804
5 12 27 10 71534 0.9314222175246696
26 7 13 26 65583 0.9650938093707271
26 1 22 25 70863 0.9816400010278177
18 26 1 21 53876 0.9337873516711839
7 12 12 5 38060 0.9637270784938824
9 15 19 13 35631 1.043752205631624
27 18 12 24 52498 0.9219046288851659
29 21 16 4 70516 0.9355490262970128
11 15 6 25 35902 0.9053209739267055
2 28 19 25 71604 0.9043301381720608
13 25 28 0 74407 0.996127275584331
25 26 21 17 28222 0.9858296618360055
6 13 12 3 49235 1.0825103492239723
12 5 27 22 82608 1.0393444582164084
11 4 18 15 53230 0.9429693508521508
25 0 11 5 81483 1.0515932370995407
27 29 7 19 75467 1.0204150569302644
27 25 14 9 64969 1.0682833397500093
8 4 11 25 66404 1.0265143128197243
29 6 11 18 62027 1.0761412704063078
29 10 7 8 75067 0.9561753566957981
29 11 4 19 72322 1.0349280319025305
27 22 14 8 70053 0.9563557184470747
11 3 8 20 62321 1.0761958791285857
10 10 19 25 60248 1.0901983970572269
8 4 26 24 84919 0.9854390585594751
13 2 0 19 64974 1.0673971990164453
22 25 9 27 50133 0.9533074444326214
23 23 4 19 54740 0.9188108505363126
12 1 26 19 91229 0.9198473900729894
26 24 25 12 38212 1.0869970909694877
11 1 21 13 67851 1.018484852299507
19 1 22 20 66873 1.0759401816090077
20 5 1 23 102725 1.0554119779066435
2 25 28 3 103866 0.9910363699494114
4 14 27 2 91399 0.9818324831224372
22 27 26 5 61113 1.0561048000829285
5 0 24 28 100650 1.043674870443736
21 18 26 4 50167 0.9248111852256549
8 18 27 8 70243 1.0680442423713845
22 8 5 4 73669 0.9639093951168606
16 29 23 25 41884 1.0043399523975758
24 29 7 26 68992 1.0689312714478
7 22 22 22 42399 0.9669284210191489
3 1 6 13 38944 0.9909704533331088
7 29 12 22 34693 1.0190469780890847
1 24 2 7 43192 0.9771963248718761
14 15 6 13 29305 0.9329353752174397
3 4 15 26 83005 1.0306954290361028
8 27 23 29 60365 0.9822332808497086
25 1 17 3 47527 0.9320613160558268
21 24 12 14 40302 1.0432785852417152
23 25 2 2 89392 1.0036634972270106
24 13 18 21 31432 1.03088737705873
12 25 27 20 51580 0.9386585990459735
26 21 24 1 61508 0.9392168683397747
5 28 0 4 48862 1.015954709484074
6 10 15 11 26524 0.9343728521117585
22 24 29 7 43884 1.0009178350433343
15 16 5 21 31064 1.054995212355945
29 2 10 18 74584 0.9005316920939851
5 14 28 14 58773 1.0628278607218031
2 26 21 15 62272 0.9566299868320101
16 4 3 7 75861 1.0290057227769476
13 0 7 28 78758 1.0158294406937425
21 2 6 7 87276 1.033450309883571
1 2 4 21 31321 0.9160823165422303
28 1 2 5 103536 0.9004890232270019
6 14 25 26 67559 1.0887060205641166
9 8 1 28 71708 1.0716175517490782
28 8 9 8 74809 1.0095303192118228
11 7 2 2 61072 0.9036319693874483
13 0 25 7 63536 1.0679878430040626
13 21 3 13 44452 1.053445114744707
29 9 2 26 90735 0.9662931361179471
6 9 3 27 46937 1.0456056290628952
16 24 26 26 35607 0.9458716198394471
13 5 24 21 62540 0.906126761853775
19 22 15 11 46364 1.0419986413641285
19 29 26 10 69168 1.0898102426184846
18 22 8 4 70061 0.9476466487441655
28 26 2 13 85282 1.0707119239704648
7 18 13 11 29493 1.071755607159867
11 2 26 6 85000 0.9503736765735457
23 7 13 11 34280 0.9766740627988596
0 16 8 0 47409 1.03606859874397
17 24 0 10 68448 1.071173542164025
15 25 14 5 60614 1.005375600342878
15 19 24 18 36111 1.064396135553077
25 13 10 23 53166 0.9523743210132591
24 7 29 14 24572 0.9664321733709522
0 12 26 21 77470 1.0796882737437605
7 26 24 11 67139 0.9583828150050343
10 23 19 20 34594 0.9369012555723549
29 9 14 8 62414 1.012597129600674
13 14 21 27 42199 1.0553825926516571
27 9 19 25 50590 1.0428659628532246
4 13 17 25 65344 1.051165000358375
3 19 22 27 62992 1.0737623269033412
2 14 6 3 39791 0.9906107554200697
1 20 20 16 49451 1.017599158194061
28 24 16 7 64043 0.9461221888424186
13 9 6 29 60520 0.9143524395547535
12 13 5 7 35210 0.9789701022660562
17 20 9 3 73107 0.9123434503311828
0 24 5 4 58036 1.0911789255797206
26 12 17 20 47222 1.0446480115850671
7 6 10 16 25359 1.0317315978939465
2 16 24 23 66553 0.9567849655963497
27 17 8 12 66996 1.0788012849386432
27 28 11 15 67951 0.970606292694496
25 7 26 29 58384 1.0769013898502868
18 4 24 12 42039 1.0281526161846735
16 18 26 5 61107 0.976620388505612
27 9 18 0 58205 1.0960731769658465
24 17 7 3 68420 1.0237185879620367
8 7 14 16 40569 0.9616144910638318
17 22 27 10 58062 0.96713107769007
4 5 6 17 34248 0.9406550884483338
6 29 14 4 80351 1.0362484674801296
9 18 25 29 72619 1.0380243721978786
0 11 20 6 75246 1.065238784835354
0 9 25 18 80878 0.9514948858334228
11 0 12 27 85993 0.9912959550148952
4 26 16 9 65403 0.9075463099265175
25 22 17 12 45182 1.0318016315554788
1 6 19 17 53788 0.9847951733956443
11 1 22 20 80296 1.0056974441686677
6 29 14 4 80351 1.0675356791419888
9 11 5 20 26364 0.9905420386237292
25 0 19 6 48465 1.0841047097756205
20 10 29 0 55945 0.928288449436082
26 17 10 4 87624 0.9829160368837102
22 5 22 20 40380 0.989520141323202
20 24 14 6 67091 1.013916972152277
21 4 23 29 69626 0.9203840903425635
15 13 29 24 54905 0.9871450109415958
2 24 26 27 84840 1.0388641372923868
9 0 14 22 69601 0.9205218882440515
29 25 24 8 48998 0.9488757737196548
19 11 11 17 33705 1.0790272345428427
15 16 2 5 56084 0.9286447846342131
18 0 1 21 86025 1.0218626657023888
18 11 25 1 50311 0.9826343682469937
2 16 26 19 76099 1.022328447256469
25 5 17 3 57847 0.9684186836020123
16 18 15 5 54028 1.0932487966573856
15 23 20 1 81659 1.0815161712662127
15 19 2 12 46937 1.0678979458091056
20 27 17 19 37486 0.955785543438648
8 22 16 27 41333 0.9806777603509382
4 10 15 3 61155 0.971568813521526
9 4 5 28 58856 0.9108422510699689
1 21 9 16 25053 0.9526375232003285
20 20 24 12 28593 1.0510176982787656
15 16 6 29 48640 1.0588682245258527
10 23 19 27 38781 1.088602176110762
8 29 27 12 83516 0.9262622505403075
1 20 20 17 45616 0.9489667123520157
24 4 13 13 52186 1.0649321373200307
0 10 19 3 79609 0.9729549924380504
9 19 23 25 52835 1.0525607210507248
24 5 0 25 106913 1.0649475686450918
12 18 4 21 28774 1.0922556704535196
0 24 4 7 58149 0.9855735804566624
29 17 24 26 31714 1.0495804229918935
26 29 25 15 44576 1.0554559924018905
17 7 3 22 67418 1.0760378169174842
12 28 19 8 77886 1.0098434243117194
20 13 13 26 47910 0.9791506925855749
26 19 24 0 60212 0.9767420462826015
24 8 16 21 52259 1.0837867111155186
11 24 10 4 75536 0.9910028279237724
25 11 2 24 82270 0.9348308794686839
7 8 23 0 68827 1.037930702776242
20 19 1 20 56051 0.9810560385163141
22 2 11 12 61370 1.056974403770654
27 21 11 3 88368 0.903815418337828
19 8 28 25 63043 1.0635324171524414
14 14 29 28 64267 0.9210044071155031
3 9 20 4 82233 0.9194312321701111
16 13 6 3 50832 0.9634563361422561
3 26 24 24 65758 0.9778823485690237
12 14 20 8 47292 1.0092075700910217
16 27 26 8 78095 1.0972147385217048
19 16 26 27 39942 1.080897487506685
24 0 17 8 51226 1.0296602283950276
29 1 5 13 91274 0.9591944584537736
18 23 29 15 36423 0.9140296080837091
2 29 23 18 85937 0.9458066243473225
20 6 4 28 97868 0.9046365301287459
10 16 18 23 34826 1.0855007835548343
13 25 27 4 73232 0.98432633839015
19 22 2 3 83397 0.9183182617091793
8 19 10 3 53536 0.9761174749875748
8 29 29 5 98362 0.965917603147633
14 12 28 23 55576 0.907982997460196
26 6 16 27 78038 0.9525215917627843
3 9 12 24 61845 0.9646223032880562
4 8 29 2 95699 1.077745057060953
1 12 27 21 76914 0.9174347566257682
10 12 21 14 41301 0.9845640373715298
8 16 2 11 25374 0.9120960909582518
5 8 25 8 71100 1.0396635300000592
21 9 8 12 49141 1.086274769431608
11 22 21 3 81916 1.0753053738056506
3 10 5 26 35593 0.9049516711573554
28 18 9 20 63825 0.9617044005870685
2 2 16 15 66261 0.9959996018874735
26 0 23 19 53178 1.0200873788006375
27 10 18 6 52834 1.032096250407681
20 12 24 28 47586 1.0307777632747261
16 11 21 21 33990 0.9090316398952534
6 3 26 16 75645 1.0441738015940492
10 23 0 7 50194 0.9908888364026212
2 13 11 25 56529 0.967254842654419
6 27 12 17 35191 0.9761524585374176
25 16 22 7 30851 0.9249719210259384
19 17 0 11 50219 1.045460813262401
16 28 6 10 70737 1.096088383466974
7 5 22 8 63164 0.9699893673263893
0 17 3 4 33802 0.9987404086995263
25 2 23 19 50141 1.0528516241064765
1 9 11 27 55694 1.0423743612281926
12 17 29 12 46336 1.014960239196883
0 22 8 12 41033 1.09116548674979
1 23 23 16 65832 1.098947191515985
3 25 13 7 65847 0.9144623164344724
3 27 27 25 76174 0.9228226939151891
28 24 17 28 42745 1.0983142598646225
3 21 3 5 38048 0.9652964264974107
23 14 15 16 22219 1.021977870397453
16 4 6 23 77371 0.9153111878668053
16 29 19 3 96503 1.0361408081203372
29 22 10 2 102991 1.0977710195000387
29 9 12 12 60370 0.9625931867817761
10 27 17 13 60035 1.0698049287842804
20 13 29 10 35649 0.9248295942392134
4 1 21 19 76438 0.9297501149467292
26 4 17 13 56893 0.9106003229515475
2 12 16 24 61800 0.9377581762374648
26 12 0 2 89926 0.9443799328027365
12 27 20 2 97384 0.9820362177023372
9 21 27 18 63992 0.9388126257509195
5 27 20 22 56954 0.9819911427770912
27 27 14 19 55415 1.0176031631750544
23 18 0 17 56882 0.9920288047065174
3 19 8 5 45299 0.9993122467463224
16 16 6 17 24629 0.9741826220006643
2 9 8 17 31194 0.9370334161634436
16 3 9 14 59234 0.9045589601011413
23 21 14 2 73829 1.0419039972223167
8 11 23 11 38504 1.078070152248341
15 5 17 17 50433 1.048830827296019
21 9 14 27 62623 1.0298440562616844
26 22 6 19 58950 0.966018838969585
28 11 17 16 31180 1.017106369389357
25 12 0 29 106197 1.0026507733327668
23 7 16 21 47550 1.064077417295902
3 1 25 19 97159 1.0445292221439302
15 23 24 24 22191 0.9658498868826643
17 13 1 9 48223 1.0189370396844186
28 26 27 14 21324 0.954215583870714
8 13 13 24 45328 0.9719855103974597
7 14 5 25 23980 1.076608433476937
23 1 18 13 40724 1.0430228366767516
25 8 21 20 39175 0.9336890307620873
5 14 28 28 74639 0.9914810798091184
25 4 6 1 93403 0.9655346441822101
16 21 0 15 51232 1.0578579539663566
29 20 11 6 80955 0.9509852966703495
5 4 26 3 96368 0.9272873669393686
27 24 11 27 54016 0.9025145432378034
24 22 2 1 90722 0.9322261773670042
7 14 4 6 28067 0.9393487850287572
11 7 9 29 76564 1.0696714444972517
17 26 6 25 40706 1.041712596251177
14 15 1 13 39019 0.9944040879131947
12 12 29 11 57354 0.9894814916323997
12 24 24 10 57386 0.9377530880262559
12 7 18 16 40917 0.9544970748894562
12 6 3 3 63346 1.059369566899445
18 6 20 29 66469 1.0831637764292137
8 21 29 24 57392 1.0856595373081626
0 19 23 6 73706 1.0759866871704569
3 15 24 5 81951 0.9716784928555064
10 16 11 1 56254 1.0169822021355899
26 29 12 21 55514 1.0529972949866109
26 11 4 7 72451 0.9109483341104566
29 26 7 18 66998 1.001470264827045
29 18 9 12 69723 0.9230937386566903
22 2 18 8 46490 0.9734273367486811
13 20 26 10 57249 1.0283033909603296
18 25 4 21 44137 1.0705858356924969
22 13 18 19 25291 0.9478474993866695
21 26 6 3 77277 0.966011996926648
23 26 11 4 83628 1.0151188112626408
24 11 10 12 40545 1.026379862281881
16 15 14 28 44328 0.9470090745708204
20 26 9 24 47695 1.049224617973031
26 14 21 0 43812 0.9153728935131251
23 1 7 28 90177 1.0603024315823344
26 16 7 9 59915 1.0503687210014299
6 6 28 20 80240 1.0394958524001807
28 2 14 2 70609 0.9769690096974067
11 27 2 20 45703 0.966318725956424
13 20 11 1 62543 0.9664475372155895
2 11 15 2 64408 0.9730087138844309
13 16 24 13 32547 1.0620558538656855
16 27 2 29 67836 0.9438550201886093
2 12 27 12 80574 1.0798592445620092
9 6 3 1 43348 1.056187543008543
13 25 28 5 65565 0.9619777760978773
23 28 20 14 32759 0.9350464504683749
25 1 7 7 84207 1.0372899124794266
8 25 16 23 27392 1.019014929477129
10 4 29 21 92655 0.9636647623161334
20 3 24 17 53409 0.9501167490928467
7 3 18 6 56524 1.0159204055224693
6 29 3 2 65646 0.9238048107561043
17 21 11 8 54722 0.9837052912901064
20 5 0 8 85925 1.03910274484315
23 5 8 26 77767 1.0207685598199128
8 15 16 3 61492 0.9977798339568865
22 5 9 28 95807 1.0478959795294411
15 8 12 22 45369 0.9554053402535038
21 13 29 10 29003 0.9830567063824165
26 13 9 13 60628 1.0267464523437215
0 15 0 2 26574 0.919649486911896
11 22 10 12 44063 1.0274914735395382
29 26 27 18 24565 0.93752306819856
29 28 9 16 69999 1.0811525556948944
9 14 22 19 44424 0.940472122107814
14 7 3 0 65225 0.9384265457208725
13 23 23 14 35031 1.0506455658032943
24 13 2 27 80825 0.908937450797295
14 21 5 29 36717 0.9160420426147375
18 0 10 29 109586 1.0078883622015662
0 26 23 6 90660 1.0687058259271276
27 11 23 27 45725 0.910969331390653
24 28 15 1 98984 0.9541712767332442
7 1 2 22 53708 0.9539571580487709
13 28 28 19 49978 0.9007776525046706
9 29 9 17 42177 0.9557178159437418
22 18 14 29 46708 0.993340394376359
11 20 20 7 70427 0.9526969887160301
23 0 2 27 104997 1.0843559053191105
23 29 13 29 49415 0.9453661752173353
17 28 28 5 73285 0.9863855181190238
27 21 9 27 65768 1.0041119528744253
3 3 26 1 117529 1.0951636822419526
1 21 18 27 57004 1.0116007985184285
12 4 10 22 66098 0.908939160560219
11 6 21 9 54764 0.9342449075417723
17 10 14 25 53351 0.9770802463231466
29 16 26 25 21783 1.0886303139328086
23 15 13 11 34204 0.9286864413076207
20 21 13 24 25268 0.9491672092372274
22 24 9 6 77601 0.9930394289860881
25 3 11 7 77090 0.9871954646175549
1 5 27 4 97120 0.9270958632606697
5 5 27 21 86621 0.9846370290362082
1 11 16 9 45994 1.0304012081212424
25 16 10 13 49061 1.0340341754614462
0 8 14 29 78280 0.9137518019442172
2 9 26 24 84043 0.9808364790932504
3 12 19 9 53901 0.960835490018116
9 7 0 8 42984 1.0059901292155353
26 7 8 7 70322 1.036592965148512
17 3 7 26 77643 0.9382670628440631
16 19 4 16 41045 0.9390541298088348
5 21 6 11 21237 1.0378435039999745
13 13 23 10 32660 1.0249387772740832
22 21 28 5 40670 0.9132966617175664
