3374 3361 3406 3224 3310 3369 3263 3487 3504 3407 3236 3504 3234 3493 3397 3458 3474 3507 3283 3326 3244 3511 3392 3384 3437 3223 3250 3444 3227
7237 7145 7099 7305 7263 7175 7222 7158 7045 7186 7080 7321 7172 7130 7150 7195 7052 7142 7314 7128 7234 7156 7259 7240 7090 7074 7075 7061 7083
5406 5341 5184 5252 5216 5368 5165 5457 5383 5445 5425 5442 5271 5455 5178 5219 5405 5374 5420 5341 5237 5190 5424 5368 5232 5181 5406 5251 5347
7972 7930 7991 7829 7786 7949 7744 7954 7913 7861 8041 7966 8030 7964 7800 7987 8006 7884 7879 7763 7791 7952 7999 7872 7974 7937 7743 8000 7803
5921 6016 5812 5981 5817 5877 5840 5938 6093 6090 6054 5970 5965 5977 5943 5975 5876 6054 5916 6102 5896 6028 5847 5917 6099 5926 6097 5917 6072
4910 5015 5078 4857 4923 5030 4981 5138 4917 4976 5140 4893 4946 5061 4906 4959 5017 5067 4865 5062 4938 4999 5082 5010 4916 5086 4935 5053 5070
6159 6210 6393 6316 6306 6122 6268 6181 6345 6253 6390 6183 6370 6125 6411 6321 6309 6338 6277 6158 6258 6376 6378 6264 6378 6167 6143 6408 6275
3358 3190 3277 3272 3289 3222 3102 3343 3269 3149 3211 3170 3277 3167 3226 3352 3299 3117 3320 3388 3354 3185 3343 3329 3305 3110 3246 3124 3142
4526 4289 4473 4475 4493 4549 4283 4344 4370 4296 4458 4310 4570 4321 4371 4498 4348 4446 4470 4368 4478 4334 4343 4327 4324 4458 4443 4477 4558
4946 5050 5162 4944 4984 4990 4996 5030 4995 5120 5056 5204 5017 5182 5159 5010 4951 5087 5164 5009 5063 4956 5130 5014 5134 5087 5158 5085 5220
2076 1790 1922 2025 2019 1929 1918 1985 2023 1993 1999 1898 1802 1937 1830 1918 1824 1852 1852 1794 1928 1967 2001 2039 1892 2053 1900 1991 1928
2735 3019 2742 2766 2760 2995 2792 2814 2813 2850 2885 2873 2767 3018 2836 2944 2742 2974 2931 2835 2745 2803 2970 2988 3026 2775 2981 2885 2947
4038 4092 3997 4068 3944 3990 4133 4144 3953 3901 4160 4120 4054 4155 3977 4094 4193 4133 3979 3908 3963 3953 4091 3909 4125 3999 4102 4047 4188
8276 8133 8372 8359 8240 8088 8377 8148 8174 8323 8317 8211 8223 8234 8343 8376 8155 8269 8082 8109 8234 8236 8203 8110 8199 8205 8245 8091 8202
7660 7599 7583 7533 7471 7691 7716 7652 7477 7528 7507 7531 7692 7475 7648 7705 7635 7693 7651 7629 7729 7443 7505 7446 7718 7560 7490 7550 7598
7444 7236 7446 7371 7477 7185 7332 7288 7252 7235 7313 7313 7357 7343 7356 7212 7329 7389 7447 7363 7340 7215 7258 7266 7268 7282 7412 7457 7222
5788 5925 6009 5891 5928 6052 6061 5970 5848 6024 5884 6009 6041 5785 5907 5814 5848 5947 5861 5810 6040 5779 5941 5887 5942 5955 5832 5981 5990
4362 4143 4159 4241 4217 4096 4109 4165 4101 4242 4122 4318 4355 4363 4112 4126 4189 4117 4366 4221 4131 4187 4136 4092 4110 4346 4085 4266 4107
3317 3441 3201 3372 3235 3365 3389 3338 3248 3417 3167 3366 3319 3392 3307 3270 3267 3230 3331 3243 3429 3397 3327 3396 3202 3378 3166 3270 3277
7234 7063 7157 7090 7125 7271 7056 7258 7122 7291 7097 7014 7018 7249 7176 7039 7260 7279 7053 7087 7276 7210 7148 7124 7084 7197 7127 7208 7261
4991 4965 5131 5021 4981 5132 4897 5008 5048 5028 4870 5065 4837 4888 4874 5076 4951 4917 5098 4999 4877 5061 4901 5072 4896 4900 5008 5073 4858
2323 2333 2334 2225 2186 2233 2237 2200 2389 2278 2401 2448 2296 2247 2296 2454 2282 2388 2300 2202 2173 2174 2331 2214 2248 2267 2286 2225 2423
2004 2189 2097 1971 2048 2057 2127 1970 2081 2028 2201 2223 2221 2131 2062 2018 2233 2080 2032 1969 2099 2081 2175 1995 2089 1964 2106 1974 1971
8551 8511 8404 8353 8405 8364 8446 8398 8512 8363 8335 8466 8373 8445 8478 8531 8372 8370 8416 8550 8393 8411 8456 8431 8531 8564 8538 8326 8511
1639 1685 1679 1576 1638 1670 1655 1813 1696 1744 1650 1586 1750 1615 1717 1543 1599 1652 1636 1836 1611 1768 1679 1663 1579 1676 1653 1628 1620
8261 8117 8194 8350 8223 8213 8263 8340 8220 8366 8305 8246 8181 8383 8169 8240 8274 8284 8156 8108 8181 8377 8276 8214 8237 8269 8244 8166 8229
3585 3419 3583 3523 3467 3463 3462 3380 3382 3397 3442 3512 3382 3565 3585 3593 3418 3524 3451 3408 3566 3436 3631 3538 3379 3535 3352 3560 3547
5695 5870 5612 5724 5839 5874 5598 5713 5789 5676 5719 5740 5798 5694 5631 5618 5611 5612 5827 5650 5790 5727 5860 5638 5666 5663 5591 5640 5732
3636 3568 3630 3632 3737 3715 3593 3554 3514 3783 3707 3602 3656 3775 3735 3654 3632 3646 3493 3741 3749 3496 3757 3733 3545 3722 3606 3723 3739
8498 8432 8409 8577 8656 8413 8499 8432 8476 8616 8516 8536 8676 8514 8696 8628 8426 8578 8416 8523 8692 8669 8454 8697 8432 8692 8639 8564 8470
2115 7405 8666 7153 3108 6817 6819 1440 1185 4046 4920 3825 1214 3743 4175 1544 5491 2854 5750 2081 2088 8787 4946 6420 2840 5511 3463 3276 1680 7180
2108 7483 8781 7386 3000 6762 6910 1508 1236 4191 5185 3923 1213 3689 4092 1625 5339 2875 5485 1993 2099 8739 5079 6295 2705 5249 3409 3440 1769 7139
2001 7294 8695 7376 3110 6968 6929 1433 1137 3963 5052 3770 1245 3895 4163 1426 5345 2723 5609 2119 2316 8757 5073 6429 2729 5489 3386 3209 1842 7085
2224 7331 8815 7107 3138 6906 6909 1457 1346 4120 4993 3820 1276 3881 4125 1512 5380 2903 5688 2040 2053 8922 4896 6401 2739 5344 3252 3445 1690 7186
2231 7250 8787 7206 2964 6840 6984 1553 1163 4054 5105 3958 1420 3825 4119 1474 5203 2868 5455 2177 2146 8650 4827 6371 2716 5482 3226 3387 1802 6966
2084 7278 8577 7188 3075 6988 6869 1463 1293 4146 4945 3829 1430 3763 4051 1501 5391 2933 5533 2232 2227 8893 4882 6317 2653 5528 3415 3339 1838 6999
2166 7321 8610 7234 2890 6918 6889 1517 1353 4175 5184 3777 1171 3654 4199 1415 5384 2883 5543 2267 2335 8842 4870 6484 2785 5530 3273 3340 1784 7073
2249 7426 8774 7315 3129 6771 7011 1397 1136 4062 5176 3768 1263 3847 4180 1513 5396 2960 5525 2115 2076 8887 4924 6381 2626 5457 3338 3436 1871 7015
2041 7253 8692 7115 3031 6767 6837 1535 1217 4127 5108 4006 1132 3633 4224 1440 5362 2729 5638 2142 2097 8931 4865 6407 2720 5457 3348 3372 1679 6940
2022 7263 8692 7401 2990 7049 6972 1636 1171 4016 4970 3958 1314 3713 4141 1522 5251 2905 5510 2244 2251 8733 4857 6383 2754 5263 3301 3410 1825 7051
2035 7235 8782 7115 3069 6829 6800 1434 1289 4205 5182 3788 1220 3876 4191 1642 5448 2871 5739 2188 2317 8924 4922 6397 2670 5337 3397 3222 1612 7000
2159 7450 8651 7178 3106 6894 6956 1609 1365 3963 5034 3849 1234 3742 4313 1615 5259 2746 5575 2099 2093 8784 5032 6399 2606 5482 3345 3385 1791 7057
2005 7484 8615 7117 3180 6810 6937 1374 1232 4072 5089 3760 1202 3667 4112 1641 5351 2931 5625 2213 2049 8729 4846 6437 2660 5378 3283 3316 1722 7187
2038 7370 8724 7272 2928 6830 6947 1548 1169 4065 4923 3805 1181 3673 4091 1594 5318 2829 5561 2111 2213 8665 5000 6407 2808 5487 3466 3441 1730 7092
2259 7430 8704 7372 2991 6775 6895 1567 1088 3986 4909 3972 1340 3807 4262 1611 5443 2903 5510 2017 2067 8753 5111 6346 2822 5461 3410 3367 1658 7006
2100 7256 8590 7165 3099 6804 7034 1516 1303 4138 5069 3998 1350 3672 4321 1445 5416 2760 5677 2161 2282 8761 5061 6425 2841 5250 3470 3430 1857 7152
2248 7476 8656 7290 3105 7012 6798 1369 1131 4076 4981 3928 1385 3686 4165 1560 5306 2953 5661 2286 2243 8867 4890 6325 2823 5465 3478 3259 1745 7017
2101 7216 8699 7395 3026 6985 6975 1347 1371 4129 5173 3813 1184 3807 4318 1511 5398 2942 5560 1999 2134 8861 4901 6412 2878 5484 3294 3400 1700 7127
2254 7298 8642 7329 2892 6845 6833 1395 1178 4096 4897 3979 1169 3765 4042 1670 5273 2849 5695 2153 2244 8924 5094 6439 2689 5521 3372 3293 1678 7163
2211 7251 8664 7305 2930 6760 7019 1454 1262 4164 5165 3775 1221 3798 4104 1568 5482 2977 5473 2242 2050 8818 4929 6250 2679 5513 3350 3466 1879 7202
2072 7422 8805 7298 3081 6895 6997 1446 1342 4203 5111 3859 1350 3693 4183 1389 5363 2824 5499 2034 2082 8639 5027 6363 2650 5455 3464 3484 1706 7032
2156 7468 8631 7204 2908 6917 6825 1381 1265 4012 4978 4007 1283 3849 4313 1593 5213 2914 5510 2271 2258 8858 4985 6264 2619 5375 3228 3418 1692 6985
2224 7365 8556 7280 3094 7042 6852 1348 1183 4060 5099 3800 1339 3799 4064 1656 5447 2732 5551 2073 2280 8934 5013 6513 2788 5463 3344 3214 1728 7019
2133 7418 8697 7107 3129 6760 6782 1509 1366 4166 5128 4023 1373 3787 4196 1670 5323 2901 5515 2137 2260 8759 4945 6425 2800 5382 3286 3376 1831 7032
2227 7246 8584 7357 3052 6773 6855 1528 1325 4021 4915 3759 1323 3781 4143 1408 5309 2951 5561 2081 2279 8641 4995 6260 2797 5386 3320 3419 1591 7016
2117 7311 8550 7313 3132 6811 7064 1463 1278 4126 4945 3763 1398 3836 4208 1511 5437 2840 5589 2062 2161 8697 4857 6448 2730 5294 3468 3335 1663 7176
2058 7412 8611 7263 2970 6954 6932 1515 1119 4173 4903 3924 1357 3610 4106 1411 5302 2988 5639 2270 2331 8881 5047 6224 2628 5425 3194 3302 1867 6998
2212 7400 8586 7277 3088 6843 6875 1486 1300 4094 5049 3897 1231 3668 4154 1424 5233 2987 5527 2203 2321 8717 4927 6472 2665 5509 3251 3324 1708 6963
2182 7359 8795 7244 3137 7038 6898 1353 1108 4055 4901 3959 1374 3797 4257 1454 5325 2926 5561 2268 2308 8638 4961 6384 2881 5423 3221 3372 1843 7104
17 25 6 24 34225 0.9124236476984998
0 26 29 13 85647 1.0905954143470171
0 22 16 11 56788 1.0460119051229173
13 9 4 22 57728 1.022400728417688
17 7 24 16 24843 0.993647241248526
27 1 1 18 86689 0.9512407332199866
20 21 25 1 52546 1.0262970105858644
15 4 25 4 30316 0.9223406276343346
10 16 29 28 54278 0.9770945731467676
29 14 29 25 48521 0.9733204878473514
3 24 5 14 48402 0.9271505839138926
16 10 1 10 43386 0.9638409674562058
11 18 5 7 32602 0.9842625690377366
12 10 1 4 39282 1.0026188037753274
11 23 28 4 69001 0.9741134728556455
8 5 24 5 35625 0.9779727908617049
23 8 9 15 31182 0.9254450221339273
13 11 10 18 21497 1.0599569965758784
13 11 3 8 26091 1.0412432241819491
0 24 1 7 59281 0.9363018827983755
1 9 8 22 53979 0.9628990932908915
0 23 28 21 75248 0.9546438139466241
5 11 10 5 24948 0.9226066519086812
20 8 3 20 50295 0.9970375043115662
3 9 23 8 32770 0.9488088697289925
20 26 21 6 49289 1.032530242202887
20 19 7 25 42603 1.0125917950695456
20 12 11 18 27642 1.0455237306878729
1 11 29 18 63945 0.9331690977426633
5 27 28 10 75079 0.9213210812619764
23 2 0 5 57867 0.910835288796671
1 17 24 8 54834 0.9481443905181278
10 18 26 7 40474 1.0989022767395993
29 6 19 17 44871 0.9961072998493778
26 11 8 24 52282 0.9053462326764445
8 6 19 28 63425 1.091882697472719
25 9 4 16 47241 1.0842512568835687
6 23 15 15 40133 0.940206024652614
13 10 8 1 39850 0.9278855497259795
22 25 27 16 32612 0.9171394753872302
6 3 15 28 72378 0.9693547215082172
5 3 7 12 36577 1.0658514758180193
19 14 0 7 44486 0.9789144525935853
14 16 19 22 40917 0.9048509421540388
4 18 15 23 49654 0.9305115492065803
5 27 2 3 87520 0.910916686345203
3 8 4 28 57971 1.0533556302962812
14 1 20 27 87014 1.059783874094241
23 17 18 6 31385 0.9729052405633677
2 7 8 21 45524 1.0740430011169766
1 10 13 10 39665 1.001278341471795
3 10 24 27 67555 0.9863945941261846
25 13 8 28 56469 1.0710158996372932
15 25 20 13 52582 0.99694523301956
5 19 6 5 51723 1.000624201902201
5 13 14 9 31701 0.9654357137790204
21 10 13 4 34755 1.0621389503131315
2 29 10 7 60156 1.029736602683219
19 6 14 24 63138 1.0184889140964242
10 11 25 20 35356 0.9740515259202072
23 20 19 9 35097 0.936888986020236
7 4 21 14 42458 1.08170776445728
22 17 16 0 48703 1.0772105736809876
22 17 2 15 34893 1.006537006094102
29 9 21 11 23473 0.9147096697803667
9 11 19 27 56814 0.9866265634566029
20 19 12 29 42017 1.0208850651771344
9 29 7 18 34431 0.9914438522361715
21 22 25 28 20413 0.9758800854713213
8 27 26 12 55923 1.072408200379529
11 6 27 8 25583 1.0359173845353289
26 7 0 10 41496 0.956922794671949
2 26 3 14 56506 0.9221188979774945
29 26 16 22 51930 0.970337502582922
14 22 25 8 58224 0.9850014295479546
16 29 22 12 49266 0.9616720638318944
8 21 14 17 25701 1.0078196041472824
13 25 18 14 47880 0.9281256826843461
19 0 15 10 44428 0.9401269891957869
23 21 29 6 48051 0.9664940661365449
29 19 5 27 64356 1.012964332202828
21 2 13 4 28611 0.9055501525530248
9 26 19 19 36202 1.0423767266226915
16 2 4 25 91134 1.0147238328667076
20 22 9 11 47531 1.0406551883894892
22 10 15 20 36463 0.952353959741324
2 17 2 27 46002 1.0970758047105682
6 22 17 8 49132 0.9141097728856068
1 23 25 5 89482 0.9243645690387157
15 4 26 7 30743 0.9079412756879889
16 16 5 0 55070 1.0104571004837886
21 2 6 27 77205 0.9361412250336312
26 11 21 21 28355 1.063027593032537
15 0 7 18 53885 1.0598283962326067
23 23 0 13 58574 0.9083822825860652
7 9 0 2 32041 0.9647440404004775
9 27 11 12 33219 0.9752392469787255
7 21 28 6 60492 1.0436064679524308
7 24 29 28 48937 1.0965902092950575
19 27 1 28 36478 0.9160240953764749
23 19 16 1 56867 0.9798319065554345
1 11 11 26 48871 1.0404860818000314
29 24 14 3 80384 0.9469072150738124
14 29 11 11 49126 1.0476711214708438
0 16 6 11 27563 0.9232754723552261
22 24 21 14 22571 1.0929884444040547
24 23 23 7 28404 0.9393175044057237
2 13 24 0 53384 1.096084835573223
17 22 9 26 34704 1.0432835333047508
15 5 19 25 74530 1.0655755602961714
24 2 7 1 42989 1.029597950321957
21 11 1 26 72921 0.9028416483018258
27 21 0 0 87034 1.0465130022644051
12 25 21 22 33520 0.9468742268652705
20 5 24 21 38900 0.9814785535385102
2 8 25 0 42942 0.9703866116320391
1 9 7 2 34078 1.0157308495250432
27 25 10 21 53042 1.0973478277942468
10 20 8 9 28842 1.0196242685033288
17 14 28 8 29335 0.9810037852903243
15 28 20 4 64734 0.9193203412666633
9 19 26 12 35811 0.9899539803415253
12 7 6 16 30721 1.0855347855060986
16 21 24 25 31891 0.9816582849702703
23 8 25 27 36438 1.011784573182217
5 8 8 28 48167 1.00923455589674
29 3 7 11 60423 0.9313730276088654
14 1 20 26 85704 0.9915079087989151
22 13 9 22 40901 0.9319390903027579
2 24 29 15 68270 1.0549994268923155
15 17 12 0 51362 1.0351338786370565
7 29 27 22 57125 1.0383955117130823
12 1 4 14 51481 0.9734689546341176
21 15 26 25 28812 0.9218880793886757
3 0 12 20 57813 1.0964380234470232
28 12 13 1 57412 0.9185207249371791
24 7 29 2 33094 1.0664214980667546
24 22 13 0 60554 0.9321971144488029
9 23 22 16 42376 1.0847572556778882
20 28 14 9 60204 0.9872284444340784
1 3 19 16 70687 0.9532847132732309
8 28 27 25 46759 0.9875284247218277
18 20 10 17 22896 1.0647714135598711
2 19 12 25 36466 1.0040287015144036
26 3 15 21 63483 0.9667483592596489
3 5 11 16 46304 0.9203817553529162
4 24 16 5 70057 1.09140746803981
27 8 5 20 54024 1.0100260643890913
26 28 24 13 28109 1.057836713681254
22 23 4 26 52557 0.9882876987090617
29 5 21 12 32822 1.071359639678994
23 18 17 23 32774 0.9607144819943118
25 27 15 8 46473 1.0192819461538603
27 24 16 13 44569 0.9042963507572732
14 19 27 28 41587 0.9052240492706348
6 11 1 19 39908 0.9231406254723067
5 19 13 7 38330 1.0008020899116103
3 26 11 11 53935 1.0539300212745983
9 5 5 19 44809 0.9439651231021431
8 25 23 2 75777 1.0925801516608487
5 0 11 25 62579 1.0470589478356398
29 28 10 17 54270 0.9275817277196683
1 15 12 19 25161 0.976219623120064
26 9 11 27 62303 1.0702658181944962
25 16 8 9 42912 1.0202973480825515
5 17 20 11 40062 1.062853478357838
2 17 12 12 30450 1.0637960982143182
23 6 12 9 27243 0.9552829754793823
18 5 26 21 44979 0.9102283067307723
17 21 19 12 33677 0.91491400810942
5 5 29 5 58194 1.061904701512845
19 25 11 21 36922 0.9813445119023613
22 5 28 26 51936 0.9063388093402385
23 16 9 17 32951 1.0201178675939473
14 25 4 26 40952 1.0160771877022312
2 25 19 26 53792 1.0278394988854505
17 21 5 10 50547 0.9653239618361725
21 6 27 17 31816 1.093031634068462
24 19 12 10 35169 0.9807401458549134
20 12 26 25 34320 0.9989998890102512
18 19 9 20 21119 1.0649364159880381
14 9 3 2 56585 0.9623860549166329
4 5 17 10 39723 1.008539416703808
1 10 13 19 43853 0.9859029099958343
6 24 26 16 56737 1.06861645038158
2 23 18 6 72749 0.9005813111956604
24 15 29 2 46665 0.9404951254946793
20 22 5 16 50596 0.9660647549368562
18 23 22 6 48163 1.0596254218285126
24 24 27 3 48399 0.9094081300026337
21 29 28 17 37821 1.0325394222767375
4 13 21 10 32380 1.0828790121459864
20 9 16 28 55889 1.0191391106151695
1 2 4 15 58607 1.0517716416245249
6 6 2 22 64988 1.0212870260318048
15 15 4 24 41532 0.9767867423684291
6 7 24 26 55614 0.9243379350488429
15 12 22 28 41818 0.9841052871534619
18 14 7 20 31590 1.007091737098315
6 10 28 18 54873 0.9638715239790934
19 14 0 8 40999 1.058082169749561
27 14 26 24 30475 1.0458780440628144
19 20 12 1 66260 1.0515835259562287
14 19 8 0 49266 1.0120946425483361
21 4 22 27 49795 0.9086613586471182
4 24 26 26 58488 0.9690399407900347
19 3 29 24 66103 1.0810206730843686
1 18 15 8 50786 0.9698054510376456
28 22 0 24 80309 1.054884833559285
19 23 5 14 55527 0.9634918198905533
14 2 26 14 63865 1.0670742975284848
12 13 16 22 45318 1.0391064793003548
3 13 17 0 55457 0.9653919595477389
29 18 16 19 34865 0.9888290658177888
9 1 19 2 39313 1.0581775812236327
9 23 27 23 59894 0.9205585774974931
27 14 10 5 43826 1.0978577739737785
5 23 9 2 69217 0.9728359574132596
9 4 21 24 59947 1.0814173030740346
28 11 28 25 43345 1.010839521329345
19 6 25 25 49566 0.9805460830204566
0 17 8 11 31598 0.9987279541394182
25 14 10 23 43161 1.0839553172007887
2 3 26 16 70791 1.0148385054284266
3 25 13 24 34903 1.0544702276428566
22 14 23 23 25137 0.9896081278303204
5 25 26 11 65262 1.0481396544658073
17 25 2 26 49800 1.0357214714473033
29 24 14 17 53287 1.035905029401063
29 20 22 2 46243 1.0453102039836686
5 12 23 27 52494 1.0593754616649544
1 17 29 1 87483 1.0270063980926882
3 22 7 14 43230 0.9139716853395297
29 11 20 12 18215 1.0507909970045626
3 0 19 6 48911 0.9133415099779486
19 13 8 1 49346 1.0585857495570548
1 9 10 20 40819 1.097996779712155
15 10 4 8 27963 0.9485938536716566
25 18 1 12 44732 1.0820020191330737
12 19 15 7 34732 1.0971998907059655
9 14 20 8 28181 1.0239782192168974
22 10 9 22 43104 0.9952844676907209
9 27 23 23 42812 1.0479306104603396
19 9 29 15 31779 0.9403596618558454
9 7 26 20 45629 1.0705009112039774
19 26 29 11 52475 0.9786589971936828
10 9 3 6 22310 0.9873369568860347
26 7 19 0 25329 0.9511423603605793
12 0 29 10 54622 0.9437868794744483
13 22 9 14 32383 0.9345438997013422
22 23 21 4 41641 0.9465139135940083
2 29 10 6 62074 1.0690350115064322
16 21 3 16 46665 0.9070410960478815
27 15 29 25 39105 0.9292720981343999
18 3 5 2 47391 1.063418313455254
1 8 20 13 36288 1.0647788697672542
15 0 7 17 50768 1.0547155106562083
9 4 1 14 42334 1.0717714127005902
11 6 18 29 61796 1.0576564169209495
25 19 5 6 52327 1.0750475833340796
24 18 15 26 43240 1.0950611403536679
28 13 11 8 31896 1.0372275101843171
29 22 11 20 49553 0.9597778226642042
21 20 18 0 52589 0.9960770974344676
13 11 15 23 53910 1.056275954313273
11 24 20 28 27427 0.9106917061271823
19 4 13 13 42786 0.9394220604751262
28 12 20 27 42874 1.0468176007112338
29 25 9 19 60573 0.9158065472030191
5 18 14 12 32415 1.0242635109585512
9 0 23 5 44367 0.908542623120532
27 28 26 14 33148 1.0629065114733263
4 16 22 22 48191 0.9430713389624278
7 25 9 13 36060 1.0222950962240007
28 13 7 7 39738 0.9798916722662196
19 8 4 2 48014 1.073197429585455
14 1 14 17 60162 1.0117987134906241
12 13 3 6 34708 0.9777725482911399
9 14 18 16 21860 0.9954870369093181
7 9 24 15 36095 0.9035157723971566
5 3 16 24 74052 0.9900337977374043
16 18 8 11 38421 1.0502566900999042
15 10 7 18 40615 0.9110539442438979
15 2 27 29 88365 1.012094703357662
6 9 24 2 38543 1.0959986985884473
1 13 7 4 40682 0.9903336744263023
19 19 16 7 39266 1.0918584596219534
22 25 13 13 46871 0.9939000281438545
13 4 24 28 67183 0.9018097485713413
8 5 13 10 29585 1.0368513598275828
2 13 9 9 25428 1.033333771292242
27 15 2 1 71720 1.035214828241933
28 16 20 25 40148 1.0432553782513017
5 23 2 0 81409 0.9524941351841396
29 7 17 12 24753 1.073338369796141
19 6 24 16 29157 0.9803537461558884
22 19 13 26 44654 0.9161998620136571
2 1 7 28 81956 0.9115923811737764
9 1 28 14 57811 0.9533596350346459
8 26 13 18 34214 0.9343692877444052
8 7 16 26 60129 1.028987159139094
0 8 19 19 52392 1.0014234588374553
0 27 24 2 86342 0.9746802922306097
12 15 13 26 34402 1.0699205783403116
7 28 13 23 28833 1.0785926034641855
1 25 23 24 64899 0.9787009723834319
1 10 8 29 62980 1.07672155301523
10 23 8 12 23151 1.090212840234662
0 22 9 16 41016 0.9529755576983732
2 4 25 25 80979 0.9277120761178487
9 5 20 20 55177 0.9868295791104402
7 26 22 25 38559 1.0186927077952483
21 15 6 1 58889 1.0870913100152442
8 7 0 21 52810 0.9742485852301771
13 23 27 27 53471 1.0903152614085878
9 22 22 14 38893 1.0646097468218592
8 11 0 21 44958 0.916067949296712
0 28 13 21 48244 1.0671143322790533
9 6 1 17 46857 1.0640974041660787
26 10 17 2 40992 0.9770162171555596
4 18 10 13 29631 0.9682361455725974
0 2 7 21 64796 1.0576823841136882
26 10 24 25 31323 1.0579867539147
14 2 12 16 56083 1.0691908349854007
28 2 13 24 81299 0.9220601874184639
3 1 18 27 94231 1.085304437062145
27 10 19 25 55267 1.0474071520739074
21 9 1 17 51290 0.9278784131473645
21 25 10 3 61230 0.9309417469690684
18 24 7 5 65642 1.0612570376775163
0 15 9 5 41335 0.9690873326823887
6 13 22 3 43721 0.9025567701180549
21 29 13 23 41749 1.0369025355446189
5 22 6 5 63440 1.0752492189384912
12 28 2 14 45395 0.9170554775444287
8 25 3 18 40144 0.9165140736503733
8 10 0 26 66268 1.0129687505682714
6 24 4 12 41359 1.0196199631865084
15 15 9 27 34533 0.9121649197499321
19 16 4 17 40972 1.0519624682445583
4 6 21 17 50250 1.0656114155536
11 11 11 1 28436 0.9368436891272272
23 8 14 13 27690 1.0726861647081924
13 10 22 19 40811 1.0966588111765228
16 11 24 18 26189 0.9359460596333306
15 19 4 9 44982 0.9236637716132429
14 20 21 5 49753 1.0454452177523683
21 26 23 2 58195 1.0201259927206674
8 3 10 25 50896 0.9699695559317334
3 29 7 3 78223 0.9762180543989645
13 21 20 17 34803 1.0773879289380803
5 11 14 7 27066 1.0616953520423373
21 9 10 8 16119 0.9748829916128912
29 24 5 7 67523 0.9630498227245017
5 14 5 0 50456 0.9828819930612489
22 23 8 6 55572 1.0585757218258736
29 25 3 26 72543 0.9183596953099885
28 7 22 14 21545 1.0898071486174867
8 6 27 28 65385 1.061624139411255
25 0 25 20 37885 1.0507981536035633
26 14 11 4 43960 1.0739349602392474
24 19 4 4 60827 0.9173274065089988
10 22 6 0 50759 1.0436416109151403
1 23 24 26 67113 0.9776602959258696
10 11 15 26 45488 1.006481998694437
17 20 0 2 70282 1.0732054752004325
10 26 3 6 54889 0.9397805581149243
8 16 23 4 47233 0.9775798789041436
11 20 27 12 39035 1.0921298500476553
21 25 2 3 86331 1.096203863351837
26 29 20 23 28800 1.0233667012607008
21 27 8 24 34613 1.061128628012657
1 3 25 28 88459 1.0688386676399495
29 13 9 5 49863 0.9833794725586101
12 17 27 9 48464 0.9988826070488371
14 4 0 24 78058 0.9886201070101542
21 27 9 29 28348 1.0486456529810668
15 19 18 7 44842 0.9042591745831555
20 2 29 16 52280 1.0586448605683885
4 17 1 0 68082 0.9612912185889563
24 14 21 21 18757 0.9715950154678736
25 7 5 23 68662 0.9145216479125561
1 21 5 3 76544 0.989519740354878
8 11 15 5 38013 0.9512071609626985
23 10 5 25 65840 1.023545005718114
4 4 7 27 71815 0.9595672449505039
9 15 25 10 33073 1.0954495131435624
25 13 1 0 64541 0.9250116718579967
28 27 18 3 67389 1.0332691335402842
23 7 7 9 25106 1.05379379464739
0 13 12 6 32986 1.073794524831921
12 12 18 22 40827 1.0416922196923564
5 6 19 29 75761 0.9520158307052559
25 18 0 29 67626 1.0177317314168453
7 6 13 10 25252 1.0486797456871493
14 8 14 21 44178 1.0863237431303918
22 7 8 25 57420 1.0399216861016625
4 27 22 1 84663 1.0652167509149064
8 28 22 9 55655 1.099613052677216
7 23 12 0 58886 0.9228501671990269
20 21 4 27 59056 1.0478857584553025
26 2 25 26 53386 0.9804534424359086
10 1 20 0 23486 0.9253189278114542
1 29 18 14 64120 1.0907725039691605
20 5 15 0 30263 1.0846961071492554
5 20 22 8 48703 0.9945579243745067
28 14 11 22 48759 1.0028292984841767
24 16 13 23 51132 1.0091971253069096
1 4 20 9 46210 1.0227102893041224
2 24 13 13 53802 0.9319122148803558
9 21 21 25 42228 0.9307060797943623
21 15 11 19 26880 0.9522314550426946
7 19 24 3 52375 0.9696000538737575
26 0 11 10 39617 1.0690893193885205
14 4 1 26 84684 0.9912045603397469
18 27 24 7 48878 0.937435179714002
20 7 2 5 37137 0.9907871318926912
17 18 4 7 48108 1.0300253910989678
8 29 12 16 39141 0.9410106981490756
3 23 8 2 80342 0.985957842960511
9 19 19 27 40187 0.9944869640482311
13 3 27 13 58296 1.0639850419218913
25 11 28 22 35030 1.0175747361530365
2 6 19 17 54628 1.0906729770563852
28 25 11 2 74234 0.9339238103386862
25 21 1 16 61306 0.906560354210724
21 4 9 19 45758 0.9930891224038015
24 8 12 2 38787 1.080144953795153
13 18 4 21 34713 0.9302402485466218
23 25 25 6 44029 0.9582224618270375
26 16 14 15 22185 0.9117755203925465
0 20 11 10 43475 0.9245477702861323
0 21 6 2 78979 0.9613546679835008
3 14 8 23 44920 0.9257142367292004
24 0 11 27 69673 1.058272158553569
27 17 27 0 43436 0.978879476178072
27 13 1 1 75960 1.058524402080882
1 13 5 24 54918 1.0874888370382094
23 14 13 13 28102 1.0279776208875133
9 17 13 11 22550 0.9774665937991467
18 2 28 27 70590 0.9780986475051071
27 9 13 26 70732 1.0954434754281017
25 20 3 20 48036 0.9993871286757079
19 28 13 22 41000 0.9149230214283472
26 16 20 0 40210 0.9415539014999658
16 29 21 4 65786 1.0105399396532604
24 26 23 6 40250 0.9496919144226692
12 0 24 21 59037 0.9597655009101873
12 16 22 16 21694 0.9407597122652018
3 14 19 15 32466 1.0058560293908998
19 27 1 14 65967 1.070712737125079
27 22 1 13 66304 0.9333127119487677
14 9 10 16 27932 1.0689798011104015
4 8 6 23 52845 0.9829030845710305
17 0 17 15 49202 1.0667617514486185
0 14 10 1 40906 0.9203344459098305
22 26 8 25 39848 0.9327798583356168
0 16 16 17 39212 0.9136740257124115
5 18 15 0 61651 0.9650328319609784
17 25 1 20 50875 0.9493174010146296
19 1 24 14 41426 0.9978405313710615
22 0 10 1 27714 0.9600641548878762
1 12 12 2 41468 0.972903031790301
9 17 7 6 29784 1.0143966106089777
23 19 28 13 21831 1.0544997695099352
9 9 13 23 47569 1.079278654090475
6 17 13 8 31377 0.9539846361396864
6 3 9 11 35345 1.0627941965400367
24 29 16 1 71443 0.9670095261412479
24 27 9 15 43582 1.0779014688181021
24 12 23 21 23718 0.9393052412145463
12 10 6 20 34302 0.9207219453209724
23 29 29 5 64084 1.0745304715725328
1 29 16 25 51321 0.9406693723950998
28 2 23 25 59818 1.0576606595722664
4 27 27 24 55736 0.9655786791020355
20 4 23 21 46031 0.9350647990579388
5 18 13 6 50270 0.9441691026322445
24 14 10 9 27086 1.0566635471835775
23 21 2 23 70057 1.073572359875801
29 4 8 8 41919 0.941432416999047
8 4 20 26 70957 1.087010194862118
22 4 12 14 37609 0.938643546208078
11 6 22 20 44591 1.0061911941570048
4 18 1 11 41465 1.031110857583922
29 4 16 7 31423 1.029457095851166
5 5 23 11 44649 1.0478739598752944
3 13 27 19 52792 0.9867922993997083
7 13 27 20 44936 1.014877981698851
0 10 19 10 40658 1.0992076214898685
10 25 28 3 71625 1.027382755006906
1 4 15 15 50359 1.040046478041122
2 4 11 19 52841 1.030977990782308
19 9 9 4 28133 0.9760245778523847
18 16 27 29 45192 1.0126784936318927
18 1 6 12 46082 0.93779661372081
26 14 2 0 66570 1.007588173140981
5 23 17 4 73551 0.9348039501090302
26 2 18 19 51164 1.0922054466213398
10 24 16 2 68781 1.0864180910059396
12 19 18 25 32781 0.9959939277731362
23 1 10 27 72230 0.9157510919247017
17 29 11 11 50895 1.0568978418908193
3 3 1 20 73387 0.948051585982868
20 28 23 10 41926 0.9581895014881081
20 24 1 22 65069 0.9461203287925968
4 24 12 18 34249 1.069685469553692
22 12 11 28 47311 0.9487111894196089
20 27 8 10 62692 0.9581673117706847
27 15 4 29 67053 1.0169775759053459
16 22 2 1 85650 0.9997175346119597
17 1 4 27 90079 0.9732532911184755
26 4 29 25 59493 0.9771725721793824
12 0 0 20 64268 0.9227098841329078
22 15 18 25 32521 0.9324182096337116
3 10 1 22 57219 0.9407486653952486
25 0 29 22 56904 1.0454366681168756
11 11 18 28 48488 1.0691447469197497
20 15 6 16 28068 0.9908070509108029
15 28 5 22 39979 0.9995859052618619
23 19 0 11 47662 1.0489860963600417
24 3 12 7 23793 0.9856089385778909
27 12 11 3 41136 0.921154726339462
25 23 10 25 44732 1.048584060539306
2 17 16 24 52744 0.9689503142385766
0 25 2 8 60212 1.0477494038617685
29 27 15 15 49509 0.9052090733061547
22 13 4 3 56329 0.993668688041429
7 4 14 27 66032 1.0359428666158657
10 20 28 0 61285 0.9961672560522127
1 8 10 21 35702 0.9826564254646153
17 20 7 5 50863 0.9328594659933462
21 23 13 14 38995 1.088778719112485
16 1 21 6 30308 0.9003290782253044
12 6 11 22 39748 1.0101447883485175
20 6 8 12 31391 1.0915347557217305
22 9 14 1 43605 0.9456690178381373
24 9 13 19 39976 0.950365516309848
0 12 14 22 49659 1.0063953150924847
5 1 15 6 44015 1.0779952331221727
24 7 0 4 45023 1.090120765440941
13 24 25 21 44148 1.040969200618686
16 14 0 3 56156 1.036959580653531
11 6 7 20 35357 0.9964247752964528
26 18 22 9 26703 1.0519665174351012
11 19 11 4 34036 1.0611841087572764
29 20 18 8 39020 0.9020243637232128
16 7 6 13 29586 0.9740797062713344
18 14 9 22 33918 1.0541400882316654
28 29 25 0 59431 1.0094243281971695
26 15 20 22 27160 0.9843228681265161
23 18 12 17 35751 1.019880225593335
28 0 5 21 77209 0.9601043050786294
4 28 20 14 56541 0.9531169066824601
28 24 29 5 59716 1.0023794369161778
25 16 23 27 27037 1.0147410555134617
27 25 1 29 66438 1.0372873576891086
26 11 2 7 44132 1.049826861815813
21 2 10 12 35058 0.9577169189832373
2 2 0 20 70796 1.0359401444717946
16 10 10 24 42164 0.9322600293215348
26 10 12 12 25052 0.9835905184641587
21 6 12 28 60063 0.9635695593369855
9 14 18 18 28357 0.9172877086236412
5 18 26 4 65045 0.9422605312292419
14 9 10 16 27932 0.9243688527174264
24 25 12 26 34032 0.9454239146699838
5 26 21 13 59496 1.0278329183212738
23 15 11 7 32497 1.0134588229466717
22 15 1 17 43597 0.9865864911995793
16 18 5 5 59122 0.9107582958853827
11 19 12 6 32277 0.9270952100134686
23 23 24 11 26417 0.9819632345517564
5 7 18 24 62298 0.9734676361710843
13 14 26 15 28529 0.9877681187431591
5 11 0 19 35107 0.9713613764951536
14 24 18 14 43845 0.9405254048290247
15 6 24 12 28435 1.0180165497447158
12 1 21 6 36960 1.0163001349357583
5 24 22 23 48278 1.0934678264380358
21 25 28 29 22597 0.9474250572697376
11 29 2 3 78029 1.093577807834156
18 12 9 27 42095 0.9478273634049491
29 16 3 25 81040 1.0115400902129468
23 20 4 11 47139 1.062949957490807
6 6 24 23 56964 1.084512961129005
25 4 12 26 67766 0.9283917329438318
6 22 16 4 66779 1.0663115015011244
8 8 25 5 31843 1.0190400613584905
14 29 22 23 31641 0.9932424263085313
17 27 18 5 66710 1.0954858547826831
22 17 1 27 66356 0.9600694933984837
23 1 2 25 93339 0.9029923833100134
2 4 6 22 70280 0.9304105930836486
28 22 8 23 64412 0.9349964928433334
29 3 21 9 35929 1.0155704157219492
15 9 27 14 39103 0.9622447222034772
25 6 20 18 39477 1.0638083402319642
29 2 11 9 53975 0.984598490267224
17 15 12 5 37741 0.9104607642039013
20 12 5 28 52063 1.0018065426175096
7 18 19 22 40933 1.0121944063376356
3 2 19 19 84208 1.0819272417358616
27 9 7 19 53534 0.9276109825446256
4 18 3 28 49090 0.935730675329652
17 27 29 9 62352 0.9035266464346462
1 27 25 10 79584 0.9917322652892322
13 15 12 6 27541 1.0312458896795513
5 26 15 3 81773 1.0447969153491055
4 20 25 23 55022 1.0496954645701266
29 23 25 3 62211 1.0726753213132865
26 16 1 13 48061 1.0095847345270945
20 8 18 18 32091 1.03909454261604
3 28 9 3 66767 1.0769915678517203
12 1 22 9 40972 1.0271940568049105
9 26 26 24 43584 1.0598347894725455
4 11 7 22 41472 1.0645137339389295
19 16 9 28 47998 1.0223810612728168
4 4 12 28 66991 1.0228604363063998
23 7 21 23 36625 1.0619994741986991
28 22 18 7 46556 1.095634032246854
23 22 20 5 45613 0.921829648807802
14 19 14 3 57206 0.9583628075660142
4 15 9 28 35701 1.0052097334717758
5 22 24 5 65377 0.9091816953659466
16 23 15 5 76985 0.9046789457981036
19 1 27 8 35107 1.0105730256049008
22 11 8 21 40977 1.037587127294405
2 7 16 24 61040 1.0963795346779754
25 19 8 11 38180 1.095516988448379
28 20 6 13 50911 0.9850077722091524
23 24 12 16 40789 1.0108145691173955
4 1 21 5 52922 1.061851707518607
29 16 19 17 30189 1.0709587621694383
26 17 10 17 34840 0.9974134332840562
11 0 23 25 68949 0.9821026106032561
5 28 28 24 50682 1.0545385931825657
9 10 3 20 38861 1.025628793837652
18 19 16 27 33197 0.9439995941928568
28 10 14 27 64247 1.0898829226821702
5 15 26 3 53950 0.9668451659179982
4 21 19 26 58422 0.9059376046481603
23 0 11 20 57121 1.0768978401811824
2 0 17 12 49507 0.9287412032201948
16 5 22 19 45785 0.9578388374016791
17 3 1 26 93615 1.0214802866805264
5 0 29 11 63316 0.9758247508914781
15 25 15 13 57112 0.9348892919828196
1 3 5 19 67971 1.0930527980330047
4 24 17 5 67518 0.9858417034999425
23 6 9 7 28055 0.9100134917143919
3 19 23 9 53863 0.9137819482564168
13 13 27 3 50728 1.074999386536797
2 6 25 16 55295 0.9520736489255792
27 0 15 10 45645 0.977855221066608
11 22 2 21 30603 0.9580279158344285
0 21 10 0 63318 0.9018753951310042
12 4 16 25 67032 0.9464646770197811
2 26 4 2 98029 1.0809658999547411
14 0 12 21 54996 0.9173995351133085
16 1 1 8 45100 1.0301883488046322
2 2 13 8 44047 0.9835524694028067
26 9 4 11 44192 1.076968595969729
27 0 1 0 55523 1.0088065091907155
29 7 7 13 40651 0.976232393742227
5 19 26 3 65005 1.03901373883644
5 29 22 13 61987 1.0997474219648715
1 25 18 12 64357 0.9773429584381064
14 0 15 14 52691 1.0219033324435336
10 23 21 1 58096 1.056331238443279
18 2 17 28 72252 1.0472564634000028
16 4 16 26 80858 1.0492454991793043
21 5 9 18 44986 1.0313103968368655
27 11 5 6 48552 1.0509042597493292
23 15 3 2 75025 1.0793015541979123
1 19 24 21 52760 0.9327061667436619
15 21 14 5 64158 0.9460566108947697
3 22 17 3 81739 0.9440705870598417
18 17 2 29 60878 0.9109776196993423
16 22 8 28 39575 0.9111785024883302
20 5 3 22 78838 0.9976495241166352
18 0 27 26 66387 0.9859705298642988
28 10 8 7 35019 0.9624866722711571
26 21 13 28 40467 1.0287682634762718
12 13 0 18 36649 0.9009122590800633
10 9 22 21 39854 0.998530039560096
25 26 21 12 30639 0.9663378677563697
5 21 13 18 31609 0.9833198142365062
17 1 11 22 65457 1.0266214120806636
4 6 15 14 45716 1.0910134778240974
19 0 14 22 79757 0.980502929240485
12 24 22 2 63198 1.0455350288269485
28 21 10 12 44020 0.9893154701023305
22 27 5 9 65374 0.974219274784424
6 13 19 25 62528 0.9677131752715882
8 21 21 28 43675 0.9500611386847915
6 6 29 23 78384 1.0264478851094583
0 8 14 5 35594 0.9029618001862797
13 6 29 15 44885 1.0967066423136473
11 11 0 28 52453 0.9403986149266511
10 25 9 10 33503 0.9823606487350303
28 29 10 5 67225 0.9254993376836798
13 11 17 28 53029 1.0793758931059887
4 24 7 2 69626 1.0144646438193359
16 24 23 9 51141 0.9225931452515819
27 24 25 8 36225 1.088882332187928
10 19 10 4 28779 0.9834577301449953
10 13 7 21 22785 0.9422760916763331
23 3 16 8 25002 1.0331129931325038
22 22 26 16 22856 1.0062541354127892
9 10 21 21 43341 0.9048970257497767
27 13 10 11 29442 0.9956897459025043
18 10 21 0 28518 1.0209070551526755
20 25 3 15 55687 1.0880867265542356
9 10 27 15 36110 0.9753545956289486
2 10 13 14 35893 0.9894313312286295
14 28 1 9 63445 1.0451909440749299
12 16 28 10 40702 1.013505988626674
24 25 16 0 59078 1.0641946407897025
6 16 26 0 59986 0.9418872726545497
0 21 10 8 47654 0.9006486182094653
1 24 18 14 57528 1.0484097170133528
16 25 22 18 34631 1.0225894925265968
18 2 10 23 58466 1.0401169797802332
15 15 1 22 50350 0.9152736109425827
24 29 29 10 45744 0.9533912255087349
26 14 2 7 47864 1.0101560595498593
29 21 3 21 73640 0.9740868975876558
17 6 8 11 30490 0.950504024414893
22 25 6 19 46950 0.9976763235461777
26 28 6 15 52832 1.0928248156235545
23 5 18 27 58963 1.0702769362969993
4 13 17 6 38119 0.903917406733712
24 21 6 12 37670 0.9699861598825044
25 0 0 1 56837 1.0293955276284206
3 7 18 22 59489 1.0565146634932503
21 15 6 24 45306 0.9601075165340912
6 1 8 16 51243 0.9613127323346082
24 7 3 5 46548 0.9667484029024797
12 21 10 12 23182 0.9723481093692864
11 14 21 21 32239 1.039479835820854
8 4 5 16 39704 0.9774169354428308
27 24 6 0 76586 1.086956757948062
3 17 25 5 64700 1.058541030209777
15 21 3 10 57635 1.0857544564872623
20 20 3 18 46582 0.9505461960868
7 17 29 26 67987 1.0983125770930704
8 12 16 8 17805 0.9095344523795391
14 17 25 22 41239 1.0703820878925268
5 23 8 7 53883 0.9144229722537464
13 1 20 5 42836 0.9629261275522795
13 21 14 11 41870 1.010822687899842
3 23 2 0 90204 1.001777047079877
2 5 10 27 61011 1.011981962807643
14 6 28 22 60071 1.0396306153608021
11 0 17 15 42289 0.9611710678851829
3 4 5 28 75723 1.0066894187206685
17 27 20 20 30989 1.0602806064459986
18 11 12 26 46893 0.9019238026949502
20 16 5 26 58728 1.0349714710207965
11 7 17 25 57416 1.0593335224365596
3 8 15 11 30082 0.9162453359210184
3 20 20 22 46815 0.9856210675055843
14 25 2 5 73628 0.965182090309439
4 2 11 23 70445 1.0513915966829162
2 12 21 7 34094 1.043207114710697
22 9 1 0 51866 1.0540347782955906
18 26 6 10 66105 1.0897937110839448
6 24 24 19 50598 0.9167755759603092
14 8 29 6 30146 1.0183032561492915
9 14 5 28 39979 1.0255695056487661
1 29 13 10 69586 1.0207281350073074
16 25 15 16 50980 0.9313769508597635
0 16 9 11 29855 1.025542781018243
14 2 4 22 83028 1.0042916935708517
12 28 2 26 28391 1.0318174842688776
1 14 22 25 60188 1.0288202313469244
26 0 27 27 59408 0.9658052049212672
1 8 21 1 40530 0.9815984011268752
1 7 4 23 68312 0.9932078590553874
17 13 8 2 44000 0.9431893632240327
25 12 24 2 18030 0.9273462367475914
13 14 20 5 46784 0.9438413338247591
27 5 3 11 59270 0.9162380909662949
2 25 12 3 75705 0.9931287310518805
17 17 8 5 46893 0.9920134506140792
16 18 10 5 45410 0.9275960623543902
21 26 16 20 24160 0.9687175589425321
11 15 6 8 20001 0.9212678971895445
3 26 18 5 77795 0.990560075787357
13 13 1 7 33572 1.0009391490462478
24 16 1 23 71203 0.9757000106096274
11 29 27 1 84397 1.0945643110021996
16 6 24 11 24062 1.083545350577776
14 17 22 22 32968 1.0439486942551053
24 29 23 4 44806 0.9137476323316854
16 11 3 0 52130 1.0158561047052213
9 6 12 28 50513 0.9039404392831836
19 14 16 29 54375 0.979416037494562
22 13 28 6 23007 1.083769362669425
17 8 7 20 37723 1.0592071782499533
2 12 5 24 46533 1.0110036854230995
7 19 23 24 45382 1.0748503012736128
27 28 11 5 63258 1.0063009605849513
20 3 20 20 47021 0.9416176484972394
19 26 7 12 56231 0.9901082654792935
9 15 17 9 27682 1.012469698498496
25 27 11 11 47880 1.0925304657497934
24 8 8 2 40364 0.9051264798815547
3 27 4 7 69740 1.012156705511811
14 23 18 8 58795 1.0278121480262277
14 29 21 13 53908 1.062592363016426
12 22 10 13 25333 0.9103590747130065
18 18 6 6 50206 0.9245038967479036
7 10 22 3 35110 0.9761601799431867
4 14 27 22 61728 1.0374450706815495
3 17 29 29 82921 0.9239005319491109
15 24 21 3 64514 1.0894395579463887
12 8 2 21 48114 1.0107661554981868
12 26 20 16 48795 1.040876867311357
27 0 27 21 52342 0.9197411207509117
24 7 13 6 24257 0.9514539303890923
0 29 14 9 72032 0.9721170089920563
11 17 21 9 33145 0.966101424072727
12 28 1 10 58321 0.9502787456080415
14 6 29 12 37069 1.0302486962202126
9 6 19 26 69052 1.0923895019612493
12 25 6 12 37025 1.0361775907430106
25 5 17 7 19978 1.0539086682587904
9 19 3 24 30966 1.0666667328851884
19 0 25 17 42002 1.0169084511225746
2 25 12 23 36139 1.0272620804023425
2 2 13 22 80055 1.0536568053879058
6 16 19 6 47430 0.9343205992526111
22 2 9 11 37238 1.0516274941645418
28 6 6 24 69534 0.9886213809376209
9 1 9 18 45437 1.0767200162454156
9 0 28 3 51465 1.0428729586371452
0 3 29 17 74158 1.0366734415375825
11 7 17 22 49723 0.9948203825025607
4 18 10 8 39346 0.9377404015098186
4 2 17 20 74874 1.0486355162190777
23 16 15 25 48558 1.0320882435798855
0 24 26 13 73945 0.9773918612342065
18 7 11 3 21643 0.9592658219270874
3 25 26 22 76409 1.0121886107412732
20 12 29 28 40622 1.078843044260801
18 21 21 11 30718 1.0240675497585372
15 16 12 5 41948 0.945464168632322
8 19 17 24 33345 0.9377157380433605
28 2 26 12 35509 0.9951385427567883
8 16 24 20 37891 1.0987974174516562
7 7 7 18 34278 0.9339990151178628
19 25 10 4 69339 0.997146374889887
11 17 25 5 48600 0.9022405934591562
18 26 9 7 62365 0.9995205963924669
11 23 11 10 32622 0.995176533084566
1 10 19 2 62558 1.0333890144366245
15 15 24 20 22328 0.9368451390337647
18 22 25 1 58789 0.9119146262764828
12 14 24 27 42780 0.905945857735744
4 23 11 11 49008 0.9093824730545121
12 18 19 28 41324 1.0891903698128444
27 10 15 20 47562 1.0651255723357578
12 29 5 15 39993 0.9559178663078172
10 16 1 4 44174 1.0046387330840163
23 13 12 2 50791 0.9947099210258663
24 29 23 11 33834 1.044995994034687
3 6 25 26 71151 1.0881167037136348
25 24 1 18 67981 1.078540532813967
25 19 18 24 26863 1.0846094494065266
19 18 22 1 48815 1.0619499406684594
24 28 15 24 30837 0.927894933396029
28 29 10 13 56806 0.9805565089167997
3 5 29 16 72271 0.9063178002695268
6 19 11 9 31611 0.9102297358207678
23 15 12 27 48166 0.9924388878876447
28 28 17 7 51652 0.9532902878094962
15 20 18 1 66750 0.9293020718926572
19 21 4 17 49694 0.9320639223261338
19 27 13 19 40405 1.060676464607455
21 16 13 18 32055 1.0305161221121433
28 3 22 9 27112 0.9152619371223892
28 11 29 23 48737 1.0464045597331926
4 11 5 22 49432 1.0181725427321147
1 3 3 17 62965 1.0220897988348983
0 2 6 9 33764 1.0467891397864637
24 12 29 3 36402 1.0308711311568604
4 26 28 5 86210 1.006050354829135
19 23 12 9 61319 1.0676288712039075
24 6 8 24 56193 0.9770690855093676
19 17 5 1 66623 1.0014939242334226
17 1 20 12 41937 0.9210758552034509
20 18 28 22 31786 1.080045619495479
24 16 18 20 19700 1.0518466720062216
11 12 7 28 37175 1.0205091672940234
17 25 9 23 31108 0.9021346044333106
17 17 14 28 46271 1.0773443914240493
13 26 22 6 63719 1.0980568431721578
8 11 27 11 34405 1.04388581982233
0 13 29 16 53558 1.0101985644498648
11 9 6 25 49507 1.036274788063553
5 4 23 17 57476 0.9953880835946072
20 6 10 21 45682 1.0592834078883855
0 27 8 9 65837 0.9583408383603111
4 0 16 2 37102 1.0039913025597893
15 24 22 6 56905 1.0211865787121388
1 28 2 2 94754 1.071924099728769
27 8 21 24 38674 0.9784516013093019
0 9 18 24 67677 1.0359339118246376
11 10 28 27 59526 0.9725421296856696
21 22 8 23 44472 1.023895548905962
3 13 25 26 61511 1.068418954093601
5 11 25 19 42627 1.0205497362159301
19 5 29 22 64449 1.0074673387002582
15 10 25 23 50946 1.0505612271455331
22 25 15 13 43484 0.9668067447608814
13 22 6 29 39392 0.9100382217681439
1 2 19 19 81117 0.9227440494633421
29 16 10 6 47938 0.9450267379501908
27 9 11 12 32798 0.9108311432718135
10 28 10 2 50291 0.9888648760497182
22 25 0 29 47821 1.0621618798498567
5 7 20 2 43496 0.933033244460727
4 22 21 15 51542 1.0163971980976925
5 7 13 19 36961 0.9054449202104828
17 5 27 19 44348 0.9110048633678732
20 24 9 16 46946 1.002188957328893
16 23 9 26 29540 0.9091526964413683
13 28 22 15 42460 0.9468038072976604
12 23 6 8 44016 0.9606625505586815
20 17 26 25 31456 0.9677784953329047
11 25 27 6 64864 0.9619133521479668
29 9 24 24 39336 0.9246217540246454
17 8 4 6 25503 1.0513512062337034
16 13 29 27 56874 0.9814890627115633
0 26 29 15 77534 0.9134653580178775
26 2 21 29 61021 1.0534484939742572
0 8 15 16 41034 0.915422663903246
25 19 5 1 68949 1.0034434182423253
11 5 25 24 54398 0.9579961165514624
25 19 17 5 40016 1.0794449063307545
16 26 19 4 73110 0.9360343634180331
27 9 2 0 59737 0.9556780511845069
26 29 29 9 52673 0.9192770086738022
18 9 25 26 44164 0.9855844267551803
26 0 4 26 88796 1.0048932807808326
7 2 24 1 44494 1.0443428376024866
27 8 8 3 39613 0.9342180054698161
17 16 23 7 30122 1.035270856519516
25 13 11 19 38565 1.0322712604053887
24 7 16 20 39191 0.9859021114023733
29 11 15 28 55291 0.9649999511540608
19 26 25 12 40928 1.08859882721785
0 14 12 21 35982 0.9439948321987159
28 10 17 5 32066 0.9410653766847736
25 23 28 14 29073 1.0255422654980297
5 24 22 11 53624 1.090709639006149
13 28 14 18 38952 0.9784799822925412
8 10 23 18 44436 0.9380622362039507
3 3 11 7 35511 0.940731534281922
28 20 11 27 47951 0.9234137288438532
12 22 25 9 53967 1.0091446988806931
15 14 3 23 59499 0.9557807935374047
25 13 11 18 36296 1.028540496983064
19 2 3 25 96114 1.0344698537688855
26 21 3 3 81636 0.9507286253437295
2 16 22 19 44224 1.0744116154799623
16 6 17 29 68574 1.074678948819133
4 11 14 5 44970 1.051037884221158
4 22 25 15 57869 1.0812730928414864
5 10 11 26 46429 1.0876682533177255
15 28 11 3 60692 0.9807252900651143
12 15 9 23 24776 1.0983373760067991
7 23 5 7 48561 0.951621765962329
14 3 5 1 43101 0.9605275387381761
1 7 21 22 60045 0.9874169875724597
25 9 20 22 38324 0.9736128944926123
17 17 12 23 35186 1.0104833560788251
7 19 28 24 55862 0.9108795986235525
19 9 12 26 57573 1.065767937666478
7 11 19 11 24320 1.0432621973203329
2 2 27 16 79411 1.0834233025595623
13 13 26 11 28631 0.992629803162983
11 13 5 5 31444 0.9175722488082961
29 20 21 4 43980 0.9020708057878811
23 2 6 0 46865 1.0911989149518264
1 9 2 27 71522 1.0804596671381812
29 26 13 15 51963 1.0960101452937214
2 1 0 29 97588 1.0397015959735014
10 19 1 3 56971 1.0113347500639573
26 4 1 13 56103 1.0404378714432914
16 15 6 2 54355 1.0801028679920672
27 6 2 22 79161 1.082553868474455
19 15 5 8 33941 0.94373889660768
12 28 2 27 22985 0.9335778202163244
24 21 21 10 23803 0.9853370948994125
8 15 0 29 48980 1.0352226700092253
0 19 27 6 70687 0.9583077567732523
9 4 28 12 40370 0.9505576697963382
