3626 3862 3473 3522 3784 2845 3362 3492 3959 3050 3356 3295 3260 3446 3756 3529 3831 3865 3941 3396 3798 2839 2946 2956 3578 3734 2859 3275 3955
3582 4094 3293 3942 3780 3987 2936 3301 3441 3318 4226 3080 3601 3547 4142 2798 2957 3468 4130 3042 3848 3150 3041 3008 3117 3700 3866 2841 3783
7120 8184 7890 6818 7066 7806 7929 7354 7470 6815 7002 7764 7941 8103 7161 7100 7903 6896 8176 6868 7519 7143 7566 7469 7507 6870 7545 6966 8201
7154 6381 5923 6388 6834 7112 5966 6895 6548 6738 6822 5981 6511 6732 5955 6305 6295 6796 5747 6809 6982 6248 6119 6617 7055 5819 6991 7093 6189
6475 6651 6304 6880 6733 5885 5907 7216 6058 5813 7025 6120 6003 6558 6845 6828 6986 6191 6158 7016 7066 6756 7149 6838 5920 6923 6112 5782 6225
4486 4415 5459 4960 4653 4614 5164 5385 5350 5273 5180 5496 5020 5413 5064 5106 4917 4721 5072 5294 5474 5638 4476 4319 4568 4506 4953 4926 4932
2965 3547 2856 2997 3217 3246 3077 2983 3402 2971 4072 3995 4182 3788 3274 3214 4069 3207 3870 4318 3414 3470 3430 3541 3460 4005 3899 3352 3987
5174 5215 4872 4285 5522 4632 4226 4905 5160 4484 4768 5547 5181 4355 4325 4947 4912 4772 4422 5601 5110 4716 5530 5619 4475 5018 4693 4616 5075
5241 3988 5257 4715 5174 5079 4930 4971 5216 5059 3920 4868 5161 4694 4356 4322 4109 3902 4647 4469 5185 4654 4783 4550 4989 4616 5121 4544 3909
2672 3025 3365 3057 2840 2630 3351 3764 3879 3391 3480 3503 3640 3482 3500 3319 2746 4035 3749 3275 3759 4031 3539 3235 4038 3444 3894 3041 2729
6877 6598 6347 6775 6223 5903 6996 6416 6022 6022 7063 5990 6716 5681 6057 5998 6159 6356 6989 6017 5864 6833 6548 6807 5936 5607 6813 6942 6726
6728 6787 6346 7504 6690 7298 6712 6919 7316 6919 6441 6884 6738 6744 7344 6570 6326 7370 7370 6494 6684 6801 6704 7535 7231 7536 7740 7155 7440
5167 6124 5717 6471 5607 5244 6100 5476 5460 6505 5398 6226 6480 5073 5843 5794 5649 6065 6038 5153 5147 6437 5905 5658 5384 5729 5337 5507 5072
1651 1621 2285 2769 1719 1600 2579 2280 2471 2515 1533 2023 2077 1958 2352 1603 2070 2149 2433 1522 1766 2414 1575 2034 2384 2621 1660 1638 2779
2426 2299 1146 2206 2437 2359 1511 1673 2063 2394 2477 1956 2445 2526 1437 1425 2270 2198 1755 1612 2469 1233 2282 1368 2517 1223 1285 1603 2170
7604 7187 7465 6707 7718 7491 7824 6699 7424 7630 7747 7269 6553 7812 7210 7329 7543 6898 6843 7488 7510 6982 6543 7512 7029 7357 7853 7163 7839
5522 5730 6847 6433 6731 5551 5886 6123 6015 5842 6701 5612 5744 6618 6484 6738 6327 5496 6085 5779 6218 5545 6635 5704 6304 5712 6492 6003 5593
2466 2447 1542 1972 1473 1485 2263 1710 1849 2011 1889 2627 2703 1724 1794 1908 2326 1340 2244 2014 1514 1530 1341 2636 1291 1665 2399 2072 2197
3126 2659 3064 3868 2588 2880 3160 2687 2779 2884 2942 3400 3388 3749 2514 3343 2541 2493 2856 2427 2658 3213 3251 3711 2566 2475 3319 3410 2470
7361 7602 7574 8015 8020 8117 8161 7817 8000 8732 8509 8135 7489 8077 8650 7534 7624 8042 7375 7686 8370 7373 7288 7317 7653 7434 8375 8228 7344
4828 4686 4981 4579 4796 5267 5439 5358 5581 5103 5345 5344 4871 5353 4602 5499 5420 5792 5445 5826 5119 4603 5656 5247 4792 5616 4997 5138 5847
5946 4636 5853 5778 5860 5085 5488 4594 4973 4583 5309 4590 5859 5689 4603 5508 5892 5617 4865 5295 5163 5522 4549 5650 5620 5822 5736 5117 4598
3533 2480 2755 2475 3660 3701 2583 3457 2813 3717 3166 3183 3665 2989 3267 2487 2486 2721 3469 3454 2638 3038 2625 3258 2688 2453 2604 2871 3432
5723 6029 6305 5983 6265 5768 5939 6228 7005 7037 6425 6451 6157 7181 5888 6109 5879 6114 6729 6102 5915 7181 6990 7018 6533 6028 5883 5764 6853
3773 3433 3187 3783 3781 4137 3598 2906 3286 3791 3834 4107 3410 3289 3619 2738 4105 3822 3088 2790 3222 2991 3603 3113 3898 3769 2900 3844 3308
3468 4553 4554 3831 3983 4038 3646 4030 3261 3615 3894 4367 3495 4509 3211 3349 4389 3369 4488 3361 4431 3572 3388 3864 3977 3290 4202 4553 4560
7303 6733 7912 6940 7332 7050 6764 6981 7857 6648 7958 6900 7582 6774 6843 6882 7923 8051 7453 7550 7090 7106 6951 7801 7370 7553 6879 8068 7242
6670 5323 6475 6175 6563 5311 6041 5489 5736 6535 6479 5696 6243 6554 6217 5419 6202 5547 5249 6208 6361 6671 6220 5606 5825 6520 6283 5494 5665
4782 5663 4766 4772 5453 5322 5769 5409 5473 5195 5132 6055 5321 5495 5441 6014 5677 4705 5715 4995 4646 5532 6047 5670 5911 5985 5489 4748 5648
5908 5888 6019 6845 6353 6190 6349 6161 6287 6427 6042 6979 5622 5886 6469 6387 6398 6560 6629 6264 6808 5634 6162 6237 6021 6592 6380 6896 6584
4160 5822 4105 6673 2760 2646 2025 3309 7366 4403 7106 5034 7390 2192 3535 6910 2469 2302 4584 2788 5880 7739 5180 6054 2590 2916 2986 6332 6807 3626
3292 5929 4449 6226 2303 3007 1957 3181 7285 4390 7295 4653 7625 1864 3356 7106 2685 3054 4723 3291 5829 8196 5792 7242 1886 2641 1734 5757 7897 3742
3593 5990 4303 6969 2836 2929 2707 2807 7365 4178 7239 5270 8687 2353 2805 7462 1435 3189 3804 2537 6169 7762 5250 6972 2512 3077 2718 5760 8015 3592
4202 5562 3913 6123 2452 2535 2045 3585 7636 4369 7264 4908 7689 2767 3527 6910 1820 3505 4252 2949 6078 8275 5722 6351 2681 2093 1565 5877 7450 3604
3844 5516 3790 6124 1794 2741 2103 3525 7950 3961 7633 5062 7735 2743 3248 7885 2426 3205 3511 2249 6551 7479 6147 6434 1802 3104 2560 5398 8043 3573
3573 5497 4290 5743 2237 2458 2664 3116 7123 4148 6692 5229 8762 1842 3665 8117 2640 3495 4704 2045 5733 8521 5137 7369 1417 2760 1761 6779 6815 3539
3562 6049 4726 6413 2554 2338 3004 3432 7870 4013 7265 5088 7525 2232 3768 7192 2320 2507 4742 1955 6221 8269 5467 6061 2549 2912 2183 5350 6956 3829
3681 5733 4842 5899 2844 2723 2606 3927 7538 4414 7426 4869 8463 2935 2704 7788 1826 2673 3834 2198 5585 8212 5838 6157 1915 3335 2837 5447 7860 3803
4454 4828 4165 6957 3053 2881 2391 3948 8133 3384 6881 4975 8509 2569 3708 8175 2041 3439 3733 3207 6555 8479 5268 6175 1612 2803 2476 5372 7093 2570
3474 5106 4259 5861 1853 2489 2003 3188 7268 3372 7183 5024 8497 2831 3830 6869 1413 2837 4369 3057 5118 8551 6120 6774 2236 2075 2230 5576 6743 3019
3424 5519 4360 6724 2126 2627 2015 3961 7837 4590 6904 4449 7898 2345 3544 7463 2170 2629 3509 2566 5495 7991 6058 6924 1581 3339 2360 6397 6956 2876
4259 4767 4807 6630 2350 1635 2964 2726 7450 4130 7420 4568 7398 2234 2943 7035 1412 3371 4742 1974 5181 7773 5936 7372 2657 2967 1858 5601 6909 3642
4151 5503 3923 5927 2469 2264 2948 4175 8252 4444 8037 4336 8116 1694 3788 7617 1366 3502 4064 2548 6124 7166 5305 7367 2320 2733 2275 6202 6736 3552
4151 5589 3766 6465 2142 2021 2395 3200 7887 3342 7928 4807 8076 2005 2585 7049 1569 3452 3579 2556 6216 8242 5967 6365 2185 3204 2502 5818 8003 3080
4558 5858 4898 5901 1995 2953 2650 3323 7223 4362 7335 4442 7927 1674 3266 7778 1559 2681 4207 2628 6515 7259 5242 7405 1799 2323 2294 6668 7459 3696
4165 5940 4556 6288 1676 2257 1879 2799 8278 4566 7089 4344 7598 1780 3805 7122 1656 2772 4305 2522 5125 7624 4795 7318 1713 3345 2678 5700 6922 3319
3762 5067 4637 6338 2656 2082 2987 3942 7901 3248 7885 5113 7775 2316 2850 8237 1689 3448 4555 2362 6240 7228 5000 7028 2703 2217 1892 5685 7851 3831
3650 4674 4347 6882 1745 1842 1941 3633 7618 3593 6793 5472 8557 2787 3705 7387 1831 2525 4432 2927 5907 7522 5973 6822 2206 2654 2561 5609 7399 3312
4545 5216 4961 6366 2966 2883 2727 3780 7392 3262 7031 4885 8112 2448 2557 7176 2023 2419 3389 3222 5778 7488 4764 7264 2380 3018 1968 6094 7996 2957
3729 5969 4960 6163 2242 2521 2325 2943 8480 3690 6631 4943 7468 1997 2712 7826 1679 2366 3874 2192 6455 7805 5250 6278 2533 2299 1702 6608 8060 3046
4084 4653 4225 6179 2838 2583 2031 4109 8198 3918 7026 4924 8437 2714 3759 7725 2428 2355 3952 2560 6389 7957 4865 7288 1728 2714 2262 6252 7149 3499
3458 5351 4083 6484 1938 2880 2515 3320 8323 4364 7205 5223 7525 2715 3579 6925 2563 3512 4387 3181 5756 8025 6089 7218 2199 2689 2331 5416 7951 3019
4367 5070 4714 6717 2917 2290 2879 2743 7668 3822 6780 5578 7471 2870 2526 7438 2295 2867 4633 1927 5906 7927 5355 6957 2562 2937 2525 6480 7490 3506
3757 5158 4088 6791 2143 2589 2120 2780 7565 3482 7622 5248 7379 2322 3341 7412 1622 3481 3698 2023 6248 7756 6093 6241 2482 2762 1690 6516 7868 2861
3741 4923 3956 6295 2550 2939 2257 2733 7417 4621 7563 4922 8238 1713 2834 7324 1773 3158 4648 2880 5851 7381 5508 7195 2505 3201 2334 6003 8136 3067
4519 5264 4001 6021 2548 2429 2626 3853 8400 4061 7945 5125 8032 2201 3464 7023 2557 3275 3540 1910 6100 7758 5548 7287 1404 2452 2632 6522 7522 3434
3980 5684 3839 6121 1655 2368 1947 4077 7918 3590 6810 4624 7718 2902 3254 8160 2425 2601 4178 1982 5476 7171 5289 6557 2767 3048 2218 6006 7666 3938
4204 4677 4684 6740 2047 1997 2445 3546 7266 3936 7166 4876 7567 2788 2793 6943 2547 3506 3429 3316 5686 8208 5053 6734 2165 3476 2884 5425 7439 3426
3965 4794 3940 5808 3077 1867 2537 2937 7953 3630 7160 5384 8685 2807 3705 8015 1752 2705 3843 2393 5322 8145 5479 6924 2389 2822 1779 6164 7515 3108
14 19 29 7 66124 0.909538321654419
8 7 1 23 73882 1.033606924385889
29 24 26 6 77425 0.9997962795772651
11 16 1 3 60301 1.059364107127142
23 17 1 4 75273 0.9009929979498925
4 1 15 7 47871 0.9024875282488882
8 21 26 23 60593 1.0836768782143318
3 16 24 22 58060 0.9196781946394872
3 7 17 12 52969 1.0731444388148363
3 21 13 3 72207 0.9085526040380116
24 12 10 11 46491 1.0283795023727027
16 0 21 20 57731 0.9240496296069836
15 17 23 13 29503 0.9574629622728891
16 9 29 25 66190 0.9124998098669385
22 2 25 10 34336 0.9160400564303283
12 15 23 0 64408 0.9638868894686019
21 5 2 23 84819 0.9087681974568182
3 0 17 1 55663 1.0176592059642002
23 19 1 8 79307 1.0726981781580684
4 29 27 7 110789 1.0251790197771509
18 7 2 29 88970 0.9318396829776705
25 10 12 12 47271 1.0026414715799916
22 17 1 18 49462 1.0962847497996655
21 13 6 18 41669 0.9121964615356306
21 26 16 13 34136 1.0189082676511898
4 9 10 13 33896 0.9894041572484508
12 11 25 13 35777 1.0390368474333043
2 2 29 18 107891 1.0643693011529285
8 11 26 21 75099 1.0848027407728114
26 24 10 15 52363 1.020345390876844
15 24 23 11 49874 1.0457207909733852
7 19 24 15 45854 1.030403125299917
25 17 8 19 47080 0.9555255543510555
1 21 5 15 30917 1.095947159222497
27 24 16 16 39400 0.9773564470866108
24 8 9 6 42392 1.0611865734491015
14 19 13 28 18504 0.9028349469531651
9 15 20 23 43464 0.981291114240506
24 20 14 7 49240 1.0995284025191514
13 0 23 12 56017 1.0120032736239588
0 22 19 5 79813 1.056736955250634
3 9 23 7 66647 0.9053170581144485
4 19 12 14 35731 1.0982797535785025
23 26 7 8 79623 1.0011549451644437
22 17 8 4 55386 1.0450251764924468
2 26 7 1 99307 1.091886073413077
19 16 28 21 39025 0.9041912026777315
20 17 6 6 54294 1.0582544722468805
22 23 16 28 29582 1.0565874003816442
20 22 11 10 58697 0.9664469717480195
25 14 1 15 55599 0.988609177271898
2 18 28 27 85562 0.9257152724419853
5 16 19 4 49808 0.954833920440289
14 8 16 0 24780 0.9545656159721616
3 26 23 8 90737 0.9109496271513688
23 15 23 1 54128 1.0934652391183033
4 17 4 7 49284 1.095190155145293
1 22 22 8 85253 0.9631081290552185
13 0 17 28 61223 1.044616899749945
1 21 12 6 65338 1.0856274361464004
29 1 9 5 64158 1.0994707751075101
19 12 15 27 48474 0.9919344389810825
2 5 29 12 87790 0.9410388322297626
17 10 8 3 35826 0.9694953377938034
1 29 24 13 86659 0.9768095384923201
28 18 7 12 66211 1.0926395402575586
9 11 18 21 42466 0.9819343324832933
8 1 22 18 69329 1.082365951722065
1 19 21 8 74674 1.0864691737338197
13 9 6 3 30895 0.9908556943793082
11 3 27 10 67605 0.959323949943033
12 8 28 21 73228 0.9579192952137576
11 29 22 28 38495 1.0875122072854355
13 12 3 23 51340 0.9123631076576241
19 27 29 20 57519 0.9448685355963528
0 3 11 15 69211 0.9023367573024376
22 28 3 28 61854 0.9935338934023219
14 3 24 17 50359 0.9341295037808109
19 8 16 18 36641 1.0802213467035677
11 20 29 22 67213 0.9000262635433819
11 11 0 28 75562 1.0984895754984179
5 23 26 28 65612 1.093873716568767
26 9 7 15 66072 0.9517672687387908
25 6 2 20 86088 1.0751331457259656
25 27 10 15 56895 0.9135358127194849
25 4 9 12 57868 1.0280523775692012
9 19 6 7 48598 1.0502155568240563
13 1 6 5 25351 1.0341029736569955
24 11 8 3 61455 1.0203443634771483
2 2 1 28 94009 0.9191670558111916
4 2 0 17 67316 1.006965878107862
9 0 29 12 82806 1.008540611745282
11 27 1 13 66882 1.0550823134852583
10 1 29 12 84353 0.9805075825284387
3 23 19 1 88835 0.980693776231331
0 9 9 29 85804 1.0734969080185344
13 19 16 9 31029 0.9680743050149705
17 6 28 28 73723 1.0408635251706695
16 9 5 1 51696 1.0376568506758783
14 1 17 23 47567 0.9644436539146864
21 1 16 21 64892 0.9998820354357508
4 25 6 17 34339 1.0789865510459724
11 20 20 15 35173 0.9159814896823828
0 20 17 21 50356 1.0546265657178373
14 2 29 3 45190 1.0665445552064134
14 16 28 1 69130 1.048123586923499
7 3 25 1 59564 0.9481334403341134
14 9 11 28 53032 1.0901941597529043
26 0 17 27 82961 1.0699439680438105
2 10 11 23 80718 0.9304395883006865
29 27 26 7 89965 0.9464751336097667
17 1 18 27 53178 1.0477438671552621
9 7 26 18 66758 0.9880465557435802
6 17 14 26 37113 1.0064637857816274
0 16 10 24 47723 1.088597206508712
5 25 17 18 40534 0.9186509340741282
26 28 15 29 43093 1.0851011920526208
3 22 22 19 65023 0.9175199300095118
13 0 6 3 28572 1.0297130276600983
23 26 3 14 67199 1.0048139443962218
20 25 13 12 38581 1.0200947338942077
1 20 12 26 43351 1.0529846903056885
7 4 16 23 64557 1.0870197886916295
9 20 2 14 39725 1.0119301452357277
24 16 10 26 47267 0.9545709613821766
21 4 25 19 56132 1.0258465087548911
16 4 23 9 29828 1.0638331441112505
8 2 2 7 37418 0.946334937124055
13 1 5 19 57124 1.088254137442266
27 1 17 22 75282 0.9748103263764786
4 6 17 13 45382 1.0399724440688456
18 13 5 22 54719 1.0234464568023958
6 14 6 0 47298 1.083840945889898
18 3 11 0 30740 1.0358571003344594
2 10 13 2 58071 0.9493355485875422
16 18 5 1 70408 1.0496546019800213
27 21 18 10 59996 0.9303642690456057
6 13 17 20 37061 0.9037086179303607
15 6 23 18 45708 1.0917764002497392
25 13 8 28 72189 1.0166205430403201
29 26 29 1 113178 1.0037867131810851
4 5 24 26 83902 0.9993810370130028
27 3 24 27 88993 0.9595217109841018
6 2 8 12 43646 1.0716617246313267
15 24 19 15 30749 0.9720310548752498
22 2 3 8 66351 1.0301817575800727
0 23 8 3 87953 1.0912126882101467
23 1 5 17 74523 1.0362783986726187
0 25 24 6 90493 1.0095829461583354
28 24 1 4 99272 1.0247941955848048
3 25 21 18 59253 0.9994945512975031
4 23 4 10 72404 0.9259568677690895
5 7 10 13 35288 1.0003720193639676
14 26 4 12 53748 1.0471934072265043
29 8 14 29 90047 1.024436472115142
18 29 10 27 32652 0.915483167114447
26 24 2 22 65408 0.9967689961516238
4 27 5 13 59335 1.011779859401829
4 2 14 21 67107 1.0456616229682418
19 24 29 27 34043 0.9511803041246436
2 12 29 15 78665 1.0595633521304748
8 11 15 19 37466 0.9957966467826433
6 2 22 15 66638 1.0853827817532746
29 21 13 4 79228 1.051542874717587
17 13 23 9 30214 0.9786957905199796
8 3 7 25 74035 0.918669299029248
4 28 0 5 90632 0.973314891901833
17 15 3 6 50945 1.0573359656251933
25 17 26 29 50007 0.950714380983129
0 9 6 0 43142 0.9213904326253465
10 2 6 22 77750 0.9727197769074661
9 15 4 3 56690 1.0994782154140939
21 5 26 11 37345 0.9589538235172275
23 18 10 18 43371 1.057772950835662
0 2 9 26 93027 1.0403807761227681
13 4 10 16 29658 1.0251340236232023
18 7 10 29 63887 0.9412950104719835
22 3 23 22 64324 0.9206138173466546
4 13 18 28 60913 1.0261903474959573
22 0 8 0 55864 0.9942084781931675
23 11 3 1 85756 0.952128790406606
1 19 21 20 56840 0.9063229156627327
29 11 16 22 64259 1.009031293779002
2 10 18 7 64710 1.091186060723749
23 10 25 19 41043 1.015753016696557
28 7 9 3 54864 0.9826019853451284
2 23 8 6 80426 1.0564211028082675
5 28 5 16 51064 1.0258762309634724
14 15 7 10 36072 1.0845803046427474
28 16 8 4 66119 0.9684614715034202
17 24 6 28 35792 0.9849248259949923
24 0 7 9 71475 1.0574882327325796
24 23 29 12 51300 1.0286998049051992
26 1 19 29 91653 0.9597859304544529
25 19 15 3 60505 1.045850883398551
27 10 13 21 64926 1.033190976404024
9 9 20 8 48017 1.0963415114254482
11 17 7 29 50531 1.053502325582907
14 4 24 13 42190 0.9666159486345155
14 2 5 15 49918 0.9579974953998683
12 6 28 14 58584 1.0999136949385826
29 18 22 4 66132 1.0902947611790226
10 15 23 2 62528 0.9279024524339813
26 11 24 25 54978 1.061538235808302
4 10 12 7 41489 1.0739609557246639
1 26 4 16 39401 1.078977354023363
18 19 2 18 47294 0.9073315169872661
14 20 23 28 40312 0.9498623838846002
17 3 9 22 59743 0.9768681881964455
7 14 25 25 63490 0.9773293449414091
18 6 8 24 55101 0.9759609287996226
11 0 6 10 44921 0.9628247884116627
16 25 12 6 48607 1.0819251056909827
17 14 23 23 39273 0.9408585789265436
4 20 5 3 71074 0.9998159344109468
14 9 24 13 32895 1.0743877862323294
23 0 4 9 74629 1.0499300324301148
16 13 11 26 34404 0.9708451880169428
21 9 26 29 76436 1.0916491620514728
21 20 21 9 43990 0.9578237620433163
9 28 6 18 42536 1.075789838147404
13 25 3 21 42138 0.9044689456875791
4 16 3 29 57225 1.0663571881180673
5 22 24 2 93701 0.9436056721890052
18 17 8 23 38500 0.9694594842392064
3 17 7 7 48494 1.01554162349714
26 18 20 23 39045 0.9634501578976628
27 23 10 9 76926 0.959474357336685
27 9 3 3 78867 0.9374450242729474
1 7 22 26 88274 0.9145680312391776
17 7 21 14 27246 0.9953507229882984
26 13 11 24 54446 0.9027046835851541
8 7 18 25 62084 0.9070601388350403
1 9 14 14 47165 0.9126853444833656
9 16 27 28 64735 0.9087801451663222
24 19 3 16 49057 0.9724921832010535
24 22 0 19 70467 0.9264481580928713
29 12 17 29 65881 0.905347176863147
25 20 28 13 34567 1.0773051367674145
10 21 17 17 32621 0.9991313856180153
9 1 13 16 42955 1.0290104667707072
12 13 29 18 51959 1.007974897545846
6 22 18 21 42622 0.9371477981529492
17 11 3 22 66538 0.9395900549653632
3 9 22 26 85560 1.0629811532021471
25 10 16 26 56541 1.022624865571736
4 5 3 29 98133 1.008351647585791
26 12 16 23 54112 0.9049876925771301
12 29 4 10 77083 1.0422501372887165
19 8 2 11 70512 0.986308060348206
20 15 12 7 40149 0.9189844252439686
4 20 13 5 57995 0.9184397116887356
5 13 20 0 64818 1.0540842140177789
5 13 20 18 45107 1.078237437552965
25 28 15 26 30698 0.9268509295133355
6 4 3 14 45175 0.9666863480565062
4 5 2 20 66274 0.9981763109052136
27 29 15 13 62953 1.0183807287518267
28 18 17 12 42254 0.9919325740701892
22 18 24 6 41533 0.9355775410631668
16 0 6 1 42844 0.9672310124148442
22 15 8 20 43957 0.9221864741153426
25 28 12 10 69996 0.9180470605423287
25 29 0 8 105685 1.0324251849777029
3 20 9 7 63343 0.9442808588020005
29 24 5 8 96120 0.9844478458381205
24 4 3 17 72427 1.0337101872857675
11 21 5 28 50038 0.9081934899864098
17 9 8 13 28678 0.911424496554465
12 19 6 5 49148 1.0956502024121237
25 19 18 28 41976 1.0843645109476476
9 2 26 29 95238 0.9129747958458717
14 14 19 6 28016 1.0924290487865786
2 24 15 9 59676 1.0670773527666046
17 3 25 11 42108 0.9958037972842319
2 6 6 24 73289 1.0136607931624328
11 16 7 5 40388 0.9015534920832892
12 5 11 24 46195 1.0720018283912431
23 24 19 4 56700 1.0324102642997568
12 10 10 1 43665 0.931030579231473
9 18 25 15 39178 1.0402536732637488
23 9 5 9 65666 0.9122563149775703
8 13 5 5 35553 1.0318217035212363
19 18 3 10 66057 1.0635657261056182
26 9 21 22 58603 0.9813950777674503
14 26 5 18 39858 1.0120368114875202
18 21 7 26 38739 0.9630219046319162
22 24 22 11 39280 0.9030265552135208
22 13 0 2 77290 0.9698623960045033
27 2 5 6 67938 1.0350757381538187
12 27 0 12 68073 0.9140577948531791
16 6 16 21 40131 0.9746949214124918
4 24 8 18 30192 1.0701220838736734
22 8 1 9 66575 0.9746282077946018
18 22 10 2 65610 0.9624465935487968
16 12 10 7 34964 1.0625723040539765
2 25 4 16 38342 0.9880307040993916
7 17 9 2 55070 0.9076239513932371
24 3 5 23 86890 0.9782547000019486
0 6 15 21 71297 0.9532234569501263
12 26 3 29 35898 0.9089208185251161
16 1 26 18 61976 1.0364901408092577
24 7 0 22 93248 1.0707012260500108
9 24 6 0 79081 0.9921033075078723
9 17 12 10 28690 0.9391698499019862
21 9 5 13 50150 0.9100566665971426
18 25 19 7 44518 1.0130586772085426
8 1 21 22 85418 0.9479472648532851
9 14 13 26 34148 0.9200174463032499
28 15 19 14 33703 0.9116941100291507
19 13 17 23 22970 1.0870409615067842
0 27 26 6 100634 0.9980000747191626
10 28 13 8 57748 1.0379056174633972
28 0 21 9 54361 0.9753761301226869
15 10 23 22 58190 1.0048988990188361
15 15 24 29 53666 1.0695790387163784
6 21 21 12 59130 0.9730448062453612
7 23 11 7 59616 1.0107490591519004
18 15 0 14 44955 1.003673336466912
23 15 11 15 34749 1.0088242999415793
10 6 19 26 57563 0.9814457084086721
5 23 3 1 97609 0.9810391262459701
20 10 1 14 62523 0.9517424475602001
27 26 10 11 69874 1.0484653928607335
12 4 11 23 55654 0.9051723671191003
19 3 7 6 38694 0.9828549597128603
21 13 16 0 40145 0.9525733256703603
1 2 18 6 49474 1.0987398713828613
14 23 12 4 41909 0.906751584080432
25 5 27 29 95765 0.9503474722281464
6 28 28 27 63432 1.03979214123481
10 9 7 29 72953 0.9304493766667882
22 5 18 15 37189 1.003522096307273
2 19 16 9 57851 0.9086644072303693
4 1 17 29 92417 1.0077594622975015
6 11 1 16 29459 1.0709472701437281
4 20 20 8 72259 0.9912097253955108
13 28 28 0 98639 0.9593677705574278
7 24 7 2 76846 0.9554039372774723
0 24 25 28 65242 1.0043803196825094
24 22 16 0 67778 1.08318206960123
12 20 10 0 59168 0.9540694614203269
1 2 4 13 45889 0.917109945097622
11 18 23 17 35375 1.0884759891520162
17 23 6 5 58072 1.0365819056356074
19 23 17 4 49831 1.058982180533765
23 10 27 2 46812 0.9014907519024696
18 28 11 22 35496 0.919923841888106
13 12 25 2 52849 1.008180347628719
7 13 11 3 45728 1.0339686920587674
21 22 0 6 90458 1.0343599478257222
10 1 22 15 66000 1.0753939426102865
28 12 25 0 63333 1.0941090966642093
3 11 25 1 93538 1.0587198522363197
8 5 23 28 82392 1.0502261030763176
7 25 22 25 38930 0.9871200406031614
19 3 21 17 46927 0.9947338141793283
22 23 19 12 44089 1.0188937852400624
0 16 26 20 67986 1.0960792206316814
14 24 5 29 37238 0.9619473354080471
10 17 27 1 81894 1.0015415921831987
2 15 16 6 53974 1.0370617473575616
19 11 29 26 64673 1.067369865310302
22 2 0 12 76605 1.0911722258585732
29 9 22 22 63670 0.9779416793409952
10 8 22 20 62285 1.0359389613962424
9 29 0 4 95696 1.012140611684173
2 5 17 29 80995 0.9089416399440139
8 29 7 4 81330 0.9776678453724124
4 26 24 25 48714 0.9787224119972778
25 27 13 0 78327 1.0001579675649506
22 17 28 28 50864 0.9154731011052261
28 4 3 15 81237 1.0781019097442235
4 27 0 14 55344 1.0613232896982914
14 4 10 23 55440 0.9913016400440006
6 28 28 1 114029 0.9279701398792534
25 3 6 19 76773 0.9242389593872541
15 24 28 28 42716 1.09601358457014
23 28 0 12 87656 1.0235292950617818
16 17 1 13 43333 0.955257764513237
15 22 1 16 41902 1.039311935831445
20 8 18 27 54563 0.9720315503103588
22 4 11 27 73371 1.0433563171071585
3 24 20 16 48579 0.944884943319401
13 22 12 10 31937 1.0180809173687433
26 11 28 27 74075 0.9508473593135257
7 29 23 15 70021 0.956502648608938
10 11 16 24 43545 0.9594015690593494
2 24 21 3 84563 1.0623476617630752
27 12 0 25 89815 1.0522284076121475
16 18 3 9 64911 1.0394654195609725
4 27 1 18 39165 0.9935006006697991
8 4 5 25 73379 0.9597999109718108
20 19 24 0 68652 0.9268858632360918
26 8 5 25 95155 0.97905066122158
29 14 3 17 68192 1.0169780815734035
3 1 27 26 112125 1.0726357096701906
0 8 19 20 76668 1.0798133360566404
23 4 20 21 63278 1.0064988807030266
26 8 13 1 51236 0.9836366703124285
11 17 6 23 35242 0.9663120581487483
12 16 3 12 35321 0.9970188702535223
15 28 5 1 86702 0.9318697298099389
2 7 21 27 92852 1.0455422414300595
28 23 26 2 98458 1.070453774410411
23 5 5 1 56748 1.0985499791658648
18 19 21 12 30068 0.9581572588915885
3 11 13 22 54951 1.0545241997236714
28 22 17 19 43293 0.9410545704803472
8 8 1 23 73744 1.0774978725121518
14 6 2 27 73704 0.9115356690410107
13 0 29 16 64346 0.9462325247375794
2 13 27 17 65321 1.0652172943079188
6 6 3 14 38712 0.9634858593308628
23 1 14 7 36494 0.9758726123380289
17 19 9 8 45204 1.0163755382742825
14 23 26 22 38978 1.054059831590144
23 3 27 28 95966 1.0850340263833174
8 20 23 1 78891 1.0491974265832393
26 23 0 20 76497 1.097423315452781
2 10 0 1 39802 0.9900816805777657
0 23 27 10 101503 1.036026260398598
22 9 14 27 56934 0.9464537005267462
4 26 26 26 49911 0.9800871193844543
11 4 12 26 52772 1.053220275158419
19 13 27 24 48372 1.0762324178614238
8 11 14 25 46319 0.9209599257918032
21 15 14 21 28677 0.9441560171064292
7 6 3 20 63160 1.0150966451269414
24 24 2 9 90164 0.9218215942874807
7 28 22 15 62689 1.0511527082596188
20 18 24 3 58136 0.9830969920456643
10 18 22 8 57638 0.9114569842102755
14 14 0 4 54390 1.0109655455563895
19 5 22 20 49342 1.0518400742933847
12 29 0 3 90460 1.0987700502647313
25 7 26 29 84667 1.0726364030024276
25 0 28 8 42623 1.0390103369868449
23 11 7 24 65110 0.9016413794614175
28 6 5 15 73058 1.08852947298221
6 3 29 11 88640 0.9768979787215659
7 6 18 7 29939 0.9889591299720686
23 10 7 26 75250 1.0259636221502184
5 0 25 5 63656 1.0695491735900737
4 8 24 11 78238 1.0148864714415073
11 16 0 13 33455 0.9524933341907176
23 27 24 11 58318 0.9572022196708854
15 12 28 2 63786 0.953592953206487
13 29 20 8 62751 1.025774888945326
2 28 28 16 89410 0.9365283337005067
16 26 23 29 25129 0.9988868469162141
10 28 8 17 50222 1.0681871189772436
14 3 23 22 65498 1.0127168724010727
29 18 25 3 70983 0.9291172987866694
26 25 17 14 43671 0.9365801381845754
7 15 3 25 47768 1.0209474489234482
3 10 23 28 97493 1.055054649505645
9 16 5 23 38148 0.9424237296014801
11 14 9 3 39341 1.0395247725684928
9 27 25 1 94501 0.9144278034051248
27 3 29 12 58338 1.041394271562676
19 1 22 17 52182 0.9738168649045749
23 22 29 13 48168 0.9194648606113075
5 13 18 16 32810 0.9194453645871558
6 15 24 21 51397 0.9176899389328769
15 8 28 9 56959 0.9160939546445254
27 18 20 4 62079 1.0086728706651718
2 1 27 21 119145 1.0220539106661013
28 29 2 7 117579 1.053982943426198
8 18 6 1 62978 1.0983848432548773
3 20 16 20 45042 0.9334683474035682
8 14 26 17 47239 1.033561051251107
29 18 0 22 88237 0.9939425416226642
2 8 28 24 105341 0.9570846766298997
14 3 6 28 71808 0.9628859345721875
12 12 22 11 35458 0.9720797397898009
10 21 3 8 75496 1.0137192036634348
25 17 15 5 46905 0.9109269307319521
19 12 27 18 44824 0.9115329989694306
12 26 13 9 37304 1.06607791766242
27 6 17 27 64146 1.0448751497918034
3 23 20 27 49971 0.972877120741087
29 17 12 6 62047 1.0840652374515987
10 3 4 8 39033 1.0519656367412349
7 7 21 7 43576 1.09744218012062
28 6 0 15 82316 1.0155516928050432
3 8 20 4 56345 1.0975826507624078
15 1 5 15 58075 1.0528412217588732
5 14 25 21 62996 1.0662170447275132
6 13 21 0 67060 0.9072686965160482
29 2 14 14 65373 1.062937223717662
13 5 9 16 29352 0.9174174015314445
24 13 16 17 29053 0.9939255463456174
22 23 7 15 50897 0.948341246406262
3 22 13 14 53424 1.0829337498208773
22 27 7 28 46139 0.9982108654412347
17 22 4 18 43083 0.9163755584219604
6 10 28 16 65129 1.092771421519096
26 21 4 14 74002 1.0998779956733855
12 1 8 21 66546 1.0548687823599767
10 20 27 16 47426 1.0517261611457112
5 3 17 18 58637 1.0335398101125857
0 29 5 3 102903 0.9465154412933501
23 14 17 7 30965 1.078286686400486
14 14 8 10 29673 0.958307984665724
23 21 28 2 84646 0.9049382381670271
27 24 24 9 58198 0.98110453572186
15 17 13 8 22963 1.0426583523941513
24 25 7 19 52694 1.006667940673927
29 10 19 9 45541 1.0792309886781044
9 17 0 3 66505 0.9791001625420677
23 27 7 8 85506 0.9389209738267588
12 5 23 4 27098 1.0934746733753897
26 25 19 14 49933 1.0134362660734295
2 28 7 13 71579 1.0661667598244935
16 13 13 23 24340 0.9904950585976768
24 29 15 20 46433 1.0952724705501573
26 10 1 16 74720 1.0965396618928758
24 22 18 10 49658 0.9736637880409091
25 21 11 5 66527 1.0560852892614596
20 11 17 2 31494 1.031324137873708
20 1 8 12 63818 0.9675070332397327
15 3 29 26 79262 1.0340449704099806
16 26 17 4 43229 1.0385565186643246
5 11 8 22 52241 1.0426389771541007
26 22 24 8 58881 1.0158205948175094
16 1 3 12 67516 1.0370951942222664
3 16 21 23 55349 1.0064509404855972
18 9 9 25 53357 0.9422054573928276
26 29 9 20 65679 1.0151177094237873
11 19 11 1 52829 1.0584113074766102
0 23 15 20 46766 0.9696576914096637
12 8 5 20 54998 0.949881769763232
3 14 21 4 66446 1.0675543243100558
12 24 23 25 27391 0.9936872056571966
5 16 9 6 44136 1.038867260167926
14 11 22 23 43942 0.9903614435203897
23 23 5 26 50928 0.9231642462247848
17 13 21 26 31820 0.9563824213736412
26 3 12 29 87784 1.000673457931128
3 25 12 5 67270 1.0597670957477108
24 19 7 24 47788 0.9804276215186329
3 15 26 27 76997 1.0999531751783658
22 26 23 1 76670 0.9377019454929323
10 3 20 2 38702 0.9075294512355241
0 15 27 23 79342 0.991784050731054
21 21 6 11 64583 0.9774373058888214
16 4 27 28 77993 0.9202964621790021
29 23 15 15 59176 0.9565516096047594
4 29 19 27 55909 0.9911650640073613
12 22 27 2 83123 0.9847136039360758
25 28 9 27 48111 1.0547777780073626
20 18 4 10 66998 1.0978169450882451
23 18 8 15 39561 1.0255242957855137
0 6 21 16 66599 1.0285783876141585
14 10 9 23 41667 1.0932492582604985
4 16 20 0 67874 1.0659500192367761
15 16 16 6 25995 0.9902988143991336
3 19 5 28 44521 1.0497899276898088
20 29 24 6 70900 1.0699939008921346
6 3 0 28 97772 0.9984567549139984
25 26 5 19 57590 1.0942725059113
20 5 21 21 56478 1.0936048938088554
23 3 6 26 86617 0.9513962578600901
0 13 14 20 45637 0.9228438569067672
17 2 10 9 35741 0.9677048311611203
21 19 3 13 53300 0.9107718641889457
2 1 1 21 76860 0.9307790601427197
28 25 14 23 38425 1.0091443839969991
10 17 0 3 69342 1.019017786676541
18 2 22 9 30851 1.0951548357307792
12 4 19 18 43248 1.0012445614033474
17 27 3 10 76103 1.034965539603233
1 28 29 10 113930 1.0858454566895344
17 10 26 26 50551 0.9674794505295994
15 23 20 5 55337 0.9246874339646696
25 23 7 11 75037 1.0636170470320874
27 27 16 4 72499 1.0033850947804708
28 21 15 20 50133 1.0231454791895578
28 27 24 18 41802 0.9884878889808217
15 5 0 1 49181 0.9632546664578332
27 11 18 3 54322 0.9234064748580985
5 21 22 27 55504 1.043948977139661
26 14 13 28 55869 1.0755792504276593
3 22 6 6 73386 0.9325869249754062
1 10 20 10 69883 0.9524081149179904
16 23 14 6 44148 1.0068911084668806
21 16 5 23 50843 0.9251139624877265
0 23 4 14 42672 0.9637022739867394
4 9 26 15 78119 0.9481136777162121
12 24 24 27 31615 1.0456818134906394
22 22 3 2 93950 0.9047864774482884
2 5 5 26 83422 0.9357903022463547
15 25 11 17 27791 0.958288229167992
27 15 2 5 83041 0.9933447769346655
17 15 5 19 34120 1.080171277300349
16 1 1 1 59697 0.9953638609296189
1 2 3 26 87305 0.9448565064640807
28 0 5 9 88901 0.9315957788041026
15 6 2 7 38561 1.0847649321873938
22 17 16 9 30914 0.9298216923273629
22 15 12 6 43165 1.0231770979348591
13 18 21 16 18653 0.9982768390899799
2 13 29 19 74473 1.0414801834677334
19 0 25 24 73598 0.906550312737804
6 29 5 10 75836 0.9507562140137125
17 2 1 27 83706 1.0313863170749007
24 16 20 8 40254 1.0601911263838542
11 28 28 19 66420 0.996199584104985
2 29 16 27 54755 1.0879377168042548
1 16 27 14 59519 1.0512839944897185
19 9 16 23 40848 0.9538157513833649
2 25 13 1 76477 1.0350247290180112
0 5 20 7 55895 0.9986794167555973
14 9 27 27 65971 0.9776809211554827
18 7 5 23 64730 0.9686915071283332
16 8 10 3 33190 1.0088232617897845
16 12 8 7 42100 0.9863439189483886
16 2 6 20 66072 1.0622750166530195
4 12 12 21 50447 1.044252116947092
12 19 20 22 33661 1.0265415744020085
2 9 23 14 72975 0.9634097819546446
10 10 25 26 72087 1.0813111934139117
20 19 14 28 30084 1.0221215656608087
2 19 10 5 62991 0.9976967824179167
9 8 4 15 42977 0.9653620867250136
7 19 13 8 38734 1.0682026761085357
27 16 0 13 63902 0.9632505950415022
2 6 9 27 82426 0.9443133685824923
17 4 23 27 60569 0.9417340492527926
21 17 29 0 82434 0.9248863065009455
22 18 6 10 57117 1.089083766278756
4 22 21 17 61913 0.9988015189507312
5 17 23 13 47535 0.9853164064520392
22 22 24 4 61494 1.0904121313554513
11 27 1 16 56395 1.035401776618776
17 4 24 17 41982 0.9717534391786242
24 19 21 5 50534 0.9336670111188494
20 20 27 25 40730 1.0772877161992058
8 1 14 28 70509 0.991822865849476
17 23 22 16 22833 1.0853892708528554
24 15 1 0 91486 0.9011339862663731
29 15 10 20 58112 1.0606451327415776
8 17 22 16 29508 1.0539570716605715
25 18 24 8 37605 1.0851101098610956
9 29 12 13 46962 0.9274228495628247
17 22 1 26 42856 0.9641462707993909
20 20 15 10 44582 1.0641880944876752
26 2 0 2 78811 1.0266088884182452
8 15 11 8 40838 0.9870566409993597
25 23 0 3 103082 0.975174244031281
29 2 4 18 97015 1.0310264523683794
17 24 3 24 29170 1.0818990752608728
23 3 26 12 48772 1.068084803689114
9 19 0 23 36198 0.9841806371742291
24 16 0 19 57533 1.0550129731555953
3 7 16 1 53525 0.9581599566805565
29 23 5 2 106419 0.9235138208811551
29 7 14 14 57867 1.0556427205932921
15 2 3 28 90571 1.0233595252616585
3 23 11 20 43770 0.9710497628487399
10 27 13 10 45820 1.027651273462012
13 10 2 19 45020 0.9848101035389396
20 1 28 3 36346 1.0889731428558749
4 11 2 26 64789 0.91992466256013
6 14 4 22 40120 0.9992697694956262
24 11 4 27 83781 0.9232832092553458
25 27 20 17 42962 0.9910578905247847
10 14 24 9 52724 1.0858306145754908
1 10 24 21 80583 1.0230334527228488
13 20 7 24 20110 1.027981527509234
9 20 16 12 36227 0.9568678574284264
8 3 22 19 66291 1.000832677913868
21 11 16 25 44274 0.9381163247511275
29 22 4 21 86104 0.9150709023783679
26 25 12 19 45283 1.0204726293264867
15 3 2 9 57043 1.0411744648705004
8 2 9 18 57237 0.9216561441500873
4 11 27 28 97746 1.0422493910644683
21 23 3 13 65931 1.090314243454683
12 28 19 8 64787 0.9999167997992956
25 20 16 18 31072 1.0355429680777721
0 16 12 8 49988 1.0430761099938246
15 19 29 11 59085 1.0160475443997665
4 8 22 28 92724 0.9834842350568355
11 12 0 9 46372 0.9958836460578364
7 21 18 20 41683 1.0687044239038563
7 28 6 14 54764 1.072302810505594
21 29 14 17 41570 1.096837792316367
16 17 27 14 35266 1.0917319216046162
22 17 3 1 85011 1.0079534827294117
10 7 16 28 66281 1.0700055753398154
23 7 1 0 72074 1.0281033767081877
6 23 22 23 41115 0.950319014377588
12 5 18 24 48221 1.073013759519021
19 7 23 20 52857 0.9384886003595154
13 1 15 19 41147 1.0155795084606143
22 14 9 29 60998 1.0278715411040553
13 16 7 7 40544 0.9052241325905044
4 0 11 18 74766 1.0153283901640253
29 28 10 27 62834 0.9071706795789894
21 1 19 10 47054 1.0387996655075176
0 8 16 7 48314 1.0057237629700084
29 1 10 29 110430 0.9545839844857917
29 19 24 9 48284 0.9445206055488435
24 2 11 20 71336 1.056017936772366
24 6 15 19 47810 0.9269845715841122
26 22 25 8 58859 0.9033305265075752
14 6 5 11 42060 0.9876041525906891
24 4 4 15 71140 1.017249865163437
6 22 29 0 114342 1.063778723063557
20 23 14 15 33640 1.065499042764019
2 24 23 5 82520 0.9314722351411268
24 24 7 0 90612 1.0099411924452406
14 9 4 29 70658 0.9835463724262218
12 18 5 26 38793 0.9860562791551596
10 26 25 15 52389 0.928134828366835
26 11 27 0 56497 0.9466693583151224
0 24 10 8 76968 1.0247923776463574
6 15 23 6 57131 0.9948396672936349
29 18 4 2 99675 0.98639134511454
24 5 5 20 77057 0.9393771125731861
13 29 5 10 67336 1.0936076802176633
10 5 25 15 54895 0.9761846236196299
26 22 6 4 90716 0.9656999142377662
27 1 19 25 86222 1.0525957592296546
15 26 0 17 51603 1.052712584059516
13 24 7 20 30462 0.9315638073491713
9 4 6 28 77946 1.084258205964178
2 22 3 1 90912 1.0827379061127345
10 1 5 26 86122 1.0676063868033658
12 2 9 17 42794 1.060718114033218
12 29 6 22 36475 0.9525532642749296
17 13 2 25 56831 1.0257690840409925
3 20 26 23 77068 0.9902692793485639
16 10 26 0 57095 0.9453981150646461
24 4 5 17 66803 1.0280048800331005
13 3 22 6 25735 0.9059795774281573
4 11 0 18 38718 0.9813830792678595
4 7 10 2 33870 1.0989325153359857
25 13 6 14 47969 0.9212478911056127
2 11 17 10 54737 1.0857540178640754
3 27 3 0 108857 0.9736978732411813
5 7 23 19 72457 1.0155293141494546
29 4 14 24 72193 1.0630969936535144
13 7 9 13 22003 1.0299879926914244
4 15 19 15 42303 1.0793407237812362
9 9 9 29 68386 1.0744874644626463
29 17 29 29 70904 1.0172720835099558
20 26 29 14 58889 1.0909976833515544
19 29 4 22 55522 0.970796855923879
2 3 18 0 53932 1.0436533393720895
19 17 4 1 74639 1.010703176347477
19 24 12 4 52525 1.0336627572805284
28 12 11 10 59998 0.9287859231746272
27 20 29 28 53974 0.9036740264228583
22 26 17 16 28725 1.0532798487878359
29 26 7 29 61012 1.0346227866071247
19 18 23 12 34886 1.0652367053366194
3 0 0 20 80414 0.9756781581193277
14 4 4 9 40963 1.0683271880525314
17 5 5 0 43129 0.9013929992639325
3 10 0 2 40633 0.9807511743863077
17 22 27 17 37201 1.0224911304060729
5 12 1 6 38650 1.0080080819399857
14 12 23 23 48308 1.0352709395836215
9 16 17 2 39784 0.971428633228877
17 13 4 28 64193 1.035076909289868
26 28 18 14 58958 1.032194772658251
19 27 17 19 23965 0.9499146365838719
27 23 29 14 57151 1.0961542427393498
21 14 8 21 52566 1.021646534243677
13 7 13 27 41440 1.0756740469844501
16 21 0 10 69283 1.0565211155680454
21 25 20 5 56130 0.9629671077969004
19 3 26 10 51233 0.9043333462776496
14 14 25 8 46494 0.9545764386992872
27 26 29 14 62755 1.011040008509317
1 25 5 2 91722 0.9960342083997131
0 22 20 4 83514 0.9439851039233794
12 26 16 8 52527 0.9166860068013437
1 20 22 2 84019 1.047805165750314
0 2 8 23 94255 1.068758438724102
23 24 12 3 67774 1.0213031417610683
9 9 29 14 67043 0.9267602440574395
5 0 6 27 98042 0.9709403091987276
18 17 20 5 33581 1.0652909057847206
27 7 14 23 68610 1.077656613666492
10 3 18 26 64707 0.9355048893179838
19 19 25 6 51332 1.0322975279313735
10 13 19 19 30629 0.9610859884617847
18 0 11 21 66338 1.0723263658791418
19 3 20 28 69682 1.0523248368222324
4 13 15 23 50042 0.9444278784329417
23 24 1 8 86733 1.0014981424055582
15 19 21 10 41924 0.9656675705436393
18 26 17 11 31218 0.946639339965097
10 23 5 16 40735 0.9061589660647059
15 20 2 25 45181 1.070702118682327
8 23 29 14 73222 1.0145004596893594
2 25 29 23 71086 1.0086162402098777
22 2 1 4 54299 0.9845375334807622
25 11 6 29 86644 1.0466228943310179
11 12 16 19 29432 1.0347205380807483
18 24 0 28 50205 1.0726042515334762
10 6 4 23 70208 0.9166674937550416
26 9 29 27 83190 1.08837876363078
22 16 14 24 30615 0.9006256377440708
4 23 22 24 44373 1.025084897637455
1 5 19 26 81863 1.0378208036520604
1 18 15 26 52236 1.009752862064481
28 13 14 11 37628 0.926693588840162
18 15 28 28 58419 1.0086794362765967
24 8 5 25 84838 0.9356267954028031
26 12 2 15 69217 0.9019843448240276
27 23 0 17 78603 1.0593357728455843
12 28 18 2 67664 1.0767786512681523
24 0 3 13 80942 0.9232984929897509
13 11 27 15 43012 1.035157895909115
7 18 22 2 66780 0.9793906294426159
5 21 0 15 38347 1.0798743151650863
28 12 22 1 57772 0.9607805372381701
10 17 2 28 65116 0.9109273318411195
23 15 1 25 69489 1.0541806986117555
0 20 1 9 41173 0.9456349611908343
4 5 17 3 34316 1.048336589303657
26 0 15 5 45037 1.0118996547902135
5 6 16 27 73288 0.9970656359418085
14 6 15 25 39934 0.9638511237165984
14 22 2 3 70544 0.946360285224495
23 26 15 3 65725 1.0732861682607533
0 1 4 27 99491 0.9677341925873366
15 10 2 22 71111 0.9593677079059167
21 0 10 7 49664 1.0257010566543037
18 17 6 0 64511 1.0699935309968394
28 27 3 4 102754 1.0671421215812638
20 4 9 26 65445 1.0796130846845478
11 24 18 16 29084 1.085045846023397
11 13 25 1 61828 0.901765927705284
20 6 2 21 81805 1.071915137763945
11 11 29 3 67526 1.0895003045500355
29 6 0 3 74930 0.9432393990353924
27 12 11 19 53985 0.9873101470616502
17 13 23 21 38570 0.9681300543640106
10 22 13 8 46185 0.9149681140967296
14 20 17 5 34702 1.0643089901972886
12 3 10 23 62734 1.012709780393096
6 20 21 11 60306 0.9984086478892179
0 23 21 5 84782 1.005639417444799
26 8 14 13 52368 0.9199784410640669
25 11 13 0 56853 0.9809858144199537
17 21 21 2 53612 0.9233412689031841
22 27 10 2 79998 1.0788638298823494
26 0 14 1 50761 1.0738647791739515
15 28 20 11 57051 1.0399726396293414
29 27 26 15 63461 1.0551208543712904
23 5 20 27 66091 1.0520537657180606
27 4 24 15 46321 1.0411922848785773
8 5 6 13 32989 1.0128516553863993
5 6 15 29 70578 1.0047357210664696
5 0 18 14 64619 1.0788813049700092
28 4 4 9 72879 1.047454661834347
28 18 0 4 96281 1.0531689234777597
28 10 15 16 52736 1.0500576275318472
12 17 14 2 35196 1.0236934882976472
27 25 8 25 50499 1.0600267323121564
19 7 17 24 40573 0.9838878384638
16 12 0 27 68417 0.9151381068686363
21 11 4 23 73024 1.010862246284375
8 5 15 18 44473 1.0448946536840538
13 17 22 26 36073 0.9619778215011932
26 11 17 6 42303 1.0012803432356963
7 9 18 10 46329 0.973950031750955
4 16 8 0 66095 0.9181042824655747
2 24 5 9 67375 0.9019658633350003
8 20 13 3 51952 1.0796951961310772
7 13 14 16 22001 0.9400251724896567
4 25 23 24 45967 0.9865372309933459
10 15 21 7 50099 1.0440833728659078
2 29 26 14 93360 1.0341593070274242
29 13 14 12 38479 1.0055196102895034
17 9 5 10 51383 1.081699495527546
6 23 2 2 89348 1.0137624664684988
28 29 29 0 129830 1.0636283377760196
12 23 0 4 77637 0.963173826732002
25 20 0 18 68542 0.9986111545366676
13 5 23 12 45972 1.0498836434980692
22 10 14 16 33005 0.9521786741124671
18 24 6 9 61508 1.0347439944295822
28 18 12 27 62451 1.0410133705498197
25 29 4 20 77640 0.955737252636366
29 21 11 6 81821 1.0194452536197904
29 1 1 19 108973 1.068826158611665
18 23 28 5 68415 0.978582572572597
14 12 10 5 22595 0.9065022286070957
29 26 20 10 73005 0.9843544144335583
28 2 8 12 77746 0.956772848138248
15 16 21 22 35165 1.0171043913250941
10 0 16 24 64480 1.034917414402894
7 10 13 28 60283 0.9547929830254283
29 25 26 8 82376 0.9240109572947423
28 29 25 17 57359 0.9119919304203982
28 21 10 16 54300 1.0309053629187925
7 22 1 12 52909 1.0058723596099675
1 16 1 6 34390 0.9458396567663232
25 18 2 3 87883 1.0886978007487527
18 17 5 16 26033 0.9227218911889616
19 4 2 8 57369 1.0380783942128855
17 11 26 25 50725 0.9046976493031359
1 15 9 5 53699 0.9343916906432821
0 6 28 9 82599 0.9467720194859693
6 17 25 25 60607 0.9484847303950343
14 29 22 16 39413 1.0393186238258005
5 6 14 17 45167 1.0834716716474695
26 21 5 5 89801 1.020518883002674
6 23 2 15 41199 1.0299611167215144
26 12 1 15 67600 1.0853670419828185
3 11 21 28 86228 0.942993343000872
24 29 0 18 82143 0.9451712908185683
13 6 21 22 59026 0.9790063021119982
26 6 16 25 60352 0.9217345356916626
19 22 3 28 62443 0.9815127921661461
15 0 20 13 41596 0.9913166556711901
26 9 11 19 62071 1.05095708604774
15 3 21 22 66295 1.0991810833123725
17 7 20 25 42422 0.9404623409828742
15 3 2 20 74721 1.083467845550767
2 11 26 14 74958 1.0381779287176633
3 27 8 11 75133 1.0762689758145307
23 7 3 15 69555 1.0456687040182389
13 22 3 4 60796 0.982825267289048
17 13 7 29 56519 0.910084851048325
8 19 6 7 47180 0.9182482969170043
12 14 9 27 41328 1.0360716490941146
6 18 3 25 33225 0.9424206510613767
23 7 16 17 43117 1.084845553121776
15 9 28 7 45218 0.968602391498894
13 22 23 16 31646 1.0588812445753735
27 6 6 28 93649 1.0530692749205899
8 0 2 26 95872 0.9570526692262262
21 16 1 8 66141 1.0529991313884517
12 23 0 4 77637 1.0337920005475634
16 12 7 16 26383 0.989100075364303
17 28 19 17 24990 0.9552132197049423
14 8 29 26 66414 0.9457952818820756
18 21 26 16 29915 0.9382028890446469
18 14 4 25 53642 0.9220151820571921
28 11 5 7 85618 0.9592421140692298
16 16 27 28 53590 0.9726133695464978
0 19 27 1 107406 1.0398580213042967
22 11 9 8 54231 0.9035754113298065
27 8 2 17 88995 0.9881460089303296
21 26 13 21 25872 1.0453676882236729
28 3 0 3 73983 0.9702296269117564
11 9 1 27 74026 1.087337086708505
4 10 23 8 74319 1.0979291557340158
26 1 13 28 90446 1.004623871571533
1 4 11 28 91492 1.07774709541254
20 14 19 1 44444 0.9801529094525808
22 8 2 8 68360 1.0369483811232107
5 24 7 8 65405 0.9029637540470105
6 10 22 28 75586 0.951710478003646
10 21 14 4 51893 1.0120235926390753
5 12 18 7 47899 0.9973458739223996
26 5 21 20 62202 1.032600165987982
1 1 19 11 71706 0.9362132303199653
2 23 17 21 44658 0.9905555040547261
13 17 25 22 45937 1.015425296972917
1 14 16 4 56566 1.0951926048683462
29 0 1 26 125863 0.9929604086985816
13 26 27 9 74347 0.9740950362632861
4 19 25 20 56140 0.9620899707806353
4 12 9 26 62902 1.0259619598887837
13 0 4 25 72958 0.9105543964691107
0 11 10 15 41421 0.9508751856872593
13 6 5 20 52424 0.9743505693023783
3 29 27 14 93998 0.972288107402902
11 24 2 20 39067 1.0275393531722679
12 28 1 3 88525 1.0011555081658665
23 10 6 0 71930 1.0472263389214682
0 15 19 8 64445 1.0557529071755418
28 22 4 11 94256 0.9835026072578154
22 1 2 3 61294 0.9496825641859099
1 24 22 18 60154 0.9269186726505722
28 15 14 20 42496 1.0132134508708115
23 15 2 19 58875 0.9280153808653374
24 26 12 9 57829 1.0249255058524687
24 8 11 0 50636 0.9946005106746251
7 23 20 21 48965 0.9843604221735334
6 25 4 1 94274 0.9370926533095443
23 26 0 2 100401 0.987915149719796
24 28 15 4 67452 1.0166893023353316
23 20 17 25 29802 1.0336871927266813
23 29 10 19 50992 1.0782107541252455
28 6 12 16 54130 0.9592653927857114
11 1 9 13 44846 1.0259017934299821
28 21 27 5 75307 1.0027462502192097
19 19 15 8 40909 1.06679515676594
6 26 13 12 45177 0.9859664813656962
19 28 1 27 57075 0.9495547236140093
