7364 7617 7327 8466 6515 7626 7961 6718 7906 8009 7788 7427 7718 7122 7876 7222 6930 8581 7488 6241 7612 8108 6161 7046 6214 6190 7798 6435 6264
5497 5016 6823 5451 6160 6848 5302 5172 5174 6405 5022 4705 6460 5690 5404 6282 5296 5135 3355 5331 4168 4632 3410 4533 4489 4328 3574 3746 3177
6075 4199 4984 5568 5265 5868 5683 4940 5838 5574 4690 6331 4999 4250 4608 6375 5226 5378 4081 4348 4024 5062 5118 4766 4968 4902 5898 3915 3082
2922 3548 3461 4817 4834 3719 3455 4864 4125 4143 4551 3662 3207 3634 5032 4753 3217 4664 4636 5161 3504 3686 3423 4308 4382 4040 4555 4692 5214
4586 4350 3702 4555 4580 3873 3616 3779 3641 4254 3493 3603 3781 2967 3673 2853 2856 5192 4755 4939 6832 5322 5400 5380 5238 5520 5848 5969 5730
8171 7457 7929 6672 7947 6505 6437 7845 8251 7064 7629 7252 8422 6532 8849 8341 7705 6643 6692 7545 8435 7491 8401 7805 8314 6526 7746 7883 6552
7528 6114 5505 7038 6804 6159 6973 7366 7295 7268 7157 6691 4559 4797 4717 4456 5317 5072 4711 4290 4691 5852 5679 5224 4938 5888 5464 5753 5241
5279 5878 2807 3034 2301 1367 1493 3195 3368 1944 2797 2652 2626 3153 1827 2094 1449 3041 3258 3108 2831 2130 3330 2758 3098 2896 2606 3161 1976
6589 6560 7326 5971 6190 7168 5880 6590 3269 4017 4115 5108 4912 3056 4864 5095 4087 4514 3653 4797 3723 4178 4059 4949 3270 4798 5016 4158 4570
4900 3761 5186 4431 4115 3849 4688 4459 5785 5854 5413 5715 5830 5366 4046 5485 4492 5030 4669 5082 5046 4838 5862 4380 4738 6076 5281 6360 5036
3050 3327 2642 3485 5212 4977 4481 3660 3927 4564 3342 4619 4575 4841 4511 4631 4402 3737 5150 3407 5369 5439 4826 3488 3995 4163 4623 3484 3390
6381 6611 4802 5429 6512 6170 6086 6804 5112 5985 6954 5975 6044 6302 6899 6886 6599 4713 6309 5609 5851 6016 4586 5995 4596 6066 6317 5665 6494
3379 2730 2111 2737 2764 6291 5259 4396 5096 4916 4069 5736 4524 5870 4683 4216 6424 4517 5485 5889 5507 5174 4335 4298 6064 5350 4472 5321 5637
2890 4307 3158 3715 4242 4381 3166 4138 3736 2247 2976 2301 3846 3590 3435 3800 2272 2269 2313 3848 2924 2094 3235 2411 2450 2894 2424 2944 3285
3200 7518 6371 6584 6928 5985 7950 6804 6158 7782 6753 7322 7140 7959 7270 7576 6569 5770 6779 6645 6207 6233 7014 6350 6265 7944 8090 7982 6163
5710 6628 6974 7092 4950 6965 7060 6815 7149 5590 6779 5764 5949 6937 6076 6354 4951 4574 5628 5369 5653 5985 6206 6628 5650 6778 5702 6014 5259
3639 3887 3670 5485 4946 3889 4403 5484 4717 5281 3531 4726 4387 5471 3729 5616 5256 4527 4959 4530 4285 4288 3864 3646 5051 4655 3949 3403 4189
6813 7033 6073 8186 7830 6857 6010 8094 6590 7705 6889 6304 6173 6941 6349 6201 7822 6580 6482 4983 5675 6031 4485 4451 4302 5888 6294 5519 4613
3066 2921 4141 4047 2410 4574 3682 3121 2415 4198 2952 2647 4244 3788 2835 3835 3080 3340 2708 3690 2409 3885 3489 1732 2073 3625 2795 1683 2779
6477 7278 7016 6186 6103 7115 6668 8082 5990 7094 6609 6930 4212 3305 3782 4276 3502 3835 2790 3029 4059 3467 3805 4392 3864 4135 4335 3868 2165
1825 1834 2077 3137 2873 4095 3073 3223 3845 4598 2335 2829 3614 3054 2610 4187 2263 3313 2542 4488 2344 3754 3506 3193 3127 4197 3799 3267 4512
4650 3263 4646 3107 2959 2854 3847 4931 3153 3120 4255 3690 5184 4197 3078 3600 4983 3410 4912 3343 3554 3645 3911 5195 4293 4803 4914 3988 3546
5815 5348 5424 5126 6446 5508 5716 5243 4866 5672 5935 4900 3891 5014 4938 5168 4837 3608 4810 3865 5123 5163 3757 3295 3204 5428 4839 4666 4371
4205 3241 3634 3485 4654 3262 3937 3597 3480 5113 4616 3823 4617 4086 3044 4507 4612 4041 5033 4497 3977 4923 4554 4967 4630 3666 4452 3825 4647
8752 7382 8222 7824 8416 8111 8724 8199 8251 6992 8594 7935 7281 8363 7614 8430 8804 8347 7043 6891 6683 3592 4937 4132 2850 4344 3033 4912 4366
4178 5018 5382 5965 5096 6396 6708 5575 5806 5854 6426 5852 5494 6495 6402 6616 4845 5151 5569 6095 4586 6463 5222 4688 4654 5497 6105 6898 5037
5118 3432 4202 3954 3328 5245 2926 3386 5266 4723 4631 3471 4943 3092 4651 3247 4950 4100 4549 3075 4475 3261 2997 4926 3983 3570 3103 3978 4969
4207 3195 4438 4907 4778 3615 5562 5581 3838 3390 4362 4799 5465 5084 3701 5346 4940 4676 5414 3971 4232 4960 4968 4857 3403 4986 3721 5481 5574
8389 7905 6958 7262 7593 6354 8156 6842 7047 6891 3981 3810 3125 3643 5099 5304 3442 3559 5105 3074 4402 3007 5256 4030 3437 4267 4048 5069 3780
3566 5130 5142 3668 4865 4279 2858 2591 3222 3169 3664 3707 4042 2468 2345 3306 3098 2132 4378 4394 3598 2530 4193 4426 2389 2584 3111 3905 3534
3634 1879 5486 8413 3236 5879 4671 3844 5347 2893 1861 5527 3363 6806 5808 3716 7214 4618 7298 5035 6019 5915 6287 6560 2138 5575 3229 7370 5670 7543
3566 2600 4560 7114 2909 4780 3796 4141 5967 3543 4094 5211 2129 5987 4710 4563 6999 4853 7821 4525 6571 3685 6792 6804 1682 5804 4842 5939 4246 6947
3274 3296 5059 8699 4226 4375 5279 2928 7171 3376 2736 5009 2284 6323 6609 3971 7631 5013 5893 4331 5552 4236 6601 6422 2577 4927 5904 6185 4666 5606
7766 1746 6200 7516 3842 5882 3255 3273 6830 2631 2314 6352 3111 8066 5987 4779 5996 2901 7062 6075 5793 5486 5732 7716 3422 5159 6502 7353 4507 6272
7964 1606 4903 6575 2821 4032 5090 3611 7003 2236 2792 6685 2358 7313 5582 4646 6726 3695 6415 6391 4337 4185 5559 7233 3770 6984 5231 7138 5740 5865
8170 1937 5956 6554 2806 5009 5403 3081 5260 2600 2361 5753 3510 6151 5774 4383 7025 4409 6718 4507 4843 3603 6569 5622 1993 6173 6355 6385 4117 7226
8186 2663 6640 4980 4060 4919 4840 2775 5544 2605 5833 6138 4054 6944 4814 4249 6718 3339 7929 5130 5194 4980 5196 6061 2174 5658 4534 7088 4487 6695
6590 2468 6718 4945 3652 5826 3327 4646 5094 3529 5952 5256 4049 6116 5874 4083 6071 4500 7936 4852 6376 5636 6409 5689 3911 6751 6368 6704 4508 6974
7917 3379 5169 4192 4432 6084 3104 2334 6970 3521 5141 5654 3073 5585 5618 3991 7085 3394 7249 6183 5132 3689 6501 5795 2893 6915 5357 5259 5279 6781
7309 3134 5461 4535 4610 5630 4477 3997 6448 2139 5523 5470 2924 6386 6019 4180 5836 3374 7250 5733 6386 4001 4802 5889 2043 4680 5850 6034 5799 5872
7232 4081 5388 6089 4293 5694 4970 4690 5167 3758 5981 7056 2485 6499 4881 5263 7041 3445 6771 4265 5381 4980 5100 7641 1864 6690 5011 6141 4947 7210
6845 2566 4534 4795 3967 5770 4515 2389 5289 3176 4827 4740 3964 6854 5678 3650 7072 4761 3796 6108 6509 4009 5612 7202 2600 6791 5937 8495 5085 7573
8028 4044 4439 4029 4222 3995 4512 4524 5589 3719 3967 7017 3898 6747 6323 5117 7351 3827 3205 3711 5079 4308 5559 5552 4212 5094 5641 7276 5055 5988
7970 3528 6023 5151 4460 5337 4496 2986 4149 3559 4706 6584 3439 7543 5965 4676 7658 3105 4312 3939 5167 5296 6086 5827 2123 5236 4472 7327 4600 5409
7751 2325 4813 4717 4564 6105 4887 3905 4336 2682 3930 6451 4154 7259 6280 3397 5757 3556 3917 5459 5658 5669 4538 6207 3513 5940 4267 7477 5104 7225
7300 2108 6243 5547 5240 4220 4894 5134 3840 3666 4276 6128 2617 7244 4584 4680 7039 4964 2756 5740 5723 4599 4784 5510 3559 6345 6379 6301 5632 7372
7985 2537 4435 4330 4186 5655 4493 4881 3635 2380 5592 6843 4300 7076 5723 4221 6756 3045 3546 3855 5231 5006 6081 5703 2388 5087 4902 6596 4137 5407
7257 3276 4620 4356 5305 4611 5085 4796 2480 2065 6080 6809 3436 6169 2362 2620 1754 3691 4513 4338 6013 4584 5737 6989 4252 5034 6534 8095 3906 5470
6172 2563 6711 4055 6243 5536 5068 3493 2677 2992 5579 5840 4018 7353 2522 1683 2280 4928 2992 5732 5020 5631 4391 5538 3645 5963 6478 7463 4343 6341
7082 4264 6241 5170 4456 2370 4960 3238 4365 1627 3877 6839 4167 6342 3504 2786 3033 3903 3558 4460 5493 6967 5533 5897 4047 6571 5946 6836 2438 5629
8435 2090 6037 4738 6299 3306 4895 4097 3879 1811 5542 6258 4226 6862 3665 3536 2508 4193 3395 4203 5215 6196 4251 7220 3306 5010 5164 7999 3316 5593
7589 4023 4827 3760 5057 3067 3115 4028 3992 3134 5065 6076 2686 5528 4078 3313 3454 5024 3361 4511 6546 7794 4232 5732 3634 6668 6105 7618 3560 5685
7881 4180 6106 4001 5204 2544 4833 3022 3986 3498 5332 5739 2363 6545 2712 2896 3980 3811 4181 4188 4642 7894 4349 5886 3879 5630 4696 8639 4163 6796
6326 3680 5106 4249 5846 2952 5213 3292 3210 2862 4170 5011 3432 7325 4397 3043 3816 5151 2750 4989 5356 6515 4975 6263 2935 5625 5065 6695 3523 7328
7936 2404 5689 5730 5783 2691 4491 3240 2647 1907 4625 5492 3046 7124 3353 2684 3534 4004 3944 3955 2950 6780 4812 5608 2669 6541 5420 8479 2612 7565
6721 2405 5928 5700 5379 2487 6290 4400 4027 2134 5940 5395 4365 6025 4288 3684 3122 4728 3647 5431 1837 7054 4783 6788 4263 5018 4346 7110 3506 5669
6260 3955 6959 4862 5263 1932 7704 3439 2618 2190 5115 5853 3952 7329 3109 2590 2943 5071 3573 4213 2434 6571 6175 5884 4083 5679 4698 8002 3729 5931
6676 2900 5640 5888 5967 2890 8411 3522 3801 2463 3975 6896 2707 7403 3863 2331 3305 5152 2681 3818 2252 7345 4423 6569 3154 5994 6221 7541 3590 6644
7009 4362 6295 5022 6251 3721 6634 4699 2596 3146 4172 5145 4048 7099 3593 3840 2851 5024 4442 4461 3052 7929 4131 6794 3942 4674 5121 8097 4119 5473
24 5 5 15 87603 1.0781002514879547
17 2 29 21 97075 1.0614172217810791
26 6 15 21 83684 0.9332988610699914
9 16 25 20 75831 1.01704820513667
1 12 18 10 61384 1.0236807543580262
27 29 2 22 104118 1.038864927134339
28 27 17 5 111327 0.9041912804300761
22 0 8 29 134041 1.0496683010054433
22 21 12 13 67842 0.9753254201021404
6 20 14 3 77738 0.9950307905315818
15 26 15 12 57713 1.0947580774855405
1 11 16 23 84120 0.9505144853294794
27 19 21 24 39444 0.9344314930745374
10 23 27 8 96070 0.9691621020980077
6 13 9 1 45296 1.062861868294971
5 3 19 27 113574 1.0239844025097997
15 26 4 16 66361 0.9460389839548894
7 26 27 15 93316 0.9428127780933644
3 25 14 5 95339 1.0839746942518356
10 1 5 16 63153 1.0536343196930198
28 1 14 9 65206 1.034027326386593
9 7 19 22 83845 0.9155579429974061
21 8 17 22 57157 1.0340919253440424
1 22 26 11 122423 0.9659548722838665
3 9 16 0 64787 1.0554070768896133
23 5 3 11 79580 0.9834692363261976
10 23 20 25 38818 1.0446661613955985
12 4 5 21 72041 0.9559823343369245
18 8 2 26 99413 0.9915571834405901
4 25 29 23 90516 0.9372072726210632
0 22 22 9 111632 1.0323610749360383
0 5 11 24 90051 0.9317459586876262
2 4 11 1 37066 0.937539539516009
11 12 2 10 34016 1.018732949957161
28 24 1 21 97166 0.9492874862069118
16 10 28 8 39520 0.9787996248679391
4 17 13 22 48192 1.094064313009226
0 5 14 8 65815 1.0581994825356376
0 18 23 1 128448 1.0394466783537017
17 21 6 11 75164 1.067212300664775
18 0 9 14 76720 0.93133804226232
4 26 28 18 104048 1.0626679703594122
24 27 26 7 86902 0.9877117556070791
3 27 15 3 112646 0.9275086905839057
1 11 15 2 78662 0.9429590972792877
4 9 29 7 75212 1.032469617448128
8 18 1 3 65395 0.9673659534986092
6 23 17 1 95914 0.9840208502937478
17 12 5 12 42467 0.9594347550799992
19 14 12 11 37818 1.0697038959805047
24 26 17 4 95704 1.096465960136726
11 12 7 24 44136 0.9596564058971356
1 16 12 17 48980 0.9019171782886773
3 2 20 28 122844 1.0992160139661622
21 14 27 10 38386 0.9552176979172882
28 10 4 14 87777 0.9408455028817375
2 26 14 20 57160 1.006812999149525
1 23 19 2 124444 0.9923477101416252
19 6 3 25 103219 1.0702189545302094
6 20 0 12 46559 1.0789254193106859
27 14 1 0 119285 0.9693742609800335
8 19 9 10 38842 1.0267870388986424
29 16 23 12 33225 1.0216522965859185
4 4 22 27 121870 1.0828005519779411
3 29 1 10 86248 0.9914244172511228
22 18 8 10 74860 0.904382616514368
20 9 9 1 58510 0.9148138766419902
24 29 20 7 88957 1.0832031063855379
1 11 14 15 58091 1.0329036408132295
28 19 8 4 113986 0.9838416126978053
8 12 16 25 66627 0.9859339549871119
18 0 7 23 96195 0.9831687898244041
1 4 21 26 124838 0.9723025469754079
27 10 6 16 83443 0.9786397468854082
4 4 7 19 46252 1.053749417835844
22 22 23 12 47217 1.0543663267894061
0 20 17 12 89828 1.0943377420799887
11 7 25 7 53025 1.032831709637467
16 12 13 19 31735 1.0653588764743505
13 7 0 9 47600 0.9573258717486653
7 14 8 5 28421 1.083976195565957
5 19 20 7 80359 1.0059163135681564
26 5 11 3 61249 0.9749242757677691
8 26 9 12 50706 0.9661920743804441
3 15 19 11 71732 0.9523990132238653
2 8 1 26 82719 1.071936324507129
18 11 11 15 40231 1.035365321370912
5 17 13 28 56439 1.0417286945912374
0 11 22 13 85005 1.0140915552552512
10 27 5 19 45422 0.9511070358429856
4 22 15 17 60290 1.0180655122938624
6 2 21 1 51140 0.9342227747873412
28 16 7 28 101427 0.9570406694965138
14 4 2 25 99262 1.0806825160067666
3 27 9 19 49528 1.0670581443002245
12 14 24 12 52597 1.0696453337984269
25 23 20 14 53250 0.95599682244197
0 24 22 8 104523 1.037378556381164
7 27 3 15 50656 0.9086593057951774
14 22 20 17 41870 1.0262807656567092
11 2 20 1 31909 0.9354713139660664
28 21 12 27 78787 1.0535800306728513
7 15 23 13 67222 1.015540339403045
5 23 14 8 75650 1.0346610434505517
5 20 20 14 75100 1.0280588520704037
9 6 22 0 64985 1.021473796907588
1 15 9 29 77174 1.0587463392680696
5 22 28 14 107936 1.032968891433422
17 19 7 20 52953 0.9309779861103711
26 28 18 18 55550 0.9289691122303032
13 5 4 15 62999 0.9977844933821375
1 14 25 20 114122 0.9673552493309459
2 20 15 26 62642 0.9900044936153751
0 2 19 25 126652 0.9820814325498161
15 11 3 23 81022 0.9168281676144995
24 27 3 13 112876 1.0296269880720934
21 7 24 21 68953 1.0377600394784323
19 25 7 21 49085 0.9370891184281696
15 28 24 1 113658 0.948394230596604
16 12 26 21 66212 1.0465863153548596
15 10 28 14 57780 1.0857168628210643
20 27 1 24 67791 1.0139220971530223
8 26 23 18 72915 0.9007536558187491
8 3 9 15 42776 0.9267979959043319
11 7 1 11 47327 1.0619341695123383
17 18 11 9 48162 0.9667768400311363
27 25 9 7 117497 1.0192469052419995
25 11 0 10 87005 0.9181397194891007
29 2 3 17 121469 1.0024208820532206
7 21 29 22 89752 0.9169137914017211
6 22 24 28 76161 0.9704466915111778
29 0 28 28 102879 0.9053195368696495
1 0 9 17 67593 1.0676966775025427
27 29 18 1 123083 0.9505372716080267
24 21 27 11 52828 1.012340233221764
1 24 7 5 64039 1.034548467739117
14 5 1 26 104033 1.0996712709967715
6 9 13 1 45720 1.0840654413676987
7 26 13 7 72708 1.0945516370986519
20 22 15 5 73076 1.033371447945193
23 7 23 22 63966 0.9819437048800456
25 0 28 13 57793 0.9240992433833536
16 12 5 19 57688 0.9000041410434976
8 23 19 17 59136 0.9302822146465721
3 2 14 5 46802 0.9723917082883824
21 16 15 10 42300 1.0363913005532503
9 29 25 5 124585 0.9334684216128676
13 16 21 4 60721 1.0204698269903056
17 18 18 7 40968 0.9911798869200784
15 15 20 4 52139 0.971360512621448
13 15 27 17 54349 1.0063358871283337
22 23 4 22 70002 0.9953134628613678
4 26 5 15 51326 0.9131457874247043
28 1 4 15 116343 1.0653582703045088
18 19 2 17 66679 0.9424657643533851
0 13 16 8 70386 0.9364629275986602
22 28 3 26 76972 1.0031392485337423
16 5 1 7 62706 0.9257053842359089
18 16 21 6 41086 1.063278800037375
17 19 5 22 66283 1.0543348860635504
24 10 12 25 87178 1.020797254490554
1 25 20 17 81241 1.0260597706334877
18 28 29 19 66345 0.9837566165481156
7 21 18 3 85223 1.0921519940481235
25 8 27 0 38662 0.9384095544232288
7 6 22 14 71042 1.047725165509784
10 1 8 24 75333 1.0611256793054846
22 19 18 6 53896 0.9290189039364063
13 17 22 27 63032 0.936533840646219
15 17 5 1 76547 0.9421705402736675
22 8 8 20 82094 1.0098500070830907
27 16 18 18 35090 0.9074673669361251
6 16 2 7 44766 1.0807433878917763
29 29 13 11 106782 1.0327549927028417
11 1 16 6 35561 1.0212685639520087
28 28 3 11 126614 0.9665419670735993
10 1 6 16 56128 0.9783901824140786
19 2 0 22 133169 1.074131980401663
23 18 26 25 37607 0.9418654453172232
2 14 25 28 118124 1.0580299620503
8 5 5 16 45978 0.9446570768957103
22 15 24 1 61165 0.9824497459443298
12 19 5 29 62663 1.082247431042059
26 17 10 4 95804 0.9689837238260406
12 8 4 10 32914 1.053248596118391
15 6 4 3 52198 1.0006141521660914
26 15 7 17 71783 1.0746103537892622
20 15 28 22 50760 0.980572247452864
14 18 21 9 50171 1.055053188926414
28 25 24 13 65394 1.0074774850934956
18 8 15 22 60803 1.0246857616640417
11 23 0 23 41508 1.030495767942211
14 11 15 21 48147 1.0458908743171003
15 19 11 9 45342 1.0684487417020714
29 15 6 27 109181 1.050828466482735
20 20 6 20 70090 1.0767967366012825
6 5 27 25 122562 0.914235413586846
0 19 27 2 141282 0.947821077520784
2 20 4 4 67849 0.970340106626349
2 25 9 2 86983 0.9655599511426506
2 27 7 8 72070 1.035131121499206
20 21 8 0 106655 0.9241035291483591
3 9 0 0 46219 1.0770055568948727
4 5 23 7 76683 0.9178272336057282
14 22 13 6 55041 0.9607667295359184
15 25 9 7 77084 1.0877542768735413
27 22 4 7 123005 0.9139848842695147
5 23 21 23 61523 0.9658663995450614
18 25 10 1 97874 1.0831019971650888
15 1 11 26 97179 1.0697567217908395
7 23 10 0 71714 1.057896504329115
15 19 4 8 66905 1.016550135574924
18 23 2 0 111679 0.9840895252325607
1 9 16 6 61135 0.9630888030053761
20 27 22 9 64698 0.9442382146908866
6 3 29 17 107495 0.9572441240140793
6 22 27 19 95084 1.0114184724906463
20 23 6 24 46417 0.940425315921098
5 26 15 16 65112 0.9421723587963445
19 2 1 29 139225 0.9510661880913669
29 19 3 27 113863 1.0758589278998485
24 1 10 19 100234 1.0233129414924869
11 19 29 1 111995 1.097218605940777
25 13 9 11 66364 0.9909912486497173
10 2 2 17 68444 1.0822397143939513
24 18 19 29 52507 1.0407153976440982
13 2 19 29 102616 0.9310427367296377
5 3 15 3 49987 0.9501814351008175
17 27 29 22 64764 0.9287842084433874
16 29 2 24 61696 0.9637593954077042
5 22 3 3 74745 1.090942577706726
29 27 7 23 83757 0.9599745455670371
7 2 0 21 80435 0.9703059619713107
19 20 28 0 95957 0.9793171702936105
21 2 6 21 101881 1.0850734802881195
13 9 7 23 56082 1.0520887355934085
18 24 15 16 37904 0.9755695245627963
28 22 8 7 113342 0.9014010509427016
18 11 27 0 62870 1.0811877792782196
26 20 1 22 100956 0.9911500211711408
27 10 25 28 79519 0.9592554242879321
28 28 12 13 99729 0.9829982367218266
19 0 21 24 85000 0.960412607866519
13 7 25 2 64965 0.9537287171785672
4 14 22 9 67821 1.0386785086309553
24 29 10 7 113521 0.9688392270489666
20 29 22 16 50267 1.0069183824390504
10 20 0 10 62151 0.9584294670433512
6 2 25 17 108382 1.0059666807205647
22 28 18 1 99976 1.0025133702766016
9 0 10 12 51629 1.048340455645554
20 24 17 15 36679 0.9181143810276532
5 19 11 14 41125 0.964323786328804
13 17 21 13 40137 0.9066091302930029
9 28 7 20 32597 0.9716290592657312
8 5 16 12 52825 1.0841976372511515
17 13 28 12 44571 0.9611837326534978
24 27 18 12 68907 1.0222887432160876
1 13 27 1 117006 0.938206236842855
19 2 0 7 83611 0.9199384524025008
26 22 28 6 67482 1.0390648940028662
8 18 27 0 117470 0.9422937613711347
2 3 3 21 80841 1.0569178860083952
12 27 22 13 78803 0.905271164534669
2 16 10 22 55586 1.010584630535202
19 29 12 16 61236 0.977774752177754
3 21 25 22 90159 0.9840716230734788
15 1 24 6 42061 0.9695557787536214
1 6 11 24 80214 1.0536750419623648
5 2 18 10 68553 1.094326112306535
7 7 0 27 80940 0.954039866637418
9 22 26 7 100926 0.9246067680386624
22 28 16 19 47231 0.9709647331344107
12 21 18 11 53198 1.0891893579397443
27 20 17 26 58703 1.0220486778114155
12 24 28 10 91645 1.043470075490664
29 19 3 10 108276 1.090202941694889
27 23 15 5 105444 0.9172942036272236
1 9 13 17 58834 1.0931099170494427
17 13 24 8 39158 1.090140924355427
18 18 28 14 43481 0.9029085063516709
3 0 16 3 46064 0.9937134272160912
14 29 12 11 64761 1.0699399502912081
21 29 15 16 61723 1.0351815180195068
24 2 22 10 40325 1.0497416557554298
3 26 5 5 78130 0.9365782845069527
18 26 0 0 122845 1.0016672878676292
24 21 17 0 100131 0.9765845453060412
6 6 21 4 70779 0.9200377955279797
14 17 6 8 53860 0.9883956770927987
9 26 26 11 102872 0.9190304321002014
3 1 19 22 110888 1.0530932865551157
13 22 29 4 97846 0.950894929525486
6 20 24 22 80116 0.9750934534545953
1 13 10 25 68353 1.0029216934100291
27 19 17 7 73794 0.9629517770389509
27 8 11 4 66492 0.9689238174136651
15 13 5 23 74465 1.0906854372087693
28 12 16 8 45841 0.918081869277305
28 18 11 11 82771 0.9632865718219522
28 18 7 18 81737 1.0900410996976422
24 13 12 29 92238 1.0479528566077396
17 10 23 5 36596 1.0888196786507354
26 10 3 10 72891 1.0898428054292073
22 22 0 5 129477 1.0570564809239191
0 7 24 17 110792 0.9009251709079039
6 29 9 1 88720 1.0687028800771872
4 2 26 28 139661 1.0429847525584048
9 7 19 23 87650 0.944660287992463
2 9 18 19 79312 0.9851867303106091
18 18 6 24 53445 1.0158566304901266
15 17 16 6 55430 1.0793256779674212
3 14 15 15 57295 0.9471260781071716
11 13 6 22 49288 1.0237022883304794
7 1 16 12 61019 1.0839061888490285
26 2 24 27 106557 1.067109617672877
19 13 12 29 72650 0.9160600211883676
23 15 2 0 105189 1.0662020228782456
1 5 9 17 60899 0.9883777117995606
24 20 17 29 58714 0.9964610875527775
29 25 26 10 61911 0.929045815315981
13 27 18 6 74899 0.9276743090927888
8 15 14 2 67070 0.9429998110476457
0 13 18 8 72529 0.9722761688951456
18 18 10 3 79196 0.9698059617917119
16 28 7 9 82569 0.9953465203815945
18 16 8 5 73942 1.0679255009494664
14 4 11 28 88536 0.9169078978303785
16 21 1 18 79563 0.9920218190585689
18 8 6 12 48056 1.0934154487366452
2 9 6 25 59558 0.956499686974365
24 8 25 22 68538 0.9611500530303334
4 27 20 29 79370 0.9166734734750709
22 3 12 6 53687 0.9888356924555581
26 13 1 17 103736 1.0766913745282842
6 6 17 9 45025 1.0567113654558469
17 14 14 5 52822 0.9963308418628334
17 24 3 11 77406 1.0748805304978521
16 22 26 22 49144 0.9537107072514996
24 9 3 19 92304 0.9369408209464389
25 23 14 20 60469 0.9367405326119081
0 19 6 25 45491 0.9811123093625732
21 18 15 29 56968 1.0324005711834012
17 10 24 25 73209 1.0065357269444815
0 23 1 10 71450 1.0081499309337323
14 8 4 29 98560 0.9430146743083752
28 3 0 19 142732 0.983419393093382
3 4 15 0 51013 1.0901824542795968
19 2 2 28 137912 1.0307315069924354
24 6 11 8 55648 1.0410261975258395
24 26 2 29 98699 0.970615601888556
9 2 11 24 78790 0.9284983339427685
29 1 15 27 132429 0.994299947692087
25 1 21 20 79425 1.0635585985601514
23 6 18 24 71134 1.062548810061337
11 4 10 13 43650 1.0280570213629363
14 9 6 28 78647 1.0155104294160364
27 26 12 6 115577 0.9995923252820224
12 2 2 11 58961 1.0866120438589153
3 26 13 0 104784 0.9595814405412736
11 21 29 3 107737 1.0233916580833309
3 10 24 2 91908 0.9250957966977605
28 10 2 5 93397 1.0422956919346107
9 6 20 8 49741 1.0613098483300645
4 26 18 22 57274 0.9446054710482191
24 14 18 10 34509 1.058705603479441
20 4 12 12 47502 0.9775567239475501
6 5 22 11 68417 0.9074788290614
15 6 2 9 53713 1.0203983049044394
20 11 26 27 73039 0.9994811758475123
4 10 14 26 75379 1.0621466225204286
17 17 10 1 75542 0.9794160117805629
22 26 29 1 114233 0.9139541490981223
2 15 20 4 92192 1.0107058094881916
7 24 8 1 64909 0.9471019273259623
20 13 29 22 57017 1.0412583651211411
0 4 12 11 60732 1.0984042529060236
2 10 29 9 78703 0.9077929217072901
10 28 4 11 70242 0.9161359373755344
5 23 21 25 60621 1.0063769566684808
0 10 10 3 50603 0.9837657589772583
3 13 0 3 55397 1.0283193544783502
15 13 23 4 57579 1.01518369711295
2 26 15 17 67084 1.0396648557311625
6 25 13 5 81373 1.093557919229063
7 28 1 4 83147 1.0743012542074002
3 4 2 19 66713 1.0381967533232195
12 27 7 9 68195 0.9960496213663417
28 14 3 21 112295 0.9469026005864217
10 16 17 28 65446 1.000524228246026
14 5 0 23 104400 1.063527860874332
4 27 3 3 93611 1.0040716261925042
8 13 14 17 39008 1.0760208394250288
22 18 2 23 83279 0.9808273669461718
2 8 2 27 87988 0.9810616322246875
3 6 12 24 73898 0.924922694797146
26 4 22 21 81340 1.0486190373364466
12 15 18 19 35210 1.0346652327416703
15 24 28 20 58922 0.9785784441495521
10 13 11 24 51665 0.9220109636227571
24 4 2 8 90806 1.039659807095809
18 21 25 25 37875 1.0441194140140628
16 3 2 23 112559 1.0938623422557154
9 15 23 1 89399 1.0995721362119415
12 6 28 0 74898 0.9271433062629458
3 12 20 1 83396 1.085078336094313
27 1 5 13 107864 0.9599218029116489
19 25 10 11 74347 1.0305412162894179
27 10 29 25 58817 1.065369123510902
3 6 23 17 98183 1.0303941826717995
19 15 25 22 48204 0.974042082493608
26 20 9 5 107450 1.0629580933735359
4 15 23 7 82069 0.9881897057562101
7 7 14 15 49476 1.0726979749827892
3 18 16 11 65486 1.0578606370661847
12 4 26 12 69322 0.9419196846473452
9 28 6 14 52188 1.0195857711856087
1 9 8 25 63170 0.9215237593093574
13 10 13 0 35980 0.9122293985408232
29 10 13 17 69752 1.0794075916650596
29 11 4 5 91141 0.9667718058410633
18 0 24 20 87972 1.037720763935615
22 3 5 2 64739 1.031866521055076
5 20 21 23 70637 0.9575202551628074
5 1 29 3 85144 0.9773252040546192
4 4 25 24 117882 1.006254207742372
8 1 22 28 122100 0.9576407840387486
5 22 4 1 74324 0.9663296045809785
4 3 23 22 119450 0.9358117122917529
19 15 2 19 78235 0.9406438310752661
28 4 25 27 101932 0.9803291721191135
22 0 6 13 90904 1.043305189432102
14 1 0 12 74845 1.0651266883134032
9 25 4 2 80208 1.0781454127360839
23 4 27 28 104780 0.9530131828158347
8 4 12 15 51542 0.9194314100447293
11 20 5 14 44901 1.0641532253335353
17 20 24 6 70463 0.9872505643877482
1 27 10 20 54922 0.9833369880272679
21 26 22 7 74955 0.9691321434478684
17 18 5 17 47849 0.9080383148867055
12 9 29 25 99674 0.9011443914745642
5 25 18 16 70172 1.0391021195176302
17 14 29 1 78966 1.0532086851678106
22 2 7 8 70528 0.96403009355102
29 1 20 14 70586 1.0970718859075377
13 12 2 4 56845 0.9312408987755932
6 17 23 22 80371 1.0790334258434193
26 29 26 10 75971 1.0838981016620926
28 8 21 3 37783 1.0286950587622752
26 12 5 6 85283 1.0763779795260546
21 0 29 6 45188 0.9793065269599532
24 2 26 19 80415 0.9026692673620963
13 4 16 22 72986 1.0061079990156
6 7 1 2 38519 0.954957073364886
1 18 18 18 73959 0.9732576598600621
12 16 20 11 45503 0.9217969976228545
6 15 28 27 108973 1.0734792835000864
2 14 24 17 98851 1.0257127372005987
11 4 28 18 99810 1.0969236792603385
13 15 1 22 66250 0.938662504485449
5 11 14 7 47334 1.0103466478210255
4 0 7 10 36179 1.0510743630931336
13 28 4 17 60134 0.9571751817376195
1 25 7 16 42012 1.0588581597753957
13 29 10 7 75798 0.9350649056649613
5 29 6 14 57557 0.9113730042268885
4 7 6 27 69547 0.9406175050756247
1 2 16 1 46497 0.9837021814789974
13 28 13 3 77651 0.9839338791066342
11 6 26 24 107841 1.043234135092583
7 17 28 23 93459 0.9213841675292798
27 16 15 27 79599 0.9907910494790108
23 4 7 22 98584 1.0729760844017628
27 0 13 9 70072 1.0568222870062833
2 18 23 25 95964 0.9680656071869672
2 4 20 12 78054 1.0287489511233916
19 5 21 14 36701 0.9908438607584027
1 18 9 28 62595 1.0720864293058596
12 10 18 22 60192 1.0876659321638094
6 3 15 8 48378 1.0922955734483561
2 28 7 0 101339 0.9239248427347976
28 1 2 15 124877 1.071574618628658
26 3 8 0 70810 1.023788448388148
5 24 5 6 61464 0.9310699547366329
17 26 9 5 96108 1.0511495705709875
3 0 6 20 67460 1.046142950681599
5 19 29 4 114251 0.9710006507518527
28 10 10 19 87005 0.9562046191828084
18 13 15 23 48937 0.979666402250366
18 7 2 15 76000 1.0977857340146489
8 3 15 12 54662 0.9781739938071283
2 18 15 24 62624 1.0912112376914893
1 16 18 4 97511 1.0435959771764507
16 1 13 29 96362 0.9220618352552533
28 12 12 21 80932 1.0679678991121464
2 6 23 7 81078 1.0443351692266483
9 3 19 21 96601 0.9685004789446211
17 19 6 13 60350 1.0856774635300994
4 15 13 24 54800 1.015751881331021
25 21 10 3 114354 0.9136636462675547
26 13 11 20 76235 0.9529386859629964
23 22 6 11 96971 0.9478420215656229
0 24 10 16 53882 0.9757910308822265
29 17 24 26 48427 1.0104058452224853
14 18 11 7 45835 1.0628878234872605
1 27 23 0 144475 0.9665304759580953
1 5 24 0 94170 0.9662082860356047
7 16 26 22 89251 1.0661315140728722
28 26 11 22 75971 1.0298202984082077
14 12 20 29 75011 0.973343883404274
6 11 24 9 60997 0.9175174796759018
24 16 6 4 91582 1.0508447139215973
13 10 22 6 38075 1.0988343127110414
8 28 28 8 118561 1.0442661110242215
11 23 0 24 34462 0.9965753006949887
29 18 29 3 49414 0.9054470967630773
28 24 15 3 115654 1.03943382276156
28 0 12 22 120222 0.974076793455874
23 19 10 22 68488 1.0248747618845404
11 10 3 8 33129 0.9232613426854515
22 17 20 4 51135 0.9903868033027986
11 17 19 23 50043 1.0770810862971851
29 10 9 29 123049 0.9616167371095298
22 15 25 2 64557 0.9027132064103588
24 1 10 12 74972 0.9709979497996633
23 25 7 28 68260 1.0248183913894404
24 16 4 12 81542 1.082530256030749
24 5 8 21 100388 1.0516417537655245
17 11 5 21 73177 1.0526077717060551
10 16 23 8 67323 0.932768404283156
3 23 24 23 74603 0.9344101394769746
8 5 27 15 94848 1.0067283287702966
20 24 15 29 36802 1.0406876300839654
6 15 28 11 86943 1.0690268103244231
25 25 13 17 63698 1.0510877272830577
29 8 10 4 75778 1.0095520869452048
17 7 5 22 89201 0.9431073038863621
14 16 5 29 73208 0.9195054258502248
25 2 22 21 91968 0.904366915996195
5 7 0 14 47543 1.0668701085547954
13 6 29 25 106995 1.055272103556827
21 1 13 25 91229 1.013424115060315
4 20 1 0 83480 1.065105864253741
13 9 21 26 79490 0.9897828936213132
22 2 26 15 64254 0.9740929975857897
27 4 23 12 42668 0.9786100422130168
19 0 13 4 33994 0.9592711808075657
29 0 22 24 109167 0.974779708062321
25 17 2 8 103463 1.0642730272325653
22 5 10 15 70432 1.012478893622302
12 16 2 16 50481 1.0709637258662466
13 13 6 9 33817 0.9668159413192763
10 18 26 2 101029 1.0814520162545862
10 2 4 28 95648 1.0812524172268212
28 27 14 23 67429 1.0587990595034982
11 12 24 28 91253 1.080966679152173
27 9 29 25 59448 1.0827951267054103
5 11 1 29 81080 0.9119630810149355
27 15 10 15 59839 0.9335829766345252
9 22 18 7 77845 0.9593566690158244
29 11 16 15 51789 1.0364596988185146
16 11 19 27 67453 1.0278493718522657
17 27 4 12 87117 0.9819225803138502
20 22 17 12 41663 1.0437674249086883
20 17 10 8 59041 0.9530634921633726
23 22 11 14 75130 1.0372512242524965
11 8 18 29 84358 1.0762514272032804
12 7 23 24 90305 0.923733322281397
18 9 20 22 46550 0.9259324596354057
23 2 19 19 69131 0.9034051578275375
15 1 5 22 93643 1.0323484729148813
26 15 17 2 71825 1.0587159016032788
20 10 23 2 38578 1.070026099125782
10 10 25 11 59680 1.0479734379204448
7 7 4 22 55433 0.9293909154781839
1 1 10 15 64544 0.9919911394383506
7 21 29 11 99571 0.9660281945472123
9 18 8 27 44756 1.0177399239040572
3 11 19 13 63264 0.9208906021490625
5 29 15 19 68350 1.0419639455061076
6 23 8 1 68212 0.9685086691014585
19 15 14 9 33140 1.098779984834471
2 0 6 8 39767 0.9254976150575114
24 0 16 28 114877 1.000269795352969
15 19 8 13 49883 1.011951848903917
13 8 26 4 55835 1.002770927391497
17 6 9 14 60646 0.9701586096856277
20 25 17 7 66708 0.9034250088667374
19 13 11 4 58526 0.9401583714228433
21 2 4 10 77816 0.9766003113641909
7 0 5 10 38860 0.9285781601142724
23 23 15 26 46105 1.0720308066046995
18 2 21 18 61207 1.0203793776496894
1 2 13 4 46292 1.0248014966301322
12 6 29 7 63481 0.9243851124968221
26 18 13 24 61576 1.0255225437174271
7 14 11 20 34313 1.0940310739084538
4 11 21 25 93779 0.9101323136467384
27 28 5 10 119972 1.0860248033856381
4 6 7 27 66075 0.9558534302927326
28 12 5 15 89539 0.9667339943734309
28 3 22 19 84464 0.9602914652726312
28 3 21 11 53406 1.0422833133756646
7 17 1 22 43045 1.004091175383142
28 15 14 16 51040 0.9471595703114335
24 13 7 11 69164 0.9800903036969177
22 11 16 27 74022 0.9473892218447774
10 3 2 6 42691 0.9132622519934348
26 5 12 3 56454 0.9320036778066763
27 17 25 3 66446 1.0636994842098708
5 26 16 18 62216 1.0510622687413589
2 13 7 0 56431 1.027920902634591
13 3 0 22 107318 1.0129646442172062
10 25 26 21 68068 1.0521958102126874
16 1 7 11 55817 1.0131451091378278
22 17 2 4 102318 0.9713331508858398
14 19 28 25 73338 0.994317902736086
24 8 16 10 29478 0.9839701564084636
19 18 3 5 91456 0.9833598346614868
19 12 15 21 46125 0.9972149646986699
9 21 18 29 53828 1.0802773459540813
20 17 8 20 58957 1.0084898480915985
8 28 3 15 58325 1.0448378012940918
0 12 4 28 78519 1.091845114125855
2 19 16 26 71808 0.9774876855109995
20 21 24 29 43712 1.0388207203922901
23 12 20 5 32161 1.0896105992653111
21 1 11 15 72380 0.9358677978775375
25 18 7 29 89189 0.9760363846893971
10 2 13 11 41790 1.0044436050298917
5 0 4 13 57004 0.9793856481331432
5 25 4 12 54008 1.0320954282957824
3 24 24 21 78824 1.0370139860547876
15 18 4 28 68682 0.9611983856445904
24 29 28 8 91036 0.968792155039332
23 1 11 6 56086 1.090629775884162
26 14 8 26 93540 1.0319052032327032
21 29 12 28 42077 0.9570229081672714
0 6 6 18 62129 1.0987936692850198
25 8 0 8 84105 0.9463348335852303
0 3 14 22 105467 0.964661173731953
24 18 12 5 80877 1.0978509152021778
19 7 9 27 93756 0.9659671339444401
17 25 24 10 70906 0.9825777457102306
27 5 3 20 118429 0.9444477368806292
9 29 17 20 64712 0.9147032247745707
16 27 5 6 97670 0.948635107154215
12 24 13 7 55647 0.9354002949422501
2 4 25 18 114726 1.0455065412625693
22 1 24 9 36332 0.9272716977804906
27 0 0 12 118116 0.9856695608958687
2 9 28 12 84953 1.0731961546564184
24 29 6 15 97491 1.0564108561146124
24 5 14 8 43180 0.9777746886915708
5 22 15 1 93643 0.959038888874123
8 20 26 22 82657 0.9369845795922466
22 18 17 27 47807 0.9775554218898554
23 11 8 2 81268 0.9036547384883511
3 24 21 28 64990 1.0327519085780417
4 17 17 15 57790 1.0889915730170514
2 13 4 28 72357 1.031872830329797
29 2 2 1 86650 1.0468348556761957
8 2 6 10 32060 1.0281549075283298
15 23 11 17 37305 1.0763956606139933
6 23 21 21 63043 0.9207247794920587
5 24 15 0 97843 1.038882572716623
22 26 13 25 41549 0.920238426918536
6 4 6 14 33770 0.9605894535468628
19 8 1 14 75955 1.0268977172189282
8 19 25 10 87572 1.024967947773632
15 16 13 2 59358 0.9208859223925688
10 22 0 3 93635 0.937567781069081
27 13 11 18 69127 1.0617890130759697
29 18 4 20 106919 1.0477892495393333
25 22 16 2 101682 0.9788737578197274
15 2 26 22 108908 1.0887847252807108
23 4 15 28 102389 0.9687251836666068
20 22 14 2 90211 1.0748862952354283
7 15 0 27 59378 1.0770375799539154
10 7 23 6 55120 1.0600430651703754
4 27 18 23 59633 1.0631697203924029
28 17 7 16 81608 0.9899035523614146
22 9 9 0 68355 0.9032383335310495
29 16 26 2 55678 1.0377337906613415
27 9 4 27 119890 0.918044681480525
7 12 29 27 112604 1.0880990024242776
25 22 6 13 101800 0.9544046936436708
15 18 24 4 77150 0.9391611036782852
3 16 26 5 105253 1.0426849674666412
6 21 14 24 32844 0.9962222608311446
15 21 13 9 46786 1.0141869112944555
0 19 17 24 71833 1.0138409237432806
0 25 16 27 64343 0.99680960699811
26 4 12 16 80364 1.0338747271450714
21 10 13 20 56799 1.053612341310528
19 27 19 10 64290 0.9597271379883989
25 18 17 6 65356 1.0852148724799702
19 5 18 15 39992 1.0923550961168065
4 25 7 16 35080 1.0861320541623405
10 20 14 28 41718 0.9413303564686271
3 24 8 7 61566 1.0685753720785685
16 4 19 23 76754 0.9609305452725683
14 17 29 5 81775 1.0885698486226918
15 4 13 20 61584 0.911293828759795
22 7 6 14 70722 0.9941328395463722
25 25 3 14 109064 0.9733220142284857
3 28 29 16 121545 1.0570459825986749
12 9 22 21 71737 0.9535598272081995
8 9 3 25 58268 0.9812426255262643
29 4 8 16 101726 1.0303533487354177
11 8 1 22 79646 0.9196951145885406
8 7 13 12 32095 0.9820619185450538
19 14 4 21 78940 0.9506775264277659
2 6 14 23 91098 0.9364387849613545
2 25 15 9 83985 1.0110049108774148
22 29 1 14 116907 0.9781293064167204
23 0 6 27 132154 0.9201085524963476
25 13 28 29 73970 1.0881596884809146
0 2 23 8 93251 0.988871862677758
17 3 10 6 44960 1.048990568623745
0 24 17 9 88883 1.0887782832698054
21 1 12 13 61164 0.9850474433635124
2 2 28 16 125094 0.9746938565603451
10 23 29 1 128852 1.0236004760121677
10 16 17 13 47690 1.0291947098238732
15 17 16 5 59319 1.0529363423873996
1 12 7 28 60812 1.0890585444290968
13 19 26 17 53285 0.9076300551382646
28 17 21 13 35832 1.0411563445661924
27 21 17 21 50718 0.9628859304291177
0 10 0 27 89246 0.9110275844315503
4 10 10 27 69668 1.041500657864713
17 15 1 24 75281 0.9588497922365858
3 18 19 10 79674 1.0768669100884314
28 10 20 24 71710 1.0572546426090117
23 23 11 0 116901 0.9780457342597074
27 9 11 9 43402 0.9766887279651909
17 1 4 11 68801 0.9908079984347724
28 1 4 7 92257 1.0196180508277335
3 16 26 23 104679 0.9747666021400947
16 14 24 28 70257 1.0669144076588077
21 4 19 29 87178 1.0135008977844455
16 28 16 3 95986 0.9398756340221186
27 27 24 20 36418 0.9857366679631269
13 15 4 14 43235 1.0133789657991708
29 27 15 27 60551 1.0809008480881883
29 29 8 27 95140 0.9358545477408478
20 9 24 26 69578 1.0475058877076413
13 22 28 25 60533 0.9461362926978361
28 4 5 0 92427 0.9202642261618659
16 12 26 4 55817 0.9839239925749327
0 12 15 23 82201 0.9320326212449275
2 19 18 24 68742 1.022679346308856
1 12 14 4 66199 1.0554672746050706
21 22 12 24 38689 1.0916079590295016
16 25 3 26 51550 0.9634077200855664
10 8 19 23 79993 0.9635221567624169
9 28 10 12 63199 0.9144758706125831
24 2 19 21 81325 1.047085815864905
6 15 28 23 101251 0.9386595800010831
3 5 27 0 91829 0.9699080786051696
14 4 5 28 100723 0.9460840987027612
24 15 0 15 93442 1.0050130095161847
0 3 12 1 46299 0.937792874260084
12 1 2 17 76970 1.004724613698545
1 9 11 11 41142 1.0140649351566002
18 26 15 12 55086 1.0045227680532696
16 4 18 26 80223 1.0165546758816544
8 13 25 8 65531 1.080611636681037
4 17 3 3 54998 1.0427333718244027
9 1 25 2 55821 1.0405944768298097
0 8 12 7 48384 1.0319838730915225
3 13 20 5 76682 1.0728059407556154
10 21 8 6 55489 0.9706601771485508
8 13 18 26 73812 1.0229845690815054
20 18 0 21 91929 1.0886101193887694
4 13 21 14 69765 0.9982179123472863
14 28 12 13 54250 1.040489451774465
0 19 23 23 99563 0.9038329946306156
19 20 27 13 48056 1.0865981153018625
8 4 25 10 73255 0.9742158883780877
11 29 29 15 103316 1.0098625879269738
15 9 2 10 42828 0.9813237558158867
20 3 6 5 63123 0.9509563972307233
19 1 22 23 82500 0.9312390499059031
23 23 12 21 51361 1.006958470007553
14 20 2 9 68888 0.958958434071163
7 21 21 23 57769 1.0611115032352296
22 25 17 18 40262 1.0517165507603619
19 14 8 5 69794 0.9009444860042791
27 16 21 7 51546 1.0963497078390774
21 8 3 11 62337 1.0709723784855312
7 6 17 26 86350 1.0769276637510505
12 19 24 4 84438 1.0672827021829119
19 15 7 18 53301 0.9303571717303944
17 5 12 16 60483 0.98674250389768
23 20 27 29 49739 0.9601268355226871
5 8 0 0 50600 0.9364819762243715
2 6 23 27 130360 1.0582471962778572
20 26 5 1 115415 1.0301021666332357
24 17 7 3 96503 0.9630024294815523
11 11 9 21 51218 1.0108330368567882
21 21 8 17 60306 0.9874497905646255
1 18 19 22 84017 0.9519749284513122
10 0 26 0 58242 0.9490023375615578
11 15 9 5 50852 0.9009517835605476
24 12 12 0 73465 1.056632865157416
20 1 16 11 42033 1.0215941826537764
15 8 8 4 44016 1.007916053673277
21 25 1 14 103994 1.0045648340878406
21 23 11 14 70460 0.9009901914237725
19 12 6 21 70724 1.0083593946527754
13 24 0 15 71829 1.03624963020809
0 2 15 1 48869 0.9181888115850215
8 5 0 14 57726 0.9198250839638861
7 1 17 9 55572 1.0089138159530175
20 27 22 18 37706 1.0914519568729992
16 7 3 11 58301 0.9413431655269872
12 14 22 15 40670 1.0505401205962046
24 18 29 25 40089 0.9370644723824479
7 20 24 12 79787 0.9683409243078833
18 2 26 22 94450 1.0652565549908062
29 16 23 2 63452 1.0995569490260637
28 3 10 27 131831 0.9529776463940548
4 17 13 4 66885 1.0924893699270033
4 26 16 8 92159 0.9266659941431545
0 19 1 4 83408 0.9568223192028482
29 24 11 5 118752 1.012658785843794
1 7 23 15 92801 0.9002375941976731
10 6 29 20 101540 0.9245513390731563
1 5 19 21 110489 1.0791995162045638
0 5 27 14 118470 0.9338243348410844
19 7 28 28 101009 1.0981455615054194
9 15 29 2 104719 0.9355999908452441
23 2 17 15 60109 0.9918312930739026
7 18 22 20 69326 1.0479361527770947
17 9 16 18 40907 1.030456317458749
0 0 9 27 104352 1.0312367513613865
6 25 2 14 57747 1.0244610468713078
2 0 20 10 81002 0.9529250191458687
12 20 13 8 41712 0.929666977345062
11 27 25 19 84944 1.0191843700314758
21 18 0 3 115101 1.0954112317293137
24 19 21 5 65599 1.0225100638983564
6 13 27 26 109424 1.032490936318228
4 24 12 13 60561 1.0429731612100004
11 13 24 8 55534 1.031079154813369
29 20 23 26 41560 1.0349649729879997
8 28 19 24 50334 1.0027010606483189
8 14 28 7 81284 1.0110314503516973
5 10 25 27 118758 1.0129691693794958
4 24 25 2 130041 1.0894399799034447
13 24 16 9 53468 1.0624225338447133
20 12 9 8 47310 0.9221369566976638
10 11 16 1 56469 1.0750095839887244
11 25 5 11 61455 0.9061134058865096
21 15 17 4 48702 0.9641769156130613
19 7 23 28 84365 1.0475006906162376
12 16 22 15 40245 0.9119883033978214
7 13 23 22 85555 0.9909322665550317
15 12 26 14 46691 0.9863429141210862
14 17 2 24 53658 1.0733732122283546
12 27 17 11 71895 1.0987719870350332
21 21 2 20 86681 1.025936455825262
5 15 1 26 55714 0.9923911382843356
4 26 25 24 76168 1.0310064058670574
7 8 23 5 64388 0.9234893997884238
23 14 28 20 37062 1.0437818408140205
12 28 11 0 98033 0.9421472002945377
19 13 4 9 59662 0.9507839603167801
0 22 27 27 107556 0.9260827077778334
3 14 6 6 40163 1.074807143454599
8 23 24 27 66069 0.9033807494147494
6 19 17 21 58262 0.981160935710534
11 8 25 5 58828 1.055921220809477
28 14 8 5 93522 0.9277754984038525
22 25 16 19 41234 0.9035355305286726
24 4 16 28 102603 1.017355907749288
8 13 15 2 66152 0.9370941385875884
7 15 23 3 84158 0.9716654494883137
18 6 11 26 84053 0.9975140377869113
21 28 16 0 105868 0.9474344076595452
15 2 3 3 47114 0.934802618122583
22 25 11 29 61017 0.9675921865671627
26 2 21 12 51075 1.0617078907204205
11 19 24 6 82509 1.0251414226842672
15 0 25 18 91049 0.9791142883621531
3 27 28 9 122146 1.0887508507208743
24 3 26 18 71375 0.9045851699302094
19 28 11 8 85922 0.9138842226039772
6 12 11 28 65718 1.0380818553406426
24 1 17 5 36411 1.019254723823275
2 26 12 14 73655 0.9644326737597358
29 18 13 8 73783 0.9059346792157513
12 9 0 13 52043 0.9651546172357715
23 26 3 13 108010 1.0385599069508353
11 13 17 29 80052 0.9702931678564269
18 19 8 12 57308 1.0247703686651315
5 26 0 20 46432 1.0773613017677077
13 10 12 19 30513 0.9742632088746905
11 14 4 27 70188 1.0642931959695627
24 21 16 23 44393 0.9971736475873535
28 15 1 7 107133 1.083807460820598
27 7 16 6 45509 0.9178282613210944
25 20 14 2 105152 0.9654876503477691
9 29 12 3 100997 0.9799733020474546
27 27 17 25 49808 1.0107832159598176
23 29 16 16 65486 1.0731976818880842
16 29 29 2 123855 1.0497821480231795
15 29 5 6 100495 1.010217288327188
22 22 13 12 64564 1.0309414823591563
3 6 19 7 63970 0.977760859065762
8 1 0 23 89711 1.0041115906773999
12 27 3 18 65274 0.9310883076138678
22 9 20 27 64698 1.0309414748942027
1 11 21 26 107208 1.0972716665576536
16 14 3 17 60199 0.9691497788753902
13 8 29 16 68553 0.9294604286725798
9 20 5 11 46607 1.0001713541414667
7 0 26 19 122165 1.003940143506153
8 8 20 1 62710 1.0778112989991941
19 15 22 27 52787 0.9163775113445987
7 29 1 24 29355 0.9680834669413312
22 22 15 27 48280 1.0703205709269663
23 23 7 9 95834 0.9212664075070924
17 20 16 3 71883 0.9000096670099206
20 1 24 28 101680 1.0633828266877094
20 2 9 23 99954 1.0415258492915334
3 10 0 0 50362 0.9682215642933025
17 1 16 23 88055 1.0803297986320617
12 28 28 16 87910 1.0379977837323189
29 28 28 8 69257 0.9917539639101869
26 29 24 13 75838 1.006554878464508
10 1 17 23 96000 0.9334418869168972
15 2 13 26 86277 1.0916545976911525
24 6 6 2 76363 1.092239796442753
7 8 11 1 33137 1.0534573365286568
5 17 26 2 106924 1.0134235479962432
23 9 29 28 78141 1.0761898413606334
1 18 11 6 71821 0.9404031436758129
12 16 2 15 47411 1.0961800835978455
26 15 12 23 70717 0.9960166340806259
3 2 4 20 73345 1.0952798131109793
11 4 18 8 40851 1.0514822877888188
16 23 16 0 94231 1.0233488073230896
16 13 21 28 64482 0.9134491546149909
0 5 15 5 69565 1.033435142392737
5 20 15 22 52209 0.9692380649318625
4 18 27 5 106259 1.0793975770026603
29 21 18 4 84267 1.014172671373583
3 8 17 11 59572 1.0106943876248953
5 6 16 29 105057 1.0747327957437494
6 25 29 17 99039 1.0409053452598727
19 23 19 5 66117 0.9140587224018676
17 7 3 22 97246 0.951465290165525
13 14 3 11 44524 0.9512769899551136
17 13 0 8 75561 0.9210761643274825
13 0 22 15 73537 1.0954254614644099
15 20 26 6 81842 1.0681602806016666
8 10 27 28 117730 1.0214948967177024
11 8 15 18 46972 1.0021602931409006
22 15 18 28 49243 0.9024058686962667
20 11 13 2 52440 1.0797479174868956
23 25 27 13 61452 0.9388355188202551
10 14 6 6 39751 1.0701294329730977
8 8 18 19 67561 0.9674856197157556
5 1 20 17 92346 1.0053231212310103
18 5 16 16 46801 0.9974478424867089
9 14 19 11 50900 1.0373505116229986
8 0 18 14 81688 0.926127392571478
18 23 15 5 73626 0.9480786323320598
21 12 0 27 114878 0.9060676058778169
8 12 16 21 60205 1.0153519844148278
4 9 2 25 65343 0.9078003888471471
22 29 19 12 68672 1.0479580228866665
5 24 14 22 33422 1.0665872161112477
10 2 12 22 80041 0.9946681314856883
11 16 3 14 46864 0.9701394205554523
27 27 15 9 98018 1.0642112457321775
7 8 17 19 67279 1.0312016340489747
10 15 24 25 79327 0.9869245886738044
20 16 15 8 40216 1.0496642697222873
7 13 4 25 42154 0.9985809398869888
11 20 5 25 44775 1.0078488556691632
7 22 29 16 93936 0.9721313774828575
25 12 21 6 34523 1.0486100125801148
16 12 12 27 61291 1.056087412649703
23 23 12 1 107954 0.9765338888219333
4 0 19 0 53278 0.9370748583040122
15 15 5 8 59766 1.0905340092710951
20 0 6 25 110905 0.9433391592820168
6 12 22 7 64183 0.9897395573204221
29 10 23 3 40286 0.917153921498419
18 19 4 26 67258 0.9980630923959315
11 20 18 3 79078 0.9053280173904751
18 13 21 20 30943 0.9820251312366313
13 19 28 13 66727 1.0793223337294289
5 23 6 6 60819 0.9599934691031468
1 4 12 14 66670 0.9169484990851979
