4390 3749 4169 3605 4575 3655 4116 4617 3963 4038 4205 4240 3946 3927 4000 4190 4382 3825 3772 4622 4397 4004 5979 6291 5945 5759 5759 5888 6316
1650 2165 2256 2038 2470 7699 6944 7170 7315 6994 6962 7572 7625 7741 7770 6819 7203 7697 7642 6830 6811 7736 7173 7354 7648 7603 7021 6933 6989
6424 5477 6053 6008 5560 6064 6096 6232 6417 5637 6225 6404 6361 6398 5556 6224 7571 7755 7701 6878 7532 7647 7159 7640 7022 7239 6743 6715 7192
3968 4410 3985 4392 4046 4255 4283 4074 3992 4289 4884 4825 4646 4662 4197 4104 4422 4524 4720 4630 4047 4830 5195 4485 5177 4266 5262 5167 5121
3064 2979 2851 2975 5095 5106 5349 4873 5277 5424 5569 5214 5373 4966 5450 5627 4756 5468 4948 5588 4764 4937 4727 5031 5163 4930 5217 5365 5592
6524 6919 7241 7371 6963 6980 6817 6633 7198 7099 7255 6719 6772 7535 6707 6699 6822 7406 7542 7462 6724 6564 7353 7255 7235 5239 6045 5752 5066
7095 7623 7354 6947 5193 5305 4763 4915 4684 5235 4814 4590 5420 4867 4551 5468 5332 4567 4632 5429 4770 4886 5338 5100 4747 4618 5320 4468 5178
4364 4960 4461 4609 4198 4802 4554 5061 4024 4632 4428 4886 4180 4782 4721 4601 4358 4673 4196 4512 4795 4462 4906 4278 4915 4218 4321 4291 4050
4518 5064 4589 4908 4232 4711 4715 4620 4133 5017 4540 4613 4403 4414 4872 3779 4690 4340 4443 4157 4732 4361 4681 3841 4254 4028 3851 4464 4522
1845 2476 2522 1864 2770 2028 2588 2340 2320 2064 2322 1966 2284 2143 2455 2174 2447 2589 2312 2346 2182 2579 2291 1793 2146 2456 2108 7129 7395
7949 7559 8265 8071 7628 7680 7868 7790 7487 8240 7931 6766 6840 6550 6478 6633 6745 6006 6043 6295 5945 6826 6225 5968 5968 6007 6254 6282 6180
3534 4292 4406 4505 4072 4255 4284 3741 4062 4164 4431 4209 4305 3600 4130 4123 3654 3998 3882 3895 3795 3964 3631 3704 3629 4020 3823 4286 4419
7891 7488 7194 6574 6863 7191 7336 6602 6561 6398 6869 7177 7157 7170 7284 7085 7190 7241 6503 6413 6965 6930 6370 6851 6895 6911 6599 6461 6289
4435 4404 3942 5586 5380 6306 5915 6202 6108 6305 6359 5914 6305 6089 6069 6295 5541 5849 5495 6360 6375 5780 6192 5744 5548 6176 5788 6177 6011
8436 8211 8135 7943 8263 8099 8229 7940 7848 7859 8143 8121 7887 8148 8476 8228 7696 6675 6474 6490 6306 6521 5967 6205 6922 6837 6471 6623 6565
4977 5642 5463 5783 4931 5623 5730 5582 5368 5639 5324 5775 5450 8578 8417 8704 8510 8022 8425 8530 7768 8366 8238 8475 8548 8457 8421 8720 8687
3130 2944 3216 3431 3876 3641 5578 6142 6394 6313 5417 5378 6327 6016 6154 6011 6319 5602 5780 5719 6012 6114 6069 5697 5959 6241 5509 5568 5825
3266 3107 2979 3179 3459 3046 3507 2776 3310 3123 2907 3014 2714 3149 2694 3156 3326 3357 3620 2757 3400 2741 3239 7740 7887 7714 8502 7881 8359
6610 5756 5735 5887 5817 6701 6186 6044 6156 6439 6076 6158 5960 6456 6271 6388 6727 2416 2320 2132 2836 2769 2982 2491 2645 2724 2703 2203 3145
4854 5246 4788 6423 6421 6422 6059 6785 5883 6744 6181 6755 6173 6461 6165 6115 6887 5945 5882 6906 6170 6826 5861 6771 6522 6719 6315 6243 6029
3774 4100 4356 3551 3519 2798 3132 2853 2813 3294 3284 2612 2912 3652 2777 3513 2606 3502 3594 3160 3568 3045 3565 2784 3316 3145 3247 3519 2899
2373 2216 1646 2329 2014 2063 2000 1978 2345 1732 1569 2299 1721 1591 1980 1872 2137 2254 2315 1826 2113 2232 2287 2030 1977 3522 3027 2661 2529
4224 4987 4658 4621 4084 4220 4948 4806 4840 4755 5094 4099 4588 4110 4350 4857 4262 4550 4686 5031 4301 1959 1645 2266 1381 1457 1815 1898 1595
7043 7447 7582 6884 7007 7145 7507 7459 7424 7785 7292 6916 7089 7841 7578 7413 7303 7340 7500 4718 4930 4522 4662 4596 4646 4446 4193 4578 4346
4717 4149 4967 5107 4666 4953 4691 4132 4070 4665 4497 4806 5027 4801 4756 4161 8252 8056 8172 8061 8056 7499 7786 7485 7494 8084 7942 7261 7569
4959 5285 5254 4605 4281 4690 4693 5171 5213 4442 4906 5197 5404 5279 5865 5272 5436 5023 5166 5037 5623 5123 5431 5185 4835 4987 5384 5283 5212
5290 5607 5720 5594 5809 5037 5169 5982 5126 5830 5823 5157 5066 5349 5782 5174 1485 2039 1526 2099 1335 1121 1864 1118 2108 1499 1091 1502 1888
4400 3789 4603 3811 3730 3705 4438 3874 3700 3951 4577 3790 4147 3982 4600 4170 4448 3994 4340 3739 4515 3944 3671 4428 3759 4351 8031 8020 7485
5428 5301 5351 5288 5270 5358 5853 5145 5654 5618 4977 5017 5988 5436 5968 5985 5743 5297 5024 5638 5293 3443 2689 3271 2922 3419 3368 2488 3438
3967 3643 3630 4223 3680 3456 3400 3955 4352 3793 3704 6448 6648 6796 6551 6310 6708 6299 6681 6059 6444 6284 6727 6653 6337 6400 6372 6086 6977
6534 7944 4017 1792 4591 6105 7063 8015 5213 4276 7597 3608 8299 4443 4885 6264 7742 3626 5488 5168 2239 6123 7220 7266 2942 3370 6332 2760 3705 7541
7064 7966 3436 1634 5260 6014 7093 8066 5034 4712 7931 3285 7594 4670 5662 6749 7790 3423 5693 4700 2110 6960 7561 6872 2948 4088 6301 2562 4113 7477
6511 7623 3799 1971 5560 5821 7444 7952 5167 4265 7915 3657 7426 4843 5621 6382 7503 3505 5940 5330 2432 6799 7276 7585 2590 3899 6557 2440 3432 8188
6328 7017 3239 2123 5108 5870 7795 8067 5817 3699 7344 3506 7633 4857 5635 6047 6072 3205 6240 5284 2252 6174 6615 7677 3269 3421 6845 2122 3993 7588
6637 7192 3290 1322 5518 6059 7595 7301 5835 4530 7747 3311 3315 4043 5332 5961 5778 3414 6249 5119 6144 6551 6655 7396 3009 3359 6327 2945 3519 8423
6747 7989 3285 1887 5121 6354 7932 8016 5478 4658 7814 4071 2853 4545 5120 6635 6137 3558 6281 5038 5268 6434 7121 7431 2824 4098 6023 3018 4045 8134
6997 7212 3698 1769 5216 6589 7820 7640 5071 4109 7507 3644 3264 4906 5013 6403 5875 3159 6211 4724 5156 6820 6980 6772 2578 3581 6481 2819 3722 7904
7028 7703 4114 1863 5074 6956 7902 7356 5660 4088 7660 3306 3415 4110 5170 6423 5764 3059 5922 4736 5524 6315 7060 7408 2714 4325 6205 3117 3322 8044
6052 7159 3244 1755 5117 7159 7657 7909 5303 4384 7551 3500 2968 5027 5243 6090 5133 3617 2018 5241 5176 6331 6639 6965 3226 3325 6554 2383 3279 8186
6910 7725 3745 1965 4735 6929 7990 7541 5832 4496 7161 4018 2872 4751 5317 6933 6144 3578 2247 5431 5384 6972 7369 7149 3063 3962 6842 2290 6281 7728
6818 7136 3153 1424 4833 7401 7565 7696 5335 4054 7381 3416 2388 4111 5493 6777 5623 3110 2124 5300 5991 6902 7634 7053 3088 3657 6152 2711 6932 7458
4613 7925 3966 1658 5237 6585 7591 7253 5534 4029 2226 3376 2640 4155 5597 6637 6118 3369 1410 5390 5945 6292 7628 7582 2586 4241 6607 2072 6916 8072
5429 7042 6750 1384 4914 7029 8062 8192 5173 4683 2076 4068 3249 5029 5527 6239 5979 3192 2136 5057 5639 7063 7436 7060 2642 3600 6380 2323 6363 8207
4830 7949 6136 1827 4912 6850 7908 7584 5524 4372 1280 4227 2933 4259 5501 6053 5994 3317 2317 5613 5843 6868 6609 6967 2794 4018 6296 2490 6194 8134
4875 7354 5922 1992 5631 6601 7437 7420 5124 4349 1795 3668 2668 4202 4936 7283 5628 3120 2023 5724 6087 6826 7128 7219 2502 3478 5971 2083 6805 7772
4631 4579 6605 2011 5638 7151 7067 7289 5769 4645 1884 3804 3197 4511 3912 6636 5585 4027 1395 5656 6056 1710 7233 6663 2958 4097 6670 1960 6297 7505
4631 4943 6714 1756 4757 7075 7470 7824 5034 4250 1905 3551 2892 4476 4095 6449 5461 3679 2141 5261 5242 1669 6818 7036 3106 4301 6529 2811 6850 7456
5005 4543 6668 2272 4972 7418 7418 2780 4837 4327 2145 4152 3338 4394 4401 7289 5743 3824 2250 5663 6054 1658 7575 7322 2958 3924 6232 1893 7109 7623
5013 5054 5845 1615 5651 6933 8076 2172 5337 4377 1442 3658 2893 4653 4125 6671 5937 3645 2227 5590 5401 1455 7620 7441 3383 4296 6895 1959 7010 8372
4893 4139 5887 2208 6234 6983 7898 2161 5551 3703 1707 3606 3420 3775 4472 6829 5351 4061 2292 1543 5378 1908 7885 7203 3255 3475 7522 2084 6585 8389
4417 4708 6743 1837 5677 7458 7628 2662 5637 3771 1538 3810 3358 4081 4785 6387 5139 4018 1522 2254 5254 1443 7676 7213 3481 4086 8161 2034 6271 8356
4807 4704 6124 1391 6208 6771 7721 2538 4898 4110 1835 4078 3078 3906 4638 6530 5257 3590 1848 1518 5593 2188 7921 6681 3319 3380 7463 1940 6359 8198
5208 4973 6389 1756 5410 6598 7528 2526 2670 4722 1607 3952 2572 4122 4613 6538 6098 3453 2385 1954 5431 1582 7694 7223 3580 4315 7920 2080 6331 8043
4769 5035 6487 1745 5704 7172 7786 2510 2848 4278 1942 3529 3224 3741 4283 6909 5623 5508 2136 1335 5200 1536 7404 7250 3428 3421 8066 2175 6794 7522
4817 4637 5820 1331 5815 7472 7993 2372 3307 6482 1245 3307 2698 4689 4706 6708 5400 5268 1391 2086 5841 1330 7936 6957 3828 3835 7280 2873 6385 7425
5100 4268 6306 1643 5895 7441 7635 2168 3169 6747 1229 4172 3090 4222 3847 6954 5535 5417 1533 1993 5164 1406 7290 6927 4142 4122 7827 2876 6208 7814
4827 5093 6362 6519 5730 7119 1587 2596 3048 6502 2219 3710 2870 4064 3934 6470 5809 4898 2337 1565 6116 1293 7476 7183 4227 3219 7321 2860 6540 7643
4607 4608 6337 6990 5581 6502 2197 2291 3499 6501 1907 4097 3245 4082 4019 6385 5306 4818 1426 2069 6124 2169 7459 7359 3305 2901 7566 2039 6918 7589
4756 4857 5755 6995 5610 7148 2148 2632 3020 6528 1818 4194 2888 4492 4204 6680 5558 4576 2226 2074 5141 2253 8012 2783 4238 2861 8245 2350 6545 7782
28 8 19 15 42798 0.991138028458394
8 26 23 8 74154 1.0016038039218382
18 20 24 1 54385 0.9945564708364596
1 14 19 12 71060 1.092266369087607
18 12 12 28 67607 0.9669020096856523
1 6 14 29 106172 1.080387847165726
4 13 26 29 84809 1.0578397760278835
3 25 12 18 42081 0.9453581423703683
7 16 1 20 36110 1.0850535782809385
5 8 26 27 90167 0.934755750084904
1 22 9 10 68766 1.0561068690041315
4 17 5 28 56441 1.0381768654124066
29 10 10 13 48856 0.9650576332868298
14 14 7 6 57507 0.9945104171347172
10 22 27 8 74023 0.9726523692688175
16 0 8 20 65739 1.0444430811341534
19 0 15 20 69294 1.0196900423688828
16 0 7 2 29630 0.9094474676027658
26 27 17 4 64049 0.9471965811951342
18 3 2 10 61952 0.9531613105817889
1 15 20 2 92765 1.073709359830918
24 6 9 13 52433 0.9047867783207153
21 9 14 14 33291 1.0188146323595086
18 13 28 22 43501 0.9146387164347847
3 20 19 1 93589 1.0386470974786481
29 6 21 9 27356 1.0760646108695056
3 26 18 0 103294 0.9726736430368612
15 7 19 28 73899 0.9121089684379171
11 4 19 21 62554 1.0593524165446637
10 17 7 6 43544 1.080284723165591
26 20 27 6 53266 0.9630335818995632
28 23 25 14 32881 0.9730915415164746
19 2 20 19 43286 1.030932790056709
16 21 27 9 43838 0.9506074803413533
4 25 11 18 37388 1.0584017539134034
1 21 5 13 51512 0.9787899363120407
7 23 5 5 79683 0.9643170390281535
18 6 27 21 50205 0.9317290394743543
28 14 20 4 48401 0.9072863284534983
1 25 6 15 66572 0.9178629143302693
9 7 21 20 53329 1.0180823998081365
17 11 24 25 48591 1.0762053529959952
13 28 11 1 82227 1.085309898013602
0 18 2 9 45741 0.9580818188740264
0 10 16 28 93861 0.9963435756194741
24 14 1 10 85819 1.020493822219176
18 26 22 19 23874 0.9710966796394418
26 28 9 0 83232 0.9386694617326494
19 24 8 0 84205 1.0819158113047596
19 18 15 11 33242 1.0749351951586665
4 28 23 20 65332 0.9052158573595913
28 20 18 12 41317 0.9473644665079384
14 14 5 26 73006 0.9335739678558489
11 24 20 29 37565 1.094239285730633
4 22 18 16 64798 1.0299655835602195
7 5 4 13 47192 0.9572650324156957
11 19 27 11 53672 1.0650381576065941
12 6 3 12 58028 0.9837690915118796
11 22 27 9 64700 1.0239091583984303
11 26 17 3 75659 1.0519241955231078
23 15 15 0 60298 1.0371069541706157
23 19 4 15 59650 1.054293408634837
0 12 19 3 71034 0.9684683696199468
27 11 25 26 50302 0.9675513987869935
27 10 7 4 54714 0.9236482250856718
10 5 1 8 52208 1.088439141881705
3 22 24 14 86664 1.0062905951077088
13 13 21 25 56000 1.003735185855166
1 0 18 12 66071 0.9042192682127353
0 3 23 9 59626 1.0439200080346958
18 4 6 7 49763 0.9735667422562179
26 21 18 9 40802 1.0984347923552968
16 17 1 14 65861 1.0060010554383378
24 0 13 18 64776 0.9335201381747215
22 13 19 0 39501 1.0584223835012305
14 27 25 16 47160 0.9348538303930307
26 26 9 20 50547 0.9599192545744845
29 12 20 20 42949 0.9282181758038504
28 6 28 20 62636 1.0402822567279326
24 12 15 21 36526 1.0550854819875621
4 9 22 26 83246 1.0123810955434513
24 6 10 12 47346 0.9868461338704215
19 17 7 5 67939 1.0242712464720998
6 3 14 27 71840 0.9512976173160453
5 18 26 3 82263 0.9454093625222141
1 5 20 27 93604 0.9066261202772764
16 14 23 25 44726 0.9110205764869312
8 0 17 6 36596 0.9511460552740957
5 23 6 14 52404 0.9943842298379074
16 2 17 27 71663 1.059428467801071
2 14 12 1 75839 1.0486726542721092
15 22 9 26 37990 0.9942136695832403
10 4 23 2 38627 1.062327190326461
8 26 1 23 35568 0.9014114022085683
28 13 2 12 87935 0.9128200875077105
25 2 24 22 60420 0.9671386905425878
25 5 18 23 57618 0.9332368636499498
26 20 18 15 34490 1.0817397915425817
18 0 24 8 40670 1.084092646662626
12 8 26 14 57676 0.981661674240505
4 2 3 12 44014 0.9348078648426309
1 11 25 20 82667 1.0231828269051504
27 21 25 1 62192 0.9958131021307858
20 10 12 24 53223 1.0297524591312823
2 7 27 8 84586 1.0395877900107384
4 4 11 1 23658 0.9488990362784013
17 15 24 26 49091 0.9052551415301525
14 10 3 28 75289 0.9398756435694697
12 13 21 21 49426 0.9519869355482118
1 20 12 23 56192 0.9229863481319341
20 11 16 29 60604 1.0660607288554247
26 2 12 1 44492 0.9066359197891599
26 12 12 19 51023 1.026579119121087
5 11 6 22 58583 1.0799142446875045
14 16 23 0 71851 1.0151452941192223
27 17 5 8 82895 1.0516222060647062
10 0 19 8 52698 0.993303752589633
14 19 3 0 74126 1.005271817491778
6 3 29 21 77188 0.9512238375294899
13 11 11 22 50843 1.0397520343061513
14 1 5 9 53875 1.001677686751745
29 18 11 19 38877 1.0229459933156204
21 14 17 6 26517 0.941035530519834
27 1 8 8 61619 1.0637238663715902
28 22 14 24 39519 1.0762181275769345
25 4 5 24 89641 0.9013275305108803
18 15 0 15 74648 0.9684990945804997
17 18 10 7 48438 0.9558593389414647
29 21 10 16 52798 1.045154977251311
15 1 21 25 65091 1.0610216485097306
2 1 29 24 105921 1.0796580507231908
16 20 4 8 72641 0.9965596741057584
21 6 7 6 45582 0.9906890145405504
9 20 2 28 40558 0.9120513605079362
29 14 3 4 86317 1.0169748184571545
5 26 23 19 65976 0.9533785524762964
28 2 9 10 63248 1.0724015353148024
2 22 12 18 53860 0.9300637010853054
7 27 20 21 45810 0.9378157351575714
25 23 17 2 64239 1.008181234179744
28 10 9 4 50258 0.9488082436299938
10 1 19 20 74973 0.9935701849748162
23 6 24 28 64530 1.0167376002927788
16 14 2 11 59251 1.0214525006458957
12 13 7 5 43463 1.0245549289204108
14 15 18 8 44473 1.0046933779298717
15 10 27 22 45534 0.9805212208382148
13 20 1 13 68581 1.0622169466647506
23 23 0 18 80071 0.9682173643169462
6 29 6 2 84309 1.0599336077020072
23 28 11 16 52787 1.023691926782124
29 6 8 16 75106 0.9843804289458726
7 18 12 10 38089 0.9698516378260952
11 7 1 18 68845 0.98431912192467
2 24 6 7 76337 0.9065873688379882
19 23 21 2 53040 0.9173919587031105
14 17 19 27 40045 0.968431462255168
15 6 21 22 56849 0.9103313897428075
16 1 4 16 71749 0.923270047656365
7 6 25 28 97245 0.946393259672927
27 29 10 13 74572 1.0830694521018758
20 10 1 19 81080 0.9281356723676754
27 11 15 24 58401 0.9828447397881528
28 11 15 15 51356 0.9118214704025661
29 17 19 28 45926 1.0531863639003907
20 27 15 20 33162 0.9419644513972032
5 1 17 25 95930 1.083223538947101
17 2 5 3 24270 1.0694022850985765
17 27 8 12 56013 0.9176525381173753
1 5 9 23 64896 0.9413060568394688
13 29 25 27 38570 1.0640694508265955
5 21 20 29 68080 0.9560476534089903
29 21 20 14 32996 1.0006313060435252
9 23 2 6 76386 0.9220277160433954
27 16 4 17 62106 0.976814385088751
27 13 15 9 38851 1.0709507362457948
14 16 11 2 63822 0.9703628001509722
18 13 0 22 84969 1.0837141857451613
11 9 26 12 40692 0.9462022722427956
8 27 2 18 55661 0.9318009489310228
22 1 3 2 45201 1.0233174339033502
2 21 21 1 101426 0.9626353208740558
0 21 7 2 84908 0.9980586946465113
17 28 4 23 52713 0.9430927206507425
1 25 16 19 63719 1.0823442528343254
22 14 4 13 64835 0.9598255148146709
9 6 3 10 37005 0.9017496175488054
7 20 1 29 61583 1.0989999680580596
12 20 3 23 48270 1.0726529743920272
12 22 26 1 91954 1.0131227034411017
27 13 4 10 75855 0.9084036926052137
15 3 15 16 54847 1.0674405933633786
17 27 26 13 51076 0.9733466365478205
3 10 2 24 66761 0.9158097460328553
24 15 16 26 58187 0.9690915985588024
5 1 15 25 93714 1.030219519568742
25 27 4 2 89210 0.935231740910418
17 10 4 2 47864 0.9234791892804144
10 0 16 10 49638 0.9156658612795199
14 11 25 12 35053 0.9200997278284212
11 1 23 25 77150 0.9111335275344369
16 29 12 2 93650 1.0172309753772395
7 24 28 21 56189 0.9681591035246992
27 25 8 11 67167 0.963100774032538
2 17 10 8 49524 0.964246430793627
29 8 1 29 116995 0.9408924176676987
22 16 22 1 39316 1.0196524622066878
0 27 11 13 65049 1.0591066816291508
20 15 9 29 66920 0.9363229378359742
28 1 22 10 43681 0.9159768738931255
19 13 8 6 55857 1.0701431620745687
5 6 1 18 77447 0.9550183382090356
27 24 17 11 47745 1.0813496836521672
6 13 27 3 71663 0.9291811583997815
14 24 20 9 51081 1.0334371760311876
23 3 19 13 31053 1.017289857923835
2 5 10 13 51555 1.0943336458728732
12 13 23 12 40755 0.9087177730554671
26 25 20 7 44604 0.9307640441226332
15 29 8 7 84276 1.0425011180946022
2 15 16 4 77240 1.0867395672987434
17 29 17 6 74713 0.9862301244332093
8 8 13 22 59994 0.943065301309235
0 24 29 20 85046 1.0142842024075818
11 12 16 4 41214 1.0666379066996734
3 18 21 24 63811 0.9569225222152297
26 15 29 4 52573 0.9373915189244206
1 25 28 29 83398 0.9943579490229776
7 13 20 23 56249 1.0708521957693629
26 22 24 13 33915 1.0693431727455076
11 26 1 11 71626 0.9597602226381367
22 5 27 12 35333 0.9354620492323202
14 19 23 16 36070 1.0363135891128894
25 8 23 22 46253 1.0101882320456477
23 12 18 20 27698 0.9343792019129951
12 22 12 11 54403 0.9998244201182116
5 21 6 10 60874 1.0335474500687942
2 8 7 28 85075 1.0676237571432834
14 18 24 18 20219 0.9908556219749398
10 29 19 23 48809 0.9370901819963054
17 17 8 4 56757 0.9022609378153464
14 19 3 21 54673 0.9728104628793404
0 21 29 27 94987 1.0271270792047689
19 7 13 20 54323 1.0427451888171198
10 20 7 6 52597 1.0111090752146819
1 18 22 8 85708 0.9880364314508043
1 15 26 2 103832 0.9123272203240894
6 18 8 3 47922 0.9335863329235776
3 0 4 29 102870 0.9273226752075904
7 13 20 13 45965 1.0836669331109483
1 14 9 29 81344 1.0212725290764266
18 0 29 18 65724 1.0995843771747817
7 25 28 29 61693 0.9397110878946835
19 23 28 19 30366 1.089213303238137
4 6 16 17 75380 0.9340289903503193
1 6 13 17 71545 1.018317762270777
5 9 25 4 63926 0.9939341647710536
1 2 9 4 18444 0.9593383372955028
29 24 1 26 82951 1.0990132805682644
23 10 7 16 55224 0.9989856375103187
13 18 28 7 54646 0.911908274510019
28 16 15 9 55615 1.050167449407835
12 5 12 16 58007 0.9205214441245382
21 25 9 19 40975 0.9700751158013884
20 23 13 6 67956 0.9269440117165505
3 21 21 28 68211 1.0577770876684094
21 9 13 0 41028 0.9857658879988549
5 12 26 6 67667 1.034819503374155
24 15 6 12 66946 1.0325649644061614
20 25 5 21 65927 0.9144390715432504
22 10 8 12 36632 0.9979371653019731
26 0 27 14 61324 0.9867585188187155
7 26 19 11 72530 1.05821787366098
15 5 1 16 86872 1.0825251564310567
14 15 26 27 59345 0.9832150065633971
25 28 14 28 35798 0.9824510028343983
14 29 6 6 92674 0.9337102790385425
23 10 4 20 74615 0.9436962756086354
28 22 3 22 80992 0.9105724438305656
10 4 17 22 65536 0.9202230774120997
1 17 22 10 70871 0.9493539816596981
22 25 2 17 65682 0.9945737948753458
13 25 1 0 85179 1.0549773066244041
5 27 16 18 45202 1.02582218377853
4 28 15 21 61631 1.059534018061016
20 14 7 18 42900 0.9780858043092631
10 11 23 22 55814 0.9001888252404039
3 15 13 24 56009 1.044620819242458
13 22 27 7 71759 1.0585487483858445
13 22 20 3 67292 1.0286509455539001
12 13 20 17 45353 1.0659726099741471
2 29 7 14 72486 1.0366521690284278
7 2 0 11 49733 0.9966251320662853
25 3 5 21 91909 0.9524137423621964
23 12 9 2 48450 1.0165844429399484
14 10 4 4 43777 0.9096137645419787
9 11 16 2 33773 1.0513175941893607
9 21 17 14 35166 0.9950242129895439
21 10 16 16 29927 0.9805754754725116
27 4 11 14 66903 0.961106406711842
16 12 29 16 55745 0.93114241038649
14 13 7 26 61630 1.0277011684796709
13 15 16 26 60452 0.9779011889020828
0 14 27 10 83941 0.9226590711464778
0 26 12 29 49748 1.07277900862778
14 19 7 14 36786 1.0475281145823578
24 10 5 17 60873 0.9299108282795217
11 28 7 2 71933 1.0358168957402392
29 2 29 23 86130 0.9426840651371851
1 8 24 22 103047 0.981721942806367
26 14 9 21 54697 1.0857661420644071
20 17 23 24 22916 0.9393517419536342
24 26 0 3 99111 0.9030325562397149
10 12 23 0 59737 0.9588377425120429
17 4 5 6 45784 1.0747498695265936
10 18 14 25 36695 0.9002597051858685
16 10 21 27 45065 0.9516661015594415
23 4 22 23 51219 0.9493723363105472
8 2 25 4 38543 0.9059012677664687
4 19 14 2 75381 1.0864606911592123
15 28 10 4 80127 1.0897740862902154
17 28 6 26 40260 0.931139116422868
13 25 27 18 48253 1.0937074141529568
12 13 2 1 57944 0.9147630563509139
4 13 4 28 74299 0.997531640200934
22 20 4 10 72407 0.9261935416193033
23 12 12 15 54828 0.9559532376555838
18 14 6 17 45151 0.9518061509464402
17 29 19 17 42634 1.0747056661722532
6 7 27 26 94584 0.972371643153211
0 14 11 27 70941 1.0287827499906899
25 16 9 24 55806 1.0002826816902068
26 9 14 1 55930 0.9071220185438646
23 13 5 18 62378 1.0288610936718272
11 27 28 11 74998 1.0741911550774677
14 11 14 25 68658 0.942306367426004
8 19 4 27 37424 0.944027474637502
0 7 24 14 89191 1.064663247936753
6 10 7 29 65376 1.0070488698338853
16 8 25 26 63295 1.057512313672046
8 18 22 9 47367 1.0017797674918276
29 25 17 12 54009 1.019494420614675
18 2 0 27 100757 0.9543382069638668
10 17 1 19 42864 0.9191718839503741
27 5 25 21 56943 1.0365244514994072
6 0 15 7 56717 0.9184738234622458
16 26 14 9 72111 0.922134401468543
20 26 1 17 74078 1.0386764428375101
9 17 11 0 47386 0.9903667177118676
20 8 6 15 60802 1.0311736910065532
19 14 20 24 33784 0.998805982597724
2 3 22 17 65859 1.0394651043677552
22 11 6 12 47123 1.0036570263933633
27 7 7 25 83571 1.0605751836208983
12 18 25 29 52403 1.020843345995341
3 27 5 9 74300 1.096506121345596
14 1 21 12 46110 0.9234389398560762
10 2 4 17 54839 1.079148001596838
0 5 6 15 64870 1.0587820512815564
8 9 9 20 29486 1.050260395766953
7 16 18 9 52400 1.053014864401769
17 23 5 5 87512 0.9238187263732207
19 24 0 14 82683 0.910475363093205
23 26 11 25 37765 1.0630715699336932
20 15 5 23 64283 1.0224217161919125
13 27 17 1 82121 0.922842674096895
2 9 11 23 73535 1.0887758240003622
21 23 2 29 69461 1.0470192508378395
26 9 12 26 76252 0.9473632078601005
3 17 22 18 48533 0.9574191655107995
18 19 9 12 34455 0.9485829054227577
28 2 4 12 83351 1.0613114096334828
14 9 29 17 57279 1.0650125746739094
17 17 25 0 63253 0.9873981882130902
19 18 27 13 35192 0.9064029398546903
5 13 13 29 72193 0.9320364568606208
14 20 10 1 70275 0.9527754961391413
8 3 2 8 35181 1.011466496155128
11 23 16 0 79263 0.9594069615049801
24 13 3 12 72635 0.9185457183382222
17 0 9 2 25891 0.9659234417947189
28 29 19 20 37189 1.037845911281738
1 22 6 27 42855 1.0506893662525398
22 4 14 17 54288 1.0162003692666728
24 22 15 27 35821 1.0268952290840125
23 27 14 23 35898 0.928446335606379
16 26 23 10 55278 0.9152135735510739
5 17 25 17 52849 0.9715130852872911
25 7 15 8 33300 0.9487735466695392
18 26 8 1 84126 1.0746327872097163
6 6 28 28 101754 1.017379756671496
13 28 0 27 39739 0.9215962853304152
5 17 20 1 73726 1.0996820576738906
13 18 24 14 37944 1.0327586285244157
13 0 8 18 55584 1.014317852601682
3 11 19 13 57904 0.9786308752509592
27 1 1 6 71257 1.0835550980195234
29 21 20 13 33883 1.0248590513536653
0 9 23 26 104526 1.0193487751112476
13 18 0 9 64106 1.0541787800627331
15 12 26 17 41985 1.0049890875120697
18 18 26 2 49511 0.9988783947859468
1 14 2 25 63259 1.0354248236833132
8 19 25 3 66652 1.0267420733828931
20 16 2 4 71279 0.9272597041360998
26 16 6 8 74610 1.057111034734368
17 7 4 26 86245 0.9236257886265252
28 16 5 3 83039 1.0206388307969232
18 21 28 14 39930 0.9764855044337124
27 26 27 5 72087 0.9002788318917561
1 21 28 25 95781 0.9828779707861015
6 27 7 8 61472 0.9299039646453382
16 27 19 1 74279 1.0323962382997964
1 21 1 7 70543 1.0639222000987771
7 25 26 19 58202 0.9132956943578446
19 19 13 25 38666 1.0232731496526735
20 7 14 16 48562 1.0475432843324888
15 26 21 0 78186 1.0007266036785787
14 26 21 15 48463 0.9624215263729807
6 4 27 27 90081 0.9842661990225346
8 24 19 15 53835 1.0871635160638728
12 23 22 11 61045 0.9875509218254424
27 11 21 25 44857 0.9616212418430744
23 12 5 0 70055 0.9034052977350349
4 23 17 2 84235 0.9170093679721097
10 29 29 18 66148 1.0572074320806792
20 12 5 1 65070 0.9636642586677167
13 16 20 27 49161 0.9188371704203031
24 25 6 25 55453 1.0898496227604308
6 20 21 19 46913 0.9681515830817115
16 20 16 6 56122 0.9945296359531636
4 26 7 6 80502 1.0440261366611288
28 5 29 24 78029 1.0168718804919834
5 23 19 1 94392 1.0750315998536484
22 5 1 17 85925 1.0859035496162723
1 6 11 14 59958 1.0153657915721683
4 8 15 16 73097 1.0462551490454466
8 6 26 25 79739 1.0176522637603234
6 12 9 5 25275 0.9686449996647954
17 3 29 12 46347 1.0702653394442898
7 4 25 28 90824 0.961975093986967
10 7 13 24 57527 1.0635207257702743
0 16 21 25 76200 0.9797022625746227
10 17 29 11 59750 1.0427128208748377
7 22 17 14 51444 1.0175751285734664
23 18 2 5 80324 0.9186757103132235
3 19 12 4 72642 0.96854881923433
8 12 28 16 65076 1.007961615719156
6 13 6 28 58851 0.9396497818358149
25 13 1 29 105917 1.0395294520917022
5 18 17 28 67266 1.0972710021288736
22 18 14 7 51901 0.9815841201689977
21 11 5 29 80049 1.0555794332464474
23 14 0 29 98161 1.0577694672085993
26 10 18 21 34341 1.0907353258097492
7 26 14 23 34392 0.9337200229037317
3 25 28 25 73296 0.9412205222825821
1 23 27 7 104287 0.9136759985588093
29 6 21 2 31622 0.926923947724421
26 15 18 18 24032 1.0883092396439156
1 8 9 3 40645 1.0607799060585206
8 24 0 7 81498 0.9071071069298287
7 24 0 19 41525 0.9319512353141861
17 19 2 23 60766 1.0933558199778193
25 12 13 8 41549 1.040927582017604
23 1 14 5 42553 0.91685582449119
3 8 25 27 99760 0.9057929434900542
14 18 3 26 50800 0.9591428589212692
25 22 24 5 56709 0.9485624555711913
9 27 25 17 56543 1.0347067755976234
27 15 8 14 61788 0.9136186574979372
19 4 3 27 95298 0.9037339478807154
17 26 26 0 85270 0.9721375691112841
21 28 19 4 63032 1.0624180517606545
3 0 16 13 69600 1.0815492399643873
22 12 19 24 34172 1.0576195255511578
29 26 8 14 74679 0.9708233030873246
26 6 19 24 58300 0.9383434872427237
17 16 21 3 38927 0.947337249889123
11 8 23 24 59539 0.9475208888814926
26 8 9 10 50999 0.9811698060922859
8 29 25 5 96473 1.0138339147053894
15 4 27 25 71049 1.0099668420874133
14 2 6 13 51722 1.0724819173789293
21 23 29 0 76866 0.9563016421978889
22 22 1 11 78622 1.0235630322681195
2 21 24 11 93201 0.911111417105285
4 22 22 17 67540 0.9203991210717134
28 11 0 9 86394 0.9431483568861386
29 16 18 24 45046 1.0933852328482339
5 22 20 17 63283 0.9913426456892285
9 18 18 29 46194 0.916002558734959
0 10 13 6 68388 1.0589108747253082
8 3 5 24 60954 1.072541671379874
6 15 17 16 45700 1.084046449787256
19 20 1 1 80995 1.0720329242136
0 23 20 4 103210 1.0591211546605632
4 0 17 7 44698 1.0900082421244215
3 14 23 7 73655 1.0599958838770513
4 2 8 16 45898 0.9833413322820768
25 12 29 20 41278 0.9393226500016011
19 26 14 17 42278 1.0523805798510655
14 11 6 2 49178 0.9145452042487139
10 7 8 15 31525 1.0614262322252397
17 0 2 4 42067 1.0645036887619863
16 18 0 11 61598 1.0991928636248778
12 21 20 3 68575 1.006129837261477
22 0 17 28 77220 0.9842344325041986
5 20 16 6 83345 1.020618743279666
1 16 17 17 55882 1.0900791631802005
17 20 7 19 33367 0.9498357929917833
24 22 19 0 64488 1.02746521717299
26 21 19 0 59682 1.0761644314331371
8 29 18 2 87960 0.9803102024375366
12 27 26 27 31581 1.0687909158074163
5 13 18 8 55539 0.910490269854292
6 11 18 9 40931 0.9355478011670113
12 21 4 25 43256 0.9711136019541989
2 2 6 22 82937 0.9827875567521216
7 16 26 0 86647 0.9835456754734717
4 9 12 7 45375 1.0903498893619843
2 8 6 2 37766 1.0294140569404073
2 27 7 22 35982 0.9030099587645666
17 0 0 0 50298 1.0642331595586914
1 14 21 21 76744 1.0060789819672111
20 18 14 9 37220 1.0513195957294184
21 28 12 17 48573 0.9580292327569639
6 20 29 20 67184 0.962203621394012
20 2 20 27 59016 1.046425226989339
18 9 15 29 77133 0.9211629611788691
12 22 18 14 51520 1.029426313794683
20 13 12 2 48227 0.9836629893891659
20 22 20 7 34882 0.9743475831134228
20 23 27 29 35274 0.9459445483642543
4 26 17 0 95670 1.0904650913527654
10 21 24 27 53250 1.0726989808813108
9 3 23 22 66379 0.9953683482561554
23 16 17 3 44780 0.949771268099571
15 16 2 15 63116 1.0221498130585236
18 7 21 24 41276 0.9072921927067672
11 25 1 27 33589 0.948738460624234
9 4 3 19 59157 0.9153439455938557
6 12 26 2 65444 1.0351518633333074
15 17 27 11 49431 1.098169197687732
21 24 27 15 33054 1.0831312032311948
0 2 7 17 58726 1.0172603264396693
16 26 24 10 57220 1.0408861575339123
19 22 8 1 78796 0.9593003416566843
28 7 0 16 100100 1.0299374631210525
27 24 20 9 42838 1.0095715841310393
21 23 1 23 68358 1.0824474642257005
6 28 13 3 73785 1.0407927948296956
24 1 14 3 27699 0.9847160071535329
27 11 15 21 46174 0.9376580025662682
5 29 12 21 52350 0.98415048566328
9 3 19 22 67966 1.0272913896747682
23 16 16 10 31124 0.9647869871958386
5 22 18 6 94483 0.9423389258433439
23 9 5 22 87290 1.0033161982721324
13 28 27 25 41244 0.9608528941377523
26 19 23 4 49992 1.092571924258857
28 3 16 16 65763 0.9928495668575087
20 25 9 16 46440 1.0922241120416836
28 12 2 24 90129 0.9650238664757229
16 21 28 24 27810 0.9346618806760824
29 21 10 2 75971 0.9001832403464833
29 26 15 6 84208 0.9012578540785745
19 1 19 22 59024 0.9872702355657941
11 21 15 1 71652 0.9319232958880742
29 19 19 29 43849 0.9351770862286148
28 9 27 26 60865 1.0509732401941052
14 0 17 9 39829 0.9226256642471771
26 17 9 20 40074 0.9759172930852931
28 22 6 7 87708 1.0388117997427457
5 22 18 18 55262 1.0593837989720682
8 3 10 14 31761 1.0119730576045551
15 6 21 28 71929 0.9652127903196388
20 24 29 19 27214 1.0315482131801015
17 19 0 6 81718 0.9200679938941407
23 10 4 27 77444 0.9343280144391379
7 26 8 16 37686 1.096401233693728
12 8 2 21 79851 0.9876190404000631
25 23 8 11 66885 0.9780936364459601
4 1 20 10 52374 0.9774205305034168
17 22 6 7 70935 0.9202813393440858
13 18 22 20 25031 1.0698011392224407
22 13 8 16 47993 0.9639863294490834
18 1 29 23 73665 0.9978464745415384
26 1 3 6 64554 0.9417682478549292
13 3 26 15 63393 1.0954188647737877
1 26 29 7 113835 0.9923546795582789
25 11 26 0 50479 0.9766697514061053
13 24 21 8 53120 0.9959287150467814
5 16 26 29 73174 1.0906014679298353
20 20 0 1 83596 0.974432702810504
14 14 10 26 61848 1.0940347416531107
4 22 0 3 88082 0.9389756891462001
9 25 11 9 44643 1.0745490333080043
4 8 22 19 75407 0.9252372320585037
24 5 13 7 53370 1.0056883375435626
9 20 18 16 31844 1.0299043432944146
3 18 24 12 71638 0.9053899869989834
12 8 19 27 69177 1.0318776819858024
13 29 8 15 55097 0.9316010492060595
9 18 14 3 42612 0.9636713134155149
28 18 1 12 89050 1.0331352046261486
13 13 26 16 54238 0.9326190118362524
3 5 29 29 112651 1.0260199966662982
19 17 7 17 33369 1.020552271263271
2 9 26 18 83554 1.004002900912996
16 26 6 17 54075 1.0274127861336688
9 0 4 10 47946 0.9775375856732178
15 17 21 29 45248 1.0980804671246083
1 6 28 8 78969 0.9256888587503305
4 22 17 9 79824 0.9561659621297061
16 28 0 5 100360 0.9929840704559165
22 24 13 3 59714 0.9538879987355052
23 19 3 23 65479 0.9822910052807018
11 27 21 19 40299 0.9556278762298938
15 17 4 10 56556 1.0282635214368239
7 22 16 23 40454 0.9974889002742459
17 4 6 11 45942 1.0620048613818969
28 25 21 3 56468 1.0557691124156754
27 7 6 6 67897 0.9563946610231917
21 27 25 6 57022 1.0422403093031003
28 4 19 1 36486 0.9397866094983093
7 9 14 29 74203 1.0208569704013228
16 18 12 8 48357 1.0891561243449082
23 11 26 29 48328 0.9150256235487934
0 1 10 8 41456 0.9425931738152377
28 19 19 20 23223 1.0751071436957915
3 27 26 16 69915 0.9099746182903213
12 23 2 27 41142 0.95490222019991
13 22 3 27 46429 0.9956205981865958
24 3 19 19 40888 1.0127981146786742
10 6 25 18 64997 1.0279987646489597
25 6 17 18 44408 0.9949860681165632
4 7 26 18 85740 0.9282479802630728
22 4 12 10 34112 0.9830027047970511
26 7 17 17 45240 0.9408268584965022
12 11 13 25 57298 1.0433676373749918
9 7 28 9 52974 0.9321485875368183
26 29 19 1 69037 1.0076878734964372
24 8 3 16 80649 0.9457622953677738
27 14 28 2 54645 1.0662941780147501
6 22 21 11 68036 1.0558192822057504
27 18 11 4 64579 1.084995206049523
8 3 16 17 55363 0.9876236024513436
9 12 23 26 62429 1.0857795387756406
3 13 16 28 81006 1.0856697544626293
8 13 5 25 47701 1.0794608725429975
28 15 10 4 78919 0.9984417095392368
7 27 5 11 56292 1.0447239032507403
2 9 27 12 78889 1.0305192732336304
0 5 28 19 90582 0.9998910808567159
6 20 27 5 88651 1.0030042969891482
18 14 4 23 65612 0.9447369487958179
29 17 26 0 75948 1.0532846431739777
11 24 2 19 51523 0.9794273443273548
9 18 13 29 41797 0.9160495718372895
11 18 27 2 68585 0.9429475754933296
23 17 15 24 37621 1.0817561189270912
7 5 16 27 79977 0.9781452835877612
8 18 26 23 43182 1.0784273357169276
16 6 9 21 64403 1.00908539380102
23 12 4 15 71068 1.038603043398113
23 29 6 14 78943 1.0358864379365287
3 2 24 11 60977 0.9260338049293636
18 15 27 20 37695 1.0649550146691462
7 18 23 28 57446 0.9701417682539015
24 13 16 15 40286 0.9701037990635317
14 29 27 28 47998 1.0843699114481369
20 5 0 8 63866 1.0910744145742994
29 24 8 0 94854 1.079193964667737
11 9 28 14 52754 0.9918197299037907
15 27 14 14 57992 1.014349681103039
29 5 15 18 59794 1.0438059396791528
1 0 6 13 55724 0.9489671993086471
12 29 9 9 60480 1.0396021869163359
2 8 2 25 86695 0.9430339669593212
8 6 20 18 57911 1.0909058742451068
28 16 23 4 63105 0.9935977520156294
3 28 17 13 73259 0.9206936408834115
24 19 9 8 53970 0.9888713200571173
18 29 6 8 83903 0.9809456649319129
28 2 10 8 64696 0.9202516456410306
1 14 25 10 80448 1.0685468134132488
25 18 3 18 58969 0.9918281844158477
8 27 29 9 79698 1.0417735051901678
18 23 7 8 64022 0.9849569143203969
21 4 22 23 39601 1.086213650689111
29 4 15 7 55057 1.0242203931533396
24 26 8 9 79873 0.9067147268600245
16 25 23 14 47666 0.9989461170026276
19 0 14 12 51516 1.0284518889956986
23 4 6 11 60726 1.031430138002042
7 8 1 20 68779 0.9737435981671493
22 5 0 28 106663 0.9607396573121703
17 18 7 1 63186 0.9450387229727553
11 15 3 18 39001 0.9723403826666125
4 1 26 0 60858 1.0678125123445306
13 21 23 29 47252 1.0789553749481036
2 11 26 19 75956 1.0857034468901272
25 11 2 23 92395 0.9170189986823295
28 19 2 7 99840 0.9035673147089817
14 5 4 26 96548 0.9744836350950218
9 2 24 24 75675 0.9816587770724192
15 26 1 27 43796 0.9105620868232259
16 22 2 25 58095 1.0834162755490488
22 1 25 15 54312 1.0559128809433376
16 17 24 24 36446 1.0295604274073846
14 7 19 2 41596 0.9619876401722113
21 19 19 3 36244 0.9359852128278023
2 16 22 13 71501 0.9509220937528613
2 8 10 18 57318 0.9343083728376315
3 26 10 6 76248 0.9904734379824641
4 0 9 20 56502 1.094763849907977
6 18 27 9 67686 1.0720066253580305
13 9 5 29 79817 0.9196485129095819
14 26 22 18 44048 1.040195228647098
24 8 5 21 85344 0.9274012255567501
2 19 24 5 99472 0.9758173717531415
1 12 24 8 79834 1.0109138982764383
3 19 22 4 88982 0.9047985068713099
29 11 23 5 40993 1.0770608421648395
10 8 28 16 70914 1.0796415833156312
11 25 15 5 78586 1.0919785700044693
18 29 15 6 80693 0.9866418653328713
0 21 19 13 85618 0.9687170633319557
26 18 27 8 42250 0.9269050122193809
7 15 14 6 69091 0.9822794097131112
25 12 10 24 63777 1.0123521816019032
28 8 9 7 56599 1.0129865262503972
20 21 24 4 47580 1.0767630105589472
8 20 19 25 46659 1.0015203546577387
2 10 21 21 77415 1.026199216399431
14 23 3 24 37998 1.0930490156135344
3 27 17 10 75706 1.0351676137897075
29 12 19 6 40891 1.054425831020229
6 3 8 29 71323 1.0806068629148964
7 29 17 5 88905 1.0728053569289489
15 23 25 3 68504 0.9468782770826099
22 6 21 25 43744 0.9431730858382217
10 5 17 9 42196 1.0571695926675082
17 2 5 3 24270 0.921634680215139
28 17 6 24 64458 0.9516899409552467
3 28 9 23 30074 1.0449295702892938
29 11 26 26 50983 1.0993200382078814
6 25 20 7 74992 1.049206422217655
24 26 4 9 97258 0.9878582837904817
5 0 22 17 77296 1.0204347774309233
7 1 2 19 79390 1.0328265989615892
6 28 9 9 53444 0.9286165528208393
26 24 21 14 26599 0.993820975435325
6 23 21 18 51205 0.9220638996619684
29 8 13 6 60173 0.967046392449836
9 17 4 1 46191 0.9692562655915575
0 1 6 8 45770 1.0292761410244842
20 19 27 9 34020 0.9634911130182627
16 11 29 15 54637 1.0971824801867573
24 3 0 7 58908 0.9891480469266951
22 16 15 13 36590 0.9110616428277512
7 24 14 16 44048 0.964202886873711
22 28 6 23 50876 0.9369291763965777
26 27 10 18 44733 1.0224957110849056
5 4 17 1 34748 1.0015946515945657
26 20 15 14 41749 0.9722628178336865
2 28 22 22 62217 0.9740984782203836
13 0 23 17 62972 0.9958616545862966
6 3 17 3 19404 1.0078141309486957
9 19 29 8 63766 0.9101645864458093
11 0 11 13 45448 0.9637937172424098
10 14 28 17 57419 1.0103096022079185
29 22 12 19 50900 0.9226570335750545
5 20 20 24 62304 1.082554151391216
3 19 22 22 65646 0.9149529991975468
14 7 12 15 56541 0.9201909858373728
28 27 0 14 97606 1.0949553105404093
0 11 12 6 64502 1.03721165925869
27 10 7 6 62900 0.9113211403540113
22 27 18 20 20353 1.0694954044336957
5 19 12 14 46832 0.9951108684943054
22 14 7 17 46230 1.0527972293496077
2 3 21 1 38501 0.970886204955549
15 23 29 6 76908 1.0236315802669589
2 14 25 1 95301 1.0931099276956184
28 25 17 14 47250 1.013786010583355
22 11 27 1 42885 0.9336380602767712
17 26 4 12 75081 1.017185177642311
9 12 0 8 46060 0.9571973630924349
26 3 7 12 56460 0.9189177986718545
25 24 16 21 24420 0.9647523003161498
10 18 28 20 41928 1.069621138912429
28 5 27 16 48784 1.007063149897329
28 11 10 16 63990 0.9927354265557681
28 20 15 29 56751 1.0341457858458087
7 1 13 7 42657 1.0608085750476852
3 1 29 10 69308 1.0588372978788785
5 19 25 12 68170 0.940184555187412
6 10 12 26 65207 1.0204883660671973
28 20 18 7 48564 1.055112852232789
28 12 1 21 101687 1.0532793710371022
25 8 22 15 31974 1.0855175326914877
17 10 19 0 36838 0.9711021758298568
18 4 26 10 33866 0.92267912437818
27 2 29 15 63082 1.028206786078985
0 16 18 11 76456 0.9197871112112068
0 15 13 23 72353 1.015454083922775
19 18 24 27 27034 0.9705820902371048
13 20 29 20 49019 1.071809091086463
21 27 3 25 52642 0.996351420050556
27 28 29 1 93222 0.9207148058736059
10 20 19 12 49817 0.997780773207279
2 12 15 24 75144 1.0166602751565574
23 13 10 27 63187 0.9878370556697843
22 19 13 17 25849 0.9845407439576949
8 5 5 26 72984 0.9718933771346674
14 10 22 26 44989 1.038444059751304
20 16 7 12 49145 1.0986285534071294
3 24 19 12 71543 1.0110893683439917
1 29 6 24 41694 1.0224367835894452
27 28 14 6 86896 0.9845893376778124
3 15 26 12 81428 1.011994751297273
29 18 12 13 58655 1.0045304770484402
4 14 28 13 84656 1.0234941746731878
25 20 16 27 33315 1.0619564165786368
2 12 28 26 98895 0.9847682377278302
4 25 16 22 50913 1.0061208415759584
4 15 27 18 65493 1.0149865502686066
2 20 21 2 91678 1.0332264821035988
15 10 18 19 32676 0.9915515295544566
15 6 5 6 55175 0.9795704522576238
28 21 18 22 19079 1.0311764758651292
1 0 3 9 34718 0.9750310444215703
26 16 0 17 70056 0.9472624649968179
14 14 3 6 72718 0.9234406378459703
8 19 23 25 50352 0.9866080056177395
8 8 10 29 63032 0.9570761026329353
19 9 16 0 39027 0.9370855219939176
3 15 11 12 40164 0.9871065439476939
0 14 13 1 75780 1.055318617554097
21 29 16 16 46329 1.0831642850998024
6 28 24 17 71509 1.0357118919571757
9 6 25 23 75019 1.08527950706541
28 29 0 9 113994 0.933182218213549
0 22 20 20 78416 0.9011765413487433
9 7 4 14 37166 1.0643378190648616
12 0 17 27 92487 0.9836357932612839
8 26 28 24 56520 0.9007424797852693
16 13 20 28 53572 1.0958696167387558
14 0 6 12 53951 0.9299894601090055
12 7 12 28 77797 0.9865155294643849
0 10 20 0 77027 0.9137816601928557
19 24 15 14 41703 1.046573640878555
15 28 2 27 41533 0.9772687972056705
4 12 8 5 38602 1.0275111475854357
25 8 4 27 90286 1.0918631118197075
24 2 5 7 66230 0.9534639624244663
4 20 21 25 70329 1.0811985816043304
8 7 24 15 68425 0.9687692528501943
18 25 17 13 36107 0.9021983072596397
12 11 26 23 55302 0.9342809709489333
14 2 9 13 38939 0.9932823016093671
29 1 6 0 78591 0.955949317569356
6 29 8 11 57736 1.0443276903304257
29 27 29 15 46316 0.9299162926703963
22 12 2 12 68208 0.9202980527689302
2 28 18 18 63259 0.9895508766024598
10 25 29 27 52402 1.0010825605096
18 0 22 11 40666 0.9114406819612921
27 7 15 28 78554 1.030247015083642
3 3 12 20 63166 1.088700971033794
11 9 1 19 65691 1.015488760858303
9 5 0 6 32585 1.0173118923730473
25 5 10 10 50763 1.0181238777104233
16 0 4 15 73417 0.977148301431364
27 27 4 27 55796 0.9989190176411211
15 10 27 8 28349 1.0731700015466603
2 19 28 19 75229 0.9585012100358463
18 4 11 16 60157 0.9754706856525236
18 7 1 14 78976 1.0713126563436044
7 6 26 21 80734 0.928997408153259
19 14 2 29 89260 0.9722637293472653
8 23 11 16 30698 0.9763906286625295
14 11 20 15 33029 1.0297595154464916
5 29 22 1 104645 0.9376403641312828
28 21 11 26 47311 1.0374716013515406
25 8 3 25 92091 0.9836233891912558
28 1 22 10 43681 0.9112397408587579
24 28 10 20 61105 0.9147343215010332
12 15 11 24 41283 0.9439382162970265
25 17 6 2 76393 1.045496787253495
25 20 21 6 37723 1.0236443279464837
0 22 26 9 102295 0.902027387638589
6 17 11 9 36240 0.9223360354401527
9 27 16 7 76246 1.0350101382873453
23 7 1 3 49743 1.0912044806823555
26 29 15 2 73490 1.0341266137004168
21 14 0 20 73026 0.9436023857801841
0 15 6 19 38502 1.0869469802921128
27 12 10 25 72782 1.070562235839099
23 14 22 2 36941 0.9535020421699154
3 27 8 13 53452 1.0516559079133458
7 4 25 10 51266 1.0143433972979627
4 9 20 15 66180 0.9534869012838522
19 12 2 9 65155 0.9171138897901551
5 14 16 19 49643 0.9526363545285985
7 1 23 2 45717 1.0321659720742888
7 14 28 24 69892 1.009494305315631
4 5 12 27 78306 0.9704059366868529
13 29 28 24 53078 1.000510700453191
8 18 7 27 27731 0.9658985532063779
23 29 12 28 39042 0.9179868379480665
21 11 1 2 54559 1.012082788240003
14 21 3 27 55980 1.0233033649038907
22 22 23 8 37469 0.9030382167471497
18 16 2 11 67256 1.002946634933534
27 0 16 0 46155 1.087420640355678
21 12 27 0 45506 0.986898177237402
4 17 9 4 46708 0.9509305580168955
9 17 21 16 31064 1.0555668093335298
0 25 27 28 82380 1.0528059732839994
1 29 21 18 79625 1.0125302159968104
11 27 2 28 30004 0.9968583295285618
7 14 19 4 59429 1.0104377592901959
17 6 11 23 67622 0.9903000252464045
8 25 4 6 75100 0.9856230506027694
21 12 25 25 36141 1.0101766941466472
9 25 13 9 53355 0.9610290285083867
14 26 14 4 89125 0.985559127994977
10 22 6 1 70542 0.9109549900049689
5 24 9 6 52537 0.9813004402134098
21 5 9 8 37882 1.0089701425840525
11 16 2 21 54192 1.0253595731103944
19 0 21 9 28274 0.909431565515963
26 5 20 17 45562 1.0130943118479614
14 2 21 6 28232 1.0860752582910824
23 18 5 12 54909 0.9955901300257971
27 11 29 20 43315 0.915015291944771
25 10 13 8 32738 1.0229639869385916
7 20 24 1 83334 1.043819439043486
1 7 1 17 52900 0.9133473244047694
8 0 1 4 28778 1.0786556606028896
3 2 4 23 81925 0.9764921458838456
28 7 3 1 66452 0.9562452538645755
4 15 15 12 48354 0.9817555531372681
2 22 14 14 84550 0.901129160393956
3 14 24 29 96698 0.9337634367456871
19 24 2 25 55776 0.9700698699244636
21 21 8 20 39971 1.0585769848277715
23 1 18 19 51784 1.087564225184286
13 26 8 1 80581 0.9471662752275379
16 1 26 6 40154 0.938025831978482
4 16 15 11 55591 0.911436695548664
18 13 26 2 46145 1.0807979743457787
18 13 12 25 61322 1.0280074040286982
9 4 23 28 79320 0.9775614113991062
26 11 19 2 36975 0.9728177331477492
23 3 10 16 60558 1.037611463655135
21 21 8 5 67016 1.0192093100354276
26 21 20 16 21883 0.9337326162260622
18 6 2 3 43809 0.903112026983025
24 11 2 18 82384 1.0269090410927428
15 29 2 15 89098 0.972279561802526
29 24 12 9 67719 1.069126000506726
21 27 17 11 46067 0.9499438221717827
20 19 28 10 31976 1.094683796915534
25 11 4 11 59230 1.0151247509323236
7 13 20 27 65834 0.9038801667581786
6 6 29 12 81609 1.0337948060371531
26 8 19 29 71532 0.9698727910001095
17 9 24 14 30669 1.038106430776121
21 9 16 20 37065 1.021766733994109
3 21 22 21 70290 1.0626403091041667
23 27 0 14 90655 0.9070135852055073
29 26 19 8 64464 0.9742589384616909
5 9 29 27 91912 1.0059512655245249
0 13 4 20 37751 1.0163778659719331
0 1 18 1 48680 1.0383882970364764
12 7 29 19 67283 1.0276337099973158
25 0 20 15 50924 0.9592454124383972
11 6 25 25 74258 0.9536500759871325
26 3 28 29 71629 1.0710351644483822
2 28 15 6 102835 1.0019822992180856
16 21 13 28 37055 0.9830376507073179
18 20 1 18 59721 1.0633146965400606
14 23 1 0 88630 0.9220654491683759
21 29 22 5 58407 0.9056054526392089
20 21 10 28 44302 1.0931109899537863
25 11 16 15 39294 0.9073949580404951
27 19 10 1 75946 0.9464512513182491
3 12 9 4 41846 0.9342084588488042
6 12 13 7 45520 1.0510844228660137
2 7 14 9 62493 0.977508326164106
7 5 28 1 61759 0.9472000131768707
5 2 13 6 38218 0.9574800094179741
24 20 0 4 86737 1.0627352273250845
20 21 1 27 61716 0.9280133686032888
21 7 5 10 57694 1.0135738072493135
29 20 8 5 83549 0.9795852528997657
