5026 3796 6250 5702 4399 4982 4605 4238 3320 5540 5909 4381 3265 5593 3661 3215 4680 5152 3728 6782 5826 5248 4721 7341 5853 4998 5280 6729 7343
4095 3220 2638 4124 2485 1787 1880 3727 3498 2820 2310 3991 2380 4643 4240 3765 4034 3541 2040 2589 3266 6141 6629 7741 5907 6160 7225 7261 6244
5312 4439 2198 1816 4699 3006 3215 2477 3008 2590 2284 3116 4698 3366 4839 3736 3550 2570 4724 2687 2746 3737 3677 3736 1946 4637 4815 3741 3844
5301 7426 6969 5918 5996 5391 7104 6220 6545 7146 6261 6371 7735 7931 7286 5846 7804 5179 8618 7223 7504 8433 5545 5725 6936 6298 7230 5863 6810
5283 6378 4052 3477 5791 4692 3867 5927 3916 3263 6103 3527 5411 1959 3064 2070 3584 1435 3546 4350 4610 2027 3511 3496 1621 1511 1365 3757 3548
3841 2973 3320 1967 1870 2024 2076 3356 3458 5134 7285 4761 7216 6610 7206 4541 6526 6199 7659 7511 6878 4477 6255 5922 6953 5320 6024 5986 7201
5968 8054 7035 8544 6323 7949 7479 6931 7813 7925 7003 8238 7909 8214 7957 7563 5518 7288 6349 7909 5825 8098 5816 6141 7431 5597 1988 3835 3491
2462 1939 6167 5813 6556 6818 6337 5947 6450 6606 5423 5221 4950 5910 4694 4748 7176 3984 6635 5974 6779 6625 4812 6266 3961 4797 6241 6206 5605
5742 4777 4260 3261 6119 6014 4255 3198 4614 3891 5105 2874 4811 2917 5587 4434 6123 2965 5199 5836 3343 4077 4142 4188 6178 3136 5968 5209 4271
2019 1821 3015 4408 4360 4343 3747 3639 2356 1630 1622 3707 1444 4449 2696 3344 3014 2622 1898 1315 1581 2498 2899 1126 3519 1889 1400 3765 3325
4543 5324 6585 5957 6504 4903 5414 5513 3966 3658 5313 3490 3601 5786 6265 4553 6001 5577 6045 5580 4065 5766 4926 2720 4152 5317 4462 5663 4502
5382 4734 6464 5953 6573 7110 4169 5581 4463 6978 6987 5761 7089 5008 6598 6165 4198 6956 5649 4586 6052 3290 3605 5547 3776 4945 5528 4341 3617
4146 1936 2520 2715 4897 3796 3096 3003 1699 4821 4570 4175 4091 2509 2998 3669 4593 2878 3564 2644 4713 5465 6534 6600 7072 5060 4346 5890 7180
5738 4464 7567 7412 7460 7043 5162 4800 7690 6972 5785 6218 7704 4880 6622 5843 5707 7273 6493 7158 6283 4495 6334 6104 4858 6383 6936 4907 5991
5584 5410 5329 3419 5033 5380 5184 4701 3937 3071 5361 4423 4423 4597 4242 3605 6009 4762 3926 4925 6367 5634 5298 4720 6859 7688 7137 6018 5181
1991 2414 3807 1935 2075 3382 1929 3556 4928 4173 1881 3338 4623 3329 1674 2147 1599 2903 3371 3082 2339 2928 2956 1667 3032 4541 2135 2383 2907
7854 6555 7410 6161 7980 5438 5485 4571 6330 6558 5668 6380 5714 3950 3533 3540 5394 4336 4567 3312 5829 5415 5297 6502 3712 4281 6270 4930 4096
4091 2163 3212 4265 2031 1753 3299 2825 4457 3746 4440 4045 2263 1571 3633 3671 3732 2501 3709 1840 3468 4495 3333 5661 3648 5610 6695 4491 6579
4409 4389 7105 6463 4417 4068 4426 4483 6276 5331 3860 4998 6757 6463 4620 5791 3719 2853 5194 5179 3564 5163 2154 2727 2145 3934 4078 2735 3750
5166 4526 4557 4085 5601 6867 6682 3946 5918 4521 5530 3858 3812 4005 4683 6731 5230 5795 4066 5683 6573 3743 3333 2291 2273 2436 4116 4533 2419
7764 7597 5798 5871 5844 7327 5122 5342 7503 6141 4934 5370 6949 6772 6069 7858 7773 7850 5582 7003 4961 6898 5889 5301 6394 7570 6102 5649 6623
2882 4406 3414 4560 3143 3058 2799 3311 2828 5227 3649 4109 4634 3978 5021 3085 4588 5612 2510 3360 4143 4027 5421 3580 2649 2978 3381 2401 3899
5648 7546 7171 4264 7374 4490 7193 6887 4765 7537 6954 6676 5155 6115 7034 6140 5169 2800 3185 1243 3490 1425 4451 1407 1244 2953 2345 4538 4247
4380 4451 4842 3240 4411 3311 2829 3650 2829 4112 5158 3243 2774 3620 3978 4210 4537 4725 5185 4003 3648 5588 2649 3874 5486 5693 5626 6527 6682
4707 4740 6666 5843 3822 3733 3373 5920 2818 2806 5406 3720 5351 4410 5885 5875 2758 3727 3692 3519 3476 4826 4461 5530 5904 3211 3063 2646 3898
2999 5316 4691 3551 4519 4338 6847 5285 4711 3729 5441 4823 3626 3867 6722 6755 4045 5456 6329 6527 6685 6676 5801 5985 5192 4901 4105 3591 4998
3654 2705 3902 5030 5301 4709 4580 4925 5347 2563 3550 5059 2611 3992 2309 2541 4150 3644 4499 3123 4046 5550 3337 3707 2788 3312 4006 3613 2691
3267 4754 3857 6421 3878 3826 3141 4479 4755 4052 3472 3564 5438 5077 6435 4924 5004 5205 6152 7053 5799 4679 7572 7266 4941 5012 5203 4513 7218
5880 3578 3214 4010 3105 5641 3381 5059 4393 5808 7433 5854 6259 6872 7413 6856 5473 7902 8361 5755 6677 6908 6767 7009 7534 5438 5693 8104 6219
8231 6202 7046 6684 6383 6231 6515 7628 6300 6533 8510 6347 7977 6660 8475 7286 6195 8246 7107 5653 5976 4595 4061 2975 4342 5889 5520 5114 3868
3489 4144 3382 3646 3366 4316 4883 4524 6577 4763 3801 3447 2756 4300 4753 5668 5690 3674 4402 2535 3561 6472 5018 5539 4924 3764 5860 4028 6207 5616
1397 2752 4172 1180 2563 3950 6235 6618 8046 2970 5043 1928 4518 4470 6969 4108 6663 3501 2331 3562 3050 6429 3681 6706 3935 6058 7542 2875 5613 4012
4242 3767 2594 4393 3302 4231 4337 4139 6672 4391 1936 2971 3166 3649 6062 6004 6531 1807 3334 2205 3289 7860 3545 5580 5602 4152 7324 3627 6156 6117
3508 2656 1426 1781 2366 3575 4962 5533 8343 5800 3767 3718 3174 2725 6496 4218 4386 4327 2246 4114 2918 7995 4232 6267 6911 4472 5783 2998 4503 2909
3461 2509 1814 3731 2879 2854 4655 4585 6052 5296 4544 1680 2377 4913 6362 4994 6745 1803 2973 2250 2822 5432 4584 7830 6921 3245 6336 3122 5543 3329
1167 2639 2566 1726 2991 2112 5529 4017 8325 5586 3562 4244 3782 4380 4944 6047 5623 3914 3454 3312 3919 7706 6542 6387 4804 3446 6636 2943 6295 3018
3450 3173 3545 1453 2736 4305 5938 6458 5611 4866 4230 4291 4454 4343 5055 4736 5998 4072 2725 1805 5492 5413 4889 6003 6503 6004 5563 4463 5137 5366
4130 3953 2191 4112 3707 4027 4276 7499 7959 3002 2003 3543 5510 5121 6311 4135 5213 1620 3990 3792 2920 5588 6491 6742 4553 4818 5003 3212 6423 5303
2472 2767 4226 1712 2449 4504 5419 4603 5669 3916 4874 4296 2787 3786 6828 5739 4770 5458 2589 3346 3659 4661 5813 7842 6034 6718 6015 4421 6877 5158
2717 2407 4609 4092 2455 4735 5750 5125 7230 6063 4979 4375 2495 2687 5847 5113 4029 3569 3426 1683 2197 5820 5732 8543 6811 3860 6919 3154 7171 2349
2131 4308 3437 2791 2346 3069 8220 6160 5620 3875 3720 3749 4581 3657 6298 5064 6165 4762 4785 3414 2401 7051 4767 7509 6111 4092 5765 2112 6070 5059
1728 4497 1413 1857 4378 3010 8566 6721 6574 1705 3791 2985 3383 3931 7508 4402 6091 4678 3739 3061 3928 5642 3924 8552 4819 4721 5074 3079 6031 2217
1352 3000 1261 2271 3744 3029 7276 6180 7642 2490 2509 3871 2766 5563 5474 3907 4646 3888 3842 4515 5399 5830 5586 5835 6771 6578 6771 3962 4508 4679
2001 3200 4123 2057 3613 3852 5963 6385 6946 4586 1924 5237 5263 3054 5916 5995 4387 5096 4300 1954 3116 5530 6020 8621 6032 6853 5807 4495 5544 2782
4473 2880 1250 2091 2221 5137 7224 7518 5088 3747 4755 6846 2886 4132 5961 4451 6574 3587 1857 1622 2587 2249 4630 5572 4638 6925 6816 2962 7499 4009
4239 2656 3607 2048 2375 2441 8287 5545 7502 1991 5306 6514 5004 5003 6703 3142 6785 3663 2143 4726 4195 4369 7395 5699 6677 4101 6908 3092 7253 3331
1510 3418 3259 2241 3123 1941 6538 5508 6051 1933 3494 4762 5495 3673 5543 6456 6372 3466 2477 1416 4057 3734 6116 5882 6006 3966 6035 3564 4786 4607
1633 3072 3080 2061 2243 3215 6968 5094 6186 2356 3598 6468 2836 3468 7341 5835 4300 3551 4678 3881 3155 2978 6742 7125 3854 6365 5326 1585 7565 2224
3298 4235 2818 1965 1245 4483 6395 7893 5319 3829 2952 7057 4998 4175 7584 5767 4493 5204 3854 1851 2628 1966 7990 8528 5774 5353 7717 2657 6010 4316
2885 4752 2564 1957 2083 2115 6387 6083 7570 4642 2143 4572 5092 5011 5906 6180 6070 6561 2019 3719 5492 4870 7267 7440 5784 5664 4921 4071 6687 2922
3273 4717 2226 4501 3371 4669 8679 7022 7329 2210 3660 6526 3647 5674 5393 4979 4940 5780 3076 2355 2271 4490 7735 6062 5309 3721 3409 3396 7947 2299
3548 2660 2972 1385 2908 4828 7877 6594 6325 4267 3924 4206 5048 5138 5546 5306 5113 3817 5040 2942 3465 3912 5585 8659 2972 5851 2692 4507 6926 4178
2168 2792 4225 4479 1822 6190 7259 7095 4762 2499 2719 4324 3703 4602 4572 3633 6154 3703 2649 4260 2457 2057 5832 7995 3057 4780 3227 4376 6884 4004
5003 1981 1030 1923 1149 6314 7867 5581 7367 2513 3295 6840 2985 3686 3228 3329 7604 3956 2800 1470 4368 2406 5095 6382 5137 6689 2850 4275 6815 4238
2345 3463 4056 4085 3206 7262 5607 6451 5165 4861 3865 6118 3269 5054 3705 5669 7621 6107 3230 3493 4303 3628 7484 5923 5011 6986 5359 7155 5466 2921
3097 3313 1469 5466 4422 7598 5603 6045 6861 2289 5151 4657 3658 2722 4780 5308 8023 6568 3029 6575 2332 2601 5292 6240 3078 4490 5578 5119 6007 3268
4826 1966 4245 5877 1725 5300 8213 5496 7438 3473 4832 6598 3798 4948 4029 4473 7993 4600 3748 5944 2887 4531 5636 6363 3755 3867 4664 6075 7545 5413
3164 4394 4169 5384 1948 6618 7768 5175 5208 3621 3629 5583 5445 3716 5151 3085 6130 5214 1864 6104 5013 2105 4801 8615 5971 6633 4712 7103 8345 3587
5047 2452 1549 4059 4472 7030 7930 6978 5242 1579 2555 5554 5591 2451 3558 3767 5857 4309 4434 5161 4238 2262 4737 8231 3290 4686 3968 5838 6470 5256
15 27 2 2 102839 0.9974422922112092
10 6 14 27 74947 0.9853765836142312
0 15 12 29 71733 0.9581365621084236
11 0 15 12 43946 1.050622154160751
0 17 4 25 36366 1.076200201225544
5 6 1 15 42618 1.0961076298198704
13 2 21 24 90514 1.0620404480179106
19 24 19 5 72962 0.9182067712833518
9 20 0 13 45997 0.9877159267998841
22 2 8 7 56000 0.9624551613066947
3 29 4 8 70583 1.0410381579833003
12 0 21 1 27546 1.0604734288455213
5 29 28 22 102358 0.9461498825487538
1 7 19 26 104728 0.9971864532392345
8 29 23 5 110108 1.0660000916792838
16 0 23 24 92585 0.9082517019642325
28 19 13 2 101370 0.9314420536799793
17 12 9 17 45268 0.9004070094344203
25 13 28 26 59096 0.9635091446745021
20 27 29 29 42561 1.0587081591020588
12 28 17 18 47543 0.9695069528272723
16 10 1 26 97533 0.9043109145322868
28 14 15 28 79751 1.016059609479414
5 29 18 10 91972 1.04222556646016
27 28 16 22 69499 1.0680098899267731
23 19 9 10 66195 1.065701147197146
6 14 14 3 61139 1.0356475052221834
17 12 29 22 64593 0.9086218980225281
21 22 26 17 30280 0.9243240140524016
23 15 0 10 101716 1.0606223157017847
26 9 7 13 72281 1.077716779723882
10 16 16 28 55576 0.9844990933812129
29 13 27 25 58668 1.0652481858068412
24 28 22 16 39153 1.0741045832519494
8 10 1 17 46891 0.9661616976436112
6 8 3 28 81229 1.0012546756122673
18 9 14 19 36940 1.0175253213639914
4 5 28 20 117306 1.024820586745086
20 28 3 27 61541 1.0884635484234284
3 9 27 24 121904 0.9285437950140049
3 25 27 25 93904 1.039902296729771
23 13 17 6 44498 1.0719082800370103
24 2 0 18 112264 0.9435664663330177
28 24 26 5 83968 1.008284733769811
28 29 10 25 77069 0.9935285446193234
17 3 8 25 87037 1.0005742891177265
23 25 29 13 60684 0.9969253910257238
22 21 10 11 65706 1.0035052424743227
17 23 9 9 61953 0.9765802798947005
22 29 14 4 93975 0.9909581768863892
10 24 10 4 63556 1.0141620421739237
5 11 16 20 60732 1.086424427183682
16 17 8 5 62428 1.0513591188600984
20 10 10 9 32766 0.9701197306785756
6 13 19 11 58259 1.0988956597572075
13 6 6 29 88792 0.9164498997281204
25 6 17 25 94436 0.971460129545733
20 11 13 0 52785 1.0041290856269225
0 11 7 17 40029 0.9920343137724863
3 4 3 14 41823 0.9558087337376714
25 1 22 27 94223 1.0561944818299096
28 4 21 26 89705 1.0857079469346855
23 27 19 17 39276 0.9647409552271891
13 17 7 2 66941 0.9663762659818673
12 10 18 27 64974 1.0063148923357714
5 16 24 17 73084 1.0467083397413157
12 1 13 19 61294 0.9053688363430585
3 9 17 21 80690 1.0921434657235707
8 17 15 20 26783 0.9975842951886567
25 14 4 11 89943 1.0620808075586996
0 18 5 29 46884 0.9170285278362034
4 2 15 20 79221 0.991880407766259
19 6 24 20 73804 0.9216154351371377
5 14 27 27 114028 0.9575957010253746
7 27 8 18 28347 1.0227657454434316
17 13 8 29 67823 0.991554811154275
18 11 2 16 77990 1.0263311129012047
24 11 15 4 46925 0.9428757176691068
10 18 24 27 66422 1.0842943587541773
26 22 20 0 95776 1.086065740598682
4 12 3 3 36944 0.9900403826061904
16 29 14 16 45748 1.0072186255246744
14 8 28 7 57620 1.0025812247885557
21 7 25 13 34245 1.0124562303265936
22 10 18 23 61056 1.0538864481334465
20 17 23 2 68022 0.9899482636049737
24 17 14 0 85667 0.9971399464087758
26 0 10 14 87818 1.0656276053047429
8 17 1 9 43332 1.0818731319253385
3 17 22 29 86428 1.0532913185934267
16 25 28 9 89627 1.0728573723916726
1 29 11 15 73665 0.9140995804023174
9 6 16 0 38395 1.046885570568513
18 11 1 2 69418 1.0598345762902048
3 12 25 1 92677 1.0652974284362435
0 12 11 7 53950 1.021036898186126
1 0 18 26 120471 1.0045509711984988
11 1 14 19 63551 0.9561374916384427
25 12 19 7 41196 1.0269463982904965
10 28 28 16 96007 1.0528887851980153
16 8 28 4 42081 1.0459965433233214
11 29 29 26 73773 1.0730310208241944
26 28 20 18 48000 0.9520879723569063
13 12 2 2 60784 0.9001894512468115
1 26 16 25 65427 0.9485604449055214
18 12 6 0 66966 1.0626238990633383
9 2 26 11 72085 0.9270767519672346
24 26 9 24 57087 0.9141707933831195
5 19 2 29 38951 0.9269033068890214
19 20 23 28 39446 1.0538412308788225
16 24 1 9 86682 1.037338707401873
26 25 0 20 98068 0.9727067308338047
29 1 11 15 91540 0.9715337831683717
13 1 11 19 67591 1.0847904184699384
17 9 8 5 41659 1.0710042013174847
28 23 29 8 77371 0.98434769191503
6 17 2 4 51861 1.0432888273965866
19 9 12 16 43372 0.9626160012981935
13 28 20 25 35478 0.946511860161918
10 7 9 28 57538 1.088513740162224
27 8 13 23 94685 1.042225595293801
20 11 6 17 71019 0.9539046543745128
2 12 9 22 46004 0.9737917067768453
13 24 18 6 73406 0.9226924424556763
1 9 12 29 82452 0.919064394765956
9 6 16 12 43079 0.9123501674678577
7 23 10 2 78994 1.0330150568593026
5 22 16 14 61604 1.0443016148703121
25 14 10 4 77709 1.0667257122721756
6 29 24 29 69041 1.0138480271399115
22 18 29 5 74725 0.9769860352073613
24 17 12 6 75764 1.0967359989952632
17 28 9 21 44242 0.9459346027624
19 23 12 15 46265 1.0679824173944839
4 11 13 15 40552 1.0821276176847974
2 9 29 6 100286 0.9709145104680921
3 20 17 11 67429 0.9137195372753907
9 0 8 9 33624 1.0382556512338406
24 24 3 4 117930 1.03715475213635
15 24 22 19 33561 0.922464296557658
16 1 16 12 41078 1.0367614101979348
12 9 4 17 50416 1.0122558562095956
7 11 25 7 72710 1.0360273070469852
19 15 8 29 73710 1.045897511419109
16 15 10 24 45641 1.0861085027388335
14 12 5 6 51707 1.0934589582600922
29 4 1 17 116826 0.9647978489572757
24 9 3 13 81320 1.0687585717091062
3 10 7 28 71594 1.0364040201525133
25 25 23 6 80930 1.0468598949655163
13 20 24 4 70933 1.0842383145754586
1 19 22 8 95666 1.0507730053832571
29 24 19 1 109510 1.0958814169225128
8 15 23 17 63444 0.9938399752065868
5 13 0 1 53140 0.9225196454050418
2 11 16 3 57287 0.9558998230431821
8 26 27 29 74272 1.0503396372448326
26 1 21 12 49625 1.0310862370383056
10 6 19 16 67382 1.0544742217443444
20 11 24 17 40102 1.0450740236982121
24 27 18 11 68862 1.0158229563089416
10 14 5 5 45160 1.0323365172332346
11 4 3 2 24362 0.9316018734438269
8 16 2 12 39281 1.048680283520615
24 11 23 27 58446 1.0068789105697817
29 19 22 5 76044 1.0135471752485552
1 10 10 15 44048 0.9782978245114273
27 29 16 26 50271 1.0206014373447703
18 15 8 14 49442 1.0037204979250474
25 19 5 1 106024 1.0413735853200397
18 29 27 19 57031 1.0587909197539065
3 3 16 1 37479 0.9249176082904206
15 29 7 15 62033 0.9421175140748079
13 21 7 0 81817 1.060246212384321
21 5 15 14 46301 0.9628600708287323
28 17 11 11 82803 0.9427364876358332
18 23 29 25 56207 1.0036816568139217
7 23 18 16 56102 1.0283595074804808
2 19 18 0 97407 1.0165470349618686
28 24 5 7 125494 0.9028968838320898
26 23 6 22 84038 0.9753034062175079
4 0 11 24 91852 1.0667479748955195
24 0 8 6 65920 1.0798111309917067
14 3 13 29 83695 0.9571894196208313
26 8 1 12 94762 0.9469201762867357
7 9 3 20 54108 1.0322355655705682
3 28 12 21 54572 0.9057238964949231
14 0 4 13 63575 1.0006377509577051
5 9 24 14 84525 1.06209283275687
13 1 23 25 96687 1.0325176957877449
9 6 8 19 39514 0.964654042998329
21 29 11 17 64962 1.0437840532016285
22 7 14 15 53163 1.0213993847782885
10 23 29 3 113339 1.077531177665685
1 14 19 14 81378 1.094531780329573
16 27 1 25 58575 1.038461069244374
5 3 27 19 112250 0.9106781032284578
24 11 12 27 87582 1.0981760786141668
23 7 18 19 58666 0.9056922250791026
15 6 18 15 39870 1.0646475977606495
3 1 27 10 90813 0.9762465576279798
14 10 5 27 72455 0.9833268089614053
14 22 10 4 74189 1.0238030829875262
10 26 24 25 54798 0.9231869672648992
27 13 4 2 95825 0.9798849904939083
14 0 13 17 61937 0.9630733326185998
17 26 5 5 100640 1.0716761996342805
21 16 22 3 50787 1.0136783939318912
29 3 16 2 43386 0.9507047525644352
27 27 25 16 52759 1.0373559164936133
12 5 15 16 42595 1.0986992708163197
26 25 17 17 51612 0.9941599249443483
25 15 28 4 50892 1.0146171806872193
27 23 9 13 85837 1.0605918084113348
23 6 1 24 119664 1.0581507712478393
14 3 29 23 101416 1.0814290295625402
17 10 3 6 64112 1.005978104928845
24 5 10 5 43153 0.9172176648670188
10 7 24 27 98789 0.9961662549025228
1 21 15 9 75114 1.049354232083307
17 28 7 3 101653 0.9285547941385626
20 1 26 28 115101 1.059006173917226
28 20 0 10 111507 1.0667198922182557
28 21 15 9 70602 0.9823742706163863
7 25 1 5 80106 0.996365861242112
1 26 8 7 88137 0.9358762929590235
0 26 21 25 81457 1.0277505680123928
17 10 9 15 43866 0.9417812072114599
21 27 14 21 37873 0.9124052716363638
1 7 23 7 75047 0.9495496561201328
12 27 5 22 42594 1.0848616807685305
27 23 22 9 69499 0.907319972547467
2 20 14 0 88239 1.0101275965622238
21 28 16 8 79886 0.9806573467604641
22 20 17 5 61483 0.908529634088579
5 7 16 5 38550 1.003921123755683
9 1 24 17 92977 0.9708052430919306
28 6 25 16 50575 1.0804075909427473
22 5 15 8 32193 0.949396651875598
3 26 8 7 78438 1.052010682826874
10 19 5 7 52293 1.095155001971268
28 1 18 0 32907 1.0683478475699535
12 13 22 20 48518 0.9326591089938366
19 10 12 7 29745 1.0607292912711546
1 19 25 6 113631 1.0956996686733727
15 20 28 18 44176 0.9122459404338529
27 3 15 21 83343 0.9342360883614476
26 4 21 18 68549 0.9341546092842902
12 24 9 13 45183 0.9965873943621193
7 16 27 3 99340 0.9947754732201132
19 20 0 3 98114 1.0160873457973867
21 6 24 24 73241 0.9572007404738307
21 1 15 9 39611 0.9406627360489823
24 19 29 9 49043 0.9435244153170672
18 18 18 4 50113 0.9820601388579886
26 26 19 14 66213 1.0066587571625771
25 29 19 11 78523 0.9640453810490578
1 17 29 25 105931 0.9586883396691754
2 4 26 5 69859 1.052142692207275
21 5 1 28 124611 0.9412405469469439
3 10 21 13 78203 1.0263912051254915
2 1 12 3 31336 0.9553081037525024
9 14 22 1 74338 0.983459911450081
9 22 19 17 40890 1.034335514675945
10 11 17 15 39790 0.9162335118445349
10 26 10 3 75029 0.9538533962364437
18 29 12 10 71459 0.9457931022626027
20 26 1 28 73839 0.9142132149431935
3 12 23 18 81096 1.0103793635470029
25 20 10 1 97830 1.031894683991611
10 0 16 17 63112 1.097248833792314
25 19 15 4 73634 1.0540716682835714
22 0 16 23 92083 0.9517763019871057
1 1 2 26 83241 1.0259850850382897
19 4 26 25 94346 1.071386239755147
14 9 6 13 39487 1.0855245089081353
21 19 13 21 30847 0.9113954057543648
24 15 16 2 67652 1.085300983417011
21 7 22 28 73328 1.0860792123500482
10 8 27 10 61154 0.9340074473583839
18 9 6 15 57425 0.9891431435570082
16 13 26 16 51924 0.968488638561178
29 26 7 18 91801 1.0902569032568468
21 3 6 21 95636 1.0345650018787256
27 9 11 13 64881 0.9144345261144714
12 20 5 9 53637 0.9470034895108481
9 16 15 6 50886 1.001515978707828
25 22 18 14 50884 1.0278931194752128
10 15 21 17 54327 0.9008537121444026
17 16 22 27 43095 0.9317990708286026
21 12 25 5 41728 1.0607857005491368
16 5 10 21 66403 0.9874172653072097
3 18 15 1 81457 0.9244031514198964
8 22 12 0 73917 1.0512684847008158
20 7 4 27 105731 0.9960589040349189
12 21 10 6 56472 0.9551699230092299
26 14 20 23 50763 1.0202370935846004
5 1 25 2 60098 1.0500619165895968
20 14 1 29 108434 0.9624963454650036
17 14 29 21 56164 0.9758389471149369
4 3 14 1 32130 0.943314124774421
29 3 0 24 144033 1.0885232398911746
1 29 22 20 90992 1.0671024745915516
2 23 24 26 85622 0.9210388499995775
18 27 27 4 100337 1.0692158968405778
12 18 24 23 51028 0.960362145331933
16 6 15 27 70095 1.0224510807258307
8 7 11 0 33064 0.9084606683085953
1 20 20 21 64074 0.9132915405391955
13 1 10 23 80273 0.9819577873891743
10 19 22 19 35456 1.0621251984628362
1 21 3 4 58861 0.9162667101673387
12 25 25 8 98339 0.9986358778757727
23 7 20 23 71025 1.0195550167538765
29 11 22 0 66951 0.94677156162223
0 1 5 29 97062 0.9234351421041024
12 29 14 2 91340 1.0045074071224376
27 18 17 13 48456 1.038502391346666
13 4 6 15 60932 0.9228326942868347
24 7 2 8 80539 0.9089262802785661
21 13 3 26 99090 0.9106047288345279
20 15 13 25 63666 0.9019443803551652
6 28 7 16 48406 1.0226688379115008
27 12 22 6 40661 1.0015833424679614
16 14 9 0 62370 0.9108141976246937
19 22 16 8 55569 1.0758160115027349
16 13 10 23 51847 0.9427684640235533
5 27 26 11 107604 1.0958563257372274
5 10 17 24 80653 0.9629529174903542
28 8 26 28 79887 0.9437666016411004
18 7 1 23 101891 1.0775020094178356
20 8 3 26 108955 1.0383992905988924
16 26 12 15 47181 1.068735634387079
2 2 29 7 85976 1.0305867241498092
0 22 9 3 85868 0.9839460638027722
2 23 3 7 57944 0.9899394466161794
2 4 29 14 112987 1.0316585332892563
25 13 12 16 67409 1.0855991235878248
15 14 9 23 36236 1.0134113431776295
17 5 9 3 23551 1.0068017101427733
13 9 8 0 39346 1.0600649121911703
18 22 29 4 91719 0.9515802821197357
9 7 7 25 56388 0.9355945691521528
14 3 0 0 45862 0.975323244326927
21 21 0 17 73870 1.0937325266611908
18 5 23 12 42542 0.9435618406763705
4 15 0 27 46654 1.0976617347421778
29 5 13 9 62879 1.0755063982027524
19 18 22 7 57731 0.9049367404071016
2 21 29 17 96056 1.0523729449902042
17 1 17 23 70452 0.9921137768038185
13 16 25 2 76019 1.014158552429822
9 10 12 17 30817 0.9471287121846306
16 29 7 28 40278 0.9519187752181947
25 23 20 16 43736 0.982919362729854
10 11 21 16 63264 1.0506038331563803
1 1 0 26 93424 0.9366350967572913
5 2 10 7 33896 1.096762573954659
15 12 4 26 71526 1.008769840902644
9 0 17 29 104348 1.0575959605340228
14 17 1 13 60381 1.0597073373661443
14 20 5 4 74936 1.0160649131284618
13 0 1 22 95633 1.0973979551111108
26 1 18 19 82000 1.0200985421197823
23 9 24 23 58548 0.954663615422204
4 17 18 12 63308 0.9515491049422886
26 15 13 11 67193 0.928201056178129
3 22 16 10 76144 0.9991665331024167
14 21 8 9 54261 0.9054583799305378
24 22 12 5 83993 0.9505760328775427
11 22 19 28 49922 1.080255516081674
26 2 4 1 64076 0.9251923983110464
17 3 2 5 42948 1.0962050573966649
4 0 2 11 40974 0.9029274898183743
6 8 28 19 110390 0.9533891456439075
7 19 16 25 43492 0.9845062255755943
25 13 21 23 50377 1.0434343834685105
10 15 18 18 39766 1.0770432195241373
17 28 0 2 121159 0.9295111294476768
9 27 28 16 87190 0.9333572496907394
16 4 15 28 72346 0.9272721260316891
23 14 28 28 75718 1.0487492665321294
19 10 6 19 65200 1.027190432295347
0 18 27 11 108583 0.9267662419357621
9 16 13 2 53012 1.0077440685837733
26 23 17 17 45117 1.0198838759341797
10 22 13 6 64269 1.0530978422954933
8 2 7 21 67986 1.065228826273962
24 16 0 4 110829 0.9974136699872287
7 13 29 25 104365 0.9083807427409749
10 12 2 21 48219 0.9674823751682701
14 18 19 7 47497 1.0254639827131065
24 5 13 27 96107 0.9480260483854338
29 28 27 19 49715 1.0301388673400949
4 12 27 1 92624 1.0932035491928822
12 5 26 28 109443 0.9417163634374738
25 23 10 16 73108 0.923235481967515
26 25 29 0 104454 1.0052192324948137
18 3 6 8 49397 1.0038132497943344
29 6 16 12 73622 0.9234118088161022
9 17 20 20 40026 0.9367515256056427
25 14 17 7 51752 1.0147382560386216
8 6 11 22 56534 0.9519500944533431
3 25 0 11 57413 0.9004602681045281
25 3 29 14 59130 0.9594955375365118
27 26 17 27 39460 1.0392478077857956
22 24 3 9 102146 0.9781714195276378
26 26 0 5 136358 1.0270617972867726
19 25 8 25 47221 0.9688284788280401
22 2 24 18 67911 1.0936377518832059
17 27 10 10 70900 0.959977692050109
4 14 10 18 29107 0.9930026932414122
0 7 9 4 33669 0.9984840498146312
17 2 16 22 69549 0.9211974560541145
12 20 7 6 55396 0.9717478042004499
12 1 24 10 54329 0.9315478956290889
2 15 27 1 107343 1.0223442976620265
0 0 22 0 62104 0.9443781578854591
29 12 7 18 94590 1.0586471807499
21 22 16 1 83811 0.9728513698816202
1 24 26 25 100070 1.0397224072449447
29 21 6 28 91203 0.9309310632844248
12 21 14 29 40167 0.9142708556299017
26 15 5 19 74622 1.0582284822023764
10 6 27 15 89243 1.0127510016552115
22 24 7 9 82499 0.9590555457894412
5 10 27 4 75654 1.0847612065808998
7 25 2 7 72515 1.0998125877571598
13 6 3 22 82867 0.9064261802761159
16 3 29 9 55544 1.0948979351939985
14 13 10 0 53386 0.9547751528977022
26 0 19 11 56318 1.0912374736866663
18 0 17 11 37915 0.953882878105584
25 27 12 28 55550 1.0587807118042267
18 22 11 26 43305 1.0128682979900356
26 24 2 22 95152 0.9341692668451799
5 29 19 8 99981 0.9877585166634469
29 25 5 16 101019 0.9753150868170712
18 27 23 19 36670 1.0633177926387014
9 1 1 12 49258 1.0165675887753938
26 27 3 13 106275 1.0738325464971825
11 29 21 8 90484 0.9111700637668181
22 8 11 5 49019 1.031058669828421
15 11 23 17 49403 0.9784074432173454
25 24 2 6 119660 1.0274674500688734
29 17 24 26 54950 1.0451772269604602
27 22 5 6 114460 1.072141695261982
2 18 27 1 115727 0.9641784203787696
17 3 11 14 55120 0.9271253309168178
6 3 22 29 116125 1.0566319393729875
26 25 8 16 80250 0.9120543706894949
18 14 5 1 74587 1.027568603469215
27 1 13 15 80162 0.9155066971203986
0 13 9 12 35789 1.0797278250939422
26 20 11 20 50256 0.9270055350968315
12 4 23 1 36654 1.0221182462441265
21 19 6 9 72407 1.0796730748621697
4 18 21 21 59329 0.9235766184641937
1 27 15 18 63508 1.0910146436594401
3 9 24 5 76085 0.9859675914241908
29 16 7 6 113680 1.0599484278279399
17 11 24 23 58203 1.0613973516435844
24 21 8 28 69775 0.9267432172206727
25 12 10 18 72092 1.0902089626964029
28 9 10 10 59246 0.9301343619150568
29 14 3 22 107138 0.9630380348485055
21 11 5 12 67812 0.9176829553720208
9 16 5 10 31931 1.0688646105578536
7 9 12 24 60504 1.0169636339738521
13 18 21 13 44213 1.0800343774456163
10 22 21 24 60058 0.9142601449331687
11 20 1 27 47171 0.9172098806737019
22 19 10 3 77413 1.097552612012767
17 13 1 26 90461 0.9106580289738699
2 21 11 10 59752 1.042212693486897
27 28 19 19 56033 1.0948257756631625
4 9 4 24 51956 1.0131269139070103
1 2 12 29 102307 1.0474648921589467
11 29 27 15 89329 1.0916830984658206
16 13 26 12 41172 0.9337321791431052
28 7 20 18 66789 1.0753016573632679
0 27 16 9 95194 1.079927977218467
21 19 9 24 43616 1.0961365159593912
17 1 8 9 50338 0.9241231070808321
1 2 3 10 26565 0.9190910021902675
14 4 3 13 66003 1.0021312173453687
18 9 1 10 59980 0.9009383395688921
8 20 28 0 107390 1.0055758010286138
27 14 15 27 72217 0.9605046281231379
21 4 19 19 62350 1.0642330030393254
22 10 8 13 56784 0.9369324455654129
14 26 20 7 82455 0.9155463007448151
25 16 22 27 39923 0.9311105910205808
28 22 19 15 57272 1.058800485661361
17 21 15 6 49514 0.9903799210068013
23 13 1 25 108583 0.9904086918798284
12 23 0 21 61661 1.0366993571251013
22 9 14 16 48302 1.0421557802207673
0 13 1 25 53943 1.080459754151827
8 20 26 26 75340 1.067384698032801
3 6 18 7 58178 1.0618987032552978
29 8 6 3 78419 0.9379289228749492
27 6 0 12 101804 1.0479032969979545
11 28 19 12 74715 1.0823259046124794
28 2 1 11 95574 1.0187942897035174
14 26 23 11 80000 0.9039322864607925
16 11 4 15 60236 1.0126763683218238
29 25 5 7 128045 0.9707213681380091
2 11 21 23 94874 1.0005665854159453
23 3 6 9 65136 1.0901590894992677
17 11 5 14 60375 1.0420134374136734
28 8 16 22 86004 1.0300842124251957
15 18 20 5 51738 1.0629878494621718
22 14 26 25 55135 1.079741219661437
10 11 19 15 50917 0.9462891039850175
14 11 25 0 64454 1.0913686993812421
15 8 13 28 69010 0.9547134206394343
24 16 13 18 41378 0.9224944897952303
9 2 17 22 79575 1.0884204770820076
25 19 5 6 99048 1.002751388558215
19 19 29 6 82185 0.9477713091064055
5 12 14 25 75042 0.9685996023348094
17 29 0 10 100984 1.010243824036598
9 8 28 0 76918 1.081609859681832
18 20 19 7 54355 1.05343495678961
11 26 17 21 45388 1.0204625056456205
25 28 29 8 88470 1.0039802896292203
18 7 1 12 72325 1.0627663256070359
2 5 20 0 58322 0.918093745530679
13 10 14 20 37213 1.0916392051577173
10 11 24 17 70562 0.9092988893219821
18 25 26 0 102248 0.9241532642032041
8 15 28 22 82725 0.9759168417843296
25 9 15 13 45116 0.9428473390548822
25 29 28 0 116541 0.9287566999825021
12 9 20 16 52979 1.0607699470404595
20 24 28 3 95107 1.060089142345233
9 0 10 14 46584 1.0712627559854802
13 13 10 0 54887 0.9138501011051242
7 21 5 2 74337 1.0284657116291958
5 29 27 13 112283 1.03350613812219
15 26 14 5 68515 0.9047991658119116
3 16 4 3 52998 0.9740321189227502
15 23 27 10 76868 0.9919505471072652
20 24 25 5 85662 0.944946099663992
17 7 24 13 44885 0.978959046914539
27 8 15 8 46546 0.969258499139469
0 15 10 9 55252 0.9896730419159087
16 0 13 24 82936 1.01236827622645
15 21 25 8 68682 1.0762703112055731
18 12 17 3 33697 0.9237082841230044
8 25 17 8 73324 1.0356113035479155
15 7 29 29 109367 0.9904401865065328
29 11 18 23 78619 0.9496946216853734
13 24 2 4 98936 0.9131649098101912
24 27 22 6 83240 1.0860841807693127
13 6 11 29 82594 0.9095870813434892
19 22 28 0 100511 0.9314343936731198
20 19 10 19 30159 1.0125398548036244
26 27 4 12 108961 1.0188558746794518
20 29 13 23 46340 1.0772766762715638
28 17 0 23 108904 1.0842135035914526
18 28 10 10 75220 1.0796961699214795
10 1 9 15 45644 1.0038519372995278
20 26 11 6 88470 0.9806925299368433
14 4 12 29 86569 1.0795354391441851
2 14 24 6 96228 0.9457588313734518
16 6 24 20 73093 1.0501341789831122
21 2 10 29 106158 1.055705549549811
24 19 17 25 41939 1.0127708997948615
24 25 23 4 83079 0.9370700078449641
29 26 13 24 75174 1.090076938758033
6 7 22 22 94278 0.9648375782341978
4 7 6 27 72361 0.9978660796840291
7 5 2 23 75192 1.0009742629939444
0 21 17 2 103490 1.027034647141253
23 25 12 14 64723 0.9475203438813494
17 25 5 26 55227 1.0435119394039307
15 29 12 9 66844 0.9570318469177596
17 18 11 26 49869 0.966657676074948
29 15 26 3 61301 0.9245189820029768
14 23 13 11 49069 1.0819320782673065
10 1 25 11 71873 0.9928672003734379
22 10 6 8 65392 0.9227260460419546
0 17 15 23 59724 0.9334615104308649
20 22 21 1 87422 1.0062752260278607
10 18 0 7 64061 1.06569098877184
27 16 23 28 57602 1.0092672590914276
11 11 9 23 37494 0.9131815118541676
16 29 8 3 95015 0.9755370542354742
12 7 16 23 60580 1.0010712685550143
11 26 1 17 54331 1.0690372197367215
21 12 15 18 38564 1.0860848495822288
25 0 2 5 74622 0.9397536682743217
1 17 10 21 36073 1.0189438997730897
19 1 29 15 78303 0.9623589183116019
14 19 4 23 43630 1.0782508728417912
0 8 10 16 57211 0.9407874475511101
20 22 0 0 120813 1.0786055660001048
5 22 17 7 85153 0.9389523984517077
3 8 15 16 71682 1.0305795856742237
6 1 12 13 54396 1.0478540582355067
2 4 23 6 63503 0.9554228063240116
9 26 16 6 78491 0.9999600775930874
19 24 7 26 51905 0.9824189470513183
3 19 1 28 39540 1.02850536791775
14 8 3 2 48687 0.969439066502331
8 10 15 25 61923 1.0935813421756417
24 28 9 3 109504 1.0871832838083926
3 16 6 25 39257 1.0730964137482264
15 8 12 25 69044 1.0059946669820639
1 8 15 13 61132 1.0137417495581649
23 16 29 4 61047 0.9638560223403362
28 26 5 11 116948 1.0435071090896648
20 11 7 26 83720 1.0190213908300692
15 1 3 0 34581 0.9360773461454187
23 2 18 10 41397 0.9337501094022239
23 24 18 13 51953 1.0298618026352482
26 6 8 20 98503 1.0218459240693585
5 13 27 0 101579 0.9684792735774397
6 17 1 4 51017 0.9889588692526964
9 7 26 26 102787 1.0883820035930922
28 29 27 14 66345 1.0859068683230764
17 13 7 19 46486 1.004990629107014
17 3 2 6 45954 1.0804341684397722
23 17 14 12 48951 0.9708920786560635
28 0 21 15 71655 0.9854438737121595
22 16 12 1 77205 0.9521236374149897
14 6 18 20 56263 0.9016172979151945
2 16 10 6 63242 1.0917369307361064
3 29 2 7 72910 0.9810626923871453
6 6 3 24 78019 0.9746040915003282
29 19 2 7 123270 1.0938907413499828
1 12 6 19 34444 0.9938786264980277
25 1 29 25 106770 0.9818553966165654
28 14 1 20 100417 0.960863414165008
1 15 24 26 95724 0.973819355556621
14 25 16 3 71820 0.942506241443463
20 25 28 13 61551 0.9839174138560693
19 27 29 14 70028 0.9114381989014304
0 10 11 23 70625 1.0624420476657601
6 19 15 13 40215 1.0795545259872872
9 5 28 23 113386 0.9252983320223026
4 10 0 20 43254 1.0229503913372247
4 17 19 3 80942 0.9652714837904564
21 5 18 23 73819 0.9405798069066515
18 22 9 16 43374 0.9651861223100848
24 26 7 9 92773 1.0600422480314728
23 21 1 24 85271 0.9962120672649258
24 14 9 0 81867 1.048766614624292
6 23 25 23 89639 0.9589898506221819
15 3 0 7 47915 1.0454995343019897
12 27 11 16 41621 1.057116201803485
20 11 28 27 88421 0.9159977028672044
9 21 23 20 43735 0.9692840757827194
27 2 16 28 110012 1.0542746110024621
15 4 22 23 75020 0.9865314041583695
10 14 11 23 38281 0.9401135951414177
4 1 16 4 37274 1.0617000907886078
10 9 29 14 80306 0.9327938039217566
27 28 21 24 37973 1.0735121573533535
1 21 11 16 46637 1.0454930270078724
15 20 22 8 58113 0.9517484569051147
10 3 21 9 42581 1.056539705555807
9 6 23 8 58764 1.0573733487010046
10 2 19 26 89715 0.9417151528112777
26 25 16 29 48599 0.9200020577784639
5 12 14 13 36869 1.0628439252113742
5 29 21 7 107054 0.9624335485941509
23 19 21 5 60304 0.9412027902165471
8 9 22 17 73082 0.9567662598776249
1 0 4 22 75061 0.9659639279946515
6 28 29 8 125808 1.0154572740636831
18 20 17 8 42763 1.023692483615975
11 24 8 1 79223 0.9279482167175095
8 20 14 4 66381 0.9647701947249674
3 25 24 18 84365 1.0342653938205753
21 23 17 3 80545 1.082876255141289
14 6 1 16 81128 1.0251605538427975
14 17 25 11 59676 0.9845222214436692
5 7 4 16 36944 1.0628587037572017
19 29 16 5 82982 0.9252824421657506
13 18 29 2 85008 0.9985527163568024
13 15 2 4 66793 1.0548339305878685
4 7 26 9 84482 0.9478987392310478
5 27 5 17 32397 1.0339562958667754
3 11 22 12 76631 1.060774662329366
6 12 3 24 52133 1.0828231410937674
9 1 8 12 37435 1.0781372361614332
18 26 17 5 70054 1.0907502779273874
22 6 3 18 97811 0.9071348474203049
24 18 20 2 68715 1.0383227049505728
14 2 29 29 123745 1.0997318740276807
28 3 2 25 133061 1.0346852603427048
19 16 6 16 57166 0.9161268869707275
22 16 17 1 68537 0.9880674402725804
19 1 11 16 74130 0.9875559023629643
8 4 1 29 99930 0.9737260528658862
15 9 27 17 64765 0.9484840524904214
0 19 21 10 88981 1.0183851487521034
2 14 7 2 48418 0.9648311273829169
29 27 10 24 90857 0.9509006235209594
23 12 9 19 65946 0.9943010172745043
5 11 19 6 68392 1.0569476934379378
3 0 7 10 44436 0.9355086973788673
23 29 0 5 133236 1.0264924935219395
24 3 6 15 88269 0.9557549385958789
18 3 10 19 67759 1.0512523264980582
1 27 13 16 67727 1.0577710485667873
12 10 19 22 52803 1.0065257007744368
13 21 17 0 73798 0.9555501832125421
19 10 17 21 41034 1.023719993629094
28 26 1 0 153413 1.042576414903985
2 4 4 18 47579 1.0570673273941984
24 11 16 3 47933 1.0610655735935213
22 14 12 26 80744 0.983280865424357
15 7 25 7 43924 1.0393030790387505
29 10 8 21 95854 0.9392666464636779
20 18 29 20 35369 1.0432313661520713
10 16 26 29 86788 1.0684386674193558
17 20 16 2 60252 0.9399353789003679
15 29 14 7 69299 0.9994202213824012
27 7 28 22 68338 0.9102806055279112
24 27 3 28 77708 1.0043695168197213
12 6 13 15 34869 0.9512153267014873
20 3 9 17 68936 1.041670688932345
5 19 29 17 82054 0.9945401893582447
27 0 21 6 32935 0.9179219727393851
3 27 19 8 98700 1.0933516944585837
29 15 18 28 71698 0.9361964131479961
19 18 20 5 59506 0.9531748588828866
16 17 26 9 58606 0.9749951158531468
29 4 21 2 27807 1.0071403235764376
24 14 5 7 91339 1.0771502403635849
0 8 6 13 38570 0.9914131166165376
23 7 2 3 65723 1.0520880058422453
15 25 28 7 94978 0.901303201187795
11 9 8 18 37055 1.007629221812203
17 3 3 9 54298 1.0931173983497737
18 26 19 9 63905 1.0765215070234175
0 6 6 10 33357 1.0051308952254865
18 26 22 2 91973 0.947418080493396
22 22 11 18 42442 0.935887921313712
18 21 29 8 78948 0.9593942786464466
15 22 8 1 77954 0.9482394078788051
16 10 2 16 73104 0.9475905011304584
25 7 21 25 74214 1.0116990531229124
27 24 24 11 57911 0.9772671742770483
1 11 8 24 61107 1.092614881978445
9 24 19 10 65676 0.9578554932420607
0 8 12 1 50190 1.0004729812809148
10 29 13 8 73076 0.9716831048032262
28 29 23 11 79136 0.9649064632947227
6 16 21 9 73415 1.0145884245418217
6 10 7 28 65969 1.054379060795382
12 4 16 28 85188 0.9044585401940444
2 11 7 1 39177 0.9301123468120892
18 16 28 15 49391 1.0307096550793877
26 27 8 1 125981 1.0303441606502823
9 2 7 22 69992 1.0341719951957735
28 1 18 19 88360 0.9782211909783978
24 19 21 1 74587 1.0702891754456854
10 8 23 26 87363 0.9358729128782171
6 4 24 24 111112 0.9630703891621237
8 26 29 18 82920 1.0080929325019234
4 8 19 10 63268 1.0870854597282409
13 4 23 16 69129 1.0728591475543727
25 20 15 18 35245 1.0727172651278376
26 7 13 4 48371 0.9571658983790872
13 0 20 15 72417 0.952390421107261
24 22 21 4 73254 0.9388744306742397
4 26 18 7 97218 0.9574477329941465
18 7 22 1 34650 1.0180882146892978
9 26 20 16 59401 0.9556644927233241
2 22 13 8 77404 1.0844144444539674
22 1 4 27 121946 0.9222439146286601
3 25 17 27 51929 1.0160781275304072
19 14 10 27 69299 0.9874204393880607
27 6 15 14 66582 0.9201726728265366
24 7 13 27 94153 0.9577331805349228
10 20 25 18 49818 1.0710295281987237
14 11 3 9 50115 0.9375713919390465
19 11 3 4 67926 1.079394730060465
21 9 14 13 33662 0.9514054337994304
15 9 3 22 75011 0.9876627188963061
24 14 10 7 70571 1.0106458947441757
15 13 21 1 53626 0.9959972762150778
9 18 17 24 43086 1.0676509339901727
7 24 12 10 56762 1.0123925147303499
15 9 3 1 53425 0.9579160359786868
23 8 28 2 33875 0.9775595680266776
16 7 12 19 50021 0.9109850075621083
27 22 9 2 109155 0.966164262464954
19 8 15 21 50486 0.9769937536767415
24 10 5 18 86654 0.9694119593003154
27 9 14 1 60372 0.9641276038770065
20 27 5 7 101570 0.9677879987481365
18 9 7 26 77412 1.084857443459302
26 25 9 9 94372 1.0448802953590541
25 7 8 25 104451 1.035069839167598
20 1 0 18 108098 0.976552091500738
28 26 12 12 92667 0.9475005640394204
15 16 9 22 29516 1.0477318608713746
18 11 15 4 29995 0.9499237980934804
23 26 22 13 49883 1.0014209597053216
15 27 22 23 30042 0.967521934033107
12 18 29 7 91657 1.0155425369347066
3 8 13 15 61197 0.9655172523115151
4 12 13 15 40043 0.9789802825544219
2 21 5 10 45313 0.9115512530502874
11 17 9 27 29078 0.9498735521436004
2 12 2 26 50649 0.9353711643897029
15 12 17 27 48982 0.9948874753932793
24 14 9 20 64095 0.9212518902640717
3 16 22 18 67155 0.9778484743043847
17 25 17 14 39691 0.9634955725613256
24 4 7 18 85798 1.0513548393435286
5 26 24 29 75975 1.0003985713949364
28 8 3 28 132812 1.0962211512587499
22 7 5 25 108398 0.9086147244802371
3 20 14 21 45138 1.0734670100399533
4 9 10 28 72316 0.9655599612813475
17 8 6 10 43229 1.0238335558904588
7 23 24 9 93618 1.0473558739916158
9 12 27 3 77424 0.950832464755971
13 0 16 7 29552 0.9021690244764898
28 11 28 27 77623 0.900800383245263
10 21 20 4 74027 1.018986078260251
14 19 7 23 36718 1.0838714061898376
7 23 4 1 88765 0.9745545319451889
11 26 17 14 63406 0.9069951940555153
11 9 25 23 84488 0.9851555903395741
25 27 14 21 55589 0.9679908754636792
18 6 4 26 101644 1.0230670474848063
18 15 25 8 54185 1.043958430049678
10 26 17 3 89127 1.029256516879665
20 13 23 20 35848 1.0548820090649411
14 29 8 5 84144 0.9754724505106194
22 7 3 19 93600 0.9261127184479846
16 25 0 12 81872 0.9307194252294693
11 21 7 5 61007 0.939473411337561
3 26 1 18 33971 0.9382120491286026
23 18 23 2 61469 0.976491150833481
15 23 27 25 60006 0.9141589437318383
8 17 29 21 68914 1.0767789389007625
0 7 16 9 67711 1.0600999943716243
25 10 23 20 48068 0.9048722466633047
8 21 26 14 72233 1.0987433155478812
9 2 7 27 76154 0.9677451417961844
27 29 14 3 111936 1.0838975571210783
10 22 28 20 70388 1.001060531562378
10 14 18 23 57415 0.9242582946364607
0 18 24 0 120030 1.036882274345542
27 27 7 22 92773 0.9860965454298216
3 25 1 3 76898 1.076123186110949
6 12 21 3 71241 1.0626859184778035
29 15 29 27 67845 1.0584612149776003
3 17 7 23 40865 1.0532123226447505
23 29 8 14 87646 0.9944306688118567
24 18 9 17 50293 1.0645958111301739
28 6 1 2 79789 0.9422242808292075
15 17 29 1 80308 0.9535443572404401
14 16 24 11 56027 0.9994646344729576
12 15 12 5 34758 0.9000202237587637
15 12 7 15 39243 0.9538029488756238
22 10 18 28 75072 1.0815153025532747
5 7 29 8 88082 0.931315750558886
29 26 6 9 121534 1.0009006500970163
19 7 3 13 75053 0.9585403117594361
16 13 1 1 77330 1.0123304215115867
10 23 4 28 35939 0.9527738282217753
1 22 27 24 102588 0.9403610886629524
29 29 28 3 114857 1.0349500258733983
15 4 23 18 67473 1.028726952849714
29 21 5 25 94879 0.9004277142888072
8 26 4 19 35347 1.043175450925939
4 12 15 22 59547 0.9048161434221245
21 12 2 24 95591 0.9161805603502898
21 22 27 9 60528 0.9185433730264574
3 28 7 0 97944 1.0815502560610395
28 3 28 15 57152 1.0510361748041355
19 7 12 11 35794 0.901626961754009
18 3 22 15 58567 1.045195220588372
28 25 10 1 126766 1.0078286903891178
1 14 26 15 102902 0.9255684001637063
12 23 0 9 81260 1.0730396255801196
23 3 17 15 50975 0.913109763862981
2 12 3 29 59435 1.0293625939834636
29 0 4 10 95035 0.9852802662408472
25 1 24 29 107562 1.0674660575513495
10 20 5 9 47308 0.9961663154142855
3 9 14 8 51122 1.034690565491305
22 13 29 6 56317 0.9727709921844894
10 14 15 8 40360 1.0918926244739475
19 22 1 14 76921 1.0814843369723393
27 26 20 20 42384 0.9825032353609426
19 4 24 26 86976 0.9769036581782009
13 28 27 26 58480 0.9127897828360728
29 4 25 20 70345 0.9569150671734317
23 3 0 7 68552 1.0821850873284464
22 26 16 0 93725 0.9399432548250939
11 0 23 24 98168 0.9764353121489913
0 2 6 9 35933 0.9654443312718022
24 18 0 4 112813 0.9537998961795789
22 20 22 10 41170 0.9141768540738353
14 21 22 4 66847 0.9338025515870908
10 11 6 4 34964 1.0553725410963377
18 7 29 5 46925 1.000856881088382
28 12 19 0 70900 0.9007518004808802
26 6 13 1 52193 0.9367989837223974
9 27 19 18 48416 1.0429204993234795
11 29 15 16 49530 1.0248590089002005
19 17 25 2 76490 1.080325096369161
24 22 29 10 58037 0.9633375467995771
10 10 21 1 56931 0.9261444076919415
27 18 3 23 91049 1.093631092401646
15 6 20 19 53657 1.0337164627209643
7 14 15 4 58619 1.0182308329990835
22 14 12 9 52762 1.0632323775382164
6 12 20 26 83858 0.9863817091671955
10 12 14 6 36120 1.0728463597690046
27 15 15 27 70352 0.9058316430871739
0 29 9 28 44153 0.9699937587574413
8 6 18 28 88246 0.9876690005217093
10 23 8 13 37861 1.027308908928393
28 9 8 21 93328 0.9664847342458134
15 20 14 9 35773 1.0582794149302563
13 10 28 11 58582 1.0576779079266052
1 21 16 15 59238 1.0217662585459955
18 21 13 1 72185 0.9901748540822757
28 17 14 5 87908 1.0207456903910603
13 4 6 7 34793 0.95968600622857
6 21 20 16 63132 0.9285937150765498
26 12 15 11 47990 1.0798652809465596
13 17 2 6 69058 1.0099450293194998
12 22 2 13 55091 1.044945160981385
18 8 11 5 33473 0.9739108505943384
15 8 7 1 38138 1.0506278543393748
6 11 1 1 42746 1.0875091198213958
19 11 10 25 70101 0.9257038199260639
18 13 2 20 66327 0.9103570758736911
27 23 5 28 95777 1.0914292866522128
1 2 7 20 70100 0.976115981461377
12 24 7 9 60504 1.0626431869081394
24 22 3 20 72934 1.0245138866535919
10 3 27 24 109187 0.934452390274077
22 13 6 28 94972 0.9766309446642799
11 22 6 14 45756 1.0549417185174315
13 18 28 24 66776 0.9891431649899611
4 7 9 1 26361 0.9327412589961934
18 26 2 3 110074 0.9930654306424073
28 13 16 20 59669 1.0174691342718822
8 4 4 14 47214 1.0271611899513953
26 11 12 18 69300 1.0406975601331943
27 12 12 9 58644 0.9899920082449232
26 0 12 21 96872 0.9146341080244936
23 23 18 17 31893 1.079494959247331
22 15 8 9 73102 0.9693326343346398
27 19 6 19 67824 0.9078032555865573
29 6 14 2 54978 1.082974483899382
15 29 21 13 69397 0.9088092943838274
13 19 10 2 64208 1.0001251718210729
24 5 1 21 112046 0.9765346862317472
25 9 4 1 78473 0.929720565690384
6 3 17 5 30828 0.9466319228546902
9 7 6 21 50979 1.0367836076347263
6 29 22 26 63624 0.9697549197375663
3 19 15 15 44888 1.055609609260069
3 20 17 27 63062 1.049830856527892
21 1 29 19 89556 1.0146569169968742
14 15 26 2 69496 0.9608795726372888
7 18 26 14 73153 0.9231624648832301
28 10 5 19 97997 0.9378865742267646
5 13 26 3 92947 0.91237211203547
16 29 29 19 71440 0.9992195124644215
24 20 0 29 103433 0.9329460457590106
13 21 3 22 48750 0.9714385286692234
10 4 0 29 105552 0.9494841508576832
21 22 6 27 68234 0.9272692141523126
4 6 11 26 83176 0.9098962671796806
19 16 26 11 48204 1.043241637566225
14 10 4 9 39399 0.9482999350125343
1 1 27 20 124443 1.0550356040459288
25 24 19 0 105873 0.9768468930915123
28 28 28 15 70980 0.9830981162943562
0 15 29 24 113158 1.0150813355253576
23 1 11 19 84684 1.0658485920829097
28 28 17 15 81513 0.9032216597021345
25 14 26 1 56871 0.9765929734905053
25 10 9 22 81257 0.9952713391718736
26 8 16 10 41015 1.0696283999180418
9 29 14 23 43332 0.9795838086857291
28 8 8 1 73503 0.9215982647887115
7 16 2 0 74691 1.017582946972806
29 1 11 16 96898 1.087257412974987
9 10 18 26 71596 0.9507294155123235
19 9 10 18 54299 0.9364804267069797
25 17 21 26 36225 0.9622922975028595
14 21 24 13 57978 0.9249237787763172
6 27 14 12 66278 1.0654094302346957
