3837 5769 4874 3569 3951 5117 3767 3722 3125 3004 1971 1555 2616 3514 1668 2051 3486 3061 1507 2369 3411 1454 1551 2045 3216 1814 2101 2183 3032
4109 4938 5592 5072 5824 6047 5571 5136 4554 4880 6382 4756 5662 6127 4857 5538 4984 4271 5460 6413 5080 4136 4848 6195 6314 4984 4668 4775 4340
3068 2901 4034 3265 2837 3482 4116 2266 4211 3701 2953 4080 3784 2766 3895 4228 3196 3432 1916 2973 3800 3420 2391 3913 2131 2425 2217 2412 2257
6853 6316 6737 6848 5607 7105 6616 7023 6133 7849 7773 7429 5565 6419 6624 6520 6635 5498 7446 7016 7691 6582 6122 6174 7533 6330 6157 1285 3471
8169 6989 7734 6611 8176 4624 4413 5835 4881 5792 5452 4953 5156 4704 5584 4676 5935 4080 5248 4874 4650 5060 5511 5231 5022 6012 4906 4680 5579
5083 6260 5400 6415 6069 6324 5452 6332 5872 6762 6539 6527 6786 7088 6328 5366 6891 5302 6716 6325 5588 6500 5944 6387 5180 7319 6616 5247 6468
3605 4526 3725 3723 3573 3965 5159 2718 3657 4354 5038 4416 3187 3536 3042 4373 2927 4482 2680 4871 2921 4267 3918 2713 3272 3723 3203 4238 3238
6598 8753 8484 6808 7321 8955 8330 6826 8578 6711 6972 6789 7061 6622 8873 7269 8105 6966 7724 6573 6789 7927 8938 6791 6847 7068 8557 8609 2571
5375 5498 3459 3684 3635 5474 4435 4465 4429 3769 3614 3375 4235 3450 2215 2753 2149 2680 3688 2849 2242 3679 2939 3511 2997 4565 2902 3500 3523
3881 4994 4971 4770 3984 4533 5457 4957 5967 4948 5242 4715 5429 6055 5205 6035 4620 4233 3890 3845 4742 5933 4956 4971 4099 4299 5636 5396 5779
8039 8388 6225 7491 6752 6557 6173 8131 8454 7690 6262 6591 8239 6101 8174 6885 7443 6890 7365 6867 7792 6377 6523 6173 4242 2956 3472 3393 3270
5082 3935 6124 4043 4221 4016 5004 3765 5376 5493 5257 5748 6131 4510 4144 5309 6118 5471 4203 4716 4535 6081 5024 5409 4370 6078 6144 5242 5973
5628 4212 4324 5652 5722 4512 4735 3735 4371 5692 4204 3840 5955 5733 5508 4275 3904 5413 3675 4161 4983 5284 4565 1882 2889 2413 3668 2846 3495
5606 5772 3863 3930 5361 4231 5867 4167 4692 5848 4936 5587 4454 5429 3498 4485 5808 5432 3837 5765 5428 5025 4279 4337 5674 5520 5696 6081 4923
6176 6135 6559 8386 7555 7317 6971 7065 6218 7008 8096 7996 6878 3154 4373 4327 4726 4328 3696 5263 5122 3855 4977 3470 3783 3033 4437 3200 2935
7684 6931 7217 4515 4762 3272 4876 3149 4663 4407 3306 5001 4030 4304 4817 4085 4397 3868 2792 3409 3975 3724 5101 3643 4157 2891 4081 5018 4848
7043 6287 6136 7420 7130 5435 5989 7422 6139 7261 7740 7587 7550 6210 6725 4853 3782 4970 3786 3610 4456 4454 4395 3551 4835 5384 3438 5015 3479
5579 4658 5328 4528 5735 4929 4939 6604 7059 6912 8158 6716 6938 6647 6378 8128 6686 6515 8183 8391 7760 7354 6560 8043 7391 7533 6058 7257 8076
2751 2339 1377 3384 1417 2908 3759 7750 7826 8360 7162 6761 7566 8095 7292 7163 7774 7194 6578 7394 7012 8253 7605 7860 7877 6514 6594 7463 6193
4831 6858 6803 6071 4782 5476 6466 5859 5098 6217 5915 5136 5304 5854 5373 6897 6692 6079 6532 5387 5161 5547 5643 5284 2570 1430 2637 1504 3358
5526 4024 4416 5198 3331 3785 5153 3876 4474 7386 6825 6237 7688 7955 7579 6733 6533 6442 7979 7756 7369 7787 7272 7445 7537 6300 7072 5983 6342
2026 2534 3773 2911 1805 3710 3039 2392 3960 2488 3668 2827 3348 2498 2456 2530 1604 2661 3815 5957 6972 7053 5062 7033 5184 6657 6461 5753 5090
2385 4269 3544 2951 3862 3956 3723 2982 4007 3909 3542 2278 2626 3419 3884 2645 2881 4344 2181 2691 2817 2916 3791 3380 3552 2051 3353 3472 2616
4304 2987 2506 3785 2256 2055 3499 5801 7866 7001 6369 5999 6852 5877 7702 6447 7684 6348 5714 5842 7547 7191 6207 7614 7310 7093 5964 6650 7114
5560 5033 4885 5341 5773 5920 5868 6319 5513 4509 5625 6921 4677 4998 5719 4839 4864 6591 5931 4460 6143 5545 4559 5435 5306 4604 6652 1791 3138
7747 8240 8533 7879 7561 7980 7505 6195 6492 7447 6257 8163 3216 4631 4649 2751 4168 3389 3343 3588 2448 3849 4529 2882 3870 4421 2560 2548 3196
4619 5246 6221 6454 6390 6643 4639 4556 4356 4752 5172 5655 4968 5482 6589 6004 4954 4627 6448 7026 6950 5621 5808 5954 5770 5044 5241 5653 5939
4397 4559 5097 5037 3925 5200 3289 5278 4391 5276 3840 4230 4966 3443 3685 3916 4742 3544 3050 4996 4871 5358 4661 5271 4870 1728 3330 3182 2488
3270 2465 4310 2063 2021 2613 2672 2998 3830 3798 3812 2355 2836 3987 3368 4008 3058 3319 2753 2971 2808 1969 2491 2402 2030 3115 3532 3374 2490
3196 3633 3604 2823 3685 2144 3181 2837 3024 2130 6192 4814 6170 5861 6330 4475 5864 4279 5385 5238 5470 4649 6030 4460 6005 4713 5663 6284 4314
3996 4005 3102 3626 4781 5703 8527 3919 5000 4393 5851 4071 7183 1654 5894 5206 6446 2316 3448 4788 5366 5697 1985 6501 5108 2584 6875 8007 2846 3545
4808 4212 3067 2580 5136 6093 8044 3286 5223 3415 7431 3694 6737 2435 5233 6497 5944 4711 3606 3696 4035 5342 1988 6890 4250 3730 7591 6724 4036 1658
3856 2302 3473 2557 4859 5561 7311 1636 5119 4771 7613 5849 8198 2872 5303 5630 5436 4667 2507 4479 5076 4817 3179 5500 4372 3397 5462 6894 3973 2694
3365 2234 3220 2972 4441 6814 7186 1583 4102 2104 6720 5293 6734 5982 4410 4689 4785 2506 3385 4038 5974 4291 4114 6502 4449 3456 7473 6643 2722 3368
4018 2406 3584 3126 6039 7713 7402 3768 4443 1751 7484 4600 7204 7297 3790 5430 4802 3447 4379 2812 5953 4082 4399 6623 4307 4793 6337 6916 4589 2631
4855 4319 3385 3767 6120 7535 8230 2453 3224 2410 6023 4369 6825 7336 4879 6202 5894 4656 2949 2827 5094 3727 4571 2739 2628 2816 5750 8070 2371 6815
3851 2198 2690 2401 5949 6845 8108 3381 3503 1604 7154 4673 8089 6280 4854 4938 6050 3531 3043 5125 5064 6013 4998 2922 4369 4441 4149 8332 3181 5946
2962 4588 3550 3901 2995 7294 7292 1639 4354 2604 6675 4423 3323 5993 5033 6732 5737 3746 4323 4973 4995 7431 5778 2888 3436 4520 3790 6459 4322 7991
3257 2287 3363 3013 1954 6705 8523 3521 3681 2652 6388 5820 3274 7851 6180 4494 4377 2523 3007 1439 4795 6245 5294 3276 4145 4364 4629 7720 3908 7993
3212 3645 1793 3781 3081 6896 6215 2771 4655 2384 6695 5233 3453 6989 5709 4284 5180 2613 1572 3779 4977 8241 4475 4215 2729 4015 3970 6364 3544 7905
2733 2277 2142 3569 1429 8075 6935 2268 3620 2941 7710 6411 1949 6494 6070 2919 5900 4022 2041 3337 5293 6615 5373 2280 3948 3864 4405 8427 2841 7246
2443 4241 2121 2529 3414 8579 6441 3376 2793 1248 6577 4999 2860 7197 4829 4083 5337 4305 1768 2767 3580 7822 6787 2777 4358 3213 5972 6659 4271 7783
3584 2215 2104 2999 2265 8577 6649 3760 2413 2081 6240 4745 2148 6343 5056 3436 5447 2519 3908 3022 3665 7403 6549 2338 3683 2326 3617 6965 3570 7462
3306 3656 2514 1908 1690 8532 7999 1891 4096 3151 5691 6103 3925 7322 5048 2764 5275 3867 1679 2702 5885 7621 4733 3872 2233 2931 3595 8152 2195 6499
2720 2251 3445 3760 2947 7100 6367 1630 4719 3390 7488 4768 2839 7076 5803 2685 5327 4687 2166 3474 5587 6504 5319 2650 2302 1574 5934 4773 3139 7311
2668 2540 3162 1734 1982 6202 6782 2116 2788 3060 7078 5470 3912 7326 5160 2909 5448 4278 3698 2159 7814 7412 4488 3486 4167 1687 3982 5410 3777 7578
2732 6651 3148 3745 1295 8135 6519 2546 4079 1384 6264 3938 3393 6976 4838 3739 4139 3803 3242 3740 7889 6170 5855 2291 4125 2448 5625 3895 3806 7836
4331 7361 1749 3605 1654 6881 7118 2839 4619 3334 7227 5931 3323 6908 5768 4246 5463 4653 2958 2425 7208 6252 4770 3812 4293 2275 5548 5517 2535 7836
3370 7894 2709 2738 3213 6196 6141 2873 4419 1376 7628 4467 2917 7534 5218 2715 3996 4707 3709 3238 6281 7157 5557 3586 4304 2476 4205 3642 4274 8258
2738 5555 3733 3188 2465 8025 6774 3498 2656 2162 5662 5680 2815 7566 5214 4762 5902 2859 2309 3256 5523 7445 4783 2172 3475 3880 3925 3709 2852 6948
2998 5929 3772 3185 2563 8277 8249 1478 3570 2641 5747 4061 2151 8124 6457 3162 5928 2849 1477 1810 7894 7069 4364 3892 3895 3708 5466 5739 3045 6337
4874 7901 1761 2643 2997 7594 8310 2392 2869 1457 6203 6360 2381 6895 4850 4793 5038 2776 1932 2146 7493 7580 4360 2864 3707 2951 4846 4832 3744 6659
2983 6667 2694 3221 1690 6496 6943 2607 3775 1255 7534 4691 2632 7338 4957 2596 5954 4854 2013 3798 6346 8046 4620 2576 3666 3378 4914 4971 2304 8016
4142 7787 2065 3152 1666 6839 6573 1770 4713 2782 6967 5612 2513 6824 6290 3998 4292 3733 2646 1480 6219 7826 5894 3669 2886 2952 4355 4300 2569 7297
3552 6963 3104 3801 2567 7420 7278 2219 4465 2227 5866 5057 1832 7438 5492 4424 5623 3909 2870 1748 6327 7433 5748 3306 4647 2753 4047 4555 6587 8207
3928 6682 6632 7146 2205 6386 7528 1554 2448 2724 7079 5207 1912 7743 5354 4632 6144 3280 1902 3686 6268 6796 5250 1946 2764 2781 3940 4607 5965 5914
6680 5539 7539 7902 2326 8447 5954 2684 3184 2761 6329 6395 1920 6781 5436 3098 5250 3213 2857 2016 6908 6813 6448 2252 2680 2350 3752 5464 6067 6268
5190 7047 5575 8135 2432 7609 5685 3633 2628 1817 7115 5586 2194 6989 5381 4330 4871 4832 1809 3049 6303 6593 4986 3366 2255 3319 3560 5185 7991 6255
6698 7390 6695 6957 3019 8208 6529 2392 2911 3329 7110 5495 1500 6799 6979 3702 4339 3055 3029 1936 7570 6465 6009 3559 3116 3479 4306 5835 7159 7998
22 3 27 27 86313 0.9201546090223751
25 7 2 2 72880 1.0113109799763793
29 13 17 24 75841 1.0514919343572282
19 23 22 12 42734 0.9385569117773784
20 9 27 13 29602 0.9413387297954711
20 9 11 8 26562 1.0785558442182686
8 21 24 2 92246 1.0372895585486859
21 15 16 29 59570 1.069694400146899
16 19 11 28 45197 0.9046941047145107
7 15 0 19 38501 0.9660877646028556
24 4 15 9 34486 0.9241938830103253
29 1 3 14 111858 1.0411823933215654
16 27 2 7 98121 1.0251356501241204
23 23 29 1 85220 1.0352866615047103
10 25 18 21 45252 0.9561204563576452
1 25 15 14 77326 0.928500378773714
15 27 5 13 77075 0.9164674761610104
26 26 7 14 88494 0.948308570539114
1 9 26 25 109629 0.95375223247293
7 13 19 8 53085 0.9672265863178756
16 16 20 6 53745 0.9212182475164397
18 0 20 27 95451 1.0322878691202098
10 17 4 7 47500 1.0752060705122903
25 0 7 15 99333 0.956271726169501
22 5 19 15 41334 1.0650221692172335
8 11 8 1 42462 1.0028059189023675
2 14 24 5 87778 1.0955660855490552
25 0 19 14 65246 1.0760653014427282
24 2 8 28 116339 1.037093339371057
14 21 16 10 57133 1.063564634325374
7 17 23 15 53519 0.9429684601555746
23 27 8 25 52087 1.0299575201470885
27 13 8 9 58765 0.9123326746920105
19 19 18 7 47162 1.0201839080220985
8 14 17 6 51730 1.0198444021842379
12 28 7 4 95316 1.090088422162268
7 17 25 0 101249 0.9064338965644971
28 6 23 18 52125 0.9302362858886545
27 6 2 4 75977 1.076683596724118
24 29 8 29 59035 0.9089552698775193
5 26 22 28 63250 1.0376893585438978
16 2 26 16 71497 1.042592231994364
7 11 1 24 66519 1.0405378739912923
19 0 29 1 44517 1.0819858714523827
24 20 11 4 75463 1.01492573858575
12 21 18 12 55977 0.9071565792462636
24 25 0 22 79869 1.096663692765724
1 19 11 23 49410 1.0423108323284862
10 10 2 27 82738 1.0739957065679464
20 17 11 29 73508 0.917110507596604
10 23 23 0 106291 1.0426050425638274
26 20 7 28 86957 0.9073246426770829
29 27 19 4 89949 0.9849977809488357
2 18 10 16 34972 0.9696108347894695
29 5 19 16 61183 0.9809468287143869
8 26 25 8 96931 1.0408854862465957
23 4 6 18 83843 0.9243751386810827
22 9 4 9 41630 1.0958577681599821
2 9 12 27 82281 0.9339165486108372
26 15 14 15 44661 0.9742092793361745
28 17 10 18 48303 1.035631229847449
13 12 7 3 53563 0.912803328548228
9 28 9 9 67672 0.9793601220926906
11 3 7 14 56421 1.0030575629546252
3 1 21 24 118327 1.0157874732575631
14 15 6 10 47338 1.062113855486003
27 3 15 25 98740 1.0222077277224175
7 23 13 17 33239 0.9987781323412828
7 4 19 27 106173 0.9272709313770078
16 5 6 29 107060 0.9575853963164661
23 9 22 21 36413 1.086884444942272
8 2 23 18 79164 1.0532881393181788
10 23 2 3 84851 0.9727045710158958
11 7 18 29 105587 1.0299081822632077
13 7 4 17 61105 1.0479861281536358
15 17 27 8 62165 1.089408902443877
28 17 2 23 87968 1.0725346627555954
16 26 23 10 76509 0.9630787168641353
4 19 28 14 79001 1.0306202790503574
0 0 22 6 81777 0.909289631376622
11 27 23 11 86014 0.9653833485710022
15 8 0 9 45562 0.9757045554345616
6 27 19 14 80225 1.0992705384147738
8 18 1 13 40538 1.0254250167741805
23 21 17 16 41321 0.9948810489519835
1 2 4 24 81992 0.9145868801428202
3 17 15 16 44972 1.0867852348150635
9 18 15 7 54933 0.9143655865385228
5 28 2 6 80581 0.9320201475872697
29 19 0 21 89179 0.9030085015362588
0 6 17 19 84067 0.9044118448549857
4 23 0 6 59058 0.9937413712076172
6 29 9 8 77944 1.0330041198897788
21 4 0 0 70962 1.0861060714629724
12 9 9 26 68033 0.9375347043227829
29 10 24 0 46609 0.9387580941179919
17 27 27 3 103080 0.9064946367546504
16 18 5 2 82192 1.0590634913047938
15 9 14 28 77260 1.0938550338139748
11 16 11 3 63017 0.9631806245433179
2 19 7 13 39776 0.9064248201139425
20 20 23 8 46700 1.0448435225219614
22 28 9 9 85368 1.001514234908477
29 29 16 21 69522 0.9494506593878682
16 18 18 5 58643 0.9317389955211024
2 29 28 26 92599 1.054598032185788
7 24 24 16 72558 0.988211614705838
13 6 27 14 61494 0.9604162842911527
16 1 28 29 108274 0.9233894510681174
23 24 18 5 68322 0.9648827627513331
17 26 28 18 56458 0.9873477875149796
5 17 9 11 34724 1.0563410148737409
8 22 23 29 60605 1.0872977174988
13 22 29 21 60944 0.9977891276468859
20 19 4 22 63854 0.9856921861238235
0 16 16 1 89871 1.0402653427239683
24 4 28 29 84140 0.9423884361868115
16 7 2 0 59496 0.9800221803506679
7 2 11 29 110030 0.9631952555398811
0 23 20 3 104851 1.040531044082154
15 18 23 26 47618 1.0288273741164975
5 9 29 3 73421 0.9334081153599902
18 19 0 23 65189 1.0222976478132217
27 15 6 19 70002 1.0726898755029282
9 6 22 5 43374 0.9465360156105921
21 3 9 20 80159 0.9218075002960627
9 22 20 11 70922 0.9620718911902177
10 15 21 12 45722 1.0477955915785606
26 1 7 18 104138 0.9585177237010472
5 23 3 0 94887 0.922941932910313
27 11 17 17 44924 0.9741204763674243
4 2 5 25 94200 1.0834335864945244
19 19 0 11 76086 1.0671676145168645
12 14 13 4 50764 0.9637172817411396
4 18 28 10 84876 0.9224308300012947
27 5 0 3 75942 0.9351634271056519
19 26 7 26 39569 1.0623899051915242
9 4 0 22 75677 0.9313165719033745
12 6 15 22 71943 1.031746147553802
23 12 20 20 33491 1.0946458763324178
27 27 2 20 96058 0.9655230422423913
25 19 6 11 74626 1.0275007731353178
26 20 26 0 82554 0.9908807016459596
7 24 17 17 49068 1.0620634483285787
3 3 7 13 55347 0.9357660319782807
13 0 12 28 120916 1.0728251235716084
26 29 2 14 119552 0.9077513917045013
23 28 3 9 100797 0.9028444932227673
15 10 25 21 59090 1.0469709360797064
24 19 17 4 57410 0.9395423279153252
20 19 3 18 51830 1.0517587203692738
3 1 4 20 76756 1.0508855127560055
5 3 19 8 52280 0.915478695821137
7 6 18 23 91213 1.0176912392455721
23 27 29 4 89272 1.0727997072354545
21 16 25 29 49295 0.9281764903445712
3 29 11 17 62234 0.9265398730651159
28 21 18 19 32006 0.9640628688615697
17 26 6 24 44341 0.9761702930046251
8 23 16 3 86482 0.9185175688654713
22 0 11 9 53832 0.9406723307637652
22 0 0 5 80079 0.9205932741234731
15 2 29 2 46390 1.0065175351036884
4 3 18 7 46674 1.097728522039003
13 20 1 6 77009 1.0942466836068883
8 27 18 24 42652 0.9575175782087209
24 20 24 10 46733 1.058889122378738
22 11 3 22 87673 0.9148516660805535
8 19 5 2 66041 0.9073004351472257
7 17 17 12 46301 0.9867051606603879
12 21 24 9 66815 1.0981917483492274
7 2 10 20 75320 1.045914796682636
22 21 18 8 47706 0.9071403474311732
11 8 18 27 94102 0.9865239115462202
28 11 15 0 64500 1.028842757348034
22 4 24 19 51374 1.0762763428502657
9 13 8 27 50470 0.941507730461916
10 16 2 11 53424 0.933089403430409
28 16 10 11 68406 0.9075249111138586
24 18 2 7 82498 1.018357388138345
26 7 10 29 108812 0.9712756543950376
21 2 10 21 92400 0.9660579227438444
3 17 12 23 48511 0.9793308190024916
17 14 2 28 88859 1.0485258177037664
2 18 18 22 64823 0.9639426201583982
18 27 5 17 70755 1.0105635895244693
8 9 15 6 28562 1.017791953395749
25 0 8 23 111784 1.0117788131073828
21 6 28 10 28212 0.9957334941665419
10 13 5 8 36813 1.0488506088291265
19 10 26 7 27616 1.0534401174284103
10 0 2 27 110831 0.9806372936318986
27 16 20 0 67153 1.0902953194378802
6 26 16 12 72757 1.023557245079608
17 27 1 27 66124 0.9426271820937464
28 22 23 13 48300 0.9655203669181036
8 4 13 22 81020 1.0898822855416928
24 17 6 4 85722 1.0653093645643097
5 10 18 16 73257 1.0012079488102938
25 15 15 17 41030 1.0156555721292724
2 9 25 27 110414 1.0409344383419854
26 21 15 7 69753 0.9042905149932005
11 2 23 9 46583 0.9419424970581642
8 23 1 19 39639 1.0871585320750363
21 10 7 13 55278 0.9738669082229039
15 9 20 18 39514 0.9566782116043122
21 14 5 29 88614 0.9410473949454066
19 5 19 28 86031 1.0564647253702812
3 18 21 15 58408 1.032426902358701
26 15 18 2 62337 0.9002654174725391
17 24 17 10 76692 0.9876965697256637
1 14 23 27 107739 1.0918156195290736
27 13 29 3 37101 0.9652111229954254
23 10 0 15 78897 0.9602251280569062
7 21 16 27 48510 1.008385171885342
3 12 3 26 54385 0.9142092894540643
22 29 5 4 117892 0.9325233528790798
28 7 14 17 69818 1.0243775812391833
10 22 3 4 85784 0.9167412462018577
22 14 28 27 51922 1.0745401500020715
17 26 5 29 57665 0.9025525149195059
22 4 12 21 79224 1.07534628063172
17 13 7 10 48355 0.9452566251822708
16 24 1 26 60946 1.0271306811970546
28 5 11 4 41392 0.9736677951865682
15 22 6 8 66146 0.9491558845329908
21 15 4 9 57458 0.9532791377780765
4 5 26 0 87421 1.0770414963920651
6 13 3 20 37527 0.9392050149610419
21 28 19 2 89055 0.9108290884838165
29 1 0 21 127305 1.027731266682443
8 1 4 22 93588 1.029794032626492
9 2 0 27 94956 0.9881016159857313
25 28 11 16 80264 0.9922178268931797
21 28 26 15 56417 0.9469123251833139
15 28 18 13 77422 0.9508292737784889
13 1 19 27 106675 0.9651204844717893
12 5 9 20 63790 1.013355530816061
24 6 18 29 91919 1.0973698499097808
18 7 4 24 90282 0.9235937199429018
28 12 0 9 79045 0.9732982255660372
5 5 16 29 110855 0.9064724083112947
29 9 15 20 65481 1.0870378367268818
13 14 26 1 85519 0.9502997475034499
3 8 29 13 80269 0.9864597005192378
6 20 20 10 75790 0.9240339380562091
4 24 27 8 104700 1.0683348150353869
27 2 28 22 67124 1.0873604988046721
8 13 14 28 60655 1.0090661170206763
22 26 2 10 100140 0.996424505287161
5 9 16 16 57652 0.9697442275513641
14 17 5 14 41732 0.9941438871306698
15 9 13 19 45897 0.9631900007639074
24 14 21 5 39107 0.9598627842262908
18 6 26 18 53403 0.9922207753550972
3 3 16 4 38613 1.0810243318618846
2 6 20 19 85648 0.9768010152670552
15 21 20 11 49009 0.9662355709442919
0 23 17 22 65260 0.9983422778360258
21 9 5 2 60764 1.0978086742763111
14 13 5 27 75705 0.9773167074617796
27 15 21 9 34089 0.9905870638884617
3 21 29 21 94060 1.037549253974559
28 7 9 7 47905 1.0352970596096558
19 15 29 16 41464 1.0062111516490488
3 0 19 28 129826 1.0346910709239059
29 27 11 25 58338 0.9711410537543015
4 25 20 13 86842 1.0670407666783217
5 20 29 8 98188 1.0912586045042534
14 4 22 11 39071 1.0738139000518203
24 14 3 9 68283 1.0474240464837574
25 16 21 6 42801 1.0381823842103315
11 8 26 6 43425 1.0391670607478813
10 0 22 10 60987 0.9387837401823858
24 28 17 13 70250 0.9560999757286814
22 29 1 15 103373 1.0614633101751068
5 26 18 14 81976 0.9696724095467287
23 16 11 4 67246 0.9390279575011181
24 18 0 28 89416 0.9073756776649968
6 18 13 29 57502 0.9830867921967708
16 25 6 12 67641 1.0688312769257022
15 13 10 26 64136 0.9234645288407163
23 3 15 17 67216 0.934823486975651
5 0 22 26 119724 0.9879618926257434
8 25 16 18 40378 1.0934361180594805
4 28 29 15 107600 0.9331824723885878
10 5 20 5 32437 1.041889986699553
29 21 26 7 58683 0.9768308060584454
6 22 15 27 40850 0.9377329213955623
15 11 10 24 68551 0.9414285627171419
23 4 25 23 68496 0.9286456435982047
1 14 24 3 95365 1.0028234694467821
28 17 17 18 29801 0.9568932708045531
22 17 3 13 78010 0.9350819638298223
24 20 1 18 71577 0.9556331816019148
29 5 3 20 113685 1.0309372236600698
28 23 14 23 41868 0.9949833263431773
27 6 12 9 45148 0.9249788871963355
6 1 10 27 99946 0.924693314734823
22 28 15 5 86066 0.9496509614813757
3 29 17 29 59216 0.9511621336613807
6 16 18 14 57391 0.9102130689105299
29 0 23 29 109702 0.9324207890040066
4 19 25 3 102900 1.0317784416317948
27 6 23 26 76874 0.9079595137436255
16 23 16 4 82785 0.9080229985588664
9 20 25 24 66022 0.9349353919194208
22 14 22 29 46574 0.9006230938445773
10 27 6 15 53709 1.0900685327586384
26 10 19 16 44759 0.9969971795854542
0 1 24 8 87893 1.0540582404404983
3 13 23 26 102798 1.0222837431167124
19 25 27 6 79759 0.9397437891114582
2 8 0 18 34945 0.9300904191815338
22 4 29 13 44655 1.0051180727377105
21 26 24 3 80037 1.0389225575752932
19 17 9 17 37053 0.9870862129410085
15 12 24 26 67802 1.0794828935675211
18 3 23 23 68653 0.9481111048743727
13 15 17 8 42817 0.9646539844216587
12 8 23 13 47620 0.9768637042684349
8 19 14 6 60955 1.0743005315783294
13 1 5 29 120862 0.9873965281973786
6 16 26 28 93954 1.0377932037696755
17 14 16 28 66646 0.9376771905487532
7 22 4 29 37535 1.0906383708325194
23 27 12 14 75966 0.9276140087710575
25 1 2 15 106790 0.983185099573603
17 7 5 15 62331 0.925332549495041
9 19 0 23 41410 0.9298144059803587
23 28 23 15 44974 0.9321565412404416
10 23 1 7 74437 0.9493974586964371
22 4 26 19 56808 1.0843944096048665
6 4 14 27 96963 1.04400099942936
27 9 7 15 72400 1.0294765838088706
5 5 3 28 87917 1.0543634119222307
18 0 1 27 122575 1.0743795360532016
15 29 11 6 105327 1.0195777198424223
27 13 11 7 59320 1.05659249235345
3 14 10 7 49816 0.9250728140531618
10 27 0 13 73124 1.0346791725151525
16 1 8 15 74532 0.9451498798470355
14 3 21 7 29139 1.0188753411657245
1 5 16 4 53365 1.0312246795023015
15 29 11 11 85575 0.997231943753629
24 12 15 0 58198 0.9910417065790491
6 10 24 0 76953 0.9875954278580594
28 13 5 4 86085 1.0147427171474672
5 9 22 15 59537 0.9299631768040879
2 22 8 14 42492 0.9514354938688033
25 19 10 22 58470 0.9966952205236079
3 13 4 29 56306 1.027401797046351
11 26 20 22 41400 0.9959236377023211
2 9 10 23 66372 1.058490573870531
28 8 1 22 107361 0.9835450662195165
8 1 5 24 89867 0.9894269113186067
0 28 18 6 102575 1.0715309051555522
23 10 2 14 74045 1.0006601306252805
29 21 4 13 97617 1.0410059752359087
1 28 13 8 86473 1.074755497570761
9 4 4 25 87433 0.9644364244518266
3 0 0 24 76874 1.0243510527410724
26 25 16 15 60505 1.0791640507514593
13 13 8 6 42225 0.9801389380448511
9 17 9 2 61027 1.038743433000084
16 15 10 2 68293 0.9277790451033183
15 18 27 20 39230 1.0310133187651278
16 13 4 19 60020 0.9828049649093799
17 19 7 8 61855 0.986792963526425
28 15 11 13 61989 1.0558985839958133
9 13 18 14 46703 0.992186233135534
11 2 17 16 75143 0.934044708508747
21 12 17 3 37450 0.9653956566088326
13 28 4 25 43807 1.0922120699967364
3 8 19 16 80055 1.0611117228376843
16 28 2 27 50815 1.0357758458742372
24 2 21 28 87179 0.9593610120604593
26 8 3 26 115636 1.0353181002471852
10 18 3 14 37342 0.9540916985625407
11 4 27 20 83449 1.0893825981744814
4 4 12 0 42023 0.9920494824208408
17 10 19 25 73615 0.9438368459706478
22 22 13 12 52909 0.9103643687551619
28 8 29 27 64277 1.0449920429161097
19 17 9 20 40555 1.045373687621342
22 22 10 25 43367 1.099715615768071
28 27 21 9 64180 1.0846984265541737
22 4 0 25 111238 1.081657345700143
2 9 15 8 37754 0.9968687567510558
20 0 5 10 68610 0.9459855917852131
22 14 0 10 75091 0.936570097311725
23 26 13 19 51062 0.945656980558303
2 27 20 5 118220 0.9907219681335764
27 21 13 15 60485 1.004831216285794
29 19 20 28 49805 0.9912086467013425
24 2 9 14 82548 0.929780132799631
10 4 16 23 92548 1.0495548920013091
17 10 2 7 49226 1.0142629320253334
4 25 28 25 75815 0.9721974056126516
16 29 15 8 88484 1.0567326472101874
12 1 5 4 33235 0.9663750608066509
10 27 0 18 59344 0.9808411922701568
12 22 29 16 69270 0.9072256049112858
29 5 19 5 32397 0.9637148044567845
4 14 3 1 56411 1.0160302206109877
27 29 21 25 27893 1.039999832975426
4 20 14 17 38862 1.08841745391135
9 20 9 9 39864 1.0262211109636343
14 12 27 8 47107 0.943483809895358
18 23 5 19 55611 0.9823418780333286
15 15 3 6 68275 0.9013021779616559
23 7 5 17 80350 0.9116006082559042
5 2 13 28 107566 0.935034115804635
21 12 6 20 63548 1.0552140501862186
23 8 28 23 62340 0.9555018223699079
2 22 5 14 40363 1.0076086938024102
6 15 25 21 67966 0.9671563410504788
26 10 4 9 55370 0.9149460111781121
4 25 3 4 80274 0.9891780825507308
3 4 26 8 78092 1.0749589560924722
28 12 10 27 92813 1.0080688773789679
16 20 7 16 35268 1.050893359095442
26 21 7 8 88638 1.075491748268051
8 29 17 17 63119 0.9407854024170654
2 3 3 25 75224 0.9023704141634072
15 19 26 4 69021 0.9721439436840827
24 15 1 1 104383 0.9991069884803816
6 5 1 26 78663 0.9255397765230413
21 3 9 12 61662 0.9118309118278322
19 22 22 12 42454 0.9932968011507286
24 2 8 22 95925 0.90111991605471
29 6 27 24 60561 0.9939505588683647
28 11 10 1 72716 1.036404393229429
18 1 21 26 83622 1.0722903096592682
0 5 8 23 77362 0.9043767002253557
20 28 0 12 96560 1.0718850873621317
7 25 24 16 76639 1.0337646825988216
23 13 20 22 43840 0.9222229644984306
7 2 18 18 86264 0.9820413411875771
26 1 23 14 61475 0.9544351351570527
25 24 12 27 45290 0.9524369906220403
28 11 25 0 49650 0.9081538529295071
26 15 7 28 93763 1.0820140151823703
9 7 23 9 40110 0.9388384855881486
15 12 21 6 36062 1.0612664877639066
18 20 7 24 54894 1.0521069402999785
28 6 24 14 36998 1.0897403073138328
19 25 8 26 34349 0.9083643812547324
5 3 1 23 74907 0.9953884955839203
9 17 12 4 60383 0.9501800940547749
11 17 25 22 53409 0.9544905594688361
22 14 19 27 48999 0.9442511499563049
17 18 27 23 40204 1.053773212394055
7 27 17 29 48519 1.0685664320355506
19 26 11 13 69829 0.9921105554010533
0 26 4 2 78772 1.0735017996253242
20 3 9 16 76369 1.0453691091520816
14 12 6 28 73447 0.9544480687822223
13 19 16 27 40496 1.0846072729317187
8 19 18 13 57094 0.9933692792527531
18 15 11 8 52005 0.9795328360730817
14 22 24 16 53496 1.0755559968698594
16 28 8 12 71806 1.0999172277283826
27 10 8 26 94995 0.9240601900434486
2 9 23 10 56761 1.0216860429974306
17 5 25 18 60449 0.9164761683904984
12 27 22 9 80445 1.0867959785969088
23 16 7 0 92614 0.9503095056273541
8 29 15 19 53227 1.0968001141249846
20 27 9 18 56313 0.9231853370345969
0 10 6 21 50668 1.0674512161300453
10 23 24 16 66530 0.9618377279243877
17 8 27 11 38894 1.0700532717917426
22 3 14 26 91143 1.0666477518890403
0 2 25 27 139096 1.0617863957367852
16 23 23 17 41374 1.058242575521402
10 14 0 5 66444 1.0266901432344993
21 8 12 13 45498 0.9189176135841981
16 12 19 5 44802 1.0569218168873868
10 10 1 14 50487 1.0760198000279453
20 25 14 18 41733 1.0275728129734412
9 21 2 7 61977 0.9526103845190372
20 29 27 10 81624 1.0381365399430762
28 0 20 17 65533 0.9680333729886005
11 18 24 9 56488 0.9510519733520499
22 5 15 29 98126 0.9154896036281427
27 20 16 5 76927 1.0690638809615378
27 7 20 17 43548 1.0739077424489758
17 17 23 7 47540 0.9537392190698177
28 12 19 11 25486 1.0966526648407142
28 15 11 2 78251 1.0700324602951319
12 2 21 20 75602 0.98162722522583
8 6 20 12 56267 0.9706077415229575
26 24 21 11 49123 1.0894436169695179
29 6 10 16 88984 1.008916323738122
12 8 8 20 48373 1.0363610155518879
8 8 26 3 64733 0.9877724886513322
20 16 5 23 66307 0.959570474690514
1 4 7 24 86178 0.9447047190754232
29 1 11 11 76813 1.0524378612445615
21 3 2 9 64865 1.0843611704561613
3 10 18 15 72488 0.9176705336824862
0 0 12 4 50920 1.0545665818970353
24 7 7 15 72017 0.9785020759958444
27 0 7 3 70078 1.0894424306092634
7 23 7 8 55308 1.0773736396988451
3 13 8 29 72668 0.9956735150595046
9 4 21 0 38714 0.9139823657086527
27 26 28 6 62512 1.0631307181351273
22 19 8 17 40327 1.0853433770256622
20 11 23 18 25930 0.9726456792780821
10 23 29 21 64060 1.0228480122754373
6 8 27 5 64020 0.9985324992080978
26 6 23 24 68689 1.0434423135505149
15 4 2 22 94476 0.9517228741132555
6 13 20 5 67654 0.9211175049025419
24 29 14 0 108814 0.9183206658076765
15 17 10 24 41917 1.0890437834467772
2 5 16 22 89473 0.9394847927532186
5 15 13 23 53742 0.9103088335159137
19 20 9 14 51859 1.0776336263739679
24 15 4 6 80730 0.9078076179001691
7 15 19 24 65317 0.9574630126449999
15 8 2 27 94279 0.9668585754275902
1 15 29 26 112347 0.9317461764621895
17 18 22 24 30161 1.0142914090301165
14 27 23 2 100274 1.0119657647041673
16 23 26 23 30114 1.0473006638668185
0 2 15 2 43553 1.0861729714132724
5 9 13 6 32650 0.9370410171637845
10 29 4 21 49522 1.0282421174608671
10 27 21 24 39162 1.024615768087651
26 7 9 18 71203 0.9677522596633756
22 20 18 5 51752 0.9673087182175599
26 25 15 9 73123 1.0970306175453133
11 2 12 26 100248 0.9717484648845863
16 29 24 9 82349 1.052188990593771
3 29 14 15 77499 0.9246995933861398
17 28 11 19 51945 0.9236141310985442
1 9 18 0 67781 0.9856354699785881
23 20 7 2 91919 0.907054690788807
24 23 12 11 68933 1.0260926285821113
8 9 5 26 64905 0.9392584189970276
4 22 28 8 106736 0.9074819633595882
7 5 0 2 36766 0.9680759309454227
17 13 5 12 52928 1.0639083582203073
18 5 23 22 62105 1.091842855036475
7 4 17 21 89001 1.071685761076412
22 10 6 8 45035 0.9857655526035713
14 17 19 27 46248 0.9008930268087819
22 7 8 11 47633 0.9781104352295821
18 27 4 6 105599 0.9006180940453984
28 28 21 0 93704 0.980425418614655
6 13 23 27 90389 0.976069422634803
10 9 13 21 58593 0.9837411954062477
27 4 20 16 53370 1.0797149770185017
6 2 26 20 102454 1.0022776482703115
13 1 24 29 109645 0.918079680519612
24 18 13 4 62524 0.9905928141324855
7 16 7 5 55245 1.023039168170746
14 1 29 9 60419 0.946739421608126
5 29 17 4 115308 1.0951857358920183
16 23 11 5 87570 0.908290488781776
25 4 13 9 43594 0.9294978592660189
3 9 24 19 75748 1.0896041627800572
19 7 11 2 32543 0.9070348992863032
15 2 22 26 84496 1.0966302183337764
17 10 0 5 65315 1.0235905076472516
17 15 21 2 53760 0.92410293991516
23 1 1 2 66166 1.0984747223074531
22 3 23 28 78980 0.9926004889689333
9 23 17 13 65471 1.0196740398284032
25 29 7 9 103518 1.001404508241417
15 9 9 25 72356 1.0369526659820123
6 2 18 15 84894 1.09539968760913
1 12 4 19 36047 0.9900417246871036
13 3 13 23 93027 0.9067155899014185
5 17 27 9 82503 1.043245467155034
9 20 7 29 38023 1.045912160684824
17 28 4 28 45514 0.9153482804946929
7 2 18 17 86523 0.9383897204745812
13 24 6 10 68501 1.0558510457010355
13 10 3 4 52471 0.98449408711616
0 11 19 4 70511 0.9892193191497698
21 27 1 0 137914 1.0636778333564159
11 24 1 16 62888 0.9695320586025846
12 2 11 26 104625 1.0419684903272066
8 10 17 23 64769 0.9240987368311501
0 22 18 12 84939 0.9605347216325774
12 5 26 29 113254 1.002152112600206
17 0 5 14 83071 1.0817368189329024
13 2 6 21 87182 0.920439027378488
14 17 2 24 56613 1.0341597127257591
7 9 26 20 79483 0.9402179818906273
19 12 24 7 26772 0.9723254273109683
12 6 14 21 72332 0.9177159273760168
19 19 20 4 50430 0.9371402943597172
7 1 21 28 119635 1.0713876625323369
19 27 28 2 96787 1.0500152644446419
29 4 12 1 50820 1.0469727280710213
12 12 18 26 73053 1.0999724505193549
16 6 12 17 58846 0.931706677388512
3 21 4 4 71753 1.0160238987472008
20 29 16 19 47265 1.0555697755108624
20 2 8 26 105184 0.9131012987361327
5 24 27 9 96002 1.049360129930915
10 27 26 16 79412 1.0151679119290107
12 21 8 8 53876 1.0165455747004564
24 12 0 21 91084 0.9040294285840454
6 7 6 26 69738 1.0958236750449615
2 1 20 8 69180 0.9421266139125728
18 6 28 17 59406 0.9696995018679878
16 24 26 17 50622 0.9248776247649529
25 25 11 14 77745 0.928631986012501
24 5 15 24 87018 1.0547413221018362
11 24 26 7 91625 1.0144330573120608
16 23 26 12 60763 0.916430629993999
10 8 8 17 38325 1.0497884243763855
12 4 7 11 44106 1.0284699230211647
29 7 14 16 70043 1.0401828528735024
9 15 18 18 37920 1.0365572513238788
20 27 28 9 78338 0.9689170070663661
7 12 0 17 47457 1.0116207331359977
20 6 2 10 61611 1.0371834408536396
21 19 4 12 73774 1.0200004237920446
5 10 7 2 38382 0.9727182063315223
9 4 16 14 61756 1.0223197654957061
19 15 24 5 48655 1.0281648334281717
24 12 23 25 49261 0.9849625445850492
26 11 14 23 70521 1.0290700403314477
14 15 22 11 37179 0.9882946542478395
0 9 6 27 65463 0.9898899568373702
5 24 17 29 61393 1.0269253227822035
23 9 7 18 64649 1.064207095849396
17 4 7 1 35736 0.9533152088536943
26 7 14 2 42546 0.9592761955025711
27 24 7 25 64629 1.0703401594408786
1 23 6 29 36523 0.973993479090036
17 19 7 1 90524 1.0822079348582023
16 28 13 12 73307 0.920340713444802
4 17 14 0 95279 1.0570338184919053
12 8 7 22 60072 0.9633664143688523
22 24 19 8 53559 0.9198643708450828
10 15 18 6 60021 0.9157621519837834
3 26 26 24 83785 0.9361584661263294
8 19 3 6 56931 1.06543004761635
18 24 6 13 73196 1.0486057746773083
26 3 9 16 91347 0.9887683963085674
1 16 22 18 68624 1.076167904754768
14 7 9 25 76565 0.9983190616226064
26 29 4 14 112568 0.9790732754789307
24 24 28 1 81253 0.9691850161370023
16 27 6 7 88681 0.9242136028666414
14 1 23 24 90475 1.0440169572294664
5 3 25 1 67147 0.9597425654673793
6 19 17 15 45185 0.9913891127910105
22 5 3 4 62355 0.9075323248773915
11 20 10 9 48815 1.0995191105158293
10 15 26 16 62126 0.9456548603284061
1 16 12 18 41546 0.9972194123706772
18 6 7 29 102951 0.9425501547998313
19 21 27 4 71136 0.960830406424205
19 3 3 17 88839 0.9252948825828239
26 17 21 2 61561 1.0854470534004137
19 26 7 0 120813 0.9118210219122619
21 23 18 1 72657 0.9594879044627389
4 22 23 9 90595 1.0537924603975326
27 28 18 14 69738 1.003080043463324
14 2 17 27 108966 0.9652764377897489
4 9 23 9 42885 0.990387214920056
29 13 13 8 57049 1.0210371429636407
4 14 29 0 110644 0.9983691296015919
4 2 13 27 110379 0.9099723745536489
8 4 10 29 93793 1.077309810188921
27 12 15 6 48573 0.969228042053681
4 22 20 24 57779 0.9866902658336785
26 9 3 16 88336 1.0645206596735994
19 15 29 22 47258 0.9601162030757584
5 6 11 29 95387 0.9566714096184926
3 16 25 10 93059 0.9125198873601338
18 1 3 17 89817 0.966394312981416
16 18 1 9 66738 0.9397531808295152
17 6 22 20 52863 1.0837427210933115
3 7 3 24 62004 0.9490482387963546
0 19 24 4 99818 0.9262969407740539
14 11 7 28 80050 1.030494903167459
12 15 11 26 49416 1.0909401756217707
14 27 28 21 54894 0.9029013783605434
20 17 14 12 36635 1.0632463228187101
8 6 6 28 79925 0.9353126825780118
14 11 19 5 40657 0.9779691395136436
3 3 19 21 105563 1.0882587346063464
22 16 3 1 94592 1.0646232435913605
27 25 21 11 54696 1.0761372207617865
27 15 15 11 48796 1.087265837768079
23 25 2 6 106661 0.9541519633693557
11 24 21 24 32904 1.028924945543355
3 25 28 10 107073 1.024039287370323
1 1 12 10 59787 0.9879685600615258
29 5 13 12 62973 1.0304408351474565
8 24 21 1 99280 0.9318552065867458
5 9 29 28 113135 1.0555500043341208
26 8 17 14 48575 1.0943608284648527
1 7 12 10 38226 0.9050315495815122
19 18 27 12 32073 1.0784164784470733
0 22 8 11 57238 1.0171598198117144
17 15 6 14 43415 0.9057121953608102
4 17 10 13 40487 1.0692084894587963
14 13 26 29 89484 1.0198042569293764
20 4 16 18 55244 0.9277864591982353
13 0 11 21 99347 0.9599641780386183
18 22 3 22 61327 0.92885681578762
27 14 18 5 51272 1.0874744009026303
22 19 2 8 79452 0.9048136593751881
23 26 26 19 36564 0.9725319674799162
19 20 17 11 47287 0.9124395646482498
25 24 12 22 47961 0.9416344642773102
16 23 26 21 41543 0.9515485750702763
24 23 14 13 61113 0.9241408095135871
21 21 14 15 47384 1.0832611690726228
28 0 14 16 87095 1.046575430245568
24 8 4 7 58896 0.9743302976821695
20 16 23 27 43828 0.998061580953937
10 19 15 6 65708 0.9577997995222284
3 2 8 18 69157 1.020604180985424
17 15 16 29 63747 0.9911892367580062
0 13 29 4 96178 1.00871578814964
17 20 27 11 55452 0.927424276382454
13 27 17 11 80221 0.9101588917566079
11 16 20 10 60354 0.9332386860531071
17 9 12 28 84218 1.0901583737027962
28 7 25 17 42234 1.0118812547683111
28 10 12 24 83239 0.9862612815925006
20 27 18 14 63961 0.9030429053800935
26 3 4 11 83172 0.9086041913432675
2 12 26 11 78151 1.072670955050276
21 0 29 15 63694 0.9696445941730623
20 13 25 6 41369 1.0495980812698504
1 18 15 21 50509 0.9422802192800513
16 2 28 21 80584 0.9840980429759913
10 1 13 13 60347 0.9460747487903729
9 19 1 9 52026 1.0373313363988244
1 15 29 5 103928 1.0484529222601768
6 29 2 21 35802 1.0197099329627832
27 11 25 20 37797 1.020711696193474
26 15 10 18 53356 0.9856787066894404
11 11 25 11 53552 0.9320473061562782
29 20 5 28 96424 1.06112911153367
8 19 0 3 71857 1.0834823164679277
3 13 27 20 94410 0.9090491524178439
22 10 2 17 80850 1.083388035365955
28 25 1 16 100145 1.0755564043235974
26 26 19 20 48616 0.9964446010717887
13 21 25 24 50362 1.0974696796597057
22 25 21 3 65157 0.9956896400665433
28 6 15 22 79351 1.01796252676138
15 7 23 22 62939 1.0452900635635085
26 21 10 6 88851 0.9981319146190919
12 24 15 14 46910 1.0332470195052716
12 9 27 20 68496 0.9606697275202425
0 10 17 13 70860 0.9984191982886501
7 15 25 17 60698 0.9558805972188018
12 2 4 19 82925 0.9925889632104664
10 24 9 8 62132 0.9789819679475636
9 0 15 29 124882 1.0557079401333576
5 24 26 15 83117 0.910704656637337
25 23 4 20 79516 0.9685764631975772
26 23 12 0 103056 1.0550773064740737
13 8 26 9 35635 0.9238979270850532
3 29 18 18 76182 1.012388420785314
11 20 11 5 69917 1.0323874021319366
28 24 18 25 32578 0.9623839168149335
7 22 18 8 79927 0.9320551102136903
17 10 12 0 56452 0.9681052756591928
18 15 4 8 67416 0.9739195200426485
3 21 12 17 43301 0.9365013593683611
3 16 10 11 52545 1.0310629802331175
20 18 28 27 41577 0.9510816728302275
17 9 17 23 66247 0.9631961495369693
1 5 22 2 71894 0.9046709741099509
7 15 25 10 74362 1.005857808052207
28 9 19 29 81142 0.9850333918559135
5 11 23 0 82218 0.9107010160519865
18 16 4 15 65331 1.017928747285787
23 5 0 22 103130 0.9729177188452246
11 8 5 14 42971 1.0164974935315239
16 12 27 11 32019 0.9863116849485556
12 1 4 10 55666 0.9243480840233135
11 29 16 15 67062 1.0008938541873893
26 15 14 24 64913 0.9198069712770287
15 13 12 1 56212 1.0637445759317774
0 14 23 19 79351 1.085353922662565
9 9 15 20 53234 1.0311859784231587
13 10 7 27 77520 0.9318417074058996
24 29 5 27 70633 1.015757578527411
11 27 1 13 80330 0.9284869750964047
13 5 7 24 80847 1.0834904133279408
17 7 28 23 70141 0.9365020853135331
18 18 2 8 73734 0.99619185247999
19 11 3 27 105934 0.9133042640564593
25 18 26 27 36097 0.9336286865917665
27 5 0 0 88338 1.0283818814223844
20 7 25 25 64215 0.9054938499817375
0 3 4 11 44179 1.0594189105670386
12 15 1 26 70982 0.9870789692367232
6 5 0 23 65834 0.9847557449024609
18 29 11 10 98918 1.0617431700446325
10 20 28 16 63279 0.9619808312890763
16 10 18 2 37992 0.9722680253091942
16 12 29 16 48351 1.0829406622301871
14 20 1 13 63472 0.9600190841158357
24 18 12 16 39684 0.9685824260935361
23 24 12 5 85684 0.9057053418084656
21 19 18 26 36778 0.9880116428160839
12 20 27 5 84107 0.9439688645831109
10 3 5 11 49178 1.0943872524342135
2 2 13 22 96339 1.0955458038621175
29 25 10 9 87780 1.0752754999223553
14 2 2 24 105180 1.0642157725010237
28 17 7 6 92113 1.0575212993414491
5 24 23 26 61691 1.04228915142299
4 23 10 12 54778 1.0127038523536775
4 23 27 3 119481 0.9513018117804826
9 5 26 14 76551 1.0575685161238948
6 3 27 13 80943 0.9350783052403884
26 26 20 3 85212 1.0706209143687322
10 7 22 4 39748 0.9879775162699722
18 4 27 17 64129 0.9379172224496551
4 16 21 2 96244 1.061194721023179
7 21 25 5 102985 0.9510773389449475
11 8 23 25 79921 1.053184327677145
4 14 23 8 74451 0.9893365150599226
13 22 5 29 50963 1.0782200466955536
26 15 19 4 55225 1.0483160923549282
7 5 19 5 39640 0.9643862111449354
13 13 29 0 83321 0.9844954204278966
16 26 11 13 66386 0.9936024136389955
12 11 22 10 37841 1.0441874070293067
19 22 21 2 70646 1.0376884736458019
6 19 25 25 74445 0.9866720977298636
7 1 17 12 73200 0.9426541216649859
21 24 4 6 100516 0.9290987095583667
6 15 20 27 73466 0.9298459660848071
28 18 7 16 60129 0.9202209560226583
17 21 23 0 87220 1.0045219821583902
20 12 18 23 46090 0.9881786755260504
4 10 1 20 50856 1.0042476370734568
25 2 10 26 113263 0.9563660339043766
21 10 13 23 63963 0.9563602096909094
27 26 13 13 81204 1.0102313785321901
7 27 23 13 92857 1.0901561832576037
10 14 14 20 41065 0.9760656136128081
9 2 9 15 58096 0.9743987295991355
0 18 27 0 124237 1.0267642331670046
25 4 1 16 100777 0.9598138138392727
27 0 16 16 87217 1.0107807304431458
7 5 23 25 105030 1.0688344363654119
2 21 24 16 80855 1.029878260989139
22 12 4 26 90459 1.0519070337929526
26 2 15 27 110003 1.0702279411780107
23 29 15 27 38469 1.0683493642939057
3 2 2 24 77203 0.9735224236019049
5 14 15 17 44572 0.9865260254050437
29 8 10 0 69995 1.055437963046577
24 5 13 29 108884 0.9282853130752408
7 6 23 23 93651 1.0142863314507213
11 11 4 8 31977 1.0249691027302763
18 11 29 24 64205 0.9012745649792215
1 21 19 15 76690 0.9601342392319155
10 17 14 2 74314 1.049048326445757
26 28 8 22 68612 1.0550788270923344
9 22 9 4 70384 1.028307309542782
4 28 24 3 127364 1.0821357226600343
5 2 25 1 63244 1.0896380810282928
9 28 11 5 91158 1.0822941337945289
18 25 22 9 61123 1.0861734042632794
20 24 6 20 55997 0.9427313548666322
4 0 9 13 67193 1.0994000264967925
14 14 4 10 52560 1.012405236430292
6 16 28 27 86518 0.9455518016484945
12 7 19 11 36379 1.066993110118938
27 14 4 26 103088 1.0729113750212596
0 5 15 9 53959 1.02480509428199
9 1 16 25 106840 1.0188897493648408
19 5 7 28 109484 1.0373509539176258
25 20 0 23 86193 1.0810936243066025
3 5 21 15 81197 1.0136174020073045
8 4 22 21 77697 1.0303802439092002
3 26 21 14 86006 1.080103640028797
17 8 3 22 91221 0.9075009431033894
18 5 0 7 55050 0.9088135558454805
9 27 15 14 68146 0.9381434765350072
2 0 21 7 69850 0.9569673373836569
6 26 19 24 44858 1.0909155393804586
27 21 24 14 38125 0.9092146763995066
11 24 19 6 92823 0.9074712556966463
6 10 28 11 62999 1.0206003053600412
26 9 21 21 51269 0.9996101401960797
20 3 9 3 33556 0.9574047578250793
21 21 8 14 58287 1.0944584744519599
4 13 14 21 61113 0.9805654961835022
10 19 3 2 78063 1.075370396792929
19 29 20 8 73234 0.9001232601644459
11 22 18 11 71693 1.0404012684620199
14 22 17 7 69908 0.9280843430117621
16 28 29 23 52249 1.018911354412381
15 0 26 28 113746 1.075539063775855
19 20 9 12 56638 0.9343067915259167
21 28 21 7 66312 0.9446051938522406
3 23 19 11 93682 1.098619256725362
16 3 3 25 109342 1.0164799021242887
8 14 22 14 55070 0.9859722545929058
4 10 0 1 47996 1.0579397052842276
29 0 4 17 118176 1.0225972856803638
9 7 5 25 70663 0.9073756120689919
16 12 0 16 72228 1.048320122532898
25 9 27 0 38734 0.9821610093465075
19 22 19 8 58827 0.957662943278456
5 23 2 1 87963 0.9069686387228433
27 18 23 11 37907 1.0064877340598917
8 9 22 6 43973 1.0172745881627265
28 1 23 19 66652 0.9442891832036627
7 15 29 1 101430 0.9111667357894411
1 25 19 8 96214 1.072140695540207
9 3 26 22 97166 0.9318147184708977
20 3 22 20 51886 1.0131872500302193
27 20 15 24 54385 0.9916966280592119
18 5 3 18 84173 1.0299495118637427
18 19 1 17 55720 1.032120526197916
14 12 26 6 50745 0.9259284536424314
22 3 4 3 52385 0.9032903314685119
4 27 13 12 76885 0.9467441101177682
8 4 5 29 97873 0.936459919835161
0 26 27 5 122918 0.9082677755713464
10 28 11 18 45099 1.002512697483385
14 26 7 13 60246 1.040646381766764
18 1 1 22 103075 0.9378849870706218
20 21 6 21 65809 0.9205742472222702
25 5 4 20 108700 1.0104949466492588
27 10 8 28 101397 1.0849226197228934
27 26 29 5 67527 1.0668666712012997
27 25 28 15 31128 0.9271643947709165
11 26 14 4 101880 0.994869024782719
15 6 27 7 33452 0.9634194729556108
12 23 8 3 82307 0.9422158162429056
2 16 14 6 69678 1.0755309206675945
26 16 5 25 83120 0.9710384766536363
28 12 12 10 50851 0.9083682560623983
0 25 17 3 105120 0.972895341625746
19 14 10 18 42894 0.926811854290851
15 12 9 28 74710 0.9948912287655942
3 5 22 9 65369 0.9374486208642547
0 21 17 1 103704 0.9709441900954315
13 11 8 24 55661 0.9676251721410174
9 25 17 4 94382 0.959325888916724
27 23 28 11 39289 1.0877735752892514
18 4 10 20 81460 0.904852323972758
1 29 19 1 127805 1.0828395024186546
26 8 16 23 73277 0.9305502559869254
0 9 8 23 61631 1.057769221891142
7 1 27 20 105592 0.9667793175002491
13 12 4 24 62021 0.9283820529435225
16 8 10 0 47252 0.9327593998707348
28 9 16 12 38605 0.9164940621619558
24 22 9 3 93943 0.9320736396003202
27 29 23 13 69270 0.9252177572811586
3 0 7 23 94107 1.0575942991705285
13 17 4 4 75559 0.9817149993756292
17 4 4 7 44842 1.0609116610307057
2 22 4 7 52911 1.0559891371770989
29 26 3 23 89057 0.9805768644724817
16 17 1 16 57445 0.9702348972344969
0 17 22 24 83943 0.954693454199922
15 7 17 17 49024 0.9794668253552428
29 27 17 22 56915 1.085135048290604
24 2 28 9 33686 1.0475664479489515
27 7 4 16 93934 1.0977980084468113
5 16 26 2 106807 1.06838733322806
28 6 7 2 61162 0.9849876536284627
17 25 0 1 120797 0.911529203139141
13 28 21 26 33258 1.033396060161571
18 29 19 13 74515 1.029368693224519
0 16 4 1 55602 0.9975985431054022
9 8 14 24 72093 0.9448582465050916
2 24 3 13 38802 0.9463153688796782
1 14 6 26 55494 1.0926623502745905
29 2 17 23 95337 0.9226483407113475
18 24 29 10 77831 1.085083905667433
21 10 8 11 41675 1.0747700247800542
24 20 14 20 37249 0.9893263367472287
15 8 4 24 81605 1.029047481309962
16 10 10 27 87023 0.9703808488648371
25 4 22 18 49108 1.0368038585070645
18 19 4 12 65470 1.065285109867331
19 27 29 20 51409 1.0952074892128554
13 14 25 20 52002 1.098236420744523
22 10 18 28 66253 1.0553385657200314
16 25 22 0 94394 1.0507950982722514
20 28 26 20 48594 1.0018219477114891
15 18 4 21 41350 1.0339214753228179
