3631 4263 3775 3956 4466 3790 3871 3800 3875 3879 4284 3962 4447 4041 3558 3534 4243 3807 3934 4012 4057 4506 4093 3732 4020 3829 4493 3572 4310
5516 5590 5968 6020 5228 5485 5087 5956 5291 5716 5456 5710 5440 5846 5675 5773 5757 5936 5178 6078 5234 5398 5598 5889 5606 5639 6115 6106 5221
3046 2807 2437 3104 3427 2710 3369 3401 2611 2861 2918 2745 3071 2596 2514 2691 2863 2655 3276 2489 3319 3142 2707 3265 3088 3092 2490 3302 2899
6333 6030 5778 5929 6174 5730 5774 5809 5755 6075 5561 6366 5990 6574 5544 6538 6488 5560 6153 5557 6162 6123 6244 5588 6024 6155 5678 6217 5757
2496 3124 2534 2255 2626 2868 2841 3184 3220 2702 2917 2540 2795 2970 2344 2916 3130 2861 2729 2258 3004 2657 3039 3078 2663 3154 2551 2552 3119
7854 7973 7952 8067 8365 7623 8205 8445 7600 7946 7903 8144 7767 8196 8108 8315 7503 7990 8468 8287 7516 7792 8074 7572 7870 8387 7604 8185 8019
7764 8206 8256 7692 8070 8562 8443 7949 8547 8071 8626 8243 8371 8413 7859 7743 8573 8090 7671 7787 7820 8032 8013 8516 8202 7938 7862 8217 8122
7779 7746 7361 7534 7378 7534 7056 7263 7555 7066 6905 7365 7096 7105 6919 7661 6952 7297 7794 7111 6941 6840 7756 7441 7319 7470 7081 7642 7576
3751 4054 4006 3891 4265 4278 4615 4052 4181 4521 4563 4476 4500 3982 3730 3982 4095 3913 3627 3895 4591 4567 3883 4383 3836 4356 4546 4005 4037
2494 1678 1800 1873 2044 2072 1799 2373 2322 1639 2216 1897 1494 2317 1949 2031 2513 2477 2303 2514 1733 1517 1866 1558 2390 1984 1543 1675 2346
3860 3982 3544 3319 3267 3492 4027 4068 3359 4083 4050 4003 3602 3944 4160 4030 4097 3661 3588 3502 3720 3294 4122 3424 4020 3240 3348 3696 4023
5855 5945 5696 5057 5830 5256 5262 6019 5492 5737 5903 5626 5267 5384 5299 5018 5275 5908 5784 5246 5668 5758 5580 5711 5410 5097 5257 5984 5140
5408 5814 5544 6046 5520 5588 6012 6076 5868 5853 5889 6024 5660 6178 6210 6062 5370 5941 5757 5974 5631 5687 6137 5388 5754 6267 5440 5797 6352
6429 6457 6722 6757 6940 6645 6197 6761 6411 6543 6892 6489 6860 7158 6831 6225 6369 7005 6568 6632 6361 6787 6616 6474 6633 6620 6453 7046 6795
3835 4072 3685 4020 3392 3638 3331 4103 3916 3349 3807 4087 3343 4054 4077 3599 3702 4039 3656 3664 3369 3602 3467 3123 3404 3608 3481 4008 3942
3238 2695 3174 2535 2562 2959 2807 3224 2958 2956 2679 3019 2593 2619 2915 2376 2290 2379 2895 2442 2306 2551 3060 2378 2603 3216 3026 2937 2975
8460 8389 8372 7751 8073 8508 7817 8363 7761 8443 8390 8375 8146 8079 7734 8148 7775 7958 8501 7715 8353 7835 8694 8517 8458 8366 8045 7871 8748
2163 2680 2592 2653 2231 2737 2558 2338 2494 3037 3154 2989 2280 2849 2236 3155 2245 2200 2330 2500 2327 3122 2829 2916 2629 2143 2485 2532 2435
4602 3778 3709 4060 3728 4614 3655 3982 4166 4078 4062 4508 3899 4051 3927 4405 3624 3900 4628 3916 3830 4001 4275 4624 3667 3937 4090 3711 3859
4847 5824 5408 5312 5742 5243 5415 4934 5015 5731 5634 5425 5195 5104 5605 5683 5008 5568 4983 4865 4852 5623 5758 4863 5255 4968 5581 5009 5859
7148 7350 7040 7018 7376 7410 7028 7613 7239 7345 7449 6848 7728 7343 7243 7530 7098 7258 6878 7188 7795 6933 7465 7009 7027 7190 6915 6853 7198
6040 6524 6506 6697 6227 6139 6221 6729 6559 6270 6312 5947 6430 5902 6653 6652 6579 6683 6860 6906 6398 6214 5890 6035 6577 6896 5945 6167 6672
2158 2363 1914 1951 2049 2203 1723 1996 1896 1808 2015 1432 1891 2093 1764 1773 1374 1478 2040 1705 2263 2368 2295 2016 1647 1425 2142 1723 2333
1174 1894 1540 1898 2093 1712 1999 2151 1916 1708 1186 1414 2094 1469 1896 2069 1565 1420 1221 1588 1425 1371 2073 1852 1481 1915 1875 1877 2090
4181 3646 3827 3586 4032 3637 3680 3945 3579 3546 3423 3340 3976 4058 3832 3187 3684 3920 3763 3665 3887 3534 4051 3927 3207 3680 3700 3889 3980
5947 6420 6445 6526 5982 6405 6543 6779 6833 6657 6005 6138 6221 6180 6796 5908 6878 5976 6656 6041 5937 6155 6749 5902 6070 6486 5985 6366 6708
7939 7859 8167 8240 7480 7466 7650 7319 7430 7326 7598 7674 7263 8204 7608 7653 7999 8025 7471 7834 7323 7330 8301 7700 8204 7673 7788 7301 8143
4821 4964 4751 4871 4818 4396 4263 4426 4192 4996 4348 4820 4861 4024 4915 4076 4567 4765 4978 4853 4052 4637 4462 4168 4899 4625 4627 4468 4204
3059 3606 3384 3400 3425 3647 3126 3374 3875 3664 3615 3330 2981 2931 3199 3225 3473 3016 3245 3047 3409 2903 3348 3247 3106 3339 2886 3748 3694
4972 4984 4879 4653 5359 4819 4819 4611 5027 5246 4750 4548 4536 4586 5260 5209 4992 4926 4886 5392 4918 5284 4575 5168 4753 4723 5342 4581 5170
2950 6769 3577 1710 3690 7201 3649 5444 2847 7711 6053 8285 4078 7969 7415 2859 5487 2468 6168 4065 1367 2726 8563 2445 8114 3268 3883 5178 8122 2784
2545 6918 3582 1928 3553 7858 4077 4610 2864 8426 5678 8336 4622 7943 7582 2341 5600 2640 6209 4030 2001 2925 7617 2706 8271 3115 4394 5081 8545 2513
2887 6078 3765 1507 3849 8023 3871 5547 2222 8445 5632 8035 4226 8173 7590 3087 5515 2929 6045 3792 2088 2885 7609 1914 8365 2975 3513 4469 8090 2470
2489 7019 3577 2088 3171 7979 3572 4781 2882 8042 5588 7723 4112 8349 7888 2860 5130 2264 6449 3993 1892 2539 8140 2779 8068 2574 3526 5177 7855 2475
2370 6400 3998 2229 3617 7240 4154 5607 2816 8441 5220 7927 4847 8561 7095 2423 5656 2919 6830 3450 1639 3130 8426 2784 7946 3246 4134 4978 8367 2580
2756 6098 3741 1572 2881 7628 3946 5552 2686 8003 6081 7935 4748 7557 7974 3132 5261 2549 6821 3611 2325 3093 7583 2130 8556 3329 3887 4695 8465 3009
2435 6908 3523 1333 3698 7414 4189 5312 2451 8067 5720 8246 4078 8170 7334 3154 5938 2451 6210 4079 2292 3305 7933 2420 8150 2909 3560 4673 7764 2461
3008 6318 4414 1871 2954 7908 3195 4858 2763 8368 5480 8432 4914 7717 7438 2905 5319 2174 6583 4007 1477 3134 8255 1918 8032 3564 4422 4739 7709 3053
2127 6944 4137 1437 3862 7134 3751 5552 2216 8060 5927 8139 4958 7976 7982 2716 5599 2749 6062 4014 1541 3376 8011 2484 8579 3423 3813 4951 8275 2918
2443 6541 3639 1685 3256 7857 3936 5211 2280 8140 5950 8168 4706 8526 8076 2850 5743 2775 6691 4164 2225 3164 8367 2117 8673 3053 3656 4444 8403 2763
2412 6560 3547 2059 3750 7528 4054 5531 2413 8632 5810 8097 4190 7615 7075 2643 5013 2951 6428 3363 1668 3343 8375 2437 7972 2951 3451 4850 7788 2861
2723 6472 3936 1890 3724 7435 3529 4618 2645 7889 5843 8439 4190 8460 8083 2856 5062 2404 6632 3523 1632 3287 8467 2144 8661 2967 3484 5217 7756 2231
2166 6973 4134 1328 3477 7169 3974 4971 2547 8410 5320 7785 4166 8448 7697 3222 5330 2698 6425 3952 2350 2757 8400 2486 7960 3212 4231 5288 7799 2792
2838 6291 4356 1753 3667 7650 3514 4825 2623 7837 5052 8057 4488 7912 7840 2829 6020 2245 6302 3972 1601 2385 7635 2344 8263 3055 4371 4345 7774 2190
2866 6194 3421 1911 3579 7888 3919 4758 2003 8576 5131 8419 4567 8230 7139 2929 5195 2988 6767 3414 1427 2638 8101 2338 8408 3330 3980 4840 8419 3097
2298 6341 3673 2300 3164 7538 4066 4924 2121 8506 5753 8424 4484 8255 7325 2453 5845 2538 6782 3641 1979 2398 7982 2344 8660 3507 3502 5016 8657 2380
2540 6770 3753 1914 3551 7636 3465 5579 2691 7981 5147 7578 4060 8458 7970 2429 5183 2347 6495 4035 1474 2558 8174 2691 8293 3152 4375 4852 8006 2217
2499 6562 3735 1916 3626 7536 3724 5168 2423 7907 5642 8462 3958 8049 7266 2605 4985 2135 6035 3779 2298 2837 8525 2127 8054 3019 3971 4596 8052 2584
2997 6457 4269 2206 2994 7571 3872 5608 2585 8151 5638 7732 4865 8145 7195 2922 5203 2405 6089 4149 2069 3277 8164 2769 7821 3025 4365 4583 8021 2628
2345 6662 3838 2305 3597 7308 4153 5383 2744 7690 5047 7678 4943 7659 7454 2604 6022 2496 6723 3291 1719 2955 8573 2561 8273 2580 3662 4854 7719 2267
2642 6255 4430 1838 3724 7950 4228 5186 1955 7804 5964 7490 3995 7687 7309 2485 5749 2567 6557 4104 1877 2713 7611 2454 8111 2797 4219 4697 8421 2227
2213 6768 3975 1923 3241 7622 3742 5383 2090 8121 5056 7716 4510 8399 7138 3004 5318 2082 6667 3865 2008 2446 8505 2315 8799 3184 4041 4798 8198 3071
2139 6147 3434 1513 3454 7641 3829 4967 2389 8093 5448 7875 4015 8582 7252 2587 5274 2751 6742 3282 1954 2827 7713 2753 7857 2877 4237 4521 8619 3124
3000 6328 3820 2252 2974 7712 3686 5519 1931 8096 6018 8259 4698 8034 7638 2541 5975 2853 5991 4162 1570 2982 8351 2603 7978 2609 4118 4646 8395 2636
3133 6960 3909 2011 2937 8057 3530 5542 2587 8018 5541 8377 4617 7695 7457 2904 5352 2619 6095 3601 1826 3271 8181 2614 7876 2623 4034 5181 7752 2938
2357 6270 4419 1698 2953 7074 3744 5514 2055 7729 5758 8453 4377 7556 7569 3217 5089 2541 6387 3808 1630 3273 7583 2197 8078 2890 4306 5126 8403 2840
2463 6040 3442 2267 3893 7885 3532 4947 2412 8674 5523 8112 4186 8275 7184 2511 5304 2866 6061 3642 2066 2475 7663 1947 8798 3547 4086 4733 8444 2846
2413 6341 4105 1641 3314 7680 4039 4890 2774 8254 5317 7548 4801 8412 7191 2596 5775 2144 6140 3251 1677 2701 7825 2083 8170 3280 4181 4805 8637 3055
2725 6294 4062 1884 3171 7078 3518 5570 2074 7828 5298 7813 4218 7771 7457 2698 5339 2689 6585 3989 1545 2556 7851 2779 8207 3163 3643 5114 7739 2837
22 16 28 25 31020 0.9976533758648745
21 16 5 12 63937 1.0767287278649371
25 20 16 18 26646 1.0181596707487346
7 11 14 4 45169 0.925561746834539
14 27 18 11 55031 1.088748247327927
13 4 11 26 66322 0.9246321812644335
1 11 26 12 88067 0.9154729707152235
1 13 28 18 81623 0.9438405454398215
15 16 7 4 48643 1.037495304045564
21 10 4 11 61651 0.9010244773065356
2 25 29 24 76053 0.9618325898119096
8 6 16 1 32576 0.9796568670956772
27 14 2 23 71777 0.9202470815069514
26 26 19 18 39981 1.037515156143841
25 0 18 9 35716 0.9180303026460814
19 19 7 16 42757 0.9440417603972829
23 6 19 29 49963 0.9185096487720013
6 9 12 27 68728 0.9467199816791956
19 22 25 0 58094 1.0603910500398035
8 5 24 17 63880 1.0117401052781456
1 4 3 26 71876 0.9514697658614752
28 3 12 8 45086 1.0758877723028655
1 14 20 16 66165 1.056861816574035
0 13 21 14 72556 1.0784054037460267
19 21 2 27 56277 1.0261648796908849
10 1 25 15 59363 1.0907800870413153
8 13 18 27 59669 0.928044527171951
4 27 22 9 71998 0.9915710926079194
12 20 2 4 56499 0.9681739601851093
0 21 21 6 73736 0.9525757430339985
27 17 11 13 57385 0.9113037487516704
14 7 3 29 75391 1.0294919198435057
8 26 13 5 66843 0.9571473152658341
2 12 17 3 53295 1.0741897520455939
2 9 10 18 45461 0.9326767265256354
23 29 15 18 36674 0.9041187744703051
23 13 25 23 21314 0.9314235465694568
2 11 25 24 80423 1.0351550164190486
19 15 26 7 36255 0.9210786276414766
13 25 25 0 74801 0.9809182964329798
8 10 29 7 61841 1.0603316617089353
4 28 27 20 64223 1.058889184155086
28 23 15 11 55219 0.9682056169224225
14 26 12 18 36255 0.9511177096737049
14 22 12 9 53560 0.9679435455540217
16 5 10 13 47421 1.0419221733320174
14 5 27 28 83042 1.0887155641983632
4 16 24 20 48103 0.9445521484090279
25 7 7 19 66567 1.0362747219521888
2 14 3 1 44135 0.9402421907071064
15 10 3 16 53530 0.913722996775901
6 8 5 25 55391 1.033898545619046
17 22 7 28 45870 1.089064668343422
10 18 26 13 63483 1.0083000574214769
13 21 4 7 55701 1.0647977355010878
27 12 6 23 69419 1.087207808810503
22 5 19 20 32795 1.0758790138218248
13 2 6 5 33734 0.9035471331520556
7 3 13 11 43200 0.9541271562816671
28 0 4 2 55491 0.9823271659995881
25 2 15 6 33240 0.9228105143585671
0 13 11 16 43587 1.0080734062999976
12 23 19 17 30108 0.9278931622777336
5 8 17 12 41113 1.0781849589180579
2 2 26 3 46976 0.9141789774951679
18 21 0 18 44088 0.9313256696840879
22 26 5 13 73384 0.9401687501358404
3 29 21 2 94515 1.06555207406571
2 27 24 13 78055 1.0317276501159796
13 21 6 2 62643 1.0353888267432338
17 2 27 11 46667 1.0309119505042905
12 8 2 26 64000 0.9478640213636584
0 3 12 11 50784 1.0522741996012608
28 4 12 15 64874 0.9078956685867502
29 7 10 2 56697 0.9250158402648513
4 0 4 15 41416 0.9732940258031468
25 16 8 18 51462 0.9717099856769649
22 6 4 11 56610 1.0507857211690292
28 10 11 5 62835 0.9518089564594491
5 8 14 24 55555 1.0043475975498042
16 2 26 8 34472 0.9907608719237995
5 10 27 23 82465 0.9325385038456818
14 19 25 8 44533 0.92877237954911
11 14 5 23 36698 0.9516552190915463
20 6 0 14 78837 1.0971107233960693
13 3 11 28 70171 0.9273048780160902
12 22 9 3 52676 0.9892162257403236
27 8 21 3 22274 1.0992449330412832
10 29 21 16 55617 1.0779588405991567
7 29 16 28 33033 0.9842019632448994
27 7 0 29 100113 0.9561769163870438
19 19 18 1 56505 1.0534298755419453
4 24 24 15 56615 0.9320457815711699
1 0 17 27 91512 0.9095006619221923
12 19 6 13 45421 0.9180751388525402
16 18 5 22 45164 1.0575976947286423
27 3 11 6 47135 0.9447905828367329
26 28 10 21 60292 1.0412951119694172
8 21 15 11 39540 1.0645661349033424
17 19 28 4 56754 0.9750934448530816
25 14 3 14 73393 1.0557870036678636
12 12 18 8 32068 1.030614871320521
25 9 18 21 44354 1.0372832023905987
7 8 1 25 61664 0.9217227233803493
22 26 6 2 81130 1.0346018848790077
14 11 0 1 57454 1.0082928928818742
23 10 12 1 45742 1.0791452780963866
20 11 4 1 69707 1.0588687357358995
8 25 14 6 58101 0.9978193537021864
6 12 19 29 73903 1.033049149329027
1 21 18 18 44696 0.9503551609897279
27 24 15 17 41492 1.0965266191169145
19 15 20 2 41233 0.9754857429544732
11 2 14 19 57749 0.9944498007325967
6 22 16 5 76291 0.9823198658278492
24 23 15 4 55321 1.0673780939082906
15 26 2 12 62426 1.0982567012925182
17 19 26 28 46941 1.0944852367554008
9 14 3 10 35433 1.0503978339473439
28 21 25 4 45590 0.9838935786612968
25 6 2 11 71301 0.9797648676169528
17 14 27 3 48207 1.070850948360958
22 10 18 16 24615 1.0415533898278402
8 26 6 3 55335 1.0458482437585908
16 5 28 15 54907 1.0903896044557402
29 17 17 5 52848 0.9530995370200619
1 8 24 5 65629 1.073697922288907
18 24 28 3 61613 0.926599726494472
3 4 22 26 82101 1.0642266981576782
27 18 2 17 64878 0.9162056282587879
3 1 29 3 58877 0.9857869700484523
25 22 23 13 25061 1.0131186417348432
1 14 19 5 79185 0.9572006472015969
27 19 18 15 33087 1.048930775074134
9 15 16 19 28824 0.9819418970837572
4 19 19 23 39062 0.9279318465430488
22 26 2 18 55360 1.0694278623286166
3 6 29 27 108487 0.9038204015124024
6 13 4 25 49767 1.0030402814692463
5 3 18 26 76339 1.0395723654476088
28 12 2 9 80399 1.0282266651246124
19 13 7 9 57549 0.921333235898734
11 19 23 2 58573 0.9800587462046927
29 12 13 28 83119 0.9605015681183665
11 8 19 23 57895 1.0511386866833057
15 15 0 9 58785 1.0709448654121982
6 4 28 10 67672 0.9619555195854773
7 12 13 16 33428 0.9581491186739233
16 16 10 24 37411 0.9575807946544306
18 7 9 6 29900 0.997878121571383
29 20 21 14 29343 1.0723281133312679
12 4 3 8 34832 0.9249774477198611
4 28 19 19 54438 1.0810820784552286
7 22 17 9 58414 0.9412383562167634
10 2 23 21 59224 0.9922369272898897
2 17 16 1 69410 1.085628997176963
10 11 10 21 31204 0.9061232979154452
13 25 18 7 60610 0.9333727946811263
27 12 3 2 75049 1.0730264963542493
6 27 8 4 64776 0.9465974247989272
13 1 19 7 40781 1.0850209153702006
13 4 22 14 45057 0.907429377102878
9 8 17 0 32436 0.9685669209460828
27 23 10 10 68172 0.9789739855186446
8 9 8 21 36519 0.9196624614079892
7 18 9 29 32258 0.9644379791895747
0 8 5 1 36647 1.0563793020153787
5 1 11 27 78218 0.966613459541249
5 20 21 12 50590 1.0243679790731253
2 17 24 26 62190 1.0056343446926332
1 13 16 9 63626 1.0967284899014937
4 14 13 24 46286 0.9383956333383411
25 25 4 14 65227 0.9503105181233725
10 29 17 25 27363 0.9734170671021423
8 9 29 18 75861 0.9491459917392593
0 7 29 7 79500 1.0873847034424438
20 1 9 22 74641 1.041447248936447
1 3 27 20 76997 1.0678983895313736
14 18 6 3 50292 1.065323072503126
16 22 12 4 66935 1.0385302227776876
6 5 7 24 66500 1.034873019829824
6 21 12 11 48256 1.0109254766340514
6 7 22 5 52421 0.9508694182260999
6 4 12 23 56288 1.0010890647409756
24 7 16 5 35331 1.067244439069941
10 23 14 5 56485 1.0814120902142927
19 3 1 19 74568 1.0453949719386857
20 27 15 18 41274 1.0978757451529082
29 8 5 3 56440 0.9154880961595205
0 4 21 25 89623 0.9483312158233421
4 11 21 8 50801 0.9912440195053086
4 28 7 7 67648 1.022409728052803
7 17 22 0 64925 1.0418489754256761
27 28 0 8 107123 1.0489699395951175
4 7 10 27 58823 1.0702251866857293
12 17 17 4 46382 0.9852353424559016
6 20 16 24 34991 1.0982650475493136
0 25 27 12 91762 0.960413860579165
0 14 1 3 46013 1.0698642981172637
18 9 19 23 48832 1.0553322538119976
19 25 27 2 62018 1.0887718088338958
24 1 7 3 38855 1.0214244735631663
23 7 13 4 33215 1.0252353219624055
17 20 23 15 19788 0.9357875290161547
4 9 24 26 79952 0.9114491931872427
1 24 18 18 55338 1.0811360068220432
19 22 10 27 41470 0.901047900544325
1 8 3 28 67943 0.9333413563944601
26 3 15 17 49801 1.0300617001453383
11 3 19 6 26313 1.0639366103546444
28 0 22 26 59877 0.9331873274556266
7 15 14 5 43035 0.9663320584303179
19 12 1 27 81535 0.9772155952012394
18 20 2 2 66961 1.0735257967964502
7 5 29 17 83083 0.9530230513776491
16 20 29 14 42989 0.9263306480986568
28 29 11 18 63692 0.9686591439853504
12 4 24 19 58926 1.0256196248128397
10 0 23 13 53127 0.9455854917712625
14 3 10 19 46198 1.0086483717127488
17 20 8 1 59686 1.091771631800711
17 17 7 6 50442 1.0343589096134091
25 25 25 1 58522 1.0447598903651536
22 10 3 16 66075 1.0942345390209383
9 4 19 6 31930 0.9960352190356492
2 0 1 19 59132 0.929768103463039
13 23 3 13 51131 0.9496421584397802
21 7 1 1 61983 0.9469537331635565
13 2 15 17 48444 1.0317168681801778
4 26 16 11 68602 0.9627493224180843
6 20 1 13 34971 0.9021657354904732
26 4 13 22 65711 0.9205778205509441
14 4 11 23 58238 0.9680295506094339
9 9 18 19 43920 0.9846102538403383
1 29 19 24 61635 0.9094395569283875
25 29 19 23 26747 1.0395593200143947
5 5 12 27 79627 1.0860611330553598
18 2 19 24 62291 1.0515945297991813
19 18 3 17 46160 1.083682458755103
29 24 12 6 79729 0.9847876466537085
16 3 11 8 26205 1.0203269133443937
17 19 5 7 61089 1.0369490935746528
19 21 25 8 36395 0.9266868303001019
28 14 26 27 50981 0.9746010721284388
21 27 12 29 34307 0.9501620302788357
8 20 12 10 40855 1.0650597180693135
23 11 22 24 24374 0.9067309874407055
26 0 21 21 49160 0.9534485934411864
5 15 26 1 83480 0.9377273629427525
29 14 23 9 31494 0.9676149046120208
16 6 4 13 51714 1.0506841164385858
2 23 24 9 72882 1.0297051222513183
4 15 15 22 38928 1.0395524195956312
17 1 5 8 40389 1.0361899834289274
14 29 23 23 34304 1.0093065740726175
21 4 3 10 63528 1.0294450751904156
11 25 13 8 50625 1.0589171911014823
24 21 5 5 80910 1.0850960842613278
27 28 25 10 58904 0.9267463283639394
4 2 17 19 63665 0.9045628724023822
3 18 16 15 43846 0.9775827927584979
15 29 4 27 35626 1.0032739654428056
8 15 15 11 31191 1.0565437026262878
4 1 24 10 59550 0.9860632664543644
24 1 28 11 41772 0.9115416857578993
1 8 19 3 49146 0.9519157209898623
2 6 0 15 31286 0.90831589406904
14 23 28 12 56376 0.9316727817550753
25 25 11 29 43416 0.9735879590174525
10 28 11 3 60308 1.048084937810579
22 5 1 25 82531 0.9979598782105097
8 14 6 24 38738 1.0563987347977861
29 0 20 7 40707 1.0596621818992926
19 16 4 0 74012 0.9973691412386356
12 24 25 10 63332 0.9250941074369405
15 26 0 8 76436 1.0803059583539951
6 10 11 29 61074 1.0103437255817478
2 15 5 25 35641 1.036008420275121
0 2 1 23 68588 0.9682938575944726
18 25 14 14 39683 1.03694545128737
18 29 15 21 28370 1.0227439123957733
22 27 1 2 88431 1.0230203135590301
3 20 1 1 62998 1.0799351358607447
1 13 16 0 70548 0.9582491056643495
2 19 2 9 28190 1.0762487780480934
15 15 19 6 36413 1.0640318965295534
14 10 20 24 57535 0.9744553539838394
17 0 10 3 20590 1.0112343443374856
27 2 10 7 51940 1.0658838933745913
3 23 18 29 49126 1.0269194181997539
5 17 13 26 43087 1.059794782512323
13 10 7 16 44813 0.9104525849504614
18 19 0 23 47266 1.062442264469158
15 5 23 24 54255 1.0533485104619864
5 12 28 24 81965 1.0358063786761682
8 23 13 15 31009 1.0603426168794425
9 15 15 9 31303 0.9628376414933626
25 19 11 8 54537 0.9220451015207461
26 0 20 22 58806 1.0796656458539344
9 11 20 11 53750 0.9042303473830334
28 1 3 23 92170 0.991271088413273
25 12 1 24 79058 1.0109228317273546
29 19 0 6 99077 0.9991094258438736
6 3 3 16 45109 1.0528004074754977
5 4 14 21 60200 1.0325084848695445
8 14 20 1 65586 1.0175987665932789
22 12 15 20 27542 0.9289994494257652
20 26 24 3 52415 1.0538965601182735
11 25 29 24 56950 1.0460177177183945
1 5 28 12 86559 0.9015332108696459
17 3 28 23 57413 0.9310641191426636
1 7 23 23 82869 1.053191417885163
10 1 26 11 69825 0.985373118571105
15 6 8 12 33574 0.9651194519193174
12 9 2 4 38508 1.0339991570694744
0 9 29 3 75200 1.0357324643520598
3 4 12 21 60857 1.0214671746233508
17 6 27 9 32259 1.0455345485205139
29 15 4 6 80616 0.9573769922792303
16 20 14 0 60160 1.0728061133519005
14 13 7 25 50396 0.9141517624166127
2 26 25 2 95939 0.94309451345447
28 16 20 11 40682 0.9548864619242714
16 10 6 7 41557 1.0654981263230974
20 6 14 12 37636 1.0676057620988955
19 3 22 26 49271 1.0292284381941146
25 24 6 2 84825 0.9226343595678365
14 12 27 17 47560 1.00896720172047
24 22 16 1 61083 0.9043370872430987
8 6 12 14 36316 1.0377262022891705
26 29 20 1 72522 1.0428483794933516
5 13 25 21 71002 0.9250949020677541
2 10 7 16 36161 1.029692218019957
22 26 26 12 39518 1.0367560288544428
12 12 4 15 33176 1.0304820105617518
8 2 24 2 37344 1.0307471209422026
29 16 10 25 63331 0.9524245024982243
11 25 28 3 80108 0.9161219654282262
16 13 12 26 54609 1.0999438942643387
13 16 13 6 44673 1.050023335143016
27 22 16 3 58795 0.9356787636411386
0 14 18 26 70279 0.9757247517758212
5 1 29 0 67740 0.9696224722643731
7 28 12 2 76267 1.0641918422798102
12 8 28 16 54848 1.0627230743586031
26 1 14 25 82042 0.9496002381397879
13 18 5 0 62670 0.9354632240931524
13 15 0 25 57690 0.9562315370891493
24 16 23 4 25366 0.9480000605602328
6 10 26 17 74939 0.9883152858996452
23 22 2 26 60067 1.0028299984706588
27 28 20 25 32079 0.9016979590459958
8 4 14 10 31923 1.0702994818981275
26 12 0 13 90645 1.0084603093599849
29 4 27 23 60035 0.93535057304897
28 20 20 7 42362 1.0153058423987682
21 28 22 9 43450 0.973854620158638
9 2 11 24 53014 1.0454307110945744
8 12 25 2 59003 1.0302183725097722
24 6 16 19 45503 0.9501384379886058
12 26 2 6 72117 0.9711838103995969
29 27 4 27 82995 0.9744127146910836
10 6 10 17 29261 1.0022766961158778
12 17 24 21 35432 1.0928227634309966
15 2 27 15 51798 0.9696210777220862
17 8 14 22 43320 0.9510827292084684
10 13 29 9 68751 1.0450103839670417
2 7 29 4 67594 0.9628506957251897
16 9 24 12 35560 0.9063655366963158
1 27 1 2 81504 1.0231303331874766
19 14 0 0 83160 1.0771237119379726
2 11 2 23 34068 0.9912687808438939
21 6 5 3 41186 1.029293866701876
29 17 9 13 59904 0.9717727807927501
19 1 18 20 56162 1.0325103620907057
6 9 21 21 70114 0.9156582150490148
24 2 13 10 47724 0.9026277300831587
15 5 5 2 29888 0.9055967622662073
14 18 2 7 56927 1.0121519644944015
28 3 1 23 89800 1.0034963489318334
27 8 14 6 37420 1.0705808182965502
0 15 13 25 53675 1.0119463170738356
26 13 15 0 61006 0.9082316753456049
0 16 23 18 60115 1.0140219294521644
29 20 13 25 44975 1.0659443388957284
6 2 26 29 93210 1.009826433729641
16 8 28 21 48601 1.0864486949804641
20 22 29 8 49688 0.9365167781422762
7 13 19 29 72338 1.0931394723037962
18 15 5 6 57903 0.9973887216492677
24 7 11 19 53056 1.0945703355033292
20 26 22 14 30408 0.9876576864012531
25 6 1 7 68717 0.9447854747798942
8 23 26 21 44832 1.0808651406905432
7 8 21 28 79055 0.9999224247023757
22 24 17 8 42008 1.0462336557976302
4 29 25 13 82903 0.9158176774073008
29 2 14 1 42215 1.0972483853059019
1 16 1 29 46634 1.0324501574590523
15 1 4 15 54820 1.0264130757417953
28 12 24 6 31937 0.9884342119260405
5 16 24 10 69868 1.0183885869938059
5 7 0 0 33577 1.0978083771260485
1 12 12 0 56627 0.9239447934055293
22 4 5 29 81620 1.0940941786211504
19 21 14 16 26300 0.9101865219593414
15 0 24 4 28846 1.0514656967415243
21 10 4 3 52152 0.9443816649053249
29 20 28 3 49582 0.9434078997728055
4 4 29 16 80450 0.9912568409183925
29 29 6 27 71968 0.9139961758597422
29 13 19 5 58471 0.9303073065773951
25 2 12 19 65398 0.9226836736229005
13 12 5 17 37479 1.0105604517215367
14 2 20 19 57453 1.0537783190988703
13 1 20 7 46164 1.0063467028116264
7 21 24 18 43324 1.0368497513127983
16 15 1 18 49791 0.9703269460014236
21 20 14 11 40579 0.9090246994644813
19 2 12 18 64506 0.9559058310905634
26 28 10 23 59410 0.9801340802879129
9 11 19 8 30508 0.9838722242310591
23 6 19 0 19650 1.077774584623427
23 18 4 4 63828 0.992657878069124
19 1 1 27 104588 1.0452020140923945
6 24 19 15 52767 0.9014760190411889
29 19 27 7 47743 0.9357069554922346
26 15 22 7 24730 0.9639494020209824
16 17 2 12 50369 1.0392530109435008
2 14 18 16 52012 0.9683585008219354
4 11 7 3 27747 0.9801942009193624
4 6 11 3 19935 0.9039520777259666
3 28 19 3 93500 1.0030193834095416
22 3 26 25 47236 1.0097784685901428
23 13 2 15 62060 1.049925718511926
14 5 29 4 41644 1.0293197507085576
23 18 16 27 37682 1.0108262290345997
20 13 4 13 64572 0.9697768215775044
27 17 14 9 51113 0.9816280540166777
8 1 3 11 45401 1.0602215421179497
6 13 20 15 55389 1.0812505464426017
6 4 23 11 53184 0.9172512477912216
29 28 23 10 54203 0.9105966650419131
3 5 22 3 45070 1.0360269073457065
9 4 10 29 53335 0.9092036251203617
20 14 1 4 79226 1.048097993827918
7 25 29 10 85318 1.0805214347914458
8 23 28 13 61643 0.9815904292545465
12 7 6 15 36023 0.9037578690549946
15 23 26 19 35939 1.0601699450105917
28 0 5 4 58795 0.9980382441103641
13 9 23 27 61573 1.0723056123373937
25 10 9 14 59985 1.0658349785059966
13 0 16 21 65723 1.0056277628121215
29 7 1 7 78000 1.008950031578698
13 8 29 8 37457 0.9550480515866664
26 15 15 13 35285 0.9536228275343533
11 5 17 14 47325 0.9158170452304192
26 23 3 20 49730 0.9784036165530914
14 10 1 21 61739 1.0862172433976616
27 20 19 4 47560 0.9399253748060404
25 7 13 6 43246 1.0916090650503492
6 5 16 18 67469 1.0227830566237397
11 4 1 24 71106 1.0920602253691767
15 7 6 17 43487 1.0257990368729921
18 2 28 17 51687 0.9545057151958591
4 0 5 28 86375 0.9555610739594304
22 6 6 24 69769 1.0382914616109424
13 19 22 18 26232 0.9329383338485013
7 13 29 10 82657 1.081054865952473
20 9 8 6 42237 1.0203562172121812
4 19 16 7 59469 1.0911679633198543
10 21 23 4 55277 1.0769220889556952
22 4 28 0 21438 0.9253462228345423
15 12 8 0 44383 0.9693509919408962
0 19 18 5 78863 0.9265921323377851
17 9 25 19 42401 1.0310547276461173
2 0 16 16 69872 0.9464648394475379
12 6 23 7 38074 1.0421596550710592
26 23 8 3 69660 0.9698542281401434
8 3 3 19 52401 0.9706408985841795
20 25 14 13 49342 1.0566858178461194
28 12 17 23 50591 0.9772518402919211
4 13 26 11 84887 1.0734478774394278
29 17 9 5 70782 0.9973042750614373
10 29 20 11 73173 0.9092079107218302
16 2 14 29 81204 0.9359117347894474
12 26 10 13 44431 1.0720032813887617
10 18 29 19 46852 1.095147722934074
6 20 15 10 42420 1.0331379809504246
1 17 7 21 27572 1.0666771845386784
0 24 18 12 68537 1.0316754572662596
22 10 8 22 51568 1.0447157868589791
29 4 24 18 48349 1.0261118187372018
28 8 8 24 69569 1.064429232323646
22 6 23 29 41613 1.060856085230021
16 16 29 26 55741 1.0118580590616717
0 15 7 25 47079 0.986544680458908
10 8 29 19 66481 0.9771065905509427
20 26 5 4 89675 0.9846115342964041
29 15 0 13 87961 1.0059277845863583
14 11 10 25 52183 1.018294231733381
8 9 24 13 54804 1.005878615810186
9 4 7 14 34662 1.0506845475944222
15 29 25 10 63557 0.9461803115702211
23 5 0 23 78385 1.0058707514243888
27 5 2 25 95795 1.0230889296420957
7 21 25 18 49419 0.9703863366312532
20 11 8 28 75345 1.0545415650024308
8 17 9 28 24309 0.9615118454638194
17 16 1 16 49623 1.0766171067174855
6 18 10 24 31425 0.9321008443068062
26 29 17 23 34483 0.9613013083011118
4 5 23 18 66454 1.0844583238149428
12 15 5 11 40951 1.019021157265444
19 0 29 10 47906 0.9701788254116659
24 6 12 2 35840 0.9129494032949133
22 25 3 9 82157 0.9107374242212528
17 22 25 18 32269 1.0458502530223395
29 4 28 22 60886 0.9100801243874616
10 7 28 6 53556 0.9866367764547408
6 24 0 1 80000 1.0742234692152217
26 26 23 14 32334 0.9659832154194178
13 5 23 11 43404 1.0017535322746751
6 3 2 20 53728 1.01946380396595
7 29 28 18 63925 1.0056638422205935
22 13 0 14 68723 0.9065283280370541
26 21 0 14 73218 0.9710505656882096
5 16 21 27 68001 0.9106265502803824
8 6 24 16 58843 1.0753489520527522
21 26 28 4 59213 0.9440496416133809
27 10 24 22 45660 0.9938331429599416
29 5 19 21 58473 0.9172025699502115
28 15 9 23 53029 1.0991834881837168
23 15 11 13 43608 0.9421704372769689
0 23 4 2 67989 0.912720993036352
11 20 0 15 36321 1.046870730722997
25 8 2 16 74829 1.0660129364970543
13 17 6 2 52264 1.0648238925792959
21 23 11 20 28652 0.9321287991834418
22 12 27 19 27820 1.0128362865605645
23 17 0 21 51189 1.0047318290618337
2 24 17 0 82918 1.0712042214011146
25 7 24 26 45078 0.9441711580788281
23 4 5 16 72656 1.0446839046595164
21 8 8 21 52795 0.9840592831372146
29 23 10 3 73347 1.031829597261384
11 20 23 11 37124 1.0828826306398989
15 9 22 1 33766 0.9866449805337918
19 23 1 20 42785 1.0682890328635186
2 16 11 22 38535 0.9241649795428531
6 8 23 3 44132 1.0122856604999655
25 27 12 11 76951 0.9580933200754701
20 2 4 26 89788 0.9922431837456096
12 12 10 21 35581 0.9095205714877157
3 28 20 20 59147 1.025981881496798
16 10 0 17 63448 0.9827628410194029
25 2 15 22 58903 1.0386756948902762
6 25 0 12 55851 0.9089135321426707
4 16 13 12 40258 1.0587198158042412
28 2 19 4 26144 0.9262591946098894
19 4 1 20 74898 1.0299405161368194
0 22 28 16 72191 1.022663784799128
0 1 20 1 59271 0.9873571422939961
1 1 9 27 72070 1.0163118303019387
7 11 7 26 54118 1.0621598284168137
25 16 5 25 64688 0.9591150162033324
15 13 22 4 38785 0.9098145097111121
6 5 23 17 71761 0.9375366986026329
8 27 7 6 54332 0.9666135836634595
20 23 14 7 55679 1.0827240767163056
5 8 7 17 33417 1.002249194180524
26 10 26 22 51520 0.9460647805564617
17 14 29 21 40717 0.9338181723420339
0 6 13 26 82960 0.9619664309650409
16 9 9 24 55246 1.0957353568464434
4 15 5 25 31581 1.0762055254858722
24 4 19 20 38033 1.0645549796338063
25 12 5 29 76971 1.012772286051634
19 18 0 21 49250 0.9392551619373932
0 14 8 16 30301 0.9366070279971026
28 23 20 4 53184 1.044512551449902
27 19 29 4 56548 0.9051562490001538
4 11 0 19 34737 0.9474657633660843
23 15 13 8 35307 0.97680033367467
8 6 25 27 81695 0.9577722977804779
23 23 28 28 27770 0.9821317576146367
26 27 5 0 99183 0.9591569839828276
14 7 19 29 69761 0.9092644718333595
16 0 10 26 72568 1.0143078798902572
0 10 23 23 83505 1.0261674522235502
10 3 7 22 52601 0.9682673898718138
6 11 26 7 77115 0.9879559791708785
6 26 8 5 60716 0.9768977974259279
23 20 3 10 68603 0.9442520301515019
14 16 6 10 44999 1.0725913002514087
21 6 12 19 53506 0.9091955541983456
4 6 4 18 34420 1.0770066484463654
23 20 9 7 54326 0.9823818164267137
26 29 22 1 59562 0.9411728315105226
26 21 11 11 69352 1.029120235453693
13 22 1 12 60731 0.9696100626988544
5 24 19 9 76658 0.9462406057658039
24 9 6 13 69414 0.9656349829865508
23 18 22 2 30017 1.0104383246583477
16 9 15 28 59746 1.0269933800171704
17 3 6 27 77627 1.0682391074618265
17 26 29 22 41465 1.0701246768834454
10 0 17 28 79587 0.9195811726279159
9 12 2 18 30994 0.9813694181755988
27 16 17 11 41810 1.0585405546919389
10 16 27 29 66123 0.994730406884204
0 27 28 3 108152 0.976818274503933
13 2 22 5 28354 1.0458857547369307
15 22 10 14 34608 0.9552844234044943
5 23 13 7 56386 0.9254496510686855
24 14 1 14 73084 1.0370784114410951
17 5 15 27 61695 1.0568338748660395
14 20 27 29 44024 1.07460668442027
28 10 12 22 68691 1.000602103993125
11 11 1 26 67504 0.9284864119813764
11 26 3 7 64724 1.029542908246603
5 3 23 10 46231 1.0431487624496754
18 3 2 23 74134 1.07836740954012
11 15 18 8 38180 0.9480927083411261
24 4 25 14 34853 1.026665514138053
15 25 11 11 55921 0.9889916971869208
10 5 13 19 49760 0.9916067274257793
9 23 0 5 65046 1.0269798547274824
16 29 2 10 75998 0.91882870018809
21 20 29 6 45285 0.9539278810101449
19 25 13 2 74695 0.9012754831627176
14 5 29 11 60929 1.008656978081143
16 11 10 23 50088 1.0691449613965758
19 5 15 23 60574 0.9088700290439099
24 7 4 20 60977 1.0537565576284658
18 23 21 13 37651 0.9529624695706693
25 1 26 13 52721 0.992497502197175
24 22 20 5 48975 1.0320468464110042
2 13 19 13 63834 0.9920547081705758
1 17 19 5 76111 1.0906816379476618
2 3 22 12 54138 0.9704161595190914
14 26 17 7 57096 1.0039370312220293
21 17 7 2 62935 1.0663947204446251
5 10 15 3 43984 0.9344032802438988
17 1 8 24 67928 0.9220269358400552
7 6 17 16 50318 1.0435568356549774
11 18 28 12 61427 1.038729768214954
11 15 10 25 29448 1.0932147784604174
9 19 2 7 44595 1.050884935751085
19 17 5 25 48215 1.0619445318637775
29 10 26 2 39153 1.0482740821536045
11 12 21 2 56742 0.9505346953530709
19 22 0 17 55202 1.0362876604581304
29 1 15 26 82507 0.9547358359630389
4 24 28 26 69830 1.000305921235668
18 1 24 14 44550 1.0669206210686895
7 5 26 28 103121 1.0899457027901425
11 28 19 14 65294 0.9584793026787982
4 17 29 11 82853 1.0614924704381805
19 3 25 18 44197 0.9812081250087695
14 16 1 6 60716 1.027680236492286
25 22 6 29 65158 0.9858190829647545
29 10 23 22 45782 1.0736080929162268
11 28 13 11 68715 1.0487439736859243
15 5 25 21 55212 1.0748488914407432
25 21 7 1 79433 1.024918526295882
28 4 10 18 73814 1.0242022053945565
22 24 19 11 41933 1.0323913110514544
5 3 10 19 43696 0.9310358959619536
14 8 28 7 36134 0.9110843716270399
16 16 24 3 48333 0.9070088456095363
1 16 6 29 52203 0.9599238638500824
4 20 14 15 35488 0.9930341830316887
24 27 28 9 51818 0.9145375269400458
26 18 19 3 48787 0.9548882344065822
1 29 27 18 81295 0.9187481188298063
1 10 3 18 33565 1.099537816574846
8 3 12 21 48426 0.9415223098090553
20 28 25 8 55058 1.0828732910694374
21 0 18 27 69051 0.9490253195769528
27 29 16 15 53395 1.0108973421079595
21 24 17 3 56655 0.9750404168690976
13 28 12 19 45370 1.0980868517818727
22 25 6 4 78788 0.9786129389620479
13 4 23 6 31216 0.9081093444205591
26 17 17 0 52319 1.0680723280811506
29 29 21 20 37073 0.9223307228746739
23 15 13 12 38271 1.072435981486052
29 14 6 26 78714 1.0015005860162054
17 15 13 27 43545 0.9735923654568909
13 15 20 10 40475 0.9891869153266044
3 20 14 28 44557 1.0442541128452085
6 28 4 20 38036 0.9946182370838208
1 10 23 9 64611 0.9570514268117226
7 20 7 9 41224 0.9806132381306797
10 29 28 14 70487 0.9999756378152955
7 2 24 20 67367 1.0575483201230471
0 20 5 14 30681 1.00318512503046
22 19 17 7 33699 0.9108720517695829
28 8 29 19 40543 0.9722003906943589
29 14 1 25 86884 1.012269972152676
14 13 10 26 49049 1.067147065761636
29 13 1 7 94553 1.0179090012430758
10 18 20 17 28868 1.0955749559435495
13 17 0 27 60725 1.0690271465182268
8 18 13 4 47535 0.909013395429233
5 13 13 22 57743 0.9866670050715042
25 2 0 10 76595 1.015049390025672
21 2 5 22 83549 1.0039059055317157
12 2 26 7 50196 1.0359158795440635
15 9 26 16 49808 0.9315483831571527
10 2 14 12 42751 0.9167925650378512
22 2 24 18 35370 1.0119027301278285
8 5 7 21 46116 1.0761845241849364
0 14 7 0 62667 1.0673728125753257
9 19 24 20 30365 0.9364119482152868
20 0 14 22 64303 1.0052677337580547
13 21 8 8 41801 0.9633422823416674
21 11 5 28 83665 0.9078027523015614
27 18 28 3 50683 1.0400188181890706
26 16 17 26 47777 1.0557521804507064
28 0 9 11 60853 0.9056615211712483
1 27 4 5 72439 1.0628336198988801
6 28 25 5 96764 0.9758183172895758
21 18 7 4 67423 1.0196584181614883
16 1 5 17 61298 1.0294422968926513
17 20 27 4 52183 1.0426671048059628
18 3 27 18 50599 0.9084888999965913
4 18 8 6 42004 1.076401981387382
15 0 21 28 77729 0.9374852252777283
1 29 16 20 50973 0.931939653026193
3 11 3 0 40979 0.9964413870935314
18 19 5 25 42859 0.9041816596063983
5 28 23 29 55892 1.065491112538282
7 7 21 16 62236 1.0424306698586558
1 6 13 9 45179 1.0539659828184094
29 25 27 16 35195 0.9949438673341087
24 27 20 6 50262 1.0824869398842472
15 20 5 28 46975 1.0009913914967734
2 22 19 21 42512 1.0235370170255587
15 20 1 18 35854 0.9182626819978331
1 29 12 2 85102 1.0906635092383314
1 6 3 28 75926 0.9348689544045465
23 21 1 13 67987 0.9826116065034658
27 21 12 26 54960 0.9722919290011864
19 0 27 28 74769 1.031790259109794
25 1 29 14 58952 0.9060352943192956
15 7 23 4 28676 0.9125995976865731
15 15 25 29 49293 1.05811121040449
6 24 26 25 60673 1.0027146189808667
17 0 3 26 87381 1.0867422541356995
4 14 11 17 26944 1.006460200820788
27 0 17 5 32146 1.0864985099115858
26 22 12 13 67409 1.0708599718176615
19 3 17 12 28313 0.9343168668359235
14 2 17 25 67619 1.0555703935203675
2 14 9 2 45922 1.0783403244790692
19 29 0 22 62912 1.0223555257282184
24 14 9 7 53307 0.9334641063666941
27 23 15 19 32050 1.0769733010039877
20 23 27 20 19483 0.9645636405147371
3 5 27 4 59682 1.087780828393268
10 23 27 20 40606 0.9588954399577847
13 15 22 22 36195 1.069414704495849
20 26 6 4 86794 1.069243912645033
5 25 19 10 73863 1.0988814916256715
5 4 14 24 67122 0.9466877942443748
0 3 2 21 56258 1.0459896670919546
23 25 22 7 32133 1.0735060210499328
26 3 6 13 73058 0.9088885667090215
25 15 6 4 65502 1.0729783899267378
27 18 11 9 65269 0.992838768108385
15 23 14 8 42041 1.0090836144054134
27 4 16 24 71314 0.9371377205173754
24 17 7 5 70224 1.037992014690261
5 15 17 14 36354 1.027350157463811
28 25 13 29 48110 1.071732581780533
7 21 22 18 36315 0.9838184306079129
29 6 19 24 61138 1.0192683097034476
22 29 6 12 74087 0.9263985126527997
15 9 24 11 34435 1.0030090288332378
14 17 24 23 33554 0.9875578503133418
22 18 27 26 30195 0.9499234550040181
9 23 24 19 36632 0.907529062831738
5 9 13 28 77442 1.0979400416538705
25 13 24 29 44584 1.0101791394675268
0 22 5 11 48381 1.0964726241989768
9 27 23 9 56502 1.0688311031361817
24 0 26 16 45313 1.072403548996435
5 29 14 9 70149 0.9868202669591682
11 13 15 2 46198 0.966580760130235
29 5 5 21 87064 0.9067794936081466
6 14 14 6 50410 1.0053746394903682
5 21 29 27 74927 0.9887952591428995
0 17 13 5 67831 1.0098316069536086
8 4 27 9 54899 0.9002144335862707
24 0 10 12 57090 0.9658804755588272
28 19 6 17 52765 0.9041069365942025
13 13 3 15 42750 0.9796195151650373
21 23 2 29 59274 0.9684110144210343
12 3 27 9 43937 0.9416648090628058
3 0 18 18 74605 1.0870358602393144
24 3 25 23 41737 1.025271875640195
28 27 4 13 83654 0.9790367505816239
18 22 5 4 70876 0.9606310358010632
23 13 23 3 18171 0.9009499329412086
29 6 20 16 48887 1.057224198934533
4 20 13 8 44831 0.9147617107652876
26 17 11 3 55980 0.9650014121610189
28 14 10 27 68147 1.0836477058790686
9 18 19 1 61210 0.9714355261715079
22 27 21 16 26071 0.9541736707021794
28 16 10 7 63974 1.034528598559409
6 17 22 2 62855 1.0263958958960773
19 20 13 24 26893 0.9082413711960436
17 2 20 18 50655 1.0043352254467648
18 12 28 15 39248 1.0556550203960953
21 11 7 6 55673 0.962991724509006
17 15 18 2 37181 1.0509284895817876
29 6 9 15 69120 1.0716212695435428
11 0 10 25 58777 0.9928921332303443
7 5 12 11 43600 0.9938985484559021
13 13 9 20 37398 1.0888392233950677
10 10 7 26 46944 1.0444248722209752
5 8 16 4 36602 1.05407169178638
1 16 7 7 47750 1.0276035036149036
12 19 2 15 38727 0.9369762319687036
15 24 12 7 55665 0.9111832086083803
5 21 27 11 76942 0.9688374262401348
22 14 3 16 58644 1.0645502397186832
8 21 10 8 33061 1.0536344289677748
28 20 17 20 20694 0.9714889001994309
10 19 18 28 42391 1.0510761780197928
6 23 9 12 29536 1.0409766947613928
13 12 13 1 50713 1.0378972951774075
29 5 26 20 51168 1.0155067691148343
28 0 19 16 55873 0.979569051169084
15 6 9 15 34376 1.0874706656054083
6 19 16 16 39851 0.9998846354367621
25 19 8 12 57673 1.0323689902154565
6 25 11 19 28050 1.0563537560699348
26 17 10 26 53227 1.0693675912237306
6 20 26 22 49872 0.9059536651920813
16 2 4 25 75899 1.0830840731062426
0 28 20 12 92135 1.0102143008586242
15 4 5 1 33661 1.0633788030511837
16 8 7 2 36650 0.9857987205113263
19 19 26 25 28747 1.019752975858645
16 1 15 21 60724 0.9881402495487628
13 16 27 7 58166 0.9206962373619014
24 2 20 11 37720 0.9850506054819863
14 24 28 17 46008 1.0119784785915074
6 18 20 25 57571 0.9181098675594606
7 12 20 4 55514 1.0964599681338272
2 0 22 13 64319 0.987698887226592
24 28 10 24 50845 1.0769747572884245
1 4 10 8 31135 1.0574074527438484
8 2 13 28 75330 0.9407551255055384
2 25 27 27 80916 1.0829926770589478
12 24 21 22 33392 0.943238791628063
2 25 18 27 56452 0.9490368724698932
2 3 21 0 44795 0.9214025402079902
27 15 23 21 20461 0.9209395132674462
24 24 18 13 40519 1.0895159406956048
2 29 19 18 64149 1.0113608969158012
13 6 20 2 33071 1.0513605374321293
27 16 15 15 36338 1.0912007497572187
5 3 14 16 48207 1.0070840160211207
13 8 8 19 37057 0.9635617170591415
19 24 6 19 45490 1.022153315000721
21 27 1 12 83312 1.0372944285326262
1 11 5 28 67532 0.9056225129178609
13 2 26 7 49612 0.9353214873504769
28 27 19 24 37867 1.0626295673701915
22 5 21 20 29199 0.9847952554511259
14 0 9 21 56120 0.9025474270233259
19 8 4 27 78301 1.0917651724809974
22 17 15 9 35613 1.0476972673328155
3 12 12 24 52591 1.022210061229867
28 7 16 26 66590 0.9207349904543063
3 6 11 3 23507 1.0548697719948876
25 24 12 25 45040 0.9039152871378593
29 1 23 10 35093 1.0867740853763885
0 6 5 0 29969 1.0909116817452431
14 4 16 23 57513 1.0317762276768367
1 29 3 9 68941 0.9800050862557832
20 24 27 21 29976 0.912253889863751
9 24 24 7 58377 0.9709876053403079
22 7 18 21 34768 1.0822632793045763
14 9 22 4 30499 1.0307932360091756
11 10 24 14 57470 0.9153577215133649
5 19 22 0 76935 1.050484515381533
29 24 7 6 87331 1.0635756229978925
20 12 15 20 36047 0.9524950799144356
29 15 13 18 51009 1.0565504003421888
19 28 6 26 48961 1.0193061728173947
22 14 23 26 22008 1.0709575890116492
2 26 2 3 67914 1.0246025432394197
27 17 12 19 41838 0.9566976638838739
25 20 25 9 34293 1.0620938512970304
21 16 2 22 55957 0.9125749474689662
1 4 3 18 49819 0.9120976666163931
16 29 2 23 46239 0.921941612325951
1 3 13 24 70572 0.9691379249387069
8 28 19 11 69946 0.9425316183830484
14 13 2 22 54060 1.0817677017440057
5 15 9 2 37702 0.9461342564534959
18 9 4 0 50542 1.0369870909261167
4 3 23 7 42685 1.0906457468572555
29 28 5 8 100350 1.0159845153166491
11 23 6 9 51319 0.9216185103565523
5 1 18 4 41316 0.9259085149586831
26 3 2 4 47643 0.9813672471679102
12 20 21 15 30176 1.0341060966378564
19 24 21 14 36391 1.0130444650498631
19 3 4 22 69730 0.9578883073307889
6 0 17 10 46430 1.0577692730984358
26 11 4 5 77307 0.9936154643316385
0 1 10 27 76581 1.0664132742582944
14 24 13 6 58450 1.0665082207100447
13 18 21 10 46206 0.934823870326313
0 22 8 16 37947 0.9873694023015868
6 6 17 14 51433 1.0878078800886282
23 0 17 13 41794 1.0661630147804482
7 7 22 12 49397 1.0373284951469148
3 2 27 9 64124 1.0813960182093267
14 3 28 21 59403 0.90194891345689
11 23 0 22 30227 1.0971609769565962
1 27 18 22 58748 1.0099540583777682
9 16 26 1 73604 1.0824773855988363
20 24 17 0 67518 1.0202193860386461
26 22 5 28 80551 0.991594270287476
20 4 15 26 65743 0.9614508994898361
22 4 1 10 65449 0.9125686556153515
23 2 12 12 54417 0.9388156319663601
4 29 1 22 30114 0.928548610332205
17 10 29 1 50379 1.0538614539932598
5 2 15 25 73799 1.0643570291996172
1 15 3 5 38028 0.9565633752153618
18 29 15 7 64800 0.961631568044926
19 12 14 27 55388 0.9240583957509869
27 10 20 13 43946 1.0872511248330363
0 14 17 1 73142 1.0193391497958295
16 0 14 24 70792 1.0786531369352403
19 19 4 26 49335 0.9737655993375355
9 16 2 7 37302 0.9637984525936281
9 18 12 7 34269 1.080106827844016
29 14 23 2 44803 0.9069930293601278
0 18 28 5 92301 1.0446852868073353
27 9 1 29 97095 1.0261781710264732
22 21 3 12 61979 1.0239339806902323
12 26 23 10 59738 0.917478010926995
10 17 12 4 40171 1.0700301438938433
0 3 2 21 56258 0.9915169052107218
15 0 26 20 58399 0.9738933398552193
26 17 2 0 80051 0.9904299590231821
25 7 3 18 77834 0.9884158480213873
14 8 6 19 47766 0.991850603351862
9 0 29 14 75776 0.9053729354893907
12 7 6 12 35438 1.0343719407533787
1 11 11 5 52060 1.0766669356092804
3 25 26 28 79582 1.034758180414278
12 14 18 29 57027 0.9991279367543211
29 15 19 19 36753 1.0874876568195857
21 15 16 28 50334 0.9806125740537261
21 21 28 13 34425 0.9119031209690579
18 2 1 24 86438 0.98640447082043
24 29 24 3 50246 0.9135644168357082
10 25 20 13 61620 1.015876450394218
29 19 27 4 55964 1.0170407216660182
2 15 6 23 31568 1.0990005544280466
8 10 28 5 63284 1.0957892783829437
28 12 20 21 40119 1.021924734033199
14 11 5 19 54996 0.963771765325015
14 21 24 0 57181 1.0489900250434916
0 5 17 4 41590 1.0020458073927063
9 23 23 15 39260 1.0557199505773578
21 18 1 8 76211 1.0578728126020944
16 21 20 8 40170 1.0325293042577044
13 0 3 1 31262 1.047965097039487
25 14 14 29 59277 0.9463967195429861
2 15 21 0 77030 1.032067482068558
27 25 3 28 77730 1.0264833751455797
9 6 0 12 42043 0.9756836915757574
28 28 20 12 57019 0.946978732628553
22 23 7 8 61904 0.9412589895681254
17 19 26 22 32706 0.9185311931669389
13 24 14 10 50411 1.0253927864088914
25 20 12 3 53702 1.0505856735138583
17 15 18 6 27659 1.0973126408771408
22 1 7 2 39162 0.9325903593001468
22 18 0 27 70675 1.079176160618473
1 3 13 0 29681 1.0770126630337213
4 9 22 4 52415 1.0078048454100772
15 4 4 27 77292 0.9306232112006598
18 11 27 13 49575 0.9544659181590296
9 22 9 5 35166 0.9188935321403457
14 11 19 27 60246 0.9047809677863661
16 0 26 27 78020 1.0698192565792433
