2852 3110 3323 3083 2464 2547 2426 2425 2524 2873 3084 2942 3117 2657 2629 2973 3206 3148 2472 2883 2679 3229 3129 2443 2619 3294 2682 5548 4634
6089 5939 5326 5806 5631 5572 6139 5459 5373 5505 5744 7696 7653 7016 7319 7642 7794 7649 7331 7472 7845 7130 7169 7772 7260 7242 7177 7896 7045
5498 6166 5625 5437 5482 5366 5681 5351 5478 6036 6130 6210 6003 6252 5376 6060 6089 5977 5584 5365 6097 5767 5517 5709 6097 5646 6110 6134 5891
7855 7906 7939 7340 7901 7345 7854 8173 4682 4816 5145 5352 5010 4707 5307 5269 5004 4610 4982 5226 5513 5115 5186 5231 4759 5052 5143 4957 4736
4977 4611 5050 5427 5089 5419 4962 5130 5326 5287 5366 5673 5664 5145 6069 6016 5917 5141 5428 5389 5146 5845 5596 5999 6085 5641 5149 5326 5553
8268 2206 2272 2472 1985 2048 2463 2383 2593 2523 2250 2507 2789 2361 2335 2524 1907 2411 2466 1971 2291 2148 2743 2049 1996 2223 2767 2176 2621
2795 3299 2824 2713 3338 3008 2772 3298 3176 3000 2715 2131 2342 2706 2962 2394 2123 2780 2875 2587 2608 2067 2731 2950 2030 2514 2469 2430 2659
6796 2405 3136 3212 2894 2691 2786 3202 2555 2475 2641 3023 3034 2680 3014 2323 2365 2958 2750 3125 2424 2617 3073 2781 3224 2722 2368 2380 2676
7503 7441 7062 7254 7261 7427 7229 7264 7165 7155 7937 7284 7264 7004 7128 7254 7127 7620 7571 7047 7488 6903 7220 6866 6973 6949 7340 7462 7211
1762 1938 1696 1947 2051 1309 2006 1801 2185 2027 2108 1338 1423 2152 1455 1691 1624 1808 3281 3575 3288 3946 3212 3067 3363 3244 3885 3331 3561
5284 5354 5318 5595 5355 5751 5821 5521 5542 6102 5389 5646 5593 6097 5701 5330 5966 5599 5656 5787 5810 5714 6164 5459 5877 5283 5343 5997 4582
5481 5173 5498 5774 5892 5537 6168 5901 5897 6065 5610 5863 6184 5862 5923 6076 6057 5977 6214 6252 5495 6007 6223 5503 6288 5789 5852 5817 5933
3807 3989 4778 5130 4727 4416 5051 4791 4443 5128 5171 4562 5101 5053 4962 4916 4722 5040 4690 4994 4924 4966 5007 4597 4440 5277 4639 5250 5211
1398 1311 1331 1967 2148 1752 1838 1904 2109 1822 1972 5394 5357 5725 5772 5047 5927 5609 5851 5184 5780 5347 5768 5168 5655 5408 5422 5038 5529
2172 2976 2849 2472 2222 2515 2277 2344 2405 2273 2818 2718 2961 2485 2432 2507 2242 2260 2936 2595 2665 2670 2791 2281 2362 2668 8049 8813 8774
2346 2072 2531 2450 2067 2171 1745 1817 2595 1983 2326 1721 2294 2204 2411 1994 2556 1673 1832 1680 1746 2293 8199 8477 7937 8442 8438 8348 7767
2078 2037 1663 2248 1659 2210 1591 1440 2040 1853 1856 1670 1493 2357 2205 1585 1885 1532 1581 1461 4579 4251 4624 4323 4574 4520 4695 4999 4743
6802 6684 6697 6637 7087 7143 7031 7092 6612 6463 6943 7070 7262 7168 7177 7316 6715 7298 6751 6808 6796 6524 6494 1983 2779 2545 2865 2121 2473
5874 6218 6170 5823 6372 5724 5544 6126 6116 3196 3719 3768 3390 3092 3119 3786 3752 3598 3209 3567 3677 2937 3005 3169 3826 3359 3700 3158 3444
5833 5897 6262 6519 5959 6059 6431 6159 5797 6309 6490 6651 6375 6716 6188 6818 6267 6730 6808 6755 6116 6023 5912 6427 6136 5956 6071 6816 6557
6737 6989 7439 7486 7196 7334 7040 7294 7459 7721 7568 6917 7731 7374 7618 6858 7741 7471 7322 7313 7493 7622 7757 7245 7577 7536 6962 7633 7045
6402 6015 6080 6099 5779 6519 6257 6139 6717 6290 6327 5978 6647 6036 5867 5936 6522 8303 8237 8146 8189 8036 7750 8524 8403 8276 7791 8093 7981
8180 8622 8005 7868 8704 7876 8622 8637 8040 7808 8560 7882 8606 8675 8411 8519 8467 3219 3618 3793 3893 3560 3266 3201 3334 3793 3769 3449 3481
7992 7731 8225 8201 8061 8128 8189 7773 7584 8257 8139 7939 8120 7801 8236 8714 8428 8550 8875 8559 8848 8083 8859 8112 8474 8275 8718 8808 8166
4258 3796 4555 4467 4119 4709 4144 3927 4208 4434 4020 4650 3941 4481 4691 4026 6103 5841 6537 5815 5723 6273 5879 6524 5777 5921 6373 5876 6205
7077 6872 7024 6027 5604 5558 5859 6395 6072 5697 5827 6316 6473 6404 6196 6031 5770 6235 5756 6137 6073 5878 5932 5993 6118 6206 6142 6352 6152
6569 6727 6576 7038 7002 6546 7082 6691 6783 7222 6649 7404 6633 6649 6922 7372 6790 7396 6689 6994 7383 6915 6968 7340 7286 7210 6717 6849 6794
4108 3789 3754 4515 4423 3873 3967 4123 1934 1888 2007 2010 2409 2520 2267 2297 1729 2159 2113 1779 2411 2102 1799 1912 2172 2422 1969 1914 2487
1485 1841 1706 2016 1863 1715 1291 2071 1501 2732 2481 2842 2518 2526 3274 3313 3018 2724 3307 2666 2691 2685 3263 2469 2584 3221 3167 3130 2466
7317 7781 7257 7797 7904 7628 7580 7194 7385 8049 8020 7462 1777 1659 2082 1816 1970 2229 2449 1811 1673 2347 1774 2487 1807 2033 2486 1856 1619
4926 1998 6851 2636 6869 4942 4835 3700 7264 5655 1842 4601 5062 3472 5243 6070 2538 6167 6833 7605 3587 3713 4205 6989 4408 2331 2069 4006 3630 1639
4944 1545 6902 2520 6288 5273 4895 3479 7584 5484 1316 5153 5052 2785 5138 6469 2922 5913 6650 7655 3234 3741 4303 7493 5228 2351 1400 3854 4159 2024
5979 1665 6236 2800 6433 5211 4970 3483 7233 5941 1968 4814 5042 2873 5410 6186 2950 6091 6460 7602 3210 3562 4151 7184 5114 1972 1862 3725 3277 1982
5369 2114 6205 2649 6599 4967 5384 3943 7142 5978 2032 4608 5506 2808 6010 6202 2758 5835 6432 7071 3283 6552 4377 6667 8887 2330 1893 3296 3338 2470
6063 2102 6218 2450 6830 4697 4687 3946 6964 6252 2045 5224 5436 2598 5288 6574 2421 6089 6947 6767 3921 5902 4942 7367 8672 2534 1198 3175 4199 1847
6076 1938 6139 2544 6294 4391 4809 4140 7385 5522 1396 4656 4800 2961 5706 6053 3163 6410 6725 6910 3215 6419 4030 6964 8430 2324 1239 3446 4012 2237
5998 1533 6672 2631 6225 4700 5331 4116 7376 5883 1531 4903 5675 3488 5918 6619 2282 6736 6996 6796 2992 6164 4220 6718 8472 2836 1596 3076 4086 2486
6226 2231 6639 2089 6225 4509 5175 3583 3788 6042 1851 5055 5054 2841 6064 5832 2321 5971 6488 7288 3024 6408 4216 6915 8392 2545 1933 7064 3721 2348
6164 1706 5924 2926 6589 5293 4751 3789 3554 5354 2126 5418 5119 3435 5151 6298 2444 6127 6315 6818 3796 6716 4797 7399 8910 2616 1417 6639 3413 1867
5987 2303 6726 2796 6076 4914 5067 3342 4116 6029 1604 5425 4898 3306 5267 6402 2573 6411 6191 7646 3231 6482 4081 7484 8790 2614 1233 6449 3840 2170
5398 2127 6299 2112 6686 4603 4721 3400 3430 6028 1659 4786 4974 4864 5769 6323 2759 6444 6692 7218 3863 6734 4341 6936 8718 2246 6118 6814 4116 2122
5429 2015 6346 2478 6747 5095 4612 3678 4126 5900 1719 5008 4854 4666 5218 5825 2381 6319 7055 7076 3299 6303 4192 7322 8760 2695 6399 7184 3989 1901
5543 1523 6202 2252 6165 5194 4950 3973 4159 5770 2142 5047 4742 4864 5366 5909 2513 6105 6661 7109 3280 6295 4558 6785 8420 2821 6373 6484 1802 1674
6083 2256 6425 2789 6594 5198 5015 3436 3699 6453 2131 4834 3681 4423 7956 6571 2401 6099 6353 7214 3596 6056 4436 6870 8758 2442 6516 6973 1809 2000
6121 5552 6288 2844 6940 4869 5167 4068 4150 6786 1945 5194 3800 4835 7419 6156 2730 6650 6262 7441 3307 6269 4608 6941 8752 2078 6453 7070 1295 2460
6165 5516 5993 2851 6643 2829 4857 7500 3280 6969 1606 5355 4244 4492 8086 6061 2470 5834 6579 7185 3557 6680 4435 7185 8893 2132 6508 6895 1737 3801
6209 5792 6032 2379 6534 2867 5206 7875 3760 7169 1777 5072 3621 4038 7653 6535 2610 6674 6089 7528 6577 5848 4127 3373 8867 2125 5638 6385 1839 3905
5785 5459 6764 2834 6681 2915 5695 7737 3282 7199 2096 5159 3975 4638 7735 6170 2506 6340 6795 2851 6930 6150 4110 3381 8456 2102 5801 6477 1921 3486
5306 5627 6452 2181 6073 3111 5567 7207 3372 7396 1498 7117 3657 4325 7992 5812 2392 6729 6507 2397 6558 6623 4795 2989 8096 3798 5768 6385 1576 4087
5472 5385 6274 6718 6612 2590 5157 7248 3940 6974 2050 7309 3769 4529 7381 6348 2897 5839 6350 2771 6896 5821 3870 2628 8848 3619 6413 6895 1187 3731
5404 5954 6578 5946 6361 2742 5300 7210 3492 6648 1691 7346 3776 4293 7754 5982 2667 2134 6629 2346 6925 6219 4704 3410 8672 3237 6504 6861 1165 3479
5898 5533 6497 5974 6227 2592 5660 7798 3847 7144 1378 7761 4198 4816 8212 6555 2978 2264 6290 2697 6426 6636 4300 2951 8440 3393 5760 7186 2026 4296
5569 6027 5854 6044 2121 2856 5720 7484 3922 6834 1205 7521 4381 4588 7345 6181 3108 2116 6162 3243 6695 6566 3875 2704 8620 2943 6106 7086 1464 4333
5472 5384 5930 6373 1768 2575 5154 7919 3754 7141 1370 7086 4215 4324 8102 5748 2504 2807 6493 2296 6482 6669 4443 2930 8764 3063 6154 6892 1400 3719
5717 5245 5899 6669 2213 2747 5560 7919 3933 6762 2111 7596 3807 4949 7589 6668 2881 2670 6783 2526 6900 5976 4676 3157 8609 3103 5929 6724 1208 3496
5911 5159 6540 6622 1999 2838 5394 7929 3754 6845 1773 7207 4316 4079 7758 6360 4999 2965 5991 3112 6663 6755 3961 2751 7975 3300 6105 6878 1592 3536
6194 5934 6553 6026 1856 2973 4839 7047 3807 7318 2007 7999 3710 4838 7387 6501 5096 2396 6024 3173 6643 6280 4645 2680 8581 3566 6526 7134 1775 3476
5562 5089 6729 6697 1547 2450 4828 7613 3695 6654 6598 7964 3923 4943 8044 3463 4979 2358 6000 2526 6216 5997 4154 3549 8243 3682 5940 6608 2007 4215
5522 5553 5903 6634 1758 2659 5495 7757 4133 7273 6949 7712 4279 4733 8169 4188 5282 2475 6566 2800 6060 5825 4680 3436 8052 3111 6012 6702 1564 3818
17 11 8 15 34508 1.027625056586294
14 22 24 8 51531 1.0650484782336078
0 7 17 0 61763 1.0380041430737976
0 29 28 7 101458 0.9734888400007172
13 23 4 7 66172 1.0827250526048162
10 19 25 26 70393 1.0325072703116924
0 7 10 20 47615 0.9188761408047902
10 29 10 12 54974 1.046348312587765
1 4 23 17 86181 0.9189752266008674
23 8 19 22 64948 1.039968341199012
19 8 3 11 43239 1.0636887545730316
25 9 20 0 62464 0.9691043550426673
9 12 23 17 48522 0.997902322433121
5 27 10 18 41765 0.9783646172420795
5 21 14 14 38822 1.0931177442220665
12 15 26 1 76195 1.0578906112392952
9 16 25 26 73228 0.9362632128550291
20 12 17 21 39548 0.9453520782934881
0 16 21 29 83452 0.9640317672284023
11 13 25 11 46848 0.9484105213991557
2 16 15 22 45476 1.044613973982767
5 3 23 6 60020 0.9615711873694031
23 3 23 17 58118 0.9681483675284996
24 6 13 28 82589 1.0147469646832408
10 13 27 28 73213 1.0916771304326247
18 0 19 11 42674 1.0718084686906777
2 9 15 18 47364 1.029848571098355
20 22 27 0 81161 1.0538306183002077
22 1 22 22 91391 0.9962352506407729
3 12 13 23 65502 0.9073247195028225
7 16 21 22 57943 0.9512746628294637
8 23 23 10 62801 0.9065099723058685
3 26 21 15 70438 0.9779037804143556
21 8 11 8 37260 0.9162372960455376
26 3 11 20 78518 0.9975125731220038
29 19 4 26 72185 0.9535594291878886
12 23 25 24 52011 1.0260466362817136
8 28 26 4 95005 1.0955914319312707
13 12 20 29 62463 0.9334348589260176
10 18 8 6 32560 1.0427253242248584
10 3 29 5 55148 0.9306965136227513
15 18 8 10 30505 0.9583599460524482
14 4 6 2 24640 1.0153208438099655
18 5 7 6 41623 0.9583672654098508
2 22 27 5 93847 1.03430226228248
29 17 12 26 60208 1.0626154857452332
4 14 29 19 78611 0.9510610386917717
19 13 4 14 52925 0.9632767944997188
11 26 23 19 54865 1.0941998893135525
14 9 23 25 64130 1.083200411144502
5 28 28 27 51896 1.021203733397129
5 29 11 12 56572 0.919869207540119
10 27 29 6 92263 1.0912299420708418
22 24 10 3 78940 0.9724777078556763
25 20 7 26 71489 0.9345922865820346
8 15 14 0 42508 1.0884297965869576
24 29 21 8 71622 1.079626791514886
13 7 25 26 75231 0.9345312483543168
12 21 4 27 41936 1.0149735671798297
27 13 11 8 43280 1.0540834972151192
10 12 1 25 50998 0.985765613567144
29 6 22 3 28445 0.9551432731104877
10 14 29 12 56269 0.9400607647876672
15 16 27 21 45744 0.9149683031561769
21 29 13 8 70188 1.051722415312043
4 1 11 19 58214 1.007040902682337
11 5 0 28 78079 0.9372665756403911
17 26 26 16 49877 1.0317685111696184
6 11 19 25 66054 1.0699236548899445
28 5 14 27 79525 0.9676547616894483
28 25 7 20 71265 1.006691900730353
9 23 12 2 56391 1.054544600074816
4 21 10 2 58765 0.9529936624598194
23 22 15 17 43440 0.9369819576790216
29 17 1 28 86029 1.0450186586967498
10 22 4 2 62641 0.9930353664895502
0 26 10 7 60359 1.0837533555481285
5 0 12 19 63633 1.0216857852644008
4 18 2 4 55834 0.9796060064740255
2 5 21 5 65262 0.926792692753804
26 15 0 10 65583 0.9337916270846062
7 1 28 29 95123 0.9361092404348024
26 27 28 1 63231 0.9270658803810763
1 6 18 11 51588 1.0265511490677883
22 14 2 15 75206 1.0267449234948272
27 5 2 4 76361 1.0872034176342422
2 9 22 17 64815 1.0758121332497517
21 18 18 7 56124 0.9585177232050206
4 26 12 21 37192 0.9824746849815832
14 19 11 11 34961 1.0857581293543517
18 4 3 14 58657 1.033514416291862
16 19 24 28 41320 1.0234964138494933
11 22 24 9 60509 0.9110046917673105
10 14 16 4 35887 0.9175939070305333
10 17 18 11 38600 1.0514256576372414
20 10 10 23 58161 0.9034887469176093
22 5 7 3 43861 1.0821382452930166
12 29 26 22 45840 0.9716615043688045
28 11 8 8 48607 0.934161314589237
20 10 19 27 62181 0.9684676812813839
28 3 12 9 48381 1.0676499870373544
8 2 29 19 77458 1.053902459386574
4 14 15 22 47494 1.0869401975263884
19 11 0 27 78353 1.062633781917886
17 1 15 11 26465 1.0263142929667106
15 3 22 10 26382 0.9059330582362768
20 7 22 16 52757 1.0125287387979
3 4 10 24 77086 1.0639658612046874
4 14 24 23 80783 0.9725871520844215
12 6 15 14 25244 1.0592963231758181
22 18 5 17 55021 1.0286851328798372
19 16 2 2 67895 0.9893040449294864
26 5 6 19 74765 1.072690949029703
7 26 21 26 46779 1.0581475224434522
28 26 8 23 64131 0.9411983483501939
28 11 2 15 75198 1.0482555214463893
29 10 12 21 68792 1.042358897894643
29 19 2 27 80976 0.9198590616183911
8 4 18 20 60884 0.9544725539057667
3 24 27 4 97748 0.9590492810354578
5 12 12 15 32848 1.040717390616139
25 21 17 8 63345 1.040095535210578
3 20 9 27 30724 0.9068478362033346
21 7 6 25 80649 1.0000851239916222
28 0 7 12 62908 1.0855575613793356
22 29 11 3 82053 1.081529791104956
18 19 29 4 60287 1.0221497488047333
10 24 29 5 87548 1.0975003990961207
18 23 5 5 69417 0.9834685704415898
29 18 14 13 53305 1.0665505275646674
1 26 15 1 79566 0.9896594668214638
11 5 29 14 60007 0.9518126101491946
21 29 12 15 60328 0.9362386843189664
25 1 20 13 69291 0.9297963175336572
22 14 27 26 55423 1.091070506941475
6 9 22 24 74190 0.9253534167672749
0 5 2 24 63022 0.9887699013569232
28 13 11 0 60297 1.0614209816069922
7 0 7 22 58864 1.0176766536411403
6 29 15 7 67632 1.089305556621258
21 1 20 23 87247 0.9952425429602061
5 12 29 8 55073 0.9445077560218521
6 14 12 25 43659 0.9366893420150573
12 22 25 13 67461 0.988977557282804
28 2 1 22 101285 0.9970940432998949
11 23 27 23 59318 0.9831521286807844
10 26 27 16 67722 1.0188108272806329
3 26 21 10 67591 1.0373336809816345
13 16 13 6 28126 1.0879106464792134
4 15 6 1 41699 1.0214870390484627
12 1 29 23 74698 0.9391064432778992
24 27 6 15 75351 0.9644341367693243
8 29 0 4 74040 1.0368461487560632
5 12 27 23 71025 0.9879235622207095
17 12 7 6 34948 1.0268527534090177
18 13 8 22 54969 1.0714070231749293
14 3 21 14 51614 1.0524283083443176
20 1 5 11 59939 1.0462352303555011
5 27 24 19 68428 1.0444475178842754
1 11 12 4 44871 1.03433490831749
5 28 17 12 64543 0.9121587700958818
20 3 4 23 83640 1.0466710124893261
20 22 20 7 68898 0.9644167081668233
16 19 26 24 52393 1.075413622459357
2 5 27 13 71977 0.9208542334417844
20 19 29 5 54157 1.0687082876136507
23 26 10 11 81296 1.0289398072655247
15 26 3 14 67997 0.9240430608764196
25 6 20 29 77811 1.0382117769578103
15 26 27 16 56927 1.0946623095927162
0 5 28 13 71122 1.021557549325022
13 13 12 25 39912 1.099408587086726
6 14 2 5 38175 1.0115029198977041
29 4 7 4 65996 1.0214940395011605
9 2 4 22 53535 0.9346660720072928
15 12 11 0 33324 0.94285679052945
16 12 1 23 73813 0.9424961436057463
3 17 13 21 50134 0.9966384262137153
11 22 3 7 58403 0.9973889282851921
20 14 19 29 68253 1.0989549591929704
2 4 3 28 79254 1.0390717363182387
29 2 1 3 86245 0.9953346702416256
29 10 29 28 47738 1.0589824458475365
4 19 27 2 89963 0.9555962463418208
3 22 18 19 62758 0.9798110325546654
23 19 11 13 55408 0.9134256721909345
6 27 4 9 48011 1.068144808388115
21 7 11 9 43486 1.0565195351824057
9 24 3 6 60905 0.9783972242928283
12 15 22 14 48010 0.9137525631308185
24 11 13 2 37638 1.0883556684654445
23 7 6 8 57724 1.0507391628254577
26 20 1 3 93485 1.019009426455336
12 4 29 12 54595 0.9963425277976088
20 18 21 6 66367 0.9802328616331242
27 17 29 26 23443 0.9967968238814507
12 29 23 8 85285 0.9532919743493361
17 19 24 27 47943 0.9228849475708235
11 12 21 9 36418 0.9770303262799085
19 3 0 13 58491 0.9483000361209334
29 6 25 22 50783 1.0752596401211516
6 3 15 23 65101 0.914352196239696
6 20 9 0 46301 0.9623221647430432
29 23 20 9 51611 0.9188908597950974
28 27 29 15 29862 1.080563950091439
11 13 19 20 51106 1.029701129044522
21 28 1 1 97105 1.0046930120868918
17 8 21 18 46716 0.979801494665628
19 25 26 2 88736 1.0112415221985782
16 0 24 5 31933 0.9432993895509233
26 27 19 4 86127 1.0531475549054974
0 1 12 20 64640 1.0352926148150075
20 6 26 26 81181 0.9138176432305231
11 19 17 11 44132 1.0348237328905674
24 25 13 17 55149 1.0062105986767045
29 3 15 13 50010 0.9314803919939768
11 17 9 0 40278 0.9920410086469035
22 28 0 28 51295 1.0851614842801316
14 3 9 22 51142 0.9239799503848328
3 8 19 4 57271 0.9413581487487478
28 18 11 23 73242 1.013418700025357
3 27 5 3 61672 0.9959310708817447
23 20 19 10 52613 0.9189924941038431
3 22 11 20 33879 1.020171489701979
3 0 19 26 99599 0.9319288946290132
14 0 10 18 47524 0.9240909175076025
8 6 7 24 49795 0.9205973201190375
18 28 28 12 51290 0.9449253665350988
24 12 12 19 57467 1.042497152995538
16 5 22 25 64497 0.9164670223902821
14 28 25 0 97348 1.0043812309521722
3 0 19 18 79384 0.9499705752323031
26 12 5 19 66650 1.0763878546599972
1 19 21 19 77634 1.0917598600394605
14 17 10 6 38122 0.9118964459077874
21 22 12 24 40555 0.9178003277042562
5 26 29 1 99917 0.9796969851026802
27 18 27 0 44465 0.9382871627715216
18 25 24 13 60484 1.01215407461243
20 11 22 24 64128 0.9881875860664011
0 11 17 22 62579 0.9271730725521808
15 22 25 23 36446 0.9061227504781794
2 22 22 10 70337 1.0131821759108488
17 3 1 12 55421 1.004802258867037
18 23 13 15 37635 0.999993158555079
1 26 1 3 69551 1.0192663273333717
25 2 12 25 92943 0.9536927074913996
27 22 17 7 57967 0.9469891155867839
7 19 24 29 66033 0.9712064100906048
3 22 26 18 90362 0.930731657487277
23 23 5 24 54295 0.9979995119964172
3 20 16 29 51256 1.0619904947225762
13 25 16 0 58519 0.9273643281101531
5 28 6 4 61653 1.080444786404932
18 13 18 0 44508 0.9709145697460896
7 8 14 21 44499 0.9178958645049778
26 9 6 24 74912 0.9932856983783125
17 6 26 25 66338 0.9754127567591347
5 15 15 22 39871 0.9874813184116926
2 12 8 17 35283 1.0795575216295952
2 8 28 4 70682 0.9290971174860205
2 28 15 0 91316 0.9001943269838922
29 24 18 2 78222 1.0317748657726913
0 7 23 19 76732 0.9739014178895017
21 3 4 26 89685 0.9083270056906081
23 16 0 22 78401 0.9341904774167199
1 18 24 9 77001 1.0638385316338554
3 21 22 1 104121 1.0982888508661621
0 24 23 26 68965 0.9681351505322178
29 15 22 0 62025 0.9042347407905362
22 18 10 9 53547 1.003798590003955
5 26 27 4 90348 0.9605814661047916
14 13 20 9 27190 1.0581476585381013
29 15 23 8 36024 0.9364154824576508
1 13 7 19 31802 1.0174923342680282
0 27 27 11 87455 0.9255823590793562
15 19 9 26 33818 0.9519610563871634
7 0 29 26 98137 0.962646481215876
15 18 11 10 25116 1.0295954011065296
28 16 8 13 58055 1.0485769087588905
23 21 1 0 101695 0.901314860217715
26 24 11 10 66121 0.925708530635726
11 11 5 18 32798 1.0031962675845543
23 2 9 6 61918 1.064612214094115
0 3 29 26 104893 1.0616862954613275
3 15 17 21 55371 0.9602803349999887
13 9 2 12 34235 1.0327765598967749
13 19 26 10 47967 0.909643736737683
7 9 29 8 49864 1.047788422400069
18 17 13 25 36913 0.9772000228520488
5 14 26 29 81225 0.9372535463597557
16 12 28 23 53633 0.9918301417373625
7 17 25 6 65441 1.0281274708877497
23 9 5 11 41912 1.0009264843094008
7 20 12 5 47873 1.095656958541156
0 22 14 3 74579 1.0604348995079205
25 2 9 12 66674 0.9466526365147379
25 15 10 10 52718 0.9283820158125408
24 4 4 2 63489 1.0311716006757978
15 6 21 1 39799 1.0432437701206054
7 25 17 29 34318 1.0902428507310364
16 14 9 8 24394 1.0773992162061201
17 2 8 18 53456 0.9345372231010234
28 23 7 12 72554 0.918277562964236
11 15 29 17 58216 1.0105389110685263
28 16 9 22 74966 1.0667330557662384
11 11 18 27 63528 0.9342671853760387
24 3 15 19 59665 1.025670578794708
23 24 6 2 97093 1.001635293249427
11 4 20 10 37147 1.0867303889640676
15 28 20 19 37604 1.0137433538551068
23 28 28 20 27693 1.06538360196409
12 19 24 7 61366 1.0669213792610623
25 10 19 26 65619 0.9099138928037405
27 8 17 26 62113 1.0601152196503958
8 24 16 13 54646 0.9727330661387723
10 28 17 13 62351 1.01249175713503
28 14 4 14 66845 0.9558751134426542
19 29 15 4 70181 1.0934304959519299
20 8 16 23 49326 0.9960918560237556
18 26 13 15 42046 1.0465792760395909
15 9 25 8 29229 0.986604056877293
1 28 24 15 93943 1.079590063001323
2 2 18 11 56813 1.0144228385590124
11 13 21 20 57614 1.0304662955413835
11 16 12 27 45276 1.076216497034323
15 23 0 17 62341 0.9981075814056635
29 22 6 19 80982 0.9003967246729927
17 29 28 16 45915 0.9312631372632835
23 18 28 9 42588 0.9790660470265075
15 25 6 4 71359 1.0695643048522807
19 1 9 19 62280 1.0376710214608804
16 24 13 13 39739 1.079976567209087
2 11 21 24 87133 1.008478155235653
10 13 27 29 75700 1.084079036280655
8 6 19 20 61271 0.906477028154069
23 9 29 16 35071 1.0481138888040586
5 24 20 16 56428 0.9046159751194001
1 24 6 5 67596 1.0946505306631995
22 16 9 8 44234 0.9453759253177677
20 17 0 6 68473 0.9583802636414922
26 9 0 1 70769 1.0659799191932668
5 0 2 25 70797 1.0943842299156992
23 2 28 26 75555 0.9044789548167926
23 10 1 9 44271 1.0634877939378162
24 3 19 12 50344 0.988106807623264
10 10 7 19 24609 0.9758500784021041
16 16 20 3 38319 1.0131589529776992
17 29 27 8 59600 0.9990647107609071
4 15 21 25 70649 1.0908853750514558
0 5 22 19 78462 0.9334665137333505
4 26 28 25 60327 1.0049605570904059
9 13 16 10 17675 1.0437894830421097
4 22 27 18 83144 1.0087016096353
14 23 0 19 55588 1.0262707072692263
27 3 14 16 55841 0.9745744129606156
22 7 21 17 61303 1.0902308117505402
22 17 2 3 77100 1.0724306416935052
2 22 27 25 77928 1.047416983211745
1 0 23 27 115492 0.9208776016393221
6 5 8 29 65979 1.0842125633296202
27 7 4 7 58056 0.9451645526404544
11 1 2 19 66301 0.9657133709759155
21 24 25 17 40417 0.9817812772076213
3 24 21 6 92666 1.0289364094173126
27 13 18 27 48116 1.0937342654719782
21 5 20 25 72092 1.0936632978343914
10 19 22 1 86798 0.9800882617559348
26 9 15 7 32172 0.9044755473959086
28 19 0 18 89590 1.049939016779585
2 4 26 17 86104 0.9766905940785352
14 29 18 1 87376 1.067458651903399
23 17 29 27 36767 0.9794359800514155
8 4 12 13 35673 0.9538496499526985
28 23 3 14 87476 0.905127181519746
22 1 12 12 66729 1.0648900255936913
0 22 18 11 71524 0.9422381634399277
2 25 11 1 68585 0.9519323455896317
19 13 26 6 47036 1.026697676482133
13 27 1 13 69793 1.0951099884438418
8 11 14 19 33542 1.0127238337913367
24 5 29 13 31697 1.006905846806978
14 4 14 23 48105 0.9148532269784696
26 20 1 7 87324 1.076750366977981
12 27 29 21 47407 1.0411680849859408
24 29 20 8 75114 1.0586644022455503
16 15 10 27 48507 1.0925796521715927
5 22 0 29 26537 1.0085303413807465
2 27 22 10 76941 1.018480972127375
25 18 6 6 76351 1.0190642418941058
26 4 21 9 33994 1.0925007331210252
5 15 29 27 79298 1.0062736963601508
28 3 18 0 57677 0.9891378836157438
19 7 24 21 71710 0.9060607197139887
23 29 23 8 70419 0.9932311124730895
22 11 10 14 44144 0.9257329885171764
13 8 22 10 20103 1.0229023526956191
1 19 21 13 85882 1.0990801789755984
23 9 2 26 80293 0.9886469634487555
28 27 29 10 50862 0.970376050096058
3 10 12 1 34386 1.062059624831516
3 2 21 26 109372 0.9278903933962649
14 6 22 15 48585 1.0880916257133204
8 21 9 6 38478 0.9453454366068422
15 5 9 13 26380 1.0790425418852243
4 8 16 12 35316 0.981822456419285
24 21 2 28 82246 0.943697227338105
2 4 15 1 40998 1.039946288408025
19 10 14 0 31663 1.0202437312705168
11 21 24 15 54681 1.0803036465618503
4 28 15 3 77752 1.0756762316501516
18 21 0 11 65784 0.9834056890739009
4 29 15 20 47734 0.9997163499582943
10 21 15 2 58055 1.0468975111240666
21 14 13 16 32476 1.0357908539714438
8 12 24 16 51329 0.9666530624453511
4 25 23 14 86661 1.097979526230729
22 1 0 6 85886 1.021358136967137
5 28 22 11 79381 1.0771304504175316
10 16 29 24 69669 0.9289334117164723
29 11 1 12 75748 1.0203361462650153
8 9 29 26 77825 1.031457489034559
23 0 15 27 109849 1.007736543493789
2 8 22 8 62855 0.9987805845921405
25 7 6 7 59823 0.9653611379175593
9 0 17 7 36439 0.9173248932041024
21 1 23 9 56114 1.084621937688234
7 7 27 15 55184 1.0975264069419985
18 11 26 26 59436 1.0868938567307151
4 25 29 29 59089 1.0719855747719977
23 0 10 14 83143 1.0179352485640765
26 23 9 15 68025 1.063999063976016
6 21 18 25 39030 0.9383950145146537
8 11 3 3 32189 1.0722174528386228
1 27 2 18 41851 0.9634745881447608
16 14 29 3 49439 1.074366248391349
8 20 1 0 62134 1.0490808856685963
22 5 14 19 49755 0.9173545463609132
6 24 25 10 65917 0.9851916448725277
23 15 8 16 48143 0.9992499629965382
17 4 5 0 42217 1.0283961633864174
8 3 6 11 24475 0.9821421502589145
12 29 5 8 62754 0.9299642691622145
18 23 17 14 37974 1.0300067801103299
15 10 25 10 16782 1.0748357491213927
8 26 6 2 63574 0.9914658227028024
4 25 9 20 26788 0.9723383717389182
0 7 7 11 22593 0.9604978829447177
18 12 0 13 49178 0.9199242463527383
16 15 15 5 21498 0.9275132136886495
2 24 15 3 79320 0.962535487938543
6 17 27 10 51099 0.96081715393585
17 7 2 17 60609 1.0327267556170594
5 9 2 28 55251 0.9292813022869999
28 29 10 4 91681 1.0350006951686006
17 15 10 12 37266 1.0796544088524909
1 23 21 5 94678 1.0251006620684662
8 22 21 18 63755 0.9554758034174503
8 21 0 26 32082 1.06606021969824
6 23 19 8 62098 0.994910903402832
26 7 13 20 61361 0.9070135910632382
24 13 12 23 67519 1.0865760336663712
21 26 3 10 83944 0.9109623696025695
9 4 23 16 54509 0.9387219779026985
14 29 22 0 112277 1.0126680518551756
11 23 7 11 48952 1.0868625144636823
9 25 8 6 50101 0.9273161132392979
5 10 16 19 35874 0.9606734748121473
6 21 14 7 46464 1.0492583873427126
11 18 23 22 64203 1.070573518238004
22 20 22 6 71132 1.0740355806838113
27 16 9 0 63994 1.022975239573327
25 11 16 24 56405 0.9749338631831603
23 13 13 29 77278 1.0355049708444435
24 8 11 25 66923 1.0520758227034186
14 24 9 3 56560 0.9965951649857105
17 17 3 10 43512 0.9109720930309154
8 2 0 4 30464 1.0407208053698715
25 7 20 2 46723 0.9911897866792707
7 17 4 10 23338 1.0273836771915543
8 5 21 23 74151 1.0604358523245574
12 21 25 19 48780 0.9515029256344456
4 25 26 19 74725 1.0629412944630783
4 27 1 16 39198 0.9867180743296817
1 3 22 29 104608 1.0366027061754335
1 1 28 21 90950 1.0642207450893884
18 16 2 18 53348 0.9809757484398475
28 11 6 4 64526 1.0084146672402103
28 13 6 8 53904 0.9702798701083082
21 16 16 9 26091 0.9808497494739141
5 0 22 26 103174 1.047696763172469
26 18 1 3 88974 0.9438685338391122
26 29 8 3 91968 0.9819796782916349
9 28 25 18 66262 0.9323928177458694
22 1 13 22 83726 1.080067788692403
27 5 17 27 70470 1.0055524768598874
11 7 4 21 50080 1.065116404821206
23 19 25 1 66820 1.0438021318092032
20 11 14 6 27839 0.9883140293067814
29 22 18 24 38128 0.9034727044860792
14 24 12 10 40623 1.0772363145936115
20 2 8 0 46950 1.055206274619766
3 18 26 6 83683 0.9275411256284645
24 28 12 8 71256 1.0072128232113828
26 28 1 8 96671 1.0880214992843187
28 22 2 28 72670 0.9841251012750153
1 23 29 28 76480 1.029408705137828
19 9 26 13 31158 1.0415484268216577
23 9 12 16 41232 0.9906226919055483
2 4 20 4 62173 0.9550930163656856
3 11 11 7 28881 0.9801404753029319
15 7 0 6 43950 1.0395454902777839
28 4 3 6 73156 0.9678076306151173
29 13 16 29 55742 1.0043874610561023
14 12 8 19 36543 0.920707640640614
16 23 11 4 60805 0.9950310473099762
11 4 14 15 39589 1.0070956317982331
12 19 12 29 49305 0.9451252825206191
17 12 1 2 57686 1.0798784709955125
25 11 14 16 37369 1.0682328019102751
23 29 19 19 46563 1.0614518615521784
22 24 28 0 66530 0.9860631305168196
10 8 2 6 38598 0.9885633116896795
28 11 11 14 58898 1.0172501182605291
11 2 20 5 34102 0.9122763365629944
9 15 18 22 41500 1.0740977036298185
15 1 0 4 42124 0.9454417274168909
5 16 3 8 28341 1.0044306423159688
11 15 23 9 49689 1.0990426325935918
25 12 9 21 62091 1.0657317737281433
28 11 11 1 53437 1.0911315226737721
10 12 2 18 42024 0.964278887334505
3 23 14 7 64353 1.004209088399793
18 18 22 25 34467 1.0714922355357652
7 8 14 13 26759 1.0014880002709676
1 7 20 29 98820 0.9177945884933469
10 15 23 21 60424 1.0933793635824844
16 0 23 28 74903 0.9084307606650525
11 29 16 24 29824 1.0966772941660456
5 25 0 5 56746 1.0228114166585383
5 26 21 11 70827 1.011170814543266
14 15 26 23 56214 0.948253086003288
23 22 10 5 78923 1.0800520231985367
12 12 18 25 50047 1.0819327021132128
26 14 10 8 56423 0.9866795566241835
17 21 1 10 55123 0.9937656895316221
17 27 14 19 27109 1.0126907279527888
21 23 24 9 55100 1.0782017124155328
29 13 1 10 60023 0.9947879103803147
14 14 9 23 38300 0.9404585936636389
11 19 16 6 47840 1.0594744333819281
26 5 13 12 49735 1.0186611811930386
10 26 24 10 65810 0.9729535943665782
22 13 17 19 41370 1.0622311011748402
15 2 15 25 56204 1.0222820601237141
6 27 11 18 46741 0.9243361273014431
27 8 6 21 65771 0.9151696870833314
13 20 6 8 45812 1.0219894189182284
5 23 28 25 65397 0.9015239974917862
25 2 13 9 57926 0.9068644874116555
26 20 5 29 67482 0.9383200793613947
8 19 5 5 42612 0.9254187823489468
26 5 5 12 61434 0.9699375126162811
20 25 24 6 76895 1.0277136637204984
16 3 9 12 29293 1.0949424767734444
14 10 24 4 39052 0.9061713903929572
25 17 2 3 83632 0.9943515703114929
27 26 20 2 85053 1.0618333662914843
17 2 0 18 73405 0.9987291881919822
3 28 28 27 58328 1.0477826341962282
1 2 3 28 81663 0.951832920442676
19 1 16 24 67996 1.0553184029594633
23 8 4 2 67978 1.0201610095640934
29 13 25 5 28950 1.0984398810869545
16 1 6 1 26762 0.9687758919412065
21 24 28 15 45549 0.9802331508323583
14 18 5 29 48111 1.0817203262304087
27 22 18 7 56324 1.0346832966600024
18 15 26 28 56361 1.094601689056313
5 5 28 28 90674 1.0493618568965304
17 17 29 26 56966 1.064110605134032
26 27 10 14 78096 1.0649424717428648
27 12 19 4 46933 1.0163348619856118
12 22 3 5 68881 0.9202807493388221
26 7 0 26 97086 1.0944066627968745
13 28 28 12 59891 1.0637132162517746
10 9 21 15 47478 1.071964729174415
11 1 23 8 49427 0.9346256582523751
8 5 18 4 38449 1.083431638417827
19 5 16 29 71150 0.9386038585222523
28 23 12 27 42984 0.9793018560618508
3 2 11 20 63958 1.0175339080509618
9 19 21 23 52894 0.9990596673518762
7 1 3 29 73268 0.9614706134341805
4 19 22 13 74374 0.9224923387552896
21 22 14 13 47975 1.0298813142892915
22 1 10 7 63665 0.9868676804743054
1 10 19 14 51807 0.9037151252466875
18 14 5 8 41613 0.9688058925551357
29 26 4 24 67897 1.0984924850191689
1 12 13 15 51420 0.9739589177026986
27 3 23 27 73293 0.9924135606648581
6 23 22 25 48279 0.9130443171631019
7 16 22 13 55378 1.0336293023271208
9 28 29 23 49981 1.0819784232661782
23 5 0 4 68030 0.9104362684380054
22 14 5 27 84086 1.0592861097339974
8 22 25 5 79421 0.9298122751469963
25 24 29 4 55241 0.9037758396962442
21 27 14 20 40577 1.082480568648328
5 19 28 19 76431 1.0728838117777721
27 5 14 13 46048 0.9993191578829118
27 13 16 29 53257 0.9757003267408695
27 0 28 23 58218 1.0089151751199095
26 17 28 0 39140 0.9445459686554094
6 7 28 26 85333 1.0190247925320781
26 27 26 7 57531 1.0199363365528469
28 24 22 2 75454 1.0209421921462811
21 0 5 19 86962 1.0317934533539095
10 14 2 20 37792 1.0754291229342259
9 17 6 27 35845 1.0425335178375201
4 22 24 0 103896 1.0481848792772996
7 14 27 24 75101 1.0450647796475772
29 29 14 15 59679 1.0423229375902543
0 8 16 7 39643 1.0640765808826491
14 10 6 12 19609 0.9315230254710876
22 12 5 24 76659 1.0803385721545609
21 1 19 11 55794 1.099901976409572
19 3 29 0 49064 1.019068575376469
0 21 9 18 39797 0.9941117003376314
6 20 21 14 60114 0.9072913478836114
26 27 17 14 67410 1.0035258762429973
5 2 26 27 100616 0.9439783606141865
19 22 0 12 74426 0.9472153260267246
14 8 2 5 47722 1.0765348980155398
10 22 22 9 62874 0.9904874578458293
12 15 8 6 35566 0.9664861338223548
19 6 27 10 38281 1.0675619676666877
21 23 3 3 88000 0.9282859503393573
28 11 27 21 26449 0.9300144778159583
9 14 29 15 56520 0.9619358905007775
6 28 21 6 90062 0.9853322862768297
9 27 21 27 37700 0.9025145369643738
21 8 3 28 89607 0.9367760495518128
17 24 2 15 65951 0.9323912864455411
17 22 27 14 49417 1.073839705069404
13 27 10 6 71623 1.0333572061909966
8 25 24 12 74427 0.9063354185227207
29 18 9 12 57509 1.0411496203760815
25 15 16 0 60335 0.9890715316857258
27 10 22 17 28193 1.0519355761282045
25 7 14 28 75954 1.0020125595983318
16 22 8 17 39323 1.0261004662708952
15 15 17 23 26206 1.0271487078716632
25 12 10 12 46692 0.9921055405333041
17 15 5 16 36157 0.9593668638443508
28 7 26 22 40036 1.0025923024872796
24 0 2 22 112424 0.9303273871299329
17 2 8 5 35108 0.9908313231900396
17 8 2 17 55054 0.9370599674605928
14 22 4 8 57146 0.9113397154544952
25 3 18 29 80714 1.0320224972307406
10 20 28 27 61124 1.0221853950038906
7 1 8 12 29462 0.9287893856650623
5 28 19 26 44754 1.061972055470822
24 5 8 24 87066 0.9764140522324306
2 28 22 6 104972 0.9281473696776487
20 1 14 12 47066 0.9279890078157785
8 11 6 21 33497 1.0730988492377254
3 19 17 6 65088 1.0091840488423296
23 20 17 9 55482 1.0976811087404996
0 26 24 21 74911 1.0148343955764976
26 4 19 9 37754 1.0129259234854493
24 3 2 15 87131 0.9923673148373308
13 9 0 14 36853 1.0871153560029163
27 27 7 0 95532 0.9395296928607123
21 0 26 21 86068 1.012254633508399
1 18 4 10 37747 1.0744344863123134
2 0 28 1 81333 1.0114757762035447
3 8 24 21 87116 0.9146524190058583
6 5 4 29 62783 0.9648772581560223
5 20 22 12 67428 1.0086344779069103
23 2 2 20 102805 0.9186486631336267
4 13 18 24 65202 1.0502969339555643
22 22 8 7 70608 0.9058703735000374
1 9 1 21 42850 1.0476049371405358
6 18 20 22 60424 0.9514631690087866
23 27 3 11 93735 0.9440346836038673
24 14 1 26 85071 1.0993868744888642
26 15 6 11 57699 1.0412979222796597
10 0 18 3 27288 1.0034916673045757
26 13 4 9 57262 1.0225014678552675
28 2 28 12 20218 0.927288006937132
26 20 1 11 79704 0.9081692844303004
18 15 5 20 45694 0.9783421407107021
20 26 7 26 42802 0.9395184839112751
7 6 17 14 42830 1.056476440843029
19 12 9 29 71824 0.9266970639084441
1 21 27 6 92826 0.9074032652138643
7 5 19 26 80846 1.0136267421022507
23 6 18 28 79142 0.9663047942479858
25 16 10 21 57714 1.031333556274745
10 24 1 16 49845 1.0181409010353424
7 27 14 24 24142 1.0314029961217213
14 7 0 29 76385 0.9035651145902976
22 12 10 12 46765 0.9528242445970678
29 4 8 18 67891 0.9387763622439239
26 18 4 21 84797 1.078771612815997
14 5 9 11 23177 1.0254283722981985
15 11 11 23 46416 1.0531023951263259
28 25 1 9 86900 1.0681337625838925
17 28 2 4 96169 0.9576181340721449
12 14 24 3 66356 1.0612762574837893
19 1 16 14 39970 1.0244477657379498
13 25 17 1 62233 0.9970867892167188
17 29 25 21 44459 1.0376498660224185
29 20 19 26 44738 0.9927478598644228
6 0 23 22 89906 1.0645459658742829
28 14 9 26 76472 0.9877298200480497
26 15 5 16 64951 1.05252881308667
29 8 2 14 72393 0.9883560719724952
25 10 13 11 22830 0.9485448124892535
17 16 20 2 46747 1.0469070059040668
8 18 15 21 34591 1.0035183774125764
27 24 27 3 50033 0.9325345753991785
3 11 5 22 35542 1.0958819886173747
7 22 26 10 60926 1.083484423568554
24 2 16 20 62148 0.9205082492701109
21 18 10 24 59496 1.0595668736146808
29 22 22 13 46933 0.9493236390410477
5 11 21 24 77208 0.9846423463858536
5 2 26 13 68669 0.9160889919930645
24 26 10 17 73233 0.9879589125397992
28 1 22 26 71474 0.9554326029511339
27 20 16 8 44139 1.0708079114450364
6 29 12 24 27743 1.0892860827622903
11 28 18 4 80504 0.9173502093077991
15 0 13 14 42367 1.0565050145719592
1 2 22 12 76154 0.9020707914882884
8 18 8 5 34535 1.0676617996622713
2 7 11 25 67966 1.0652881662728328
0 11 29 6 67327 1.021180185201186
27 2 14 22 73053 1.044696332499842
28 3 9 15 56711 1.0223173677199089
5 2 17 7 44291 0.9828507659794519
22 10 13 15 34026 1.050467322033145
0 23 17 7 80269 1.0557893396341052
23 6 28 23 58909 0.9539370236387196
23 25 8 20 58917 1.0328671902990496
10 17 0 9 37182 1.09020010301023
29 21 11 3 71142 0.958287634292628
1 15 28 18 86624 0.9293963582028749
10 25 8 7 49747 1.0634338003991732
13 26 21 4 74246 1.0071190968490964
17 20 24 12 45937 1.0801426978293078
18 29 18 12 56180 0.9170487493044658
19 28 18 3 68496 0.9690190486581828
19 18 13 22 37680 1.0562210361760214
1 1 17 4 42710 0.9644632933604746
26 0 0 27 118709 0.9055390507563075
8 21 26 25 68015 1.069065859770807
6 22 24 12 66795 1.0069693770822001
8 27 2 14 53878 0.9220083199536283
19 7 15 17 36658 0.9815266172569383
21 5 9 17 47956 0.9015335680805473
3 26 24 19 68752 0.9757815992438118
27 10 7 1 52659 1.050016257850704
20 6 28 23 71698 0.9902069172729294
14 11 17 20 30571 0.9863230168563308
29 19 17 9 48392 1.0660122092633633
29 14 2 5 81206 0.9425969630914208
21 6 28 11 37341 0.9004775782433775
13 22 20 12 45756 0.9279004226749238
11 22 3 2 72520 0.9668709613989792
9 21 9 0 42465 1.0117507819627654
8 19 24 18 63980 0.9773592496972467
0 22 13 24 45367 0.9694693834683712
8 1 5 11 27820 1.098736508634082
6 14 7 5 25134 0.945438075994666
9 10 20 1 50785 1.0172365145112143
29 6 7 19 71141 1.0045276451689988
21 7 8 9 48065 1.0471226556100275
7 7 2 16 34054 0.9392632775458476
11 12 3 16 31982 1.0492424228133699
24 1 3 14 85688 1.0580329732944962
26 21 6 23 75545 1.0632685454763389
22 8 23 24 69441 1.0183038043836619
29 24 29 6 46766 0.9226044474123171
19 7 24 15 47742 0.9057880320404863
18 25 29 25 33556 0.9146949793466204
24 27 8 29 38368 0.9980175436608214
13 19 26 15 56766 1.0905135768968928
16 26 22 17 45022 1.021751007349365
12 24 24 27 40184 1.0903176086471527
2 18 28 5 84928 1.0276231448358666
4 4 27 8 63313 1.0864537434043342
15 12 25 16 35916 0.9117914963416801
25 9 19 15 39900 0.9520412565738489
25 25 6 29 54582 1.0770441576398724
5 17 11 12 28710 0.9031764890437858
22 25 29 17 37255 0.9343749882188128
17 5 9 15 33283 0.9286656061498226
9 3 18 19 52675 1.0313752818293969
4 16 19 24 63913 0.9237722157650649
11 15 9 24 35209 0.9749551262649749
26 18 16 11 44234 1.0444123101203486
14 8 21 18 47292 0.9298957009928808
9 25 11 17 38395 0.9317728896966125
17 25 12 11 51915 0.9075085383038296
7 4 5 12 24287 0.9493893058934826
12 29 28 0 88503 1.0220037004254636
24 6 18 1 45111 1.065160042841193
23 5 15 24 70704 1.0019616107402953
6 15 15 7 35959 0.9021320786955238
26 2 13 8 59395 0.9481342275769988
0 5 11 8 40660 1.0442821734027652
24 29 18 15 59766 0.9670376248989592
7 0 11 26 75619 1.0396372091288686
3 24 26 12 89471 0.9796280671119667
15 29 5 6 73734 0.9990821750097806
18 12 1 19 73148 0.9454082659812486
11 1 24 17 63349 1.0157023632844047
21 18 16 6 45987 0.94506883863034
20 28 18 13 53717 0.9636514810320507
5 23 28 29 59883 0.9770145529718735
4 4 29 20 86052 1.0801608978801958
16 15 10 20 28946 1.0081678410253774
22 5 0 10 54864 0.9573003014598316
4 28 14 22 38823 0.9361493711315699
11 16 15 10 22975 1.016202829225109
6 19 17 3 53218 0.9886983253913226
4 25 23 11 75533 1.0925174362299743
17 20 20 4 52015 0.930295714132406
25 24 12 27 47845 1.0810746538823774
12 15 20 10 33617 1.044870170104469
4 13 10 20 33547 0.9793370122550434
29 2 16 3 47514 1.0523045707528764
27 28 6 9 78261 0.9440234857872858
5 5 10 19 43440 0.916645429471624
14 27 18 6 65800 0.9573657899522887
15 9 22 18 39832 1.039114035136723
14 16 27 25 56459 0.9393500563671953
7 18 24 12 54796 1.022194594426315
23 8 12 26 73259 0.930188971135037
28 9 11 2 56948 0.9012793026811411
28 21 7 2 80633 0.9113763069512743
10 11 25 23 68580 0.9075230963527267
27 7 1 14 72237 0.9605233962376437
12 14 3 5 51336 1.0504524482075828
11 23 7 0 70027 0.9998391658708952
13 10 4 20 40177 1.0811428436571267
20 0 20 26 97860 1.0683637473795031
9 29 25 11 82798 0.9962721280147665
4 1 28 5 65767 0.957228434861474
23 17 12 16 34088 0.9161355514561179
22 29 7 18 63195 1.0785257196635958
28 24 15 10 54182 1.0821124537041698
26 20 19 0 83008 0.9992758966722801
10 15 2 9 33863 1.0790272869581692
28 22 2 8 86182 0.904922068939981
23 28 13 20 39570 1.0582576178210288
19 28 25 4 69667 1.0108274594474265
13 28 21 10 62537 1.0992855037505829
11 28 9 4 67126 0.9111853633801027
26 17 6 14 62646 0.9175795633054266
25 22 29 0 61436 1.0347080215265532
18 12 16 23 35149 1.0764359174464868
13 27 15 9 52022 1.031818642971994
29 6 28 15 26731 0.9703755688513271
12 27 26 21 49616 1.0600732330234284
23 16 1 4 81365 0.9678601369847143
10 0 24 28 90297 0.9367332598718374
25 29 2 28 59113 0.9376432065642696
9 11 23 15 53758 0.9970688180036628
16 26 29 22 41952 0.955527760728736
17 7 22 19 49962 0.9918482500488021
16 13 25 11 26022 1.0506267585476277
4 9 22 11 46092 0.9065513328942366
21 6 24 26 82823 0.9165164192558841
24 15 9 21 57091 1.0418613099843832
6 7 17 13 36845 0.940911048443113
3 20 0 1 61094 1.0953222536148042
25 5 20 27 77109 1.091201859907724
10 17 19 2 57705 1.0707617038641064
28 25 8 14 79302 0.9617642596207119
1 22 17 5 76151 0.9838709592418963
24 18 29 5 44364 1.0154429334716388
17 15 1 1 60716 1.0095516351586755
7 8 18 24 62679 0.9079499641497809
11 15 29 27 70780 0.9475779562125488
27 15 13 4 47424 0.9836341585350579
27 8 4 19 69512 0.9761422846850538
4 4 8 10 25603 0.9358152098715531
17 10 18 27 50152 1.0516132950540344
20 1 24 27 101339 0.9977529862739629
3 28 4 18 37314 0.9916710823812569
9 7 22 22 66819 1.027444278257482
11 8 26 11 41496 0.9357043062839152
18 19 3 0 75788 0.9022495483550567
7 16 27 25 73851 1.0324883385420596
23 17 15 11 37068 1.0342307873540653
1 16 17 23 60830 0.9589113556236781
18 19 8 18 42951 1.0398878798908577
21 19 25 11 46165 1.0008773320591682
24 18 6 19 65274 1.0317356410393284
3 8 14 9 32007 0.9981765648486225
16 26 17 0 69524 0.9391932611642372
1 26 27 9 82585 1.0581532825379103
29 26 11 15 73266 1.0803857598289988
4 27 11 13 51825 1.0569767688950698
0 23 12 4 79117 0.9429763810318681
16 23 27 19 41045 0.948627846646378
17 18 24 24 46483 1.02717560906311
25 29 21 17 47469 1.0011601277729878
17 21 1 23 70129 1.0338822824669756
18 24 2 18 67992 0.9482512587652585
25 0 21 22 88562 1.0065165636224984
0 9 26 7 65062 0.9691621696952073
16 1 25 4 36187 1.0153430776447578
11 16 2 7 41274 1.069631734649998
2 26 9 8 51747 1.092372597304686
13 13 8 18 32745 0.9526200917808366
17 13 17 29 48237 1.0672716494993217
1 24 10 9 64512 1.032245555166089
29 18 6 26 72197 1.0297267589838257
28 4 0 13 71469 1.0025489621567765
24 17 29 0 50297 1.02127297721545
20 20 27 11 44210 1.0033083957729239
28 11 10 15 55719 1.0699165506336747
5 3 15 5 29978 0.9667833244055022
7 25 28 19 68165 1.0591751539527987
15 12 20 19 31918 1.0968701968104575
12 16 1 0 55763 1.0022077637031448
23 26 22 17 37783 0.9146536664901289
16 3 28 0 44937 1.0329008945059273
3 0 9 24 70407 0.997578899151548
26 21 20 6 70528 0.9706335351219609
5 14 29 23 80928 0.9932814414507978
28 12 6 25 79667 1.0512053852319372
18 14 14 24 35751 0.9534917195583794
6 23 2 6 58694 0.9271027235417016
18 18 10 6 49524 0.9135108833731593
29 21 17 18 42973 0.9964936140021201
29 9 14 18 55639 1.0731359516232482
8 5 21 3 47471 0.9443477224321069
8 9 29 20 65704 1.0086243295275867
11 29 6 14 48148 0.9724715636075983
4 26 12 6 63527 1.0858593118611632
1 0 14 19 68115 0.9756706646625811
21 11 5 23 64559 1.0012559849190887
1 23 29 9 106090 0.9005616227062904
29 19 17 12 50853 0.9478495208293943
20 29 13 9 65978 0.987824822541141
24 10 20 4 39383 1.0334030386556212
20 5 25 21 71103 1.0870829472914634
10 9 13 27 65737 1.0795462913083615
9 1 15 17 43666 0.9196711680506058
23 13 12 4 53420 1.0547389805247045
22 0 2 10 78648 1.071519445881905
24 16 14 4 50415 1.0377832106827507
11 20 13 1 50855 1.031463282155566
26 8 11 15 56322 0.9579770832324572
26 20 3 6 86632 1.0610277002067172
27 12 6 17 55116 0.9424078455871271
17 23 17 8 42105 1.0908582500938735
17 27 4 27 38917 0.9536846382359526
20 20 28 23 38346 0.9393608748230999
16 2 18 19 41247 0.99731579808927
27 11 6 24 71704 1.0015017467779728
26 5 16 6 30043 0.9702319099860993
27 22 3 10 68546 1.0790077638042426
16 23 4 28 44496 0.9867284756419328
10 0 8 20 48798 0.9178781178520607
16 2 13 19 45722 0.9483362868632808
21 11 0 12 50378 0.9494231665257469
3 13 5 21 23672 0.9118591115492893
18 28 26 16 42970 0.9683014878146987
24 19 2 13 74663 1.0913583154556843
22 11 21 20 61106 0.9090539644226844
28 23 24 6 53755 0.9833748631386355
22 15 16 2 50439 0.9952496933506345
11 29 23 1 109173 1.0905451777994224
9 14 28 4 53240 1.0310952977466177
1 15 23 2 99865 0.9600461024023275
12 24 1 24 38763 1.0532980670381293
12 10 27 12 30797 0.924248102741805
29 5 5 10 53919 1.0959158912700804
20 4 11 15 57550 1.0796555891339195
29 4 24 20 50352 0.9187317868618773
21 14 2 1 75933 0.932535920825813
28 24 17 29 30358 0.9004020073300746
20 11 25 6 35485 1.0498080060214756
5 18 28 28 69036 1.0212976192539571
23 5 28 11 25374 0.9276204566721452
10 25 5 14 37776 1.0876582636465353
19 19 8 15 43590 1.0762528748861948
29 17 12 8 52800 0.9269951194490746
8 0 2 27 78531 0.9935304031516632
27 2 2 27 109680 0.9580648426915201
13 26 7 7 65324 0.9690302860225019
