3680 4384 3671 4265 3657 3948 3397 3932 4097 3772 3935 4450 3746 4281 3722 3655 3912 3820 3562 3799 4525 3556 4044 4459 4229 3980 4372 4285 4248
3112 3505 3028 3913 3928 3277 2904 2872 2878 3932 2831 2941 3137 2895 3405 3342 3089 3323 3906 3744 3748 2896 3492 3476 3191 3082 3582 3914 3951
4854 5614 4699 4950 4411 5520 4445 4365 5250 5395 4975 4749 5143 4469 5395 4567 5563 4820 4546 5249 4675 4479 5580 5275 5244 4450 4871 5041 4786
7458 7061 6957 7310 7225 7127 7352 7578 7352 6868 7663 6720 6507 7130 6810 7397 7221 7031 6847 6440 7589 6737 6422 7658 6905 6768 7639 7236 6984
8237 8273 8281 7476 8117 7387 7375 7978 7323 8366 8219 7455 7385 7659 7369 7277 7675 8044 7651 7905 7714 8434 8135 7920 7949 7285 8477 8472 7881
7317 6252 6990 6452 6923 6321 7201 6120 7000 6303 7188 6354 6626 6688 6604 6244 6151 6921 6905 6305 7051 6789 7163 6884 6632 6440 7329 7014 6571
4269 3224 3118 3782 3358 3940 4100 3804 3890 3907 3583 4158 3328 3710 4201 3309 3268 3378 4232 4303 3538 3929 3347 4158 3861 4038 4186 3464 3899
3090 2898 3813 3867 2801 2676 3425 3408 3741 3694 3804 3507 2859 2803 3655 3428 3502 3178 2722 3204 3093 3369 3581 2827 3174 3449 3177 3327 2758
5239 5425 6200 5409 5212 5435 5322 6234 6103 5776 5150 6254 5474 6290 5937 6093 5504 5824 6203 6076 5699 6186 5894 6213 6315 5845 6203 5977 5194
6327 6088 6889 6203 6979 6456 6626 7175 6255 6483 7199 7293 6109 6142 6560 6962 6769 6962 6503 6639 6271 6933 7046 7217 6158 6777 6309 7236 6774
4875 5489 5474 4684 5031 5284 4952 5614 4728 4491 5254 4995 5341 5414 5541 4659 4591 5368 5306 4762 5574 5108 5127 4920 5090 4998 4720 5399 5554
7565 7688 7085 7204 7449 7059 7752 8132 6907 6963 7732 7833 7041 7622 7367 7203 7394 6918 6996 7498 7757 7107 8095 8014 7356 7620 7414 7820 7271
4555 4739 3729 4568 4177 4254 4080 4189 4298 3732 4532 4677 4488 3732 4527 3636 4713 4293 3749 3703 4203 4107 3588 4696 3590 4823 4656 3868 4657
7016 7862 6671 7672 7387 7034 7644 6906 7272 7280 7364 7897 7502 7405 6870 7092 7298 6897 7860 6725 6901 7324 7690 7761 7198 6794 7137 7210 7046
1150 2091 1003 1628 2061 1607 2126 1533 1508 2170 2040 1109 1564 1097 1781 1311 1017 1644 2012 1575 1090 1529 1415 1967 1878 1991 1623 1623 1671
6329 6133 5891 5624 6809 6478 5808 6765 6388 5692 5757 5969 6149 5765 6698 6582 6709 6186 6567 6226 5667 5862 6606 6421 6119 6383 6761 6087 6572
7819 6945 7843 8079 7112 7432 7784 7701 7479 7395 6987 8051 7624 7790 7796 8027 7776 7777 7187 7936 7870 7539 6917 6954 7069 7528 7462 7645 8069
6333 6834 6113 6430 6508 6419 6788 7123 6101 6622 6001 6029 6861 7089 6674 5917 7065 6291 6008 6783 6022 6461 7093 5931 7075 6463 6282 6424 6083
5662 5761 6579 5422 6012 5412 6044 5560 5443 6176 5525 5929 6444 6444 5652 6358 6028 6562 5436 5431 5942 6082 6013 5588 6249 6544 5588 6045 5490
3799 3550 3963 3684 3941 3639 3296 3006 4155 4208 3223 3837 3941 3520 4211 3667 3432 3223 3585 3734 3426 4271 4117 3380 4257 3519 3589 3713 4081
6493 6432 7432 7207 6671 7165 6486 7069 7432 6924 6836 6343 7465 7357 6808 7561 7040 6723 7438 7409 6937 6466 6936 6464 6414 6544 6928 7032 6805
4189 3589 3756 4212 4341 3416 3583 4093 3528 3962 4555 3888 3770 4109 3454 3559 4323 4317 4310 4361 4171 3327 3637 3618 3385 3931 3743 3372 4065
3687 3268 3304 4072 4307 3593 3495 3723 3769 4246 3447 3442 4360 3262 3194 3998 3358 4229 3608 4213 3706 3161 3973 3596 3323 3141 3822 3453 4395
5740 4727 5343 4736 5711 5502 4725 5055 5600 5344 5078 5816 5108 4582 5124 5725 4943 5337 5489 5310 5181 5394 5682 5258 5779 5416 5043 5016 5741
6175 6657 6126 6368 5825 5998 6295 6161 5606 6344 5827 6506 6602 6445 6043 5820 6079 5807 5751 6718 6512 6305 6677 6068 5677 5948 6186 6152 5803
7589 7308 8493 8004 7690 8244 7988 7312 8337 8490 8505 8342 8417 7538 7321 8018 7473 7870 7668 7256 8334 8076 8316 7570 8119 7334 7457 7434 8275
6849 7493 6736 6719 7311 7524 6902 7273 6604 6560 6361 7336 7370 6712 7275 6866 7314 6406 6808 7176 6421 7049 6989 7492 6796 6825 6780 6615 6421
6111 6272 6962 6573 6403 6095 6751 6055 5766 6280 6975 6312 6533 6047 5973 6259 5910 6068 6650 6421 6478 7019 6399 6336 6369 6925 6477 5824 6887
2396 1977 2383 2076 2235 1837 2178 1709 2292 1969 1924 1642 1764 1382 2056 2413 2294 1819 1972 1541 1721 1696 1213 1679 1337 2090 1954 1167 1238
6248 6674 5704 6176 6800 6563 6905 6050 5944 6976 6892 6338 6474 6260 6512 6084 5969 5745 5998 6016 6354 6273 6948 6581 6553 6351 6222 6759 5833
2477 3422 7343 6914 1941 5279 6711 3783 1758 6672 3342 5610 6720 6616 5765 5166 2529 6267 3226 3710 2433 2610 3170 8043 1769 2737 1436 4145 6202 2572
1768 3362 7643 7413 1553 4925 5716 4162 2723 6060 3282 5692 7265 6345 5390 5512 2693 6738 2950 4119 2535 3387 4140 7792 2118 3409 2239 3127 6026 2183
2435 3553 8288 6807 1800 4854 6921 4411 2572 6780 3372 5469 7236 5693 5054 4808 2138 6277 3059 2858 2433 2362 3519 8138 1777 2696 1936 4231 6998 1980
2429 2491 7575 6396 1595 4933 6215 3771 1952 6177 3536 6443 6909 6456 5194 4458 2168 6331 2451 4084 2835 2140 3174 8145 2386 2386 1050 4322 6440 1455
1672 3253 8141 6886 1770 4093 6869 4063 2745 5686 2482 5792 7738 5634 5266 4565 1979 6252 1957 3124 2302 2422 4074 7642 1403 3597 1473 3093 6871 2581
2885 3044 7932 6645 1879 4600 5861 4128 1960 6219 3503 6117 7446 6073 5976 5553 2430 7089 2285 3235 2463 2791 3262 8319 1421 2818 2003 3424 6823 1956
2874 2744 8436 7144 1554 4862 6595 3312 2760 6184 2741 6117 7866 5674 5105 5206 2661 6253 3041 4017 2394 2643 3615 7966 1687 2945 1713 3127 6041 1850
2747 2526 7717 7450 1589 4397 6638 3591 2003 6756 3144 6426 7433 5456 5323 5132 2297 6907 2354 4009 3179 2646 4084 8071 2015 3077 1863 4260 6888 2454
2837 3678 8407 6530 1283 4718 6198 3934 2695 6657 3293 6409 7071 6347 5566 4980 2508 6433 2471 3917 2363 2483 3111 7549 2289 3571 1463 3356 6371 2523
2149 2957 7248 6276 1733 4718 6307 4325 2552 5751 3541 5856 6773 5656 4921 5430 2364 6343 2373 3908 2423 2168 4130 7528 2188 2846 2097 3983 6286 2368
2662 3274 8091 6272 1819 4945 6585 4404 1623 6025 3180 6550 7734 6635 5593 4974 2920 6421 3185 3677 2048 2972 3968 8073 1765 2372 1644 4291 7043 1510
2361 3386 7533 6967 2041 4995 6705 4181 1802 5801 3598 5642 7251 5494 5661 5379 3011 6432 2716 3968 2634 2460 3669 8128 1861 2616 1747 3431 6244 2270
1789 3491 7742 6341 1891 4453 5674 4205 2689 6297 3207 5820 7832 6601 5574 4864 1818 6568 2028 3515 2808 2346 4220 7261 2192 3178 1135 4043 6603 1967
2614 3107 7422 6830 1587 4793 5659 4087 1776 6852 2850 5815 7801 5619 5655 5699 3020 6693 2370 3865 2127 3294 3732 7534 1301 2508 1600 3638 6722 1889
2512 3695 8101 6446 1100 4357 5864 3742 2767 6841 3419 6322 7423 6336 4980 4476 2360 7259 2937 3529 2263 3209 4148 8109 2016 3228 1766 3696 6870 1668
2764 3298 8161 7078 1392 4944 6559 4057 2078 6624 3388 6699 7344 5704 5883 5574 2039 6332 2304 3626 2043 2816 3356 8025 1242 2677 1787 3978 6144 1557
2100 3717 7362 6779 2060 5148 5789 3644 2810 6392 3207 6403 7887 5907 5279 5568 2102 6217 3093 3177 3150 2659 3936 7433 1960 3573 1231 4346 6437 1688
2761 2500 7405 7476 1707 4728 5800 4139 1775 6753 2637 5702 7695 5993 4948 5446 2676 7147 2248 3369 2897 2570 3465 7761 2020 3235 1339 4030 6163 2599
2770 3620 7451 7303 1797 4386 6658 3368 2076 5784 2423 5761 7127 6571 6026 5496 2766 6342 2950 3430 2364 2189 4005 8085 1893 2440 2119 3196 6043 2151
1665 2498 7594 7183 1765 4225 5847 4559 2435 6422 2417 5759 6878 5911 6014 5685 2859 7270 2636 2847 2041 2324 3505 7821 1613 2868 1318 3151 6832 2225
2152 3631 7558 6828 2006 4417 6035 4018 2333 6843 3371 5817 6636 5735 5394 5467 2620 7025 2912 3073 2959 2940 3532 7753 1786 3181 2147 4270 6667 1888
2045 3597 8099 7472 2180 4560 5662 4401 1819 5783 3279 6690 6726 6313 5574 4872 1816 6966 2105 3484 2861 2435 3764 7524 1945 3419 1943 4227 6173 2077
2757 2627 7353 7312 1235 5249 6011 4274 1909 6894 3395 5535 7074 6262 5558 5611 2701 6394 1987 4058 2934 2677 3228 7525 1385 3568 1382 3687 6741 2506
2755 3167 7763 6457 1774 4093 6802 4083 2215 5665 2808 5930 7788 6261 5326 5332 2465 7115 2879 3350 3089 2272 4290 8182 1559 2375 1497 3912 6589 2357
2243 3674 7723 7042 1900 5280 5833 3836 2351 6084 3225 5775 7781 6230 5286 4890 2624 6764 2771 3517 2435 3162 3369 8296 2420 3344 1545 3398 7169 1912
2613 3073 8256 6315 1407 4908 6308 4524 2008 5922 2950 6381 6671 5508 4921 4675 2427 6247 2768 3442 2912 3234 3191 8339 2192 2444 2010 4274 6171 1850
1718 3476 8271 7512 1155 4519 6772 3956 1930 6204 2479 6363 7266 5604 5215 4640 2736 7268 2706 3900 2649 3249 3645 7406 1939 2803 1072 3743 6670 2485
2314 2498 7790 6575 1783 5044 6274 3639 2125 5880 3522 5544 7699 5830 5162 5119 2254 6577 3007 3468 2226 2256 3141 7382 2300 2832 1322 4063 6822 1830
2280 3592 8208 6379 2353 5015 6307 4141 2583 6596 3080 5531 6721 6554 5768 4837 2777 7081 2529 3094 2271 2141 3522 8388 1210 2944 1313 3640 6360 2112
21 10 25 2 45833 0.9995183694915732
3 20 9 2 75894 1.0586446409913859
23 12 25 2 58502 1.074694438154606
5 8 24 28 77425 0.9942835467688798
26 19 26 8 32950 1.0227535712358902
0 2 24 5 54812 1.0510501684935423
23 5 2 29 86698 0.9566816335259154
27 15 0 15 76641 1.0358251637297602
4 2 29 29 97877 1.0964526816898497
8 23 24 20 50411 0.9535381310516183
13 4 4 2 31316 1.0024463842043199
14 3 23 0 25770 0.9783431106985414
8 27 9 17 44643 0.9436460834664956
7 10 8 1 32849 1.0238557106401798
16 18 24 20 29494 0.979203413559482
26 9 8 9 52420 1.082236493780697
23 7 8 24 61482 1.0187345781169124
5 13 19 14 57713 0.9600081606509276
4 14 8 6 48518 1.0562394165819584
0 4 27 14 71390 0.9332361697510135
24 3 9 18 58624 0.9706513791370277
8 3 16 15 44409 1.0120996651461718
6 25 4 6 80645 1.0223531441400235
26 25 27 2 56557 1.0143737637144823
3 28 15 7 66636 0.9610526918495341
5 12 22 23 72913 0.9452503887757749
0 15 6 9 40457 1.0408728615361214
7 3 10 24 55085 1.0363519429759178
0 27 7 17 44819 1.0325682758304469
10 5 26 13 64614 0.9989377867106048
4 8 3 19 49374 0.9829439399492754
27 0 3 10 76571 0.9769451252133725
29 3 3 7 67835 1.0664093610868548
11 6 25 11 63352 0.94095616102906
24 18 14 4 48619 1.0953916108677544
23 24 6 14 56218 0.9457998299200203
11 0 8 19 56550 0.9764657600080238
0 20 25 17 75256 1.0755366938726374
2 22 0 6 59294 0.9811734514403094
11 27 17 23 25840 0.9648386347351362
2 5 0 23 67259 1.0089932028951343
3 18 10 21 26050 1.0092968679231977
15 13 23 11 43663 0.9258942139014154
4 27 27 13 75486 0.9096336018487566
3 0 13 6 42218 0.9343687425356094
10 8 26 20 58666 0.9827913288913811
22 19 10 2 64857 1.0356483645200405
24 23 21 15 41845 1.014193965093568
9 16 3 12 41887 1.028937489385838
16 28 14 9 43401 0.9333015204665284
12 15 13 28 34560 0.914116566221552
29 8 28 28 38508 0.9650418709142378
24 7 25 23 57953 1.0625499319788079
27 0 5 3 56235 1.0272588810032905
20 3 21 28 71875 0.9154629947970757
14 16 12 2 31682 0.9231071563494609
3 0 5 21 83867 0.9992638355297219
2 13 22 10 76788 1.0806037896901641
24 12 22 29 69612 1.0075690257123289
10 18 21 24 32417 1.007632413483568
13 12 15 4 23055 1.0809379443293123
23 8 16 11 32113 0.9289737878026029
28 24 7 9 69980 0.9364333501800169
22 6 15 20 46402 0.9799847709846586
28 2 29 11 24134 1.052891301042918
15 14 1 16 40079 1.088012949948087
0 3 23 17 75089 0.9237421444167867
13 6 19 17 37273 1.0366552519779006
15 28 22 1 70792 1.0617815054320736
8 19 11 1 58620 0.9512101594140839
21 23 8 15 50131 1.0893292826566612
1 28 25 16 72605 0.9982062560375585
6 27 0 21 31634 1.0605479571776006
7 15 14 6 37605 0.9931723143696269
18 18 16 1 44865 0.9901065766701348
21 29 9 10 60089 0.9819757120808413
27 13 3 20 79950 1.012599738135901
21 16 22 5 42345 0.9162135531635973
16 3 20 11 44870 0.9930537012247175
28 5 23 19 44899 0.9401812233575273
29 25 2 8 82509 1.0566947119759915
13 4 17 23 44892 0.9746288171086792
15 10 0 8 38707 0.9107818163481068
22 15 7 11 57426 1.0986814029661784
18 21 26 19 32022 0.9591733499077597
4 4 27 16 66062 0.997910536190231
0 17 17 15 50866 0.9847447185001444
18 29 9 9 57824 1.0648192171997186
20 21 0 8 67295 1.022763707512269
17 28 19 3 63678 0.9395662799883422
20 0 25 20 66243 0.9687350890658247
15 7 24 20 50704 1.089494341932702
14 1 14 15 23318 0.9383562119817805
28 11 0 17 82150 0.9516713826294677
6 24 23 8 60129 1.086175861758706
13 23 22 6 55707 1.007740839391113
15 16 24 2 51777 0.9740470498532204
22 12 9 26 58393 0.9741476092358846
10 3 5 10 35278 1.057507191574519
10 17 17 0 48515 0.9622458819237413
16 5 14 17 28164 1.065460363436328
15 27 27 25 32395 1.0224748639326287
15 2 6 23 62344 1.0997520093573478
26 1 17 5 37627 1.063692589656735
21 14 12 1 55662 1.0998409451963589
1 17 14 27 51643 0.9930037408452238
11 10 3 19 55296 1.033533128509719
0 26 28 25 47967 0.9523401841858401
23 4 20 27 66249 0.9610071501603077
18 6 11 21 49052 1.0848998231996048
16 3 14 13 26289 0.9134461750615162
19 22 14 17 24035 1.0231587933661503
20 18 20 0 59180 0.9797819481923364
26 0 29 26 54940 0.9644585775133951
20 7 23 20 57990 0.9405844163147592
4 17 20 5 68812 0.9531617041179353
28 9 10 8 40813 1.08142845431897
8 20 17 16 27152 0.9228747233632382
8 10 29 25 71371 0.9015467772077715
0 27 9 29 28087 0.9689296348782134
3 18 7 24 28530 1.0780034769376121
18 26 22 8 52914 0.9060165616375361
4 12 5 25 66235 0.9943829100589658
13 23 14 9 28888 1.021358763973926
23 27 11 15 50046 1.0455577328404306
14 29 6 20 34763 0.9721738411691958
16 3 9 23 59251 1.0437224596791714
16 16 21 7 37346 1.0856770626059769
9 19 26 25 53115 0.9057035835895239
19 20 11 29 33630 0.9294781659055689
21 18 10 12 53465 1.04875291816015
29 10 21 22 46220 1.0147837888837066
12 21 14 1 37607 0.9579852764144325
13 17 18 6 41324 1.0685410784671716
10 29 1 24 33294 0.9668405730452339
2 0 17 16 61734 1.042045476907865
14 8 0 8 31610 0.9324881168798027
21 28 13 4 56434 1.0623919685691998
2 22 21 14 66979 1.003888920622788
17 1 25 4 28177 0.9802405373608447
5 23 22 20 50182 0.917496304481246
27 6 6 7 57764 1.0103565081137555
6 18 15 9 41112 0.9074783344433449
28 6 11 7 45600 1.016427044823449
15 21 24 14 46814 0.9093920408293579
13 26 10 17 30724 0.9424105614378466
29 3 10 5 44085 1.011215552873581
22 4 20 26 59592 0.9627789383832699
10 22 18 7 51088 0.9892965897717191
21 2 22 22 71343 0.9763895140808413
8 21 26 13 73369 0.9386020798517452
27 21 9 4 67336 0.9699901387896293
17 16 9 7 36698 1.042265735716808
3 27 6 17 45716 0.9015486170656631
22 7 4 11 61336 0.9211117960057928
6 9 27 9 56062 0.9552141518112107
0 28 8 14 65012 1.0596286077449932
21 11 0 7 63861 1.041524041480994
5 0 12 29 73588 0.9431630123662713
20 4 0 14 69275 0.9860385854446218
19 2 9 8 33472 0.9227367752212379
23 17 25 29 43241 1.026861095758138
17 9 28 2 41495 0.9854700947962252
20 6 5 21 67376 1.0358127560328114
22 0 29 3 27535 1.0423534810747006
6 25 22 0 75956 1.0512949248336227
9 25 6 16 37959 1.0185458399953005
0 24 13 3 66786 1.0976442208208586
4 0 21 23 78766 1.0297153697846535
18 4 2 16 55480 0.903503803260728
24 21 24 8 45104 1.0948593616587332
11 13 17 24 39370 1.062693966614916
19 3 10 28 64010 0.9631032023427049
4 26 2 5 77715 0.9103699690130769
28 5 27 16 23420 1.034676255492215
20 23 4 19 53847 0.9234214229962365
15 25 24 8 52152 1.0117383168209768
25 26 14 14 37284 1.0571869025790759
8 16 25 5 62154 1.0471468684584462
18 17 6 14 43314 0.9094029623656973
6 21 22 26 43442 1.0974365967110908
16 24 21 14 39942 0.9615059810597693
14 6 27 15 52438 0.9006487799807517
29 27 15 12 57366 0.919776291565615
2 20 17 10 55173 0.9115433107065588
23 23 5 13 71259 0.9728399381869246
3 25 28 18 60283 1.0631991385970894
2 9 14 10 36057 0.9803528832728681
29 29 17 22 42004 0.9964483525938688
11 0 16 7 26229 1.013165919714658
24 27 12 4 62218 1.0133146302764233
20 12 1 29 82181 1.0328581600155768
24 20 27 7 38638 1.0606849737643562
12 12 2 1 62075 1.0076847540772864
26 28 16 15 60958 1.031171076536165
26 22 25 7 46646 0.9716157525883333
24 8 2 11 64966 0.9503395279719975
3 20 13 22 33927 0.9510991065553653
15 1 2 21 66389 0.9457172957372009
15 25 6 15 41263 0.9146665917941029
2 29 6 8 76318 0.9900499240736411
17 16 26 8 45657 1.0238475329210464
23 0 23 12 54184 0.9738593139396081
9 12 10 1 58842 1.0995627175238463
26 13 19 8 40150 1.0688305844325414
15 16 27 10 46788 0.9255296268042325
15 11 2 5 44319 0.938686312799623
0 26 1 7 63616 0.9671569996764097
17 13 17 29 48084 0.9040902116326311
3 22 25 21 64355 0.9095098424061876
18 13 15 28 53865 1.0682696887295051
22 5 26 27 63498 0.9382788436810887
17 2 26 25 75560 0.9088852193484704
17 24 2 27 33682 1.0537037074728528
7 27 23 0 78149 1.0221968709291458
3 16 20 7 58827 1.0735352183613633
9 21 14 2 43116 1.0864754030235249
0 29 2 21 33543 1.0774495755499003
11 25 22 5 60169 1.0934707826419636
6 4 26 2 47275 1.055467875657306
2 11 9 29 80012 1.0705317050973027
12 6 3 27 66859 1.039779364202064
14 29 8 18 33517 0.9710692250748452
15 21 1 17 44449 0.9765926638101328
18 16 3 12 64197 1.0358212872944625
9 13 22 3 63165 1.0263342673578653
16 6 13 16 31682 0.9826688358164252
7 18 26 13 70466 0.9897918099476827
17 13 25 22 63109 0.9718000131719309
27 17 7 13 65925 1.0028874526687586
22 0 25 14 57462 1.012847615194204
4 8 10 17 46716 0.934487062791105
14 14 3 4 35556 0.9721945180492899
22 15 4 26 56092 0.9944711095395385
26 5 3 11 77461 1.0434706300176995
14 6 23 24 44348 0.9343639878482652
28 0 12 27 75509 0.9047615953925303
26 26 2 28 49720 0.9975339907834659
28 13 14 5 42872 0.9294046439505826
11 7 22 20 52241 0.9269008536616162
22 29 16 11 56771 0.9074175310665463
22 6 11 29 65052 1.0128207507562088
22 9 25 2 40293 0.9312971012993575
4 16 21 17 46753 1.0384645832836288
22 6 11 9 38485 1.0303227579363192
14 8 22 19 40034 1.0234721552700672
1 16 1 6 31137 0.9908221084649294
24 12 18 28 79379 1.0982303847802202
28 20 14 10 50973 1.0059725367578496
5 28 27 15 75107 1.0087968267047767
26 27 8 4 73243 1.0778061062994566
2 19 17 12 65904 0.9965281015962115
27 10 4 6 71653 0.9427222958702176
25 2 11 18 65095 1.0735176609910584
26 25 13 1 68812 0.9482057331309156
19 7 7 3 34742 1.0293373426334833
0 4 18 2 42295 1.0412841837468552
25 10 8 2 64826 1.0720471079575795
22 26 14 23 19486 0.906579906509135
25 2 1 27 96983 1.0933173596605688
9 26 5 6 68586 1.0225001773581037
23 11 7 3 57718 1.0312013552236379
20 15 13 19 29833 1.00192881151618
17 17 17 7 39122 1.0061974102554516
6 16 20 4 50327 0.9009113714672418
1 14 15 17 47030 1.0949842020629532
21 8 8 16 44495 0.9448529102842631
0 16 29 5 84954 0.9348493269645551
9 16 9 3 48314 1.0838736801781717
12 21 3 3 58936 0.9489258108744805
10 0 23 0 30952 0.905054888628434
13 5 6 26 52019 0.9939355043963878
26 23 18 0 77688 0.9560693531860234
18 23 13 28 26663 0.9027044289664018
27 19 23 6 45404 0.9453257489686732
6 9 13 23 52186 0.9470162209358605
20 6 13 24 49785 1.0663334445228454
13 20 9 0 45729 1.04357277242919
5 9 21 15 60421 0.9266231184190824
3 18 25 5 76405 0.9300301967013089
19 12 7 5 47883 0.9323967382003434
23 2 14 17 46245 0.9121441211592765
17 9 13 23 43354 0.9502127703437797
3 4 18 22 62420 1.0689037710951133
18 14 14 26 37305 0.968261246917276
6 9 27 22 78922 0.906948845183529
24 15 9 24 51780 0.9100195071366116
20 5 9 6 38728 0.9973577409962323
2 26 9 9 65119 0.9228975146755269
2 28 27 3 93712 0.9341728774054701
23 4 16 28 67478 0.9357965525288774
18 28 7 15 55240 0.9772923016527164
16 0 24 28 76040 1.0036191647794201
1 6 6 24 67916 0.956200975015774
24 18 15 6 50815 1.0520402668420334
8 23 22 15 53294 1.0737726631282833
22 4 0 17 72362 1.0282191746535483
19 11 1 14 65953 0.9222235014483587
28 19 16 28 45309 0.9479143530262093
19 18 7 25 39905 1.0917718107242602
2 0 20 4 45147 1.063285646240729
29 9 10 23 71990 1.013920023191916
21 7 18 27 60776 1.0241203218358426
12 11 0 25 61077 1.0057335483339866
1 1 20 5 48762 1.0196165437551645
14 3 20 29 54458 0.9170002627651471
19 9 4 10 46962 0.9205497229675884
5 14 13 26 51803 1.0597654475762963
11 14 5 19 39616 1.0463746210853913
15 27 7 2 60967 1.001595924658554
16 25 23 12 61094 1.0533518567781028
6 11 12 18 41146 0.9513649165026598
24 7 13 24 54508 0.964770638363802
4 16 17 24 42475 1.0073973126943092
27 9 4 26 75608 1.0847969317531176
29 0 24 7 33317 0.9524426384759612
6 0 25 17 80313 1.0337421896557868
13 16 24 19 37483 1.0349694046052214
11 9 1 20 63284 0.9098019684763482
24 22 19 1 74192 0.9494541928195857
28 16 12 25 47288 1.0276223220709404
19 9 24 21 56655 0.9837375175401439
17 13 4 15 54421 0.9372741252407734
27 17 8 15 59835 1.0001442646970902
24 1 19 11 47857 1.0268438052653481
27 23 6 9 76925 1.0306817847024163
13 18 25 18 31192 1.0559430140687291
18 11 1 4 51275 1.0626584459080441
8 19 11 6 56026 1.0833528977999614
11 0 9 17 52445 1.0673706934328109
22 21 6 20 42208 0.9001818255110156
8 6 26 22 82992 1.0461122743324847
27 2 14 3 36641 0.9221975576088127
16 20 7 15 31920 0.9148845954978949
15 11 28 11 46782 1.01591485120922
24 9 10 9 40441 0.9828071971149936
28 6 19 27 54516 0.9728193252656251
28 27 21 3 58363 0.914954383391663
29 23 26 9 44386 0.9220163015838749
12 12 25 13 69342 1.0846019765588117
22 1 23 10 37172 0.9825866691068428
3 12 18 26 77261 0.9618357268721859
27 16 6 0 74821 0.9480245958757294
23 8 8 23 62640 1.095129085557909
3 1 18 23 77391 1.0744485355467959
0 22 20 22 54674 1.0022016853654059
4 13 18 14 64713 0.9644544987532417
28 11 11 2 56713 0.972585877641792
5 23 23 7 73489 0.9809367993871606
6 10 26 23 76228 1.0952022234096415
6 17 17 21 37277 0.9846835834849819
23 7 13 7 30677 0.9940458516348641
3 20 6 13 34001 0.9597900444985114
15 24 16 8 31690 1.0977935863635915
20 15 16 25 41327 1.030752073700412
6 7 13 19 42822 1.0154497837656566
3 8 5 16 39173 1.0573275180241015
3 25 13 10 51414 1.016514332307682
28 28 10 23 41507 1.069530521873275
28 2 16 28 79254 1.028464301742458
6 29 21 24 38147 0.9516774701947971
27 3 16 26 67629 0.9782396103645483
3 0 8 25 82958 1.090194923545334
10 27 20 19 40014 1.0998398198440678
5 2 16 10 46141 0.9225221114839215
3 22 0 1 80575 1.0621830182728873
17 26 14 8 33482 1.049729509486503
7 22 26 9 74836 1.0101739724241205
28 0 6 28 89030 0.9027724123624155
14 25 0 10 66186 1.0319894621705779
3 7 22 11 61690 1.0470684943998443
8 29 27 11 72085 0.9718895271866971
22 5 7 10 48216 0.9184690627222184
12 12 16 28 53226 0.9563288993141028
27 6 16 25 69418 1.0927447751303676
11 20 25 23 40979 0.906595941347296
0 15 7 7 45305 1.0872442859617153
7 9 7 24 49226 1.0989666290842197
7 10 1 6 27923 1.0627175816861996
29 20 18 28 39073 0.9179866582790075
18 21 8 29 37478 0.9046812215894969
6 29 7 16 43211 0.9403829105533993
26 21 20 25 30399 1.0129251972956181
17 16 18 28 40375 0.9338935573216911
3 23 16 2 78736 0.9767942812374494
1 13 24 24 71317 0.9180056221715888
18 3 23 13 53214 1.0541422696048608
9 11 28 22 73888 1.0841062913194326
28 26 12 20 37283 0.9008748714106253
27 9 0 0 77240 0.9627411998378727
8 21 22 23 38705 0.9756226634767509
4 29 23 0 89708 1.018910233843792
19 26 3 6 76427 1.055284784721273
14 23 24 11 55355 0.9432183027996047
6 22 7 11 38523 1.0733007872983418
24 23 11 3 68366 1.067208451493919
20 6 3 20 70059 0.9622623759429489
2 15 7 22 35011 0.920279032707388
1 1 23 29 91841 0.9687435433546184
18 8 23 17 46025 1.0589276051730794
5 7 25 8 50400 0.9736131129777198
4 11 6 28 74738 0.9483646071092738
7 23 0 20 27438 1.090041225249927
29 22 0 5 88919 1.0097790754676987
25 7 14 0 43467 1.0065962476989874
25 25 25 5 58787 1.037678704158227
29 14 3 9 79281 0.9354165717460707
9 20 14 4 38195 0.9476632102713055
2 22 5 4 69906 1.003244868240682
15 20 0 16 43047 1.0106632679865573
20 26 19 11 52877 1.0546782520763727
1 9 8 29 78560 0.925341875479097
25 14 9 19 63389 1.0565722011897203
14 8 22 14 39010 0.9137173516817083
1 26 18 17 52564 0.9055423459661431
6 7 11 25 56232 0.9122107320222984
5 7 19 16 50355 0.9466881105364193
5 21 13 25 32097 0.9402103325329558
22 18 12 24 34266 1.0954045860132353
2 18 4 1 67556 1.0672049355297126
24 14 7 12 66950 1.0609356622019466
6 26 12 5 56472 0.9163513207836137
17 28 26 13 65047 0.9039278810858968
5 5 3 22 78894 0.9483115993693465
9 17 19 10 43878 0.9335694872286849
23 15 18 21 35310 1.0437277526933904
12 29 10 15 40319 0.9207113397706702
6 5 24 13 74062 0.9314612070577255
10 18 2 29 51701 0.9828272789099407
21 29 10 8 55281 0.9504373873069962
14 1 6 18 47828 0.9695753813205639
21 3 18 14 50775 0.9027752768220296
1 16 10 27 54504 0.9073536126750477
26 13 13 5 59099 1.0025557509230523
18 4 2 0 41585 0.9714845172765727
27 10 16 2 52433 0.9877563953605565
25 27 4 5 86819 0.9967445306477656
4 9 11 24 60111 0.9104867469196296
29 4 2 13 82753 1.0909088436276462
9 10 5 19 43147 0.9138076979970197
29 1 2 12 88114 0.9819973711858351
1 1 14 9 41375 1.0937183591720612
2 13 3 2 52665 0.9931749852102597
3 9 14 14 41397 1.0411473327380256
11 21 6 5 52200 0.9228837681738598
28 9 17 20 50143 0.9615381027785239
7 6 17 20 48257 0.9402247201317508
13 28 19 2 61696 0.9660176663783961
14 29 9 22 30082 0.9778765564955543
19 21 12 12 41678 0.9660668685461897
19 10 21 23 52027 0.9917698952067308
10 6 13 26 48754 1.0817848916281216
2 11 7 0 51867 0.9723095475991277
8 16 14 6 31880 0.97378719080893
23 28 14 4 61116 0.9810697614532782
3 10 28 29 86932 0.924167381451934
3 21 16 13 51932 0.914865380506497
2 27 12 17 46743 0.9144864880149521
4 4 28 23 76064 0.9707103166230145
15 7 6 28 54885 0.9530623549110496
23 13 14 21 43292 1.0589235849945755
29 20 4 7 85865 0.998040355515794
11 25 10 4 49193 0.94028296583929
17 6 5 28 76197 1.0424348340251115
3 17 28 6 81495 1.0119501936000828
1 12 24 1 78102 0.9879916345996957
19 4 12 21 40941 1.0963658022500402
13 22 16 12 33119 0.9448519048296069
7 1 12 11 44115 1.0303919993481516
8 16 15 29 38344 1.0306638546278015
21 8 1 5 49623 0.9620556869031174
19 29 28 3 66328 1.085168674823562
8 2 10 10 41977 1.0238029814161562
13 23 8 15 39550 0.9029855793515916
1 24 23 13 72606 1.098687427155417
13 4 25 27 63143 1.0331990915303282
25 18 6 26 55541 1.0536514802774315
14 20 19 1 45408 0.9645979785633441
20 16 6 8 45282 1.0868284907421448
19 10 12 24 39718 1.0063920883627813
20 24 23 11 57366 1.009087840374147
3 1 15 10 46833 0.9144243265919989
18 6 19 15 39513 1.0567988943316733
27 27 24 17 36325 0.9549587262124783
22 24 18 1 64563 0.939610286617349
27 16 6 3 66195 1.0110339573445497
28 13 15 25 50159 1.0347543930106609
20 5 18 24 55616 0.9495245282670289
13 6 23 18 47731 1.074179073600774
5 26 27 11 69906 1.0799797986685302
25 10 14 23 52753 0.9023705856231515
28 29 4 15 75240 0.9562635355998687
23 21 17 5 62124 0.9411616934065453
28 7 9 28 78686 0.9353374349322598
14 0 6 13 49584 0.976542835243541
5 20 4 1 75239 1.021808554881594
2 18 11 17 30094 1.0855651819640206
9 2 15 22 55085 0.942957210788884
13 25 18 5 48813 1.078747233219335
20 10 17 26 47295 1.0622583857200143
23 11 3 14 82899 1.0182813757020628
21 22 16 10 45081 0.9311790933198122
2 10 12 29 72240 0.9821268412109339
10 29 12 8 45716 1.0790470146375826
18 12 15 3 41834 0.9356276513459952
9 24 28 29 40013 1.0731114235995443
19 5 1 9 49950 0.9170931873550621
21 27 13 21 27524 1.0966431572040003
25 8 8 8 37705 1.0326119881478666
18 28 0 5 81473 1.057437061898669
15 28 23 14 58222 1.0819474594269824
3 28 21 27 48113 1.0365466600999558
29 3 22 6 25609 1.0600020597235078
0 11 28 24 91856 1.0732696943352389
5 23 20 24 34347 0.9838488071787335
6 7 16 11 39176 0.9337661291776579
0 14 24 6 88293 0.9289090791288337
23 13 7 28 70125 1.0536078771627024
5 19 20 18 43639 0.963027903765583
27 25 9 24 39646 0.9449739966498747
22 7 24 23 60557 1.018469474675209
12 11 28 1 51291 0.9150129972469888
28 20 16 5 58908 1.0329411115490361
18 27 12 22 26914 1.0868662417957693
0 26 25 20 62305 0.9180825503857536
10 10 7 20 42640 1.064943168255736
5 11 14 20 50404 1.0763777798701764
29 11 2 14 88509 0.9975754145479089
14 18 8 1 47183 0.9500205764245983
14 22 3 20 30195 0.9718647132123728
5 8 18 12 47643 1.0059018641578867
11 9 25 3 47421 0.9822532566747889
11 6 16 20 42573 1.0529967985108117
0 9 9 12 46959 1.0481387411243757
9 18 3 2 68248 0.9562931682280822
27 16 28 0 34487 1.0150267969147202
1 28 21 5 81652 0.9953721957166347
19 13 27 15 37905 0.957922327299799
26 8 23 18 37741 1.0402599177808725
15 3 1 6 36023 1.0776358990919637
6 21 0 9 55792 1.0346354271754965
12 16 10 7 30922 0.9591411109504832
1 13 7 3 42718 1.0260051712168208
2 20 27 2 91177 0.9523547341807919
15 16 4 25 40183 1.0516570209800506
12 2 20 0 27059 1.0553825849102083
22 1 8 29 78120 0.9450624799078013
21 13 14 1 48026 1.078684036144977
1 19 11 22 38172 1.009347763151952
14 4 28 11 37405 1.079165187618204
10 15 24 10 54674 1.0623213034390615
19 5 11 22 52392 1.0913817424838363
8 14 11 6 50132 1.041251228531577
26 11 7 8 59987 0.9906888243083574
15 12 2 29 59014 0.9599481721798799
27 13 3 17 80523 0.9013027601986772
16 8 25 28 66508 1.0024545993674991
2 25 0 8 61393 1.0485227486219455
27 29 23 2 65050 0.9230815106230458
15 18 27 13 50160 0.9096369638771572
22 17 6 25 54004 0.977778131930343
14 29 9 11 53512 1.029518153828826
8 21 11 12 51209 1.0479176899380382
17 10 11 6 33131 1.0241283332301334
20 7 8 26 57455 0.9823512383678876
1 5 9 17 60057 0.9965642460363676
14 25 0 11 67464 1.0913131679247434
9 1 19 10 47016 0.9562899753948821
14 29 11 13 42938 1.0621283718035728
23 27 9 0 73547 0.9435819300129535
6 21 0 12 48060 0.9417201320385626
18 2 21 24 62946 0.9040149982732478
19 23 14 29 21297 0.9614274336374657
12 22 7 29 34287 1.0052101533519107
26 1 2 19 93075 0.9406021854614217
14 2 21 23 50935 1.0480974496124058
29 25 14 17 41783 1.0712669474153924
15 22 25 19 42456 0.9344926770990682
27 2 4 26 87776 1.0674688173442979
20 18 10 12 50553 0.926546972188284
14 3 8 8 22092 1.0216854772665374
17 20 5 14 47789 1.0378100587044945
28 12 17 27 48953 0.9173865020532502
4 23 2 5 79013 1.002847209194096
9 12 14 29 59176 0.931925948078566
12 24 8 4 46003 1.0298578322296588
28 29 10 8 63425 1.0266347289439728
6 20 6 3 60137 0.9178009149958266
22 24 20 13 48517 1.0209938399986414
20 14 29 20 39327 0.9987146217382683
12 29 26 3 71840 1.035743424344177
9 14 29 20 70232 0.9732501830210949
28 17 24 1 44852 0.9400263435365953
12 17 1 9 54365 0.9465989200189091
16 6 27 12 56592 1.0367396504479887
21 8 12 12 35218 1.0224609968431364
17 5 12 25 50299 0.9898676512154164
2 3 20 25 73903 0.9417495589439542
24 22 2 8 78868 0.9857007966436913
8 26 13 0 54197 0.952169639030868
29 14 20 0 52129 0.9267797872318466
24 20 14 20 26601 1.0892818186214779
4 2 2 27 93523 1.0091755765621389
10 18 25 18 39121 1.067710544278519
10 1 17 26 58789 0.9111283630439196
5 3 9 27 72385 0.9021681131193683
0 5 24 3 51076 0.919699750437716
9 3 19 1 34527 0.9625075742086869
1 19 27 16 71998 1.07374001748976
9 16 11 25 35081 0.9771916224631616
24 21 22 7 52951 0.9648230262509371
28 28 14 23 31435 0.9010797913599501
5 15 9 29 57673 0.9745624056641138
26 13 2 8 78785 1.078926455532008
4 1 16 23 72286 0.9349958628210864
27 7 4 25 84345 0.9255157116716204
28 26 16 14 52551 0.9528735000286933
17 22 27 16 47370 1.0647208060521671
28 26 3 19 66364 0.994258138875253
25 9 25 23 56558 0.9842511374760501
29 1 15 26 71080 0.9728255046760851
3 25 6 12 56487 1.0710726541485582
22 25 3 12 85067 1.0397101047325492
3 9 11 16 49275 0.9792054941681477
5 26 26 13 72390 0.9622442814021069
29 28 9 22 57124 1.050539481776259
20 14 1 24 62487 1.06801084712065
20 28 9 11 70609 0.9163996841994855
7 20 0 16 29204 0.9064642667227336
2 22 0 10 46739 0.9632157820145808
4 19 22 12 67308 1.0038627793821608
22 26 1 17 63670 0.9722290907506006
16 23 2 10 69810 1.0233062520757552
25 19 8 0 78171 0.9988042421768921
6 3 11 13 50711 1.0876835057668344
24 10 12 5 46823 0.9853991206913923
10 13 6 19 36202 0.928948256164389
13 8 0 22 61146 0.9736121247911131
14 27 12 8 34786 1.0706957624407132
7 1 22 25 72475 0.901290373874345
17 0 12 11 34842 0.9225664975403789
13 1 14 14 24644 0.9806376841227844
13 4 20 23 50951 1.0043295061538609
22 5 16 12 47235 0.9822758400818411
19 11 13 26 44917 0.941696789793163
15 8 11 18 25122 0.9321386868273203
7 18 18 19 33210 0.9611569668239656
5 22 24 26 46463 0.9251641024099264
1 3 10 14 62592 0.9109971501064293
7 6 27 11 60369 0.9703823686582846
0 9 4 22 57204 0.9354741523011728
25 23 2 13 83403 0.9835154263099917
21 22 16 16 33535 0.9581813229119935
11 15 4 2 66663 1.0908546290556653
17 7 11 16 33405 0.9097939908776403
26 29 26 18 27636 1.0857187088094085
14 4 11 15 33760 1.0464408845384168
27 15 10 21 56860 0.9919170151518562
25 25 28 9 36501 0.9964401418018637
6 6 12 16 43222 1.0575449483391541
13 24 13 9 31474 1.0788578393943584
16 5 8 10 37914 0.9684523719111043
6 10 1 3 35509 0.9684186036608345
12 0 5 26 61565 1.041674498818704
2 18 13 3 61316 1.0695150865354353
8 13 11 0 58164 0.9607282785011243
9 3 9 17 55083 1.0611456323156143
9 28 21 11 72132 0.9970115789900391
29 24 21 27 19151 0.9546404265524469
0 27 17 24 36858 0.9890830653376551
4 1 1 29 97846 1.09882424713307
18 25 27 22 29655 0.9675340526604344
22 29 10 15 52316 1.0582565020793073
18 6 14 17 34631 0.9347020496779198
1 25 5 17 41791 0.9497142576812719
16 6 26 16 58117 1.0861941210237396
11 11 20 15 45434 0.991343806102042
1 17 10 0 70301 0.9952343536895647
2 26 20 6 72077 0.9753478544140763
23 25 15 28 30475 0.9543360952685142
19 5 15 25 49259 1.0134520012010364
2 21 13 29 46313 0.9167016753210661
12 2 24 16 56086 0.9922115380400236
17 23 4 17 53561 0.9902077587665378
10 2 29 4 43110 0.9606130044479221
22 10 11 0 46071 1.0137383118483443
14 13 18 23 29264 1.0197362409104356
8 10 14 15 27260 1.050897553946644
22 7 8 12 56567 1.0445605152996398
1 19 8 1 71915 0.9582096583693265
4 26 21 29 35431 1.086785175071922
5 9 16 6 42942 0.9840760566395962
12 29 17 0 58046 1.0735749864410236
0 0 23 11 80037 0.9368919732246603
23 24 18 1 65948 0.9826976054099374
22 2 0 16 75826 0.934941975124455
4 24 17 15 42789 0.946932098241416
12 6 7 26 52981 0.9436521850617339
27 24 2 19 65229 0.955022849387434
13 1 6 28 64766 1.0775412244707705
12 25 12 8 36377 0.9923467157247242
20 17 0 11 75179 0.9517505076135218
29 18 11 5 65954 1.0801446569278235
29 25 2 18 70429 1.0984727850324176
3 12 10 7 46944 1.0740373149214444
22 22 0 6 83160 1.0101850146780118
18 17 3 11 66845 0.9717969754245304
6 9 0 19 50804 1.0310786639446399
29 17 2 21 80004 1.0132675247842275
3 10 2 1 40253 0.9022483380547733
12 1 15 22 44242 0.9830989217982604
9 16 20 26 38811 1.021643357525587
8 2 12 13 49901 0.9117067924800729
28 13 21 19 32497 0.944919021485379
8 18 24 23 48218 0.9909324258798893
1 1 1 22 69494 0.9198288444785138
12 20 26 13 61491 0.9602016665910215
5 25 8 6 71499 1.0032135988987454
11 13 17 4 37984 0.9575852326647621
18 4 6 29 64032 0.9440290117059442
20 17 24 6 57774 0.9102590880452058
4 7 14 29 63510 1.0915148084493052
29 16 4 1 79357 0.9769741985499578
1 10 12 24 64984 1.0462566979430337
18 14 20 27 52287 0.927011060898268
22 21 14 0 54259 0.9611549040035451
12 19 20 5 46937 1.0928599224562134
11 3 29 0 47096 0.9536477470884431
26 0 26 10 31085 0.9067867568035993
3 27 20 26 34987 1.0249683621858
18 18 14 7 27356 1.032334030592187
9 20 18 23 30867 0.9263936541829184
19 0 25 4 25102 1.0599095799739517
13 29 10 21 26658 1.0647432671972017
18 14 5 2 66234 1.0377297161642447
4 14 7 25 50063 0.9122033300747535
24 12 20 23 64923 0.9089775203670754
15 29 16 2 61024 1.094902605516498
1 15 14 19 40022 0.9762264434549072
6 28 2 8 76739 0.9643738244103975
27 21 6 22 55917 0.9459013445813365
29 7 28 19 27377 0.9249996453032349
28 27 15 28 34548 0.9850765973574015
0 28 21 2 87876 1.0584724475464493
3 20 19 18 44695 0.9828716677607794
4 5 19 3 37003 1.0438593279593025
18 28 24 1 84226 0.9194854389726107
7 6 23 13 65592 0.9178910349635389
2 5 8 0 29424 0.9963320533753067
17 6 22 18 56190 0.9683709664870339
20 26 6 15 49586 0.9186833462131728
20 7 6 12 52128 1.042811396709193
19 0 8 24 62531 0.9910048425282241
16 18 8 24 26425 1.0544512500265322
17 11 12 4 30498 1.059046962406395
22 19 1 1 79901 1.0174611822912232
7 15 8 27 42964 0.9479154470167586
9 11 11 28 66098 1.0315130496088711
15 5 21 0 29014 1.0060559895288004
0 20 21 6 77755 1.0603199914591515
9 7 0 2 36455 0.9166968778342016
11 5 0 7 36967 1.0647310790093096
20 25 11 27 25451 1.005904246926369
22 8 29 0 31609 1.0373212851883078
20 2 17 11 48547 1.0858125708578594
24 15 3 8 67361 1.0083592430081665
16 8 28 1 40181 1.0175142176976641
27 8 21 26 45700 0.9416628460541346
0 2 17 12 65020 0.9970367311047835
25 4 19 20 57788 1.0000091583103894
7 11 16 26 53861 0.9856650372582761
28 24 0 22 60811 1.0541972542654348
19 18 8 11 49914 1.010705813798042
4 19 11 16 29867 1.0492454661899653
7 17 20 15 42735 0.968353914718485
17 29 1 6 74156 0.9366076302442997
22 11 16 1 48597 1.0161369621191119
22 19 12 3 55407 0.9695862973386598
25 9 11 4 45751 0.9045998081089723
12 26 13 14 27600 0.9372228453659355
17 3 14 14 27797 0.9496509010309082
21 15 15 5 43184 0.9350015246573238
17 5 0 27 74856 0.9953171713732503
9 17 14 28 36337 0.9950632147292471
20 1 2 14 80830 0.9118568067726597
7 5 1 11 33862 0.9298387904369008
6 9 29 10 59762 0.9336498393665056
8 25 28 17 53077 1.0939072079173022
22 27 17 1 68929 1.0214400289471408
5 1 18 4 32924 1.0549362893366059
17 25 24 22 30363 1.0984998033948503
26 13 8 8 64793 0.9769117255851545
6 23 13 0 60098 0.9023992774826016
5 18 24 8 60281 0.9415821522052079
28 5 16 28 72560 0.9369178973650811
9 15 25 4 58918 1.066896509846053
1 20 21 22 55668 0.9326119426620361
9 19 28 1 71440 0.9857976795224669
19 4 0 25 70543 1.0350809156682752
12 5 12 16 31930 0.9241769599676748
24 28 0 29 56077 1.0990094029112156
0 4 13 18 48973 0.9870410382400816
4 11 24 3 70231 0.9134822893389156
24 3 10 29 71962 0.9589556207155718
5 20 10 13 40246 0.9224724261665972
15 25 6 15 41263 0.981935352095281
8 12 13 2 52131 0.9947992535088794
9 11 21 26 60302 0.9573189521961332
14 17 22 29 35871 0.9551402832008876
27 21 4 19 67464 0.9173095423505594
9 12 18 28 72015 1.0115449489091657
13 22 6 5 49361 1.0972349937762342
26 21 3 26 53786 1.086670682514591
2 24 11 5 66621 1.0483345689897279
15 29 21 5 58778 1.0487592039354907
22 4 25 21 50741 0.9805579622134604
26 10 23 29 49337 1.0216139579054828
25 2 19 11 52825 0.9572441912092385
5 8 20 16 47242 1.027355281543318
11 1 13 25 51248 1.0388260677953736
15 1 14 24 40573 0.9526237159795344
22 5 2 7 53231 1.0993096837288234
10 23 25 23 39448 1.0454289741513938
28 1 4 1 59615 1.0496770098631056
12 16 11 7 30253 1.0504639557240831
11 25 5 1 68520 0.9141189143097048
16 22 4 16 41379 0.937192634075193
27 24 21 12 48150 0.9396568261625928
10 24 18 28 28744 1.0123957192518476
25 18 17 29 49969 1.051863795026402
22 19 12 27 42052 1.0232275760910143
10 15 27 16 47619 0.9337812182012455
3 22 21 12 74754 1.0496493128133082
21 2 0 10 64497 0.9860633614661105
28 16 24 6 36312 0.9502912197032173
24 14 3 7 80982 0.9623775998280086
1 24 20 10 63045 1.0938774731355678
23 27 19 17 43969 0.9979078245063101
27 11 4 25 78356 1.038444386088945
1 15 10 0 66552 1.0484700293724134
20 0 14 17 41368 1.0670978034230063
19 2 8 20 56261 0.9037247687740702
17 1 26 19 69376 1.0466674884852316
10 13 3 16 32021 1.052301292931064
14 5 26 15 54167 1.0921556629653753
27 26 29 18 17100 1.0985794744776551
4 27 29 17 67966 1.0926383695149293
12 14 21 28 47941 0.9157699128204914
21 24 22 7 59175 0.9586754178850972
7 28 21 8 63025 0.9503903564307767
26 15 18 22 50049 0.9670324792593411
12 11 2 26 54339 1.0101497595519333
25 18 29 27 27324 1.0646740955215788
4 22 20 15 60910 0.9197671359923468
20 0 4 2 52135 1.043053068796281
16 29 29 10 61550 1.0109555891665312
0 20 3 7 53301 0.9002579788007805
3 5 10 28 78236 0.9044041694112349
19 1 0 28 87334 0.95069151198264
3 22 10 13 55215 0.9754219168240021
16 9 10 4 26989 0.9391990409618487
29 19 13 26 38449 1.0957396678111875
14 26 21 17 36854 1.0327068482656014
10 1 1 20 76679 0.9750620219917612
22 22 13 15 38651 1.0335281202046842
2 19 7 10 43661 0.9783383660796758
22 14 27 28 49704 0.952173683116166
0 25 14 13 46769 1.0383778260004022
20 14 21 1 56196 0.927381476989706
29 14 12 16 49520 0.9129136436853906
12 9 14 0 21962 0.9075661221340594
14 17 4 18 26424 0.9565092989781678
8 12 0 29 76116 1.019747176216942
13 29 1 7 68228 0.9791686670161399
6 9 23 10 51293 0.9541614131193795
25 1 23 23 68487 1.0699250053603893
10 19 17 5 49233 0.9851861150387933
23 4 20 27 66249 1.0412950393487246
11 4 26 20 63622 0.9966389969641256
24 16 18 7 47845 1.0718067298607121
6 23 20 27 38307 1.073148152146354
20 19 4 20 44039 1.0850750288453825
16 27 11 7 50830 0.9919410767366367
29 11 6 10 67663 1.0321101257682996
23 0 29 27 66832 1.0240611622111964
1 16 7 11 30321 0.9387983783109592
13 1 20 16 42538 1.0204908817943281
24 4 9 26 61264 1.0996129250820448
26 12 11 29 73463 0.9207149614904678
23 7 6 26 67017 0.9699244925536972
27 5 9 29 78827 0.9777929683131025
21 0 2 4 43137 1.0951690704682964
0 15 21 21 64236 0.9640561298597017
6 16 29 19 64223 0.9097664511773418
12 21 4 12 60821 0.9632741838828642
9 2 22 23 72390 1.0716544690915137
23 4 8 16 50790 1.0877089727670957
0 0 10 17 73396 1.0515180037732648
0 25 28 0 94580 0.9340806401737431
4 16 12 0 55190 1.087766646376148
4 10 14 1 43350 1.0967516453836792
28 26 5 12 81189 1.0720728456980286
11 15 20 0 54204 0.9687583606009452
17 0 8 6 34249 1.0442553831141146
10 5 3 9 38715 1.0736089952443382
15 1 16 11 33216 0.9732368615477575
9 19 23 21 43196 0.9573355009220109
11 6 20 26 57697 1.0934423509812727
22 29 25 17 46899 0.982845935833372
14 12 27 11 49122 0.9175016959387734
15 25 10 10 39092 1.0948383644580897
10 22 19 21 29623 0.92270771156944
2 15 3 6 45931 1.0646066837664636
14 16 8 0 40191 1.0718300892271748
24 1 17 18 61347 0.9072821295057686
12 15 21 13 37018 0.9579725448244595
22 3 15 11 37446 0.9070687622719983
19 7 29 21 49061 1.029978381763339
8 0 21 2 38914 1.065568019673978
20 4 8 2 31784 1.0340990335134508
21 4 4 29 74137 0.9613285315375227
14 9 16 17 23247 1.0573494326983368
25 17 8 11 68222 0.9797991476047201
25 19 14 29 49482 0.952091474697141
2 2 13 20 58472 0.9988638374367662
4 26 21 21 43719 0.9262290471271697
24 16 7 8 52124 0.9078258729716349
5 27 1 19 37656 1.036719336896141
3 23 25 7 84875 0.9346429830573336
7 13 2 27 55031 0.9739843487833743
15 10 8 22 41568 1.089113697088344
3 16 21 0 69679 1.0723903103579442
20 23 28 26 25417 1.0806216552380639
7 16 0 10 35962 0.9974570904702603
3 16 22 21 55656 0.9051860105400256
23 23 28 12 37218 1.026089942148244
18 26 3 7 66956 1.0668560602809363
2 1 14 26 71829 1.03323077240425
0 20 21 28 63103 0.9143354105603353
20 29 22 21 32205 1.0487015169429155
15 23 27 4 59776 0.9470241554895394
21 14 1 28 70012 1.0218772175360722
26 9 11 10 46513 0.9919569999867164
19 19 24 14 34564 0.9114800165329585
26 19 22 28 34748 0.9776382923799567
13 11 8 26 38481 1.0373144268014896
3 25 12 12 60559 1.0835569224484125
9 29 5 2 79275 1.0927215986691494
13 24 6 27 22618 0.9616054982431433
12 8 25 19 55025 0.9115259859947541
13 8 8 19 38363 1.0514251217054484
4 8 8 27 67192 0.9734163456586586
16 20 10 13 36937 1.0503199098407963
28 12 12 24 51313 1.0232738196457996
18 26 2 15 56122 0.9985038233312887
18 28 11 9 58366 0.9257459800549181
14 29 0 0 79071 0.9872681341484351
14 13 28 13 44485 1.088999959841637
14 21 0 17 44963 1.085169313377161
10 17 13 29 35930 1.018469054284195
11 21 20 16 30240 1.0082440645769446
29 29 25 2 68076 0.9777441963707652
13 10 27 29 56537 1.04451242884885
27 27 9 2 85821 1.0771497063804976
29 3 29 13 32559 0.9276602676027284
23 24 12 3 56062 0.9133848440947157
15 0 29 28 76368 0.9915158030130858
3 18 5 2 70923 0.9713015263751046
24 28 7 13 72809 0.9901634824525396
17 23 5 0 72095 1.0197456891100822
15 14 0 7 50010 1.0854259339698993
18 5 26 7 36670 0.9103624128829857
21 0 6 11 58822 1.0472469549825
12 29 29 26 32564 1.044085398916548
27 4 22 28 58649 1.0979221347014532
0 3 19 4 36356 0.9367706858613786
3 13 29 27 92703 0.9830607597217541
19 6 5 2 43965 0.9448431040924441
22 10 26 23 54378 1.0577557254009153
26 13 23 22 45964 0.912860678917816
25 28 1 0 104642 1.0953050255066812
9 17 24 23 52709 0.9833047752063062
11 2 23 12 66706 1.0830030529775438
25 4 8 25 68983 1.015800719861415
17 27 18 18 35105 0.9149252500518632
27 2 12 20 66103 1.0541653128039403
9 9 29 24 69006 0.923883255172609
29 17 13 22 51480 1.0891555674309332
20 28 20 14 63967 0.9186674857112602
22 5 20 17 52005 0.9412628063041941
2 14 11 18 38401 0.9897170374621855
27 19 17 29 42984 0.9811222240376926
27 11 6 4 56446 0.9549992624595095
15 23 25 12 73861 0.9546532370957328
11 16 29 12 56630 1.0383033926032297
12 24 19 9 43926 0.9363309137948272
9 23 27 17 61012 1.0709364116206055
15 28 4 3 70763 0.9707588874867153
3 4 14 29 59683 0.9891559664103298
5 23 9 8 58874 1.0624443441345526
