5312 6162 5483 5738 4600 4533 6003 5004 5906 5032 5962 4607 4474 4887 4096 6019 4327 3917 5066 5008 4943 5986 4915 5403 5488 6649 7031 7404 7178
7798 7357 7842 6666 7918 6417 5854 7334 7460 7480 5694 6801 6307 7191 7452 6859 7808 8075 6853 6203 7411 8140 4112 5370 4089 5864 5281 5230 5824
6271 7491 8403 7650 7926 6213 7559 6292 6375 6237 8499 7851 7349 7440 6842 8162 6285 6126 6595 6775 6415 6544 7639 6160 7291 6300 6726 3677 3191
7338 6513 6633 8125 8540 8149 6268 6984 7415 7735 8258 7072 7673 7764 7027 6340 7560 6445 6441 6036 4468 6323 4880 6764 6896 5078 6055 4458 4979
6803 7071 7740 6669 6377 8027 8194 8614 6473 6374 7521 7939 7985 8688 6697 7993 8128 6295 8178 8114 3854 4278 3740 4895 4285 5259 3816 3950 4537
3530 3222 2781 3345 3587 2383 4720 4347 4640 3376 2847 2568 3893 2975 4425 4520 3930 4031 2628 2293 3607 2419 4263 4595 3758 3444 2679 2549 3710
3080 3672 2678 4932 3264 2789 3075 4172 4942 2917 2996 4250 2811 4753 4919 3696 3407 4894 5083 2959 2774 4427 2886 4583 3795 3068 4719 4101 4358
7067 6382 6312 6609 5729 7450 8177 6226 7436 6409 8032 5966 6412 3490 3285 4486 4307 3478 3947 4738 3669 4266 3728 3822 4318 4858 4235 5171 3848
5828 5737 5222 4762 4592 4901 5544 6298 5373 6169 5949 6701 6055 6038 6785 5233 5090 3580 4222 5134 3635 5737 5065 5668 5031 5583 3588 5394 4779
6669 7260 5767 6066 7288 6987 6633 6262 7958 5544 6130 6450 7594 6274 6905 7290 5716 7550 6073 3712 4149 3551 3612 2696 3577 3725 3932 4047 2392
5197 7346 7043 3404 2963 3962 5080 3237 5241 2828 4851 3154 4318 4303 3383 2881 2800 4412 4534 3480 4282 3546 4461 4066 3081 2899 3750 3378 4836
6959 7065 7396 6326 7795 7597 7050 8038 6935 6178 6765 7889 7817 7984 6090 6928 7847 6102 7430 6295 8095 7630 6609 6240 8169 6412 6495 6054 8287
5015 5215 2990 5365 3104 3061 3004 4599 3715 5253 4932 3757 4434 3698 4442 3099 3134 5218 3658 4318 5010 5428 3123 3308 5222 2811 2822 4373 4371
4565 3129 2704 3251 3447 4694 2895 3972 3579 5094 3525 4341 3622 3453 2878 4343 3046 3325 4693 3005 3696 5135 4056 5023 6023 6461 6994 6380 5989
4645 5404 5541 4550 4834 5573 4901 3626 4496 3763 4386 4331 5119 5239 4617 4505 7781 6971 6442 7061 7839 6759 7732 7625 6795 5523 5584 6165 7750
3859 4292 5575 3990 4722 4553 4315 5130 4569 4063 5119 3276 4289 3779 1582 3031 2115 1547 3617 1434 3552 2888 1952 2574 3482 1302 3549 3212 1709
2927 1785 3973 2782 2002 4147 3769 4339 2396 4336 1805 4088 2127 3740 2945 4266 3016 3035 3844 3775 2124 4351 4078 3402 2306 3993 3544 3257 2379
6930 5192 5277 6200 4973 7183 5543 6120 5465 5556 6652 6298 5551 5011 6801 6451 6530 6553 1781 3045 3114 2486 1678 3377 3326 2457 1744 1483 3595
4931 4559 5090 4291 6560 4920 5260 5910 6217 5189 5813 4324 4642 6736 5608 4967 5162 5088 4962 5600 4362 4461 5902 6140 6202 5862 5450 6625 2179
4583 3426 3996 2086 3806 3279 4098 2115 3372 3671 3926 2435 3012 2556 3575 3572 4017 3636 3945 3143 4450 1955 2544 3601 3757 2769 3926 3903 2028
5944 5931 3928 3133 4392 5498 5128 5261 3209 4584 4316 2986 3569 4357 5411 4703 3250 4713 3947 4640 4925 4370 3597 5265 5487 4079 3784 5365 5365
3810 2241 4517 4091 3286 2541 3601 1874 2347 2804 3003 2316 3777 2860 3651 3281 3299 3408 3046 3594 3839 2119 1640 2106 3421 3190 2685 3546 2111
6588 6509 7539 6777 5835 6399 5966 7778 6057 7222 7140 5454 6051 5424 6587 5867 6259 5640 5784 7058 6740 7493 5634 5625 6663 7111 5952 6758 7328
4883 4693 5531 5143 6144 2753 3719 2806 3831 3938 3102 3783 2287 1829 1809 1873 1896 3574 3300 3133 3770 2025 3885 2527 1961 3325 3704 2213 2897
7841 7947 6277 6886 6085 7969 6369 7247 6344 7300 6681 7957 5799 7855 5986 7127 6835 6098 8101 6575 7502 8183 2442 2656 3544 2641 3171 3249 2569
6794 7061 6652 4679 5749 5995 5803 5633 5312 6436 5070 6617 5642 5019 5394 6033 4913 6634 7138 5198 5315 5028 5299 5089 4970 7039 6876 6229 6276
2709 3325 4467 2739 3921 3559 4262 3770 4008 3533 4339 2424 3371 5944 6687 6828 7084 7293 7572 7220 7730 6641 6519 5684 7745 7132 6293 6994 6259
6845 5086 5672 5526 6423 6332 5290 4643 3158 3165 5408 4020 4922 3626 3700 5191 5118 4210 5127 5184 3506 3202 3394 4210 4101 3138 3937 4564 3992
6793 5983 5344 6707 5573 6072 5846 5690 5387 3856 4248 4834 5868 5575 3613 4563 4680 5344 3971 3677 5333 5937 4115 4337 5422 4783 4476 5508 3768
4231 5350 5470 5874 5297 6234 5816 6283 4609 6452 6075 5297 6402 5051 6365 5650 5073 5455 6150 5574 6130 6395 5782 4694 5972 4753 5281 6217 4260
3535 2967 5374 6511 2757 5975 3271 4214 5319 7580 2611 4766 6395 3576 6368 7084 7749 6189 5098 5037 7525 4715 5489 6753 4828 7056 4783 6291 7413 2058
5071 3452 3830 6577 4457 6858 2661 2593 6549 5967 4876 6237 8294 5725 5739 6205 7467 4664 6465 4017 8438 4368 4616 6987 3885 6512 5193 6272 6803 2125
3077 2150 5412 5864 3903 5980 4133 3705 4928 5761 4593 5881 8102 5129 6413 6308 7708 6462 5947 4367 6602 2771 3741 6651 3919 7617 3334 6362 5930 2908
5399 3680 4839 4069 6927 7585 2277 4414 5321 7603 2990 4510 8131 5530 7362 8616 7837 5963 6933 3756 7040 4397 4893 4505 3154 7346 3813 5640 7836 3742
3830 4016 4587 6472 6277 7486 2541 3443 6303 5138 3846 6706 6572 5497 7608 6726 7179 6616 5022 3624 8596 4180 3854 3764 3168 6931 4191 6410 6234 2487
4690 2425 4170 4373 5466 6266 2632 3280 7238 5224 4912 6508 8024 3929 7432 8005 7950 5481 7329 5894 7515 4446 5383 4479 5295 5656 4403 7413 7915 3343
4754 2783 5002 6324 6063 5737 2639 4778 5071 6186 4740 6561 6420 4010 6887 7021 6204 5959 5893 4412 6868 2398 4656 4290 6192 6613 5078 6057 6290 2456
3227 4039 5742 6018 4880 6791 3146 2497 7226 6533 3760 5592 6422 4383 5495 7758 4513 5047 7149 5213 5750 3536 3754 4182 5683 6584 5584 5880 5720 3658
7870 4081 4649 4059 4784 6686 2626 4468 7734 7561 2590 5518 7236 3874 7828 6737 3981 6864 6315 3875 6702 4100 4059 4829 4288 6644 4054 7844 8051 3935
7037 3486 5252 5135 5410 6637 3727 2738 7107 6760 4539 4791 6845 5617 6760 8030 4875 6416 6745 5349 6720 2650 4445 4019 4186 7770 3361 7085 7588 3693
7753 4602 4216 3420 5396 7668 3509 3504 6415 6137 4573 5910 6397 4607 7497 6802 4778 5942 5242 8219 5991 4751 3808 3586 6056 8005 5548 6884 7242 2830
7024 3270 5781 2827 5525 7500 1823 2506 6186 6568 2859 5378 7996 5943 3477 7223 5562 6654 5657 7892 5059 3485 4438 4675 4610 7743 4744 2938 5880 2053
6679 3350 5009 3323 6259 6542 2599 3220 6358 6112 2916 5085 8288 5222 3228 7557 5123 6475 5676 8261 6698 2939 5697 4603 4878 8051 3243 2524 8049 1800
7206 4621 4921 2666 6704 7110 2659 3508 7570 6314 4672 5197 6931 4565 3361 6848 5285 7022 5069 7415 6624 4611 3551 3526 5770 6905 4290 2942 6113 2697
6186 2268 6473 2801 6696 6568 3053 3546 6980 5141 3192 6619 7471 5217 3856 6419 4932 5725 7275 8474 7242 4592 5014 3075 4804 6451 3253 4092 8044 1523
6221 3264 5657 2327 6927 7414 2602 4003 6757 5210 4276 6577 7437 5262 3250 7620 3193 7402 5224 6636 5566 4755 4641 4261 6100 6478 4916 3671 7307 3120
7929 3128 4346 1827 6309 7610 3262 2634 6432 6070 2629 5997 7191 3686 4202 7774 5109 6894 5153 8236 6485 2459 3556 4803 6366 7984 3947 3897 8008 3496
7477 3896 5708 1875 6226 6104 3225 3950 6058 5112 3214 6081 6600 4301 2497 6322 4227 6615 6777 6368 6796 4584 3714 3320 4395 5956 4194 3937 6619 1837
6679 5372 5108 2342 5030 6461 5371 4480 6067 5253 3487 4398 7018 6356 3603 8146 4480 5869 5883 6796 6803 4037 3410 3948 6449 6811 5053 3894 6028 2287
8063 4222 4730 2033 6274 5889 3761 4038 6816 6919 3416 1730 8817 6306 2562 6611 4092 7336 5241 7595 5842 3127 5423 3115 6009 6069 5001 2359 7237 3350
8483 5024 4651 1536 5210 6043 3780 4838 6071 6029 3512 2474 8659 5941 3560 7649 4418 5714 6031 8026 6511 4194 7243 3314 4799 7351 4224 2812 5547 1383
6910 4949 4292 3205 5062 6063 4470 3115 6555 5732 4761 2974 7190 5244 3878 7363 3689 6490 6029 8529 6758 3145 7409 3825 5481 8195 4847 4090 4142 1792
7957 4847 5657 2721 6285 7238 3324 5012 6489 4043 3116 3982 7212 5803 3457 7294 4905 7459 7790 7610 5722 3204 6750 3380 6372 3385 5445 4237 6171 2167
8635 4074 5454 1719 5436 6503 4939 3343 7909 3733 4106 2398 7569 5134 3779 3205 4709 8263 8019 6995 6939 2421 7715 3161 5157 1720 4040 4759 6401 2879
8005 4958 4834 1335 6206 6257 4636 3864 6175 5601 4201 2741 6689 6803 2677 3569 3186 7819 7030 8269 5156 4609 6696 3432 5878 2227 5589 4785 4123 4969
8439 5257 6157 1396 5118 7484 4983 3752 7240 5386 4037 2201 8363 4783 4786 4283 3842 6056 6760 6476 5614 4129 6745 3405 5020 1717 3422 4614 6467 4588
6128 4638 6369 1219 5821 6296 3677 2803 6367 5161 4621 1948 6948 6603 4056 4264 5250 7340 7514 6724 5544 3792 5340 3511 4695 1498 4507 2938 4846 5137
8635 4434 6639 3264 4773 6416 4368 4950 6142 5615 7476 3053 7912 6595 4162 4881 4925 5941 8316 8178 6905 4118 7398 5035 4333 1768 5268 3252 5981 4015
7656 5296 4361 1393 7037 5689 4422 4978 7708 4784 6074 3723 6884 4698 2529 5234 4518 5933 7518 8797 6264 2724 7408 4991 5565 1910 3121 3470 5141 5087
27 21 11 0 109527 1.0249598348567166
18 22 6 27 61094 1.0581468818867008
4 16 20 6 91127 1.0367830502692328
23 12 6 22 85492 1.024375653489995
8 0 13 29 118791 1.0743793463610076
2 7 15 16 77748 1.0890728804393106
24 19 14 13 55452 0.9936988934845408
6 14 2 23 51231 0.9620549306952075
13 22 5 18 41968 0.9181276454095674
29 5 3 27 157017 1.03108436823385
7 13 2 4 54882 0.931009410233384
8 23 18 7 82696 1.0502549019033038
16 14 20 3 43608 1.0951877833882435
14 28 19 2 91703 0.9289355184471455
11 15 1 22 65844 0.9521345704277105
6 25 22 28 62617 1.0368174526465714
19 22 6 19 55619 1.0094366963983832
25 8 21 25 64575 1.09768888364991
27 5 16 20 86621 0.9263319288584375
7 0 4 10 46506 0.9840988916447899
28 7 10 28 115574 1.0538959488064552
9 8 22 9 59180 0.9909797674023435
1 17 16 13 86839 1.0755709148008963
9 17 4 1 76610 1.0099984734522856
24 6 15 27 84746 1.0526045137320512
0 2 22 27 149572 0.9747957212235647
9 14 5 23 54099 1.0733654200178
17 5 3 2 62982 0.93309225469823
1 0 23 28 149580 0.9436083049663835
14 2 28 10 65214 1.0119450944482087
14 1 25 3 29883 0.9018162351239472
15 0 12 21 80682 1.0544966300248486
8 28 27 3 120845 1.081215828638903
9 3 19 20 84787 0.9877562529281333
17 10 16 25 49326 0.9596205317840334
22 15 18 7 41186 1.0094877262151185
29 12 9 11 77907 1.0066086706610187
2 5 11 9 49629 0.9746348213023887
26 15 15 28 72281 0.9644803794034678
20 1 14 17 68922 1.0652069229626853
18 4 23 19 60592 0.9246335884401378
14 18 16 9 34896 1.0976058599257652
8 6 22 23 95374 0.9426640620803385
29 2 6 11 86751 0.9173845777065054
0 14 24 6 118079 1.0293243191309431
21 7 9 10 50310 1.020694521252606
28 16 16 18 58883 0.9081180365064272
15 4 1 11 75773 1.0146533672740095
3 0 5 23 89559 1.0828007368694978
23 3 15 20 67646 1.0995506562769999
8 28 15 22 41090 0.9126210018327826
19 26 23 11 53918 1.0445001148767263
18 27 11 11 70192 1.0622184745618193
7 4 17 15 74290 1.0255701424977501
4 25 1 14 71286 1.060309864479538
25 1 22 8 43821 1.0121707976065757
7 6 23 10 63646 0.9900281645597285
25 0 4 12 106948 1.0174129117812134
3 27 5 6 86926 0.9950404828851998
12 28 23 16 68033 0.959048973616684
28 20 20 6 75530 0.9337522750436936
4 22 17 2 106544 1.0250830339125572
18 6 6 26 104568 1.0062945515045596
16 6 23 27 83758 0.9424710776698317
26 5 23 16 42392 0.9171613857134168
7 29 11 7 94983 0.9535943012374575
25 20 6 20 77686 0.956357670401125
6 2 27 11 90411 1.0704729382947802
21 26 27 2 86361 1.0911082787722974
15 9 11 15 39663 0.9381310897375627
28 1 7 7 74360 0.9217145815787634
0 6 18 12 76718 1.026576979621199
2 4 21 26 131760 1.0423603023604509
24 7 15 2 42289 0.9461736094074767
6 1 25 9 85700 0.9155609329394883
19 6 2 4 65950 0.9533965426482176
3 11 25 8 99811 0.90832977384407
8 11 25 6 79819 0.992204092183298
2 23 17 21 65891 0.9843012578997565
12 0 28 8 69905 1.0297224629614126
10 1 11 22 90856 1.0189597171611977
14 8 4 2 49413 1.0170560896951641
13 25 7 5 100584 0.9478255201324518
21 12 2 1 86985 0.983210185112598
6 9 11 26 81066 1.0477654307055966
3 15 17 12 84608 0.9848895871765837
1 13 28 20 138555 1.0300613709933661
15 20 0 4 97741 0.9391410361975747
25 12 4 9 87568 0.9851530344393602
20 15 13 20 48383 1.017955005388602
20 29 24 12 58919 0.9116012678388601
22 24 14 4 87255 0.9355385708284036
16 12 23 24 57418 1.0477115399508095
12 1 15 15 57340 1.034767189374426
6 27 22 16 90270 1.0731956916512153
10 6 20 16 63404 0.9912323880741076
8 0 0 12 75372 0.9950258856772994
19 16 18 7 32714 1.0542257145774243
4 7 18 11 64218 0.9646268219390177
12 22 16 14 37278 1.0209438866892242
13 25 22 5 87357 1.015760801469559
2 23 10 14 64071 0.9873546705963693
10 7 29 28 120338 1.0292807960025159
18 15 3 20 80314 1.0129193955526263
18 13 2 12 84121 1.0185175771785924
3 2 20 13 88739 1.0267054535190083
10 12 10 25 49547 1.0850176312516175
18 19 24 26 40981 1.0436161235472299
1 10 16 4 69555 0.9152104033577396
26 22 20 14 48050 0.9450016493563611
13 2 1 10 69188 1.038888789487717
5 16 15 22 56885 0.9877551108876231
11 15 1 16 67397 1.0891678575768904
12 22 15 3 75136 0.9307860617143724
2 3 4 23 90533 1.0955969565748902
10 24 29 16 98503 0.9262574106824116
11 24 4 27 42523 0.9301400197315807
12 11 28 22 93106 1.0646483298798588
12 0 0 14 99498 1.0654620662889045
5 27 24 11 105868 0.9453015758577725
1 6 11 9 46077 0.9319307878544104
24 10 1 12 100070 1.0315778902637218
20 2 4 1 57684 0.9142695467301456
14 20 9 0 94353 0.9730504153206645
19 16 12 5 57041 1.0996550804812224
15 0 27 24 101912 1.0946344544521232
0 2 5 11 55167 0.9789562113830893
9 11 5 22 59489 1.0864385630535562
24 23 19 0 82402 0.9163628754953107
0 2 0 14 62229 1.08422120824216
4 13 23 29 108440 0.9121685681360034
27 26 3 27 85525 1.0444371775301124
24 3 28 14 51540 1.0564278028242835
21 18 6 23 73784 0.9698184998362435
20 15 0 15 102471 0.992473611754354
11 15 22 4 70289 1.0576733433780259
27 26 6 12 108717 1.054500487150843
13 6 23 20 70875 0.9657932226391815
26 6 1 25 143013 0.9051056237863122
16 15 21 23 40380 0.962607316523468
3 7 25 28 133734 1.0761384879230511
11 15 29 15 74266 1.024592666524099
7 5 8 19 65905 1.0211893874738605
26 11 2 29 113688 1.0256909586103422
26 27 21 9 67346 0.9378607518095764
6 6 17 2 44418 0.9333007901315525
20 28 19 1 90947 1.055154397145272
8 6 28 5 68281 1.0911386142671926
22 26 8 23 64638 1.0360408286022769
6 0 16 7 52567 1.089203893920275
17 29 8 26 35637 1.0035721443538028
22 13 25 26 47335 1.0506815402582563
28 14 19 27 65496 0.9269141917081248
15 26 7 14 70578 1.0334358544990956
24 4 18 29 92499 1.0300242986687114
8 29 12 12 74654 1.063671506556425
26 0 3 19 125719 0.9337466542454192
26 19 13 20 66423 1.013838603555829
21 28 28 24 32561 1.0405416760865343
6 19 20 13 76144 1.0011774637822983
0 26 14 4 129363 0.9688799895748851
29 22 5 15 116210 1.0886390218327306
9 23 19 1 97449 0.956395192949684
29 28 24 12 68529 0.9346501736427192
6 26 14 3 110534 1.0171857107971047
10 28 13 19 43057 0.9994137311318183
12 0 3 8 62636 1.0552946044643134
2 13 29 23 134738 1.054263889535718
29 5 14 16 85362 0.9402305677858009
1 18 8 0 99443 0.9915441635392812
0 1 5 16 69894 0.929038282942024
23 9 2 9 88768 0.9155328273928217
13 10 14 1 37386 1.085561960046004
8 7 10 23 68917 1.0371140255600013
8 8 3 14 51973 0.9740213570782514
11 21 26 21 56291 1.025238013289218
0 24 11 28 63006 0.9028326861187038
3 23 26 12 111383 0.9754084351275815
27 3 19 7 28433 1.0128353430761432
10 26 24 16 81687 1.0927518428130252
7 29 25 16 87726 1.0423228954556023
5 3 23 18 96458 1.0601449070169036
21 23 29 2 82099 1.0352904424615181
18 7 6 14 68193 0.9058097543742741
14 21 29 12 75546 0.9871147454041742
7 24 14 12 70862 0.9067375981536667
24 22 17 6 73716 0.9573864766446767
27 16 23 25 43058 1.011853435974056
26 18 15 4 84128 0.9663879603730045
3 13 4 1 56752 0.9304092899718737
17 2 19 27 88740 1.0704460474198394
12 3 0 27 131731 1.0981313153450478
2 17 27 25 111806 0.9693023399838683
20 2 6 15 84154 0.96752781572354
5 29 11 18 61112 1.0892993473671968
21 7 24 20 47407 1.0375558378744953
11 12 2 16 67172 0.9864684882248838
8 8 6 26 81343 1.0848655609804063
13 14 4 15 53415 0.9669441810192482
7 24 26 4 119378 0.9729746711035886
17 4 27 20 90200 0.9369054793154747
23 6 28 11 29737 1.0317318124255557
26 25 2 9 128427 0.9258896976985939
15 15 23 21 44184 0.9966739066313426
6 12 14 20 65956 1.0473179213083232
2 16 26 9 125857 0.9809119428599682
12 25 4 10 82138 0.9323551945094484
13 0 4 13 75382 0.9473549263464807
29 8 3 16 132775 0.9669705437853302
8 18 13 26 48107 1.0918259814775924
15 9 6 11 40900 0.9939561518779678
10 29 24 3 104488 1.0107558031783626
0 18 29 12 140229 1.052434666113138
11 6 26 27 106396 0.9039281269257384
17 26 11 7 77328 0.9992500040344291
25 24 10 13 84916 1.027494966483204
27 5 26 26 87555 0.9279875272865031
8 21 28 4 113966 1.009153448977305
27 17 29 26 41365 0.9078738757561265
24 9 28 23 62481 1.0971434293004918
18 1 10 28 104848 1.0283123622354322
23 18 11 5 76461 1.0130788790250218
7 21 2 12 58758 0.9072065866192373
17 9 6 7 47573 0.915888700022841
29 0 8 20 127338 1.0011170508649265
24 27 27 13 56209 0.9368516833683289
11 18 5 6 66500 1.0421956326090225
22 29 1 3 146171 1.037426928278504
18 1 5 21 105949 0.9003027751869145
16 1 9 4 31936 0.9907628968051397
9 28 12 7 87504 0.9912733823821431
21 11 7 8 64568 1.0487514467194363
16 22 1 3 117103 0.9983411382800791
7 24 27 20 87477 0.9201119296264004
17 0 4 22 115256 1.065934995198151
7 13 8 28 66958 1.011876172892738
15 18 28 0 89648 1.0244549199745552
4 22 8 7 66908 0.9249077611566469
11 1 12 22 87679 1.097367985650828
9 25 14 19 41377 0.9243813864352772
14 16 18 4 56319 0.9457502504568422
17 10 5 29 83173 0.9941537209575338
11 19 7 12 50737 0.9738307636780843
11 24 19 26 41539 1.014311137330691
19 19 1 23 84571 1.0265816266142984
8 12 12 3 51629 1.0247567804778657
23 5 19 18 51183 0.9797117702884082
21 17 25 6 50161 1.0151777203975572
28 7 13 1 55850 0.9468419730490631
6 1 3 14 62079 1.0515599726804066
20 10 3 6 63240 0.9142628686493147
13 16 9 8 47686 0.9247725708703424
26 1 6 26 134793 1.022845275756974
27 14 8 15 81876 0.9345991756619197
27 15 21 5 48155 1.022333944174327
12 9 10 25 70237 1.0639015720557445
22 2 10 15 78595 1.0275197125777384
19 7 17 21 55712 1.0065942077467809
9 2 10 27 101818 1.0973005340632322
16 3 13 18 59400 1.0537365015509461
4 16 9 25 51584 1.0155839122323895
25 23 15 8 77081 0.9904082625516726
2 19 15 11 83377 0.9639607456357262
16 20 18 4 64405 0.9120533444909589
11 22 4 2 95967 0.9262391113661869
3 20 18 0 118978 0.9457754099287126
6 7 21 16 79005 1.083576546705387
19 7 13 23 61817 0.9935061472514516
2 8 19 18 102818 0.9813092775677895
12 13 17 18 32795 1.0251494202729843
13 19 26 14 63563 0.9412742090336303
19 26 4 20 74315 0.9872520815700423
13 0 1 1 45899 0.911609409834701
15 4 14 22 66507 0.9154226119678377
23 15 13 21 54899 0.9863335446622089
15 20 21 7 49113 0.9686924995580316
5 18 13 22 41968 1.0863758277219253
26 4 7 22 112779 0.9901100872303277
0 29 2 1 120701 1.0246485514189558
27 12 13 22 74354 1.0744941019702703
17 2 17 29 88245 0.9008533030527432
3 14 15 18 72726 0.9948391985500118
23 28 1 10 128686 1.0963584988121584
2 13 13 26 91194 0.9325057961677682
8 29 11 12 74907 1.082572002340868
10 25 18 4 95104 0.9233335190999762
3 8 14 25 106765 0.9534962638174975
14 13 14 2 50610 1.055594115503233
23 20 0 26 103979 1.0654073422171502
2 11 6 18 49156 1.0318101059866567
22 3 3 22 117151 0.9047455056301107
15 18 14 8 36189 0.9564514876535146
6 4 14 8 36151 1.086124408986556
6 18 10 24 34895 0.9681425345353654
27 27 5 27 74713 0.9649287598000776
4 0 28 8 96936 0.9445411371088608
25 20 11 27 66921 0.9860427450814628
24 25 20 16 38776 0.9117972746048949
19 17 5 26 85318 0.9045765861431639
17 21 13 1 74622 0.917366002015059
26 0 11 3 44434 1.0526820089237967
25 25 3 26 80448 0.9409149235911634
22 28 21 6 69549 0.9271720436678887
18 21 20 9 49008 0.9799396704485112
5 26 15 20 59308 0.9128578576826314
29 28 21 9 77506 1.0146482276689566
10 8 0 12 58095 0.9741206737762957
2 28 1 0 130770 0.9727208615372047
4 1 13 29 121499 0.9261401865927709
5 5 8 13 38571 0.9366871868415434
27 13 16 5 61454 1.024606122068144
14 10 25 0 70168 1.0837928267926258
26 16 11 8 77944 1.014461791243282
15 5 1 12 77852 1.0801200497192467
24 27 4 3 131063 1.060549879168248
23 29 3 10 116320 1.0351561961322484
2 16 9 26 68294 0.9844205239119402
16 29 1 5 119094 0.9534111596973394
3 16 28 23 119837 1.043717256095082
5 18 4 29 38432 1.0805671893116349
20 0 20 26 90657 1.0857264307931194
20 14 14 5 49710 1.0699734062690953
25 28 24 9 63329 0.9734333781552574
11 1 10 26 103776 1.0793367221534382
28 3 15 28 99090 0.9740906761323738
6 22 27 10 101778 1.0102939111369242
18 16 7 5 76341 1.009842908546454
0 25 21 24 95168 1.0820876240787705
23 1 27 19 82667 0.982842939598905
3 29 24 5 128201 1.0724589119613572
26 21 18 3 74827 0.9574636757951595
21 27 8 27 49834 1.0874649687865094
16 8 11 16 45290 0.9871130002791976
8 7 26 24 111647 1.0298975979661877
27 10 17 26 74915 1.0821667055234865
2 24 23 27 78911 0.9665410134092897
1 26 1 11 83020 0.9716729515193143
2 12 8 23 70934 1.000229747391537
2 18 27 21 106206 0.9698320891842664
6 6 0 18 75923 1.06659239481358
28 7 1 19 138676 1.0956593469150961
1 20 29 1 146501 1.0851134369890678
3 4 29 12 110627 1.0869877548045757
12 12 18 22 48252 1.095426129887755
6 1 3 16 71070 1.001516210064249
16 22 9 13 54717 1.006687010567905
20 8 1 27 123205 0.9485760152758057
9 9 28 4 75275 0.983252711189123
18 19 24 29 48368 1.0451678489369045
2 0 29 24 152079 1.0016996670357723
13 10 22 23 67319 1.054900677395407
28 25 11 25 67790 1.044742626030508
9 24 0 11 86934 0.9848369313717746
18 25 4 25 68227 1.0940877266309288
0 11 16 4 78128 1.026508299259783
13 6 14 27 74415 1.0188127746202773
27 28 15 25 50088 1.036776197904411
20 26 5 16 87771 1.0540084996991392
11 9 26 11 55849 0.9863011130782176
22 17 17 7 51392 1.0589132314173964
3 4 27 14 111122 1.0148568303793035
8 4 12 25 98075 1.0408580109942067
21 2 27 25 79834 0.9658802474374457
7 26 26 24 79585 1.018621104985141
29 8 19 19 67746 1.0319153594637114
4 17 10 7 61898 0.9163712972184328
28 26 8 21 77609 1.0428355148891073
15 28 8 22 44345 0.9046436000147776
24 28 23 0 94976 1.0663669268357183
27 20 22 28 40988 0.9307985709577447
16 21 24 23 30686 0.982461289974055
15 12 0 4 76592 0.9371972783422928
21 25 5 25 67375 1.049284931601784
27 23 4 20 91331 0.9538105110192703
8 15 1 20 53464 1.0019200942031354
10 21 4 7 70653 0.9791407233837832
11 6 20 20 76386 0.9092916606626932
7 15 29 4 104875 1.0634966944688096
26 13 3 20 110698 1.0761948682528735
22 8 7 9 67750 0.9237012806581409
11 21 27 19 68773 1.0585135971282558
1 14 15 1 101281 0.9770031792776
13 27 1 20 71859 0.9982381881079171
22 6 15 10 35630 0.9295283610102442
0 10 23 9 90018 0.9882108970771889
15 22 20 3 66624 1.0514598593872446
7 5 17 21 85258 0.9174631694871024
18 5 5 1 56216 0.9467953122603302
22 11 18 1 42081 1.029127965523377
27 22 21 6 65992 0.9130778731267086
29 10 13 12 66561 0.9014470321153522
27 26 12 16 74056 1.0283917116514836
24 3 10 9 54594 0.9695722704230764
26 11 2 20 112204 1.0986266995720277
9 7 16 25 78237 0.9627234661763178
2 9 25 24 129957 1.0127357283671938
18 0 20 12 47991 1.0678194476259144
4 4 2 28 106792 1.034948971255158
12 16 4 28 76645 1.0813509577332419
8 17 24 6 93750 0.921034784386414
0 25 2 7 97361 0.9122870353936458
26 25 16 10 67732 1.0925214061895603
2 0 13 17 94603 0.9742789834928178
12 27 12 13 55291 0.981992875779851
28 8 20 16 50425 1.0995959824922723
15 8 10 22 65897 0.9941220001215223
12 12 13 3 38537 1.0800476684333629
16 16 15 2 50644 1.0775702317082976
23 3 5 8 63555 0.9020096959904028
12 14 13 0 55499 0.9426221667514942
19 2 1 26 137986 1.0929274586007391
1 6 0 19 68571 1.0937152246875295
18 1 3 12 88932 1.0307943934196617
29 13 15 8 65065 0.9543998289292074
10 25 9 14 47686 0.9971540981992955
28 16 12 23 81658 1.0105413198824988
27 26 0 9 139345 1.0239366386951823
19 21 28 7 71536 1.076156601132794
2 11 16 6 67029 0.9042425622291196
20 3 3 21 109821 1.0219508764377176
0 17 10 19 54527 0.986246320376092
10 13 29 27 98596 0.9994051581257721
18 7 27 3 32913 1.0944191879014908
11 28 27 20 73417 1.026679146692087
8 2 0 4 45361 0.9564127620491746
0 5 20 2 71367 0.9361690883296078
7 29 14 2 109185 1.0979338890502088
27 18 23 6 55292 1.0162624890730698
11 28 3 20 61920 1.0745677870856607
10 0 6 27 118047 0.9246395069319848
1 7 12 28 114816 1.0695178534155996
23 12 3 25 110006 0.902285754856397
27 3 6 11 76624 0.9547231227972238
24 9 1 18 126391 1.0395630739997448
0 20 16 22 70411 0.9583363182123197
29 23 2 21 104671 0.9344045816346996
16 5 29 15 78089 0.9219496285731735
26 9 10 0 72294 1.0129611199363386
12 18 24 25 63616 0.950983107410608
20 22 23 9 49207 0.9781666438811685
2 13 4 29 74469 1.0589250302807764
9 25 3 5 95683 0.9451776193092528
7 24 14 29 40717 1.060464820259618
20 5 25 26 76771 1.0349625761654915
21 10 9 23 73964 0.9273138230937495
12 4 24 19 83501 1.0432074051743279
15 21 19 7 50376 1.074088903996421
1 1 21 18 110713 1.015147837455894
17 29 4 12 100592 0.9060810157860677
12 9 18 29 75785 0.9298309164330768
17 5 23 20 67389 1.072244493698727
7 9 29 28 128945 0.957586792426358
14 7 14 24 60636 0.9507259344296642
19 11 13 0 50589 0.9412054253981035
12 14 23 11 43160 1.0699232779061028
22 17 21 1 55979 0.9348992380706003
8 1 4 23 89378 1.0890626282101563
0 5 16 26 113807 1.061747730527531
27 27 18 1 97952 1.0310634734411874
6 16 12 25 55246 0.9554321427734944
9 25 1 9 89266 0.9854323265573253
4 8 14 10 49733 0.9415462627601984
9 26 1 28 40849 0.9275150705466279
26 13 6 22 97634 0.99816444247993
15 28 18 13 50814 1.0912724842763475
21 27 9 5 106978 1.049594115638258
11 27 25 27 50331 0.9404290596079318
2 5 9 26 101605 0.9727940678536553
17 7 8 11 47305 0.9644314254107355
16 10 17 1 32657 1.0081857456205139
24 13 1 2 112060 0.909344401062906
24 25 7 1 115943 1.0131452002221168
27 3 12 21 89009 0.9099224773522748
20 11 9 14 51464 1.02976097874257
1 6 22 10 77413 0.9234018753590608
21 14 17 26 50734 0.923453874040051
18 22 8 18 52400 0.9174078831818042
23 1 14 29 103613 1.0364329735182827
4 6 25 11 77772 1.0959591166716114
9 22 16 6 73307 0.9690647788353773
23 15 2 12 98829 1.0993149450996265
23 7 13 16 58352 0.9320668792794541
3 7 23 21 108432 1.0684005881685994
6 23 17 15 67393 0.9138732534983048
10 25 21 25 52016 0.9743557705153075
9 22 19 11 65012 1.0182591888176076
16 25 13 13 42357 1.0704401049593475
6 7 22 18 91741 0.9666731148176768
16 1 24 4 29902 0.9530879860498662
13 23 1 11 94852 0.9600567075109192
10 19 13 2 71651 0.9104363471321967
23 9 5 7 71734 0.9612390055652995
1 17 22 26 111179 0.9124136022049387
22 21 12 13 56705 0.978853646034082
15 21 9 7 63428 1.0606847201440832
3 26 0 7 94932 1.0821083338964292
4 27 1 17 61518 1.0014295068215093
23 2 17 6 32793 1.0088022981028832
4 26 28 6 144005 1.0078178872172712
29 5 11 4 57306 0.9936152649235026
13 6 28 2 47061 1.0613835393009357
29 9 18 24 79070 0.9392532273914466
14 11 2 10 51040 1.0592117231967693
22 3 14 23 76392 0.9744024216808188
19 20 25 3 66622 1.027182487009485
25 26 21 11 54558 1.036747901661583
22 21 11 10 70495 0.9819846621469152
19 2 29 2 29287 0.9553403716745097
9 19 24 18 78616 0.9005610673506452
24 23 26 7 59315 1.0653872760557053
28 25 17 0 102270 1.0125820141121906
18 12 9 4 59400 1.0273524267492768
20 13 23 0 53609 1.0419741045954838
23 9 5 27 110510 0.9220432203024174
16 3 25 9 46462 0.9621539557138507
6 14 19 1 80696 1.0863320112441912
25 4 15 11 55425 1.0212188025986164
12 23 27 19 67714 0.9914857689438837
20 12 29 15 46066 1.0529924201746685
25 2 17 12 58705 1.0092442434083213
22 21 25 6 57145 0.9477891922165117
13 12 2 6 55058 0.975885060260445
28 8 20 22 67999 0.9531862924980252
29 23 5 26 90003 1.09630977499725
26 28 21 11 65979 0.9262472270310163
7 5 3 13 47579 1.0536758196798035
23 28 1 13 127721 0.924627834466028
27 27 1 22 108036 1.0461772924005899
19 13 26 8 35827 1.0414482921263937
1 14 22 14 99130 0.9755889306501871
9 28 0 21 60051 0.9493452592826408
9 13 26 26 96135 1.0034244836384323
27 18 14 28 76730 0.914716125942117
8 28 7 17 51390 1.0651242700389727
28 18 18 8 71713 0.9356991567701235
27 6 15 4 40202 1.0814118001667374
18 9 5 0 71549 0.934438545900579
13 29 23 18 56392 0.9562324590850549
13 20 20 4 77183 1.0437789324593103
26 24 28 5 90215 0.9869835591887022
23 18 26 1 60729 0.9958693310480004
9 18 23 28 78391 1.0895331056697046
0 20 4 5 84578 0.9227922644116016
25 7 0 0 101462 0.9388426124631593
4 7 1 23 77158 1.0359435483861539
23 29 2 17 105205 1.064065130355163
16 25 14 5 72765 1.0458211408730058
22 20 26 4 63938 1.0464248416366655
26 1 22 28 96743 0.9397932237037093
29 19 8 25 101865 1.0535002384912526
0 18 18 21 81073 1.0886705412349635
18 12 0 5 81251 0.9124264399117695
12 27 1 4 126955 0.9872993996653562
5 25 4 4 82082 1.0434430666160273
8 10 29 26 107278 1.0123301007933696
23 18 9 29 66768 0.9063959842797288
26 22 20 15 50456 0.9300014168716845
28 6 18 18 74311 0.9319374837452459
23 11 16 15 32410 1.033501899957485
23 19 0 16 113927 0.966589954155726
2 7 17 13 72352 0.9346562730722063
14 5 3 19 86216 1.059145917949281
29 22 12 10 94914 1.0593683043567457
26 8 22 21 49678 1.0645947558132476
15 1 13 22 76134 0.946523594231251
4 21 19 26 70461 0.9742541443209038
6 11 17 17 67354 0.9005518048453248
28 1 23 11 51696 1.011136327227845
19 20 8 12 75679 1.0175540351950687
23 13 28 0 64559 0.9498994106731548
1 2 14 0 57957 1.038988934601884
1 3 2 15 77816 0.9568080914990311
1 16 15 6 95918 1.013492806948934
21 19 13 14 43576 1.0613410747232326
25 1 7 28 134670 1.095054945878713
6 0 3 9 46308 0.9468918559252912
7 25 19 8 93570 0.9012656421793638
3 10 7 22 55663 0.9807428167295191
15 28 22 18 54508 0.9973843382411759
23 27 9 17 87113 1.0528418489921723
28 14 5 8 101332 0.9453585112968114
12 10 8 28 82677 0.9283421830073852
5 29 27 25 66721 1.0751082176109954
16 17 15 3 48085 1.0960224558428926
19 6 11 28 88771 0.9150488461279833
4 22 28 7 123285 0.9247983224226164
17 2 8 6 38633 0.9938833125911737
8 2 23 9 68908 1.0169966710067173
16 7 27 6 46585 1.0323857754168753
19 23 2 11 104971 1.0514007069888949
21 16 10 10 55833 0.9477451678580722
21 3 1 23 126415 0.9367975936968475
27 4 11 16 89063 0.9320174502933405
16 19 6 1 89424 1.0251457217167947
13 22 2 29 62671 1.0186041755312631
20 8 7 9 60325 0.9256456326948338
23 20 7 2 101122 0.9015188946424665
7 23 29 29 90083 0.947752271584685
24 29 27 4 91555 0.9847266557503578
20 7 15 29 75082 0.9130094783788868
16 26 20 16 47147 1.071212275785126
16 23 5 18 55137 0.9367794946059331
0 27 21 29 71363 0.93283853899418
8 29 4 0 114352 0.9552446640118051
23 20 7 20 67608 1.0013798168377581
10 20 28 13 93582 0.9783556663974375
21 5 21 16 32055 1.0122499132731393
24 13 18 22 45353 0.957607725260007
11 17 25 29 83433 0.9685279978306421
29 8 13 3 61278 1.0276660990098763
14 8 23 17 53620 1.0439353526961814
2 12 16 10 70808 1.0886985932587356
16 9 15 21 36224 1.0591473112765737
11 10 7 23 64713 1.0620096011414586
9 26 24 17 86706 1.0686976669752255
10 14 26 4 79518 1.022468543197224
11 13 14 6 40181 0.9638186298797994
3 28 7 7 94722 0.9756902693981606
28 24 4 1 137799 1.0347528588190629
21 11 1 29 102555 0.9331895233795772
20 17 7 0 96360 1.0095113383334224
25 14 7 1 90926 0.9626101710913346
24 24 23 5 59130 1.0088235560957224
23 7 13 21 69995 1.057701924767545
11 25 12 3 97173 0.9015836060256782
19 18 3 2 103257 0.9236166278786955
2 8 5 17 49199 0.9674724652843533
3 10 13 25 90807 1.0776440612424503
21 29 15 25 25245 0.937446772000168
1 2 29 2 93653 0.9808866681918061
23 2 28 19 80961 0.9352009065325634
27 22 28 12 49944 0.9418280308418648
17 1 4 25 120783 1.0978312366676166
26 16 7 8 94842 1.0822070252549707
0 17 18 20 89352 1.0438532599763262
18 11 4 17 86225 1.066396523942156
5 6 28 21 116415 0.9237798345290765
28 12 10 27 101895 1.0476739472102874
17 13 5 17 66820 0.9231185451358214
0 3 4 29 114458 0.9468684947000278
11 13 24 7 67343 0.9814537291902361
1 9 28 22 143338 0.9217477308758588
1 13 27 6 121106 0.9437826322959185
22 2 4 29 125224 1.0465482287057133
6 12 25 29 109673 0.9383185081707079
21 15 10 6 60970 0.9570793920668872
12 27 7 22 37401 1.019898463997602
3 4 28 2 88936 1.0798853853346178
5 26 28 28 81714 0.9122745348455203
1 1 14 28 131897 1.0257345857815108
6 2 11 26 106918 1.0414129328105712
13 20 26 10 71586 1.0206187347172597
13 29 29 9 98672 0.9094882272604053
16 22 17 5 64401 0.9264773327292368
5 20 22 13 85771 1.0387668684813354
22 28 18 9 72726 0.9965541554235502
19 16 14 2 58216 1.084355311582717
2 12 5 1 60180 1.0654025732073436
9 3 21 23 92489 1.0561692071138995
5 20 22 6 101851 0.9691017120416222
10 28 7 21 34789 1.0697137537646204
26 0 29 9 45985 1.0150697603516066
23 4 26 26 76741 1.0289171679585756
28 2 2 27 150136 1.0802241465654177
23 18 4 6 89684 1.0654891910792548
7 3 1 25 103236 1.0558715316677745
9 8 28 15 91711 0.9946874728488239
24 15 7 23 86115 0.9376334715478312
12 11 23 18 58495 0.9976848617741556
29 11 1 9 107142 0.9817461794414319
4 8 7 18 50612 0.9330530742821876
3 28 10 18 66010 0.9609949146896701
12 22 3 12 75927 1.0636953680432129
21 16 28 8 46007 0.9454838123300083
11 29 6 23 40193 0.99309250686091
25 23 8 19 73637 0.9231919100219176
2 24 20 9 108089 0.9440935085479432
28 9 7 3 83265 1.0052396485298298
21 4 6 17 92956 0.9521559651104705
0 29 12 0 139106 0.9620904764259887
5 11 28 15 99923 1.0272393050407085
18 20 28 25 39950 1.0343480226757547
2 7 25 11 90022 1.0722216358135097
4 19 7 11 43684 1.0099428063824047
21 18 9 6 74685 0.9773507906476132
11 1 21 21 86478 0.9797681179183353
8 5 27 8 76816 1.0377377462021502
25 12 9 3 74371 1.0983386720351966
3 25 10 2 110440 1.0540102365094528
15 0 29 27 111523 0.9264641483668415
16 4 5 0 47975 1.0707181113086497
13 15 22 19 54983 1.0662264977377296
1 4 16 19 100668 1.007019484974727
14 12 0 7 69470 0.9262743806595053
8 1 7 15 60105 1.022427838301508
28 26 8 12 106981 0.9155844672579605
8 15 21 25 82019 0.9579605376413933
10 18 0 21 49857 1.0788545049392775
26 5 29 26 84056 0.9495907662705535
12 24 28 13 88274 0.9123378665369685
4 25 19 25 69742 0.9954842255664842
26 21 24 6 60748 1.0447287687163875
25 5 20 22 74849 1.027580461953967
17 0 3 7 66848 0.9218833083307316
0 28 14 24 66544 1.0763590162752112
26 29 6 4 131898 1.0511231774154246
28 12 21 1 54436 1.0308752721760908
24 1 13 12 70488 0.9491692510956479
3 5 11 9 47432 1.0853922231447004
5 29 18 3 108017 0.9842627383133268
0 17 9 24 60023 0.9322112101120196
19 16 6 3 82435 0.9633883114526456
6 7 11 16 53455 0.9414300273979657
14 21 27 9 72046 0.9119536783541521
3 1 25 9 95821 0.9899003446593807
2 25 21 27 75694 1.0402715438140033
20 6 13 13 49411 0.999198631553797
10 2 28 19 111708 0.9938448701489647
9 10 19 26 82079 1.0386109274117064
17 14 28 15 41568 1.0626373402303766
3 20 12 26 56431 1.0122598918906907
18 23 2 25 75775 1.0756154883351965
9 8 23 5 58873 0.9295157760773322
18 2 9 14 72342 1.0431173193675316
22 2 6 3 57322 1.0566885342220353
13 25 2 21 57602 0.9543241821692373
3 15 29 18 136897 1.0124955498841057
25 21 27 13 43583 1.0268766713651405
27 14 24 6 44047 0.952828585463414
0 1 8 24 110726 1.031018751383012
29 13 18 5 65607 0.946813123444588
13 5 7 14 57300 1.0890289760573317
12 2 13 11 36184 1.0540392866716926
5 3 28 29 143824 1.0876240193269937
6 5 21 12 65609 0.9025044670517901
22 28 1 17 112163 1.048922734498658
8 4 27 29 131523 0.9738459595590602
18 10 12 21 49873 1.0329685477835038
12 16 11 7 40435 1.0045314321748213
7 19 23 25 75839 0.9678649528618222
24 15 4 29 93195 1.0911309545817574
27 20 12 12 82800 1.0658904905602935
6 19 27 29 94900 0.9621013836131087
12 25 11 12 62088 0.986367456366445
16 7 22 11 31326 0.9999687190421206
18 27 25 5 90511 1.035011410649283
15 25 26 29 41640 1.0280319108065399
24 15 10 19 71452 0.9185624975527221
22 13 28 24 51737 1.0264595510316472
9 22 26 5 106151 1.0908617692621825
25 5 25 27 82651 1.091378701698713
17 27 28 10 78355 1.0186062075503601
0 16 8 9 68542 1.0056452738601849
2 24 20 24 80812 0.9853587889263018
9 4 4 20 81486 1.0963332813831719
15 9 27 0 61263 0.9797057014025695
20 2 24 24 74948 0.9880820412491667
14 29 11 1 98097 1.0411665442295388
1 3 4 12 61367 0.9981120329956249
18 10 5 27 92646 1.0139861223464446
29 27 22 1 100736 0.9821482787207567
27 12 23 25 50960 1.0756912477828406
21 15 2 3 101460 1.004120624926306
9 0 19 18 90204 1.0080716425405827
18 26 20 17 41031 0.9035095818386251
11 17 21 7 63561 1.0154916657763742
8 15 19 20 71519 0.976147128848024
4 9 12 24 81584 1.0188445754571607
0 19 17 10 98042 1.002462090048996
9 0 28 18 118637 0.9120419650489755
28 13 21 17 40610 1.0919507728315685
22 3 3 2 67129 0.9960254242323264
7 9 17 16 62719 0.9131527205457183
14 5 24 6 43360 0.9434687880610724
23 4 25 13 43691 1.026719950369761
29 6 22 3 29857 1.0340705122380558
19 14 6 15 64504 1.0738636911659616
26 11 22 19 35301 0.9825748022264185
21 27 0 12 127982 0.9109300596454313
19 11 0 0 95637 0.9531263002063506
25 18 1 1 126100 0.9879969468075294
0 18 19 28 99940 1.0742640601850435
4 3 17 29 119012 0.9911595261606956
6 16 18 5 78321 1.0793339435171991
5 27 17 19 67168 1.097430300262443
14 24 26 28 53528 1.0072962730151183
4 15 22 24 97905 0.98185439223199
26 28 11 26 57515 0.9361355417280663
19 17 19 2 49516 1.0301393863863242
7 16 27 6 103864 0.9143307745496791
11 8 20 4 44602 0.9195631215870913
20 19 14 26 42531 1.077423717381077
22 9 19 0 39046 1.0410659287581228
12 25 5 29 36345 1.015387814325211
29 3 18 15 61217 1.0282766353216644
17 7 28 6 48699 1.0166965552757048
6 18 19 19 67306 1.045436863880735
18 21 26 9 60173 0.9454119023970342
14 24 13 0 86069 1.0522776235814875
24 8 5 2 84613 0.955897517838494
13 5 1 29 119188 0.9252936949044619
14 4 23 23 82958 0.9192433073875842
7 15 0 7 54522 0.9772189080212301
4 21 16 29 62705 0.9856327393137574
6 11 1 4 46681 1.0375940851056864
14 23 5 28 50601 1.0409981274503721
27 21 10 21 64834 1.0215507949281786
7 11 28 5 95586 0.9570295667521345
27 25 12 14 70636 1.0243976997307633
3 8 24 16 103228 0.9119898063267797
16 20 6 10 67027 0.9101428717591328
7 29 29 12 112773 0.9991841150857845
17 13 13 2 45975 1.0046808240764389
18 18 19 6 45868 1.0769994426448302
19 25 14 11 60228 1.0230751168364025
0 29 19 8 110237 1.0559200136712041
5 24 25 2 129689 0.987852488871974
22 20 29 7 64796 1.0105111568739442
14 16 25 7 60666 1.096517567973231
9 29 6 11 77112 0.9151975162857405
0 22 13 19 60018 1.0821607571033458
5 2 27 4 71619 1.0048729020101823
7 1 18 20 102023 0.9762959314925173
17 29 0 18 93788 0.9917321883598265
27 5 21 15 55835 1.0740741529614433
6 6 21 17 79688 1.0758395166440358
18 24 0 3 124769 1.0904058327682629
20 25 15 5 84078 0.9772785528758063
2 24 4 13 55424 1.079926636783384
8 1 24 20 102955 1.029218500374029
18 26 11 17 60141 1.000227857443928
11 10 10 22 50517 0.9641039808103082
3 14 11 10 52133 1.0928388766770407
27 10 4 16 109796 1.0160301740525755
0 18 20 26 103049 0.9500551642971463
4 2 13 3 41678 1.0984135400176087
10 29 0 22 62322 1.083429192361573
24 11 4 17 97873 1.0732978872303807
5 5 1 29 95862 1.0572063733633001
4 11 17 12 65666 1.0073762274828628
10 2 6 14 59426 1.0012685620195105
16 0 22 11 44819 1.097036373324938
5 2 20 27 120433 1.0037725608218258
3 11 29 11 97572 0.9653178923922288
13 13 28 3 68745 0.9558940707021683
3 4 23 2 80190 1.0148598741806458
3 3 28 22 142208 1.0103722454339832
22 20 12 28 56567 1.0947921461344143
17 3 16 24 69989 1.0507714291819554
5 18 11 8 63980 0.9298931714527908
22 9 4 29 105319 0.9024065803235014
17 21 29 3 86860 1.068671269810501
21 26 5 25 64185 1.0055680350255178
29 18 0 21 127012 1.0398776305035038
26 4 26 14 39131 1.0623739838824653
25 5 17 14 55243 1.0351441022164478
0 10 18 16 89105 1.0568343858823477
14 14 26 17 53368 1.087547903649332
2 18 16 29 82767 0.9781625115022932
12 12 26 9 63373 0.998111144766186
11 20 22 9 76247 0.9788117471523323
12 3 9 11 41492 1.0339702348676933
11 15 5 25 61356 1.080378456200298
0 22 11 23 51628 0.9047135592459566
23 28 26 21 30799 1.0699524040567407
15 21 26 7 71751 1.0039990219634332
29 6 1 18 152263 0.9718963975894978
25 7 4 22 111780 1.0334534569453515
16 5 5 18 80437 1.0714232664325902
21 8 23 22 44389 1.0779374101081818
4 6 9 26 88982 1.0108606687618524
18 21 15 28 30432 1.0583312025442093
23 27 4 20 87981 0.9955269076475364
14 18 29 19 78263 1.0526080133599443
22 18 29 5 70794 1.0568665102237829
5 28 8 3 100182 0.9116034365921947
25 1 5 18 117527 1.0686299226099925
9 23 28 1 119782 0.9369872206884771
20 17 18 4 51789 1.0202502064846062
9 15 21 18 66145 1.032382312223123
4 15 27 16 108310 1.003786193420861
13 3 1 18 103735 0.9667897445364764
0 18 11 19 58829 1.0664507082890617
25 15 8 1 89014 0.9818612617842917
29 21 13 12 81851 0.9627613681632865
2 10 29 26 132119 1.034607340797808
22 20 6 18 76919 0.9277322655726105
24 2 4 24 131147 0.9447499560198479
27 19 14 12 76248 0.9621624316377959
10 2 11 18 69102 1.0750209530664867
22 21 1 20 86936 0.9551916589909445
29 5 13 14 83034 0.9636443344374899
11 0 7 22 106696 0.9818865953857989
20 22 21 6 55264 0.9018749812627684
4 0 12 17 86847 0.9038929689415928
7 0 20 13 82153 0.9047045579369488
27 17 19 9 52443 1.0481813350609368
3 7 3 17 57957 1.049214542556366
2 10 15 10 50182 0.9341027145065993
15 3 17 16 50178 1.023945677885251
16 5 17 20 53988 1.092687114782322
9 12 25 4 78286 1.0552177390144561
28 25 6 15 101573 0.9318612345378647
9 17 20 14 53013 1.0890558752696624
21 15 0 21 98142 0.9321658050705748
9 4 3 16 75024 1.0489555825942216
10 5 2 21 83883 1.0088860799216615
18 0 14 25 90719 0.9212702270852958
9 2 27 26 116334 1.0632624438360307
2 17 6 10 48877 0.9867698334804537
23 7 19 16 37509 0.9277745073052646
8 18 25 23 77859 0.9852132964590634
19 0 1 6 69607 0.9694295974508751
22 4 17 18 64185 0.934707726680219
8 2 10 19 75767 1.0773014536759662
14 16 28 15 58565 1.0016872760370845
1 7 13 11 57095 1.0203898744620254
6 5 23 28 117143 1.023070370410908
1 15 28 15 130781 0.992080237312095
23 12 6 20 83839 0.9023461994009829
19 5 1 13 93427 1.0625769887064815
9 16 14 8 51044 0.9474670633459727
22 3 8 0 51062 0.9175036680778871
28 29 6 3 142862 1.008276783825722
1 14 20 15 97103 1.003827561412183
17 13 20 25 55375 1.0737835130037754
2 19 23 5 120611 0.9145910656092202
1 20 19 22 77459 0.9721370913791866
11 23 4 28 47574 1.0406288272336164
24 18 1 29 99441 0.9500816243826062
13 19 19 27 46017 1.0661352248104128
6 22 12 12 61989 1.0188951361984286
24 22 6 22 75056 0.916558463362409
16 19 18 10 34709 0.9358719667475672
9 25 24 3 107514 1.0227127319532574
10 26 24 22 64005 1.0783683112268663
21 19 16 28 42750 0.9376709591088102
28 2 0 13 119807 0.9668558178574063
2 13 14 16 67928 1.0411052222366475
12 4 3 19 81550 0.9852885522136017
2 9 18 9 71727 0.9219065702012513
7 26 11 0 122131 1.010961441009919
13 29 6 24 40466 0.9868846005901029
28 1 17 29 112479 1.091141227287072
7 27 5 17 44006 1.0131013921631893
4 19 10 8 63817 1.088771176359343
23 14 1 10 91649 0.9242574495984397
20 7 11 18 69488 0.9014812362120487
20 18 26 4 64928 1.0102473066258313
5 2 7 13 43901 0.9753852464596523
10 9 6 16 41882 1.0813227827680207
29 22 11 15 93966 1.070458009832739
5 18 25 10 103099 1.0227922537357552
17 1 4 28 120225 1.0815231267763
14 6 13 17 43407 1.0061987628217843
2 4 16 27 119772 1.0819200834713858
6 12 23 19 84849 1.0232370136484363
25 2 28 13 53882 0.915681312541658
14 20 1 19 60289 0.9345120512879693
26 25 8 19 77196 0.9000411849895404
2 20 25 17 113257 0.9916769376362053
22 10 15 1 43940 0.9423870968706914
5 14 17 22 72642 0.964757532417111
7 7 25 4 61833 1.0147507295584863
4 18 11 25 53161 1.078317316431812
26 11 3 2 98954 1.0385893295668573
26 24 5 29 72968 1.0237975814306055
25 11 6 23 95107 0.921784739441576
3 4 9 21 88454 1.067556584051018
11 2 8 23 94571 1.0754646514520703
29 20 12 4 111332 0.9527317496592389
15 22 6 15 58763 0.966262084980258
3 25 25 17 119989 0.9205702475544177
29 21 9 19 82187 0.9937993733572571
26 1 16 24 95943 0.9513606192415336
24 1 6 9 79340 0.9947832166889492
7 2 4 22 81373 0.9577479995118854
20 19 12 26 50064 0.9972320672107715
29 22 9 14 102133 1.0287989119749101
16 14 26 12 39229 0.9312273476199451
0 8 26 1 93617 1.0951747419974174
21 9 27 5 37424 1.0608716313099933
27 3 3 7 72240 0.9690231893515262
28 14 25 1 61858 0.992550719388168
1 23 7 3 97379 1.0740473622162163
2 13 26 18 119467 0.9944409134761403
12 1 7 25 108335 0.9962321435810462
25 12 15 29 78441 1.008685730613834
10 29 12 19 45669 1.0040665070779395
8 3 29 3 52423 1.092000318167519
19 7 1 20 111011 1.058381414695812
29 6 19 5 42523 1.0989177684975129
7 1 20 29 124887 1.0855747741815858
26 16 12 27 79048 0.9078821165479757
15 26 1 14 102262 1.0179132750142095
11 2 16 19 72525 0.981385234860292
16 11 1 3 79957 1.0207188440672723
12 17 0 26 83363 1.0852847137381265
24 27 9 4 111478 0.9972082292687677
3 25 17 29 56624 1.0463968914727357
