6544 5531 6113 5750 5913 6431 5483 5945 6792 5639 5524 5994 6501 6743 6045 5990 6087 5470 6792 6130 6496 5767 6830 7059 5474 6120 5781 5458 6086
4494 4475 4278 5143 4440 4443 3603 4069 4815 4075 4149 4466 4997 4749 3846 5352 3746 4503 4308 4036 5295 4246 3736 4110 3721 5258 3951 4878 4204
7214 7010 7750 7301 7643 6595 7584 7171 6655 7012 7029 7410 6380 7787 6473 6796 6355 7749 7307 7744 6652 7905 8108 7140 7354 7201 6895 6371 7249
1735 2785 2857 2438 3023 1859 3049 2676 2605 2319 3163 3297 2516 2223 1833 2169 2065 3245 1770 2621 3251 2976 2892 3249 2358 1972 2769 2294 1513
7334 6876 7621 7559 7300 8061 7282 8429 8106 6947 7309 7097 7370 6917 7124 8425 8168 7919 7319 7218 7382 7013 7552 6889 7273 6825 7964 8467 7638
5086 6575 5227 6776 5243 6096 5649 5281 5833 5544 6588 5281 6237 6482 6359 6525 5814 5590 5855 5446 5920 5488 5846 5119 6158 5390 6152 6415 6483
8265 8262 7678 7425 8370 8585 7944 8031 8365 8628 7448 7412 8749 7863 8563 7609 7927 8738 8490 8864 8038 7548 8492 7185 7313 7255 7937 7275 7794
2255 2113 1417 2115 2434 1205 1276 1202 2532 2891 1435 2103 1817 2210 2437 2463 2541 2234 2172 1977 1580 2151 1874 1251 2707 1547 1267 1214 1668
7407 7476 7563 7605 8608 8239 7724 8720 8248 8275 8135 7415 8951 8562 8064 8439 7700 8827 8444 8296 7957 8160 8005 7566 8448 8483 7428 7902 8641
4036 2772 3958 2725 4084 2814 4329 3350 2766 4161 2602 3627 3438 3803 4019 4250 4179 3276 4162 3510 3036 3432 2987 3801 3541 2616 4148 3087 4173
6098 5932 5766 5260 5556 5707 5564 4685 4717 6021 5871 6047 5487 5893 5969 5734 5023 4969 5263 5969 6089 4911 4941 6366 4749 4761 6360 6024 5047
4618 4397 5012 5252 5386 4879 5022 5549 4718 4632 5522 4483 4945 5607 5664 4578 6003 5344 6065 4511 5913 5407 5385 4474 4607 4844 5831 5078 5351
7363 7367 7146 6801 7034 8002 6736 6936 8052 6799 6685 7347 8321 6712 7167 6916 7848 7964 8325 7217 8453 7020 8108 7328 7356 7697 6803 7662 8477
1377 1949 1182 1601 2446 1826 2352 1324 1985 1373 2219 2018 2891 2402 2694 2197 1467 2040 2767 1366 1286 2800 2044 1093 1787 1867 1207 2781 2151
5278 4695 4714 3815 4302 5416 4896 4850 4630 4388 4978 4871 4640 4577 4134 3965 4609 4390 3683 4422 4164 3867 5325 4043 4332 4123 4931 3982 5280
6171 5925 7193 7072 7079 5854 6983 7079 7107 5870 5888 6117 7178 7216 6058 5903 5621 6932 6563 5679 6974 7003 6160 5814 7072 6589 6903 7232 5639
6071 4700 4385 5703 4857 4331 4665 4819 5794 4500 5416 4827 5666 5907 5489 5001 5160 5870 5622 6110 4669 5039 4539 4683 4364 5847 4351 4352 4865
6693 5930 6171 6375 5884 4972 5940 5094 6732 6294 6101 6715 6410 5200 5228 5202 6049 5368 6350 6681 6269 5466 5657 5295 6476 6025 5326 6561 6698
7700 7940 7304 7486 7911 8287 8044 7884 8033 8363 7068 6886 7690 7744 7073 6688 8265 7226 8083 7706 7143 7556 7284 7801 8000 8205 8415 7192 8313
7002 7202 7076 7896 7565 7590 8165 8331 7254 7341 8073 7418 7733 8088 8693 7711 8269 8566 8551 7749 8413 8485 8179 8075 8192 8589 8382 7885 8688
6453 6367 6750 6334 5913 6874 6379 5797 5845 6796 6843 7260 7047 6115 6363 6429 6603 6177 6993 5798 6288 5963 6560 5858 7137 7337 7481 6980 6069
4654 5118 4820 4715 5261 4987 4625 6092 4794 6280 5854 6234 4593 5910 5523 5721 4920 4979 4596 5880 4929 5583 5928 6006 4567 5618 5113 5217 5239
7885 8236 7790 6920 7867 7553 8282 6925 7251 7539 7709 7193 7975 7858 7542 7049 7215 8078 7022 6785 7845 7964 8004 8164 7793 6879 7631 6948 7337
5710 6249 5887 6170 5800 6242 6285 6692 6572 5832 5546 6962 5628 5708 5984 5747 6551 5970 5544 5530 6088 5665 6236 5608 7181 6835 6780 5892 6213
4479 5384 4520 5150 4072 4823 5100 4354 3611 3858 4869 4487 4760 3704 5079 4851 4900 4611 4922 3932 5127 4802 3832 3793 4883 4287 4049 5390 4184
2540 4098 3104 3585 2751 4115 4127 3488 4185 3355 4218 4135 4127 4230 3371 2626 3836 4064 3632 2541 3014 2859 3152 3757 3078 3327 2697 4246 4273
2835 2267 2415 2688 3283 3604 3320 3072 2692 3153 3344 3430 2872 3182 2070 2162 3112 2203 2798 2415 2659 2651 2243 3271 2123 3426 2043 2557 3529
4984 4513 5907 4519 4877 4738 5043 4571 5002 6101 5068 4817 5805 6210 5165 5505 4875 6136 5464 5316 4466 5639 5265 4694 4483 6253 5178 5851 5222
2601 1934 2675 3062 2396 1602 2783 1980 2126 2006 1850 2860 2328 2759 2098 3275 3169 1649 2695 2208 2610 2662 3260 1996 1711 1920 1615 2955 2136
2150 2546 1916 2816 2672 1923 2454 2241 1814 2667 1912 2185 2394 2515 2546 2045 3079 2392 2200 3193 1835 2220 3002 1785 2368 3184 1825 2108 2628
2289 5925 5472 8114 6172 3625 4870 7910 7633 2141 2832 8112 2095 2988 5925 3640 5150 7584 3385 2973 6808 4901 3606 7086 6746 6663 8768 5644 3789 8075
2632 5308 4641 7319 6474 2925 5582 6991 7199 2237 2353 7829 2342 4209 6861 4005 3628 6631 2750 3030 8167 5522 5115 7950 6758 6998 8112 5653 3368 7844
2301 5131 4101 7477 5872 4513 5410 7589 7350 2629 2912 7909 1370 3070 5841 4215 5111 5852 2361 4634 7783 5138 5028 8351 7586 6663 7236 6732 4398 6557
2630 5256 4655 8146 5355 2761 5711 8187 7208 2232 3079 7658 3127 3071 5976 4410 4801 6073 2193 4250 7016 5450 3601 8171 7340 7935 8071 5566 4016 8073
3124 5371 5436 8358 6119 4332 4482 7592 6338 2849 3098 7880 2425 4027 5545 3579 3652 6035 3581 3024 7457 5207 4852 7094 7695 7860 8830 5596 4860 7228
3234 6658 5540 7259 6412 3124 5326 6463 6629 2708 1813 7056 2605 3711 6589 3680 4895 7398 2040 3046 7602 4009 3681 6955 7745 6723 7930 4993 4578 8188
2682 5963 5107 7072 5998 4420 5812 7298 7162 2947 1896 7711 1566 4016 6196 5053 5034 6887 2164 4620 6650 4575 5035 6967 7362 8297 7363 6041 4455 8127
3029 4970 4273 7252 5202 3715 5494 7271 7137 1491 1727 7549 2671 4146 5937 5166 4022 7299 2014 3200 7930 5328 4196 8091 8424 6807 8565 4982 3918 6713
3291 4916 4652 7649 6689 3096 5171 6526 6173 2637 3310 6950 2220 3992 7299 4409 4477 7424 3653 3740 8277 4629 4489 6882 8368 7130 8767 6484 3986 6852
2511 6179 4091 6813 6447 4338 4839 6600 6967 2094 2788 8589 2039 2953 7262 4884 4213 6017 3632 4440 8035 4931 3498 7219 8146 7653 8035 5378 4915 7604
2497 5638 4668 7144 5922 2767 5186 8243 7754 2143 1699 7337 2815 4242 6639 4554 4283 5967 3248 3690 7707 4733 3365 7870 6995 7538 7597 5544 4603 7490
1948 5956 4910 7737 6631 2935 4537 8249 7122 2242 2322 8457 1527 3344 6813 4843 4474 7216 3459 3711 7122 5137 4552 6891 6777 6902 7750 6065 4533 8160
1943 6582 5164 7723 5523 3560 4619 6956 6753 1498 1865 7271 2839 3099 7182 3571 4138 5842 3258 3490 8017 5318 4637 8186 8328 6634 7321 6314 4421 7896
2670 6219 4442 8186 6555 4040 4631 7251 6682 2022 3249 8608 2212 3528 6828 4677 5131 6521 3090 3573 6785 4622 3967 7163 8290 7822 8140 6299 3739 8156
2304 5703 3878 7585 6422 4424 4841 7628 7308 1257 2791 7448 1919 3800 6234 4715 4520 6989 2882 3310 8188 4266 4612 6877 8290 6513 8083 5883 3680 6759
1520 6261 4875 7258 5921 3803 4266 7143 6545 1679 2715 8550 2108 2846 6341 5116 4753 7028 3380 3967 8168 3829 4125 7395 7226 7536 8182 5299 3701 8114
1836 5040 4697 6669 6635 4182 5703 8087 7146 2441 1942 6975 2118 2856 6862 3819 4045 6799 3091 3039 6694 5497 3523 7693 7530 7043 7707 6287 4911 7189
2882 6047 5545 7809 6279 3420 4692 8124 7783 2196 2048 7640 2881 4523 5933 4039 4141 7025 3506 4290 8027 5158 5001 7463 7655 7888 7175 6293 4558 7274
2315 6642 3780 7743 6581 4335 4336 7803 7147 2482 1803 7060 1689 3386 5503 3565 4931 6697 2791 3429 7774 5304 4072 7607 6696 6746 7520 5199 4979 6692
2055 5356 4657 7188 5553 4150 4460 8080 6659 1745 2933 6910 1750 4295 6204 4551 4454 6372 2783 4357 7986 4315 4377 8079 7236 6962 8262 5762 3293 7759
1703 5684 4953 7449 6991 4204 4810 7266 7376 2674 2180 7450 1610 3596 5903 5156 4555 7576 2040 3081 8049 5303 3767 7876 6706 6707 7131 6270 4659 7827
1669 6702 4970 6646 6367 3142 4586 8140 7940 2274 2027 7201 2690 3150 6852 3736 5223 7360 3462 4288 6900 4079 3490 8272 8015 8142 7833 5228 4278 8066
1830 5076 4922 7413 5928 2792 5137 7544 7539 3035 2568 8004 2548 4223 5802 3916 4034 6338 3295 3028 6591 4944 5132 7574 8181 7960 7378 5581 4008 7956
3332 6536 5036 6578 6834 4203 5336 7319 7386 1555 3144 8041 2105 4319 5991 3482 4211 6201 3574 4435 7994 5191 4489 7536 7310 6839 7983 5272 4649 7284
2884 5028 5261 8154 6207 4380 5807 7125 7877 2922 1914 7569 1532 3000 6584 3378 4358 7116 3131 3753 7722 5259 4313 7288 7766 6850 7814 6545 3458 8238
1670 5435 4248 7475 5424 3093 5803 6811 7713 2016 2595 7780 2858 4363 6620 3502 4617 5787 3580 4087 7695 4466 4815 7659 7760 7302 8293 5464 4004 8108
2154 4941 3981 8292 5989 3163 5153 8123 6873 2890 2168 8323 2350 3728 6110 3818 4214 6545 2202 4739 8066 4341 4508 6772 6955 6656 8739 5776 4798 7210
1828 6035 4386 7525 6367 3654 4785 7111 7055 1456 2000 6865 2512 4052 6570 4663 4037 6520 2340 4601 6752 4220 4842 7603 6959 7968 7834 6067 3524 7437
1775 5348 4111 7243 6889 3456 4148 6701 6286 1490 3469 8371 2729 3564 5970 3948 4628 7158 3132 4624 7379 5514 4353 8346 7550 7937 8444 5688 3587 8275
15 20 23 0 71456 1.0038358383862305
9 8 4 2 35158 1.0639557802445452
4 3 13 18 64086 0.9097982710261746
14 15 26 20 55692 1.045943893134938
0 13 20 26 111542 1.0886596267372541
15 1 10 14 50758 0.9267666736546956
11 11 29 15 51915 0.9005154519872146
25 5 12 27 84029 0.9547887816347544
10 0 5 17 55305 1.0596452135225949
13 23 6 1 61926 1.0907507969213968
9 11 25 11 42144 0.9737047437807733
24 14 9 13 44752 1.039883021255783
21 25 0 12 101496 0.9996954684552781
16 14 21 4 63613 0.9126117576365662
24 9 28 19 33973 1.0624326648323295
7 22 17 6 65218 1.0228657927537674
13 4 23 21 76327 0.9696943920064486
3 15 17 15 55595 0.956660525838524
4 25 9 14 57424 1.009897113142676
7 11 11 21 41127 1.0782556534980483
8 24 2 20 41581 0.9090992331712995
15 7 25 28 94923 0.9851569630641461
11 29 8 13 56544 0.9342877568964345
2 3 27 29 131332 0.9979471564878186
18 29 3 7 95323 1.084099935916452
12 2 19 23 78879 1.0129210199504302
4 3 19 27 115563 1.0775718744888527
18 22 19 5 80439 1.0211000609157308
26 7 0 18 84772 1.0351207460820022
7 29 12 1 72891 0.9105852690898241
8 17 5 5 38955 0.9527272281617711
24 1 28 24 71599 1.075246577449492
3 6 26 5 72157 1.0795199618648734
22 25 10 19 74430 0.9914119244417393
22 12 7 22 54670 0.9691021133453142
19 21 0 11 83421 0.9925921544211576
2 2 27 4 80374 0.9561847387041669
17 18 7 15 38945 0.9734617943315604
13 12 25 7 39565 0.9017603745228947
6 9 26 22 74806 0.9375727303373464
17 29 0 18 79465 0.9302046075157012
22 18 14 14 41033 0.9460887532422159
20 15 3 26 86517 0.9080950346844897
9 3 22 26 117791 0.9670669713278671
7 16 23 13 50191 0.9802856269694564
23 7 7 13 55420 0.9826647176806071
28 10 3 15 67998 1.057044214948262
8 22 27 12 70259 0.992868993927665
2 27 12 25 65800 1.023707140382635
4 18 14 3 59665 1.0348180424675364
24 10 1 20 81784 1.0451367158542053
0 14 5 19 34428 0.94362205631998
22 16 17 21 45542 1.0310092307716712
29 10 13 21 58818 0.9916617908340909
12 14 18 7 43597 0.9577957361308385
21 7 7 29 79026 1.0042602297341712
3 7 26 15 69876 1.08721241305086
20 7 0 18 76174 1.0144404769214905
15 1 8 14 55085 0.9508284212933296
24 0 0 17 96338 1.0150374661698613
0 8 24 11 68727 0.9257670001206547
27 27 19 18 51270 1.0234452131601592
0 25 26 14 110856 1.0769376350857545
13 1 13 28 52964 1.0440770016828633
16 20 23 3 93700 0.9071782058155317
20 8 27 22 60880 1.0071239501769542
18 27 22 18 68913 0.9911906993097533
4 22 9 3 61414 1.0076371056110573
9 4 18 8 42799 0.9038661850598027
12 2 8 12 34930 0.9917411986738571
6 17 27 29 105196 1.016942924305107
19 7 8 26 83722 0.9292164293938475
25 17 22 29 55819 0.9482416504732898
14 11 16 2 35511 0.9206651636422502
23 6 24 24 76002 1.0005649078242091
10 3 8 15 44707 1.0568166301292217
17 22 3 9 66588 1.0102015692529447
14 7 22 12 35147 1.0373657730278034
24 5 12 8 49986 0.9495184899066541
6 23 13 18 35985 1.0269295507666856
2 1 14 26 89641 1.0181223988188093
18 4 26 21 84298 1.0210320972709885
25 9 13 29 66732 1.032909891834271
27 6 0 29 128061 1.0785893566028748
1 26 26 21 114156 1.0141525857451448
10 23 6 3 62971 1.0131861366990327
15 18 7 7 41112 1.0124354717791684
6 19 17 14 54566 1.0296497437590364
8 11 13 6 25260 1.081305255595616
9 6 10 26 72249 1.0124463526310539
0 29 12 28 57505 1.0893401363569182
6 17 17 20 51722 1.0152529999291473
15 26 10 10 55047 1.0029650542994764
2 20 21 19 69575 0.9032567712563591
12 24 12 4 54441 0.9227318100688334
6 19 19 7 66690 0.9720391927410168
17 20 9 1 71615 1.0707862738396434
25 15 20 24 56181 0.9092913254649957
23 0 29 27 77522 1.0515305496191014
6 24 18 16 63728 1.0299738224518045
14 22 19 5 63178 1.0020880215188483
7 8 4 0 23057 1.0720163799723195
25 8 20 24 80535 0.9379924979656089
20 7 18 27 91043 1.0252491608284096
29 26 11 15 82184 0.9480655525791166
13 21 5 16 39387 0.9354511546489691
9 29 24 1 105581 0.9928947373796615
19 17 14 7 57167 0.9711087301212328
28 10 18 2 60245 0.9281158305554978
5 10 21 17 63591 0.9651020500970295
25 1 7 15 70580 1.038637529525033
3 16 0 29 49103 1.004610707837062
10 19 27 8 69149 1.0619679503965744
0 4 4 16 49486 0.9573884419033082
29 0 28 10 24028 0.912401428002427
29 3 29 13 23078 0.9825055396159333
13 22 19 2 67453 1.037639932078375
2 5 10 10 34732 0.9049224600176304
25 26 17 0 100528 1.0064635500150456
2 6 19 17 83188 0.9096482135677824
11 19 18 12 34897 0.9388651877303952
24 11 2 24 90253 1.0920720736449354
22 1 7 20 79266 1.0344214970881196
14 22 9 14 39761 0.9124409937941662
11 0 13 11 23525 0.9912407353974892
27 23 8 29 103606 0.9657479612377851
18 7 1 0 70769 1.0159514834437302
16 26 9 14 65624 1.08316413077767
2 1 22 25 132797 0.9361130403892673
14 2 29 20 78420 1.072327139965329
8 20 28 19 77388 0.9224736723917661
4 3 29 23 113104 0.9827027822475232
24 16 3 8 73080 0.9473668319100902
26 15 6 20 74756 1.0432811688644694
1 22 24 2 112996 0.979406737911811
29 8 17 27 95234 0.9906409499560035
22 7 11 18 58964 1.010326878095966
13 13 17 20 34137 1.0941520434493106
14 17 22 12 37149 1.0564020627277042
20 2 14 21 73786 0.9997540728441051
25 2 10 10 56939 1.013649010037018
21 15 25 7 44282 1.028963027773899
23 6 9 12 56184 0.9691266754952403
8 29 19 7 86019 0.9972949609780313
14 17 25 1 69364 1.0861952371504382
13 14 14 3 30547 1.0945980595271605
15 25 11 2 69569 0.9464391027233103
20 20 2 28 91909 1.071764867108243
6 9 15 10 22465 1.0327067310110174
7 6 25 15 59615 1.0403119856144696
13 20 23 14 50685 1.0366902356398158
10 27 20 16 68443 0.9713705685126782
7 3 23 6 64223 0.9792267697122876
14 13 21 22 55991 1.040376141547653
1 8 8 15 37054 1.042364855452447
12 26 3 22 56018 0.9752398073114255
24 24 14 1 97250 1.0263000962495066
17 19 25 16 38832 0.9229424848528325
12 17 0 20 52470 0.9472614036871441
8 3 26 19 82150 0.9132124990874663
2 18 25 13 69441 1.023118338838446
2 1 29 23 115509 0.9410165992223479
29 16 11 0 70331 0.9142355912072623
26 27 10 11 80478 1.0043570517809377
23 24 6 27 93334 1.029737117594388
23 14 10 11 46089 0.9198355963682848
26 0 27 21 58868 0.9280230294268795
29 22 15 24 72781 1.0488517235907309
21 22 9 5 82051 1.0219977063311443
28 11 20 5 40978 1.0313414275798767
17 4 7 3 47293 1.031719462922319
13 17 14 28 24777 1.0514241266819284
17 1 10 28 82921 0.9409128158817861
9 12 23 28 83715 0.9716044686700411
13 21 7 10 36759 1.0407424775392944
13 18 24 29 69637 1.0543644525747826
17 28 28 21 62327 0.9661440394884029
7 13 9 4 25356 0.9195223696692418
5 29 14 25 55569 0.9955491866781414
1 26 0 9 66274 0.9664127845779934
29 29 13 16 78134 0.9418435325402389
26 12 7 15 48595 1.0820206848090277
8 4 19 9 38033 1.0966457414456554
21 13 0 23 89868 1.0392220548839435
23 16 16 7 63709 1.0357466317601633
15 22 27 4 85125 0.9219556641599048
12 26 14 10 43508 0.9795815966297311
26 20 7 0 83098 0.9682403050080272
2 1 12 7 53444 1.0038248911072334
1 28 27 5 119800 0.9158031877308508
2 18 3 29 30026 1.033464436203219
10 24 0 8 74614 1.0568193288795675
10 29 29 3 104957 0.9077427134359765
16 24 26 18 61915 1.020210437646425
19 12 17 26 71929 0.9080410978695219
16 6 10 12 32190 0.9234804016576462
10 3 0 26 101868 0.9305982699052712
9 10 25 21 68870 0.9844238813025443
5 4 7 27 55659 1.0586327139493499
8 13 9 28 41675 0.9580087296458563
24 27 1 23 118409 0.9373426399169444
11 16 15 29 44175 1.0934352162104213
8 19 2 7 47687 1.0554494089892967
0 22 29 18 101888 0.9011191792737773
22 28 19 8 91308 0.9281185514729889
12 1 12 16 41179 0.9068655882269693
29 2 15 5 56142 1.0767548048703615
1 29 25 10 107884 1.0508971492481634
29 6 13 11 44235 1.0398706320816982
6 23 21 1 86938 0.9042957627721656
4 19 0 13 27822 1.0419263196243675
18 18 2 26 73516 1.096105973477782
4 14 27 7 79733 1.0694819450353616
22 25 23 2 107863 1.0198388964806813
3 2 18 17 83751 0.987905148231601
23 27 13 27 50479 1.0353780515679283
25 5 2 10 69991 1.0105272927006541
15 8 22 2 58455 1.0044113015009608
8 10 5 1 31533 1.0164041849819205
8 10 10 22 39030 1.06944169054793
15 21 7 26 43804 0.9365910003295449
2 8 22 29 115559 0.9173608287706584
16 24 28 9 82090 1.099780925469062
19 10 0 27 97364 1.0243681825072852
28 19 18 23 57628 1.0754944515284257
28 0 15 13 63030 0.9388065586326654
0 23 12 6 83691 1.0478792620641042
7 26 26 21 83000 1.0128502680974791
10 9 1 10 24264 0.9452690006564519
3 0 5 26 78902 0.940926155539559
10 17 28 26 79143 0.9466831403852733
29 29 8 15 101819 0.973814651872909
19 9 27 1 44503 0.9220288022366375
21 7 17 16 59224 1.033786118100831
13 18 24 21 47875 1.0688073322057416
3 1 15 19 71010 0.9640284652633744
21 23 28 4 75972 0.9479267343617609
7 23 26 29 91808 0.9276277982413518
12 4 29 28 95045 1.0460372277500594
7 5 19 12 36857 0.9300578680078281
29 6 2 11 75466 1.0436017732319232
7 27 23 22 75449 0.9255231650006158
7 16 28 0 76155 1.0007569643559724
15 24 10 11 54855 0.9160353371411876
18 26 21 11 88698 1.0472216953533116
8 25 24 1 97392 1.0718542113906857
11 17 5 3 63117 0.9221957834733143
23 6 0 2 96843 1.0469507230197177
2 1 10 10 45801 0.9546413122759456
6 20 26 24 86705 0.9273161111989795
6 29 10 17 41803 1.0456302272405806
25 17 16 1 77569 0.9733407407080009
13 13 17 26 56111 0.9405648889777134
17 28 11 2 77120 1.0570968572969537
11 0 25 13 54832 0.9566513065939957
23 22 19 28 49023 1.0357449307785531
18 7 29 26 81978 1.0303172913175542
19 28 7 5 82187 1.0742903165851798
20 7 8 28 79358 1.0500218993384571
10 4 17 25 83158 1.0541983893118019
26 9 1 21 88814 1.0623542952628995
4 1 27 29 129828 0.9526443345195558
17 21 5 0 77504 0.9341788538188645
24 15 23 0 58993 0.9488251529472538
2 29 14 7 86515 0.9195651283260283
24 9 12 18 45919 0.9789791062099813
26 27 21 7 71845 1.0527751927443254
25 13 10 22 63753 0.9755601450167615
23 13 6 21 65270 1.0587524927964842
27 20 28 7 37755 0.9960416259052702
7 25 5 11 36866 0.999706304587411
4 0 2 15 45223 0.9417386059619406
26 5 15 10 41333 1.0326644416587882
18 5 25 15 64540 1.0123681533315974
27 29 23 22 39300 1.0553173027154235
13 15 10 1 42125 0.9581253040781759
5 2 16 27 87932 0.9263146798627188
17 22 2 4 85599 0.955023229939573
9 28 18 24 63691 1.0056062395578522
7 27 27 6 91297 0.9320157617699806
0 21 29 14 101514 1.0580311525754216
13 12 1 1 55361 1.0684415470296211
4 0 23 13 70457 0.909581603986291
3 2 1 14 40744 0.9694594415432503
28 3 8 18 80843 1.0916634461181944
28 29 27 10 47756 1.0906591414661455
17 11 0 19 65255 0.9495932869709871
20 11 29 4 40039 1.0821419442167852
26 8 13 26 65301 1.001087835654979
27 11 6 15 60815 1.0446494285017247
3 27 26 12 89669 0.9074586954408439
4 21 14 0 70468 1.0986226205790393
14 5 12 26 53159 0.985321748133609
13 14 24 25 73583 0.9003218338970951
22 8 25 15 37694 1.0867003585680615
20 26 5 1 120641 0.9402164238542405
22 17 22 6 70606 0.9226487713356526
8 9 21 6 42621 1.0785881512134126
10 22 3 14 39353 0.9288437770524531
25 13 1 9 62606 1.0059523369758236
9 28 8 11 48998 0.9612512281985974
2 7 20 11 60738 1.000268486027431
19 9 2 12 41704 1.0243865120283766
13 21 29 5 67286 0.9876866064457238
29 4 18 25 107052 0.958789417527975
26 8 5 14 65550 0.9064613867824005
8 17 26 11 64328 1.031232011954123
22 18 9 18 40622 1.054430808752765
7 20 21 12 48249 1.0255732929660035
1 3 17 2 65382 0.9979250426984355
11 22 3 27 45611 0.9142572397894387
24 3 3 1 67123 1.079183031936555
29 3 23 25 80803 0.9894709227602247
9 2 9 12 32426 1.0923807988139331
4 25 16 19 67541 0.9466078429023925
10 21 19 8 59239 0.9409781869613247
16 20 25 28 68129 1.0243184271237133
29 1 2 19 101134 0.9165703922259756
25 3 23 15 50530 0.957431738544989
20 17 29 22 42381 1.0325790677800668
0 9 20 19 77665 1.0256642338813466
13 29 8 1 71819 1.0099360096633467
29 14 4 9 66416 1.0973183430111337
7 17 17 22 45944 0.9995740443514765
29 8 12 27 77780 1.075441811640396
26 18 6 16 69678 0.9706952408935539
14 28 19 0 71607 0.991558818478753
20 16 2 8 78366 0.9054749812655888
10 20 28 28 88406 1.073598511425527
2 10 3 27 47281 0.952861520889533
6 0 10 21 59951 1.035262954174469
1 9 18 9 37302 0.9720496512572049
7 8 18 25 83378 0.9082543335798864
29 4 26 24 55167 0.9101302252571697
0 12 19 11 49986 0.9757986689977571
22 10 20 29 89907 0.9345840316666686
0 17 23 4 104908 0.9424342798597609
28 5 23 22 59026 1.0911541605371011
10 17 2 5 57107 1.035842926315531
27 21 24 28 30117 1.0819953489548855
2 28 9 6 74751 1.0768562132330108
2 12 20 22 76791 1.0256233995976567
8 27 24 5 94992 0.9296900494690384
5 24 13 0 74390 0.9716683454636357
29 27 3 19 100903 1.0387842598709303
4 19 20 0 76722 0.9310729100708597
0 17 29 13 89762 0.9217733528274851
1 15 14 10 45013 1.0209239991354606
19 7 5 22 76494 1.0794827140442451
20 19 6 0 79153 0.9074123542072957
10 7 3 13 34292 1.0226493304436772
6 25 23 25 99957 1.082302879761474
24 4 0 7 87905 0.9421060070285717
1 6 12 20 71645 1.067042696620841
6 25 24 10 80360 1.0765734044379864
8 24 14 11 54325 0.9229366690529565
25 2 28 26 68897 1.029276752767544
15 17 2 18 44507 0.9618918924337406
2 6 15 19 65532 0.9772841444336209
22 5 15 24 87373 0.9552105327424811
16 15 28 26 70225 0.9069801014134222
20 11 18 20 63685 1.0405573184032282
17 9 18 23 63431 0.9143426290013766
9 20 29 29 95896 0.9301662158017717
15 8 9 2 41935 1.079896310883379
12 13 7 24 41567 1.0472286919578835
16 16 20 4 71952 0.970367696979508
25 15 18 18 31602 0.9651216751334799
8 1 24 5 65309 1.0074478204021742
0 22 4 13 38973 0.9060062217372522
29 0 20 16 70014 0.9351621870498383
19 4 16 25 93066 1.0131457531677945
6 3 17 26 94553 0.9109561885901245
5 11 15 26 68487 1.0418004370170537
8 18 20 2 78694 0.9537459589950049
28 18 2 1 100960 0.9731699233401825
21 27 24 6 95250 1.0144845145317465
21 12 21 1 58780 1.0982682031746744
11 26 20 18 51604 0.9192579359100296
14 26 24 2 92472 0.9904776310243163
13 1 5 28 73674 0.9621728045437726
29 9 24 4 28343 1.0644252632377948
29 11 18 8 37151 0.9227020271071992
20 17 11 19 37668 1.0358360263106925
19 10 0 9 45099 0.9597434029541152
10 12 10 2 38556 1.0180506646705414
13 10 25 13 33526 1.002432444538875
1 23 20 14 90127 1.0185822617708
19 21 4 2 93765 1.0814729277623227
3 7 24 23 100695 1.022910756398928
9 26 3 10 56636 0.9218656363605633
29 8 18 18 54496 0.9284962943921166
6 3 20 29 103170 1.013725681233435
24 13 11 27 70677 0.966366488723622
23 2 8 28 102679 0.990499895254519
10 9 23 23 81705 0.9096963701165308
5 6 20 14 61702 1.022390934882184
18 19 6 24 56645 0.9514506542685783
9 14 23 17 63865 0.9250163392189718
25 2 9 0 42537 0.9898984627730407
4 5 0 24 71133 0.9061976191816172
2 20 10 4 65203 0.9612627167273851
25 25 24 6 68715 0.9440213778197737
10 26 28 9 89623 0.9285243317786264
11 24 9 12 49372 0.9514204777661542
14 3 2 5 51718 0.9528385167930692
9 26 1 18 44599 0.9144459908821766
5 7 23 0 62579 1.0613099076235424
19 25 6 11 92966 1.0700869015486856
4 2 8 24 67824 0.985410365079024
17 25 15 12 59374 1.068282853092058
15 10 13 18 23968 0.9914185395718007
5 11 19 21 71349 1.0776197735219946
13 2 3 25 74047 0.9858348434985656
0 3 28 6 95216 1.0117705431311934
2 11 18 29 94205 1.0359922777959916
11 6 22 20 73350 1.0230068548348887
2 0 9 8 37414 0.9829295613898005
20 27 21 7 101522 1.0653882215751145
15 29 26 8 82347 1.0947302033641866
21 9 22 28 79635 1.0528654771146126
6 9 21 29 92110 0.9592567805919675
19 24 14 2 86208 1.0652904186629484
19 16 22 27 72356 1.0095933208665184
6 4 21 11 52970 1.0496387503002427
26 13 17 15 39373 0.9587351195779023
18 19 29 19 42379 0.9743693454687201
2 19 1 28 36782 0.9722146328081918
16 10 8 12 24432 0.9431797648725452
10 3 19 23 88564 0.9696640082493013
11 20 22 14 60058 1.081901628394208
15 7 25 13 52364 1.0020390959655736
6 2 12 8 35947 0.9828397879966909
18 21 3 23 70970 1.0985630651587999
29 11 25 26 53245 0.9671874137835176
9 29 22 20 78995 1.0124311378066633
5 11 24 21 84781 1.0277642814742693
26 21 10 18 58442 1.0818874217639012
19 12 9 16 37657 0.9399252140096991
12 1 11 21 56422 1.0805177022957857
19 2 17 16 74176 1.0469038003037965
11 10 26 1 53107 1.054373146848468
3 29 27 5 113547 1.0183890202056078
1 29 18 14 101326 1.04830675296596
0 0 25 21 109115 1.0941682265710657
26 28 4 21 105375 0.9167084390193471
0 20 27 13 90933 1.0556769334478286
14 23 29 17 68097 1.0826606280532418
5 7 4 18 41218 0.9215219999580225
20 5 10 4 43172 0.9951978928094858
9 22 14 15 34652 1.06415165828486
26 28 26 0 77863 1.0679571861603634
29 20 19 23 56320 1.0411611279055535
3 3 2 29 72702 1.0211241665810393
12 28 15 12 41241 1.0113367849057364
13 11 3 26 60898 0.9165282429424481
15 4 14 24 61198 0.9923276462816782
8 14 24 2 78519 1.0913251842467515
0 14 19 20 86750 1.0188645641132477
29 17 12 28 74090 1.0077516247455003
5 7 8 16 36147 0.9051675583747182
5 11 4 21 37976 1.04120324249393
2 13 10 8 32677 1.0942378293218455
19 9 3 24 71050 0.9660026504038346
13 20 28 26 68342 0.9558173945583429
7 9 17 27 71391 1.0128015983144822
18 24 29 26 73582 1.0502321032423763
7 6 21 5 54109 0.9928897379033439
28 6 8 8 56449 1.0734484135513873
9 9 0 1 46113 0.9465994110735475
25 4 24 28 77708 0.9747939055655452
18 11 9 13 30782 1.0443314983580523
9 1 24 14 66681 0.9725989536231012
2 15 18 12 45859 0.9967210933853554
7 29 26 4 95913 0.9059376842668028
5 2 24 22 103674 1.0198621025352357
20 10 5 21 62745 1.0679643673348995
16 17 1 16 57824 1.0234978444105907
23 15 5 21 80412 1.0700886446662459
5 29 21 17 81062 1.0331355848889863
1 21 11 3 79180 1.075206853075955
21 21 12 23 49257 0.9662808651785189
13 26 16 12 34940 0.9523852713344769
17 19 1 26 82335 1.0632629834890235
24 11 19 17 50855 0.913119068585349
1 24 14 19 64189 1.0006202594323756
12 17 6 1 55465 1.023433686211451
10 6 2 17 52222 1.0862630538630174
2 11 24 18 80199 1.0813798692994057
12 22 10 3 59722 0.9483603222712161
15 18 1 11 51675 1.09212406374831
23 2 13 2 36069 1.0179624174916064
17 29 9 14 69302 0.996200336191838
27 4 18 15 67889 1.0887314693792385
20 15 27 28 61631 1.0620560000582042
1 19 17 7 70858 1.0920938727496146
24 13 1 21 84483 1.0538481301371947
6 8 28 16 70751 1.0867216837841847
14 3 4 28 83513 1.000855009961175
28 23 13 29 74587 0.993193273407987
22 3 2 19 102234 0.9356363430235353
29 24 19 1 84404 1.034995771161474
8 5 17 12 36002 0.9861389957634699
23 12 19 21 60962 0.9035497566980574
18 4 25 8 46847 0.9319176477721621
21 29 9 19 70321 0.9737640538871475
14 3 19 26 98804 1.0258798267113651
21 20 13 4 63273 1.0695864974716889
6 10 9 21 34794 0.9291640256609026
16 22 27 29 68662 0.9502397031622012
8 15 17 8 44295 0.94449323372435
9 25 23 29 76342 0.95715816419515
25 23 12 22 58657 1.0939861051227606
20 12 17 27 68353 1.051625620990824
12 9 27 7 42259 0.9804020228003527
21 5 4 3 79434 1.0327088032778693
5 11 16 27 70952 1.0813380465638582
3 13 25 9 57055 0.9315147372503438
4 6 28 0 75030 1.0502758368046674
14 14 6 18 35943 0.9403647988230037
23 24 1 26 121635 0.9523819819179679
9 3 0 24 85297 1.013920326827801
13 2 29 4 47181 0.9848466395920895
19 20 9 17 48997 0.9560925328625404
28 20 5 24 95426 0.9723204757958398
22 4 3 4 79663 1.029049779555431
12 9 2 16 40611 1.0356258866946222
25 7 13 13 42456 1.079020963769989
17 9 2 18 51974 0.9286260091581722
12 6 26 14 49964 0.9268847123828846
23 18 13 15 36024 1.0809829110282296
29 3 24 9 24694 0.9056137619601994
11 25 13 8 47965 1.0306524227162168
25 9 0 24 103849 1.0276026648159609
2 4 7 14 38854 0.9487199393310053
22 28 5 10 91845 0.9342245413162491
26 7 11 18 60080 1.0208765755434683
17 12 15 2 35003 0.9591231184336544
19 28 2 16 84229 0.917866617303544
18 18 15 11 39888 1.0385547033862537
12 11 13 27 39197 0.9636569026994831
10 20 26 14 67392 1.0481028701288753
15 8 25 25 82838 1.059911549554526
28 10 5 13 61247 1.0498046012283702
15 1 2 8 58712 1.0464089350298107
16 28 13 18 30118 0.9323941026492412
7 22 26 27 91378 0.972241574082008
27 23 22 17 41196 0.9929029079224352
5 22 11 12 40043 1.0564372739663475
6 10 25 7 50847 0.923833857699417
26 4 12 7 54534 1.0437905662534637
11 9 7 29 47904 1.0351350770509056
14 3 1 15 62693 1.0247842324058356
15 15 3 6 54160 1.0738028200512235
25 15 11 25 74230 1.0391116717354036
24 28 14 23 62353 1.0302408026182084
13 15 20 12 22664 0.986051139209521
22 22 11 19 49587 1.093261806506484
7 3 20 19 70686 0.9221698739751049
19 28 11 24 48315 0.9414162064146528
19 29 27 16 72752 1.0612934279663055
15 10 2 11 39578 1.0206525337374637
5 3 1 17 59306 1.0366916258083925
11 6 10 15 41382 0.9952079895397348
16 2 26 26 96728 0.9796558313390249
23 4 2 3 86543 0.9206426540034371
26 8 10 22 71064 0.9997472242524699
9 24 9 13 40455 1.0907158954904201
14 24 2 6 75528 0.9124270703890082
11 22 6 29 35203 1.0401661034305656
23 2 24 15 60449 0.979766632274654
23 2 6 19 87813 0.9753944327364659
5 4 1 22 66116 0.9272131689990545
21 13 0 20 77193 1.0745713490715432
26 6 25 19 41497 1.014401768652296
22 11 6 0 61436 1.0279858444133012
26 13 14 19 50923 1.0638839607853965
9 21 10 1 65846 0.9653574195846519
3 3 11 8 39396 0.975041931164094
14 11 19 23 62472 1.0379844139260068
5 7 21 8 50164 1.0379212619499962
15 22 23 9 57904 1.0041041246988474
0 1 23 17 109681 0.9456724730626439
18 22 28 6 78262 0.9990623084769112
8 0 9 11 30108 1.01077886415418
29 10 16 21 71535 1.0604275541029642
5 5 21 15 63787 1.0215866366279114
14 11 21 3 54314 1.0988114560775857
25 28 9 4 104592 0.9629256572597108
3 20 5 6 45744 0.9863438367827227
6 23 10 16 34056 1.0326632734487535
9 9 16 23 52740 1.0865524023282813
14 20 6 14 45897 0.9616840471442574
23 16 3 11 71723 1.0079175500628368
19 4 0 25 120461 1.0560564159902082
23 16 13 1 64867 0.9587182357316505
24 28 13 17 67493 1.0356892506098467
15 17 10 3 58336 1.0690209475886938
21 9 25 15 32717 0.9308144335579094
24 26 26 0 87982 0.9887866475669996
8 8 16 19 49834 1.0063909309645291
29 1 2 25 120510 1.0472695868895214
14 27 3 26 57069 0.9481630021699801
16 0 28 8 45191 1.06971880456807
1 25 13 25 68540 0.9268800439269822
10 3 12 16 47497 1.0040615591118827
3 29 20 6 101241 0.9026981690113832
0 2 25 0 72623 1.0950030727079385
24 7 12 27 73157 1.049170455487512
1 20 28 1 106871 1.0637574383856514
20 5 28 15 51023 1.0418528468639328
1 2 0 13 47725 1.0484025469022806
17 14 5 18 51978 0.9740200580635716
19 21 6 15 65650 1.0803214469620928
10 17 2 5 57107 0.9634287365404521
23 0 4 20 89142 0.933709366110614
28 23 28 5 43920 1.0105593524910326
21 13 5 8 50083 0.997743800023783
26 16 7 27 81710 1.0656441600753486
25 5 6 2 67772 1.0671314798480158
28 21 12 13 61663 0.9209829448302385
19 22 10 17 48453 0.9936418843374413
4 26 25 7 105329 0.9942198152039508
22 3 8 15 83780 1.0698966014417044
1 22 17 0 87347 1.0466193816341907
20 21 12 16 46055 1.0062167777867481
10 5 15 0 22791 1.0134538274208185
18 15 2 25 83092 1.024027331827536
3 14 1 5 31145 1.0005279001669785
9 23 13 10 45186 0.9895669992107363
19 3 8 8 63925 0.9708122251856969
23 2 4 11 77897 0.9268493632622393
14 22 3 26 56344 1.0674093697587854
27 24 13 29 73172 0.9003767282856149
8 0 22 12 52819 0.9348443285841351
28 27 15 19 66061 1.079736192743242
12 15 9 7 31261 0.909175868836105
14 26 11 8 50909 1.0382047488894006
25 22 19 5 79377 1.0953920050480936
19 13 2 0 68895 1.0083796993135172
22 17 8 2 82963 1.089989562909044
9 4 6 27 59808 1.0158259763138122
3 23 27 5 99873 0.9487106482554962
3 1 0 18 52618 0.9484240229997235
15 21 9 17 31180 0.9130183400802891
21 15 8 18 56433 1.0244681834205287
2 5 23 7 72539 1.0030489249386734
27 18 24 9 32668 0.9291589288179959
15 6 13 24 45790 0.9377068185217887
29 15 5 9 66113 1.0109041877010894
23 21 1 6 106588 0.9255884829014707
14 12 20 20 50217 0.9263501361157502
3 21 28 12 78315 0.9589761189591965
3 7 28 5 69257 1.0217055793674648
11 23 14 8 48746 0.9887342806145604
15 1 18 23 82619 0.9687337575837458
23 20 12 15 50280 0.9888606555482145
21 12 10 25 64195 1.0660254051809956
5 13 3 3 34043 1.0632875010360536
12 0 26 7 51025 0.9467997025619265
5 15 26 11 60758 0.9132433692450278
24 14 5 18 64111 1.0047628134976645
16 0 8 29 80893 1.0598343817756775
28 22 3 4 99925 1.0124746848513182
20 3 0 22 114669 0.9456543478045756
28 17 22 5 50121 1.0901401910499138
0 10 7 4 29523 1.0216606862933415
22 1 2 11 77704 0.9308538200919749
24 26 23 6 85172 0.9564169683352375
13 12 25 1 51192 0.9962206360379003
29 28 11 14 89220 1.0210566351500239
4 12 23 6 66484 1.044830698893226
1 4 3 16 39587 0.9817680839453169
29 5 17 22 86296 0.9950315631654019
12 25 25 16 64702 1.0812713866636239
9 0 23 25 113029 1.067454012537578
15 8 2 27 83190 1.0504599600941424
10 5 29 23 85068 0.9923876108859644
2 18 19 6 78705 1.072788762582927
20 27 1 15 99780 0.9398896304906041
11 7 25 16 59133 1.095788443109046
26 27 14 9 74882 0.9958970985438461
12 15 24 24 69577 1.056198651070797
28 28 27 5 57771 1.0000110653831518
11 11 18 25 71980 0.9537467449518089
27 3 2 5 87900 1.004443960597979
8 5 2 27 70629 0.9369608164116046
28 11 4 5 66696 0.9103085284124709
23 27 18 9 85141 0.9902631188547155
15 2 24 21 87864 0.980261417800152
20 21 12 24 47105 1.026467327242083
13 18 20 3 67389 1.098954143631871
11 19 3 6 55017 1.0633964626903147
0 9 19 23 90847 0.9722640954146964
1 23 27 1 118561 1.0531045708057927
26 10 3 8 56897 0.988189506995139
1 8 15 4 54773 0.9282651803676902
24 15 16 4 67394 1.0880107538884671
4 2 0 17 59958 0.9863436594813456
16 20 8 4 64984 0.9384322101760111
0 22 22 5 106717 0.9767775682184625
6 3 7 24 48972 1.0538747724118713
22 19 3 28 87360 0.9834325233827352
14 4 29 11 54542 0.907857833944816
23 0 21 22 92184 0.9890650239119663
27 9 0 29 116714 1.0145661741286098
5 2 23 16 85135 0.9892837843887219
20 24 0 22 97750 1.0265850499356655
8 27 16 10 61214 1.0202491814297645
23 26 6 13 107111 1.0713487652586422
28 15 14 26 76390 1.0824778610559926
12 3 27 25 93304 1.065440181057508
6 12 10 26 52813 0.9479654214938664
26 2 1 12 81341 1.007162040313617
26 6 24 22 54122 1.0145317072113
7 22 27 29 99453 0.982193664413733
29 4 16 0 37361 1.0916946537208594
10 0 24 1 34983 1.0058726738236727
22 17 4 14 79633 0.9819432572930723
27 27 27 2 69748 1.0054459858708034
29 5 9 3 66192 0.9778300877970615
21 1 18 23 94013 1.0044701327219383
20 0 19 28 95491 1.084569934019105
25 5 6 15 72248 1.0898751203291854
12 15 5 29 61795 1.0582751592647068
2 2 15 19 74327 0.9177545433102544
18 21 15 8 58478 0.9391047749042406
21 24 5 24 88347 1.038385380660257
20 24 25 15 56181 1.003769777445938
2 1 26 0 62425 1.003047139352388
24 17 4 15 77319 0.9655759054076793
16 4 28 11 56008 1.0673035778746403
23 0 21 19 81201 1.0388153288193083
7 26 22 25 86467 0.9516558656251801
20 8 18 18 54917 1.0473088476204384
10 15 7 6 32362 0.9053992537420094
13 2 6 16 45211 0.9514469746590299
12 17 19 22 41401 0.9585235651163811
15 20 22 13 53050 0.9802448935640369
17 10 13 17 26585 0.9675542510701243
26 1 14 14 64153 1.056558389340485
8 8 18 20 64869 1.020696926697908
6 15 23 13 52781 1.01404037834503
25 19 12 18 43915 1.0588212532449806
0 10 1 19 38027 0.9143726951949391
11 10 29 6 46203 1.01387160066397
19 21 12 7 63661 0.9776799116493672
28 16 27 29 37196 0.9258968084614472
13 2 16 20 51744 1.0184116743739358
4 0 9 20 58342 0.9863495042560266
1 24 27 29 131959 1.0542447084154867
0 0 5 13 48642 0.9974137793523354
10 9 3 16 31115 0.9114981432929306
29 9 2 7 69845 1.0907976227578977
4 11 9 26 56905 0.9186634993538286
21 6 0 15 78696 1.046725302658913
22 9 9 19 55830 1.0824042883247282
17 8 10 14 38302 1.0070639890796842
14 4 9 10 25876 0.982489030319292
27 21 10 27 86958 1.0907159183480128
12 27 3 29 47400 1.0312218255425367
3 4 15 2 48350 0.9932452835456224
7 19 12 0 52128 1.0420926451174317
14 7 20 18 51384 1.0162757286473467
24 13 4 10 52846 1.0506670373890736
20 11 2 23 81589 0.9081557116319557
23 0 16 25 90636 1.0563990178740776
3 15 16 7 50400 0.9824829258545511
27 1 12 25 90928 0.9828821048670002
28 13 21 23 56041 0.9194624416945675
22 29 14 23 61033 1.0712054564220215
16 19 0 14 68243 0.910633412508288
2 20 22 4 102391 0.9231441970789709
25 9 19 16 51339 1.0264936201560761
7 15 19 19 50877 0.9072196645940352
4 26 13 6 77035 0.9740465017470252
3 23 4 4 54907 0.9291960231721099
21 6 24 25 84859 1.071359945835795
6 17 11 2 54649 1.0044863925426535
12 17 16 6 42502 0.9236770759624252
1 24 20 5 106662 0.9207375001173256
20 9 29 27 63659 0.9604566009538729
13 8 25 29 85679 1.0310830686596848
17 25 24 5 102101 1.0548118403958031
10 8 27 2 63953 0.9062107175008353
14 12 1 12 29758 1.0436018705433874
23 19 0 19 77109 1.06959875761479
6 4 18 24 89106 1.0732452171163724
27 22 11 1 88813 1.067032825156272
10 19 28 6 72492 0.9392973033329393
11 26 2 5 86852 1.069505825358379
22 2 29 19 68485 0.9621043241746163
21 7 20 18 62940 0.9750860033651225
9 14 6 4 33208 1.096092471706937
26 14 1 2 89701 0.9086859595502562
28 1 28 11 22414 1.0202741866073912
23 13 29 24 46320 1.0765890943030119
15 6 8 21 58426 1.0125342699243294
17 13 2 18 54913 1.0528665454805548
27 9 16 9 26230 0.9556443387959074
20 24 28 3 89291 0.9503352867081164
3 15 28 28 102198 1.0726913920232488
3 1 8 20 62164 0.9521997576098207
18 15 1 17 66926 1.0144305800199607
4 26 17 28 68215 0.9247451216588042
16 22 6 8 62023 1.0908191041261284
22 6 7 17 66595 0.9757356508326821
23 28 14 6 90397 1.0227359761654717
1 13 19 20 78358 1.0134121313951345
2 16 14 6 52401 1.0333474461974825
29 12 7 20 67573 1.0631857972801888
29 13 10 26 89374 0.9185695166730133
21 7 18 18 62632 0.9546154992258087
6 0 17 22 75083 0.9503621979397179
2 17 10 13 37663 0.9127376357079452
3 0 11 10 40634 0.935803901092402
18 0 13 28 65553 1.0455409450697462
19 9 28 15 34468 1.0392475899943083
20 3 12 29 96434 0.9761842305094856
3 28 24 10 94000 1.0026886667957344
29 0 7 26 97964 1.074303161976533
22 20 21 29 55100 0.9639810201444794
7 22 4 11 35275 1.0897175787957765
21 5 7 22 77110 0.963553533744085
17 26 7 19 64815 1.0910285329392087
7 19 1 5 49244 0.915019847667968
25 27 20 20 48808 0.9801489756673485
23 7 27 20 57752 1.0610291009892778
15 4 16 19 55169 1.0850963807617642
7 1 5 10 20894 0.9566857600259184
26 17 14 27 65324 1.0947352830545318
18 0 10 22 67328 0.9726184355426162
11 17 20 3 78407 0.9578195110149037
13 2 17 13 33087 1.009118352910431
4 1 14 7 51500 0.9982180238180444
19 28 21 20 50913 0.9984212557411023
2 22 1 3 65686 0.9188350095050868
5 7 11 20 58653 1.015546703817943
18 13 26 6 43483 0.9163115966830897
10 9 1 17 43600 1.0770644758749477
6 22 19 17 59485 0.9705992452526672
4 11 19 16 65509 1.0211628343497197
4 3 12 21 74823 0.9416918273444597
29 10 12 19 59656 0.9359951484607396
9 25 9 6 61598 1.052056275638027
17 5 10 27 77377 1.0723788639268572
14 4 29 19 73898 0.9375191148638444
7 25 29 17 83647 1.0021931704327527
5 5 22 20 84397 1.0642389504060075
17 18 26 22 38685 1.047559004978869
12 7 2 27 83069 1.0885871063761714
18 29 18 10 78573 0.9501087795100468
19 24 12 11 72729 1.0708371388512519
11 4 25 6 57450 1.0490839980130864
6 24 13 21 38024 0.9278150468435385
28 1 12 9 52700 1.0697642181616902
19 9 28 8 22693 0.9270379072942249
21 18 4 5 73060 1.0231619589541956
17 12 0 11 43992 1.0178559290416995
24 6 15 13 52182 1.043210174364404
12 27 29 12 71833 0.99648855550533
25 7 11 22 70664 1.0664180063031394
7 21 16 20 42788 0.920010952559525
16 22 26 6 77606 1.0832536705563949
2 15 18 9 48639 1.0546775384401448
29 21 15 17 56467 1.088907373423
23 1 10 7 55582 1.0839468151046983
13 13 21 1 46482 0.9029521949095318
25 9 15 13 39143 0.9882237701861634
12 2 22 11 47980 0.9739630471706555
17 5 1 12 55905 0.9067330891277713
4 12 28 3 71723 0.9715513673926062
17 0 5 25 85340 1.0632626409242973
10 0 18 6 40902 1.0147099955645646
23 20 28 10 45133 1.0734025135039673
1 14 8 11 32833 1.0511819201335637
2 28 18 23 85416 0.9115777411047812
29 1 11 12 62492 1.0587764342056465
6 19 18 18 42005 0.9231768690513089
13 11 12 22 28565 0.9253553227033654
10 3 27 19 84333 0.9444039166405732
3 21 3 2 48979 1.0494129387405193
2 26 22 24 112715 0.9380654723694279
25 4 11 20 78728 0.9762524448102166
3 27 18 15 81170 1.0767360010095166
9 7 11 27 61990 1.0872319813042717
4 27 26 10 95763 1.0179424262511532
29 8 4 21 87704 0.9853711431766596
29 18 19 23 56618 1.0944800573869358
23 3 24 14 55366 1.0202571911797251
18 7 1 4 70347 1.028555118487282
21 28 28 2 89743 0.9485653890504837
2 15 17 28 75965 1.0694252015005006
8 27 23 15 87607 0.9652474340175077
17 8 1 0 59388 1.0306846102531033
13 12 4 2 45979 1.0234624675169395
9 23 0 0 75124 1.00953136965795
22 18 18 1 81280 0.9538837791754599
24 26 0 3 141219 1.0626361690262003
28 3 20 10 34551 1.0259883187528913
8 0 23 14 66703 0.926963191142804
3 4 0 28 73749 0.9127496289594719
20 24 3 7 97737 1.0043934179876308
12 10 7 4 23386 1.0494480017042147
1 1 27 21 111195 1.0069902212651225
17 7 22 29 102659 1.0736212292097462
22 20 7 12 67034 1.0452536611893957
24 2 23 24 90455 1.0807230590555454
2 19 21 9 65114 1.0799354206558938
15 17 25 18 37985 0.9079436004630553
19 27 27 7 99985 0.965708978117724
16 12 22 25 84199 1.0125552267724955
9 22 21 7 70954 1.0030053058085442
27 19 15 13 53431 1.0277453646909458
16 29 15 0 75300 0.9174501558413354
7 7 11 13 24853 0.9761975941354597
15 20 18 1 69584 0.9311709210348902
23 19 5 16 69443 0.9177894848933683
7 12 21 20 61841 0.9129125492904849
11 20 2 28 57456 1.0459753482793408
11 20 13 5 41267 0.914970636685639
12 27 3 29 47400 1.0096438339561224
4 11 22 19 73942 0.9072858739211908
12 29 8 17 53342 0.9628548542647759
9 14 12 27 50106 0.9790390360526047
10 26 1 9 71856 0.9121625298678696
15 29 0 29 74984 0.9070622165968469
28 13 10 23 74615 0.9762938187248686
18 22 5 26 68637 1.0721544622490422
17 23 13 17 32143 0.9329130949554607
13 24 17 16 33312 1.0122407689626178
2 14 25 16 73930 1.0833355951427506
16 18 26 7 62545 0.9129958505356712
19 12 2 19 57122 0.9556452220426899
17 25 11 29 47018 1.0078068789124124
25 6 12 20 69533 0.922233295803144
24 27 19 14 77270 0.9153623575566626
22 16 3 24 84686 1.0482067244118098
15 5 18 19 56198 0.9206983147160326
4 28 23 27 87967 1.0908080142735344
18 12 8 16 38298 1.005152114763961
21 17 28 1 66915 0.9522152144664155
3 1 19 15 80462 1.0712897537284545
9 15 7 25 30525 0.9812418705767876
2 19 19 29 88900 1.057114967832464
6 1 10 23 65392 0.9195934566140287
24 18 0 7 95780 0.9811093308410634
29 23 12 14 75507 0.9560834752581053
11 14 17 4 50348 1.060943903708113
8 6 4 26 69773 0.9758279932388917
6 0 1 26 85777 0.9713601026241713
28 6 14 20 69596 1.0430314011707462
2 20 12 3 73645 1.0560434654378865
27 27 8 20 99556 1.0948986490483756
11 10 11 24 48576 1.0836547893462014
26 11 23 23 49266 1.0748266179507353
19 11 8 29 74279 1.0629520919925057
9 17 28 22 72195 0.9452197533873334
22 27 23 10 76519 1.0562703576984875
28 2 15 10 48667 1.058035931650698
21 8 7 13 41641 1.0266921943094858
5 19 28 26 93311 0.976424240178286
23 15 9 19 64594 0.9196560125959067
3 19 22 15 73931 0.9061142790729656
16 27 12 9 54497 1.0842020450520413
26 25 23 13 42571 1.03383459511107
17 16 23 25 70757 0.9860450799939258
10 27 16 7 69012 0.9749209088636672
14 25 1 8 72788 1.0924559863954149
10 16 18 0 55943 1.0075876878602565
5 7 16 4 53485 0.9315484543684305
29 26 26 12 42349 0.9696538896764552
27 23 22 12 44182 0.9345549394160665
19 29 0 28 90096 0.905698220718729
0 21 17 7 84642 1.0960664564295808
28 24 1 25 122148 1.0404429364536534
10 20 0 19 41891 1.047518790913794
2 25 29 16 108682 0.9894241201819927
26 15 18 29 75304 1.080231906702905
15 10 7 29 56399 0.9372272171223972
6 15 23 8 58428 1.0938694473006068
3 13 28 19 77205 0.9799649428789561
14 8 23 0 41523 1.0333872443906742
1 24 23 1 113357 1.0249398756041168
24 15 22 1 68708 1.0796089434203522
4 17 27 14 80897 0.956682431908126
10 5 6 20 48294 0.9921541392301443
5 26 23 16 92535 0.9127682688656853
26 25 12 7 77656 1.0554479161425037
3 5 19 27 103735 1.013078901230028
20 20 9 23 56254 1.001566930832141
2 0 12 4 40822 1.050868558149882
6 22 29 28 104178 0.9392238741002537
29 22 6 1 97679 0.9938411790725543
14 9 23 27 88019 0.9169185395174182
17 17 7 16 41850 1.0344109222934754
28 21 9 23 79918 1.0765404208332043
19 18 8 7 58660 1.0604314495137401
18 23 7 3 78901 0.9780343584291676
15 19 20 5 64792 1.0571946689335658
