3728 5909 5762 5592 4902 6073 3975 3801 6073 5003 5011 4339 4391 4852 3859 5125 5547 4399 5178 3864 3956 4991 4108 3805 4225 6016 3830 3636 5660
4402 5172 4997 6756 5179 4622 6554 6215 7009 4489 4917 4319 5407 5131 5800 6351 4808 6292 5510 6271 6392 6359 6127 6006 5849 4490 4215 6053 6866
1738 2242 3702 2227 2410 3930 3883 4140 1704 3661 2945 3663 3542 2316 3288 1832 3884 3693 2019 3897 2959 3308 1612 2773 2773 2023 3437 4008 1844
3747 1909 2564 3634 3399 1310 2113 3858 1934 2172 3327 1892 3725 3209 3461 3737 3367 1637 1212 2928 2508 1760 2756 1706 1698 2657 3880 3116 1822
8537 6402 7692 5894 7154 7532 6101 7535 7362 7408 6749 6041 8141 7058 6694 6668 6952 7236 8211 7605 6066 8082 6248 6622 8035 8403 5992 6790 7724
2461 2362 2673 3711 3285 3089 4913 2615 3489 2874 2326 4768 4569 2977 4881 5117 3960 2372 4288 4957 3275 5056 2774 3999 2854 2554 2416 2809 2681
5097 6197 7140 5553 4642 6723 5070 5606 4844 5635 6844 4654 4729 5377 7041 7207 6731 6036 5125 5764 7115 4571 4697 4772 5877 4485 6137 6451 6104
3314 5125 3513 3827 5788 2993 2981 5351 4542 5278 4502 4930 5359 2960 5047 5034 4690 5537 4701 4433 3754 3063 5693 3416 3231 4899 3208 5781 3425
6513 5043 6251 7008 5396 7303 7387 5584 7559 6948 5551 6549 7175 7282 6551 6429 7173 5159 5379 5933 6581 5847 6234 6674 6538 6612 5911 5432 5874
6108 4888 6939 7043 7160 4624 5303 4562 5641 6067 5730 5624 5535 6452 6901 4975 4966 5089 6777 6847 5132 5831 7305 6821 5897 6305 6757 7145 5939
4141 3642 2354 3448 2069 3585 3218 3254 2670 4579 3011 3944 3603 4880 2401 3000 4352 4687 4410 2624 4783 2365 3565 2035 2704 2051 4406 2397 3060
4407 3093 3135 3746 5144 3005 4243 5038 3791 2941 3206 4862 4916 5069 5221 4161 5417 3506 5325 4471 4421 2820 4653 2666 5366 4632 2903 4951 5071
3795 4014 2814 3409 2784 3462 2901 4865 2883 4061 4948 2349 2719 4785 3882 3076 4650 4095 2434 4122 3631 2775 2245 3787 5086 4653 4089 2855 3871
3427 4210 3249 3258 3541 3373 2918 4156 4954 3429 5140 4086 3619 4987 3576 3389 5011 4412 3132 4290 4533 2739 5367 3541 2727 2794 3025 3027 3889
4034 2416 4819 2494 4593 4830 3164 3322 2889 2761 4106 3539 3180 5038 5182 3283 5167 3536 4769 3934 3376 3890 4579 4361 4264 3906 4970 3559 5247
4494 6219 5289 5439 5323 4691 5101 6068 5806 4519 5193 3887 6344 5885 3724 6062 4779 5767 3981 4943 4805 5203 5531 5054 4136 4876 5309 4405 5311
3982 3830 2385 4774 4052 3264 2669 5015 3662 2645 5035 2279 3176 4195 4951 4807 3260 4865 3154 2906 2162 4501 3857 2656 4368 4744 2280 3797 4661
5914 5240 6074 4265 5622 5546 5193 5714 5192 4178 4249 4659 4421 6773 6221 6731 6690 5131 4272 4385 4485 4762 4222 4890 4639 6492 6655 4560 6169
3608 1485 1972 2464 3487 1615 1031 2804 1528 2123 2006 3443 2986 2478 3791 1948 3536 2328 2884 2980 3157 2907 1416 2337 1890 3277 2968 3176 2256
2448 3333 4672 3304 4134 3310 4214 4075 3318 3476 3174 3497 3338 3297 4357 4113 3153 3495 2474 3457 3973 3978 2533 2421 4320 4271 3763 4600 4510
7229 5271 6067 6803 6718 6655 6899 7186 6485 6089 4429 4831 6810 5041 5162 4719 7088 6951 6952 6406 4482 6830 6010 4693 5022 5946 6884 6343 5520
7485 6187 8235 6041 7794 6700 6713 7127 5514 7294 5882 7170 7498 5673 6870 7934 6838 8082 6562 7822 5995 8389 5623 8115 6773 6888 5657 7321 7481
3985 4525 4152 1922 4050 3670 2966 4483 4657 2593 2220 2554 3702 4507 4143 2691 2197 3747 4078 2931 2581 3084 3365 2333 3566 4452 1814 4568 4548
5948 6502 4817 6249 4816 5693 7530 5662 4899 5264 6397 6089 5263 5379 6026 6250 6072 6871 6837 5690 6810 7344 6561 5417 4839 4662 4671 4969 5599
4878 3900 4288 5560 6120 4475 3806 4946 3732 5857 4130 5835 5107 3656 4742 3446 5562 4195 6046 4177 5275 5798 5384 3357 3360 3348 4929 3684 6052
6982 6486 6459 7358 5542 7404 5653 6098 6536 5547 6310 5536 7976 6273 5716 6988 5695 6293 7479 8059 5885 6146 6015 6704 7676 8048 5993 8001 6732
3226 2941 3043 1234 3332 2102 2614 2472 1240 1534 1982 3792 1216 3730 2143 1161 3262 1268 3680 3825 3270 3084 2086 3808 3547 3759 3560 2116 3367
2899 2680 4172 2725 4464 2589 2724 2366 3470 5027 4728 2904 4394 3711 2368 3903 3332 3439 4179 4942 2484 3406 4593 2795 4284 2692 4599 4345 5053
3194 4479 2731 4328 3565 3464 4639 4112 3690 3100 3832 2699 3396 2244 2858 2930 3167 4383 3510 4908 4574 2500 3928 3068 4930 3625 5072 2244 2961
2710 3042 4548 2563 2771 4178 2912 5285 3683 2592 3535 2797 4734 2801 3760 4385 2727 4474 3282 4678 4261 3413 2960 4121 3088 4357 3834 3893 2511
3967 5443 5264 8649 4151 2007 4061 3227 5003 4876 7442 4437 5843 2233 5720 2894 6139 3603 6598 5019 3467 4146 2995 5063 1994 4627 5872 5563 7147 2890
4095 7065 3743 8490 4017 3638 2787 3677 4893 3972 6209 3671 4869 4637 6763 5166 7259 3251 5919 5537 1771 4872 2987 4243 3260 6487 6787 6496 6649 1883
3016 6328 4336 8002 4552 4264 2536 4030 5530 4826 5172 4611 6281 4826 5782 2904 8046 3624 6913 4651 3634 2296 4633 4844 3176 5077 6157 6745 5454 2065
4540 6157 5006 7790 6353 2687 3078 2289 4959 4143 5723 2520 4772 2436 6359 5119 6886 3433 7630 5563 2751 4525 4903 2577 3563 4565 7192 6012 5535 3124
2423 6909 4265 6338 4799 3611 2762 4252 3689 3320 5069 2597 7153 2440 5247 5291 6187 3075 4943 4590 3442 2880 2828 5370 2187 6602 7683 5099 7671 3254
2629 8177 5433 7353 4019 3884 3310 2557 5542 3536 7372 2885 4994 2686 7504 5146 5446 4431 6975 4054 2743 4896 3999 3612 1554 5400 5986 5585 6521 3214
4044 6249 5732 8240 4986 2506 3657 2240 4364 4800 4975 3491 5807 3531 4694 2940 5664 1878 6578 5098 3629 2456 5334 5000 1600 4492 7002 6450 7704 2111
3265 7492 5817 8881 5747 3354 1811 2924 4276 3998 6932 2440 4555 3225 7473 2810 6120 3570 5387 4365 2453 2154 4336 4913 1645 6513 5964 7165 5901 2343
4095 6807 4905 8074 4530 2228 2264 3447 4750 3521 6276 2206 4734 2779 5689 4553 6690 2062 6831 4873 1819 3313 5177 4134 3807 7005 7365 6203 6847 2998
3065 6253 5737 8313 4288 4495 3889 4162 5497 3369 5017 4400 5641 2204 5701 4570 6356 2689 6201 5838 3221 4594 3545 4534 2898 6638 6353 6980 7297 2001
3844 8121 4634 6690 5416 1860 4457 1700 5852 5336 5099 2463 6723 2800 6839 4840 5689 3558 6089 5593 3016 4620 2696 3208 2728 5754 7563 7784 6570 2309
2757 7182 5859 8789 6140 1734 2964 2306 3657 5786 6960 4044 4624 3299 6616 2714 7097 4314 6759 5566 1608 5010 3804 4774 3322 6531 8621 6696 7592 1695
3413 6112 4606 7635 3900 3813 2655 1429 4131 3466 7096 3201 4987 2085 6563 5083 5365 3337 5452 4640 1586 2163 4089 3650 2041 4369 7857 5299 6454 1314
3045 6684 5523 8014 4239 2439 2092 2750 3918 3951 6668 3320 4535 2376 6211 4275 5982 2509 5961 4181 1940 3442 5026 4497 1970 5566 8081 7753 5845 1234
3628 5951 5325 6455 4854 3027 2218 1534 4473 3134 5308 4005 6859 4017 4895 5418 5901 3284 5706 5113 1905 3365 3385 4911 1368 4990 6231 6887 5329 2024
2674 6164 5741 8723 3561 3440 3100 1840 6412 3726 6873 4723 5724 3095 5702 5360 5469 3850 6592 5711 2651 2118 4091 5210 3557 4336 6228 5045 5286 3152
2375 5349 5409 7868 5545 2522 3108 3640 3623 3273 6742 3139 6921 2095 5705 2772 6677 2862 6776 4602 3746 3643 4227 4690 3047 5901 6489 6564 6106 3220
4615 8033 5984 6065 5131 4490 3120 3272 4892 5131 7209 3361 6697 4041 4772 2805 6404 3939 5414 5625 3598 3378 3510 5149 1443 5967 7802 5338 5838 3008
4102 6356 5676 6001 4841 2673 3818 4131 6423 4979 5976 3653 5137 3074 5226 4099 6179 2704 5523 5234 2578 3978 3865 3051 1214 4911 6110 6027 7475 2545
3752 7106 4088 8303 4691 2323 3709 2928 4226 3946 7103 3671 4791 4381 6719 4170 6922 3901 6229 4090 2189 2676 4593 4612 2681 4882 5848 6416 5458 1233
3922 7251 3688 7496 5646 3322 3715 2068 4467 5200 5046 4147 5476 3266 6937 2976 5851 4098 7617 4350 2726 2104 4812 4531 1388 4546 6049 6538 7891 1251
2544 5913 6181 6373 5147 3730 4357 2503 4798 5068 7136 2777 6549 2548 7164 3018 7592 3639 7191 5775 3501 2646 4224 3792 2720 5850 6957 7642 5290 3363
2161 6684 3982 8854 4346 2611 2721 4106 4842 3858 5558 3890 4961 2942 6274 3440 5465 2036 5235 4857 2638 3734 2892 4207 2964 5672 7529 7784 6865 2620
3139 7514 5760 6989 5926 2210 2629 4135 3632 5046 7376 4510 6212 4400 7454 5209 7858 4353 6415 5596 3048 4619 4319 4086 1754 6554 8529 5832 6748 2658
3934 8029 4732 7449 4015 3365 4189 3521 5126 3383 7292 2500 7164 4533 6248 3236 6754 2052 5988 4968 2827 4451 3202 4094 2181 6335 7255 7612 7028 2427
4611 7411 5915 8106 4542 2967 3465 2419 4379 4858 6112 3874 6984 3067 5728 3903 5480 1657 6201 3728 1897 4216 4710 3725 2529 4352 6126 5566 7264 1621
2673 8238 4830 7449 3886 2205 2760 2672 5527 5025 6034 2758 4937 2957 5508 4442 7194 2167 6411 4175 2718 4424 3573 2543 1298 4658 7554 6033 7841 1352
3380 6969 3852 8383 3521 3604 2502 2993 5917 3440 7186 3549 6008 2857 5925 4971 7997 2690 6837 4910 4081 3001 5077 2897 3538 6184 6133 5597 7370 1540
2222 8132 5582 6569 5704 4080 2888 2237 3674 4335 5485 4105 6690 4264 4801 2868 5739 4143 5478 6101 3420 4572 4324 5084 2469 5560 7487 7243 5459 2309
0 25 0 14 47375 0.9714703882339486
10 13 17 1 58175 1.0689713360311948
28 18 29 6 41560 0.919150040777909
6 13 21 28 91386 0.9712944250014968
4 17 16 6 67627 0.9348875908988807
20 18 8 10 65622 1.015579561833371
14 9 0 9 54989 0.927918252835272
29 17 5 22 81423 1.05004867438103
14 23 4 13 62040 0.9457832352564428
17 16 0 21 66069 0.9605657834827034
17 12 14 23 50768 0.9091174123612794
5 4 19 22 87085 0.9068196476566049
29 28 20 5 88815 1.0800109169664516
20 16 20 2 54480 1.034533115113171
3 8 9 3 39754 1.0345108931839697
23 29 15 8 81354 0.9036543688621735
21 2 27 23 74462 1.0714817848563039
25 20 8 23 58058 1.037002799576755
19 28 14 0 91774 0.947606099595442
28 26 11 18 66151 0.9273882936511102
10 8 3 22 60235 1.0606892061882252
22 22 3 0 110512 1.0807438154104663
23 18 4 19 66700 0.9934230799418551
28 29 13 6 93498 0.9685515105197156
0 27 1 4 81804 1.095820164091243
1 29 5 11 56136 0.9829020872025264
21 21 13 3 71007 1.096990291184708
29 18 18 20 39583 1.0401916802248803
16 8 21 29 68959 1.0553969470021745
20 29 19 15 44937 1.0289237581536768
21 0 0 20 111253 1.0502591877691587
21 20 2 23 57325 1.0990378001326029
14 6 8 26 89081 1.0861036455570536
5 11 25 18 84860 1.0134933793353222
27 4 23 11 29497 0.964783639175325
21 23 19 14 40676 1.0146616625451892
1 28 19 8 107067 1.0436928898216975
25 21 19 9 60645 1.060177362563964
15 27 7 0 116038 1.005815509865637
19 4 5 4 49884 0.9569240131290607
23 8 1 7 69004 0.9215090346507256
4 21 11 24 28941 1.0868210784174892
26 13 3 6 80502 0.9524725932722881
28 16 20 26 53549 0.984337514764458
10 19 23 27 56312 0.9202096981037817
13 13 8 21 45374 0.961997477721941
21 9 6 29 95421 1.0736266165353525
29 8 26 22 49776 0.9914232996548673
20 16 18 8 31343 0.9877514524507787
6 0 5 27 85605 0.9291021279832283
1 11 23 19 90487 0.9093549355974517
11 20 26 7 69743 0.9810766044586436
1 1 6 9 41122 0.9409336034136
23 18 16 24 36100 0.9835202749350401
1 29 12 28 30868 1.088808220817082
5 3 22 27 108519 0.9593404996161499
15 25 7 12 66498 0.9401119064981464
9 5 8 24 77221 1.0605293186647449
29 25 29 12 48684 1.0979090330312948
1 16 3 26 30545 1.0963281243199892
13 20 22 5 63369 0.9152477603427731
6 27 16 17 61065 1.0328954259796281
9 27 4 12 70093 1.052435882656727
7 17 9 5 55313 1.0291888138206515
7 14 11 27 62782 0.9510590868440065
0 29 28 20 92164 0.9720420889538306
6 3 24 24 102720 1.0029000264008923
12 18 25 10 71714 0.9816748346455797
26 15 22 4 38028 0.9236240032367021
25 21 23 5 52049 0.9922411189158471
20 15 26 10 34645 0.949506033189134
24 17 24 28 44761 0.9264596955826222
5 12 24 6 69819 0.9102521665773275
15 19 24 24 36158 0.9363976819232604
29 28 13 10 97186 1.0268310670406562
11 29 18 7 73866 1.073141376028802
4 29 29 0 135195 1.0998397307556185
7 15 25 9 76648 1.0742938718546506
5 28 22 18 67988 0.9003888162677733
28 1 11 26 113216 0.9074052847294007
15 23 29 14 68390 1.0290405543121697
20 24 19 8 52166 1.0445029831022092
19 2 4 21 91150 1.0443245950024873
5 2 2 21 60653 0.9559149030134959
16 9 4 7 39818 0.9912161722154127
9 28 4 6 86049 0.997482152378369
7 9 18 8 38087 0.9836798664303145
21 1 8 27 116680 1.0329089420357198
26 12 19 20 39111 1.0621414680506045
23 4 26 12 29094 1.016149484775798
17 16 24 9 47863 1.0486452159653348
25 21 16 27 45471 1.0391631084097088
22 20 5 7 79630 0.9931840314176161
24 24 17 15 39019 0.9086792764722842
11 25 22 20 41480 0.9474435917992687
22 15 28 5 44422 0.9129981868922958
6 25 24 12 90783 0.9178109232413824
3 21 22 7 89081 0.9092208350230847
26 19 3 27 78469 0.9885356084353474
19 7 5 18 73854 0.9635976674598871
16 20 12 5 62965 0.9478295398026165
9 20 0 15 40014 0.9499146996949457
14 27 18 20 32372 1.0640976761570304
21 16 9 29 69074 0.9817323632002237
1 23 21 19 68550 1.074461690689958
5 29 12 3 98497 0.9668793699567289
8 23 2 15 41070 1.0419948851003304
22 22 8 22 47499 0.9113907032269136
6 2 22 0 65267 1.0670587699080905
25 12 4 19 92135 0.9516536024054757
19 8 11 10 36747 1.0614082689318223
3 11 9 7 27589 0.9845544329754523
17 21 13 8 58562 0.9821140395615846
26 25 3 10 94933 0.9987402134788238
2 13 21 20 68322 0.9481328263059299
0 1 27 3 105646 0.9087848457322487
23 9 14 0 53582 1.0646265114250402
4 25 22 7 96718 1.0812163243027428
8 4 22 26 95940 1.0049720112340899
2 17 15 9 61871 0.993603311136118
27 3 21 8 36464 1.0319648135076074
9 10 1 6 40596 1.0968099779646963
4 12 2 23 37772 0.9869935489633508
5 1 25 14 96472 0.9010023198115101
24 23 24 5 58612 1.0908547264381574
22 16 29 7 42729 0.9793378310530104
9 28 5 14 70598 1.005925289180108
17 8 7 17 61046 0.9741131913045853
13 16 0 6 67842 1.0907702637784975
28 29 15 6 89188 1.0137619562894225
11 20 2 19 30605 1.068210320628856
8 1 7 23 97398 1.0132590875014704
14 26 22 24 25588 0.9485109945567676
20 18 5 13 62414 1.0470297710858545
14 0 0 9 71458 0.999301641883268
13 4 3 21 73702 0.9635307235686819
14 19 7 4 74914 1.0531753456222839
4 1 27 14 102691 1.0745467606225207
29 26 27 15 44500 0.9864982463946486
13 7 25 24 72590 1.022527729040729
3 8 25 2 83492 1.097456325046067
22 11 24 21 41484 1.0616898068772476
15 4 2 16 70967 1.0613124255315598
8 28 26 23 63635 0.9333102035432588
8 25 1 8 66946 1.0839300146042075
10 20 13 11 39937 0.9662742764236254
6 13 18 1 61881 1.0477399768215299
15 2 12 18 69703 1.0034452638811235
4 8 13 29 83339 1.0657515345180584
5 1 28 23 120140 0.9029332654368044
12 9 7 4 31717 1.025384161389511
21 14 12 6 48608 1.0226779035692835
23 5 24 15 38506 0.9596550530613825
28 0 21 23 79082 0.9033741570712911
8 28 2 17 50055 0.918799151696254
24 9 27 24 49380 0.942030392541857
28 25 23 9 62758 0.9248876385532477
21 0 9 25 100361 0.9410969908084723
17 8 20 18 41159 1.0805671008022513
29 21 3 2 122376 1.0798062934010602
2 14 25 1 106789 0.9127167552230927
0 10 15 16 72612 1.065395878629393
24 25 1 13 86899 1.0643824572883782
1 13 21 14 68966 1.032734213685649
3 1 27 18 109220 0.9213678840512581
13 17 27 20 48758 0.9398671690772409
15 19 9 3 79035 1.0616112052921458
11 14 26 18 61150 0.948032758901448
27 9 16 23 69443 1.0646882270062072
21 29 22 10 66444 1.0318306557137098
18 22 28 29 37930 0.9665573904493068
24 10 9 16 72500 0.9037910859818503
8 3 19 23 87641 1.0970197623377191
1 10 21 18 92463 0.966184139743891
0 7 8 1 51033 1.0623301493915855
14 20 12 29 34781 1.0316907670659816
20 13 14 7 32631 1.0016106592090024
0 9 22 25 100409 1.0761270227616195
13 24 26 27 39682 0.9883453793927486
17 29 20 18 41130 0.9793054163498842
19 16 29 25 51690 1.0918956517065044
2 6 25 16 95552 0.9283740836145857
12 19 27 15 58590 0.9360617946759133
26 23 22 14 36342 0.9408639455853173
11 29 27 6 95572 0.9751896546421407
8 29 18 13 66284 0.9035086235098105
6 12 16 2 59408 1.0310018848463818
24 6 20 18 56751 0.9232967954845268
0 6 2 26 64658 1.0779405153527566
26 17 10 6 70032 0.9864172927528355
18 5 28 27 83192 0.9354652376989643
14 17 8 8 53639 0.9271237471708819
25 22 17 15 43553 1.064468898085994
27 26 14 0 99311 1.060128635809254
8 17 4 10 43546 1.0536497055463057
6 14 22 0 83932 0.9289101313631103
1 13 16 3 73149 1.0911965170349682
22 4 11 23 82430 1.0691275913759188
1 8 29 5 89141 0.9473955358652425
11 9 0 4 50634 0.9600606064452678
13 25 14 13 48711 0.9654454236063557
11 12 18 15 31321 0.9866712660940818
15 28 8 2 112510 0.9861139401358853
11 13 2 22 49764 1.0228632000302622
12 27 0 5 95653 1.0038248179172606
26 17 2 7 92715 1.0779603726501867
11 26 11 10 64636 1.0813260461414942
27 10 28 25 53441 1.0239127743580851
10 12 1 29 68306 1.038303215741835
27 7 16 22 69016 1.0964174101207307
21 12 22 22 40005 0.9411191743151336
14 14 27 13 49454 0.938769121773511
27 10 12 28 89327 1.0585800578357374
8 19 25 29 69186 1.0230276206325006
11 24 1 9 67216 0.9241950719291201
3 6 10 14 43202 1.0642558231968642
13 0 26 16 76540 1.0815809208394143
22 0 23 11 43113 0.9313588274234726
14 15 18 0 53176 1.0990338522672571
12 14 24 6 56720 0.9754134038966955
14 20 12 4 61542 0.9639910335009607
1 10 12 25 73634 0.9624782753904814
15 14 4 1 77389 1.047502613507286
15 11 2 2 63165 1.009111333996593
1 22 18 1 98096 0.9857714425917842
1 3 13 17 82170 1.0265841356503915
19 20 2 1 96023 0.918720553237829
9 5 29 11 72326 0.9142826688590705
27 15 9 13 63259 1.0484595794898135
6 27 22 18 70764 1.0984806837209136
12 9 18 16 40003 1.0656953513594982
7 5 7 21 68679 0.9744027686440626
1 29 14 23 48797 0.9941262453074082
22 24 1 20 57981 0.9516062860583496
8 25 11 6 79349 1.0883384224514578
15 7 22 22 60246 0.9123325636199036
5 10 24 10 72782 0.9748347169994855
19 29 6 16 73312 1.0449177931442646
5 6 25 20 90962 1.0675799397625094
11 23 29 14 75448 0.9572176037710449
8 11 1 28 69897 1.0902431128127057
7 3 16 0 41738 0.9794710562099682
26 7 14 27 83539 1.0696949657331283
1 12 4 21 36165 1.0101410837103597
16 9 7 24 74850 1.0060808874325375
6 28 21 19 71372 0.9375695848396208
12 12 0 16 50878 0.9457017982408464
2 15 18 22 59971 0.921633359564032
8 6 17 23 75306 0.9304092277919673
7 16 21 5 70301 1.0664696586860751
17 16 4 4 76631 1.0434067637554412
11 7 15 21 61368 0.9553134469153901
21 29 23 19 41462 0.9676954474171293
26 17 21 11 32669 0.9598597476328525
13 12 20 9 35688 0.9217630024659396
11 16 24 29 71489 0.999765961862857
22 16 29 13 32615 0.9307506933671715
22 13 0 8 83236 0.9025257860159995
4 17 19 25 60204 0.9447383469831772
23 25 29 18 40675 0.9874912352622135
0 3 20 11 79953 0.9842547020241781
6 15 2 6 39437 1.0317547116111792
19 11 24 4 37749 1.0863139744577206
20 25 3 11 79545 1.0806355845358653
4 25 23 22 57029 1.0562969629441812
24 1 24 14 50364 0.9634158827735801
24 14 3 6 81612 0.9234776587367987
19 2 4 13 71198 1.0901059971545102
21 29 8 8 94912 0.9606802576489282
18 7 17 22 44409 1.007421127237014
17 11 26 15 43264 0.9104106795903439
23 8 28 22 52673 1.0898807442905598
12 24 25 13 65241 1.0007769230178665
5 17 19 15 51866 0.9943940129515747
23 27 3 25 63567 0.9416017143082422
9 25 18 17 46280 1.0012325872482613
22 16 20 3 58027 1.0075661306675383
1 29 26 26 67710 1.0460723239820269
28 11 19 23 57312 0.964708117497003
19 20 28 2 71138 1.0948488077910306
10 8 18 2 32294 0.9400035452857117
21 20 7 8 76683 1.0077594755078474
14 23 9 9 64855 1.0822625821935767
2 15 29 17 91571 0.9770448607835018
25 27 22 20 35330 0.9494978070827834
14 29 6 22 40589 0.956873835224527
24 29 19 22 33405 0.9940408052054045
29 16 12 19 61452 0.929477495328347
27 15 8 8 78747 0.9136070953291148
13 18 7 22 27942 1.0457257486046105
7 29 26 2 112174 0.9106926305525577
10 0 24 2 54749 0.9493149769977022
14 20 7 7 66098 0.9505443289702432
9 0 24 26 107180 0.9021882002693054
9 0 10 13 46583 0.9965173243722137
29 18 22 6 51102 0.9224752301988762
24 14 13 11 47554 0.9257239227234365
14 22 11 0 85597 0.9066762507470102
28 28 21 18 55698 0.9071296109924495
17 0 21 12 46155 0.9055242732560039
5 23 6 11 47943 0.9218539055420668
15 28 17 12 63189 1.0094931604556692
2 14 24 1 101441 1.0268170905681746
9 23 20 14 62177 1.0758853926285572
15 29 23 13 68920 1.0885927611762072
22 27 3 19 66223 1.0970218633388424
26 19 19 5 52724 1.0494041525930908
3 9 15 23 73134 1.0355163432395078
12 5 6 22 76058 1.00324594732107
7 3 0 29 90716 1.064753362708544
27 8 16 29 83834 0.9482376020470853
16 6 9 19 64477 0.9116575555864475
24 3 7 18 97774 1.0569425818379157
8 16 23 5 78226 0.9111205176784728
21 9 29 12 37864 1.0468163940837671
17 24 25 27 33413 0.9148792962667994
7 6 27 17 80163 1.0089560889169928
11 23 0 22 36040 1.0356775492254713
9 4 19 21 72123 1.0565904199711693
25 14 0 11 91960 0.9765059710429367
15 3 26 23 87389 1.058290834613259
3 5 28 2 85582 1.0247593010459073
17 17 23 7 46318 0.9539257131872159
29 5 23 14 44220 0.9344545405601441
24 2 2 19 111401 1.0560979524679426
15 11 9 20 50074 1.048889673542846
10 9 20 21 66046 1.0736495007813305
8 11 28 9 75865 0.9729035405155193
22 4 26 28 76454 0.9464953289612275
11 24 0 1 95555 0.9367687288384284
27 17 21 25 42032 0.9483913295441964
28 22 20 6 65176 1.0178702197271787
21 5 29 27 81600 0.926666389220245
22 6 26 25 62196 0.9842705759739275
18 1 14 12 38957 1.0918478406486387
15 23 5 5 88647 0.987841384039083
25 18 6 25 76566 0.9258263875326446
1 14 23 14 78604 1.004169780622744
21 19 20 2 64089 0.968305106484872
29 4 17 0 53492 0.9069521707159409
3 7 26 12 77173 1.0211708394656835
12 24 26 25 34404 0.99414054339305
0 23 26 21 75374 1.0509449305353307
18 5 17 24 48741 1.0805977649702019
2 23 26 6 105155 1.0738582789587439
24 21 9 26 55722 1.011921333396352
16 15 1 17 56932 1.0011881405894822
25 5 19 16 52166 0.9316882197628404
11 27 19 16 53515 0.9603094194768842
17 16 21 25 40005 0.9884902543535103
11 17 29 15 62357 0.9274106784809321
15 8 3 8 41516 1.0159658070055375
18 12 3 10 55039 1.0072370862583833
6 15 16 22 52075 1.0748299385759705
1 10 4 0 41551 0.9843317414573514
1 11 23 9 79996 1.0348214462589882
18 22 23 7 56635 1.0031043116977993
1 26 7 7 69875 0.964965340640745
23 20 4 25 62440 1.0207795277217362
1 21 0 4 64369 1.0646129552901733
11 18 21 10 62409 1.0022436958094698
14 19 29 16 57738 0.9712098674622968
12 19 27 1 92092 1.0829654338022279
11 8 10 19 43678 0.9976800014306477
21 14 5 13 54627 0.9881076146264401
11 25 22 3 87432 0.9382827021618255
21 21 13 6 60835 1.065570800452013
2 7 9 13 38035 0.9955600389893526
19 23 15 0 70692 1.0902638013208463
0 29 16 22 58764 1.0612375689419808
23 16 6 13 64235 1.0453975236595452
20 20 15 29 37531 1.0620055963773039
4 7 23 22 92439 0.9347999062286633
0 5 19 8 61880 0.9505621617942104
12 3 3 24 79433 0.9933155703001075
7 2 24 23 106504 0.9734697481404735
22 15 7 18 60741 1.0089009317215494
26 23 26 2 52070 1.0793294889371332
24 14 1 12 80613 0.9768532389381095
23 4 12 21 76013 0.9577410427089055
22 29 4 12 94857 0.9335843119408475
4 1 22 12 83239 1.0854473189060025
5 20 2 9 40725 0.9699500135498016
18 7 0 9 59064 1.0419125099778368
28 15 2 8 97475 0.9363179535108073
14 2 2 8 55790 1.0553520218027237
20 4 27 21 66146 0.9296036554562822
22 20 4 6 85211 1.0755529490119142
19 2 13 13 46149 1.05269488283256
15 0 15 29 92925 0.9989813668678813
7 27 6 6 76694 1.0220175137493461
28 13 10 0 83895 0.9822365235998943
18 23 27 15 46356 1.0853639340974004
28 13 15 3 66031 1.0235357391869606
10 19 3 22 26950 0.9867148266521639
29 25 23 4 71884 0.9512933613940957
11 17 2 26 47175 1.0332237697051732
25 10 2 20 97317 0.9221527102608891
4 3 11 24 83417 1.0375877349907323
10 22 28 24 47343 0.9699667360051828
28 5 29 16 40930 0.9257367139659813
14 27 22 17 52677 0.9445912825397141
23 14 14 4 57198 0.9655141066556236
23 5 25 19 44466 0.9696414860118291
15 6 1 15 64771 1.00551028513061
7 12 19 29 83249 0.977543895580013
7 20 17 10 61180 0.9415125630872836
25 17 9 27 74180 1.0521963769000755
1 18 29 6 116422 1.0533304222426783
8 19 2 5 64888 0.9866429337980437
13 22 21 25 32349 1.0138259179708076
6 10 9 3 44084 1.0077185910224753
0 24 24 25 61241 1.0238356889243732
16 15 4 12 51824 0.9479483752950351
22 4 9 2 53031 1.040423878456198
10 14 18 23 47686 0.9908183204847207
22 7 13 16 53486 0.9264761806655931
1 29 19 25 57537 0.9060383551267254
6 22 26 21 62998 1.0161950176508074
18 0 12 26 83448 0.9990828351738985
13 10 16 1 37939 0.9060613540204812
0 7 10 3 42319 0.9941672946508995
15 16 2 12 57633 1.0432867410239977
16 3 13 22 74431 1.0561169275562896
18 9 26 29 71605 0.9789638177433151
5 19 6 1 72446 1.0028630268429635
25 15 13 15 46778 0.9328943448153981
16 25 7 0 103969 0.9243534153363406
13 28 4 20 47983 0.9878164250465487
15 6 20 19 49765 0.9583656341276181
6 1 0 12 58278 1.051507226345251
1 22 28 15 92338 0.9851073042085423
26 2 7 0 71108 1.0440233062654172
15 24 4 22 32534 1.0421592239525914
9 17 27 29 75596 1.0322851208135841
17 20 10 17 28173 0.9272209324268561
16 11 28 19 59859 0.9839651727732416
19 26 11 12 64619 1.0027707454408754
0 22 6 29 35821 1.0689443346361711
28 27 14 19 60227 1.0188965647576422
11 5 4 25 77769 1.049497126788388
29 16 17 1 75763 0.9289683240830847
0 27 8 19 52182 0.9625568849164288
23 19 13 26 44060 1.0137734574410955
17 12 4 3 68851 0.9360333923831929
2 2 13 0 41071 0.9340846731383652
23 2 14 9 45297 1.0488648676601666
5 27 23 2 112256 0.924310157791544
7 6 8 15 43760 0.9858581013079455
3 1 14 19 83530 1.0527249499838067
16 24 8 8 80290 1.0093770252375305
21 0 3 17 97051 1.073500329148357
6 16 15 13 40939 1.022775538452199
26 27 1 5 121541 0.9996818517115355
5 24 26 17 69432 1.0400350306326787
24 4 4 11 73337 1.070779348328038
21 12 17 3 40540 1.0769461538796636
23 11 16 6 33858 0.9516377238172483
4 24 1 16 29753 1.0713962862633397
20 12 8 13 39994 0.9049283264963135
29 5 4 12 89479 0.9775168494045032
14 17 2 29 64415 0.918046724173266
19 6 4 13 59802 1.0117009179014178
20 28 28 26 32629 0.9997639535894132
25 19 13 4 78584 0.965371241087119
2 13 3 22 24989 0.9200852060091739
12 24 2 16 45319 1.0291433056842572
9 18 3 0 72896 0.992464773496987
18 12 22 26 48769 1.0343419624990524
15 29 20 16 53735 0.9894889931521524
18 16 11 25 43659 1.0116204210043476
16 28 3 2 105638 0.924382646468623
4 20 24 22 60895 0.900474343633782
10 29 13 10 72216 1.019303918863482
6 7 3 29 66049 1.0414330086409964
18 18 27 23 37205 0.9637279149827757
12 13 10 4 33851 1.0519103999943837
7 8 8 25 74046 1.0758807552627432
22 7 7 1 62529 1.072749087456942
23 1 6 18 104258 0.924176843120543
17 26 14 19 35844 0.9345734153911963
15 7 5 20 70999 0.9192076938135534
8 23 25 10 92029 0.9442249637219426
15 10 8 27 86911 1.0401724187611463
21 15 2 5 80433 0.9682224440185152
6 22 13 11 58211 1.081534340544047
0 6 6 18 58034 0.9725347312638799
13 9 19 26 69340 0.9168364893730772
16 11 0 9 61468 1.0673626413562278
1 22 13 28 47466 1.0844122677457555
1 13 29 29 106694 1.025735543369958
19 25 7 4 88620 1.0332910482948274
20 14 27 10 38291 1.0421006412947516
24 28 0 21 82308 1.0378288099305344
11 22 21 0 86548 1.05594272345806
8 24 15 14 57207 1.0762457748020007
27 15 18 16 36441 0.9994761797378721
4 18 19 8 78285 0.9622959089968691
1 29 19 1 116913 0.9562441939302274
29 28 12 9 100545 0.9097730883304025
1 7 23 2 76849 1.0526165084365453
13 13 19 23 46100 0.9779273765616441
12 1 2 2 41453 1.073493212004454
25 15 8 6 74977 1.0337764331076726
27 22 22 2 65906 0.9873804204177239
12 0 16 8 35747 1.0526119833978023
11 26 12 17 36409 1.0971940280909946
12 16 2 13 41969 0.9158055905829128
18 11 13 18 39038 0.9783315291831347
6 8 2 21 48669 0.9385741511563874
15 19 22 14 43772 0.9216916524536611
19 12 18 25 38064 1.0072425136819445
25 29 19 14 61613 0.9907150470288777
4 2 13 14 66660 1.088529282062721
5 23 16 27 41881 0.957698520043507
19 11 0 4 70690 0.9936944409025659
10 19 3 26 35767 0.9197990000422437
19 15 3 24 64322 0.9744826061091185
4 5 8 12 37883 1.030293667559188
15 17 14 27 44869 1.0994915506986245
11 25 6 17 42762 0.9271657343968633
29 22 23 11 49988 1.0373116816362327
5 6 18 25 83162 0.9770777972760747
9 12 19 2 57815 0.9456766426170627
2 18 7 29 41782 0.9307485366419693
6 19 2 2 63764 0.9226805138373099
5 1 9 29 96671 1.0267291658934623
1 16 29 13 100063 0.9569118450570618
5 17 24 16 68576 1.0627745775884576
14 21 3 7 68043 0.9460350046006292
4 16 26 24 78921 0.908215649886479
10 9 1 27 79932 1.068266849866153
25 19 23 29 42856 1.092875328550209
12 21 3 2 77792 1.0277805586289321
17 16 11 8 49272 1.0723698721574522
9 4 23 0 59179 0.9312488349044541
19 7 10 27 77420 0.9154374093771797
11 29 7 21 34953 0.9318452126872795
3 12 25 12 79716 0.9543742381918697
28 5 11 19 84739 0.9310958209467475
2 6 20 29 103303 1.0199998846364504
29 12 17 21 61600 1.0928303756712376
20 27 28 25 41154 1.0757896693486715
17 19 19 9 38127 1.022215653906929
8 10 5 3 40199 1.0478167734510404
6 8 22 22 88344 0.9060976968634998
6 28 23 10 104145 0.9181683641813625
7 0 13 8 41621 0.9735946990247614
27 18 11 14 65488 0.9787477338457008
8 16 16 2 72597 0.9150839341888163
16 26 18 4 64387 1.0647624408181673
11 11 6 19 46003 1.0851645750163412
25 5 27 23 49971 1.0317463193035998
5 20 28 9 91377 1.073428945540316
17 24 29 29 37929 1.072972378596927
1 12 22 13 69615 1.0315051988031019
16 0 22 13 50811 1.0042066407581918
23 25 23 3 79179 0.919487443516516
7 29 2 16 46404 1.0155924091138377
9 19 1 22 34783 1.0109654379298862
7 8 24 1 72815 1.0548798193392006
22 25 9 5 85096 0.9376044506100296
20 9 3 3 64055 0.918923547655532
13 12 2 11 38944 1.0701892332832177
28 6 7 19 92561 1.0919039965576507
10 1 26 6 60141 1.0742694635391923
22 8 16 26 72359 1.0960840896058395
23 25 5 9 95474 0.9835714017051655
22 23 5 10 87001 1.0071757579822165
22 10 21 29 66444 0.9114612759864206
18 22 15 11 42323 0.9736678008762798
27 29 11 13 83407 0.934798846004209
26 20 15 13 50580 0.9307635284913256
19 24 24 10 61232 1.0947747189847408
21 17 18 6 38377 0.9314785728222467
6 24 11 10 62268 1.093298498922715
10 4 24 7 46320 1.0393465394731767
24 14 10 20 60079 0.965709505434825
10 26 1 25 34294 1.076943510613741
26 15 18 18 31191 1.09780081408742
5 5 11 11 36542 1.0747380736645897
24 10 13 15 56242 0.9120854672059248
13 1 27 3 60353 0.9789828416721809
16 20 1 18 48233 1.0860055316204522
13 15 27 20 57158 0.966766104703193
6 27 5 0 88561 1.0314370051256574
21 23 13 25 26890 1.078857173074454
17 17 18 27 30083 0.9727134583228225
18 8 17 22 41605 0.9063750480800062
15 15 5 11 45084 0.9140278519817303
14 29 18 0 85285 0.9817965074893307
0 9 11 7 42293 0.962109237531293
27 18 6 29 82104 1.0551358236495432
16 20 4 29 53299 1.0013422066688797
7 22 1 5 67166 1.076241384130398
25 26 11 28 53605 1.055117204542723
2 7 25 2 83664 0.9587916258821082
0 13 8 1 68493 0.9919560762880885
13 29 26 7 87189 0.9520458014009773
11 23 22 20 38780 0.9733809255139508
21 27 2 21 69849 1.036945576776355
20 0 7 15 77819 1.0448467613135146
29 10 15 2 70756 1.0164301598665257
4 23 5 10 42212 0.9995899704281899
14 16 8 5 54159 0.9959032026271302
21 19 12 6 61080 1.045769146505136
29 21 3 1 124285 1.014109977027587
22 10 6 24 80933 1.0235977251814443
12 11 5 28 71394 0.9597607272852765
27 16 17 20 39274 0.9735668332997719
21 20 3 13 67152 1.0448840555026426
22 24 26 0 71473 0.9418532888518938
6 8 21 26 100446 0.9737092779882552
0 16 18 1 90652 0.957349965255375
0 2 9 25 90475 1.0103404009107564
13 0 17 6 31576 0.9457486654360792
19 8 7 22 72814 0.9403588711056218
5 24 2 12 38743 0.9910065429308609
8 3 17 5 36730 0.9911032659807038
4 18 22 3 95332 1.0590839137200987
13 17 23 12 49671 1.033604951412462
10 11 25 10 59714 1.0918319501893077
7 26 19 11 75627 0.9093240030813815
25 8 16 1 54189 1.0852006368149705
25 1 19 25 86767 0.9893356236553157
1 21 8 3 77794 1.0673816434310364
8 27 19 0 106236 1.036731587232165
20 14 9 15 48155 0.9743546552358429
26 14 16 0 63889 0.9170360139424153
22 1 16 14 53954 0.9413011863731608
11 14 23 20 55370 0.9577679660816074
3 7 18 4 46475 1.0754885973568378
25 5 5 10 65659 1.0475107154032335
18 5 12 13 34635 1.064437179727504
7 4 21 18 83862 1.0917485020115696
28 19 13 12 67511 1.0342851269940463
11 28 3 18 48252 0.9437498286718871
15 1 18 22 70719 0.9879260253446855
27 27 26 5 61142 0.9849973975389965
6 0 15 23 105768 1.0473849779178823
16 8 7 22 71951 0.9628239261759833
19 2 14 23 74538 0.9052445645127563
23 10 29 24 60775 1.0347055043856297
24 7 22 21 50236 0.9452159713735038
2 1 18 12 70514 0.990050305279197
19 3 19 18 45599 0.9497343553107613
8 15 19 15 46489 0.9641901137095532
26 20 0 20 70384 0.9483041605706387
29 17 29 6 39211 0.9586178624685298
4 10 7 25 55083 1.0119654673197778
19 25 13 6 64855 0.9444393086235698
19 22 27 26 29445 0.9060338198009008
24 18 6 11 77825 1.0500870529103863
21 24 26 16 36431 1.0729084217411913
28 21 6 9 102114 0.9893927881859326
19 23 10 15 48336 1.0647440463590179
9 24 1 28 36422 0.9027280193192766
1 14 2 1 47128 1.0344955171251804
2 2 22 10 79731 1.0260450925448785
26 17 16 1 72502 1.095302585826076
27 28 4 21 80338 0.951429246308311
21 27 0 22 74874 0.9338605099786528
12 27 3 19 48790 0.9659212773471315
2 16 20 12 65718 1.040800218870091
18 18 12 5 49757 1.0400002393142949
13 13 21 26 64330 0.9678988451896503
24 17 12 2 76492 1.035586837855521
20 16 28 28 66515 1.0752024259352908
10 0 27 6 66974 1.0308466365317133
10 11 3 20 45707 0.9506302116846219
18 16 21 1 53315 0.9021729845954463
0 11 26 29 112169 1.0051028694611057
10 4 1 28 93781 1.017959707130896
21 21 29 6 57706 0.9859057188419428
21 2 13 13 53925 0.9538387310521257
14 23 18 17 31650 0.9631411849865401
12 23 12 11 40763 1.0473319678347073
5 20 26 6 89238 1.0322820875047456
24 11 12 18 63554 0.9154767270351131
4 28 26 27 64176 0.9974180724885368
6 26 29 17 87240 0.931190310508497
27 23 21 17 33493 1.0938585628623545
12 11 21 8 42522 1.0043877608208447
16 7 0 22 82572 0.9317409234698883
23 11 13 25 67289 0.9674166645258848
16 19 13 29 38439 1.0449820803659702
20 12 9 27 76582 1.024332522424743
13 14 26 14 52552 1.0969608470531245
22 3 14 17 61244 0.9336458227736169
9 24 28 25 49571 1.0648648652093962
26 17 0 6 100182 1.024394436132766
18 5 2 4 52764 0.9861178762020755
17 27 1 16 76386 1.0179257172829597
28 13 4 8 83966 0.9024881380956234
14 12 26 25 67168 0.9086913905796777
9 28 26 26 52657 1.0434308349253887
25 14 14 17 50669 0.962813736667944
10 4 19 3 35505 1.0651265479726593
19 24 14 13 44224 0.9851070202211561
4 8 14 1 49799 1.0676819267632247
5 26 3 18 24028 1.0979102035360022
13 5 3 13 48772 0.9838296167896385
27 17 15 6 60869 0.9355448128073707
8 16 3 28 49418 0.9361112399946946
12 0 29 18 96689 0.9903468043914383
19 13 11 25 54950 1.0130570629474067
7 1 21 6 62921 0.9641210122900401
24 12 13 7 49472 1.0288955634902672
15 23 15 3 79718 1.0631677375095436
1 5 9 14 51782 0.9877087731577266
7 16 15 23 49064 1.0241499930044535
13 9 10 27 70188 0.9856978845011877
27 15 26 29 46235 0.9500891856888496
22 5 22 25 66068 1.0791452399633397
27 0 10 3 67326 0.9264850025025158
22 17 11 20 38784 1.0857741251061424
13 19 21 15 40717 0.9836416278811869
15 3 29 2 63036 1.0572228771154368
27 11 2 0 96145 1.0766359855180256
12 8 6 19 59052 0.9428513669825428
28 9 11 2 72304 1.0291990624190948
18 19 23 10 44268 0.9796346482436951
4 16 9 5 55684 1.0733310022527072
29 9 7 21 93094 0.9297643884005624
5 2 15 6 40157 0.9219295040769281
0 6 18 20 86674 0.9504555008724577
21 15 8 22 60614 0.99858564360428
26 22 5 19 66630 1.0862648350791115
13 15 5 29 63783 0.9144044959556877
15 4 1 2 57307 1.0119289254382149
0 28 9 18 63716 0.9385498428304198
19 19 15 25 28035 0.9068878146951458
22 20 3 5 89594 0.9165279519698412
18 6 23 23 60097 0.9204608719121707
24 18 8 29 71797 1.0014532797846576
4 18 16 13 54250 1.0684224886432845
24 2 4 19 112585 1.049275068429671
28 17 19 3 60071 0.9396859398276302
13 29 1 12 74911 0.938547590970572
2 28 27 23 73671 0.9064655631403855
5 24 25 23 51152 1.0773050902750865
27 4 13 26 89275 1.040420027379714
28 5 3 6 74111 1.0367147524453617
17 24 12 15 42682 0.9675310500675458
21 26 22 12 54334 0.9912742950822528
19 23 8 12 66442 0.989627969101362
4 6 14 14 53931 1.0020230088245003
19 2 17 29 77472 1.0192593304101454
6 5 7 14 41402 1.015608429492299
19 21 16 2 62255 0.9616685941461159
4 22 18 19 48054 0.9683336899218289
15 29 7 27 25124 1.0156831537590227
22 6 8 16 75517 1.0331023757211724
2 2 9 22 80102 1.0866143631492244
27 6 5 1 79818 0.965237214406058
13 12 13 29 62689 1.0422927565433087
4 23 21 24 45072 1.0005244916392824
16 8 17 29 66938 0.9684493916123983
27 0 20 27 96106 1.073760173084767
7 22 20 4 83339 1.0427943981113124
13 11 9 25 61253 1.0951297535096485
14 11 29 22 76343 1.0944170489312126
7 1 5 10 38002 0.9285376762200916
7 4 27 6 67185 1.009994580379013
21 20 29 6 55980 0.9025690673210682
29 14 6 19 84695 1.0601117570320577
17 12 26 29 69509 0.9576266763413633
12 29 22 11 76806 0.900190779387308
14 15 26 13 50835 0.9850390317842912
12 1 29 22 105073 0.9590735832759316
27 28 13 21 57255 0.9716174865087283
19 27 0 11 95062 1.029305349872502
7 9 12 21 60634 1.0611829724985489
19 8 24 21 60382 0.9785638434231149
12 4 5 16 59321 1.0958289802767551
2 7 2 20 40584 0.9142833349633201
2 14 26 7 88792 1.0322696176087673
18 9 11 26 67066 0.9800775738773067
19 0 15 28 89381 0.945438232453228
17 21 28 23 34459 0.9342833805610163
9 25 11 0 95259 1.0788489786974984
20 3 10 19 78456 0.9765621082593527
11 21 24 9 74642 0.9819677121654208
0 23 11 25 37583 1.0837130548359377
16 27 25 12 72830 0.9057573531270036
25 4 27 23 54878 0.9451544754213086
12 21 19 10 52085 1.0847515312165048
8 5 16 16 59998 0.9932898405310803
23 13 8 12 52177 1.0827265302290547
24 3 14 18 75309 0.9637974784023028
18 15 6 2 72665 1.018265515721882
26 0 26 21 53067 0.9445607738256645
0 10 5 4 36731 0.9748695285244593
23 19 13 0 84991 1.0161487255973212
6 17 26 23 71708 1.004153155262691
25 0 13 23 98794 1.0230741071554814
22 28 13 25 36515 1.015973143665962
2 2 10 6 34684 1.0367494274878728
29 9 18 28 81383 1.0824382554953365
22 20 2 22 59214 1.0429235648806126
13 29 5 21 43128 1.0302685151820783
8 16 14 28 60166 1.0283220683769352
19 10 27 7 35221 1.0458129936651934
22 15 4 9 73758 0.961860772863466
4 14 7 28 57454 0.936983160665871
3 22 28 19 77487 1.089718898333057
12 8 21 10 43722 0.9226497255608791
23 16 25 5 44235 0.9719857398760388
10 5 2 14 48507 0.9354446600765108
19 7 23 24 59750 1.0151685083447617
13 6 25 29 88985 0.9023891407957766
28 25 0 1 139500 0.991125499420818
19 12 1 20 71870 1.068515858463453
25 22 16 7 68819 0.9086194422541461
27 0 16 3 48025 1.01783521648863
29 23 7 7 102513 1.0862221364970064
9 18 13 10 41919 0.947600776267677
28 11 2 6 84337 1.0867758552287101
8 15 23 13 56423 0.9087107241397564
17 5 20 22 56493 1.0552699408340325
16 27 29 2 101353 0.9403465115808916
26 17 24 9 27061 0.9461792939214213
20 14 29 27 65611 0.9068772563118636
14 27 16 19 34147 0.9172652607997842
16 8 9 15 46320 1.0707682402384835
27 20 21 5 53622 0.9139242277655623
9 12 26 27 89606 0.9610594745746261
4 1 21 26 121572 0.934619215854575
17 1 2 17 90540 0.9262943942798804
16 1 23 22 79085 0.9611690516795456
1 6 11 22 73797 1.0759071658300206
19 4 23 12 39677 1.0683644954424212
27 6 27 22 45287 0.9273262618801934
1 29 21 21 68777 1.0885618939307578
14 5 5 15 57509 1.0997419230969478
12 23 19 1 77322 1.076653648626717
15 29 10 19 38566 1.0599663114926081
21 18 6 23 64058 1.0971391839632678
8 0 5 25 87944 1.0846828009817817
14 15 14 29 55390 0.9996492937974631
4 13 1 1 44285 1.035746409407694
20 29 1 24 59901 0.9322394841574317
10 26 4 17 39949 0.9793461631949943
6 9 23 0 72226 1.066607186003514
20 14 12 5 48172 0.9361685986477146
24 29 13 7 84925 0.9755706183511532
23 1 13 4 52115 1.0857056815656783
0 23 24 4 118780 1.0544271525205247
18 14 19 3 30125 0.9513506656218969
16 27 5 4 101827 1.0238526815026734
3 4 28 18 104747 1.0347301116084193
5 7 22 16 71914 1.047258684502971
13 8 24 10 51368 1.0195715004623305
22 8 0 8 71190 0.9920160424624017
15 8 8 29 89215 1.0956590269928272
28 3 10 12 75478 0.9170225212377908
22 0 9 6 55560 0.9946687903374813
8 9 21 2 55306 0.9569226975692788
10 23 1 16 45479 0.9759306081371433
19 10 12 6 29755 1.0040125513341913
26 4 5 13 81692 0.909934433591843
15 18 28 17 45715 0.9782020552717091
1 27 6 8 70500 1.0264762706384378
22 1 15 20 74173 0.9016688069524329
14 19 7 23 32087 1.0593527227588027
22 12 17 6 29414 1.0759134688269292
5 27 10 17 43797 1.0693422152861818
12 19 26 9 68545 0.9575510043953267
28 7 3 3 82274 0.9815749678746485
17 23 11 0 85633 0.9273168099044178
17 11 2 7 56194 0.9879912287093368
6 17 21 19 54965 1.0560740020802912
19 12 0 7 66887 1.089364167486085
14 14 13 25 46603 1.065749504138716
10 19 25 11 72029 1.0059637849780307
3 18 24 22 67786 0.967186191575144
26 12 5 12 72229 1.0712396210021153
22 7 7 12 57591 0.9772268830011587
25 7 9 27 99020 0.9661884998082728
28 15 27 26 40249 1.0246391018012357
16 0 29 8 61110 1.0088347534415647
27 19 10 10 76936 1.0992241341159732
22 24 10 15 55625 0.935921010446005
3 6 12 8 32855 0.9684802248660617
20 8 0 14 81782 1.04069919488294
17 0 2 17 91406 0.9673137259961665
22 14 10 20 50831 1.0447446877765785
9 8 25 27 103817 0.9828115908809586
9 2 18 7 37988 0.9294915196240234
18 6 24 22 59736 0.9166198507482898
23 2 12 16 72532 0.9212405920151482
14 8 19 15 38866 1.0419385546830924
16 6 4 29 96174 1.0917304336034201
0 4 22 23 110489 1.0217818060703376
13 12 4 15 39377 1.0294310467260377
26 7 0 10 89878 0.9990979472007445
16 24 14 3 72354 0.948362446598916
19 0 10 7 38235 1.0839473172660417
26 4 19 19 58285 1.0106192011360284
10 16 20 17 38610 0.9129628033825223
5 6 26 15 80540 0.908681952250117
22 26 20 8 68518 1.0076644999174074
22 15 13 17 35674 1.0546432304099185
28 0 27 25 73680 0.917214238555283
6 21 8 10 56892 1.0986038500974171
2 14 11 15 38564 0.9087259933481346
15 3 24 6 41132 1.0400974100303138
13 1 1 3 53238 0.9962775178187554
7 10 1 4 40373 1.0130933711297831
2 21 22 10 86602 0.9057730366263969
21 4 8 21 85264 0.9061353558627273
12 0 6 6 35616 0.9788792401077963
22 29 29 15 60518 0.9564134458182559
20 16 27 22 42304 1.0793182191301869
12 15 19 1 59066 1.0502207181557037
6 22 20 1 98675 0.936074840006214
2 29 28 20 87391 0.9057821858185378
14 10 17 23 56647 0.9079021590465014
19 15 27 27 57896 0.9809584507608725
20 28 16 20 38708 0.997686084433441
1 15 15 13 48618 1.028233254416353
29 10 6 0 99189 1.019650118848569
5 24 11 11 60616 1.0452737088881616
12 18 25 0 89735 0.9813383806694573
2 2 27 6 86688 1.0151637246275387
27 6 22 29 74602 0.9253915198551349
29 16 26 26 40054 0.9325068811233853
10 6 0 4 36892 1.0724811345459724
5 15 7 26 47082 1.0509996028456818
1 24 12 7 76091 1.0414777190587385
18 1 15 13 35565 1.0552789502814721
8 10 20 21 70613 1.0903030208997344
20 12 13 2 48492 0.9718780617277011
24 4 10 11 57620 1.0530472607306587
21 28 18 13 55839 0.939042502379155
14 23 23 3 86663 1.0250313256709105
5 4 27 6 71072 0.9907879936689071
5 27 29 0 126555 1.0578686658979626
3 28 8 0 90691 1.0353777531317445
8 21 0 6 66429 1.0077392795089657
26 14 2 17 83421 1.0845958131971376
27 19 11 28 71234 1.0246889576966631
25 13 7 26 87771 1.012161186092453
4 26 12 3 90980 0.9380346386977461
3 16 11 12 37424 1.0512935090053095
13 1 21 18 77728 0.951993523066851
25 12 11 28 91233 0.9929033379243504
26 21 29 2 59062 0.9986432593984855
5 16 11 4 59947 0.9057408156389273
18 29 7 23 44340 1.0379476973718496
5 24 23 7 91368 0.9695786489099143
5 3 27 23 112208 0.9316845610620402
0 25 22 26 65406 1.0764763469209861
23 12 2 9 80440 1.0851653040352778
9 15 26 10 70860 1.0884187138014336
2 12 11 20 47337 1.0316190798463114
11 7 23 2 45571 1.055694728554044
11 0 2 22 88526 0.9155425153761271
5 8 24 23 97146 0.9512055122835722
2 24 20 24 43801 0.9536372499592253
23 0 14 22 85857 1.056994993086338
16 18 6 21 32469 0.977602399628624
16 8 3 24 82051 1.0923911736475072
23 28 4 7 111973 1.04988950155446
4 4 10 14 54264 1.0300106497938302
29 24 24 4 67327 1.0570658643615505
21 24 0 15 73920 0.9093735841905436
28 1 7 28 128760 1.0166814261378079
19 26 21 1 84665 0.938359142838926
23 1 10 15 80671 1.0315981518406483
7 9 13 5 28538 1.0191247536643144
3 6 19 12 58066 0.951452692449506
23 2 12 24 86878 1.0061027991433986
27 28 19 5 84620 0.9708578465940855
0 5 20 2 73686 1.0945612099945472
28 18 7 7 86587 1.0164278047031845
27 13 20 3 50903 0.9765854633353656
15 6 3 26 82667 1.0490606899206023
28 11 18 2 49375 1.0700170811494876
1 11 4 29 56624 1.0851157930448834
7 29 16 22 41530 0.9237422929619428
3 19 16 23 46212 0.9480773020704958
12 23 4 18 41328 1.0215736479756738
17 29 18 0 76889 0.9459152210522204
8 1 19 20 85349 0.9778380466491041
0 3 21 17 101514 0.9150842409269567
27 4 15 25 84552 0.9378714639888587
2 8 19 11 60626 1.0807802036783405
8 14 17 13 32032 1.020416115399196
0 24 19 5 95131 0.9852167950883973
4 10 22 14 69877 0.9570531400352951
29 24 22 6 65818 1.0664269935215502
28 27 26 1 77146 1.083157308272839
3 22 23 6 96528 0.9801144248903311
12 17 27 20 50199 0.9139504477203828
15 5 20 12 33500 1.093602528392049
2 22 18 8 80251 0.9508625815393813
28 8 24 28 72027 0.9711915428792097
0 26 27 5 123306 0.9127477869651839
9 26 5 13 59715 0.9513941333326326
