6455 7488 7548 6888 6514 6961 7433 6257 6901 7086 6986 6575 7472 8058 6142 6504 8043 6526 7898 5939 6773 8023 5747 7681 6033 5804 6946 7083 6652
5273 6078 4947 5925 4552 6437 4559 5184 6279 5288 6265 5642 5376 5312 6238 4983 5484 6313 5011 5959 5278 4499 5072 4940 6160 5508 5956 6162 6195
3973 3307 2711 2210 2520 3642 2057 2154 4132 2001 4156 4273 3040 3417 3853 3041 4255 2324 3348 2539 1908 3599 3261 3570 3504 2264 2256 3453 4043
3071 4201 3386 3047 3939 3331 4056 2734 3723 3756 2922 3469 2432 3430 2356 3924 4133 2072 3579 4054 2171 2861 4230 2331 2608 4324 3680 2247 3766
3555 3840 2378 2797 4124 3977 3959 3944 3191 2364 3712 2056 2062 2829 2569 3794 3229 2869 2111 1895 3753 3279 2634 2279 3119 2615 3191 3540 3516
3078 3521 3135 2262 2358 2345 2121 3157 4140 3360 3506 3111 2086 3545 2427 2720 2073 2476 4315 3270 4236 2616 3448 2692 2741 4023 4028 4059 3879
5137 4009 4730 4864 5311 4618 6008 5493 4228 5463 5413 5255 4176 5595 4778 5380 5364 5361 4906 5055 3966 4962 4209 5819 5919 4553 3936 4904 4050
6120 4639 6032 4810 5718 4462 6620 5802 5223 5628 6769 6300 4939 5847 5530 4794 5325 6223 5968 6744 6758 5082 6183 5497 4701 4920 5200 6728 4617
6622 6476 6142 6659 5925 5914 5128 5905 6695 5055 6157 4862 6427 6060 5924 5077 6940 5485 5261 6206 6564 6175 6780 5421 6932 6954 6789 4925 5863
7784 7355 6968 8579 8328 7833 8046 6899 6407 8030 8064 8283 8522 6727 7414 8288 7536 8033 6951 8574 8329 8356 6617 8537 6391 7387 6493 6336 7209
2952 3533 2831 2363 2687 2331 3653 2680 2970 3779 3662 2547 3464 2580 3124 2945 3655 3168 2585 3729 2748 3076 3810 3235 2319 3260 2139 2227 2947
2389 3797 3442 3777 3546 2815 1862 2013 3084 2961 3122 1748 2383 3276 2417 2572 3082 3556 2056 1654 1846 2416 3831 3544 3341 1870 2894 3254 1835
5153 4798 4477 3982 4672 4869 4644 3736 3615 3369 3718 3440 5070 3774 5265 4577 3547 4228 5176 5472 3220 5427 5197 3938 3828 3401 4859 4164 5477
4935 4187 5397 3680 3246 3122 5101 4934 5007 3329 3430 3204 4835 3352 4393 4437 4234 4978 3461 3518 5225 4053 4729 5278 4820 3874 3589 4015 4494
6656 7363 7879 7446 6985 6386 7596 5813 7996 6039 7119 7584 6915 5701 5985 7992 5811 7002 7738 7119 7763 7288 6586 6500 6692 6012 7113 6994 6971
6164 7930 6582 6275 7278 6567 6493 6333 5891 7021 6401 5896 7941 6524 6591 7631 7847 6685 7253 6127 7707 7272 6485 7507 6364 7070 7257 7389 7629
8195 6764 8866 7282 8827 6793 8520 7810 7484 6973 8149 7635 8131 8116 7920 8209 8168 6805 7832 6722 8559 8691 6701 7370 6779 7228 7727 7984 6755
5290 3369 3226 5290 5192 4085 5210 4495 4514 4812 5034 5485 5322 4294 4457 3521 5435 3154 5479 3902 5019 4783 4257 3822 3515 4402 3247 4016 4134
4159 4166 6097 4407 4079 4698 5850 5241 6238 4360 4844 6157 5196 4798 5442 3984 5202 4743 5708 4129 5688 5942 3948 4478 4239 5860 4811 3908 4456
6838 7032 7267 8421 7622 7174 6648 7003 8517 6554 7366 7836 8636 6863 8079 8181 8422 8561 6782 8592 8490 7154 8149 8120 7313 8044 8301 7034 8379
7435 7513 7360 5619 6623 7693 5587 5945 7589 5631 5464 7111 6853 5409 6094 6153 5529 6341 6751 5758 7535 6900 5766 7124 7398 6325 5579 7315 7133
8605 6718 8594 7299 6859 7161 6913 7086 6501 6383 6437 7233 7665 6637 7540 7066 8476 6585 7963 7784 7754 7103 8587 6959 7591 8482 7064 6888 7944
8036 7642 7365 7413 6005 6240 7050 7102 6512 6842 7120 7138 8093 6117 6723 7079 6204 7968 6702 6607 6272 6170 6020 7459 6216 7859 5979 7160 7853
7123 8337 8564 7163 8053 7529 7338 7398 8459 8026 6714 8864 7140 6929 7740 6796 8858 8313 8547 8789 7651 7389 7143 8761 8223 7332 8696 8528 7670
6297 5067 4983 5648 6301 4911 5976 4953 4725 4479 4461 5676 4902 5735 5299 4774 5488 5245 4392 5048 4761 5018 5465 5572 4816 4433 6141 5013 4475
7024 5619 6107 6019 6263 7040 6905 6023 6123 5679 7445 6988 6384 6297 7120 5852 5506 5413 5953 7258 5432 5253 6027 6200 7080 6044 5617 5445 6399
3803 5357 3916 4437 4302 4757 4691 5404 6071 4117 4908 5595 5647 5968 4425 4897 5936 5151 4458 5980 5242 3996 4295 3807 5678 4528 5169 4196 4775
7905 7096 8615 6528 7387 7044 7420 6871 8222 6702 7113 8461 7124 8387 6421 8165 6403 7780 7755 7928 7063 7057 6381 7639 7883 7324 8678 7030 6753
2316 3305 1858 2420 2072 2539 3105 2492 1903 2389 2604 2943 2995 3273 1384 3358 1508 1593 2776 3257 2399 2982 2526 2745 3363 2178 2525 2078 2758
5244 4625 4180 5322 4825 3752 4701 4365 5576 5541 4889 3511 3592 5484 5159 5766 3609 5412 5172 4530 3804 4555 5432 4360 5541 5395 3657 5840 4711
4522 5569 3881 5057 3944 6311 5389 4118 3896 2863 3414 5495 6548 6621 4948 6005 8431 5929 2714 6130 6594 8154 2923 3409 7067 7266 8388 6075 3970 6937
5893 5004 5608 3288 4146 6656 5352 2522 3215 2418 3934 6511 8440 6101 5246 5157 6806 6647 3701 6205 7029 8364 2907 4720 5793 7835 7428 4514 3620 7453
5575 5213 5526 3791 4586 8103 4359 3536 2854 1729 4441 7277 7839 7441 4711 3760 7077 5457 2650 6081 6757 8153 3917 3197 6015 8125 6626 5313 2198 6516
5115 4916 4383 3487 4334 7596 4994 2885 2222 2523 3415 6245 6308 7569 6486 4438 8310 6878 3641 5202 6466 6385 3344 2620 6472 7618 7108 6472 4330 7805
4601 5480 5687 4411 2798 6436 4909 2256 2820 2981 3355 5087 7071 7778 6032 5980 8030 5016 3074 5259 6924 8639 4116 4441 5993 7384 6652 5455 2897 5763
4537 6549 4172 2875 4144 7647 5249 2283 2003 1253 4756 5606 8133 6444 6119 4142 8626 6493 1619 5061 8335 7129 4090 3428 6314 8279 7800 6094 3936 6551
4424 6561 5863 4383 3548 6188 5357 2977 3678 2900 4302 6881 7443 6215 4629 3875 7211 4980 3349 5533 6635 8138 4990 4707 5250 6938 7851 6386 3634 5870
4225 6160 4136 3345 3096 8232 4614 4303 3067 3107 4285 5595 6326 7724 6808 3935 7456 5961 3595 5147 6596 8339 3213 3632 6381 6306 6992 6369 2766 7170
4438 7171 4612 2999 4783 8040 5572 4347 1787 1845 4851 6746 8393 7132 4924 5881 7933 7055 2071 5441 6750 8093 4236 4615 7178 6823 8676 6639 3030 6631
4308 6980 6080 4241 3421 7423 3684 3215 1600 1163 4203 7036 6379 7034 5648 5290 6934 5215 2605 6774 7537 7015 4371 3215 6818 7107 7438 5959 3589 6517
3995 6927 4261 4681 2776 7046 4171 2747 1911 2465 3761 5367 7971 7180 4696 4370 7584 5440 2116 6447 6602 6963 4036 3571 5806 8406 8498 5431 4064 6784
5373 6804 5366 4848 3854 6364 3707 2987 3376 2798 3027 6433 7419 7409 5301 5643 7115 5677 3052 4729 7163 6514 4107 2707 5970 7487 7737 4927 3780 6458
4402 6541 4835 4084 2792 6929 3251 4286 3040 1200 2821 5094 6924 7814 5001 5508 6984 5960 2366 6719 8374 7232 3812 3815 5677 8368 6808 6003 3633 7773
4851 6414 4502 3181 4622 7441 4388 2054 3035 2969 3329 5189 8228 6870 6901 4917 6913 6031 2953 5727 8241 8037 3337 3032 5886 8096 7294 5728 3041 7414
4028 6616 5405 3452 2829 7558 4121 2052 2399 1190 3471 6194 7847 6706 4952 5635 7851 6875 2634 6278 7143 6498 4726 3205 6618 6241 6746 6674 2058 7385
5456 6089 4268 4190 4094 7338 4130 2628 2908 2015 2859 6720 8514 7975 4710 3731 7083 6932 2278 6297 8413 8405 4053 4272 6414 7894 8439 6009 4285 7358
3771 7033 4578 4381 3120 6337 5124 2331 3929 1863 2743 5560 8383 8094 6051 5586 7331 4737 3462 6509 8557 7753 4907 4414 5379 6700 8585 6200 2230 5661
5131 5836 5378 4424 3023 6166 5336 2763 3571 1345 3801 5065 8400 7300 6494 4163 8851 5384 3424 4926 7170 6557 3058 3900 6185 7394 7091 5801 2272 5571
5273 5275 5358 2819 3166 7254 4609 2683 1878 2033 4783 5123 7418 6646 4824 3924 8220 6500 2346 6466 7249 6856 4102 2687 5672 8480 7378 4899 2136 7525
5494 5412 5118 4104 3893 7255 4133 2814 2103 3150 4016 5910 7688 5962 5263 3911 7246 5845 1850 4851 7659 7995 3180 2688 4963 8293 7685 4817 4059 7048
3935 6529 5143 4242 3439 6041 3399 3166 3396 2226 2634 6380 7670 7492 5382 5015 8675 5759 2447 6715 8068 7584 5014 2424 6993 6936 7142 6512 3270 7365
4011 6015 3958 3794 2757 7960 4599 3288 3360 1239 4169 7143 8579 7375 5288 4358 6871 6026 2565 6584 6615 7158 4541 2644 5551 8262 7732 5099 2056 5605
5645 6804 4679 4865 4053 8215 3896 2659 3446 2476 3918 6496 8639 7763 6222 5709 6607 6720 1643 5941 7391 7434 4408 3063 5804 6885 8695 4586 2838 5909
4140 6992 5763 4825 4476 7891 4082 4011 2891 3029 2553 5772 8408 7516 5740 3890 6925 6570 1875 4808 6838 6672 3343 3914 7235 7154 8169 6591 2735 7367
5319 5163 4507 3355 2747 7799 4299 2280 2504 1050 2670 6424 8670 6118 6224 5369 8364 6869 2197 6861 8485 7153 3239 4434 6184 6204 7140 6058 2943 6559
5099 6541 4944 4308 2656 6629 3725 2478 2823 2567 4503 6863 7600 6139 5291 5279 7553 5944 3655 6461 8200 8437 3662 4575 7142 6314 6504 6568 2537 6296
4894 5667 4503 3752 2749 7870 3976 3456 3912 1575 4663 5641 8018 7964 5686 4908 7006 6455 2534 6411 6803 8465 3202 4342 5494 7253 7561 6459 4313 5749
4366 5121 4740 3057 3627 7748 3464 2759 3093 2372 4668 7347 6735 8131 5450 4978 8674 6219 2261 5270 7958 7577 2871 3819 5235 8535 8716 6009 2303 6557
4122 5918 4448 3527 4637 7750 3573 3646 2874 1388 2963 6700 7576 6429 5568 5255 8601 6672 3553 6771 6748 6808 4786 4466 6962 7882 8659 6178 3469 7106
27 11 15 1 82284 1.0366878342255288
22 14 3 18 79019 1.0993990289862872
29 12 13 19 62722 1.0595746756480517
15 6 8 20 65802 1.0717212104438978
23 7 2 15 77644 0.9492075822188919
10 10 24 10 38256 0.9036077923511546
9 28 12 2 82893 0.9035248922023069
25 13 8 9 58642 0.9088318668186797
12 23 0 17 52171 1.0202462303259976
22 9 16 29 97403 0.9303625107274461
14 21 7 12 67809 0.9643065982495266
15 1 27 14 91219 1.0096219718159516
2 5 7 11 35651 1.033533399736924
28 3 19 12 55906 0.9685896146506145
24 26 15 15 77082 0.9261073181972941
29 23 14 28 57390 0.9173987275826004
5 21 17 24 54499 1.014055394878191
15 26 29 2 121884 0.9042269151384853
4 6 1 26 72833 0.991452941457133
15 2 27 7 61447 1.0613471737388571
2 12 2 28 49632 1.0937960771829265
5 14 8 21 36290 1.053897837844688
26 18 9 22 55126 0.9162687973646476
6 29 20 28 48627 0.9727651391974761
3 28 12 24 45575 0.909639322701775
19 20 22 7 80486 0.9111541669833543
7 23 14 15 50820 0.9110670483733102
6 10 16 4 47786 0.9848252941136246
0 19 11 12 56319 1.0232866957191242
29 23 14 18 53577 1.0299285090630312
29 17 26 6 42066 1.0158634132976039
21 12 15 7 42431 0.9420843871117828
1 26 9 17 57996 1.0278289799900375
14 7 27 9 36710 0.9617726533201859
29 15 1 21 96135 1.0920461822045278
0 16 22 29 113083 1.0178821437488845
3 28 1 5 79742 0.9955061375468627
6 13 20 5 73547 1.03183902594645
22 29 5 20 87814 1.002602625887809
17 6 25 22 80477 1.058612377505627
0 0 4 25 85810 0.903727468004925
17 29 6 0 118371 1.0872587441900432
11 29 3 14 63096 0.9307435206385477
28 15 13 7 56628 1.0485981036887742
21 25 27 14 67317 0.95421025790291
13 15 14 29 63198 1.0689452068549943
7 28 22 12 106184 1.081836919581467
19 28 25 18 62333 1.0284123059720005
3 20 29 19 81168 1.0526786986109953
25 14 15 2 87833 0.9978087289197517
24 6 28 24 60076 1.0056848308897681
13 28 8 3 84935 0.9576564587066925
0 1 24 7 90366 1.031867958078611
24 3 7 23 112000 1.0080551700306566
23 25 22 1 121512 0.9146923527658326
14 24 17 1 98419 1.0388407493940406
20 20 7 12 79024 0.9301799464865222
18 6 9 7 30913 0.9884657463796429
1 19 25 24 98634 1.077137967809407
1 3 26 13 91269 0.9878289178701459
28 0 8 21 107047 1.0381234662876304
1 17 27 28 106365 0.9202654430269351
11 14 28 15 61628 0.9697813275631969
11 9 1 8 27196 1.0561112976047626
26 17 22 7 54031 0.9372155411156218
25 3 0 21 132460 0.9947157850706607
14 16 12 29 56183 1.0872105908457985
29 16 12 5 75772 1.047310740259641
17 3 24 7 41161 0.9120321591568644
21 11 15 2 62088 1.046722992633108
25 0 12 20 107456 0.9803268454545833
15 10 6 24 72166 1.016099941388977
23 8 13 19 65982 0.9764289460993738
18 23 24 5 95575 0.9861828930820999
0 10 22 19 90511 0.9855078058027973
9 28 7 14 62860 1.0795355167479068
1 22 27 11 106964 1.0524425512046458
23 19 20 26 56925 0.9186571782257918
8 17 26 26 89008 0.9607299007432858
15 17 4 19 38230 0.9662798014189935
23 4 5 15 85062 0.9538770251175761
17 2 12 15 63626 0.9885156556810133
24 2 14 20 106061 1.0499347551880256
9 3 22 8 51240 0.9840296262965619
18 19 5 16 45781 1.05541757794929
5 10 17 14 53075 1.0594354675725146
1 8 18 5 56819 1.0744097626024944
13 18 20 2 86879 1.0228224183953745
1 9 19 1 78272 1.0943129639170655
27 15 14 8 55796 0.9247493352240849
5 2 13 26 89665 0.98980935748362
25 18 10 25 56020 1.029619829505941
24 24 8 18 66932 1.050175973585567
23 7 3 12 66024 0.9996638114904847
6 26 26 8 110172 0.9203349282866522
23 10 10 20 66077 1.050021911480123
2 19 23 26 103038 0.9728909711953101
24 2 17 19 88309 1.092604203523369
0 0 21 20 124646 0.9839566794637291
29 0 21 8 46258 1.0416014234436108
5 15 0 23 37961 0.9112761513122907
6 4 1 25 80018 0.903873622652039
26 9 12 20 67140 0.9866808501716055
17 6 0 18 79794 1.0990278615453228
26 5 11 18 76534 1.0115688591456853
28 4 24 24 69583 0.9863611804133688
2 0 7 22 80559 0.9469496764398798
6 28 28 26 72175 1.0823163817428958
9 7 12 14 29681 0.9300078413010444
0 17 26 12 105146 1.0447522783045984
5 6 16 8 34082 1.0850659659478867
16 13 3 8 61474 1.0605795552605186
23 5 4 8 67457 0.9434790853380945
10 9 27 0 63938 0.9309446752368196
11 20 5 13 32306 1.0432119730484588
13 13 23 20 64332 1.0673041554897844
24 29 20 23 42495 1.0242878126577262
5 29 25 17 89893 0.9978465406966017
10 20 8 8 41595 0.9367187880187587
12 23 2 16 45809 1.0032244482518566
24 20 15 2 104313 0.9334663103957687
22 10 6 13 60110 1.063215347096059
7 6 15 4 35761 0.9585852071560189
29 25 1 29 105411 1.0803130848596068
10 13 12 0 47347 1.0098968999968216
19 14 2 25 88276 1.0709593962189348
11 15 25 20 57513 1.0395347290798833
16 20 0 1 106109 1.0283437050988522
8 27 19 5 104354 0.9591897594681399
11 9 22 19 61196 0.9663731452773534
29 9 15 20 69352 1.084247335851727
6 29 21 11 104005 0.9319310507553986
9 6 27 20 85949 0.9536696003512071
13 26 29 13 90627 1.0581901806712006
26 4 4 9 69298 1.034000962479127
4 7 20 14 71108 0.957963145692848
8 22 23 29 72989 1.0812897536113537
12 14 24 28 82027 1.08407270473845
22 22 5 12 83491 1.0634550517386991
15 19 8 10 53229 0.9880376179201916
21 20 15 2 104537 1.0115185257292982
5 9 23 14 71259 1.0451998280567474
24 23 27 10 54179 1.0749803175257946
14 28 23 9 86781 1.078750365868132
11 27 29 8 88443 1.0970154314610407
0 15 3 28 52682 1.025607003182814
4 2 23 28 122308 0.9119460067053213
11 21 16 3 65142 1.0319610779368766
24 11 6 24 98952 1.0241337022426849
23 28 21 8 84516 1.0583198986725142
21 7 13 14 46622 1.0065013230126272
27 5 14 7 48864 0.9405666369365334
21 23 11 11 63981 1.0473504837405903
0 18 8 9 48344 1.0218019968018448
8 6 27 12 69183 0.9327047856393471
18 14 27 13 58166 0.9364386900438043
9 20 24 10 73096 1.0671136588297632
21 9 16 3 41921 0.9074653411668238
4 26 29 14 97067 0.9039730379456499
26 4 22 23 77364 0.9759190339997734
4 13 3 29 50538 1.0578041017899664
13 21 21 4 90891 0.9979029101542567
27 27 5 0 126754 1.0714680516729052
9 9 1 29 80978 1.0187081681036083
25 8 7 17 76433 0.9380691498676799
19 25 27 17 67831 1.0335272996389222
8 5 4 23 68929 1.0233840961519778
19 23 1 7 93609 1.0273105879226023
25 21 2 1 121434 0.963935421580595
4 25 1 14 44080 1.0647963114205816
26 6 20 25 93407 0.9359649427872437
9 7 14 18 44378 1.002064708411799
15 11 16 0 61257 0.9198188528583447
20 1 10 9 63765 1.0474085897684244
1 18 15 24 60490 0.9848585161564154
2 26 23 10 102468 1.0912006512980508
0 9 16 0 75414 1.047762534936241
29 0 14 10 60301 1.0447073944810648
0 22 28 2 116112 0.9931765345193526
18 3 7 29 109734 1.0322103529173803
9 15 3 1 65392 0.9537886363387815
20 27 2 16 92814 0.9538474822909531
5 15 9 1 58331 0.9241691367546024
20 10 2 28 98985 0.9855840484626281
2 12 5 29 61413 1.075189546395943
6 24 13 0 98979 0.9643328814497447
13 25 29 28 58023 0.9368550355687969
19 5 7 24 97762 0.9312550732310105
12 27 26 20 77564 1.0965092593263286
23 9 0 5 69305 1.0152312396950642
11 21 2 26 49011 0.926099005350923
20 11 6 28 96348 1.0674728037744594
6 7 8 27 83509 1.0083679139444262
5 24 24 5 106712 0.9769592829076669
3 1 16 18 81811 1.079998329422601
0 22 5 2 70388 1.0253773716139403
9 16 14 9 37123 0.9613680028077592
12 3 21 13 69319 1.081591610298451
20 8 23 25 93565 1.0725621536583532
17 0 8 18 82644 1.0479198716113918
20 24 29 9 72457 0.9927868836963961
1 16 14 8 61218 0.982979560189606
9 9 7 1 39103 1.0878150133335038
28 27 27 0 73174 1.0951024515199674
23 20 11 27 71808 1.027441646988879
21 8 23 24 85384 1.0389034904526384
13 10 22 18 56822 1.055228073544053
3 15 15 29 79046 1.0067881416489273
28 24 27 7 45886 0.9794656627777695
3 13 6 26 54925 1.0345033961908348
8 16 22 13 82283 0.939218042508042
26 18 12 20 46343 0.9955289499984767
3 0 29 25 131556 0.9171767811132533
12 8 22 1 68802 1.038194565592857
10 24 22 20 61056 0.9959242740912596
26 27 10 16 83714 1.0706093328866595
7 28 10 6 74186 0.9551972332627798
12 23 24 16 58138 0.927951417470465
29 26 24 1 91985 1.0848651657257051
19 11 27 14 53193 0.9482740706958088
22 9 8 8 30410 0.923395338196564
3 25 19 28 61932 1.019765770088163
24 23 4 0 121907 0.9060959419920731
27 3 10 16 75907 1.002697001801745
9 28 16 5 90609 1.0580730461044392
0 4 1 20 65871 0.9747601269329828
22 26 27 12 78483 0.938293700013988
10 24 8 4 68026 1.0019483192004275
16 9 25 22 68121 1.0186092981288735
4 19 28 29 93669 0.9782289695425328
24 24 13 20 55822 0.9992277363800601
26 4 10 26 102889 0.9020691658111458
26 25 21 14 75058 0.9976079045639206
15 26 28 5 111086 1.0433416425122364
9 27 0 23 51289 0.9364089501874029
9 20 29 1 101643 0.9454894887244678
17 14 10 3 55441 0.9638531818414806
8 13 22 20 74326 0.938171298146285
2 11 11 12 33954 1.066421497844777
29 18 2 20 77702 0.9972344037788097
11 2 12 17 47777 0.9704210498675261
26 15 0 10 89886 0.915176057508672
28 17 29 6 31527 0.9510414696647391
25 14 10 2 80300 0.9985986584586907
24 23 3 19 80217 0.9717463332033873
24 24 5 6 107408 0.9621082643710942
17 29 9 18 54588 0.9709055104315486
4 26 23 5 115803 1.0789402164376924
5 5 29 26 112525 1.0581405387448644
12 15 22 12 64678 0.9042332971868557
13 8 3 8 25504 1.0306144943414592
1 26 5 8 67750 1.0519586672670396
13 22 0 22 50062 1.0616704678812494
21 1 29 26 108036 1.0041983892958652
3 12 20 18 64782 0.9634970564441802
13 25 6 7 73768 1.021508160301142
24 27 13 9 97084 0.9050085904563274
4 29 11 19 49866 1.03712407312826
0 19 22 17 76378 1.050680106331841
9 28 12 14 49071 0.9148629459118209
22 21 10 23 51549 0.9200037776758173
15 20 9 5 70386 0.9026769729632171
4 20 11 9 45117 1.0803126770918687
22 28 16 19 57265 0.949855054118016
4 28 21 28 54680 0.9352406608001537
7 25 21 26 75013 0.9661864130693311
11 3 2 29 95263 0.9488305310119777
14 21 9 8 57371 0.9671015091620033
16 11 4 16 60235 0.9350392863232191
10 29 22 13 94567 1.0464156242439067
22 1 14 3 46413 1.0423427043197564
15 0 6 14 79171 0.9855264241461236
11 25 13 11 49249 0.9298830745679221
14 2 24 10 63003 0.991893425921403
8 25 8 9 65448 0.9770563857524603
11 25 21 7 76275 0.9412789134110922
15 15 1 21 70498 0.9787942519300249
20 18 12 14 38930 0.9616284999154057
21 0 17 27 139838 0.9559979855234079
27 19 19 17 35082 1.0879622002317038
19 7 28 22 64767 0.9665513149804617
15 25 8 18 45225 1.049247139210333
18 18 13 11 44184 0.993542495465494
18 5 20 28 113672 1.0159893409563976
21 29 19 2 132150 1.0347065981765202
10 23 16 29 40796 0.9429646076945154
22 17 18 8 67526 1.0065416240932041
12 16 29 27 79194 1.0515095265721173
26 12 20 19 53157 0.941859206016838
22 23 16 1 120560 1.0272012810862332
3 0 23 19 111166 0.9638652530812676
12 4 29 23 92724 1.0054116755709783
4 21 11 25 40407 1.030572487678308
15 24 18 5 91541 0.9032963884140439
20 22 25 15 54442 1.0886065360489008
29 18 10 17 52379 0.9343938278959927
14 27 6 19 58752 1.03647005431235
25 4 13 2 51296 0.9664608683742572
1 20 12 5 75185 1.0372360257708535
16 26 19 4 114843 1.097691362270824
18 5 5 11 53677 0.9468129966021338
18 16 3 24 67166 0.9209472178042064
20 14 8 29 87983 1.028237278428389
4 13 26 1 91487 0.9049497319545434
26 6 12 11 50949 1.0966102338090482
15 15 28 12 62335 1.0495946938660523
24 27 14 23 54173 1.0467598390491488
9 7 1 5 34942 1.044770411364746
25 23 19 29 53746 1.0703680102410853
24 29 6 28 59951 1.0966437298211082
12 10 15 18 36188 1.0651588347384007
12 10 20 20 62057 0.97276352118123
5 16 10 0 57023 0.9806490910006581
10 12 20 16 57287 0.9545194198664608
3 5 5 19 47512 1.0240870218050708
11 14 17 25 52212 0.9509346475475655
8 0 24 2 79950 0.9399051615783673
26 0 13 18 91441 1.0474970340618104
22 20 10 2 89093 1.0971740495551705
23 0 5 1 86375 0.9822607367536331
1 4 5 27 78601 0.9601537114365299
2 11 16 9 36295 0.978693267229632
29 3 5 22 105629 0.9616110461133734
26 12 13 28 98769 0.9367497965959591
2 22 13 15 55181 1.0079495256053053
14 9 26 19 59430 1.0423502334349588
23 8 11 29 85644 1.0054478215241285
7 15 9 3 55187 1.078934305352169
28 19 10 9 62385 0.986344432996796
9 15 19 18 39689 1.0413822625710294
26 12 7 0 86516 1.000174363003673
9 2 24 23 107055 0.9065432471511246
17 18 23 11 59041 1.0590143815682198
16 19 27 4 75876 1.0164089261725464
24 7 29 23 55821 0.9460179764021788
5 10 27 15 71756 1.0777254542953367
24 16 1 18 72049 1.0192133017460292
23 16 10 26 72379 1.0399433659349877
16 28 4 14 74393 0.97763510766703
21 7 1 20 92511 0.9886647153991732
8 6 19 29 103052 0.9102749869285346
10 2 16 8 32964 0.9152190224139006
0 22 14 15 65928 0.9160705651034218
0 22 29 26 115970 1.0809899699518881
11 6 25 10 41221 0.9104595585814365
5 16 18 4 70474 0.9158577939158742
18 3 0 15 92059 0.9881526722627652
13 13 6 24 62643 0.9315706529830519
2 24 9 13 61878 1.0216289609863467
7 24 3 15 45515 0.955764319859725
1 1 11 9 47586 0.9027845008246893
23 0 8 26 145217 0.9130124788452211
20 3 22 25 116786 0.9851185560517247
18 24 3 23 60052 1.0300982933552323
4 12 20 23 78304 1.0606945820259788
12 1 7 10 43971 0.9680974871276331
27 5 3 7 76745 1.0663396346910816
26 13 25 29 67328 1.003022757044711
10 23 15 28 29756 1.0475265369869424
5 25 9 19 40185 0.9175646345414817
11 23 3 26 39492 0.900280959597019
26 29 9 20 83063 1.095674935545757
17 9 3 7 35896 0.940207410636892
0 10 9 20 66662 1.038351184489862
29 24 2 1 122492 1.0972235821609135
19 12 4 15 66849 0.9306422642930093
21 1 10 5 60348 0.9474738370735173
4 5 7 22 64789 0.9472980364024386
19 0 27 9 67285 0.9885324356464976
0 26 25 16 109083 0.9997499737816483
4 18 5 5 39118 0.9186439671532775
27 5 5 27 122290 0.972117839166631
10 21 15 12 57369 1.022185160259698
25 28 6 17 87139 1.0851613761501728
23 24 6 24 73171 1.0858826259573224
16 8 27 11 42224 0.9116808007439606
7 8 29 25 96523 1.0699143859098004
10 16 5 8 36509 0.9927581074740788
19 5 25 18 75625 1.0098802096912
20 29 6 22 72249 0.9180661763747665
12 28 7 18 40873 1.0893518044106718
10 7 4 22 55334 0.9644815253293104
14 25 12 14 51477 0.9846853296611928
5 9 22 17 75195 0.9071707952118226
15 16 1 19 58969 0.9563288571469389
0 13 15 27 100939 1.0197136612900304
3 20 18 22 64873 0.932852365675531
6 10 27 1 76855 0.9366079827722368
0 21 20 22 85448 1.0260992549006072
15 15 24 6 69873 1.048862612489743
0 2 11 28 100503 1.0538531625438106
7 19 11 10 38511 0.933226076189523
12 13 7 28 58641 1.0117309677869346
13 26 12 13 52999 0.998824511059734
25 13 27 23 48326 0.9931609268087517
18 11 26 23 74750 1.0540663345574675
15 29 27 6 105446 1.025903193474334
5 9 16 25 80833 1.0967540252249877
6 9 26 29 106844 1.0978627632258369
4 14 2 4 31663 0.9525522983482826
9 22 17 25 40534 1.0577932462810178
0 18 14 3 79976 1.0683640291485519
2 2 3 27 78280 1.081055983676488
28 14 29 29 42852 1.0738087439795865
29 0 4 17 99558 0.9606037073476997
27 2 21 7 37665 0.9513014718276541
27 20 6 12 94803 1.068131438529455
14 12 24 22 80265 1.0560057179113003
2 22 12 25 47160 1.0464199651232686
25 18 15 20 37467 0.9302239601386999
11 29 14 0 95009 0.9653634439585723
18 18 6 8 60413 1.0866160411602765
14 28 15 5 91270 0.9301430988925944
0 29 11 13 81254 1.0001870553581804
18 15 3 16 61293 1.0748992140672742
21 1 8 14 96606 1.0377520535012221
4 8 24 13 65956 1.0475257323835785
13 22 25 6 87404 1.085190200518096
6 28 4 10 58369 1.0983696270969558
23 23 9 10 80774 0.9502786216161295
13 29 18 19 57997 1.0779906824915313
24 22 8 13 83754 0.9596929523140518
10 29 28 8 93618 0.9430857293559408
1 26 5 14 49025 0.9058132146552638
28 0 14 11 63298 1.0014814375629353
9 20 23 16 64158 1.0168784510339088
14 10 6 1 51088 0.9872406685427542
4 19 11 5 52328 0.9908234816349555
3 6 26 14 85302 1.0266036804771623
29 4 6 17 93899 0.9894497441431933
29 23 6 25 95879 1.0931735756188439
16 6 8 12 47435 1.0330396130615522
28 28 25 8 60607 0.9912321675439201
26 23 8 21 73937 0.947522307265763
25 10 29 26 64377 1.0356837749877592
17 8 20 18 53648 1.0957538738683004
11 6 24 13 54010 1.0489590346132847
26 9 14 18 61165 0.9408059883529684
6 14 26 28 101749 0.90480352998056
13 19 22 23 46791 0.9393454853457782
10 10 27 16 68961 0.9635851362517128
6 4 23 26 131031 0.9531273875752455
19 2 6 17 93533 1.0205984670460513
26 20 4 16 73712 1.0593797634524724
27 27 17 18 57557 0.9053192785470743
0 11 28 29 123032 1.0674068735611355
9 5 11 24 61348 1.0786421638067298
7 2 17 8 50679 0.9211710885207623
4 19 0 12 43317 1.0188712830641544
18 6 0 2 73605 1.086810780452067
24 9 10 21 63828 1.0708058448860829
5 16 7 0 55833 1.0778162657082055
16 28 29 23 51047 0.9223975406517236
28 23 21 4 71163 0.9363085037092388
25 12 19 20 64523 0.9053657256239138
28 6 26 19 38800 0.9503172561867165
28 28 18 23 47479 1.098369358876433
19 24 7 22 54696 0.9916324154142517
5 27 18 7 92936 1.0236159847327522
3 25 16 17 59748 1.0467614437910675
18 28 10 14 63013 1.0564535442714167
14 13 3 3 61602 0.9871222718880548
1 4 11 3 40569 1.0880987267691606
9 19 3 29 55907 1.0364068570920166
21 12 14 24 91717 1.0342883394678457
10 24 20 20 55483 0.991502921459523
14 7 15 26 85044 1.0583103284886306
22 11 9 21 79300 0.9609331090229194
10 5 18 18 58747 1.0268267039681365
7 4 26 13 78813 1.0773126456365514
12 13 29 21 77121 0.9996207845484661
13 19 21 15 43911 0.9483191321334683
11 11 22 14 63421 0.9965036469805912
28 28 22 3 87569 0.9082061092232867
18 27 11 24 36566 1.0163010563511523
12 21 4 26 48383 0.9746311056713477
14 17 1 26 70057 0.9217153055205397
10 28 27 10 93098 0.9287973698513234
15 3 10 12 42064 1.0717950615560792
25 17 23 4 64276 0.9049344522753592
4 13 17 23 66967 1.0603665236108433
5 2 4 16 40775 0.9150038190170918
10 7 27 16 70392 0.985036090004765
7 19 23 20 64711 1.0288982025915019
9 8 20 7 30122 1.0641544876076705
9 23 1 28 44451 0.9672072236181006
4 17 17 26 66285 0.981518114585664
18 16 29 6 66438 0.9226587463445161
5 18 21 1 105574 1.0809821966101463
5 23 17 9 67957 0.9415696393781835
16 7 4 25 78617 1.0425109030935364
20 11 27 6 38593 1.0978637180902666
15 9 7 1 47872 1.0828923093336693
29 21 21 7 62613 1.0846772464044283
23 1 5 15 107501 0.928537937983516
3 8 2 28 64569 1.029383523917478
25 1 16 20 102601 0.978609871454222
24 18 0 26 95967 0.9752487241433505
22 29 17 24 36826 1.0719552923239055
13 24 28 21 62942 1.050261323152336
15 2 3 21 89947 1.09560781688984
10 14 6 1 53999 1.0910919735040203
13 21 1 5 81229 1.0670562725441666
24 11 13 22 77481 0.9547287768657695
15 17 10 29 49191 0.9227878626963143
22 0 13 18 104688 0.97521849085688
10 4 19 19 70510 0.9364146980893501
20 29 5 28 55646 1.0857960371564641
5 14 29 12 77190 1.0656905471039386
23 15 12 29 87291 1.0616841060502653
10 21 7 29 34068 0.901617956777411
26 10 23 3 41892 0.9199969341824548
0 3 13 13 63705 0.9108821166337777
12 19 23 1 108991 1.0291515207184057
24 3 12 17 87285 0.9953317297225174
10 3 25 3 60023 1.0360296530893385
29 28 12 19 75964 1.0358985012596653
20 29 0 13 115665 1.0366596981912939
1 20 9 11 64039 0.996531509628025
5 3 25 2 83973 0.9387909668512364
25 16 0 20 90241 1.0047077638644193
28 12 19 0 72849 0.982622583420892
17 15 9 29 66873 1.097822757970188
25 29 15 3 124475 0.982934986982883
17 27 25 18 56773 0.9597376147164988
3 18 8 6 52984 1.0734494538531592
20 5 8 29 108737 1.0053341501357613
9 15 10 27 41959 1.0448884936453295
2 29 4 0 94567 1.0982524943066445
2 0 6 19 65029 0.9777880836299879
7 25 23 0 141949 1.0523477902803267
17 23 29 11 73991 1.0912635458192435
9 4 18 20 74640 1.0744270330585388
9 21 21 11 76575 1.0652156186652435
23 3 28 11 38821 0.9286396059521498
21 19 7 28 72714 1.071214946759364
4 5 24 3 80456 0.967616892367316
9 23 22 5 92638 1.089470108971302
7 8 24 19 73853 0.9190456293836967
21 14 0 22 94273 0.9488545692674378
5 14 19 23 64886 1.0775780648648892
24 29 4 24 79249 0.9807743432631864
23 1 0 22 141359 0.922293816065462
18 13 11 19 45314 0.9604418032327019
7 18 0 0 73887 0.9273058985262711
10 15 1 7 45348 0.9564934916539525
11 15 22 6 58599 0.9063562860699313
2 18 22 18 54097 1.0704431140532682
16 23 2 13 70444 0.935755287464033
0 0 26 12 102740 1.0089210347481306
21 9 3 10 42282 1.0887286788579091
22 25 11 1 110719 0.9929439838813411
23 2 3 18 113148 1.0318577946449479
25 22 7 26 81620 1.0700808918273692
7 27 5 16 48398 1.0688938799607783
3 11 0 2 37238 0.94512573215834
26 20 1 3 112229 0.9191251550005958
29 3 24 20 60192 0.9705971340333033
7 12 14 8 39144 1.0913426854776556
5 20 21 25 81162 1.056157937906481
2 19 28 17 73203 0.9934152824899941
27 19 1 9 87574 1.0310445535590929
5 28 12 22 41610 1.0147964393860833
26 23 7 26 81925 1.0775324877303625
0 10 10 0 52850 0.9758166665172474
18 8 1 11 51784 0.9970632464971003
21 11 23 23 82942 1.0168958543419322
18 12 17 0 57377 0.9721886135847214
16 0 12 15 72385 0.9079578058920993
24 9 8 5 52862 0.9601141398581488
24 0 17 8 64781 1.049308237714868
7 17 16 16 44866 1.0995152981629353
0 10 13 27 88814 1.0938772518538127
5 17 12 3 56049 1.0182799905547386
4 16 0 24 41397 0.9054528012278632
13 24 5 29 47904 0.9396884723679514
22 26 28 16 60738 1.0141631902293342
9 27 23 27 56436 0.9426935173977881
0 0 9 6 58774 1.099090339051449
17 11 5 21 71739 0.9340649867338788
10 27 28 16 72970 1.0860037123417376
2 6 8 0 42740 0.9109092337173267
24 26 14 25 59212 0.9658165605114879
15 13 29 0 79846 0.9236598125219764
18 26 5 10 89024 1.0161748781301845
28 10 16 23 74309 1.0036253048538046
16 1 11 21 78566 0.9521652594546316
21 7 5 0 65800 0.9666449749499402
27 15 5 21 82155 1.0958015583519065
11 23 23 5 90088 0.912177293969886
2 13 23 29 111644 1.0701880560299255
14 18 0 11 69300 1.0190741038598792
14 28 24 11 98750 1.072493527214232
13 15 28 20 57806 1.0187217030967435
18 19 28 16 32182 0.9746675509532085
21 19 3 16 63050 1.0849144815776008
9 7 23 27 106899 0.9324710010705983
28 2 14 14 72539 1.025827242162581
4 1 3 19 60509 1.0980084811597504
3 24 22 6 102265 1.001013053316061
6 8 28 2 66613 1.0540817667677262
0 25 11 15 68971 0.9164136475931408
27 8 0 23 108822 0.9341353542234929
2 25 7 6 73095 1.0152700617877306
24 25 15 8 95119 1.0067187551117707
16 29 12 13 70960 1.075630264294768
23 25 19 8 95668 1.0193693912772288
22 27 14 4 116391 1.077057558071693
9 3 22 1 67448 1.0668594015976156
1 0 2 27 89208 1.0248916051185977
24 20 6 19 60977 0.9143723095164051
9 16 8 6 46425 0.991035372486838
26 3 16 23 98038 1.0674209390801666
21 26 26 1 113035 1.0747513004310039
0 5 26 3 101238 1.0066908192497166
28 1 26 14 45034 0.9053209312195378
21 9 10 13 36706 1.036107411343227
8 20 16 22 44182 0.9145918810444834
10 17 18 4 64531 1.0325526601797876
7 10 15 0 58919 1.0224081824363604
13 5 3 2 44016 1.0239958380637053
24 26 2 6 122698 1.011431136174666
9 12 4 2 48729 1.065329312358869
14 16 29 26 78869 0.9791065646121322
12 2 5 17 60526 1.0620198150742617
3 18 9 0 72595 1.0230085475390025
1 15 20 9 63224 1.0660388799390739
20 23 0 22 73237 1.079669012239732
28 21 13 6 76620 1.0915092290452542
8 10 11 24 50318 1.0428286478570998
4 6 28 29 112976 0.9314754561370546
16 28 18 3 110681 1.0054182415637036
29 21 2 29 109732 1.05698651546739
4 21 5 2 54632 0.9129095215229486
20 14 27 26 74236 0.9735581833204243
4 2 29 7 77965 1.0118756407585845
25 0 9 6 84910 0.9310390311551414
12 20 21 29 68867 1.0382788213761311
25 3 28 17 46102 0.9628869930918902
3 23 21 2 118222 0.9929574656059549
6 17 27 13 81886 1.0575402801910756
3 15 11 17 35755 1.0867014058296358
2 19 15 10 62872 1.0619738837452852
28 28 21 11 76004 1.0730853117442427
1 26 18 28 64880 1.0004413641552858
6 7 19 6 46021 0.9530543229296958
25 5 3 17 97237 1.0713222625945735
9 23 11 7 48803 1.0386959026446347
14 2 17 15 72430 0.9589988669232418
0 4 7 25 88660 1.0069196274042302
1 16 21 16 79978 0.9824541274780292
9 23 19 20 54425 1.0702824230640338
29 27 8 9 93546 0.9012402902809105
7 29 20 27 52875 0.9908316539601087
6 0 10 11 48363 1.0496045222855752
1 20 26 26 113512 0.9207640939149219
29 10 3 21 94203 0.9056874729481822
5 19 14 8 54219 1.0052669627329647
19 9 28 10 22073 0.9734156283846416
9 28 29 1 117819 0.9568817217045095
14 18 25 23 53009 1.0732415905716717
6 9 17 25 77182 0.9808876701213552
18 3 17 25 103097 0.9090516941310958
27 19 6 19 67678 1.0402705430721395
21 26 2 18 92699 1.0077488202010314
1 15 26 18 78244 0.9574117155811628
12 23 7 10 53766 1.0047044494626325
25 14 17 5 65279 1.0426566849928112
16 14 1 17 72183 0.9018789705484587
17 1 28 21 88922 1.0401833404243654
29 17 6 1 102655 1.0919156120736544
15 24 16 0 108021 1.0788059978206674
17 12 28 13 49324 0.9790758883506718
7 12 16 22 70157 1.0128992935810766
29 20 12 8 70742 0.9151233061534649
5 7 28 3 69658 1.03708907382634
5 24 12 17 43212 0.9353821079318657
26 20 15 24 58539 1.0134020090832125
12 26 21 11 84059 1.0436692838613235
13 21 10 13 35210 1.0808806661005008
12 18 13 7 40539 1.0846150443533358
4 10 19 20 77909 1.077970377973329
3 22 23 5 108500 1.079438172205223
21 29 13 15 84481 1.009054191584503
24 15 3 5 89333 0.919908496646651
21 21 5 25 76760 1.0558644067977783
9 20 20 17 46673 0.992127721899261
3 25 13 18 45078 1.040754220258931
18 2 0 24 123196 1.0500049982838828
20 21 10 24 49748 1.0389800814068122
2 3 6 24 73453 1.0108897865213824
6 0 22 22 121313 0.9462161197131469
18 0 8 18 87349 1.0382138371334022
14 21 0 24 71112 1.0222800036301105
3 11 7 24 57202 0.9180554682667185
10 28 16 21 48739 1.0310867517933118
10 9 28 17 58016 1.039501787669243
19 9 27 4 35422 1.0206783496252698
2 25 20 7 96701 1.0559005116953522
9 16 15 10 39843 0.9280240285502809
2 28 17 0 124858 1.056393156070128
19 21 11 0 94392 0.9126807647541751
7 5 27 23 103236 0.9312892548622661
10 8 23 28 92476 0.9293076116830389
12 17 14 1 66882 0.9134011384358515
1 9 12 19 54286 0.9390094393279486
22 29 28 12 66462 1.0904271634298572
16 4 7 19 72983 0.9045285701353183
16 19 23 15 46841 1.002808825837983
16 21 26 23 45971 1.0210647968934188
4 10 16 29 90912 0.912422279627727
24 1 0 20 137009 0.9876967550628113
1 1 18 11 70170 0.9886303226541457
3 24 1 14 38902 1.023978610414912
21 24 12 8 83436 1.0738436240369136
26 16 8 23 73038 0.9210269368985412
20 25 17 17 49240 0.9958809028102598
8 6 3 1 36480 1.0761662630644087
9 7 21 6 39546 1.0813095125404386
12 6 3 12 37882 0.9926669337604509
28 9 20 17 47565 0.9317339494393966
4 24 20 16 70615 1.0741451652492424
4 16 23 23 75181 1.0471148368585035
8 27 24 12 103263 0.9997580801680959
5 12 5 29 53593 1.0047090606303672
6 21 28 3 102408 1.0431736637285425
27 10 20 24 73348 1.0830781032758616
28 18 25 7 35135 1.071790823636769
0 16 9 20 56508 0.9963347904496669
22 6 9 16 72848 1.081474403362028
19 20 29 5 73273 1.0533047029882927
14 8 24 0 73391 1.0628357438445415
25 14 17 29 86695 1.0163742042401944
20 15 9 9 55640 0.948182882421718
8 22 23 11 84976 1.008334820575221
27 7 4 24 99313 1.0080334227409622
14 5 19 22 89671 0.9476896937876875
25 7 14 21 90267 1.0688678957615736
12 9 11 27 51367 1.0074614620290219
0 3 22 1 101084 1.0384416578411484
16 11 16 24 69869 1.0778181933248092
22 5 17 10 41709 1.0047266988014207
26 22 8 25 78186 1.0625341823809047
7 11 25 14 79987 0.9016751437601488
6 2 25 3 79721 0.9349900860991379
20 24 15 6 97190 1.0718016868181761
22 20 28 29 51340 0.9719591098847464
4 11 4 21 27167 1.0334290397388854
20 17 1 7 84480 1.073893096478156
22 8 5 9 41273 1.0707757659224784
29 3 21 8 38184 1.0501033419735741
1 29 8 14 71714 1.0409015914998743
3 21 14 9 60721 1.094432583843459
2 14 28 23 95675 1.0182132762282659
26 10 29 20 41770 1.083288089494454
23 24 2 15 93755 0.9460574256118015
17 29 7 6 98855 0.9629740844830323
4 18 23 24 77844 1.0937113364036444
23 11 24 26 82396 1.002810523482874
23 18 18 5 77604 0.9944654976851808
2 28 15 29 50585 1.0856850776762792
12 13 24 14 65585 1.032687164042485
12 27 3 9 71733 0.9172770941471576
19 13 29 0 73687 1.08941013040281
2 13 5 29 58373 1.0546532022242383
13 24 15 1 93511 0.9986969482825289
4 11 22 29 105216 1.0983564113425754
5 1 27 11 81588 0.9178791603612368
8 22 1 12 62105 1.0043982177217716
27 23 25 0 76175 0.9071574227624425
28 16 15 18 35638 1.0596711984620897
10 24 22 24 50053 1.0388368100661938
8 28 24 26 60230 0.9781224345047262
0 2 17 0 82350 0.9879411628919452
20 28 6 6 105553 0.9956151993870651
22 24 14 4 104755 0.9849582243307774
11 17 21 17 36953 0.9611581256390676
3 11 26 6 71075 1.0182284376616486
28 24 4 0 116051 0.9604971801756651
26 17 23 8 47173 1.0272635731758752
18 7 28 23 69183 1.0896104377195905
17 18 29 7 56885 1.0017036291109107
9 24 2 20 43392 1.0463319689345332
3 3 11 20 64763 0.9121412518522892
27 29 15 4 111704 1.0886121986231294
19 24 5 13 75894 0.9102350788514094
20 9 19 23 76918 0.9930380581526015
29 8 14 24 92848 1.0920282002543569
8 20 17 21 49404 0.984729156483453
10 6 26 22 85761 0.9031019893230503
10 23 3 9 58728 1.0704476249596788
10 6 23 13 65697 1.0932321055929068
20 29 12 18 64385 1.0203385754052618
23 24 7 0 125278 0.934527389912406
25 22 6 18 69089 0.9846435258755809
5 4 2 28 75156 1.0739980081756375
14 27 8 4 89527 0.9715348104560196
15 28 7 2 99411 0.9640409148266379
0 5 1 16 55539 0.999357359277248
18 14 20 4 58520 0.9056074899542711
26 1 18 23 99802 0.9837213418651666
8 11 26 15 77256 1.0458760133659983
11 18 0 23 46047 1.0453051292979243
20 4 9 8 45140 1.0103439585522904
17 25 7 6 89573 1.0121956232032887
15 25 27 11 96569 0.9008405487267833
8 1 15 15 75410 0.9505026564179704
25 26 19 2 119951 0.9124543689759865
9 8 12 28 62198 0.9928414017714697
8 7 4 29 76147 1.0883919042839711
21 28 2 0 129142 1.0447995199339015
28 19 3 29 99995 1.0501278959132354
26 1 10 20 99126 1.0624289867083438
19 9 3 9 33650 0.9197684660162302
21 17 12 2 84147 0.9313994999590056
6 7 26 12 65998 0.962748448441607
7 15 21 26 94708 0.9546665093792458
12 7 13 17 39765 1.079410550099271
17 29 10 14 64875 0.9366825340895091
19 8 24 3 42985 1.04178295992361
2 10 25 2 87264 0.9014778576419126
8 20 24 13 77695 0.9086533947243306
1 10 15 18 62023 1.091943719107241
29 14 20 27 70550 1.0296509660061066
21 10 16 19 63230 1.0852795664490604
22 7 9 9 39109 1.0105732314763962
21 16 0 25 101634 0.950272969461524
24 14 18 5 61433 0.9591884082000992
3 10 26 15 82064 0.9332249023222052
13 8 18 16 49170 1.0122500085371207
7 20 9 3 70832 0.9854965391781987
23 25 15 13 90531 1.0539200493296985
10 4 1 11 44022 1.095579449097039
9 9 25 22 81921 1.0550326055388857
14 16 27 6 75956 1.0287722000410766
23 27 26 16 66070 1.0755414526968547
11 4 19 26 97540 0.9024796691920559
7 29 2 24 33089 1.0406435387516666
17 11 8 16 56848 1.020735286246813
17 6 2 13 59413 0.9178248078496979
7 16 14 24 49792 1.068519703313383
24 9 19 26 97674 0.9848996210834375
6 13 14 4 55160 1.0180989736263324
23 25 25 4 90585 1.000627424530807
12 25 2 9 67359 1.0975749135223984
7 0 23 4 69068 0.9759184880424209
28 0 29 25 71987 1.0971604625861064
10 23 7 14 46091 0.9867179952780184
4 23 19 9 70196 0.9709145126021983
21 0 8 9 74947 1.0506533863618424
27 24 17 21 47519 1.0931524050227708
17 11 22 5 46743 0.9530555742457786
26 27 1 2 139162 1.087202912646018
11 3 16 12 49867 0.9151507759775033
6 16 20 5 82597 1.0971437224925267
3 0 25 9 75065 1.0494441964520735
22 3 3 2 77215 1.0149252935720359
3 25 24 0 138736 0.9649435997899865
25 28 12 5 107192 0.9685143458871055
7 3 17 15 70483 1.069181245314704
9 4 28 24 93346 0.9576549008509216
15 25 27 19 75598 1.052675788970525
25 0 17 12 74762 0.9137768117771287
16 5 25 8 43214 0.9245878301759639
13 24 1 0 101168 1.0761240034566215
10 22 21 6 75415 1.0315275068523984
2 0 29 14 101424 0.9575778963167596
23 20 1 29 110280 0.9718810681402033
17 20 13 13 42102 0.9161353440709125
23 13 9 21 84563 0.9928437813008173
26 0 3 24 126101 0.954140977494514
23 23 29 11 57521 0.9836926043428861
10 21 19 20 48433 0.9020241930507528
29 4 20 21 78016 0.9277693827788509
5 26 21 10 92206 0.9158219816494115
3 8 25 1 92043 0.9422750345884092
10 16 2 22 40821 1.0123327946445035
21 21 2 15 84653 0.90535983267722
16 13 0 2 89027 0.9088318731791494
29 17 6 24 89169 0.9512641185204113
25 9 7 4 55979 1.04743965680946
13 8 8 18 40914 1.0865834996041326
11 10 18 29 74617 1.0083590012939405
4 12 20 29 97114 1.0582083205140058
12 10 28 17 56122 0.9933899516826379
23 23 22 6 84902 0.903988237834861
18 3 1 1 73795 1.0491088216198927
8 22 7 5 74065 1.0359920483833116
9 29 3 21 47055 0.9995350997196357
18 9 13 19 47376 0.9521963342070481
20 19 10 12 52168 1.0356238848909838
7 9 21 23 78644 1.0318045617661047
17 20 21 12 59267 1.017231566175779
17 0 13 24 99455 1.0622887315719234
27 5 2 5 84718 1.0416698783245333
11 9 29 28 87442 1.0518407229145932
16 13 18 24 59622 0.9545421113432812
3 22 1 7 51696 0.9879301391910678
8 19 23 11 76414 0.9328349427612509
2 8 17 20 75224 0.9967458561639035
26 22 4 10 92709 1.031559313755654
25 25 12 5 108791 1.0894370953628383
24 26 1 20 106809 0.9467391156200955
7 16 15 5 69170 1.0530243437023448
23 11 20 1 74610 0.9630831291153312
28 14 3 2 88511 0.9271653872597532
4 19 23 19 60107 1.0057725031232898
22 3 0 0 98138 1.0912932162157052
23 9 11 8 27588 0.9374962194471479
0 4 27 7 84695 0.9472650131461398
21 15 13 8 58036 0.965282534820268
18 12 27 8 42074 1.0687815934237084
9 27 12 1 87834 0.9307847721789219
28 14 4 25 88884 0.9316642973981619
8 19 16 13 57753 0.912072125231231
21 10 6 9 38308 0.9377595473133674
9 17 22 25 71765 1.0325949784136272
9 9 18 20 58751 1.026785618261689
21 26 26 2 107809 0.9979186193947893
16 5 21 15 69633 1.0545870063115632
9 10 6 2 40825 0.9948729751776021
25 4 10 24 99966 1.0060982648879042
0 2 16 0 79036 1.05694407663395
10 23 21 0 110633 0.9080977067208252
20 9 3 7 42424 1.0524271935112999
16 17 17 7 52106 0.9063719608590379
11 14 11 4 26810 0.9437398662817129
0 21 28 14 100418 0.9304819836337004
20 3 5 15 79084 0.9746757985215967
0 28 15 11 100904 1.0869112241087993
5 28 28 3 120254 1.0819668500068407
0 23 2 12 42712 0.9817389821463149
24 28 15 13 95660 1.0459211877754486
14 4 19 20 86960 0.9233487804669572
1 22 0 3 69721 0.9007784273971841
6 23 12 29 41706 1.096072579661802
0 29 10 12 83171 0.9546952086189735
26 1 4 0 102367 1.094462335780483
26 22 0 20 102653 0.916311128873996
16 25 0 17 80644 1.0173571385781153
26 3 4 13 82345 0.9628094526642093
11 29 14 13 60692 0.9936355660934388
27 7 4 25 102432 0.9944596151308982
29 14 12 23 71463 1.0646074944062942
27 14 25 26 55592 1.0402245717756498
21 10 21 24 89171 0.9582727903884468
14 25 23 24 51250 1.0205990454842448
13 2 15 27 100767 0.9394688380763122
20 14 18 25 61990 0.9306061729824847
0 20 14 27 84024 0.9284631593097123
11 11 23 26 94004 1.0265714016780036
7 19 22 2 105857 1.0234235539945018
6 16 16 24 60665 1.0910991759375686
12 18 1 4 66669 0.9875624584452531
19 22 2 20 70681 0.9148596192574746
14 17 3 4 73215 1.0123474459275017
3 11 2 29 58211 0.9214858274811478
24 8 26 22 51823 1.0836292887968335
3 22 17 3 93675 1.0640416725751767
24 3 0 2 98523 1.0180390321110815
21 25 15 3 114893 1.0043493444301983
21 27 13 8 98480 1.0752811500383483
27 14 10 1 79574 0.9221145289149901
1 13 19 16 86045 1.0068962903607765
24 25 0 17 102617 1.0395795777649974
11 29 7 18 38928 0.973196105575822
24 28 29 4 77720 0.9042866761419686
27 25 0 20 116355 0.9784529445043977
25 8 10 12 47159 0.9197026848587998
8 18 29 16 62036 1.0700765929848879
6 3 10 15 48682 1.0007460980442826
5 25 22 23 64389 1.0739911921481258
9 25 17 8 69701 0.9693892497808572
12 6 6 27 82260 0.9329344403031329
10 27 23 26 59173 1.0327893063579012
9 12 3 5 45150 1.0923740949341647
15 28 27 22 56263 1.0975923899424194
11 28 10 7 59498 0.984316208241726
20 7 19 29 112801 0.9660347642599588
0 4 15 0 71764 0.9323259010637317
2 19 17 2 92158 0.9681311710020875
14 0 17 19 88692 0.9939589904302987
17 25 10 9 68167 1.0546372138708264
22 21 21 7 81119 1.0693278933836528
3 6 20 2 79138 1.0726925960727565
22 28 29 12 65635 1.0549644106606613
22 28 8 0 121164 0.9790017758381624
20 20 28 0 75743 1.0531598244822804
25 6 27 27 71472 1.0846544885903475
10 18 27 16 57433 0.9441637954223618
27 11 11 16 64295 1.0177258363393171
19 23 4 12 75616 1.0072376187943097
6 3 14 28 94268 0.974030610155276
8 17 9 4 55768 0.9644816762422823
3 3 21 0 85850 1.0690533665865405
28 2 24 9 23953 0.9399803303561207
3 3 4 16 41906 1.0884834144137374
28 11 15 17 56276 1.0844755565963176
9 8 20 3 49411 0.9565622455865412
14 9 4 23 61750 1.0192060384314898
