1821 1738 3396 3625 1689 2394 2539 3517 3994 2866 3605 2363 1423 1394 3484 1395 4110 1630 2303 2456 3948 2569 2526 2386 2140 2318 2245 2736 3274
5992 5952 5035 4301 4595 6099 6421 5398 5597 4636 6533 4297 6443 5642 4751 6320 6609 6657 5208 5849 6400 6034 4135 5510 5513 4322 5313 4708 3866
5203 5317 5100 5950 4677 5728 6591 4190 5061 4456 5534 6001 6360 4174 4391 6396 4395 5506 4492 5598 6727 5003 4078 5255 4155 6328 6699 4706 4821
7110 7128 6534 6330 6884 5169 6474 5484 6298 6373 5757 5310 5258 6338 7389 7067 6082 5737 6017 6813 6496 7480 7550 7066 6663 5282 5653 6343 5185
3171 4412 5030 5455 4748 4580 3508 4526 4930 5066 4211 5027 5009 4415 5516 3909 4046 4756 4732 5683 5565 3593 5151 2977 5324 3640 3583 3079 3224
7828 7721 7707 7382 6644 7212 7888 6894 6837 5286 5851 7433 6897 6209 7866 5469 7673 7012 5360 7761 6600 6983 7351 6314 6529 7774 6895 6484 5858
5489 5706 5342 5794 5408 6617 6274 5379 5174 4957 5735 6948 4647 6654 6277 5890 6871 6516 6863 5887 6119 5159 6205 4980 6616 4871 6773 5761 4717
5633 3569 5303 3493 3541 4066 3911 3451 5784 3812 3508 5341 4938 3821 5625 4237 3729 4723 3816 4364 5569 4261 4470 4475 3863 3608 5818 5111 5260
5583 5063 5209 5663 5458 5253 7312 7281 5183 4941 6353 5014 7506 5777 6235 5430 5253 7107 6507 6392 6177 6545 6736 7065 5583 7333 7269 4837 5629
3699 4797 3304 4630 2552 2522 4914 3851 2483 2701 4503 4549 4416 2876 4479 2496 4498 3947 3718 3224 3812 2362 3915 3803 4127 2961 3748 4066 4030
4362 3213 2269 3961 3215 3582 3507 3167 3661 2971 2792 2768 1973 4561 3915 2385 2247 2898 4564 2439 2281 2426 2950 4390 3149 2443 2581 2084 3327
6766 5336 4304 4280 4965 6260 4943 6653 5305 6134 6202 6161 4746 5348 6101 5518 5833 4269 5924 5766 6640 4765 6707 4393 5104 5239 5809 4391 4216
5642 5699 5820 5949 3985 5672 4259 5939 5540 4288 5162 5490 3757 5942 4345 3499 4909 5789 6219 3449 5943 4336 5750 6063 4335 3665 5275 4811 3977
2210 2506 2386 2887 1652 2197 2108 3841 2901 1828 2452 2082 1615 3646 2517 3926 3299 1476 2091 2868 1791 2429 1480 3606 2702 2874 2199 4010 1610
3478 1781 2630 4284 1780 1671 2703 2685 2825 2809 2835 1927 3889 1878 1800 2075 2807 3832 4379 4265 3708 3703 1916 4178 3879 2336 3937 3383 3449
5017 5265 5838 6443 4834 6392 6747 6032 5780 5480 5088 6240 5405 5065 5295 7324 5525 7227 4892 6639 5854 7448 6289 5514 7249 6370 6329 6889 4900
5535 6640 8167 5544 7356 6122 7615 6191 5687 6901 6379 7852 7407 6559 7897 5785 8227 6152 8009 5515 6143 7929 7456 5696 8207 7019 5635 8075 6711
4818 4212 3514 5003 4946 5525 4878 5729 5274 5376 3813 4454 4126 5048 4592 5125 5293 4268 4259 4143 5723 5302 4071 3891 4999 5395 3593 4965 6206
3860 4504 5188 5399 5287 6021 5931 4698 3864 5396 5715 3989 3813 5477 4322 5499 5118 5459 4904 5164 3764 4839 6526 5789 6460 5351 4640 6283 6403
4915 5282 6323 4234 3953 4417 5591 3975 5441 6726 6432 6042 5667 4577 5441 4537 4741 5875 5359 4646 4435 4493 6100 4896 5428 6154 4590 4965 4347
4841 4882 4370 4709 5593 3382 4946 3953 4648 4976 5275 4180 3932 5553 3463 3965 5282 5039 4528 3816 2897 3567 3189 3087 3850 3508 5140 2805 3059
2790 3648 1718 2474 1279 1752 2516 1623 1333 2602 1466 2749 3052 2840 1279 1197 3791 2900 1255 3556 3690 2555 3003 3029 1525 2623 3034 3137 2896
1972 3398 2330 3458 3483 2776 3148 3564 1187 1106 3505 3525 2411 3724 3539 2904 3040 1950 1237 2810 2726 3449 2155 2431 3218 1133 1688 3393 2704
7383 7394 4907 5090 5356 5850 6060 7154 6330 4623 6116 5658 6210 7100 5614 5412 4687 5346 7038 6148 4720 6005 5284 5552 6147 6959 5902 7089 6903
7208 6454 6304 6201 5739 6657 7319 8038 8198 7890 6956 6270 6301 7624 7095 7420 5858 7010 7541 6751 5626 6942 5576 6171 6456 6099 7595 7826 7542
5903 5394 5288 7121 5634 4625 5960 4715 5039 4665 6643 6631 7100 5863 6114 6187 6078 6449 6585 5491 5410 6008 4943 6015 6034 6302 5696 5685 4740
4693 5924 4491 4563 3844 5005 3840 5222 6378 4221 5912 6077 6029 5756 5824 4971 6457 6520 6439 5391 4610 5360 5685 5146 6532 5363 4866 4991 6295
3603 3218 2885 4392 4177 1861 2561 4006 3232 2020 1976 3914 2987 2198 4220 3596 1785 2874 4020 2640 3972 3992 1850 4177 3394 2616 3487 3820 1801
2056 4183 2775 4069 4491 4434 2877 3568 4237 3858 3304 4074 3898 2367 3269 3744 2408 2846 4226 3517 3699 2415 3441 3149 2900 3008 2695 3692 2526
3806 4277 2567 4585 4329 3239 2597 2536 4545 3081 4350 2723 2179 1860 3149 2531 2436 3978 4466 3629 3662 3004 3753 3107 3034 3965 2105 2614 4279
6758 5504 3629 5132 5874 4991 4046 3227 3996 6702 3938 5122 6044 2425 4175 2680 4515 6294 3890 5675 4573 5772 5573 6459 6204 7787 6548 5240 5643 4369
7498 4821 5167 4293 5839 6393 3539 4257 5395 6505 3315 5159 6332 4240 4791 3644 3790 6765 3245 3864 3541 3936 5406 4180 4457 7718 8406 5481 6075 5636
5538 4837 3953 4264 4227 5965 4462 4039 5157 4474 3642 4681 4578 3019 5466 3276 3075 5096 3218 4914 2748 5015 4642 4428 6492 7821 6583 5427 5573 4646
4969 4653 3614 4643 6633 4894 4342 4293 4981 4686 2004 5760 4809 3928 2974 3625 3244 5289 3525 4410 3717 4060 3744 4243 6443 7277 8149 6060 7784 6402
6665 6264 3851 6134 6628 5465 4532 5051 4423 4262 3306 5787 5237 1678 5669 2914 3018 7057 3660 5544 4595 4968 4757 6481 5721 6176 8679 5882 6066 5705
5137 4742 5296 6512 4688 3699 5540 4380 3786 5351 2790 4114 5081 2830 3832 2491 1937 6576 3529 5586 4054 5131 4039 5146 4592 7404 6083 6545 6820 6432
6892 6121 3744 6072 4202 5156 3114 3127 6041 4830 3219 6361 6878 2922 3191 3165 2000 5363 3399 6340 5318 3171 4695 4877 4684 6821 8497 7113 6573 6343
6883 6676 4788 6679 5058 3837 4410 3554 4547 4835 3669 3902 6350 2771 3595 3650 3788 6860 3378 4476 4182 5955 4905 5642 3998 7824 7897 4723 5729 5825
6094 6575 5425 5591 5112 4332 3634 4292 4232 4891 4217 4012 6560 4174 4220 4381 4075 6039 5547 4455 3216 5771 4777 3958 5183 6934 6375 7264 7644 4903
6479 4596 3090 5009 6029 4536 4483 4010 5520 4504 2269 5418 5713 3203 4526 3065 1850 6273 4705 5621 2674 3884 5355 5135 4508 7890 7198 7104 7009 4938
7509 4650 4921 6911 5699 3973 4541 2786 4907 4908 4217 5340 6177 1945 4019 3161 3431 6149 4786 6288 4500 5698 3247 6685 6041 7355 6278 5245 7464 5084
5292 5802 3227 6114 4858 4344 3350 4782 4202 5361 3324 6181 4674 2690 4752 3969 3575 6889 4666 5554 3449 3745 3497 5101 4358 7108 6881 6992 7814 4384
5215 5680 5377 4363 5882 3899 4325 3752 5094 5967 2687 6145 5714 3189 4821 4099 2072 5683 4443 5012 3102 4738 3375 4725 4945 8023 6628 4857 6501 6826
4948 5358 3974 5450 4450 5342 4094 4417 3827 5138 3764 4864 5869 2586 3458 2308 4622 7327 5475 4213 3941 4473 3879 4219 4535 8543 7609 5281 7942 6196
4834 5002 3781 4947 5811 5652 3388 4755 3805 4046 2078 6291 4465 1786 5735 4458 3785 6833 4807 3660 4863 4273 5203 4244 6055 6863 7898 5392 5533 6918
6811 6734 4253 4937 4753 5461 5169 3123 3986 5286 4056 4279 5455 2382 5649 3751 4258 7089 4375 5498 3505 5608 2860 4524 4144 6369 8018 4908 7646 6427
5893 6359 3669 4497 5981 5607 3362 2675 4050 5473 2134 5023 7071 3501 4803 2079 2470 7117 4117 3628 3247 5142 3327 4971 3899 6594 7902 5375 7584 5087
6106 6842 5662 5382 5851 4391 3791 4261 4339 4173 3166 3723 4442 3351 3340 3925 4300 5996 5640 5274 3044 4489 5406 5258 5899 5972 6202 4810 6704 4704
6299 4394 3374 5726 5393 3650 3878 2465 3505 5814 4165 4976 5067 2382 5725 3125 3748 6189 5476 5377 4009 4783 3951 5117 5535 7608 6208 5644 6276 5852
5543 6434 3685 6895 6607 6382 3310 4813 4513 6112 3114 5140 6768 2747 4033 2946 2096 5700 3938 6158 3412 4563 4760 5428 5677 7725 6848 6538 7204 5753
7105 6566 3379 4501 6388 5607 3551 4608 5638 4089 3268 5625 4813 3571 4252 4661 3946 5458 4505 4401 3634 5495 4081 4865 4312 5793 6755 5095 7683 6959
4847 4391 5344 4776 4858 5127 4238 2636 6009 6416 1787 6296 4886 2858 3780 2204 3745 6369 5461 4792 2691 4356 3395 4073 5893 6451 7778 4623 7914 5770
6367 4158 5061 5114 4180 5239 4564 4199 4314 4799 3329 5452 6429 3101 3280 4235 2235 6420 5424 6080 2800 3465 4548 4164 5022 7973 8200 4948 6409 6233
5402 4485 3773 6900 6183 5118 4764 3418 5825 4679 2350 4100 5847 1713 3448 4486 2642 7662 4460 6097 3103 4514 4072 5783 4734 6663 8606 5988 6353 6552
7064 4540 4269 4244 5142 4130 4118 3935 5805 5368 2990 4694 5380 2838 3373 2028 1918 5171 5615 4516 5130 3330 4606 4228 4347 6284 7207 6098 6452 6580
5919 4539 5220 4903 5890 4067 3847 2719 5739 4040 2540 5115 4522 2979 4472 2970 3211 5939 4773 5165 5127 3303 3182 5359 4282 8119 6298 5249 6822 5941
4870 4935 5477 5301 5959 6189 5423 4061 4725 6186 1924 5616 4386 3500 4756 3630 2524 7346 3506 4470 4010 4907 5230 4925 4774 7564 8733 7029 7735 6696
6979 5778 5570 6816 5874 5143 4547 2822 5709 5581 2723 4235 7031 4089 4328 2590 3413 7178 4574 3545 3730 4244 3994 4501 6411 6847 6244 4677 5888 5892
5088 6599 5390 6875 4278 4781 5318 3802 4963 6388 1790 6237 5291 1703 5208 2844 2269 7844 4760 5969 3394 5440 4565 5300 4978 8110 7840 7029 7625 5431
17 14 16 28 69772 1.0293453514851647
2 28 16 0 135199 1.070736160985469
28 29 7 28 127433 1.0175685785952442
3 26 22 25 107924 0.9711682038182955
24 2 14 27 98470 1.092612146867679
21 29 6 20 81588 0.919607809049038
26 5 24 22 70920 0.9621368085792221
18 27 15 18 54678 1.0750397122411548
24 3 7 8 81573 1.0200229761776827
19 11 14 1 43948 1.0051576361091876
3 22 21 2 108425 0.9236121767660774
28 29 14 8 98170 0.9070256196903823
19 13 13 18 28089 0.9441864393944225
13 24 7 29 44594 1.0722158281597483
17 4 1 18 94117 0.972378150850921
0 27 4 15 43251 0.9388407635351463
0 12 25 19 94724 1.0275015667567546
23 26 19 1 76320 1.065377953994259
4 17 10 0 73016 1.0425547045979304
13 17 26 26 79822 1.037582120785201
14 7 24 23 73065 1.0551102826906795
25 12 20 7 33896 1.0920041840386268
26 13 4 16 68867 1.0976478960715925
1 12 18 9 69775 0.9325957509678678
18 15 0 3 87506 0.9148039336470226
27 9 11 10 48696 0.9231452641549146
25 2 12 14 70888 0.9971311027129521
2 18 14 6 70876 1.007337240825962
27 8 20 26 67360 1.0077641002816349
9 17 23 23 69454 0.9585366644343423
29 11 5 24 111693 1.0977818882020611
0 19 22 1 106239 1.0638424701953018
3 18 14 25 60691 1.0747804379581887
5 27 29 27 138527 0.9004403550809021
5 19 26 6 102185 1.0641240152325961
10 11 19 6 46552 1.0328209807788944
15 19 11 2 57570 1.0861060029881802
25 20 20 7 46564 0.9723434704854284
11 23 21 12 57944 1.0906613371203688
14 14 28 23 67793 0.9852521708903119
4 20 17 3 96525 0.9874797828619949
9 27 14 7 73572 1.0341104114003492
27 27 7 22 99180 0.9495610483599812
19 24 1 13 94906 1.048899111516219
8 19 3 0 98811 0.9115411051931922
2 19 6 4 79488 0.9972752115666739
28 14 12 25 81397 1.0766176941286958
5 9 1 26 68089 1.0092993223723608
2 15 12 17 39393 0.9093363600827652
2 7 23 26 117896 0.9488187900414647
27 16 19 18 31409 0.9884356561161951
11 13 27 0 82327 1.0534046829167671
0 3 15 6 69508 1.0135147278469645
7 19 2 2 80327 0.9146869966843296
20 12 23 26 48913 0.9224971499051686
8 1 24 29 129138 1.0678453817900952
28 17 10 13 57542 0.9529433910239398
7 20 21 9 70358 0.9872611264947266
7 4 12 11 43153 1.0512328529153092
8 10 17 19 53986 1.0642923155034132
5 26 7 1 120421 0.9829625245093668
4 8 19 23 98581 1.0714525432682918
29 21 24 15 34329 0.9720239550869563
6 18 24 1 99520 1.0446108545087178
10 9 29 19 78787 0.9894023643550512
20 17 27 2 61865 1.0493415920608682
8 8 5 21 66170 1.0410965222364885
19 14 0 21 80299 1.0749503282374275
7 4 8 20 66882 0.9179711481558072
24 11 2 22 108849 0.9673419048075698
11 8 20 17 54452 1.0659931367958588
9 21 11 2 67961 1.0612968064397832
6 7 15 10 38347 1.0115727027365995
13 15 8 28 60249 0.9846446842242846
29 13 19 0 61243 1.0305796874821485
20 7 7 26 99638 1.0157116240695436
24 1 24 29 93026 0.9100074944029802
26 28 17 22 59492 0.9841407542512133
3 17 0 8 37986 1.0544331307811416
0 25 20 10 97981 1.093952107823663
14 25 5 11 73809 1.0510607295636363
19 23 25 4 74268 1.0691232824715968
2 7 21 19 89748 1.0403785048078236
21 10 16 20 41431 1.0927907522514064
27 20 4 23 100418 1.0448512354366655
7 29 27 5 126162 0.9068679211424913
5 19 7 0 90773 1.04770209498405
1 2 10 0 46503 0.9144641440309845
16 27 14 7 69278 0.9764356508986185
29 20 3 16 92933 1.0794525859919426
12 1 21 4 44155 0.9608286952179617
8 7 26 17 78783 1.0202353471800802
3 28 21 3 133987 0.9779092116238991
10 25 1 18 54024 1.078438303912311
24 4 0 4 107196 0.9720743762694355
7 22 15 5 75902 0.9529892931891104
19 4 13 29 89978 0.9119266514331765
7 1 2 9 54024 0.9011054711141989
19 9 29 24 73630 0.9644563076115273
8 6 11 21 58373 1.0269554968862529
20 9 0 15 77494 1.0374199816053855
14 24 29 0 115469 1.0102149421390831
10 21 8 7 48419 0.9203461084072985
28 22 1 1 142727 1.093818430592576
20 15 16 4 54367 0.9957911816488291
7 27 16 18 68273 0.9635571178594029
21 29 14 1 93849 1.0603321993311827
15 12 23 17 39322 1.0701026763255088
0 16 9 14 35700 1.0902261122113415
21 5 13 12 40105 1.033386403087442
17 2 5 28 127098 1.0526409966986574
18 5 2 17 87776 1.0505615556397183
15 22 9 29 45063 0.9722879973306671
14 25 19 19 40698 1.0275452791137294
10 9 27 15 64041 1.0620213197974748
14 23 25 13 59795 1.0040555109931861
8 29 14 1 96569 1.0495973055977004
19 13 6 13 36882 0.9276443631594017
20 21 5 4 100352 0.9449037323851627
7 20 8 0 84430 0.9321149175053534
27 20 13 21 54307 0.9137285421317997
5 23 22 19 77203 1.0417647786899105
20 12 6 11 54925 0.9755316648528917
15 7 13 19 38503 0.9142189842644568
2 29 21 21 112065 0.9043739719673634
24 19 27 7 50979 0.980087505400983
13 13 28 21 62645 0.9656852687660785
12 1 15 24 73635 1.0490975922486427
27 7 2 9 89723 1.087630898374759
4 18 21 4 82552 1.0117600706952374
23 13 28 20 36093 1.0674485168933745
13 10 23 5 44552 0.9924420819154196
14 24 8 28 44789 1.0976960733204648
27 17 22 3 48998 1.057209560579483
29 25 3 3 148899 1.0845317845753744
8 12 14 18 36981 1.0019744746864698
4 16 28 18 79913 1.0609675133748047
24 12 9 17 59031 0.9726964736554374
15 10 1 23 83279 0.9879735441978031
8 11 6 20 49814 0.9684864957527024
2 4 26 1 115874 0.9751724699675545
16 23 28 27 69476 1.0862032609770387
17 27 2 22 80850 1.0525168879737041
23 10 20 3 23196 0.9779298002986045
20 28 23 7 63287 0.9791231170680933
26 28 2 4 154260 1.053497063718278
4 21 1 0 78644 0.9222402422067494
16 3 18 14 53349 1.0731709693862763
17 1 25 3 43064 1.0524405518161382
3 14 7 21 41555 0.9687520256893062
4 13 15 17 43051 1.0459934943443034
0 6 25 15 98699 1.0457985128347853
4 26 18 23 79707 0.9842150464631735
23 25 2 0 146089 0.9269801270973819
9 27 16 5 89059 1.0591623728064474
7 0 21 24 113380 0.9786840393564785
21 7 15 26 80145 1.0094694754198241
18 2 0 9 86602 0.9469594020089339
15 27 23 3 97856 0.9854546029789857
25 19 29 2 68267 1.0388462180943052
16 15 20 27 53989 1.0631674912004556
19 0 9 29 119392 1.0610996159393156
24 2 5 0 92859 1.0377925721253625
11 20 29 27 88330 0.9330442256534281
21 17 15 24 47931 1.091485211073683
15 27 12 12 54523 1.0819216846462936
29 24 9 13 86893 0.9125615966724343
26 28 6 17 113743 1.0121084275432082
14 18 3 1 89711 0.9018712565042293
26 18 2 9 96991 1.0676384999309778
7 23 13 0 82512 0.9531672881165993
13 25 14 12 35543 0.9866220001360442
19 29 11 15 77077 0.9142600654800438
14 5 28 8 57994 1.0779091288513916
27 1 27 21 62534 0.9208554221902003
12 6 8 28 87564 1.0767947187594085
2 25 18 28 100944 0.9874790957919892
29 9 1 10 86918 0.9350742753251488
28 13 10 22 74783 1.0718863343978728
16 2 25 16 58189 0.916423579424933
2 13 2 1 50139 0.9703476459122388
27 8 8 12 71748 1.0524749102496462
28 20 0 4 122350 1.0004058039184232
20 4 0 8 92695 0.956014325333245
1 10 11 16 50256 1.0040535463441433
5 20 22 0 102436 1.0335640450393082
0 6 16 13 66075 1.0856014564793697
23 27 25 18 41294 1.0551541636658521
7 17 27 23 89153 1.0570385201773782
4 10 16 17 59436 0.9167457270438452
17 21 10 3 79376 1.0724424351001378
26 22 24 8 62167 0.995157385372679
5 5 23 21 97716 1.0049436843631272
21 25 5 27 97561 0.9689933375666714
2 23 11 18 55953 0.9427197600122879
28 24 8 21 90200 0.9923466173335448
0 6 19 16 86221 1.0904749546232413
24 22 27 2 76326 1.0199979588153598
18 12 16 29 76721 1.0203888796697056
16 21 20 0 75973 1.031718220812965
11 23 19 6 74433 1.0857933451309143
29 6 26 23 61291 0.9191425005678097
5 13 5 23 55525 0.9279739389308373
4 5 22 24 106318 0.9458179076641073
22 11 17 5 32685 1.0835139762612092
22 0 7 5 73634 1.0708858674348978
27 1 2 0 120279 1.0567701055573049
9 15 16 24 46979 0.9739987971068974
2 0 11 2 49202 1.0026558041699078
7 29 18 10 90660 1.0001350698201354
16 5 28 1 67582 0.9185574831292674
8 25 19 29 76563 1.0038526322050552
7 8 13 2 37857 0.9872317525895922
8 1 12 16 65114 0.9446759649683139
22 29 7 25 88595 1.0357890387856907
13 7 5 27 96857 0.9273523860289673
12 28 29 21 90051 1.0516861355326244
20 11 7 7 57130 1.0364207909961096
26 4 17 6 43807 0.974584779974486
26 9 8 15 68865 1.02654432847848
9 23 20 29 72228 0.9144951270337931
19 9 4 21 90584 1.052747323778449
17 13 11 2 44808 1.0090174111878618
8 19 25 25 84648 0.962921164982773
28 27 22 19 46907 0.9711684635842918
7 25 8 1 99545 0.9560002257626263
14 6 17 22 58808 1.0178145560630771
28 2 9 13 85678 0.9781574822030871
16 16 1 16 48520 0.9894092710212599
26 29 0 4 152011 0.9550565781994506
11 9 0 1 66006 0.9736868511582017
27 6 14 27 95734 0.9095635629849234
0 1 13 10 68355 0.9265280223091944
8 5 17 18 66706 0.9515058499565512
18 17 14 11 31500 1.045446203864247
22 7 11 23 69803 1.0462385197797048
7 28 22 26 88914 1.0384539437256755
15 10 14 0 28724 0.9554173348731834
14 3 3 18 75393 1.0792647192183351
4 16 10 3 59126 0.9764260135544824
21 8 0 11 75882 1.0911309805302105
3 0 21 20 117344 1.0968484588833822
18 18 4 13 59131 1.0861821454644494
10 24 16 11 57711 1.09779024902264
3 25 28 13 123410 0.9757128789484218
1 21 22 16 92879 0.9908000295567357
28 29 14 6 103558 0.9966447614037313
1 9 8 15 46288 0.9636373391142645
0 1 23 25 134497 0.9378205647613904
17 7 28 6 42814 0.9560615565814192
6 24 22 28 86712 0.9260733196465241
15 15 22 0 57181 0.9526643531736202
3 4 12 21 92886 0.9525736124944462
21 19 7 19 58698 0.9993450068945994
23 26 7 21 82154 1.0868886214503315
4 13 8 7 37818 1.0522787657844104
8 16 12 10 31860 1.0187663265937108
27 13 28 4 32191 0.9981886653076921
11 2 27 2 69525 1.071066855894025
20 28 22 13 47035 0.9793567220555549
11 26 26 22 77441 1.0284674919221393
25 8 0 3 108990 1.0830380008691478
4 16 10 27 49036 0.950100238803281
28 3 13 3 71652 0.9507582589504346
5 15 16 10 48116 1.0596290775439918
1 28 11 2 113260 0.9599348570954425
24 13 9 24 73225 1.0380181594599531
6 1 18 10 71276 0.9479796838365867
14 9 11 23 46632 0.9052966147595239
27 17 3 6 100597 1.0428274515738916
19 16 10 14 38088 1.0354772109520307
29 17 20 18 35589 1.0237658650527715
3 21 0 13 34130 0.9659914491480758
11 22 10 11 35704 0.982572995132719
18 29 1 14 106718 0.9538702842766486
7 27 29 8 122349 1.0538950608295719
26 24 21 4 65616 0.9134628615182656
26 18 28 26 32508 1.08663123207635
14 13 24 0 64064 0.9836583802230863
25 11 13 4 57371 0.9756787580040097
24 3 4 12 90353 1.0827621599683428
20 29 29 7 84098 0.9311428468529064
5 2 0 23 77440 1.0995857029231677
3 28 3 8 83730 1.048581551668564
22 5 27 19 51105 1.024676261418877
9 3 9 22 64991 1.0875440568932053
28 14 6 29 120083 1.0518681274301587
24 28 8 2 121348 0.9662380184817232
1 12 12 16 50712 1.0612991117796446
27 25 2 17 110664 1.0557971565374555
4 28 29 15 128117 1.0150408124240748
26 4 0 1 120042 0.936735013420841
14 16 1 21 65211 0.9423517357074379
7 24 26 22 84418 0.9468113620674721
9 12 18 11 36851 0.9976401315488772
28 22 22 3 68376 0.9876151182855979
29 11 14 11 48599 1.0346777996145708
29 5 7 13 82976 1.0201826429287335
29 20 24 5 63880 0.9898770558520272
3 0 29 28 165804 1.0572391276151272
12 28 7 18 55520 0.9511453308077212
26 18 12 11 61904 0.9461235242724085
8 4 1 24 93633 1.0838108841460539
23 8 18 16 30767 1.0283304023841082
12 25 0 18 69499 1.062409427882977
3 11 21 29 104514 0.9220337801357249
25 13 25 28 66263 1.0986602597393265
23 15 15 11 40085 0.913311541305897
8 8 28 23 95543 1.0595557693192956
14 27 29 14 84991 1.0698441962969618
25 0 20 14 56781 1.0267136492955298
7 19 0 24 44339 0.9334732888494548
23 6 6 19 89654 1.0518396613422556
0 27 22 13 99082 0.9211143266175169
10 26 12 16 36793 1.0717307196754873
4 3 22 19 102950 0.9973810543308458
25 15 28 3 49278 1.0604518237286173
6 28 26 13 111746 0.9151696532236792
24 14 12 2 66942 1.0937465409076985
4 19 20 14 69261 1.0749186185870365
20 26 7 18 75422 0.9977458132692494
10 25 25 17 79084 0.909406962715629
11 25 13 7 58255 0.9326441636501784
14 12 17 19 33446 0.9787364209562249
10 1 8 28 97045 0.9991453454971239
18 12 12 2 48734 1.0605575505111013
6 4 6 28 114453 0.9618223769639189
19 4 8 21 90264 0.9916146778574875
6 11 0 21 50435 1.0756649124236946
26 10 4 10 68439 0.9976205004863341
9 28 27 1 128850 0.9358629853054787
18 15 16 27 62843 0.9974506374243243
8 28 12 13 64601 1.016363629244978
28 2 10 13 82475 0.9450407883200724
8 2 19 8 58941 1.0428586914450308
20 9 5 10 53845 0.9699931576679418
19 16 24 9 30996 0.9413973662546421
8 3 28 21 109515 1.0169049933165841
24 19 5 9 86578 1.0683401767583196
27 26 5 5 126338 1.074719431416941
15 3 25 1 50270 0.9185971259240991
18 24 8 16 58087 0.9040410722758159
2 20 29 2 135100 1.0253144923580106
5 29 13 7 98246 1.0734195536943334
18 23 1 4 115459 1.0608432328345607
6 14 25 27 99147 0.9097334836558163
25 20 13 28 64470 0.9426416546473638
12 25 24 19 63586 0.9154745066207876
17 21 19 3 68368 0.9461952454025959
9 4 19 25 100731 1.000441604821769
26 19 13 2 82995 1.0463300804273579
28 4 28 17 46074 1.0063247820205872
26 13 20 4 38249 1.090951559347474
14 26 11 0 81051 1.0517635829741385
2 27 8 7 91831 0.9772203469655909
8 18 19 17 52399 0.9094894966700364
21 27 11 8 78757 1.0540630167330467
12 22 24 28 67017 1.072644820790562
23 23 0 29 118651 0.9379291831609888
9 3 18 17 69549 0.9832806811473067
23 19 28 9 50136 1.0059816654937932
0 7 12 0 72711 0.9161186728674857
26 12 16 1 66691 0.9294592316540102
29 29 19 17 75024 1.000122716722849
7 5 19 6 50800 1.0721073500908578
19 5 28 16 51623 1.074155364748332
9 4 19 11 56064 1.094723225686179
14 0 14 25 72663 0.9525601765299738
23 27 28 6 76990 0.9422627935495056
25 29 8 8 109708 1.0581162580997971
9 26 28 2 124986 0.9716808570858817
9 25 15 1 86781 0.9853097197987661
0 29 23 4 129644 0.926077429487159
19 8 28 23 67548 1.0395800537646727
3 4 20 7 81427 1.006186697173222
3 9 12 24 77278 1.06902800561714
7 19 21 23 64390 1.0364281103324264
15 3 16 13 36523 0.920289870590283
12 12 16 1 47539 0.9923993123391153
8 1 0 12 69093 1.0089156213138526
4 8 7 1 40598 1.0200698078698616
8 23 28 28 102457 0.9975496022189551
25 19 29 2 68267 0.9479983174778304
4 3 5 18 73362 0.9043053283759522
11 18 28 21 72903 0.9256885060552809
20 22 13 26 40048 1.0736711264843761
8 22 25 7 90184 1.011172255684973
2 28 8 0 125457 1.0403429654523846
20 4 4 16 80138 1.041222319861862
0 28 9 16 60809 1.0515819820368462
21 26 25 16 34948 0.9078983074461655
12 25 5 13 61796 0.9367115822707094
14 21 7 7 60594 0.9146375559517467
7 17 19 4 80063 0.9399333139956745
2 21 23 22 91351 0.9823765378107486
9 25 4 0 110634 1.0061118865209522
29 18 12 14 63564 0.9301820939876739
23 25 17 2 78692 1.0870377609684216
9 7 6 0 42881 1.0345232231766617
12 21 21 22 40634 1.0675305003160849
12 19 14 5 43134 0.9351253595513984
22 11 24 25 52113 1.0170447139917032
25 18 26 0 68654 1.030443549589038
29 11 5 22 105043 1.076839095291404
7 24 11 4 81770 0.9780488771113398
17 25 9 10 69899 0.9039617374930357
6 25 24 6 112805 0.992921604241235
15 13 13 23 27132 1.0536062725996467
6 20 14 7 63057 1.025380316068376
23 16 29 20 28738 0.9281410182403845
7 22 18 20 47860 1.032300849018662
25 9 17 15 41164 0.961676333988766
27 24 29 1 79540 0.9344869678461322
25 7 14 5 44824 1.0464496402411192
24 0 8 6 79879 0.9942364398361976
8 19 2 28 68140 0.9938843169608329
25 29 17 11 80585 0.9907193129143319
21 10 4 14 59390 1.0852977321233914
19 27 16 7 79557 1.034964166788906
19 19 8 18 53469 1.056702542609712
12 8 0 11 51715 0.966300268396229
25 28 27 12 65771 1.0533994126760187
29 4 1 6 120459 0.913287841108093
24 1 16 13 54798 1.0854573223219508
18 18 5 24 73312 1.070416657315115
23 28 27 10 66887 0.9202431203979593
6 26 2 1 113376 0.997752599474807
17 4 13 16 49581 0.93614658462367
20 16 20 29 45866 1.020175110180297
24 2 10 21 89440 1.0344911887820518
5 9 6 22 69296 1.0666958367243105
26 3 24 28 97487 0.9677197076691242
13 18 28 27 81402 1.0510384727374193
16 9 3 6 62843 1.0409762388472763
4 14 18 6 65620 0.9241722127111694
3 18 19 6 87246 1.0920601303834736
0 20 9 18 38150 1.0328466350600551
26 19 1 5 123752 1.001291815189518
6 7 23 28 104640 1.0567506277464123
29 8 8 10 69518 0.9037557828420917
7 28 27 3 136120 0.9344658832299498
16 29 12 8 78037 1.039206875225044
9 8 28 13 66194 1.0445524142586091
25 2 12 3 56973 1.060682218561467
28 28 19 4 92211 1.0197987111650326
25 25 3 21 107070 0.915357200916816
19 17 8 11 53636 1.091869137471693
14 23 0 16 60023 1.03612435886007
3 9 27 17 88886 0.9195281709432314
24 0 10 19 92763 0.999795902790426
17 13 1 12 53287 0.9175790138405057
27 0 19 29 107131 0.9377726326194956
7 4 26 21 103549 1.0910136397120858
25 20 15 0 85999 0.9513279167649782
12 3 29 25 106826 1.053592234232519
10 6 24 9 61010 0.9184805489969101
27 0 24 27 99976 0.9732738659864626
10 17 27 0 95099 0.990222509583368
10 18 23 4 71265 1.0486170961406143
26 23 22 9 56122 1.089494834086927
6 11 26 2 94046 1.0697367553518233
15 0 8 23 86159 0.9209417503445044
15 9 20 24 65842 1.057616777952199
11 12 24 19 60396 0.9118244935799615
28 10 17 6 40247 0.9183855993600144
21 20 12 18 39057 0.9803578138060215
9 12 16 28 73853 0.978164059557294
13 2 25 8 60419 0.9345599794313044
21 29 13 13 64616 0.9161131530509297
27 19 10 22 69495 0.9699535600079603
0 26 28 24 133396 0.909490528923593
20 14 28 24 50756 1.0299444065646202
2 13 10 4 52161 0.9529091600923941
18 22 27 29 58970 0.985466400148963
16 16 22 20 29342 0.9541064027564576
22 14 8 10 50731 1.0294612803752892
1 16 22 21 80588 0.9596930754585244
25 20 24 1 68377 1.0683134058140993
17 4 3 22 105810 0.9709932248527514
21 22 28 2 75408 0.9490152481714311
21 2 6 7 66177 1.0112702576605748
22 3 0 11 90302 1.0322763664150096
3 13 24 24 90251 0.9269281123162577
0 16 0 2 37684 0.9266773061150263
29 28 24 2 101158 1.0711761505908355
15 10 13 28 51466 0.9374774876565862
29 4 19 2 52900 1.059229109996429
29 22 0 22 122001 1.0757072292278835
22 19 23 8 30949 1.0560417450856687
19 2 18 18 55311 1.020197466402315
24 6 8 14 67816 1.0377216171654657
3 9 24 7 79081 1.044996775589085
0 8 4 28 74442 0.9617295585036274
7 8 9 22 55301 1.0557244943860928
11 29 16 13 57725 0.9397424606975026
17 5 3 18 85102 0.9655550495455847
13 20 3 20 38807 1.0224639971980287
10 27 18 2 96901 0.9444271875244332
1 14 12 26 76195 1.0285674638015048
2 16 6 28 71334 1.041773336342169
20 9 1 15 78160 1.039112345721799
15 23 28 6 90653 1.0525149182487323
16 11 3 12 53560 0.9409857005332765
18 11 21 27 52779 0.9427904613775043
24 23 18 2 69377 0.9577683639218298
17 8 10 11 33417 1.0687203500932398
23 14 1 14 73482 1.0996604187038892
24 4 22 23 60021 0.9633374373517938
19 0 8 22 103546 0.9900599331053945
14 23 27 3 93721 0.9238555808166073
27 13 5 12 69916 0.9798614180958267
9 2 24 0 70172 0.9426862472113122
26 27 15 9 89831 1.0545356706322462
17 23 18 11 58977 0.9109139875716274
18 11 22 23 42930 0.9875339451387031
6 0 29 6 113472 1.0423259005264343
12 6 22 18 57509 1.0542534679548756
12 16 27 25 76276 1.0041205493832914
6 12 28 28 109486 1.0553243517331217
17 19 9 22 39277 0.9934278548640394
18 23 8 18 54587 1.0151947684193654
25 11 8 6 72924 1.0732343997034477
19 22 27 4 71720 1.047268389935496
18 6 3 24 111837 0.921375968499851
13 28 25 16 69269 1.0213004770076877
27 0 21 4 38491 1.0296713528279475
15 7 23 0 48062 0.9532957677339815
12 12 13 21 28560 1.0020916673841354
11 12 19 17 42266 1.0047621253089645
14 29 1 5 112966 0.9782244650686359
21 0 4 26 127697 1.098199446102523
0 9 4 27 67369 1.0366950883377877
28 0 9 5 93984 1.0913708254730063
5 24 14 4 87414 1.0947171354766745
14 15 25 24 63788 0.9925632568555287
8 15 16 13 28829 0.9978539399697928
9 20 17 27 51317 0.9619161875522628
19 20 0 29 96420 1.0114114977128974
10 16 28 19 66802 1.0580963377930814
11 27 24 20 67179 1.0902372499983206
19 10 7 2 65991 1.0383498251582253
22 15 10 25 67188 1.045614852439576
27 27 11 0 119876 0.9096555113911815
12 25 1 4 105227 1.0142678071766078
2 26 10 14 78350 0.9096258275853065
7 5 22 3 67942 1.0550793496525819
18 24 8 11 75168 1.0621276825521229
19 28 27 20 56697 1.0472509895684756
15 10 17 22 49864 1.0234602742872756
17 25 19 1 88904 0.9472301630586477
14 5 1 11 60807 1.0233967824101813
10 8 21 21 64803 1.0484727031916563
15 28 24 11 88990 0.9835825137899834
28 3 9 15 89570 0.9431595604335532
16 28 1 29 89855 0.9782478798186074
21 0 13 12 52014 1.097979759661765
26 18 10 13 59886 0.9716752164040819
21 0 26 17 54526 1.0895537423402821
29 4 20 26 86948 0.9277310567349318
29 19 2 21 111551 0.9721248714071996
4 9 2 24 64218 0.9119853116338671
7 22 15 11 61013 1.0055127636349468
17 28 15 6 85709 0.9362213765589337
29 24 6 24 108810 1.0767673417527464
3 5 9 22 83759 1.0004011703341318
21 23 22 13 28924 1.0679305926020837
14 18 11 0 56150 0.947395514840339
5 7 18 4 62732 1.014785084198687
20 16 2 10 69469 0.9858344686023386
16 5 14 21 57201 0.9748424299693981
24 7 5 28 127605 0.9567716400740213
17 27 25 14 69091 1.0745554749513075
11 4 27 21 90604 0.9803944117882974
7 12 27 8 72655 0.9679245445430184
15 4 28 29 112820 0.9129784240530058
24 18 10 10 61598 0.9057149492918087
13 11 21 6 36271 1.0911320385991228
24 27 11 4 99556 1.0899747260311867
4 28 3 2 104351 0.9286862834954345
1 11 15 5 66459 0.9457013231931577
6 17 20 3 82641 0.9038997020088809
2 9 23 12 78933 0.9111020866718168
12 24 28 25 80931 0.9707887237990341
27 5 22 10 26813 0.9489278271241797
17 28 9 21 55211 1.0251522965015047
25 0 24 12 62441 0.9787637676273511
6 3 8 18 73430 1.0937836448184979
2 3 8 29 122625 0.9519547683378815
26 27 2 2 152722 1.0704209112986653
2 4 27 23 134812 1.0178785190392938
29 12 26 21 35340 1.0568615372418126
16 8 6 20 68163 0.9554436208550132
22 10 15 29 84113 0.9764058822552807
12 11 7 24 62317 0.9776424655472724
0 5 25 18 112404 1.0576887028418214
4 17 16 28 78450 0.9747338642274882
4 14 19 18 67333 0.9396482583751408
15 6 5 9 49010 0.9984573958167494
21 0 16 13 44554 0.9875582129508103
19 3 16 28 103155 1.013627189514943
18 25 3 15 81436 1.041007412004171
29 6 1 25 138907 1.0385786672460267
29 3 9 4 96902 1.048185255328753
20 5 18 17 42498 0.9379804539870563
11 14 1 13 36058 0.9000200510105894
20 6 6 3 67216 0.9241387282448815
8 20 22 2 84215 1.025762382580197
28 20 16 11 61888 1.0505315060339933
21 23 12 7 66843 1.0881325417442325
24 10 18 18 40416 1.0595130223224785
16 25 6 16 61477 1.0438868212423111
29 16 29 6 29551 0.9335967453201599
14 9 8 2 43197 0.9055983051124445
14 19 24 2 73233 1.0126028020349116
20 15 27 12 28756 1.0599316882020298
24 8 10 11 52984 1.0364768346976447
29 28 24 14 63006 0.9830396966854268
16 27 4 21 69867 0.9120409502461495
15 13 18 5 43190 1.0367446811667747
2 1 20 14 102840 0.9739552318931721
14 15 21 0 52400 1.0004675783618082
3 29 26 12 134501 1.036316270225624
25 26 24 0 99642 0.922339128141524
16 10 11 21 44705 0.9992063806062815
16 15 1 28 91823 0.9836327716167971
16 27 14 4 75432 1.0358128576153531
18 27 13 0 93335 1.0918825511320784
4 4 9 24 91331 1.0960825470770676
11 0 20 26 103399 0.9120699316637865
24 25 17 14 59346 1.0970564739629418
5 27 20 23 90670 0.9161722322012326
27 6 8 20 90313 1.0992146538693641
8 13 18 17 43471 1.0974529944897833
18 6 12 10 32341 0.95756557889927
24 27 22 4 69064 1.08852967419813
28 6 24 20 59434 0.9085816417219664
12 13 28 18 55753 1.0450196086842338
16 13 2 17 50540 1.0659215706525367
24 17 28 6 47359 0.9028541078386475
3 10 21 10 57447 0.9422578045508736
1 16 12 9 57000 1.0047246071627245
5 3 18 13 75490 1.0328857580452206
2 8 27 13 89285 0.9710169176731447
3 12 0 2 45982 0.9000304161510095
20 29 28 19 58737 1.0974537287517148
8 14 26 18 70185 0.941439963886075
11 5 6 18 60819 1.0467083439765603
16 12 27 28 83177 1.0304713351469506
16 6 28 7 44198 0.9570845553383851
16 16 11 21 32673 0.9882460198552816
9 26 4 12 65602 1.0042010728708006
1 27 4 13 53756 1.045047681420723
1 21 7 6 73055 1.0191478008620072
29 15 10 6 78759 0.9042840672404802
21 5 8 25 93412 1.0988819956516207
21 29 13 5 83640 1.0085459098569216
16 7 2 18 76051 1.030416586344819
16 7 1 5 69979 1.0358759093047152
19 22 24 3 69312 0.993846406139559
20 0 20 27 77038 0.912547445199026
22 13 14 26 62280 1.0514536643704067
10 18 29 24 90729 0.9238071404848852
15 28 26 15 84696 0.9664432916442849
12 10 25 24 74104 0.9526163602907145
8 15 4 25 56669 0.9852803074102414
14 29 17 5 85660 0.9536472949172383
14 17 13 2 37095 1.0196386355614595
11 4 21 22 76785 0.905515403811202
4 7 18 17 75335 0.980421036578204
23 11 15 16 40380 1.0467666112674407
19 8 15 24 72173 0.9505808117298181
7 28 14 18 62752 1.0671489392864408
29 5 9 8 78857 1.048328273587355
28 23 20 14 47607 1.0028765755398406
16 15 3 27 93149 1.0293028477244854
3 28 28 27 146158 1.0359853592629042
28 27 1 19 127388 1.0851059139295323
5 6 14 22 74994 0.9323141886529115
25 10 2 28 128401 0.9208403192368335
2 19 3 6 55994 1.0467430136765492
5 22 22 1 107963 0.9706692362670701
4 27 27 13 119267 1.0183736257867735
2 16 20 0 97363 1.089542491695518
15 7 27 4 51512 1.0825345696522577
2 27 9 7 92151 1.019885471581095
10 25 4 5 85534 0.9462629601612653
26 16 18 28 61846 1.064747939658472
29 7 16 1 63740 0.957798405773494
21 21 14 27 48389 1.0174392757467288
26 17 9 22 77424 0.911489351005332
7 10 12 19 47479 1.0312176738095118
15 22 28 3 96790 1.0042728689741591
29 9 28 19 31622 1.0935216830470458
10 8 22 3 57419 0.930938504837607
9 26 19 9 83897 1.083461751118572
14 26 6 4 89888 1.0739173553946992
24 22 0 0 129183 0.9041218724589869
15 16 24 7 48662 0.9427282781835894
29 2 10 13 84309 0.9131158017160936
28 7 2 8 97606 1.0926409631345189
16 3 28 8 61208 0.973588398415836
8 27 10 10 64887 0.9996417580005503
16 20 4 1 102070 0.9570369182009193
18 10 3 10 46900 0.9094829877883557
10 26 27 3 111073 0.941886942061571
21 20 6 3 94496 0.9333112713400836
1 3 13 3 59065 0.9862510521817971
9 6 22 12 59150 1.0977630227093644
7 27 16 10 83088 1.01623081498089
14 10 0 1 72119 0.9739249788029141
6 9 20 16 62684 0.9120356617232095
0 3 21 6 92569 0.9554192720862321
8 21 1 5 82535 0.9707900245812703
22 6 18 21 49696 1.0203198047713602
14 10 1 10 42423 0.9911695572169301
7 4 16 25 96582 0.9084127705053108
25 9 2 15 85608 0.9846737350999752
21 18 0 4 97717 0.9767351728334319
27 2 6 10 89401 1.0248823506153661
15 14 12 25 42089 0.9654671967345302
12 28 9 14 54386 0.9563973701924274
8 9 0 12 36792 1.099027483657778
10 27 24 17 81970 0.9879629985959817
23 17 14 16 35270 1.0846832145318124
26 11 9 22 84539 0.9188137750271826
16 1 29 3 69080 1.07735613292628
11 4 17 18 59693 1.0696791784455382
6 23 17 19 56600 1.0149354043285257
12 3 4 12 58337 1.0633105711960944
1 29 4 11 68931 1.081057343246799
9 21 0 20 39756 1.0381105103177188
1 25 22 25 110980 1.0704351993382377
6 6 21 9 63872 0.955936772134943
23 1 16 26 101842 0.9330035104728482
28 7 25 22 58666 0.907800255230748
8 29 3 20 62809 1.031457559237956
16 25 27 22 62786 1.030197175244223
24 24 17 6 68486 0.9548289690252353
29 6 18 1 54870 0.962812066389792
8 12 21 18 56316 0.9357133716994046
11 27 14 8 62861 0.9894388682139971
27 23 5 26 113136 1.0555446979395393
14 16 6 21 44219 0.907361839787976
7 29 12 22 43334 0.9152083765205468
5 11 6 26 83276 1.0135847610806845
4 19 14 23 50247 1.0815716493564604
22 25 12 21 51833 1.0072947073086795
0 2 25 13 103241 1.0682802627498005
2 0 22 13 108919 1.07692417268764
21 10 14 1 44881 0.9169241567991064
27 5 25 17 44384 0.9484618153535139
24 25 4 12 97788 1.0223764050145527
28 0 4 28 163730 0.9827490414460044
15 24 23 11 71284 0.999924572637876
11 3 17 27 91900 0.9820084805636524
3 19 19 21 72227 0.9582286416767298
22 23 25 12 42286 1.0338036188719886
9 19 16 23 35191 0.9225695118290449
5 17 16 14 49819 0.9074760165296237
6 27 17 20 71326 1.0321380194537515
22 1 18 15 45454 0.9360526082011535
7 27 26 9 112507 0.9994968427999051
6 27 4 5 110815 1.0674213225546887
12 0 25 24 101148 1.0229012382204956
5 29 29 4 150097 0.9570949110173467
21 21 0 28 103882 0.9594253743998034
5 20 5 8 66318 0.9574569719668581
5 3 25 5 98645 1.0247681795478645
9 25 17 5 87077 0.9474862521283666
16 1 0 17 92837 1.097925891325242
27 7 21 16 36761 0.9849298633858357
27 2 5 27 149002 0.9742109229228666
0 7 3 28 72699 1.0854056444126625
28 4 14 16 70974 0.9741692191121833
8 6 5 26 97458 0.9201007126501313
21 27 22 17 27420 1.0090759279373327
23 29 7 16 89928 1.0411325432046783
7 13 24 23 76653 1.008077488713283
16 26 2 19 82680 0.9070871599812701
14 28 1 15 75679 1.0516747776474253
10 18 1 12 48851 0.9775504856311202
28 10 12 28 91025 0.9288927055220985
19 28 6 2 129800 1.03688532119246
19 5 7 2 63092 1.0624024933768752
17 1 4 22 108350 0.9558541594139228
3 17 27 9 88911 0.9975706153133386
25 0 19 20 73553 1.0554576983477753
28 24 5 10 103171 0.9980359441570895
2 22 21 18 85603 0.9470786433321986
18 19 21 26 32644 0.9109895097742741
11 5 4 28 106857 0.9857282511958783
6 1 10 23 86895 1.0705363182063454
26 13 14 20 54245 1.0079550758641793
5 6 25 28 126883 1.097708299835865
8 19 21 9 66602 1.0541469027452335
20 14 10 12 34085 0.9421195859663116
17 23 13 16 33294 0.9186548523184661
29 11 6 27 122819 0.9475617269127264
5 20 26 26 103882 1.0643603319767605
2 13 9 16 31173 1.0225861433282988
27 0 4 27 156420 0.9790662097047087
25 28 16 20 59444 1.0350599300616241
28 8 20 21 56354 0.9508285588570645
29 12 18 29 80955 0.9814603832784647
11 6 2 27 101876 1.0883279407140503
27 7 19 26 78214 1.093902501341191
5 28 7 8 102216 1.0472958242782748
26 11 4 16 80973 1.0019078156016925
22 2 21 29 70218 1.052975724301582
7 11 26 12 67721 0.9618465208218502
22 1 0 2 95898 0.9868220835636395
8 19 24 22 68545 0.9362120858715315
12 15 22 0 62380 0.9287628172985638
18 22 27 11 59517 0.988854074528023
26 1 0 6 117845 0.9907855342555172
2 25 18 16 93794 1.086822874811121
8 26 23 1 113777 1.0392614824317192
16 14 26 21 54514 0.9781493076459065
9 19 7 28 44697 0.978261244122697
28 29 10 0 133520 0.9384115978986615
3 9 16 2 69883 1.0047630615770833
27 14 6 29 115825 1.0063928628858947
8 26 16 6 87526 0.942621503724188
11 10 7 17 36053 0.9327038283763576
11 24 18 4 83775 1.05693059741805
24 22 21 13 32893 1.017099604255407
11 17 23 23 63177 1.047418111443673
7 6 0 26 79222 0.9761023557021652
27 23 16 27 65014 0.9643423431559359
0 22 25 21 102567 1.034816938266846
20 8 15 27 83960 1.0665845861185304
19 19 26 5 61848 1.0791175586664175
25 15 1 12 82410 1.0425441431665226
8 25 23 8 91980 0.9213639098437756
29 28 23 7 84247 1.076966100216725
17 22 6 25 57101 1.0619058189254262
17 0 20 29 94708 1.0084334505381665
14 21 26 28 74585 0.9577754537317386
29 15 12 1 84231 1.0441383146204228
27 29 0 8 137590 0.9188105742173364
21 6 15 15 39947 1.0677853312984715
23 5 15 24 83112 0.963668870117542
21 6 15 24 72379 1.0377193385783845
15 25 8 4 86167 1.0676052128359055
7 27 27 23 104787 0.904619875618177
2 6 9 9 39050 0.9044563771572709
11 20 25 16 54729 1.0038278106374008
12 20 2 22 48035 0.9062867001760355
26 3 23 11 43470 1.0706288869227554
5 8 24 23 100097 1.0997319513318546
14 6 26 25 93169 1.0668614458836805
3 16 9 29 62629 0.9111827045031038
25 25 29 7 73036 1.0395758171050262
17 8 8 20 62713 0.9721588956462021
22 28 29 22 44215 0.9905686497481816
14 11 1 24 81821 0.9929818293945591
27 12 4 9 81319 0.9104652880592716
1 26 21 13 100527 1.070259334594786
22 23 16 16 37672 0.9073486834053787
25 13 18 26 63487 1.039452413052489
23 20 20 7 38331 0.9976834689567333
24 22 7 29 92191 1.0906351274486448
29 26 2 15 121024 1.0942423149418181
5 13 2 6 41869 1.0931376570561762
20 28 13 18 59023 0.954429103833412
5 20 14 3 77549 1.063181626703353
21 7 4 24 102556 0.9692411453289785
14 20 27 8 68195 1.0197378207107572
23 9 12 5 50211 1.0600342551169624
28 3 26 23 72332 0.9941146341209535
1 27 13 15 78167 1.0300498815675363
3 13 12 19 50820 1.024314457041749
12 2 24 13 61304 0.9241691600438766
15 29 26 7 104241 0.9849056736303073
29 28 11 5 114851 1.0004817120626892
25 16 8 23 74560 1.059639228856294
22 1 18 21 62240 0.9095799799165986
27 16 20 4 46351 1.0993599624708001
26 19 21 25 38044 1.0053596874968154
25 17 29 23 38931 1.067507228732207
25 13 6 2 89337 0.9068662119803803
0 29 5 1 99364 0.9575902060408765
10 18 14 3 51543 1.0942991340444748
27 11 2 12 84905 1.0123141471207722
13 17 22 12 38200 0.9255585646490958
20 10 11 29 80921 0.9085991221305528
20 24 0 10 101903 0.9558369161153385
1 23 16 29 92794 1.000486188055941
10 25 17 19 44527 1.0500269643397224
24 6 0 24 116908 0.9464464631478084
27 10 9 27 98509 0.9252691170882329
17 2 1 7 75230 0.9535640212564355
2 1 10 3 41347 1.0401454081765036
21 4 16 19 55226 0.9313703828120279
28 12 24 18 34273 0.9174582367083653
14 7 28 12 55321 0.9521146031790442
16 17 25 8 57394 1.0364484980042152
27 10 17 10 28633 1.0699513092959911
18 24 24 6 71791 1.0754217459664837
25 2 5 0 97128 0.9153527410099009
18 5 22 14 36851 1.025031399809854
9 24 0 27 54477 0.9066344110939338
25 20 20 27 37551 0.9641546842655558
29 11 8 20 83990 1.065003026389004
1 5 27 27 145410 1.024087974586378
1 2 14 12 78772 0.9296161475336933
19 2 6 5 61715 0.9932929732566739
4 15 28 7 90868 0.9664615291220773
7 1 27 18 104902 0.9042487294604512
27 13 29 29 57364 1.0604767884997441
28 16 18 29 68967 1.078675880406367
2 27 9 2 110073 0.9660502917103582
1 5 24 10 96109 1.0661752385506587
12 8 7 21 61924 0.9845123979233414
14 0 4 25 110632 1.07399953756821
2 19 11 1 89295 0.9189128555753107
9 16 16 11 37226 1.081693237573648
1 18 1 1 54556 1.073682674926908
14 2 19 24 88515 1.0484397773158622
11 25 5 2 101379 1.080959443735814
19 13 27 2 53639 1.0472743520886238
10 8 24 24 82910 1.017315207420033
8 9 11 2 36690 0.9635804510750852
29 18 0 13 95007 0.9093082523318378
21 23 8 27 76470 1.074637259509125
28 23 24 29 41267 1.0137944782620636
14 25 28 22 68588 1.0921806050221052
22 5 15 9 38951 0.9576277065931785
15 20 26 0 90687 1.0887104214033618
21 5 25 18 45476 1.0520617316104943
23 2 10 8 64766 0.9606103780978036
9 8 2 20 67561 1.063411849963426
5 4 3 19 80017 0.9283463154998434
2 11 7 4 45060 0.9432298400750151
22 24 1 16 88623 0.9039485814507339
28 16 0 14 87718 1.0391655021827262
26 18 3 3 122061 0.9283861722770308
9 4 21 18 70962 0.92837707899693
4 15 27 9 80808 0.9944676374297626
24 4 28 21 71444 1.0760892669538487
8 18 14 9 45847 0.9797373613263611
3 23 14 9 83251 0.9306963694367805
16 20 27 26 58311 0.939479336419787
17 22 9 24 37236 0.9370265530617796
8 20 21 17 54307 1.0075398928485506
3 7 3 20 56925 1.093307784378705
21 7 15 28 83469 0.9083719867576208
6 9 24 7 69565 0.9310130475033511
6 13 18 2 68182 0.9976149219526752
4 1 18 26 133676 0.9398116122769061
2 18 15 24 65866 1.0397506766604245
10 18 17 11 40384 1.096029211629842
4 14 25 26 107421 0.9042558419325173
15 13 22 1 48537 1.0093551139266956
1 7 17 17 82582 1.0298804789267815
10 18 22 17 50233 0.9078428591245967
2 24 12 12 78444 1.017856784069095
6 7 16 12 50951 1.0483942861248354
26 14 13 9 49528 1.0638476847721765
19 18 19 8 41803 1.0202991862797426
15 23 23 2 86478 0.9855676414317605
3 29 16 28 79573 1.0467094035261142
15 7 4 28 107362 0.9854050668714005
20 1 5 20 100686 0.9498836163837944
1 10 19 28 117067 0.9404715238066184
19 26 10 10 84432 1.0315325499299874
23 19 17 26 53942 0.9035446699702292
10 9 3 19 55977 1.0399529731509394
20 26 22 1 70524 1.042008127702462
28 15 14 9 57177 1.0727013155814416
9 8 18 18 56539 0.9844069412966188
16 5 25 3 50424 1.0439013196201592
16 25 9 0 101757 1.072015533914311
6 13 1 8 36367 1.0957623374711827
22 29 11 20 61794 0.9400838872337492
2 19 18 12 70528 0.9620966036151282
14 29 9 11 66703 0.9685854223014523
27 29 13 18 84687 0.9414950441501362
0 11 11 17 49747 0.9700474697434668
4 19 9 10 50865 1.0037215934287682
14 19 3 12 53945 1.0697606819953018
7 25 16 23 49478 1.0583145436961878
25 1 0 10 104861 1.0786222975425184
15 16 27 17 38878 0.9722696294274256
29 4 9 18 95587 0.9549474197958103
0 25 2 13 37006 0.9026134386986762
2 2 22 12 100810 0.9476615235706948
24 20 14 17 46095 1.0133196402402072
6 21 0 5 68820 1.0933221703862837
14 25 29 22 73153 1.0498247963574139
15 21 15 0 69148 1.083760575896353
13 14 26 1 73381 1.04224119687575
11 17 8 8 38475 0.9431812903534803
1 1 8 21 93496 0.9786160773118877
8 18 26 28 102634 1.0849162708335327
1 20 22 0 115240 1.0687376487559404
27 14 21 19 31365 0.9999163841116594
6 13 14 1 52598 1.0806202684806658
27 9 15 27 91327 1.0978025288582287
16 16 8 19 39766 0.9478190451504677
