2661 2484 3002 2066 2184 2138 2417 2191 2161 2739 2671 2837 2804 2313 2077 2987 2298 1837 2964 2874 1853 2411 2645 3030 2546 2423 2150 2418 2559
2658 3564 3643 2755 3117 2835 3327 3447 2631 3494 2632 2879 3286 3629 3308 2608 2738 3227 3464 3637 2760 2587 3553 3067 3362 3624 3295 2931 3644
2489 1356 2290 2159 2081 1864 1471 1369 2547 2612 2211 1390 2278 2450 2576 1546 1819 2148 2219 2110 1593 2558 1673 2497 2510 2097 1718 2032 1872
4343 5048 4757 4547 4049 4354 5187 4800 4961 5301 5179 4854 4206 5288 5249 4103 4236 4893 4676 4110 4629 4383 4328 4531 4702 5127 4275 4978 5236
7080 7293 7255 7447 7298 7168 7112 7878 7395 6896 6926 7423 6850 7665 7499 7032 7734 7976 7199 7315 7440 7600 6940 7580 7017 6981 7578 7989 7658
2968 2804 3260 2815 3409 2755 3467 3472 3817 3221 3207 3358 3182 2922 2892 2828 3603 2888 3688 3793 3887 3098 3500 2774 3091 3370 2749 2834 3354
7434 7672 8162 7984 8479 7695 7514 7454 7613 8577 7716 8505 8228 7998 7514 8453 7436 7367 8247 7973 8353 8135 7753 8036 8395 8130 8053 8414 7970
5501 6379 5726 6103 6434 5632 6162 5707 5753 6558 5960 6412 5404 6062 6169 6555 5612 5942 6621 6576 5514 5429 6082 6509 6082 6618 6014 6071 5617
6698 7024 6935 6016 6784 5843 6951 5949 5817 6236 7015 5994 6846 6503 6366 6244 6170 6454 6688 6869 6712 6096 6612 6198 6524 6013 6058 6072 6253
6768 6337 6775 6536 6526 6057 6144 6309 6736 5952 6995 6516 6477 6431 6156 6515 6299 6937 6395 6323 5977 6390 6983 6288 6837 6393 6919 6830 6572
7659 7628 7205 8269 8202 7821 7815 7715 8170 8311 7871 7997 7953 7993 8166 7206 7946 8057 7926 7760 8335 7503 7623 7226 7651 7770 7699 7941 8275
7588 7583 7399 7668 7851 7809 8079 7817 8420 7570 7716 8202 7701 7772 7904 8279 7542 7760 7330 8106 8173 7989 8319 7578 7963 8339 7769 8046 8227
4721 5729 4779 5163 4862 5439 4893 5278 5071 5400 4684 5479 4649 4880 5001 5104 5483 5144 5068 5635 4714 4611 5268 5628 4904 5506 5784 5232 5578
6789 6686 6712 6880 6808 6792 7505 7746 7710 6908 6886 7637 7478 7686 7759 6679 6751 7040 7049 6776 7019 6687 7761 7374 6789 7501 6786 7066 7188
3599 3503 2421 2795 2878 3243 3164 2857 3593 3234 2927 2840 3085 3646 3129 3367 2649 3106 2621 3500 2664 3004 2773 2921 2932 3395 3494 2909 3151
7346 7569 7939 7202 7827 7256 7426 7119 7137 7106 7266 7960 7747 6734 6857 7738 7707 7487 7330 7384 7089 7609 7018 7904 7518 7290 6889 7188 7328
8219 8082 7662 7981 8172 7610 7752 7993 7635 7555 8065 7898 7261 8033 8201 7375 8134 7721 7736 7934 7536 8231 7482 7386 8142 7412 7671 7925 7378
5974 5400 5837 6106 5794 4928 5963 5771 5188 5291 5073 4934 5298 5303 4877 5831 5136 5452 5727 5418 5123 5726 6049 5889 5330 5735 5267 4901 5088
3956 4323 4243 4481 4860 4435 4493 4512 4741 5018 4869 3933 4338 4830 4350 5001 4490 3855 4564 4000 3995 4202 4294 4258 3989 3955 4649 4567 3882
5011 5275 5175 5540 4758 5253 5285 4951 5696 5477 4803 5567 5005 5783 5671 5557 5214 5471 4750 4602 5355 4886 5084 5658 4593 4810 5400 4684 4705
7259 6555 7158 7567 6617 7670 6786 7388 7130 7427 6957 7346 6736 7045 6645 6778 6646 7401 7400 7376 6741 7425 7525 7132 7373 6969 6801 6654 6603
2022 2469 2353 2474 1796 1329 1318 2029 2465 2415 1927 1525 1716 1653 1474 2455 2494 1859 2522 2002 1662 1471 1802 2515 2278 1503 2229 1554 2489
6186 5626 6440 5487 5782 5742 6259 5787 6637 5548 5867 5563 6506 6208 5894 5427 5729 5929 5974 6264 5420 6498 5916 6563 6069 5700 5479 6131 6511
5931 5185 5572 5653 5727 6177 5522 5708 5712 5675 5844 5465 5480 5488 6131 5243 5975 6171 6176 5332 6059 5508 5921 5785 6005 5620 5429 5442 6326
7877 7841 7003 7244 7620 7913 7275 7134 7060 7227 7617 7640 7522 8061 7574 7721 7062 7925 6984 7455 6939 8031 7429 7442 8081 7921 7656 7436 7615
4349 4838 3846 4566 4558 3887 3743 4320 3772 3897 4216 4426 4813 4093 4637 4078 4333 3882 4976 4549 4980 3791 4617 4443 4598 4748 3948 4054 4486
2305 2706 2202 3009 2799 2755 2763 2511 3015 2151 3117 2162 2704 3026 2211 2601 2209 3263 3017 2573 2411 2340 2740 3131 2813 2529 2864 2723 3257
7957 8000 8097 7900 7846 8840 8795 7984 7826 8461 8213 8613 8514 7795 8197 7609 8561 8823 8320 8636 7800 8609 7927 7599 8418 8112 8531 7731 8275
3993 4610 3712 4089 3928 4778 4040 4788 4227 4036 4345 3682 4187 3660 4483 4675 4346 4650 4051 4550 3949 3989 4287 3987 4741 4399 3924 3669 4448
5246 4879 4877 5353 5139 5452 5474 4774 5371 4888 5282 5659 5250 5493 5248 4871 4907 5159 5862 4681 5460 5032 4951 4799 5139 5395 4761 5185 4669
3181 6489 5928 4611 2424 2803 4702 2334 3154 6118 4891 3669 6785 2262 8170 4592 5398 2716 2770 8374 3520 3095 6010 4271 6264 4023 4033 2019 7998 5165
2505 5429 5606 3650 2745 2399 4496 1657 2852 6529 4790 3297 6985 2039 8177 5135 5124 2405 1894 8420 3077 2747 6151 5212 6163 4292 4278 2138 7790 4230
3040 6462 6414 3696 2997 3072 5351 2604 2390 5911 4546 4367 6499 2700 8252 5054 5917 2765 1850 7994 3377 2914 6269 4858 5941 4163 4294 1836 6861 4657
2493 6298 5403 3973 3123 2975 5490 1980 2267 6212 5093 3869 6669 2349 7721 5422 6012 2324 1874 7911 3262 2795 6203 5379 5687 4247 4506 1758 7490 4927
3428 5908 5366 3777 3296 2855 4415 1455 2824 5999 5054 3907 6989 1733 7976 4436 4943 2272 2850 7583 2521 3111 6059 4823 5793 4430 3746 2041 7312 5036
3318 6262 5269 4313 2905 3232 5442 1534 2342 6282 4155 3422 7184 1903 8777 5422 5121 1524 2855 7732 3248 2687 5622 5302 5699 3955 3615 2453 7247 4050
2526 5921 5685 4526 3252 2868 5523 1701 2956 6397 4136 3378 7038 1958 8777 5212 4870 2078 2295 8117 3251 2541 5798 5292 5935 4677 4769 2502 7770 4615
2829 5738 5383 3940 2437 3294 5253 1889 2354 6038 4177 4197 6346 1698 8480 4454 5132 2413 2533 7196 2648 3151 5537 5343 5737 3970 4711 1639 7526 4379
2653 6276 5241 4430 3566 2117 4843 2540 2004 6404 5058 3533 6679 2540 8029 5212 4986 2742 1666 8358 3684 2529 5964 4664 5674 3801 4792 2326 7235 4967
3168 6250 6073 4090 2666 2192 5190 2341 2318 5969 4316 3278 6719 2328 8583 5402 4937 1751 1976 7641 3351 2747 5545 4833 5526 4120 4377 1691 7472 4558
3100 6151 6342 3602 3106 2919 5055 1644 2033 6041 3968 4321 7173 2737 8345 5136 5993 1883 2316 8213 3079 3151 5755 4384 5626 3880 4184 1724 8076 4565
2456 5496 6402 4328 2515 2229 4631 2513 3180 5896 4727 4473 6399 2241 8621 4562 5326 2498 1759 7557 2952 2218 5833 5379 5534 3892 3802 1795 7004 4554
3308 6645 5209 4724 3594 2492 5132 1679 2261 6789 4097 3852 6226 2046 7768 4856 5680 1555 2843 7413 3677 2616 6538 4780 6158 4753 4238 2373 7570 4436
3085 5939 5643 4651 2977 2171 5116 1991 2201 6759 4172 3555 6766 1666 7634 4352 5955 2245 1970 7200 3004 2557 5702 4656 5996 4217 4608 2500 7520 4293
2381 5395 5675 4537 3262 3066 4954 1464 2346 6070 4937 3458 6128 2307 8499 5074 5204 1532 2651 7421 2851 2553 6423 4753 6608 4007 3686 2313 7047 4032
3275 6398 5444 4069 3281 2573 4608 2057 2029 5842 4883 4346 6531 2467 8808 5058 5829 1783 2460 7443 3417 2836 6125 4449 5458 4291 4035 2545 7671 5086
3500 5694 5293 4276 2463 3020 5130 2267 3256 5972 4787 3816 6426 1522 7826 5344 5624 1614 2469 8009 2685 2434 6434 5101 5664 4783 4336 2018 7621 4199
2503 5737 5471 4181 2495 2616 5467 1596 2878 6818 5151 4473 7169 1610 8026 4936 4968 2086 2470 7629 3545 2325 5408 4695 5866 4356 4712 1863 7569 4432
2679 6646 5458 4554 2442 2772 4437 1773 2332 7004 4253 4446 6572 2137 8403 5342 5039 2235 2138 8058 3186 3039 5576 4707 5698 4503 3872 2083 6949 4814
3022 6626 6368 3687 2952 2721 5591 1475 2696 6473 4175 3478 7075 2736 8422 4231 5172 2090 1891 7903 3745 3070 5551 4500 5709 3875 4207 1928 7212 4016
2610 6481 5460 4032 3497 2157 5314 2158 2157 6563 5042 3897 5995 1710 8340 5275 4915 2242 2350 7315 3175 2241 6114 4714 5564 4627 3744 1703 6998 4871
2394 6476 6018 4497 3447 2806 5486 1409 3202 6488 4449 4371 5947 2090 7760 4642 5765 1913 2823 8319 2740 2667 5877 4707 6279 4487 4445 2324 7818 4882
2778 5748 5796 3726 3363 2209 5243 2231 3209 6322 4281 4320 6366 2200 8492 5386 4817 2318 1717 8030 3387 2354 6365 5118 6320 4323 4682 2523 6940 4912
3431 6594 5182 3880 2977 2869 5069 1651 2512 5837 4864 3362 6541 1609 7702 4443 5644 1599 2137 7198 2967 3137 5607 4469 5934 4804 4297 2217 7371 5085
2588 6116 6419 4487 3393 3273 5132 2507 2217 6396 4501 3253 7099 2692 8490 4578 5072 1872 1783 7524 3110 3127 5844 4836 6355 3775 4580 1862 7146 4072
2714 5775 6388 4182 2921 2739 5581 2337 2072 6472 4267 3417 6373 2753 7651 4307 5613 2724 2460 8358 3586 2552 5935 5049 6108 4950 4251 2592 7566 4753
2606 5996 5435 4117 2531 2997 5229 2178 3139 6232 4942 3326 6366 2184 7640 4219 5384 1829 2860 7952 3299 3035 5830 4694 6202 3732 4753 1661 7731 4307
3159 6578 5695 4369 3285 2861 4746 2072 2696 5888 3967 4010 6215 2443 7638 5370 5650 1825 2764 8006 2734 2588 5403 5043 6339 4798 4677 1670 7020 5067
2460 6525 5835 3984 3413 3046 5317 1689 2279 6383 4680 3487 6048 2364 8592 5409 5859 1890 2569 7187 2520 2387 5628 4707 5930 4961 4563 2330 8063 5227
19 26 28 17 39645 0.9742114807556395
15 28 26 18 48232 1.0059404156738514
18 13 20 27 36205 0.9747807644722248
27 10 21 21 40390 1.0889905982085375
16 1 7 3 47476 0.9982141048584955
14 24 20 16 38575 1.0555781774274076
6 22 15 21 32198 0.9942943328318709
0 21 13 20 42077 0.9199671448825938
15 29 20 11 59602 0.9234380551962841
9 28 26 19 61985 1.0485807089289279
8 15 27 13 54444 0.9213590597882396
29 3 0 27 115080 0.9490116674607256
3 22 10 15 48341 1.0872932639284065
4 6 16 4 40105 1.0113006423648891
21 5 5 24 78699 0.9117718204458111
12 1 2 27 89363 0.951269123168879
2 18 17 0 77576 0.9129502553215125
6 22 25 2 101306 1.0278394560379565
11 23 0 7 74793 0.9076795132795986
28 8 16 9 40001 0.9746789713447631
13 5 6 18 60369 0.9601802602397506
28 22 21 28 36801 1.0249271501708632
18 29 26 7 64294 1.0696776533790016
27 18 18 20 28410 0.9899828736027898
19 18 29 18 23354 0.9386965326570504
15 22 14 8 49788 1.022940175509174
11 3 16 27 87728 0.9731168111347991
18 8 12 21 55955 1.000515888343072
24 2 11 12 66114 0.9824456519626225
27 0 26 21 58116 1.0443388811729724
14 18 23 23 35713 1.0722209248797534
20 27 6 28 37714 0.9904636538960887
16 25 12 6 71709 0.9591562136903824
27 8 4 29 98998 0.9535823104352177
29 25 3 15 90501 0.9895185950863171
10 1 29 29 120368 1.032008433469573
15 29 20 0 80912 0.9761837011329297
20 17 21 26 19856 0.9133283109015505
5 24 29 20 76868 1.0379033871399994
27 0 13 0 39566 0.9362050333570642
12 15 23 10 41980 0.9832123524603943
1 27 16 12 69586 1.0146172077817908
2 7 4 25 46516 0.9182773026301174
12 16 8 1 83304 0.9065007374492412
27 20 10 20 53421 0.9661257181005464
25 29 25 0 82414 0.97024235995082
19 0 4 27 94886 1.0969593209101658
4 9 19 4 54348 0.9824690971549135
4 12 1 2 37856 0.9349427992786392
25 18 13 3 59993 0.9163970420122939
27 22 13 8 66951 0.9692615304910517
15 18 19 26 37484 0.9643152392829202
19 15 6 0 80128 0.9336816746942972
18 12 0 26 73501 0.9304961121357187
9 24 21 24 50695 0.9505822862369426
19 29 4 21 60907 0.9960223272546642
4 11 14 13 29564 0.9617996979367494
17 17 4 23 49295 0.9140182567251759
22 2 0 26 99714 1.0764031418825717
22 6 15 16 46714 1.0452923449297584
22 27 5 27 35780 1.0702316735515107
3 13 24 8 56659 1.0910890872842633
21 15 12 21 35595 0.9706536690022808
4 15 11 0 68174 1.0814886399325832
23 21 6 1 88613 1.0731041342429184
29 8 28 22 52186 1.0478964587135362
20 16 13 9 43831 0.9947320227097844
2 6 9 0 32526 0.9375967025748476
16 18 4 12 47734 0.9710012615788899
28 13 14 12 33545 1.0415420335696397
18 1 21 19 50562 1.0412315139691446
11 13 28 22 58910 1.0612803827846937
16 21 23 3 56447 1.0533788121208483
22 6 2 24 79061 1.055944095496035
14 22 17 2 76159 0.9952845578503953
18 26 22 3 61004 1.087632403750587
10 15 9 6 58139 1.0022438721804314
3 13 17 11 39727 1.0711507755594345
19 26 2 15 65348 0.9239651693940226
29 1 6 9 83704 0.9725907027392918
25 15 23 2 50110 1.0146431212816591
10 16 18 24 50920 1.099125977613738
20 8 7 16 54562 1.0758702856638533
26 1 15 27 78505 1.05756819459214
22 8 12 21 51972 1.065125656215378
20 9 3 28 84298 1.043415199371796
11 10 6 25 77863 1.0073718139567838
29 23 14 24 59026 1.0321479418779624
10 26 25 22 57418 0.9906370806344675
20 0 26 20 54893 0.9191213087284037
29 22 17 1 84524 1.0460867090019084
2 26 25 8 88254 0.9413794135826652
16 29 10 10 84195 1.0272213192449846
19 16 15 8 41065 0.9248199148422634
16 24 3 14 69528 0.9209300558761526
28 9 18 9 35200 1.0863631913303402
27 18 5 1 84924 1.0448032287743279
16 22 10 2 92992 1.0808745081274227
4 13 7 26 51167 1.0625456366994441
8 10 27 29 97626 0.9173421196535142
17 11 28 26 65117 1.0561523582625894
23 11 7 21 64450 0.9087051497651202
12 29 4 27 26981 0.9193843508860747
15 13 10 1 62054 1.055348515488706
11 5 21 6 27146 1.0814413885243226
14 26 23 15 52767 0.9923028744611697
17 21 10 28 42675 1.0951387541567164
1 13 27 23 80616 0.9684339703541882
16 8 5 15 44985 1.0308621589765776
19 2 26 6 32709 1.0633104917810885
29 13 16 4 48704 1.0990235063191884
6 24 0 11 50294 0.9850301254397672
7 10 19 21 68953 0.9702182867794527
18 5 0 13 56891 1.020632481856891
9 1 29 28 117976 0.9880217532250388
20 13 5 24 65685 1.015394465903742
29 28 20 24 33938 1.093924949135669
18 24 11 2 93847 0.9199602802081527
2 7 11 20 55696 1.0284867727531624
10 11 3 16 43070 1.0782171755264738
4 25 28 19 82584 0.9773564877309793
12 21 14 9 41941 1.0414946554522932
6 1 22 27 97714 0.9741278912337121
28 4 13 25 85741 0.969160086608954
13 24 11 3 83259 0.9927239999363907
17 9 1 8 43768 1.0152161066328007
10 4 26 19 70216 0.9353293713692641
22 22 1 28 60364 0.9192228860596209
5 21 11 5 66547 0.95672257886117
27 27 25 7 57386 0.9035600142411393
14 5 22 23 55375 1.0698900633941022
7 12 24 1 77467 1.0930758036331147
5 26 24 9 89534 1.0414172361797853
14 1 8 28 98222 1.0911775126162524
27 0 0 15 88031 0.9144162985917518
25 26 4 10 89200 1.071676000504547
18 28 4 23 49116 1.0144746323771412
20 23 2 9 72546 1.036840542099665
5 12 6 23 41583 1.0808827914674615
8 23 22 3 85566 0.9754725064116347
15 0 14 29 91781 1.0604149915110401
20 27 14 13 44111 0.9252452330810844
3 24 12 8 64836 0.9101950843881831
5 21 18 17 39960 1.0816404582924215
29 22 3 26 80207 0.9375163728582729
26 15 20 20 24794 0.9924029924476453
2 21 22 17 49568 1.0196367872964933
25 1 15 0 33129 0.9171070005042562
3 11 20 12 51774 1.0360352337494851
15 12 7 3 57430 1.0064710438551454
23 19 29 25 41921 0.9871993654524872
29 26 26 9 58284 1.0684780339133069
28 15 16 16 41502 0.9203948267475878
13 20 21 25 32232 0.9425229011814612
28 23 2 1 102714 1.048169686435369
21 8 3 8 40886 1.0128256568316112
8 6 2 11 26853 1.0617124300397367
27 3 17 7 32580 0.9937389838313585
29 16 9 12 60937 0.9058687331809226
29 10 0 10 78762 1.0617575527790768
15 10 4 15 43156 0.9557753821227344
28 21 18 7 51962 0.9907152404241626
3 21 21 10 63813 1.0061944864287131
14 19 11 9 46935 1.0870558943851079
29 2 8 26 110134 0.9933105090953885
28 18 14 5 57753 0.9062224882033459
6 0 29 3 76683 0.9331998549916432
17 24 25 14 55765 0.9837652872582101
20 1 23 15 43452 1.021528114479748
25 15 22 24 36225 0.9312768931139017
21 14 16 28 43786 0.9558680833736914
16 10 15 29 71965 0.9209631200117472
21 7 1 20 67013 1.005968665384159
25 19 16 5 51381 1.0745960545451387
26 28 9 6 83339 1.0960116038428718
4 26 28 11 91416 0.9991849164754957
8 23 15 13 55515 0.9454335297821193
4 15 29 18 64110 0.9982838112700727
10 26 27 26 49679 1.039693375573449
21 18 3 26 59514 0.9720531296534687
2 3 14 21 66093 0.9951306876713135
26 21 21 11 32097 0.9862621505604576
19 2 11 28 88974 0.9292796902692309
23 0 7 13 60755 0.9580420093769552
10 0 21 6 44362 0.9084706640023006
21 9 10 24 72972 0.98578691929841
23 10 18 19 34776 1.003836127521807
16 0 6 8 49423 0.9893693642867802
10 10 17 14 37415 0.9829088768709541
7 21 26 3 86056 1.01616356647883
21 19 29 24 40293 0.9001393970350123
13 21 2 20 32053 1.0918537144046936
1 0 25 28 105852 0.9001390597940319
6 15 18 15 47048 0.9662488061518115
5 29 10 21 38425 0.920992567623708
17 4 4 6 42568 1.057227360373372
8 28 27 11 80389 0.938192605841389
5 12 8 29 64032 0.9217051236837602
16 2 3 12 66119 0.9792708310756104
14 20 25 7 50760 0.9349234317721813
3 20 20 12 63659 0.9853875491657405
3 25 16 10 74433 0.9408220061108212
15 23 27 20 48575 1.009772304539616
6 9 19 13 48410 0.9803905518667055
9 20 6 11 45407 1.094163251015377
23 17 13 2 57318 1.0966464984157658
8 0 17 6 46553 0.922823295076675
23 27 13 23 36698 0.9020356468999499
22 20 1 2 80496 1.0195678893377562
11 2 25 19 79993 0.9109120507799399
8 13 14 8 29237 1.0603024761538506
7 22 10 12 55538 0.9321457143694438
19 16 5 18 36041 0.9096140527019654
8 3 19 29 99043 1.0196568890176265
2 6 5 19 34679 1.0895993859598996
3 11 23 8 58207 1.0182356011060758
17 28 7 4 95012 1.061488293088746
19 10 12 15 38892 1.0356236067289684
7 7 20 18 51749 1.0308522868849719
0 3 12 16 61182 1.0291832333934123
22 28 23 19 33374 0.9032304569956733
5 24 21 21 52067 1.0173619134828809
23 17 18 26 33668 1.0530776745162873
20 19 22 5 37215 0.9081163462299785
9 16 20 17 27571 0.9599526525751725
18 23 3 4 85575 1.0955068872728337
18 29 2 12 73618 1.0420963440496416
17 29 24 5 68093 0.9167535506636443
21 4 15 8 21820 0.9751419287173692
24 7 4 8 42209 1.0991679082435142
4 28 24 3 102502 0.9930141882448666
21 4 0 17 67023 0.951487406367749
23 8 13 28 68397 0.9550596367809865
26 23 22 11 41548 0.9846544891944806
4 11 16 29 81234 0.9136203787156302
12 21 8 11 56253 0.9832902895592789
24 25 8 12 72694 0.9009256656911727
8 3 15 11 49396 1.0280673128633364
12 9 4 22 70547 0.9221691670265624
21 7 12 29 69238 0.9853329197154506
28 23 2 15 77676 1.0552612768009104
16 25 24 13 52230 0.9132219073013598
7 7 24 1 57628 1.0006776804518824
19 21 21 8 31480 1.0947870895298808
23 19 25 1 62029 0.975576836977061
6 3 7 19 63251 0.9720373158222984
26 7 3 7 44192 1.0134603272376084
18 17 8 17 19689 0.946127542080929
16 5 20 26 57444 1.0671811377396505
0 17 18 29 67302 1.0388480503105033
17 17 5 8 52648 1.021237613392821
27 10 16 2 55576 0.9430054993350405
26 7 13 17 46115 1.0723889810430898
13 26 13 15 41892 0.9347096537534274
11 5 27 19 69990 0.9180324337834548
28 9 0 27 103094 1.025800296853122
28 10 4 3 73566 0.946034333648377
1 10 22 10 58365 1.079866396474621
11 26 9 14 68466 1.0876320414570904
24 29 14 29 39435 0.9640281783681489
3 2 3 21 47810 0.919218491745504
13 0 4 29 101438 0.9479122468675983
18 14 6 15 43089 1.0963217570418757
15 18 24 8 42684 1.0858343563984718
21 21 9 4 65131 1.0395462773818953
10 25 16 1 101387 0.9781525239612311
29 19 23 24 40864 0.9560726398400684
26 16 28 26 36456 0.9492142005839409
24 19 25 28 39625 1.0914161573735273
12 27 5 3 79333 1.0513474027418184
20 10 7 9 49702 0.9054279936906751
12 8 22 0 36264 0.9366568814134021
2 9 10 21 47427 1.04204224534795
12 15 29 5 64716 0.9749501492432529
21 23 8 10 67296 0.9348161783509517
25 4 14 6 33577 1.0721208652278662
27 13 14 6 41559 0.9945475459859708
8 18 2 28 35264 1.0585087273606442
23 13 16 10 32575 1.0428486295549646
26 16 28 6 31788 1.0124230377117929
21 12 27 17 22047 1.0781462418568548
11 17 26 17 30306 0.9035335021770801
28 9 24 23 56859 0.9961349473089398
9 4 1 12 41907 0.9431906957736896
5 28 3 6 57212 1.0154825182319576
8 10 5 1 41488 0.9585940120590867
12 5 15 17 43929 1.0941070342750319
6 6 2 23 48047 0.9237829338173744
26 12 0 15 63127 0.9990177518076823
28 0 14 19 72893 1.0966400384526898
4 26 20 16 67203 0.9967501774266687
20 29 12 24 44130 1.0441453577934083
17 3 9 7 34565 0.9761365445789866
12 6 20 11 34086 0.907915251736285
21 9 7 8 36492 0.9092637788789372
25 17 1 17 49739 1.0292450438964726
4 13 27 23 73969 1.0249143997428556
28 6 20 16 40999 0.9179676018059866
2 1 4 26 60224 1.0089775176305493
19 27 10 23 42763 0.9801737465017547
27 29 1 19 82256 1.0970413895342541
4 18 29 18 58605 1.0183709641942267
19 22 2 16 57612 1.0094427010076885
4 17 9 7 39590 1.0419918998778224
29 17 5 14 57564 1.09404218030026
24 0 3 10 70099 1.0027534568366716
25 11 20 17 28148 1.068030256717793
4 19 16 7 61261 0.9667856297738973
3 0 11 12 56804 1.0280105480730932
17 24 4 9 87279 1.077176607953476
6 0 1 20 56341 1.000127407034286
29 6 24 24 69058 1.0505058428621257
1 14 22 6 61540 1.0542093225727875
11 5 9 25 89009 1.073096960598619
4 23 3 10 41354 0.9933420597134812
26 16 15 19 35602 1.0247151492177613
18 20 1 27 59438 0.9200650595240681
3 25 25 9 94092 1.06881591316513
26 0 9 13 65250 0.9371030756634133
18 1 19 12 47556 0.9482583194683115
19 25 13 8 62614 0.9802912276724735
18 20 29 16 37366 0.9434161606670419
18 5 28 14 42005 0.9764207126387279
27 28 22 20 37110 0.966850731944058
11 4 29 29 98190 0.9148046320790099
29 6 20 11 34281 0.9613951232934113
2 16 18 5 59162 0.9640479362029193
29 19 0 18 72855 1.0871932223676606
13 22 17 7 57712 1.0122016907524014
15 5 8 23 81217 1.071093829775391
24 21 25 0 61308 0.9978597293689868
12 1 9 25 106298 0.9515825906852924
5 22 22 7 71187 1.0825446998996
1 4 5 25 58312 1.0381342528379034
2 26 15 23 43851 0.9491266831005454
7 26 27 3 100089 1.0972090599877287
12 23 26 20 49798 1.0733948465957412
5 22 21 29 52983 1.0176087401663765
28 25 12 7 76947 0.9770274130076619
14 19 29 19 44025 0.938411504082588
17 1 14 19 70011 1.0473845970007802
15 14 15 25 45172 1.0855439893523005
22 4 0 24 87347 0.9562470875523069
8 17 2 9 30258 0.9947638141683273
1 23 21 18 58025 0.9075771013337336
25 26 18 0 74942 1.0269685009004883
25 15 10 19 49615 1.0935536521073044
0 18 18 10 62148 1.0742615525304857
0 2 27 26 111445 0.9927808568305936
1 23 2 4 43171 0.9440873691326616
21 5 1 22 73510 1.0177331336149331
22 2 18 22 56038 1.068777215485416
3 5 13 6 33965 1.0634701560996085
4 11 9 16 37648 1.082063709311676
19 19 0 6 71014 1.0291093449827677
18 19 3 17 38719 0.9572429479485851
15 19 5 18 30194 0.968015038431929
14 4 28 4 42309 1.058385773740688
3 3 16 27 82688 1.0918760538210976
12 24 13 12 54506 0.992467539936626
7 6 16 19 68039 1.0045098840830375
2 7 27 14 70061 1.0257879623103223
4 24 14 11 66641 1.0557719680359159
23 3 23 14 36995 0.991146283571652
26 0 2 26 104530 1.0888273527050298
29 1 24 29 100055 1.0679046010484203
27 11 9 27 71991 1.0165086797522402
17 11 3 6 50685 0.979164433843104
13 14 20 9 37987 0.9290989203827338
11 20 0 27 47224 1.0398729489808187
7 23 0 20 33254 0.9245002559651518
20 11 19 22 33456 0.9951031257680972
9 10 6 23 65674 0.9007733549208591
1 18 15 23 47996 1.0501525736118693
18 15 29 25 61353 1.056236524866191
9 0 15 7 38184 1.0664880340624607
15 10 14 20 35807 0.9477333314375692
4 0 23 12 77375 0.9081209343841877
21 4 16 28 61959 0.9058178873435401
11 23 19 19 42362 1.0555142862187026
11 21 14 11 37998 0.9033926566180414
26 17 14 24 44597 0.9560136427366771
25 7 23 24 54383 1.0578325257983099
18 4 13 11 36952 0.9384177207039006
21 23 7 15 52154 1.0752353951870435
10 24 25 26 58609 1.0137688502295883
11 2 24 0 51818 1.099686224025623
20 16 13 11 34466 1.0915170748636824
22 14 11 7 39348 0.9259090607278371
24 8 23 24 53479 0.9234478541297071
23 15 17 29 52386 1.030935607973886
23 24 18 0 68657 1.0197653639038111
23 16 5 18 45365 1.0789890248466256
16 23 16 5 70243 0.9218344407485332
27 3 24 27 72638 0.9491573133615786
29 21 19 20 30429 0.9484036037274868
23 0 15 29 83474 0.9427220491550948
18 13 1 1 62862 1.098663539641022
28 22 12 22 51731 1.0027937774633668
1 20 14 22 40691 1.0293650975806594
10 23 12 3 89052 1.0606213877540869
26 8 6 10 57933 1.0798763173710495
21 10 26 16 24350 0.9179124595574558
20 21 23 4 41692 1.056096279890976
18 4 2 12 54786 0.9307939714807698
16 26 10 10 73244 0.9268862115549252
10 0 20 0 29309 1.0642172106066943
27 1 11 2 65421 0.9216709553992009
17 7 2 16 48638 0.9013252446555817
6 2 16 22 95645 0.9926884820777311
4 25 9 6 66363 0.9679408262876555
14 7 1 13 38317 0.9145684636604859
5 6 5 24 56566 0.9842884588582648
1 5 15 24 79558 0.9061114248850444
25 18 1 13 60381 1.0831910235128974
19 10 14 26 60251 1.0120046771876876
27 11 6 13 51239 1.0683291333127711
7 1 9 26 97411 0.9303809229784841
13 20 5 8 59950 0.9936037966702292
23 1 13 24 84283 1.0583721181045498
18 27 28 9 65560 1.0789201004952282
10 3 12 11 48720 1.002248826767149
16 16 8 20 40423 0.9064125235032082
26 3 12 17 58996 0.9536884785798123
5 24 7 11 49213 0.9726916657276361
0 9 18 7 39598 1.0231869504066458
4 15 19 10 54666 0.9571931574652183
12 20 10 5 63453 0.9702325375354136
23 29 14 1 84627 1.0498601091454451
27 19 21 15 28697 1.0418915252369731
28 25 8 7 85985 1.080145357137604
4 2 18 3 54441 1.0839677956421823
0 14 14 3 54972 1.0250188803446272
21 19 7 23 52642 0.9704835280592579
2 21 5 2 49775 0.9372598664600114
20 20 8 17 35814 1.008614971681014
12 11 19 26 61462 1.0895278971025568
16 3 28 14 57919 0.9970419159682948
12 10 29 6 52128 1.0689268380495323
1 13 6 22 36040 0.901662405207107
3 15 13 24 58209 0.9762169453305423
9 22 4 27 37921 1.0231737472918923
21 2 7 16 63704 0.9662312140596755
25 11 0 9 69007 1.0181865279757347
5 29 25 0 104592 1.0141787994943623
5 15 5 5 32293 1.0317293512291825
16 13 0 15 39364 1.0339303714027612
14 5 24 22 63531 0.96882681812847
28 22 6 13 70171 1.0733617908239688
28 21 5 6 80645 1.027429190835632
19 16 8 5 61063 1.0612714998632198
19 4 8 0 44031 1.0567241471041213
29 9 4 18 82830 1.0974350382035016
0 15 22 0 73914 1.0090043594420894
18 28 13 22 34523 0.9584862500682891
27 29 6 21 73611 1.0212819165666347
24 28 14 28 31862 0.9357811525844781
23 8 29 13 26941 0.935585720872055
14 11 22 9 34485 0.9030596874770488
24 17 9 9 60359 1.0650272317826135
22 4 23 28 58175 1.0420409429727824
5 5 24 25 86722 1.0731191270500045
15 21 6 20 30287 1.0037786243096576
20 27 6 25 41827 1.0113286287070669
14 21 9 16 28122 1.0030192149786004
15 16 29 17 35727 1.0150409480175702
0 28 22 8 86835 1.0843704762120874
7 25 19 23 56977 0.9867377722512499
20 26 3 23 57869 1.0799633301979958
16 17 22 13 20433 1.008632631822568
8 28 14 3 92298 1.0792856552009351
21 28 21 7 41550 1.0982407024914569
10 21 9 8 62896 1.0249124913748444
28 9 19 0 42101 1.0120287843771614
25 20 15 27 37804 1.0622755946666145
0 24 4 14 43103 0.9296678849207606
1 9 28 27 95806 1.036785633088878
5 24 7 7 56334 1.0003302466398287
10 29 10 14 83792 0.9361315429328415
3 0 17 19 79706 1.0570180962291362
20 29 16 15 53721 1.0110581726843135
11 28 28 18 63695 0.9379890886636866
12 21 27 29 57274 0.9582813833084265
11 2 23 20 77208 0.9886459381679623
21 16 2 19 46446 1.058186676423344
23 1 12 17 61498 0.9463588193071262
5 4 6 13 31791 0.9430244297163257
19 3 7 29 94821 1.069953552464702
18 7 0 5 39792 1.0306395814881053
19 4 4 2 52402 0.997409371169063
6 23 15 5 82932 1.0761339064807909
21 8 11 27 59088 1.0169688514253674
5 16 15 9 45915 1.0606295080874155
16 17 7 0 76844 0.9445782145965946
28 23 1 29 79125 1.0676110824326972
7 12 25 6 58767 0.9908894072197625
2 21 24 15 67075 1.09994062080687
11 0 25 8 54698 0.9507449931709776
3 19 10 29 54595 1.0296911082829872
19 17 12 2 62628 0.9477472162510743
27 23 13 4 75759 0.9849089947427476
14 28 8 24 33913 1.003819689047156
4 3 25 6 58386 1.044280695217358
20 9 6 14 53847 1.0963207976807208
14 15 3 6 51765 1.099337195809954
24 26 10 2 100135 1.0961724347050685
9 24 16 13 62406 1.064836506263544
10 25 10 8 78408 1.0546743849118467
17 6 18 17 39685 0.9885066369078275
28 13 17 11 34396 1.0514388297066768
14 26 19 3 72579 0.9497056163615866
10 23 21 16 52782 1.0029952022055926
12 12 6 7 38540 0.9284336956332389
4 19 26 0 93027 0.927761877114523
1 0 22 29 101797 1.040875778646928
23 12 1 4 66669 0.9468000980124389
16 10 2 14 47021 1.0323572593923682
27 13 16 5 41538 1.066871202209903
13 3 6 28 98239 1.0557069358195146
29 26 0 4 109182 0.9786406065377373
11 17 26 25 51684 0.9520886788551932
6 22 14 0 91882 1.0146561478554683
29 10 3 2 83708 0.934400087270419
28 21 7 10 82000 0.9747601837701523
22 14 7 22 64054 0.988575835712726
6 12 26 27 79368 1.0886474472976222
15 11 17 27 59368 1.0003269903433518
11 15 2 5 51364 1.0164089659877387
10 13 2 9 25700 1.0493046238600705
24 19 3 16 56623 0.9723673489773088
14 1 5 23 86161 0.9408933628351459
1 7 23 2 59030 0.9271284813138388
21 20 19 2 46347 0.9392556450454816
3 11 5 21 33316 1.060980554664416
12 22 23 29 53917 0.9391950465997777
26 29 18 16 48398 0.9963631625004956
1 7 19 7 34685 0.9971293986194302
27 5 25 25 61460 0.9407648373145758
28 15 29 6 39843 1.0392295049934315
17 21 0 16 52194 0.9427795715587804
26 23 23 0 64946 1.0611358807479347
22 1 29 8 38975 1.0378517312215354
2 2 10 19 58636 1.0980734334548983
24 17 13 27 42626 1.0255986453750192
12 1 0 14 66463 0.9862593282016473
7 2 10 17 69670 0.9865841513604865
6 26 3 7 56524 0.9389116733026058
4 27 17 24 44252 0.9704228146716993
23 15 6 1 80626 1.023421363956583
16 18 7 20 33371 1.082061549357621
18 12 24 21 35200 1.0321947822629154
17 11 21 0 38891 1.0356367490926428
0 23 26 14 76000 0.9046904175509612
29 21 23 26 34691 1.096662414031543
18 8 11 15 44343 0.9568744358069552
11 17 26 21 40660 1.0538663405495932
24 18 15 13 28794 1.0228675214909413
16 15 4 17 37109 1.0398133862042471
27 3 15 0 42824 0.9074276526130465
29 28 7 12 85432 0.9757305644639978
4 28 27 19 82057 0.9643827881194453
1 13 28 24 88728 1.0754352234627287
17 7 12 1 36376 1.0063702323880854
3 1 9 15 57558 0.9689510280323104
14 13 3 21 45274 1.092211640598084
24 27 8 8 76704 1.023225104757978
1 6 4 26 53987 0.9818104858192005
1 7 17 28 79993 1.0020146544353685
9 20 1 0 65481 1.048283158910569
8 0 19 6 52266 1.0285423210943199
15 15 6 11 40928 0.9687026379426315
28 0 10 2 66876 0.9269083342999215
10 28 2 0 79818 0.9822475166521389
25 4 13 15 55316 0.999609153196382
17 23 29 28 49505 1.0234772623297625
18 18 9 26 54356 0.9223478755450774
10 18 4 5 50227 1.0597547511136964
17 16 1 22 49472 0.905368931876333
1 25 6 11 46735 0.9690860371056338
10 20 16 12 46765 0.968942934080393
16 14 13 25 52087 1.044250495328424
16 3 2 25 82663 1.0921190322703234
8 28 0 23 32607 1.0283717521001066
28 28 6 27 49521 0.9302779854692897
6 19 14 9 53588 0.9627226378571356
11 24 27 5 90490 0.9994005776195358
13 27 21 9 52455 1.030098863410506
23 12 18 27 43403 0.9261201016213267
17 12 24 2 51462 0.9265793630840892
20 13 8 3 59904 0.9808971955979677
2 19 19 0 81219 1.0574081376387758
20 10 24 23 43898 1.0868536296121751
25 9 17 23 62622 0.9859593506331591
10 20 0 11 50152 1.0993380055078459
9 13 20 3 48533 0.9611619779726216
21 7 0 1 54798 0.9038259799052957
1 22 20 17 50747 0.9162642317139255
6 15 18 3 74156 1.0357014830659947
18 5 12 0 32864 0.9545779701752655
6 23 24 25 68088 0.9323367018927825
22 7 12 25 67635 1.073369222797004
2 0 16 23 87207 0.981967400526335
2 7 8 17 34174 0.921503078443243
3 17 29 22 70689 0.9821565892014946
2 19 27 6 79953 0.9416850936588977
4 25 16 23 51496 1.027491681910994
1 2 8 20 60141 0.9540292867162246
13 13 1 9 37324 1.0991293065744645
6 17 28 18 49150 1.0404602233696283
19 25 27 28 33144 1.046858935148123
28 1 17 0 34477 0.9779798720624263
17 9 26 12 38908 0.975452086998924
0 3 4 13 30107 1.0063325215857146
22 4 19 17 32375 0.9672011217771856
1 8 11 26 69143 0.935678655456091
6 4 16 16 70079 0.9815664429607072
18 7 25 26 58276 0.9250913904112715
23 22 3 27 59582 0.9852914123173226
9 14 13 3 52716 1.0715222529772046
14 13 21 19 26946 0.938934908294272
28 3 13 8 46205 0.9185465789657299
1 10 24 19 73140 1.0404141627503916
13 15 5 26 59146 0.9784254689209247
25 0 1 17 84816 1.0754817968956143
26 29 13 16 59527 0.9213630444373817
17 28 5 19 57042 1.002199487602568
17 0 9 27 89107 0.9223718532421677
3 19 23 11 64567 1.0793770029574623
14 9 22 13 28665 0.9575913942857531
0 16 29 18 68023 1.0347037546718723
20 3 4 6 49453 1.063409426811809
7 5 29 15 77764 0.9310324202978055
25 0 28 22 67836 0.9278693600038441
11 1 21 2 40898 0.9948082932421738
24 12 14 0 59229 0.9890401115569448
11 12 23 13 32433 1.0483371379945345
4 26 16 19 60642 0.9359927702516062
9 6 16 10 35816 1.0094476476960106
0 16 21 16 49545 0.9736715007851433
8 2 17 26 105892 0.9363493925696859
28 15 10 11 60729 1.0772816366305515
6 15 8 23 47196 1.0732547557725216
26 16 5 1 80391 1.0946155069145445
11 6 0 27 71845 1.0816609518759022
5 2 15 22 86183 0.918463977783119
19 22 13 28 44947 0.9971478573068919
21 8 29 1 43166 0.9186975771955624
2 23 23 2 90472 0.9942663774125833
1 11 14 9 42357 1.0472383806239196
7 19 28 6 76950 0.9615006066222594
4 7 29 2 69295 0.9240876441335019
13 11 13 29 63034 0.9275706648877776
18 24 4 13 67460 0.989406694218289
8 17 13 5 52579 0.9837435330370303
10 14 23 1 67212 1.0503285323866411
28 18 7 22 65626 0.9350976906535716
18 14 9 27 61349 1.0790901800404469
1 0 8 23 74990 1.0716841868555125
3 2 0 12 32618 1.036486863655861
1 3 18 23 88078 0.9782589509934996
15 23 0 23 54445 1.0675894392165064
23 6 27 28 70068 1.0021574311998551
16 25 17 3 80343 0.9348726891001935
11 0 5 19 73473 1.098528412949529
23 27 17 18 31680 0.9581459485214068
23 26 29 4 74575 0.9714592145156626
15 6 9 26 86857 0.9378992169304592
21 3 28 8 25398 1.0107024931111723
24 21 11 6 62340 0.9582107611635922
18 18 8 12 44065 0.9256961923904002
14 2 12 29 91027 0.9139274584177143
27 14 19 12 30774 0.9237773098415114
10 3 21 25 78003 1.0712986146551584
6 10 19 27 79058 1.0554483693612198
11 25 14 2 82211 1.0104770825882337
7 17 25 8 57933 1.070355814888083
7 28 15 12 72533 0.9537247455931774
15 29 21 4 68984 0.9594918150758915
1 23 20 28 58076 0.9187372927107725
12 28 2 25 28812 0.9575377285274487
2 9 14 10 37471 0.9422760074526677
26 1 20 29 75279 0.9409949586103292
19 25 10 2 93710 0.9316895604629072
5 12 2 25 35663 0.9471776797027502
17 23 21 10 42830 0.9333192032465001
25 24 4 0 107862 0.9538247724215794
12 16 28 3 71375 0.9749767472648169
1 3 15 17 59296 0.9474430753517408
6 21 14 13 46192 0.9483753792445953
15 8 26 18 46251 0.9704287329403641
10 5 11 28 92669 0.9083864044077478
11 18 18 0 65485 0.973261842655648
22 4 7 0 53334 1.0779879069426461
11 26 2 19 42495 0.9576150730910788
19 0 2 3 55877 0.9231728564181699
13 15 3 15 41992 1.0612542746995168
9 3 5 23 77814 0.9399729851524965
20 29 2 9 85271 1.0587359372514802
8 10 1 2 42915 1.0550222496330286
2 12 3 2 26157 0.9767020979100132
24 0 20 21 52803 0.9584380048271625
5 9 14 23 61570 0.9383406105546621
11 9 27 14 64229 0.994970513398296
10 28 16 10 78206 1.0857566329291675
20 12 15 22 47386 1.067148573250551
27 1 1 22 103228 0.9516518778470928
14 3 26 28 79107 1.056070085064197
15 2 1 22 78249 1.0996718362595859
13 4 14 22 58484 1.0573793191562089
15 20 4 5 68087 1.0590256896751327
22 0 25 12 41636 0.962278749036285
17 11 27 12 38839 0.9138346781453376
10 13 1 16 28793 1.0302358314396831
2 8 27 5 56680 1.0499762632098621
0 4 12 21 67297 1.0160908668286952
13 19 19 26 47162 1.095962332594051
28 14 19 2 51519 0.9088382627540418
8 27 19 16 56251 0.9086442108798226
19 5 3 26 87452 0.9200736206078116
1 6 5 18 34504 1.059072585214552
1 1 26 22 96584 1.031926262038457
23 15 7 25 75953 1.0525022380491345
0 7 17 11 52093 1.005732877540796
23 6 29 11 33634 0.9224182347453663
25 20 7 0 93070 0.9407658685060489
18 22 5 7 71372 1.0801326270439038
25 23 6 4 91049 0.9793402049977977
18 21 11 25 34640 0.9759719689074939
16 12 1 18 50367 1.0558920356253174
17 5 19 26 58631 0.9582031798888937
9 20 7 9 60041 0.9452666974346313
9 13 2 20 29749 1.0766122541023149
22 5 0 10 53196 1.078336723761219
24 16 28 7 38433 0.9326910056735797
10 17 26 24 50754 0.964960581124363
18 19 0 25 63797 0.9936645740524377
22 26 2 10 75961 1.0244009674495556
21 17 7 24 62462 1.0131367078942723
2 17 19 6 59111 0.9542210811143799
21 12 10 6 38793 1.0651946348468204
15 8 26 20 51841 1.0516112643887447
1 23 2 9 33839 0.9692803233242382
23 15 28 27 48425 1.0317806497214748
21 21 4 10 64528 0.9835908919788543
13 9 21 13 33334 0.974315649483755
16 16 3 8 59318 0.9118376689467489
25 9 19 18 39136 0.9737842397641817
23 20 2 28 60710 0.9812093416733927
24 16 9 15 49220 1.0149681644557027
14 25 12 12 44673 1.013496026533837
3 17 25 1 86321 0.9977935875025198
5 29 13 3 94346 0.907188905256185
18 8 13 13 27854 1.0367021207225493
26 26 20 4 62318 1.0018791947155372
14 15 18 8 32963 1.0719809600940442
22 10 16 16 36094 1.0822035449987315
8 7 28 1 62177 1.055324112247345
13 14 0 10 44532 0.9764531833935106
14 15 23 16 29804 0.966349749151204
10 19 3 7 51375 0.9300718564024286
17 25 28 6 72050 1.011257420493755
2 0 8 13 38458 1.0813332096892758
0 17 27 14 69840 0.9088080643163445
9 21 23 29 57422 1.0740318272048168
15 0 21 25 67614 0.9148699671252519
17 15 8 13 30034 1.084899378397639
18 4 8 7 33494 1.0560336575730904
7 19 7 4 62280 0.9237587097272044
16 18 10 13 29698 0.9416708712686142
27 20 7 12 64893 1.0378179129670633
28 7 1 7 52703 1.0091395446250941
27 3 25 22 58757 0.9417428268140603
2 15 13 22 48582 1.0557651395226229
5 16 26 17 46300 1.059876868563145
20 27 13 13 45777 0.9880563233985253
29 9 17 25 78293 0.9927259738022405
12 26 21 10 58197 1.078280215171017
20 23 1 5 78580 1.0244565454954468
12 27 24 20 41880 0.9768934604316659
24 6 10 20 68240 0.9154771734235206
17 12 4 2 68069 0.9266582992917176
28 9 22 23 56028 0.9039077240784312
20 12 4 12 47215 0.92538645090721
25 14 28 25 44572 1.0527184936533187
4 11 23 16 60217 1.048392660457294
8 22 1 8 53646 0.9226109736166715
19 4 3 4 47380 1.0039937525872675
16 8 28 29 74252 1.051774551108688
3 16 26 12 63227 1.0135915808676446
21 25 21 5 38911 0.9229787337056016
21 6 0 0 57375 1.059081392787162
3 3 29 12 83594 1.0532784864229074
12 17 19 20 26160 0.9084577567625697
25 15 18 20 32602 1.0790979558723075
17 5 13 12 37283 0.9567876614907941
26 26 6 12 82232 0.9139457708169516
26 4 12 29 87690 0.9559262993964507
28 19 3 8 81464 1.0778429139851913
3 2 27 2 81787 1.0275301627240307
8 25 15 5 88984 0.9503416293271203
0 0 12 9 49946 0.9148788347568486
22 10 6 14 49318 0.9228688059175746
16 14 0 12 45811 1.0409432269282417
29 10 8 20 82947 1.0093628961360939
20 27 4 27 33794 1.0474701086156042
6 13 26 17 50205 0.9577881139169521
23 9 2 27 86583 0.9226887890990946
21 18 25 4 39635 0.9191058156708821
0 0 7 20 62330 0.9318474664564419
14 24 8 1 97987 0.9776873305390745
4 15 14 3 59983 1.0659012066930431
26 26 13 12 65934 1.0845202852165736
19 23 7 24 60146 0.9200165996655659
9 16 3 12 35489 0.9764472088768941
0 2 3 28 64388 1.0750191427842828
9 8 22 11 40847 1.0477930770818504
22 6 17 27 54377 0.9412612738331201
19 7 8 7 21865 0.9386438596616483
25 14 21 28 42147 1.0553695228748166
27 1 26 26 72754 1.0607512860286472
7 26 22 7 75920 1.075469323310584
21 16 10 6 46091 1.0027164926722525
13 21 27 7 60496 0.9072947890648221
20 4 15 19 51060 0.955997981877662
21 12 18 2 32419 1.0093415739352434
24 16 28 10 35070 0.9675550243867971
0 16 27 22 76001 1.031604495943255
25 10 4 26 89916 1.0162311985789025
26 26 24 1 78649 1.0578599333299796
22 22 18 11 38323 1.08189341639684
2 16 24 19 56971 0.9261825707579127
16 22 28 10 65352 0.9113948206107164
29 28 3 15 87413 0.9556756863511121
1 17 4 6 34899 1.018117499699824
2 9 5 2 24823 0.9157861363655144
12 4 22 7 30055 1.0284285398433188
23 28 6 0 105703 1.0248033139317614
25 18 7 6 64021 0.9119575894014584
6 27 21 5 73646 1.099977580390481
1 29 25 20 72889 0.935408548850889
5 12 12 5 41569 1.0119548267409655
12 15 27 13 41610 1.0576273680093968
27 25 17 2 83218 0.966525391530456
27 12 18 29 62496 1.022842393736733
23 14 0 26 83095 0.9882324091855147
1 5 26 18 75327 1.0850569561016319
28 16 1 12 71774 1.0437798309277266
2 23 15 17 39836 1.0270630652898003
14 12 21 25 41761 1.0274050794698815
11 4 24 0 47399 0.9443583583513087
15 2 2 22 75473 0.9495170695402586
14 24 24 19 45407 0.9118311848895942
10 4 16 27 83858 0.9647518186528403
22 15 28 11 31315 1.0026801491902777
20 14 24 3 39852 0.9112065745924219
25 0 24 19 60625 1.0764030798863977
26 16 3 15 57841 0.981764910048498
21 14 3 7 47787 1.0492589236490404
20 24 17 1 70099 1.0856505526971836
9 9 0 6 31650 0.9773766923530426
20 3 16 28 68465 0.9973322337489041
28 27 2 17 74324 0.9399665189910373
18 12 8 4 57768 0.9910195484228155
23 3 2 5 55136 0.940907231020831
5 9 11 2 49919 0.9791828571563742
11 5 4 8 29140 1.0811621067688868
14 24 22 20 31598 1.0058413757379545
21 7 2 22 68087 1.076222285787741
13 1 17 22 80710 0.9349230793194244
26 0 19 27 71293 0.9835723912961793
22 22 0 7 76198 0.994841410104588
7 24 29 19 84969 1.0387553505822242
9 7 17 11 34399 0.9429300823158977
29 18 21 2 50395 0.9815805625234859
15 26 3 8 74760 0.947777163746174
2 21 23 17 51886 1.077787100453453
24 15 24 0 52039 0.9532238945701497
22 6 25 27 55726 1.0730294054801042
8 26 26 2 96579 0.9893130120833322
7 27 15 6 83903 1.0921294210568115
2 20 16 24 55374 0.9200186541400863
25 21 14 26 41030 0.9229471693868095
26 6 3 16 74154 1.0631529844286185
19 22 16 3 64606 0.9185474039830449
28 7 6 26 93437 0.9386684808524395
0 24 27 25 71010 0.9292051116850637
4 23 23 10 79922 0.9479292098628789
18 29 0 7 87738 1.07819129885064
24 7 9 15 55462 0.970199393107428
16 1 24 18 64932 0.9420561983787067
6 0 17 11 66859 1.045322828781928
15 27 6 22 42422 1.0718735015107983
9 28 19 21 48475 0.9473901864662763
6 7 20 13 42875 0.9551605686987154
23 17 11 4 55545 1.07376337957463
7 18 18 16 29674 1.0552640470889125
1 24 17 24 59315 1.0859309187253163
22 15 9 24 68014 0.9498825445088285
17 5 19 23 53598 0.9387238086826686
0 10 26 27 91997 0.9875874934994134
23 12 13 9 43104 1.0088909171364397
14 20 3 15 40851 1.019511239499623
29 8 21 25 55561 1.0263606710435913
5 0 23 23 93396 0.9254334728122342
13 11 26 4 47408 0.9912035211536319
19 23 29 19 41969 1.0842919549446812
16 23 5 15 51990 1.0380562381677705
29 3 21 7 32341 1.0065213076491821
7 13 9 3 52445 1.000129766747233
19 17 18 6 34384 1.0380949792375915
2 12 26 14 57036 0.9058566773167774
23 27 14 10 56107 0.9045083201987392
15 25 1 19 56567 1.0795346222641602
6 5 21 24 73465 0.9396786902933068
25 20 29 0 64910 1.0638688555507898
0 0 12 14 58870 1.0179138350447818
1 21 23 9 78051 1.0135189018942625
27 21 19 18 26197 0.9018549883954837
21 5 5 22 72425 1.0163574876993888
17 18 22 10 28401 1.064758487473901
16 10 5 17 50034 0.9677181904575242
8 20 2 12 35453 0.9001071878884644
19 4 29 11 42644 1.058399992652319
21 0 7 18 65665 0.9193602771907166
9 7 19 9 29972 0.9591478834860524
17 27 13 7 62354 0.9851024707044086
11 16 1 14 38353 0.9251323489344894
11 7 23 10 34612 1.0932572939731109
3 12 20 28 78170 0.9014771458534878
11 19 9 28 55835 0.9532279535642804
3 11 18 25 79530 1.0888729729730606
26 10 17 2 45341 1.0438322799272894
23 26 13 16 48927 1.0674501590390721
28 6 0 11 68839 0.9243976298976121
0 13 16 12 42235 0.9681982797488144
6 0 16 3 41254 0.9242330867169145
0 7 10 26 69857 0.9661218768225488
19 6 22 25 49669 1.0352457079479422
25 29 1 8 98344 1.056062211247942
25 17 13 7 42636 1.0280332975959274
2 2 14 29 82484 0.9682863078203302
2 1 10 12 48790 1.0658034185267256
0 7 24 6 53218 0.9020730907607877
14 7 25 18 43262 1.0210513128176009
10 11 28 23 79370 0.9190257379641207
16 10 12 0 47500 1.0406151543398572
18 1 10 12 69012 1.0500722475689517
28 7 3 17 71405 0.9323082326207148
7 4 2 16 39968 0.9962968136959955
23 15 4 18 52986 0.9147346314178916
1 5 0 14 24755 0.9672736946015947
3 23 18 13 59355 0.9344891402657992
15 26 27 13 60476 1.0649744492393767
3 9 18 13 48207 0.9114121282330406
7 6 5 26 65741 0.9769288141461103
12 6 17 28 73827 1.0995040978465491
20 3 29 13 41361 1.0833992468242146
24 25 13 28 41365 0.9172712871041285
14 22 19 29 35726 1.036870652285001
17 17 27 12 37143 1.0697834220234888
4 5 23 22 78426 0.9928875873571518
22 16 16 21 28796 0.9775484619400283
11 17 13 27 39208 1.022828002521951
22 10 13 29 62342 1.0402719786652752
0 2 2 19 40818 0.9770437962979373
24 24 10 11 77057 1.015116142163018
1 22 26 23 75766 1.0080844949145191
29 11 21 0 45513 0.9216081326672602
9 7 28 4 47226 1.0958194037296385
2 25 11 13 45645 0.963124009871797
21 26 3 1 92111 1.0114095835121242
11 27 3 0 76641 1.0606191470888153
1 24 17 29 52972 0.9625370048326372
3 6 24 7 44535 0.9463994594238945
13 8 18 20 50105 0.913206559993783
9 23 12 12 59705 1.0482296630335157
5 29 8 20 37804 0.9971933823962033
13 14 23 0 54851 0.9719087164019525
3 20 1 7 32309 1.0508298772808908
3 25 8 10 58859 1.012272663399565
11 16 17 26 52813 0.9176044993768991
15 26 26 5 74678 1.074872672654096
20 19 10 5 60770 0.936259657132525
13 3 28 8 48002 0.9777738030951157
7 23 22 21 51645 1.0724831623041888
6 19 24 5 72977 1.0464539788747966
5 27 12 14 62216 1.028461607058343
13 2 21 13 45011 0.9499630754543295
28 21 12 29 60500 0.9396571187702165
6 13 17 28 72100 0.9915969156801344
28 15 26 3 39756 0.9137954743800593
6 22 25 25 72184 0.9332706855839128
2 23 12 19 37195 1.072768765381249
2 7 16 13 43080 1.0036190189406025
25 8 8 22 76651 1.0917012870206857
24 21 16 5 52289 1.027202326279562
25 0 18 4 29400 0.9664472015203212
23 17 29 29 49391 1.0383773471898854
0 2 2 12 25782 1.0943772154799203
26 7 27 20 37859 0.9939530492402618
