5101 4816 6337 4884 5303 4676 6128 5114 4994 5922 5870 5499 5501 4935 4761 5808 5848 4675 4546 6096 5205 4967 5322 5142 5159 5670 5305 6336 4876
5773 6729 5587 5716 6835 6004 7269 6112 5574 7199 7174 5367 6066 6682 7047 6160 6810 5553 7307 5695 5660 5608 6167 5471 6614 7285 6229 6641 5928
4186 4279 3556 2899 3295 3126 4548 4188 4272 2718 3245 3731 4072 3277 3880 3699 3934 3813 3564 4194 4315 3029 4044 4396 4352 3789 4321 3295 4368
7312 7626 6767 7351 6939 7404 7814 7426 7668 7156 7882 7781 6824 7324 7855 8047 7930 7198 7947 7373 6627 7549 7293 8216 6414 7987 6824 6940 6350
6013 5217 5770 6124 6103 4714 5983 6553 6026 6159 6097 5206 6002 5443 5530 5091 5466 6626 5098 5986 5210 5406 5999 6221 4796 6438 6007 5800 5039
2058 2371 2297 3165 3816 3627 2624 3687 2616 3878 3701 3692 2584 3832 3450 3553 2176 3814 2135 3977 2827 3638 2299 3491 3733 3047 3445 2855 3296
4567 3770 4464 4478 3031 3322 4625 4566 3610 4476 4506 3245 3829 3810 3956 3819 3247 3309 3048 4150 3277 4339 3267 3856 3027 3463 4328 3362 3604
4393 4687 2963 3125 4323 4119 3061 4472 4796 3965 3996 3588 3676 3070 3215 4512 3479 3257 4222 3245 4333 2891 3181 4695 4816 3551 4593 2909 4400
2881 3220 4365 3199 4259 3053 3876 3705 4124 2810 4084 2883 2617 2724 2726 4291 2795 3234 3553 3796 2763 4305 3868 4273 4044 3848 3455 4359 2796
5427 5917 5561 5286 5235 6398 5408 6504 6205 5439 6310 6750 6217 5405 5831 5546 6346 6405 5180 4904 6428 5989 4826 4882 4789 5710 6622 6540 5266
7108 7537 7130 6888 6847 7052 7281 7049 7309 6412 6671 6585 7075 6607 8160 7014 6797 6670 7984 7839 7942 6561 7520 6695 8001 6635 7299 7921 7665
6716 7483 7275 6875 7281 6457 6824 7883 7957 7154 7149 7039 7698 6261 7920 6660 7489 6244 7229 6170 7588 6075 7187 7059 6943 6731 6977 7860 7264
5915 4880 4342 5131 5623 4914 4461 4553 6057 5866 5710 4234 5427 4466 5216 5209 5022 4976 5974 5029 5201 5488 4864 4817 5286 4264 5575 5822 5037
5604 6209 5771 6845 5389 5973 7146 7283 7120 6455 5280 5324 5802 6517 6877 6585 5762 5698 6757 6798 6240 5894 6475 6670 5799 6368 5630 6467 6475
3316 3703 3746 3120 3098 4782 3712 4349 3513 4760 4661 3084 4854 3287 4313 3078 3463 3086 4195 3122 4786 4556 4719 4398 3635 4183 4121 3834 3170
1589 2424 2978 3208 3366 2404 3099 2684 2164 2404 3189 2427 2172 1516 1951 1497 2107 2912 2241 2053 2894 3072 3129 2025 1801 2617 3263 2949 2748
4275 3314 3843 4352 3203 4282 3135 3436 3664 3636 3944 4476 2880 4579 3569 3768 3754 4084 3928 3093 4697 3792 3020 4819 3133 3791 4358 4817 3756
2898 2445 4200 2385 2796 4294 4011 3562 4030 4239 2531 3035 3217 2884 3059 2328 4008 4026 4183 2457 2536 4097 3094 3731 3329 3659 2848 3744 3402
4974 5943 5508 5375 6556 5512 6026 5331 5660 6424 5436 5619 6220 6107 5485 5065 6830 6744 5342 6703 5931 6803 6717 5031 5838 6108 6570 4949 6655
3208 2212 2499 1598 2858 2880 3371 3426 2210 3403 3133 2302 1931 3057 1901 1850 2036 2607 2401 2833 3058 1933 2899 3025 2703 2257 3607 1962 3451
3408 3126 3608 3419 3482 3792 2841 3177 3455 3757 2637 2879 3416 2697 2935 3693 3374 4032 2235 2952 2599 3902 4080 3018 2312 3375 3965 2892 3626
1599 2550 2404 2811 1836 1184 1848 1449 1743 2681 2179 2362 2216 2183 1163 1857 2006 1945 1950 1533 2202 1170 1663 2939 1752 2099 3020 1188 2624
6334 4732 6004 5972 5228 4976 5683 4965 6251 4851 4720 5417 5528 4732 5576 4947 6031 5157 5005 6429 4899 5798 6113 5051 4679 5811 5147 6431 4892
2395 2107 1360 2948 1312 2346 2228 2193 1964 2851 2819 1109 2238 2470 2596 1802 2000 2774 1720 2829 1649 1243 2405 1794 1117 2385 1905 2444 1865
3235 2229 3325 2063 2681 3026 3470 3202 3409 3725 3312 3056 3509 3604 2014 2012 2225 2756 3080 3779 3748 3625 2045 3497 1844 1844 2590 3152 3222
2612 2827 2260 3542 2323 3480 4092 2475 3491 3186 3136 2352 3041 2551 4024 3690 2697 3944 4068 3070 3978 2873 2092 3774 2360 3360 3031 3459 2534
6129 6417 6713 7597 7407 7654 5914 5985 7066 7589 5751 6204 6899 6942 5823 6420 6283 7554 6252 7086 6700 6420 6847 6598 6288 6174 5937 7250 7049
6148 4354 5179 5638 4406 5853 5966 5732 4995 4656 5493 4753 4494 5252 4319 5904 4970 4435 4513 5502 5443 4780 5962 5145 5551 5860 6178 4626 5331
3872 4631 3405 3816 3694 4542 3052 3846 3205 4580 3443 3992 4826 4512 3813 4354 2917 4614 3966 4688 4549 3783 3012 3187 3342 4562 4731 4822 4452
3231 3141 2689 4412 3856 2996 3840 4413 2500 3068 3471 4116 3252 3037 2934 3472 3922 2448 4322 3693 4273 4151 3512 2687 2439 3246 3323 3035 3264
4562 5336 6931 2944 5241 4811 2861 6342 3394 5809 4496 5602 4843 6116 6498 3919 4749 2499 7365 6261 2770 2566 5579 8262 6358 2692 4317 3482 4484 6055
5231 6498 6122 2856 6434 4423 3517 5929 2479 5198 6018 4630 4251 6069 6276 4493 4927 1231 8112 5298 3029 4223 6428 7372 6034 2299 4427 3402 4381 5662
4440 5940 6697 2968 6034 3552 2806 5019 3330 6398 4267 5734 3647 7879 6199 4704 4831 1373 6907 5853 3352 2609 6412 8578 7381 2942 4386 4457 4739 4656
5632 6463 6796 3748 5969 4105 3378 4421 2078 6163 4675 6256 4065 7462 7028 3377 5095 2498 7649 6194 2481 3784 5267 8382 6427 2447 4268 3511 4247 5905
4688 5361 7383 3367 5376 5396 3676 6203 1534 5257 5392 5745 5029 7306 6343 4808 4754 1551 7943 6858 2374 3845 4687 7680 6167 1676 5189 3567 3434 5009
3943 5743 6713 4017 5414 3870 4518 5754 3053 5994 4227 5117 5001 7486 6656 4051 5358 2800 8593 5940 3151 2311 4997 8209 7166 3321 4107 3652 4641 6079
4140 6263 7304 3429 5383 5283 3067 5810 2109 6129 4649 5055 5254 6339 7128 3386 5171 1275 6828 6767 2250 2527 4519 7123 6520 3285 5376 2950 2996 4725
4910 5167 5972 3800 5069 4383 4545 5914 2127 5341 5490 5806 4184 6483 6690 5112 5992 2911 6592 6115 1426 4021 5816 8333 7077 3049 3511 3422 3544 5224
4251 6526 6831 2424 5415 4646 4172 6125 1621 6257 4151 5676 3853 5974 6636 4095 5884 1824 6608 5421 2797 3325 6240 6871 6056 1790 3909 4668 4205 5671
5133 5981 7342 4228 5333 4799 4574 5437 2192 6235 6026 5481 4409 7526 6858 4269 6291 1935 8338 5850 2642 2490 5433 7635 7626 3503 5047 4707 4473 4759
5675 5621 6716 2373 6353 5313 3402 4917 3354 5572 4253 5723 3879 6019 7598 4845 5693 1307 7076 5318 1586 2921 5010 7218 6630 2670 5168 3172 4673 4721
4373 6827 6451 3804 5487 4392 3047 5192 1649 5614 5035 5508 4634 7660 6973 4078 5931 2454 7377 6434 3269 3857 5755 8383 6271 3482 3621 3660 4526 5371
5607 5448 7299 2598 6237 3645 2634 6059 1901 6140 4263 4895 4219 6875 8022 5293 4863 1623 6665 6362 3211 4191 4552 8255 5827 3282 4636 3863 4719 5395
4729 5141 7245 3573 5233 4439 4408 4833 2661 6474 4542 4392 3680 6908 7392 5071 6590 1415 7323 5870 1532 3123 4903 7461 6216 1893 3934 3614 2946 6056
4527 6019 6702 3565 6701 5185 2832 5715 2307 6315 5644 4764 4683 6509 7761 4613 5655 2011 7189 5593 2271 4165 4818 7962 5739 2070 5165 4417 3602 5594
3979 6934 6577 2957 6368 3936 2623 4547 1786 5636 5602 4949 5059 6413 7263 4843 4836 2016 7901 6701 2889 2380 5136 8563 6384 2996 4179 3304 4793 5847
5671 6199 7346 3049 5881 4458 3211 6156 1611 6006 5500 5730 5052 6420 6250 3864 6053 3024 8389 6981 2891 2557 4619 7292 6257 2524 3887 4736 3862 6170
4191 6600 6003 4259 5549 3712 3798 4607 3395 5475 5831 5948 4470 6288 7604 4420 4651 2907 8353 6941 2221 3882 5444 8317 6038 2907 5263 3142 4052 6059
5196 6789 7253 4254 6662 3874 3399 5445 2355 5678 4450 5108 4456 7316 6868 3639 6068 1866 7040 5430 2803 2365 5928 7091 6863 2515 3751 4044 3332 4561
5135 6263 5742 3951 5444 4402 3400 6205 1621 5478 5785 5768 5065 7891 7567 4908 6150 3029 8293 6120 1837 3654 5288 7968 6423 3455 4955 4203 4155 5847
4773 6791 6443 3638 6166 5412 3580 5843 1835 5329 5302 5655 3667 7199 6661 3615 6170 1149 8515 5694 3016 3730 4768 7109 6844 3079 3536 4283 4299 5419
4751 5876 7328 3804 5139 4948 2755 5891 1646 5717 5282 4384 3820 6071 8052 4837 5075 1965 7878 6587 1752 3310 5855 8386 6362 3051 3404 3872 3138 5325
4872 6113 7210 2715 6133 4654 4153 4929 3324 4963 4463 4552 4154 7675 7432 4702 5649 1954 6973 5419 3236 2556 5080 6969 5773 1761 3681 4648 4599 4715
5719 6868 6511 2320 5315 4195 3251 5021 2736 5984 4228 6365 4156 6865 6774 4240 6391 1880 6717 6244 2776 3205 6002 7019 6078 3340 3632 4529 4729 4922
5249 6264 6458 2931 6620 4473 4153 5402 2531 4520 5138 6226 4886 6889 7418 3957 5602 2945 6905 5436 2844 3896 4726 7584 7297 3167 4062 4191 4156 5307
3887 5743 6246 2857 6409 5468 4440 5899 3221 4934 5051 5145 4489 7363 7575 4447 4791 2382 8206 6480 2993 2316 5896 8213 7314 3162 5063 3438 2820 4575
4603 5173 6129 2748 4839 5359 4214 4818 3463 4780 4881 6288 4078 6835 6885 4952 5679 1417 6793 6331 2350 3643 5872 8290 5746 3524 3699 3352 3827 6369
4178 5671 6162 3522 6077 4881 3169 5516 2447 4470 4613 4799 4111 7297 7661 4581 5068 3032 7766 6946 2745 3119 5122 7523 6034 2181 4149 4260 3157 6344
4275 5564 7697 2710 6274 3619 2821 4704 3417 5021 5101 5463 5189 6024 6924 3457 5228 2114 7178 5566 1743 3277 4800 7731 6223 3420 4165 4574 3560 4467
1 6 4 21 65275 1.0683133324186724
14 17 21 22 24802 0.9418105041821726
27 28 12 25 51262 1.0406169049642346
7 10 6 0 41511 0.9113262329987559
17 17 7 26 50457 0.9199276578391632
22 19 23 3 40789 0.947002439493683
3 21 16 29 64500 0.9466768019130973
10 11 17 4 50324 1.0211399976285402
15 20 2 26 50587 0.9458247664550388
15 10 24 3 35138 0.9791088661875882
21 0 3 7 62296 0.9601284113686332
7 12 24 3 64340 1.0340499789230329
5 12 10 25 56366 1.0944910988628487
26 10 12 26 77509 1.0747297355508794
16 16 7 26 51187 0.9037564114832766
21 28 24 6 52493 1.0892490348300232
2 17 19 0 75603 1.0355522064437461
28 9 13 10 49930 0.9455987969834045
11 27 20 0 92218 0.9594019911418864
4 21 22 6 74235 1.011074221257801
22 18 18 29 43459 1.042092893776869
11 13 29 28 93635 1.0948957468013483
15 9 15 27 43270 1.0496997771418108
23 7 17 25 52663 0.91221318091041
11 2 24 20 79475 1.0371407044222216
16 9 17 0 31866 0.9692709864716117
16 15 28 1 71330 0.9746175570319824
13 7 2 7 36419 0.9618165187918951
26 28 23 16 35433 1.0989877998510964
6 27 10 21 34643 0.9650062964969754
12 22 3 29 59445 1.0589847051427934
14 24 18 4 67101 0.9766819540394909
18 0 3 27 112645 1.0311761559723904
26 9 16 26 69785 0.9156744243689546
25 6 19 23 53356 0.9674128428554257
18 3 9 9 44973 1.0721502079967986
29 6 9 16 78208 1.0406063282076894
2 22 17 16 52940 0.9137741982952183
20 7 12 20 47592 0.9252770033119085
18 14 11 2 66227 0.9955346064003481
1 20 25 2 94765 1.0699830750616064
11 10 19 28 73238 0.995449207951087
22 3 7 7 47819 0.9835008230675216
6 10 28 11 71206 1.0635780282875897
28 11 7 6 68544 0.9021314950384467
20 10 19 22 33880 1.0747319564219062
8 27 10 16 47695 0.920813847453911
23 7 15 12 29950 1.0162798883932835
14 23 3 17 46057 0.9187961682647825
21 7 22 29 49249 0.982843928528851
16 19 27 2 70059 0.9535226086927117
9 20 23 1 72861 1.0557833708614113
26 26 5 20 67297 0.9697290567864082
1 7 26 25 97793 0.9829664922478498
13 8 28 24 73301 0.9548429818083224
5 14 19 28 67629 1.0827681024857674
15 29 25 18 54831 1.0890538911095717
7 1 25 27 106144 1.004033882841629
8 14 0 11 46484 0.9828432469492375
23 7 3 18 69995 0.9855235988066848
9 4 11 20 66970 1.0429082482020366
26 26 8 9 83735 1.0510052934774519
21 3 19 12 23632 1.0660124874583796
4 29 20 27 67006 1.0723947812656478
9 12 7 1 46631 1.0148927286157
12 28 13 2 87320 0.9606737084058035
9 25 17 16 46075 1.0404794636960069
27 15 0 14 82507 0.9628609697433819
27 2 1 13 98308 0.9786720953088346
7 27 24 9 88951 1.0811195981604604
25 21 1 15 70260 0.9773152574279869
21 0 29 5 38428 1.035171378538641
15 7 0 26 85306 0.9048709392638696
24 10 1 17 63380 0.9488443753570744
22 17 20 28 27725 1.0699638033897632
18 24 1 13 77833 0.944291545582503
9 2 19 25 90959 1.0630431908498201
4 13 28 21 82107 0.9217190342242562
16 9 22 20 40051 1.0726595153403935
9 29 20 0 110293 0.9836505846619839
21 15 19 0 39163 1.0573056003047496
16 9 9 14 47013 0.9856831001888166
16 6 20 20 44222 1.031733804741902
9 5 3 11 44765 1.0254236619483312
24 21 7 1 90825 0.9567353398569015
6 14 16 19 37805 1.0690693422319422
24 1 10 12 67403 0.9890991249870864
16 1 18 9 36231 1.0778997761903681
16 20 8 12 37817 0.961700857259324
13 22 18 3 67024 0.94488376665403
6 12 10 19 40905 1.024009561300867
18 24 13 7 62913 0.979107747237251
13 11 17 28 56724 1.014691514495111
17 17 8 20 28192 0.9927614249604864
18 2 15 29 81343 0.9652487130263099
0 26 1 6 87449 0.9023156442616893
6 12 18 22 59994 1.0007973249806987
14 5 16 26 59713 1.0131909254397584
24 23 4 3 95193 0.9427354987041014
5 22 25 1 93961 0.9047977061534734
8 19 22 27 55478 0.9485718464509001
7 19 5 27 30736 0.9890934978287101
6 10 20 16 59383 0.9943555448662198
21 21 10 18 37101 1.0887457757697032
10 26 6 1 102610 1.0044258741327414
1 27 24 27 76984 1.0241949582850316
14 18 20 24 35828 0.9983093993775918
8 14 24 3 65497 0.9172202124974124
10 0 20 8 57431 1.0735390110388199
10 3 4 28 99479 1.0846228510668172
8 0 27 1 82047 0.9780750134090365
17 28 19 5 68169 0.9625377571001269
27 10 27 23 63184 1.00867987402132
16 29 29 21 60189 1.0410917176198167
10 10 2 4 46499 1.0645146624635748
6 25 26 6 97279 0.976997253211587
10 7 6 13 34764 1.0325866135206898
4 19 7 26 34505 0.9193781650552006
11 26 25 23 50059 0.9656096179620244
4 15 23 9 65887 0.9555765557646814
0 17 8 7 48897 1.064359426629717
26 10 8 0 78811 1.011834621271096
20 7 10 3 43807 0.9528825826842047
22 16 28 3 48903 0.9271256724827375
27 8 24 16 33856 0.9856927275238834
16 25 12 16 33194 1.0940143643408635
0 9 12 29 105470 1.0373295573661507
7 25 18 1 94983 0.971247571308591
3 11 27 23 100701 0.9526916508930663
12 27 5 15 62491 1.0529110419030523
3 13 19 18 59754 1.0533463228442477
5 6 20 17 61427 0.9518289709936654
5 26 14 13 60646 1.0714813897784843
25 27 17 1 80854 1.0184053864772533
28 26 15 7 72237 0.91301078167906
17 28 3 17 59502 1.0107596480880972
9 26 4 19 41503 1.0763404197242419
6 1 22 13 77332 0.9661558560090838
20 17 11 27 53713 0.9703159230509216
19 5 4 23 84176 1.0953961345889207
1 18 14 23 54214 0.9439326481631303
16 5 27 18 57038 0.9455333145286295
9 23 4 28 33897 1.070545831570617
26 29 13 8 76776 0.9488313362352099
19 25 0 24 56502 0.9649766393790188
9 21 19 29 52993 0.9466334361573944
2 1 11 20 85565 1.0431386843111943
21 10 14 7 23683 1.0466238125901863
16 29 24 23 42855 1.067492002113429
12 16 4 4 68015 0.9181124288272927
6 21 13 14 45903 1.0698926941950013
13 24 26 23 52904 1.0166477573452752
4 7 27 20 83433 1.069923011686494
27 5 14 28 94419 0.92638908631999
1 13 4 22 47359 0.9354767377894543
7 8 23 29 76028 0.9227816354218854
12 25 26 24 45490 0.90795392565753
1 19 20 27 74996 0.9617688949470861
29 3 26 29 85686 0.9613254355459545
6 11 17 12 49745 1.0962375605973833
16 25 4 10 71058 1.0420912856955034
22 15 23 4 28828 0.9887689822966542
7 28 18 11 80449 0.9706566456237153
2 16 23 9 64706 0.9705077714652943
27 13 28 29 68397 1.026791349247002
9 20 0 10 60796 0.9297831525813792
6 21 26 19 60076 1.066102558606794
5 8 20 3 48343 1.0365415458118645
27 6 22 0 33398 1.0625941171334614
21 2 7 28 94876 1.0831161406946874
24 0 16 23 72356 1.0237547666284685
12 0 13 20 67051 1.0274266087278447
25 29 15 29 46397 1.051773751946245
16 26 6 18 46978 0.9308311143717487
24 29 18 16 44427 0.9011440409037855
20 24 8 14 55471 0.9790669782648859
1 19 23 20 61711 0.9060930131197281
24 22 9 21 50063 1.086197801531852
27 22 24 0 68797 1.0338809672615954
20 8 15 24 48521 0.9070693714414096
16 13 7 9 40731 0.9413958664641272
29 11 19 15 46486 0.9687214116357077
29 25 27 4 81040 1.0481548294406309
13 4 2 10 52999 1.0082342268218938
10 27 28 27 69219 1.0451620966119501
27 12 29 28 63046 1.0042370751392398
10 13 3 5 55333 1.015047974601083
19 11 27 29 62939 1.0087845985210573
22 27 10 8 67010 0.9781967070687627
11 25 2 26 28472 0.9598362405983125
23 1 3 7 65729 1.0592887030769367
12 14 9 29 72932 1.0600459845273846
16 27 2 3 96710 0.9824518371749342
17 26 10 21 37463 0.9376528582328862
17 21 27 23 42852 1.013026126568577
8 1 27 7 76618 1.037584736424913
15 1 10 23 79870 1.085165485388834
10 8 3 21 60235 1.0119477459274142
5 20 18 5 67884 1.0952100930927378
26 11 6 23 82808 1.0517932585891885
2 3 26 27 112992 1.0804696724096166
10 9 21 7 33233 0.9339294420622946
7 20 13 5 61816 0.9966013126396075
2 21 22 19 60434 0.979205778959714
25 4 0 27 122022 0.9992135142730454
0 8 21 11 54995 0.9018369660708118
18 17 13 11 28773 1.093271962049549
13 25 27 15 59985 0.9794497097133252
18 26 25 21 31014 0.9449309680866461
24 17 25 27 29376 1.084757637672633
20 2 18 11 33684 0.9729725616430148
21 19 9 20 31701 1.0771514989814073
15 11 28 13 56832 1.0570150048149867
10 29 0 14 84256 0.9835536940415521
15 29 17 17 36744 0.9201887591380192
21 17 3 29 82838 0.9786612392365868
29 27 11 4 106661 0.9056212541783917
16 12 25 7 39249 1.0416449665658054
9 27 26 14 85516 1.0167526542900336
15 20 18 28 32744 1.003914051857065
1 10 10 26 84684 0.9620800479978022
10 5 15 13 41514 1.0218214356355302
26 4 28 27 82298 0.9519981495420011
28 25 23 12 42011 0.9493096813645473
5 10 20 19 61652 1.0558739339735643
2 1 10 19 87234 0.9789454536559925
26 29 13 28 54772 0.9102048214973688
26 8 0 29 123168 1.0395749380940544
15 26 20 0 74091 0.9318808676305224
20 28 27 8 61071 0.9857112042531979
13 24 22 19 45084 0.9552601542935353
19 20 0 11 75456 1.0948087305577918
19 21 11 3 68440 0.9513462122456786
22 8 7 24 73354 1.0934722635678795
16 19 24 7 49285 1.0538171034368693
6 20 17 12 46182 0.9221458698933813
28 18 18 22 41389 1.0744608134520415
8 5 23 11 51526 1.0295362213913608
1 16 17 14 47453 0.9417735529635087
22 14 29 5 47996 0.9516241722546669
4 29 2 10 74826 1.0455211297532798
21 17 1 21 59077 1.023103110282625
25 18 4 24 74582 1.0484826738170536
0 1 13 13 88118 0.9936507394308505
16 0 21 21 64354 0.9585036393704387
27 4 7 18 82908 0.9389471301541029
15 13 6 8 32277 1.064818656125818
8 0 2 28 108982 0.9786923870737144
10 18 21 23 39934 1.0502877733318459
24 21 9 29 70871 0.9443280030187392
8 12 17 0 59574 1.0062684268991655
0 0 0 10 53275 0.9016332730661859
26 27 9 8 79084 1.0184945639654788
0 9 27 7 76039 1.0988863128719408
5 28 6 3 85679 1.0131509058696133
8 21 2 2 77024 1.0290074474502109
27 13 10 23 87122 0.9729409878427557
18 21 2 17 43896 1.0336717556976114
9 10 29 11 70135 1.022000300564899
14 8 26 0 47394 0.9352748065826413
19 28 26 22 39801 0.9796518721717887
12 9 25 2 48687 0.9941758576310268
17 0 0 9 70771 0.9331191531533607
0 28 11 4 121283 1.0014202474285119
19 4 1 12 69815 1.0320864912773922
21 10 17 29 54266 0.9481435976379238
25 0 7 12 74970 1.0247029039025128
6 26 13 6 80507 0.9516207711533844
23 3 15 1 34029 1.055806807395683
23 28 12 1 90070 1.0679481147691994
12 21 24 0 78207 1.0978675181292878
0 6 8 16 55604 1.0753865505431837
3 15 13 13 52507 1.000295074138361
2 29 26 27 88874 1.0344612577912553
1 0 24 25 118181 1.001039723309093
17 29 18 4 81091 1.0511386163282628
11 23 5 5 80406 0.9382074209948698
23 9 14 29 70035 0.9525189400562344
2 17 13 2 72074 0.9155560175418863
26 24 15 2 83313 0.9888773731430852
0 22 17 10 77399 1.0023395758261062
11 28 19 22 44191 0.98855972069322
2 17 28 14 65627 1.024585091466398
13 8 2 9 29220 0.9242703277678652
25 21 19 12 34119 1.0604905605152468
19 29 23 1 70469 0.9148487057707377
14 22 25 7 61770 0.9395846271045655
13 4 15 23 57431 0.9934961769320376
28 10 5 16 78586 1.0886098591156093
24 10 17 22 45119 0.9526236777725706
25 11 16 17 37936 0.9230847314665814
2 7 27 6 72156 1.052278523388232
1 17 18 24 58205 1.0901964862697824
24 10 29 19 38392 0.9397439070659872
20 19 11 5 63372 0.9170571491368281
19 25 16 3 68214 1.0631291807423542
24 9 2 18 69687 0.9614967410105248
4 11 15 9 41078 0.9629340134123819
16 15 28 29 67113 0.9975871283385828
19 13 2 16 47568 0.9215025270758952
23 6 10 21 67620 0.9067554332504681
4 7 22 14 65080 0.9159812900187881
17 27 13 20 28751 1.0103629917664836
14 10 8 21 46418 1.0540721504128476
12 14 19 3 55939 0.9903160601865117
6 25 23 10 76607 0.9850306793730655
25 7 11 16 59734 0.9163530591715224
22 15 20 25 26933 0.9073882345204637
16 6 12 23 57557 0.9693948404522241
29 14 24 7 37725 1.0271909065036051
9 23 14 11 55394 1.0604605955189266
17 20 11 2 67703 1.0910136046239198
16 22 8 5 62018 1.0815741165564061
28 8 14 29 85989 1.037080200648377
23 28 10 24 50420 0.9921511444536328
26 18 10 5 78831 0.9378978519326765
25 16 16 12 39734 0.9077040568157078
12 0 0 10 77078 0.9652471946431703
1 17 26 28 76725 1.0039560903246834
8 29 29 10 107671 1.0940365546352677
3 11 7 29 77605 0.993966900758414
5 3 3 23 80039 1.0986324191980432
25 5 9 4 65170 1.036008971423661
9 6 21 27 77242 1.0435331493942746
5 21 28 3 94363 1.0152870872006685
0 12 20 10 70956 1.000018386285339
11 1 13 14 69571 0.9883356560319495
17 21 27 26 43617 1.0427505387752412
26 12 8 14 64470 1.0208895457645668
21 15 19 23 22034 0.9719427029403286
1 0 1 27 111355 1.0722898301031114
27 4 21 9 33884 0.9372748807444257
29 27 17 15 59274 1.0102595974006943
24 13 29 6 38392 0.9282147810905551
16 14 29 27 66707 1.003017058158366
8 3 24 13 67758 1.0672562650719113
12 2 26 4 57907 0.9979572560888696
10 18 22 3 60442 0.9035639232638345
2 6 25 20 85681 0.9889470684131035
11 23 23 2 85577 0.9253456842402279
5 9 0 2 39751 1.077679843588597
6 14 7 26 46131 0.9525815344384461
14 6 20 2 30758 1.046635740553544
28 13 14 16 50636 1.0634989188757031
21 15 29 19 28322 1.0554719408778797
2 13 28 22 85785 1.0808707466403515
28 4 14 12 61311 1.0179525139113434
15 17 4 7 50488 0.9274857265625808
8 20 25 16 48584 0.9105856760626345
25 23 17 20 28580 0.9679653801729853
25 11 28 23 48869 0.9117860648536579
17 21 24 17 23640 0.90612092455538
16 9 26 22 60773 1.084146457433751
25 0 19 27 74539 1.0932650621735804
7 10 15 29 71194 0.9766691246253612
25 7 1 16 77760 1.0205610421648599
2 3 7 17 58555 0.9078528838668399
25 29 23 12 44253 0.9440507308383776
6 26 21 23 50654 0.9792701945110653
28 23 10 9 85213 1.0542349918113303
11 28 24 5 91310 1.0129408545331533
4 0 8 26 97141 0.9869337213233338
24 2 27 26 70060 0.9749281316284337
24 0 14 11 51880 1.050796922165396
14 18 8 13 26180 0.9992804058410651
27 9 2 18 82736 0.9160925455954066
11 13 17 2 59743 1.008541436587264
28 29 28 14 58058 0.9359108865828804
4 18 21 4 66079 0.9247539892046597
4 13 17 19 53121 0.9155250587212717
4 15 24 25 66047 1.0515898300771456
2 10 12 17 45766 1.0494940293052963
20 16 1 1 96743 1.0659357964610305
22 1 10 9 51742 1.0324776760251917
26 7 23 18 36264 0.9309933394883675
0 7 20 15 71648 1.0548161065871782
29 13 7 14 71731 1.0915037750153362
19 4 16 14 42817 1.036970740577488
3 25 29 17 81272 1.0329946475446892
3 27 7 12 61511 1.085839858777878
3 28 0 4 104459 0.9817608103915657
10 12 4 7 37539 0.9674703000618099
8 28 15 12 59722 1.0815125820419709
21 5 25 27 53460 0.9904934649315623
6 2 0 24 98011 1.0961158093450367
10 21 0 17 33955 1.0339021970442739
17 8 5 21 55132 0.9123771928142569
15 6 7 9 28391 0.9056076734312658
22 14 2 15 59679 0.9036783287976488
16 0 11 23 81698 0.9997894511370715
17 5 15 29 66395 0.9146287255534913
0 19 11 6 74142 1.044327617503826
9 17 18 28 50695 1.0076117417609232
17 26 1 0 113957 1.0248781009915757
11 13 26 2 77105 0.9712825127522069
22 10 6 28 87198 1.0419442952953686
21 4 27 10 32889 0.9682159201141736
17 27 7 9 74189 0.9383322682925255
9 11 23 16 56191 1.0048281896838176
16 3 13 26 67459 1.0104459695709784
15 28 8 16 44320 1.0268037605722267
12 0 20 6 46907 0.9302968201537939
11 24 13 11 58623 1.0058859571695657
2 29 23 20 81679 1.0377269814695276
14 20 2 17 33369 0.9939786640009319
10 23 14 4 76177 1.0069089892011076
28 28 3 20 82729 1.0590707337523537
6 17 19 24 45324 1.0156074644470303
29 22 29 11 39620 0.9524387231141525
21 19 6 28 64055 1.0215350483458943
18 8 0 16 60774 1.0179243979655803
2 12 27 20 79209 1.0561178274361986
8 10 23 2 52229 1.0638278641685839
15 11 2 29 79977 0.9884467947858075
18 8 3 11 51962 1.0867580493556839
6 16 1 11 38692 0.9361251795170257
25 29 17 5 75349 0.9863537399442512
19 25 27 1 76114 0.9605437600715726
6 26 2 17 38120 1.0527051219230266
7 10 27 7 61829 0.924614978536115
5 1 12 28 104211 0.9821121609271177
7 19 12 3 66883 1.0597391310682238
14 27 8 8 65536 0.9395038484244196
15 7 15 26 44855 0.9451549525727831
5 21 22 28 61400 0.9899366784380166
12 7 25 0 52622 1.0744009215373465
23 11 21 26 33387 0.9901452992457485
1 1 2 29 112697 0.971109622205
3 18 2 1 67290 0.9860918378956389
28 17 1 28 97886 1.052932417277358
20 27 12 15 53827 0.9127172500942436
29 5 16 24 82502 0.9411777247918608
23 15 12 28 60447 0.9196595706880369
26 24 14 21 50668 0.9155417096542487
29 24 9 14 82316 0.9612268619901935
8 3 16 10 42863 1.094664726531662
27 12 15 14 51722 0.9042903601534052
20 23 13 10 55117 0.9281610161272175
26 0 3 19 102721 1.0069500421359794
26 23 2 14 82825 1.0626494895961973
27 15 21 9 39805 1.0390620740327858
10 12 15 5 39466 1.0130631068864937
21 5 16 22 47061 1.0769774635833016
10 18 16 29 52985 0.9260581360845342
22 8 7 10 40822 1.0609248004015503
21 0 15 15 44107 0.9359523919908996
11 9 24 21 62738 0.9343536417106177
6 22 23 13 61222 0.982238083558426
7 11 21 3 52300 0.9776537922378439
14 14 0 2 81742 1.023937579124915
12 2 4 14 69198 0.9131117953317615
9 24 14 13 55396 0.9771358362927715
16 11 28 23 65649 0.9636308511880037
26 3 4 16 82270 0.9880348993629633
24 8 17 0 41729 0.9489530619969889
7 15 28 1 93429 0.9777135995294618
29 23 0 7 109699 1.054707008761187
8 17 4 2 62399 0.9667276744030945
9 3 23 1 52235 0.9994084080871145
13 29 29 29 70571 0.9349936824709711
23 21 5 26 60239 0.923471707104689
2 4 20 5 65651 0.9492567733504034
10 18 24 6 60152 1.0311573500070963
3 21 13 29 67983 1.0717381052824502
16 20 5 5 62434 0.9369541953938667
4 0 6 13 50634 1.0705495227999866
20 8 22 25 38430 1.0438990806735335
18 4 10 26 83195 0.9746780329813747
23 24 22 6 41949 1.0764256256896225
21 24 19 0 56428 0.9128894902355482
3 0 5 20 73373 0.9090629137022643
20 3 6 5 55773 0.975163971111966
8 10 12 18 34616 0.9697957190679667
0 18 26 15 65813 1.0898321283387025
25 8 25 22 44062 1.0520327595429542
15 12 26 29 64049 0.9971918342469189
4 18 10 14 38469 1.0156443985277757
26 29 16 6 76593 0.9208953684912793
1 28 11 2 119197 0.9659756958748001
6 20 20 17 39670 0.9183259370878788
26 12 11 9 55969 1.0510395440243268
22 21 6 17 41686 0.9692470103286946
21 11 19 19 20973 0.97164275034303
3 18 22 28 69392 0.9657652221211676
27 16 18 14 34346 1.0028084990261907
28 19 0 2 115257 0.9383568163631176
20 22 22 1 51916 0.9229671424075571
22 27 5 3 95031 1.024370763536494
23 6 0 20 83768 0.9068297964616104
5 15 27 18 56253 0.9695070005363597
6 3 2 17 55840 1.061623325391998
9 26 28 23 66801 1.0570923998707449
2 12 2 1 39857 0.9140051848167084
18 15 4 25 62941 1.0062484652240884
3 20 28 16 66819 0.9275718186093297
11 2 2 5 43823 1.025320860566429
20 3 28 20 55280 1.03065227051881
27 15 27 26 51034 0.942999463856717
4 19 26 12 74451 1.0614192037038017
7 29 11 4 107959 1.0667307558150707
21 7 11 13 49150 0.9767709494076653
24 0 9 13 77536 1.0099255388363857
25 29 14 4 83703 0.9366406860455313
26 25 12 15 57564 0.9905126516631585
17 26 3 27 51094 0.9484289951500763
23 24 9 12 63073 0.9288174581089291
28 17 7 23 64549 0.9900745704434133
12 22 22 4 68395 0.9266618997865628
19 8 2 17 53551 0.9601552746841185
24 19 6 18 45690 0.9935619187944276
18 18 4 4 76222 0.9398848496548755
6 19 19 19 37933 0.9634709291354135
29 12 24 7 31436 0.9683441042962908
20 15 9 5 61710 1.0683329451167096
3 24 20 13 78569 0.9898992912559743
0 29 26 24 98801 1.0369989941117845
16 12 6 21 44407 1.0164964496969817
6 0 19 24 98558 1.002743921161137
3 23 26 20 76715 0.9785705483781045
11 2 19 24 83286 1.0565484137367855
19 20 8 17 30223 1.0860950433558503
2 2 16 25 94078 1.0041811760720738
23 16 5 25 65379 1.0721468110002685
5 4 18 20 71362 1.0041178821994061
13 21 15 29 28892 1.052490523962881
13 19 26 13 57084 0.9358107789609665
18 28 4 27 57348 0.9866845915393394
11 29 7 1 114620 1.0078000271962402
15 28 26 20 47938 0.9734066619061286
0 8 26 15 82053 1.0408173433952088
21 12 7 20 47994 0.9524959413061751
4 6 1 29 93883 1.0142157660726265
27 9 1 16 86964 1.0570447705768613
27 28 16 27 44865 0.9820676146316755
13 19 2 23 46725 0.9991464008525405
1 12 27 16 79594 0.9370846449692258
14 21 11 11 45492 1.0455521291022845
29 23 7 17 67274 0.9169944505934093
8 1 15 16 58682 1.0325884865785593
29 7 15 11 47558 0.956664370124754
21 3 27 24 64886 1.0291868321000925
12 21 28 4 85292 1.0558115089462194
27 24 3 23 88130 1.0899092227827474
12 18 23 1 61169 1.055591274048018
23 22 11 23 52333 1.0424036185820817
15 13 21 1 39041 0.9350240021296943
28 26 17 24 40033 0.9347239307808223
29 11 5 26 100929 1.0919031904819287
26 12 9 6 65470 1.0535863392823752
4 10 24 15 71962 1.0560892340006705
1 21 21 18 60020 0.9121813080984263
2 5 12 13 62196 1.0773700255750145
15 19 4 28 54567 1.0957528249024253
16 9 12 27 60110 1.0410929403619185
25 9 18 16 43039 1.0661551442395951
3 3 9 18 68606 1.014591075325235
7 25 6 8 65055 0.9721784700471533
11 3 17 7 32363 1.0195407559824665
18 11 20 19 27481 0.9378647465484304
7 11 24 0 69928 0.9461668403668363
15 18 8 0 66582 1.0580308051457796
13 7 14 27 61340 1.0751150519951134
6 24 29 9 98882 0.9231148377253606
5 8 16 29 79906 1.0191607915883476
24 9 29 0 41680 0.9783263371250012
23 18 17 0 59106 0.9550542876220424
17 10 8 25 63697 0.9965136811447952
5 15 3 2 54554 0.9708787174976793
24 5 5 25 93167 0.9447300718664666
2 23 10 8 68234 1.0784484073989133
20 11 5 14 57266 1.0895238497386384
2 29 19 26 64382 1.0168875754377413
24 8 18 22 47296 0.9040450248060196
10 13 21 16 53385 0.9174355398030174
1 7 1 17 42650 0.9121295391900686
17 11 6 9 37728 0.9448623184466242
2 24 22 1 104320 1.0004604910466233
11 6 20 21 60221 1.0906968544052082
12 26 18 19 37933 0.9662076709128581
3 3 16 5 51436 0.9220161427648036
18 9 15 20 39085 0.9618394320919906
7 5 19 7 42037 1.0339174857291107
6 9 16 0 49262 0.9531901363233516
25 11 27 29 64633 1.0808589567410918
16 4 6 16 54755 0.9514975642111921
12 5 26 27 85591 1.006739129522898
24 1 7 27 103956 0.9693350629797457
12 23 14 12 43699 0.9340432518889401
7 5 28 9 64640 1.0343222105475656
14 21 9 15 35815 0.9216072035286754
0 16 24 2 87877 1.0367217836369655
23 4 8 10 48271 0.982908048667607
4 19 17 22 44423 0.9866695278084142
20 21 17 10 37544 1.0928006804515267
11 25 7 9 68070 0.9364513703633819
7 4 5 17 50619 1.0199200493819431
22 26 14 3 69976 1.087213180834887
20 26 27 0 76266 0.9031399358662268
10 2 11 26 92488 0.9028824181035692
1 7 10 24 90131 0.9453142409277158
22 3 10 24 85350 1.0371880568025267
23 19 4 4 81510 1.0479124562930422
8 24 23 8 75361 1.0599808518945801
3 14 16 24 65435 1.036937450181022
13 3 23 3 35765 0.9855892767827418
5 3 22 11 63483 0.9053026476949778
3 7 22 16 68074 0.9550506787890307
4 28 5 2 87393 0.9715705264182946
10 7 6 27 79732 1.0829715554649344
9 10 22 10 48017 1.052804577766317
12 27 11 16 52203 1.0819589316150362
4 2 11 29 118946 1.0636705003640547
24 14 27 21 28647 1.0594631987503274
21 18 2 2 84466 0.9266362983635189
19 22 28 5 64470 1.091264755222203
29 20 0 21 79442 0.9558826580169542
19 15 25 8 31630 0.9658619338955765
13 22 17 29 35849 1.0838748724945648
2 7 7 14 39383 0.9038193526106642
20 0 23 27 61758 0.9833695447133273
11 16 29 5 79105 0.9419012118679919
4 16 19 3 69192 1.0073445926320121
3 10 20 7 53480 0.9502699823992403
2 27 14 2 102143 0.9625927402251184
10 24 8 14 49286 1.0395916555224878
28 21 3 2 113012 1.0522728156879024
1 6 21 14 68136 0.980404421097068
0 4 7 14 60288 1.0265765953212924
10 24 15 18 38613 1.0622028213733157
22 3 11 2 46441 0.9723361196559883
25 25 3 0 113063 0.978991059361446
28 4 15 27 90741 1.0518698085288138
5 13 15 25 52693 1.0175497849243529
25 18 20 28 36384 1.0905554026048982
6 9 28 18 74713 0.9802201913374531
12 10 2 11 45205 0.9123686203077274
7 0 14 25 90579 1.0637610975074843
1 13 12 14 56234 0.9473916142630103
2 11 26 15 80001 0.9399649443549465
20 22 16 7 46211 0.9886008610643943
26 4 8 14 76403 1.01116989804485
21 18 4 26 66987 0.957509903409133
2 6 27 13 86718 0.9730675031223782
10 1 19 26 98094 1.0611581116835886
10 18 6 3 63041 0.9543180838148155
28 26 23 13 44335 0.9961015095514266
2 18 17 21 43827 0.9666771637375284
10 2 6 20 75187 1.0624236657291837
23 18 17 9 38319 0.9736235928435983
2 15 12 18 32537 0.9233442850005595
10 6 12 15 52439 0.9600106485561557
29 1 21 3 29437 0.9218206147295821
4 1 13 0 45451 0.9778764690019884
29 14 25 24 43072 0.9315410209292152
14 3 9 14 58317 1.0285943946154865
28 14 23 19 27234 1.0156735936000754
18 11 6 29 87049 0.9555426921275673
7 29 13 14 75745 1.063897799871045
13 19 19 1 62580 1.0089486357730055
19 11 4 29 86011 0.9788518953849685
5 18 15 29 54745 0.9624361720519752
18 24 16 2 72985 1.0552266751208401
2 18 19 11 51680 1.0099814343058027
10 10 19 22 61241 0.9819192215483663
26 0 24 9 32368 1.0429812227585158
0 19 21 27 72192 1.0747712448075406
28 4 12 5 64688 0.9105304519064195
9 13 29 3 83515 0.9707113693013987
5 9 28 26 95143 0.9776497502696109
8 5 10 29 94412 1.089827884697335
28 23 0 28 99871 0.9315400853683855
1 14 14 24 66831 0.9173896420383078
19 6 29 12 46193 0.9360925110429125
27 14 20 20 36155 0.9394157719252648
1 25 4 15 45815 1.0934253859700116
14 27 23 17 46846 0.9786516139059891
27 5 11 10 67200 1.0369827749458755
2 5 22 7 60992 0.9678283682247495
24 29 9 14 74604 0.9593451911467221
10 7 23 25 68538 1.023794970596832
18 5 1 3 61649 1.0882084604700668
1 19 17 1 84169 0.9252224401067382
27 11 20 16 41452 1.0586223372497254
2 21 5 12 36903 0.9770558460339246
8 2 28 8 70113 0.9141337293338504
23 4 27 24 62203 1.059179797621508
13 2 23 2 42896 1.0691452596849338
12 0 20 5 45029 0.9887640404733188
19 10 19 21 27109 0.9596971182542701
16 27 26 9 74143 0.9786454079043392
14 2 18 17 49446 1.0112291061578136
10 11 19 9 43621 1.0883129508317189
14 18 9 1 70904 1.0200261515434543
28 12 11 22 79229 0.9219316506742812
19 14 29 21 40105 0.918755301388343
13 26 0 3 103513 0.9218504083466073
11 3 15 24 66054 0.9651527832503107
1 16 22 15 55709 0.9351904122543964
25 28 18 22 40983 0.9163446356345969
24 18 6 15 46367 0.9469050680120452
12 21 26 18 51980 0.9412779287705394
17 29 18 1 86907 1.05783120638222
1 10 7 5 36764 1.0660262333138995
23 21 7 14 52742 1.016304645018728
13 8 24 20 49153 1.0682198630453184
19 3 1 4 66985 1.044513047115411
26 17 18 11 33489 0.9162282473453248
25 8 13 6 35863 0.983035173858784
23 8 7 6 42918 1.0109641830708203
27 1 28 17 62921 1.0404130214485097
10 17 18 1 61927 1.053453181853022
24 16 6 16 42017 1.026619552940308
27 15 17 3 63843 1.052725370115433
6 3 9 29 102577 0.9017985768957141
2 13 6 7 32599 1.0342015919936283
8 28 25 17 71726 0.9436822863255393
20 12 26 26 46025 1.097091247325743
23 16 13 27 52460 1.045034485322873
26 21 6 28 73584 0.963796767806439
3 10 18 8 46327 1.0646825695687745
17 26 0 2 108842 0.9713774657151493
25 4 3 23 107687 1.0287978409541165
5 3 18 23 89865 1.053059618230906
22 4 12 4 44925 1.035912574137767
2 9 8 26 73304 1.0560995779220868
27 0 10 28 117402 0.9035136120922981
14 2 20 29 82451 0.9767649892328043
29 23 21 26 30831 1.0974700756206455
22 25 21 15 22068 0.9442256652738541
2 25 9 9 71152 1.0834287457904275
23 22 21 13 20517 1.096793881764144
29 10 26 20 41505 0.9085045060757776
15 7 25 11 35337 0.9785120949779227
13 24 18 5 68292 0.9257030310019353
17 3 8 25 78689 1.0022703569133158
8 11 24 9 50421 0.9763200877614281
1 17 4 8 37669 0.9987079326389363
22 8 22 18 27158 0.9671007764550132
24 16 29 23 36451 0.9768347683932633
8 12 13 2 53191 0.9917872959437414
12 19 0 21 41361 0.9813386417254818
13 9 12 19 46051 0.9854674809171567
10 3 5 17 60784 0.9884459985631225
10 5 0 25 94089 1.0985694627059124
5 16 14 0 67437 1.0840660582216244
6 2 8 12 41923 1.0192296152064642
2 10 6 27 67318 1.0184744438434075
21 11 10 14 56559 1.03956014316463
14 17 7 23 32972 0.9387809478630271
17 25 5 27 40357 0.9372394421567725
25 26 14 28 43965 1.0219413039905085
3 11 13 29 92627 1.0521440816782144
10 14 26 21 66254 1.080869885791682
6 4 12 11 45529 0.9437192004573477
23 5 14 17 45778 0.9705231794231832
1 11 26 19 89427 0.9261772087065694
0 27 18 28 70227 1.0171425011917343
26 5 3 6 74551 0.9805270153646618
7 17 26 21 50953 1.082534355070744
28 28 2 10 108316 1.0085358401254436
8 19 20 20 33745 1.0980553269422724
1 15 22 4 80589 1.0418811590926045
28 21 1 0 124461 0.9595006211198104
25 29 7 12 82137 1.0198450576242517
16 25 4 6 75511 0.9937981783293769
22 8 18 20 33120 1.0645331193766912
4 28 22 24 66332 0.9248933850460844
11 18 29 25 65156 0.930481969735815
20 14 4 14 56619 0.9248609582251014
22 1 4 24 99891 0.9638246107438903
9 21 19 14 43745 0.9779947384263526
7 25 13 15 53415 0.9445613181380748
27 23 1 15 86961 1.0592086042832136
7 22 20 16 48018 0.9376119450612893
22 14 10 13 64457 1.0806228963816504
19 28 25 16 40955 1.0954241162932594
7 23 14 13 47113 1.0878422050672392
2 19 18 28 69280 1.0984839060739535
17 16 6 25 53642 1.0114255987390552
3 2 9 25 97551 1.0524332171769308
10 28 22 21 57605 1.015864931519595
29 27 8 2 113122 0.9875971162250027
13 15 8 27 58629 1.0638023654629456
17 1 13 21 63766 1.0412663549191312
6 14 21 5 60481 0.975222226409622
23 6 4 11 60908 1.0679323004573327
28 8 20 23 55330 1.0488112145420412
26 1 1 22 114078 0.9841737434910947
7 3 27 1 75381 1.0597616773805825
27 10 15 14 53047 0.9419697551640265
14 28 0 26 56139 0.9002772092851898
23 19 11 8 47924 1.062765123590471
29 29 11 1 121825 1.0269571015564543
6 16 18 20 35209 0.996669199655831
21 25 19 3 50261 0.9098828677369495
19 16 22 23 25063 0.9350530521749703
4 23 18 15 61721 1.012555586607778
14 18 5 16 22806 0.9326153082215782
13 15 1 27 72967 1.0230291827686426
9 21 1 3 79649 1.0145380103189792
11 6 7 14 44560 1.0057519479727257
10 15 20 5 60301 1.0610385508664537
19 12 2 14 57078 1.0465888934408538
28 3 29 28 89128 0.9547902079066404
3 10 21 1 66220 0.9181152132366263
11 28 17 7 71135 1.0571522246316214
21 29 8 6 78344 0.9215738157846851
6 12 16 15 43863 1.049071430294762
16 19 23 15 27708 0.9169573344647935
18 25 10 8 59853 0.9370220506767035
24 20 12 14 47679 1.042206526940512
22 6 16 27 62225 0.9006277249588298
25 29 17 6 71409 1.0526999617439705
27 18 29 2 61559 0.9085965808906324
14 25 22 18 40633 0.9263343673737782
14 22 2 5 79195 1.0773492096746722
21 29 16 8 53292 0.939845761236851
29 6 7 5 71154 1.0550054710233154
1 19 27 16 69156 0.9693206518719724
23 9 1 0 84761 1.037051139097886
25 24 4 3 101744 0.9132706385229974
16 7 22 27 56788 1.0102184610826332
23 29 29 6 68096 0.9331903962720915
23 24 12 13 56460 0.9955101943328191
29 21 20 5 58423 0.9570746587140524
24 9 11 17 48400 1.0030995384241168
2 12 24 12 74354 1.09670163812313
23 11 29 17 25985 1.0728100252489388
2 6 21 1 65337 1.0674491629894156
27 23 6 8 86781 0.9369817483881888
15 18 21 24 27925 1.0507839971568904
17 12 28 22 55906 0.96840400882786
22 9 14 7 26719 1.0349420877610682
24 21 27 0 64493 0.9037880397512824
3 24 18 7 85323 0.9009296723541721
8 25 25 0 98307 0.9680957092625988
26 9 1 6 73434 1.0684776056817045
13 24 12 15 45169 0.9783225429078419
20 18 2 4 81247 1.076944391392105
19 24 9 28 47413 0.9125566844217421
9 15 11 4 58057 0.9364549338326531
0 17 9 14 32586 1.0132455688994306
6 19 27 5 86110 1.0836269249714021
23 15 1 17 47920 0.9623960700699424
6 26 17 29 47660 1.0537245667369228
21 8 1 7 51110 1.0455211674770402
4 0 14 17 72745 0.9255336998724403
21 5 26 27 56898 0.9660135088741496
3 23 10 16 51180 1.0982304839887518
0 13 13 10 67084 1.0636055909463622
5 12 2 29 64347 1.0986446542717252
1 14 9 26 66189 0.9726516723113617
8 6 25 8 46106 1.032344959795013
16 29 22 6 68958 1.0166939420413978
27 20 15 13 42441 0.9584394993846608
17 24 0 24 54409 0.9989005381939832
29 21 0 28 103983 0.932722853607414
20 19 29 17 25105 1.0109885244375967
16 9 12 24 55557 1.047690330169828
4 1 23 15 83542 1.045926121747564
21 28 25 4 62315 1.0851204521793598
21 26 6 14 59021 1.0729045799761985
9 19 17 8 45154 0.9338892727660602
2 21 10 1 95323 0.9523380829890504
1 23 6 8 68288 1.0000040546817148
9 2 18 8 47255 0.9849056734674192
9 4 22 13 65848 0.949589077013705
13 1 18 18 65034 0.9669910808292552
13 24 22 22 39447 0.9188929848704162
2 1 2 29 106199 0.9653634315597502
29 5 16 20 68669 0.9967338768636349
13 10 25 27 69625 0.9774038220134131
27 23 16 19 46300 0.9074862608452096
27 5 28 23 72659 0.9395151494455578
4 15 26 26 77016 0.9968792078648921
29 16 16 22 45801 1.056374131433602
5 8 26 5 61186 1.0671070560706999
12 13 3 24 69194 1.0238715000797654
3 27 23 12 88055 1.0527839548741456
11 17 1 8 50830 1.010274370529812
18 15 21 7 26481 1.0824561068418723
21 7 1 14 71559 0.9508762094990963
2 25 15 28 44239 0.9834418201906809
25 28 9 19 63350 1.0867332944101296
13 26 11 0 90729 0.9220926037520816
28 7 1 5 82018 1.02888324480096
17 21 11 5 59427 0.9776653002089977
4 5 26 8 63736 1.0747034028115285
16 10 27 5 49085 1.062296977090741
20 7 22 19 33884 0.9060138273932302
11 1 25 28 105245 1.0757540406202069
14 28 23 6 72842 1.0108659645832305
27 27 6 13 82957 1.0540274079936134
22 19 15 14 30028 1.0908151782665354
14 17 0 14 43113 1.0333459221969352
12 21 24 20 35636 1.0353100669224593
27 6 17 6 37143 0.9916144904522043
17 22 26 21 32564 1.034139767530462
14 24 3 10 76675 1.0267052541075605
8 7 24 25 72347 1.0379969437604384
12 16 29 11 62484 0.903720966727727
22 19 2 25 70575 1.0600594893391988
5 2 24 11 72118 1.0320516319211142
25 16 10 29 79296 1.0819752361506845
24 9 9 12 57157 0.9295085064630357
29 14 14 19 51300 0.9455092280049366
12 23 3 20 37390 0.9481047260295882
23 25 20 4 49497 0.9658428569074551
24 18 13 6 52571 1.0261831628462037
0 18 29 4 101351 1.0598986348616937
0 16 0 26 51946 0.9226800115025571
25 6 13 22 70756 1.0712718892115343
16 28 10 11 70672 1.0474967810940299
9 26 3 4 97559 0.9743684794668932
17 13 10 9 39630 0.9622160648070226
21 12 29 9 34250 1.0481943297202838
22 5 9 17 52204 1.0304723895149608
7 12 11 24 61740 0.9137927253967456
25 14 9 9 60866 0.9191328709058593
29 28 6 8 97936 1.012981067838006
14 20 12 28 35288 0.9084151443256576
21 28 25 16 32902 1.0138083751805314
15 7 27 2 46969 0.9033883849572516
11 25 2 22 37475 1.0060004100209317
10 2 17 8 41201 0.951687150227804
20 9 13 23 63018 0.9479136244210326
5 14 23 21 54790 0.9818531743386084
25 6 28 13 35744 0.900940930284244
20 25 6 4 83991 1.0140795786107804
18 6 14 29 69923 1.0873254455488317
14 14 1 29 82812 1.0907899719751533
1 24 24 15 82393 0.918720938898975
4 13 23 20 64279 0.9807516582597924
12 22 29 27 68879 0.955787837559563
22 1 14 29 86579 0.9749180036773988
14 4 28 25 81461 1.0259213026492946
8 12 28 25 75711 0.9474076558346902
4 13 28 6 85620 0.9970370816322255
28 3 21 24 61817 1.0665083816082594
17 16 18 0 55572 1.0369492324017016
16 10 27 3 44620 1.0148940870616143
12 3 6 21 74029 0.9010477429841449
3 24 17 29 58055 1.0806474232947725
14 29 19 1 83146 0.9972478997835489
14 4 18 27 71193 0.9882525594904374
7 21 18 11 56909 1.0319700732978527
25 20 9 25 53016 1.0712794433153277
5 21 8 6 56374 1.0995084686872263
12 9 1 9 37157 0.9226309938217913
7 25 25 24 52894 1.09436285365127
16 9 25 27 63460 0.9779714451988887
19 5 22 26 52180 1.0307101533878402
14 12 24 17 33716 1.033996293259916
18 8 11 19 47195 0.9894810195932552
7 0 6 14 56728 0.9007185211588316
0 7 14 23 83039 1.0319788191639763
18 29 2 7 98890 0.9998183608373548
0 1 14 11 75552 0.9037079226773956
13 23 1 26 52132 0.9919582361297308
8 29 3 1 111150 1.0732030756948232
17 27 21 10 47583 1.078061413301203
3 0 28 23 122971 1.0182963642636498
19 1 2 4 66023 0.9094571788062276
20 4 28 14 56409 1.0382800565155084
26 2 6 23 99145 0.9481420917121741
17 16 8 13 34153 1.0381038481040403
29 16 2 0 112597 0.9654593730104486
19 28 10 5 87480 0.9774148859173264
14 28 19 5 70809 0.9958698356853888
20 6 10 23 76493 1.0423730781273837
9 0 24 3 67982 0.9550995901154464
24 9 10 9 42899 0.9343751697763191
8 19 10 9 44209 0.9387852601686423
28 1 15 19 75244 1.0340762918741861
28 26 27 8 67267 0.9214777446347027
2 0 19 10 74753 0.9250280968084316
24 8 3 6 56648 1.0460619573157697
14 1 19 26 78528 1.0161704729385592
7 21 24 22 52191 0.9514681554242534
20 9 6 7 38710 0.9689937632081722
23 17 6 17 34665 1.0417479430506102
12 18 9 10 38767 0.9634353767899331
18 14 2 15 53891 1.060457641843233
26 28 4 17 71623 1.0776421133461696
8 1 12 8 34493 1.0093546306962684
8 10 18 5 41595 1.0663120541365667
14 26 3 11 77223 0.9852842680786739
0 24 26 28 85750 1.0763008808307197
11 2 17 22 73851 0.959557911069082
28 26 10 19 68497 1.0310381874925538
2 16 2 27 43751 0.9170365839501727
9 16 26 6 70356 0.9343097562916358
28 5 15 21 71976 0.9089991258037522
12 10 19 4 40474 1.0376860534618206
13 29 5 11 80626 0.9588341406745562
17 3 10 19 63336 1.0932589835526847
0 4 18 0 74318 1.0573682003203704
18 3 7 11 55273 1.0475661882718788
17 2 28 19 71975 1.0872250014374112
2 28 5 14 53563 1.0310499622884948
