4435 4360 4382 3668 4187 4390 4580 4194 4279 4623 3536 3364 3779 2984 8534 7836 7023 7021 7001 8449 7897 7634 7120 8041 8024 7849 7152 6949 8312
6383 5240 5335 5173 6490 6779 6014 6175 6506 6735 6643 6909 6662 6103 6788 5549 3249 3179 3727 2410 3197 3670 3306 2399 2330 2204 3102 3816 2365
2287 3220 5656 5208 6179 5049 5488 5780 6244 4851 6059 5670 5471 5814 6249 5305 5875 5570 5850 5109 6285 5311 5723 5001 4949 5475 5503 5615 6318
5835 6632 6180 6781 7224 6972 4356 5182 3864 4840 4593 3435 4896 5003 5116 4987 4592 4382 3743 4974 4616 4105 3471 4977 3898 4573 3469 3854 3778
7540 8100 7972 6761 6331 6445 7010 6951 7715 7577 6499 7254 6379 7337 6412 6382 7185 7010 6637 6965 7929 6972 7781 6341 7386 6533 3972 4948 4151
3254 4520 4063 3284 3308 4884 3892 7871 7538 8119 7386 8190 7566 7963 7554 8271 8545 8616 7565 8162 7422 8402 7931 8769 7636 7930 8407 7334 7140
3108 2425 2629 2587 3400 3524 2128 3142 2784 2945 3718 2108 4160 3751 4327 3098 4548 4389 3093 3423 3738 3916 3413 4786 3297 4144 3531 3853 3497
5205 4977 6409 5936 5428 6112 6059 6264 5628 5170 5311 5009 5833 6491 5559 6024 5987 5488 6190 6735 7262 7399 7510 8084 8529 7371 7762 7190 7427
7454 7215 7806 7073 7846 7260 7761 7128 8118 7168 4039 4454 3947 4811 4533 4356 4762 4499 4781 4391 4445 4332 3496 5095 5196 3997 3630 4565 4815
6488 5584 6027 5369 5979 5907 4908 5463 5427 4894 6291 6185 5435 4936 5465 5768 4926 4934 4907 7282 6803 6104 6855 6458 7265 6421 6694 7677 7442
2882 8272 7316 7614 7957 7383 7902 8531 7356 6901 8420 8136 7545 7002 6890 7055 7249 7319 7385 8227 7595 8202 7070 7580 7651 7734 8527 7041 8037
8170 7851 8181 7470 8109 7421 7935 7591 7554 8629 7660 8664 7223 8912 8120 8806 7705 7446 7214 7681 7974 8728 8257 7301 7238 2524 3421 2734 2347
4927 4628 4107 3452 3692 3204 4073 3261 3391 4630 3562 4395 3119 3788 3702 4320 4832 4879 4295 4694 3127 4772 3895 4240 3738 3561 4160 4593 4089
6809 6148 6921 4126 4201 5161 4542 4494 4792 5560 4344 5254 4940 4769 4358 5345 3927 5448 4825 5428 4222 5548 4128 4842 4703 4870 4881 5355 5386
1511 2995 2852 2671 2541 2416 2223 2547 1466 2105 2836 2187 3039 1554 1887 2683 1756 1973 2669 1665 1570 2763 1486 2721 1722 1820 7780 8554 7499
6267 6788 6794 5776 6669 5995 6201 6882 6359 6949 7815 8083 8140 7390 8639 7097 7141 8598 7907 8725 7944 8691 7547 8260 8412 8693 8134 7607 8028
2097 3489 3005 2129 3503 3308 3462 2050 3316 2459 2700 2601 2586 2101 2939 3092 2134 3327 1907 2908 7113 7412 6859 8204 7867 7108 7531 7373 7814
8423 8497 8006 7344 7720 8218 7188 8515 8842 8210 7698 8561 8807 8445 8425 7250 8250 7602 8386 8394 7721 7680 7167 7912 6953 5587 7027 7093 6071
4226 8478 8279 8416 7645 7503 8507 7444 7711 7883 7289 7225 7604 7625 7486 8227 7828 8660 7646 7885 8434 7413 7393 7390 8424 8310 7626 7852 7168
4539 4548 5511 4852 5051 4921 5094 4400 5047 4211 5569 4777 3959 4740 5211 5189 5252 4647 4650 4967 5056 4466 3700 5238 3926 4382 3862 4681 4578
8408 7634 7385 8609 7808 7801 7782 7954 7841 7724 7857 8709 8186 7942 8115 8138 8685 7576 7111 8469 8424 8419 7511 7466 7008 7439 4370 4311 5232
2782 2582 1719 2392 5323 4728 5698 5422 4102 4521 4840 4460 4200 5053 5266 5257 5451 4789 5473 5664 5735 4687 5196 4123 5337 5609 5487 4607 4308
6603 6268 5354 5910 5931 6494 6185 5826 5021 5347 5464 5337 6023 5725 4150 3459 3738 3328 3907 3454 2930 2953 4063 4003 2870 3459 3745 2935 4377
7374 6789 7467 5950 6973 6394 6997 7480 5809 7213 6969 6936 6998 6987 6523 6647 6741 6297 6025 6346 6710 6442 7317 6623 5966 6163 7285 6894 6518
7650 6642 8034 7367 6963 8036 6419 8077 6750 7092 7100 8083 6446 6801 7825 6684 7695 7477 6797 7878 7260 7110 7955 7214 8114 8015 6553 3740 4811
3352 3464 3183 2750 2644 2747 3122 2874 2550 2220 2791 3748 3343 2486 3109 3343 2228 3094 2464 2416 2865 3296 3298 3945 3564 3271 3492 4262 3519
8460 7956 7883 7737 7971 7932 8479 7477 8482 8073 8913 8693 7271 7680 8728 7433 7049 6873 6599 7787 6914 6454 7682 6940 6319 6909 6465 7531 7593
5989 5035 5840 5884 5251 5429 6637 5060 5647 6680 5572 5725 5509 6057 5277 6192 5717 5934 6695 5121 6550 6146 5763 4982 6607 5360 5429 5554 6169
5163 4487 5753 4421 4576 5715 6099 5267 5282 4584 5591 4499 4521 4483 3788 5177 4742 4414 4591 3837 4884 4988 5234 4515 4548 4640 5002 4671 5481
4841 4988 5144 4829 4692 5342 5212 4987 4021 3945 2691 3110 2631 1720 1917 2148 2261 2525 3320 2853 2708 2563 2818 2872 2176 2570 2911 1770 1704
2473 6863 4329 2258 5344 6208 3818 4361 7892 4170 3966 4559 7775 4534 4479 6514 5932 2002 7372 3769 2478 5130 1980 4465 4389 2470 4734 3867 3505 2336
1560 6732 4012 2500 4964 1943 3940 4349 8103 5194 3331 5565 6889 5574 3949 7006 5571 2287 7145 4502 2885 4661 2895 3827 5981 2852 3313 5088 2645 2575
1063 5811 3617 3160 5621 2700 3136 4184 8462 4876 4314 6140 6057 6828 4755 7576 5406 1805 7039 3977 2263 4592 2703 3074 5842 2604 4076 3616 2244 2810
1887 6266 3401 2867 5552 2287 4329 4400 5608 5550 3651 4891 7456 5577 5203 6602 5766 2603 7740 5263 2842 6319 2982 3265 5562 2205 3506 5139 2596 1983
2134 6422 3355 2435 4870 1675 5896 3857 4945 5157 3505 4989 6903 6739 4027 6064 6065 1797 6986 3821 2789 4930 3094 4259 5126 2115 3633 4594 3773 2405
2726 5489 4718 3541 5878 2732 4816 4268 5235 5268 2645 4609 7270 6278 4971 6891 5789 2065 7582 4270 2218 6258 2196 4365 7242 2129 3309 3956 3283 2216
2488 6858 3601 1837 5588 2183 6239 3673 4818 4985 3796 5561 7488 5584 5398 6179 5497 2556 7286 4383 3511 5259 1470 3618 8659 2996 4707 4325 3635 2799
2793 5460 4146 2361 5193 2083 4830 4238 6045 5195 4064 5617 7180 5385 4180 7475 6703 1745 6989 5046 3203 5232 2464 3719 8579 1312 4439 5109 3317 3300
2036 5444 4746 3105 5080 1894 5207 3366 6230 5065 4142 5452 6073 6188 4915 6735 3336 3052 7095 5056 2498 4871 2169 3568 7268 2691 4600 4383 4500 3042
2816 5768 5023 2531 4384 2040 5917 3378 6220 5763 3276 5551 1343 7073 4243 7705 2836 2472 7138 5069 3366 6015 2602 3711 7337 2928 4330 4511 4529 2264
2051 5964 3356 1940 5041 1814 5412 2980 6071 4158 3028 4953 2373 6218 4356 6534 3210 1474 6609 5978 2953 5118 2813 4033 7299 5673 4412 4503 4394 2359
1850 5410 4631 2564 7030 2982 5615 2952 5964 4778 3530 5191 1387 6329 4103 6396 3801 2934 6672 6536 3420 6051 1739 3984 7608 6207 3788 3738 5984 3285
1790 5755 3902 3353 5714 2633 6332 3210 5533 5832 4325 5051 2889 6288 5350 7522 3793 2500 7155 5751 3386 6325 2095 3441 8451 5671 3716 4514 5136 2673
2221 6101 3968 2205 6812 2623 5251 3648 5083 5084 3461 4856 2446 5433 4080 6729 2459 1810 6632 5655 3282 5483 1809 4196 8529 6857 4434 3677 4893 2124
2525 6518 4859 2533 6118 1779 4818 2884 5463 5517 3287 5793 1657 6114 4606 7338 3789 3158 6955 5274 5037 5509 6615 3399 8774 5236 3591 3535 5961 1797
1980 5842 7807 2119 6814 1838 6319 4496 6008 5509 3309 4631 3064 5982 5180 6887 2169 2580 5735 5033 4069 6231 5383 3049 8008 6212 3645 4109 4457 2864
1994 5486 7412 2086 5841 2517 4890 3262 5527 7648 3708 6257 2025 6819 5409 7697 3733 3296 6746 6690 5359 6274 5134 4093 7862 5587 3905 3794 6009 3014
1540 5216 7761 3287 6724 1998 5727 3103 4734 7073 3103 5484 2937 5407 4322 6707 3352 3655 7311 5832 5229 4811 5505 4028 8051 5773 4722 3727 5605 3833
1394 5761 7904 2747 6174 2432 6418 4926 5501 6791 2913 4573 2818 6199 3425 7397 2447 3341 7155 5266 5183 5141 6443 3591 7375 6235 3843 4970 5922 2266
2985 6746 6694 2300 6496 1853 6224 4466 6481 7982 2625 4612 2890 6225 2146 7804 2502 3594 6062 5663 4944 5991 6183 3789 7291 5229 3236 4352 4275 3316
3000 5219 7791 3769 6367 3046 5829 5620 5863 7043 3260 5341 2589 5930 2994 6619 3563 2739 6539 5871 4182 5362 5763 3731 7835 6082 4720 3712 5084 2395
3080 2884 7108 2573 5619 2466 5021 4610 5070 6813 4074 5305 2377 6266 2386 7424 2868 3681 6642 5223 4352 6363 6604 3767 8441 5231 3113 5148 5330 2233
1582 3622 7161 2055 6251 2908 6114 5681 5247 8097 2811 5233 1692 5993 3184 7636 2198 2564 7203 5134 5351 5410 6523 3140 7228 6887 4213 5116 4628 2870
2784 3151 7096 2323 6492 2653 5616 5901 5504 8303 4310 5960 2634 5698 3215 7198 3824 3263 6567 5775 5330 6223 6099 4366 8169 5461 3993 3630 5152 2570
1704 2554 7887 2247 5515 2747 6281 4729 5450 8157 3454 7226 2751 6758 2171 7695 2175 3511 5754 6028 4257 5590 5619 4205 8777 5400 3372 3690 5732 2317
2951 2505 7409 3309 6292 1843 5632 4172 5091 7684 4237 7023 2260 6249 2811 6640 2564 2958 6976 6300 4840 5696 6681 4091 8940 6369 7482 5078 5241 2848
1534 4119 6740 3007 6675 1578 5939 4885 5744 7401 3316 7277 1514 5859 1935 8451 3108 3956 7050 5177 5399 6119 5425 5129 7232 5612 6929 4428 4677 2501
3083 3330 7433 3302 5819 2852 6381 5863 5303 6658 2820 7059 2101 6212 3439 7092 3680 2425 6623 5072 5402 5971 5325 6248 8086 6979 7132 4544 4837 3190
3029 2817 6631 2294 6868 2828 6289 4896 6426 8090 4216 7335 2214 5904 2614 8034 3838 2668 5906 5801 5334 6218 6827 5801 8323 5461 7555 4622 4930 2557
16 8 20 18 44929 1.0868486712223804
24 18 9 3 83852 1.0698165789920693
15 23 24 22 41509 1.013709288174785
20 12 22 2 49468 1.0176040209446602
26 10 4 15 85101 1.0359590500613964
18 21 29 22 60392 1.0724060075012878
17 0 5 3 36247 0.9766746752304738
24 26 12 21 55406 1.0844556040046947
15 19 0 16 48041 1.0883565701180116
25 11 29 26 46919 1.09610672900966
27 20 0 22 95353 0.963854870330936
24 29 16 4 98419 1.0071959807233344
17 29 16 11 66485 0.9959062961041062
27 23 4 4 113366 0.9455187205602521
24 0 21 24 88692 1.02913805395237
15 24 2 10 81519 0.9629668384338813
0 16 10 22 46846 0.9967929176752833
16 7 9 21 56568 0.9448242564617453
5 1 15 1 32054 0.9533874236929916
2 18 14 14 38709 0.9699411711247558
24 17 1 13 82660 0.931310211572414
8 28 0 6 104027 0.9559223854843095
5 9 24 8 75528 1.0200938656033443
16 25 0 8 99747 0.9206027945842008
18 19 15 28 55498 1.076396194591941
16 22 12 0 65918 0.9713729912755007
28 19 6 12 89025 1.0055777237280832
12 17 28 21 66757 0.9221314151380129
19 23 25 19 34873 0.9922424301105598
22 16 14 4 51907 0.9585419266629128
2 26 11 19 55233 0.9229562262557222
5 5 24 5 44474 1.0892037851837604
17 28 27 16 75257 0.9849374669330504
16 16 24 23 50344 1.09285398781942
4 28 2 13 66174 1.0268016085963656
15 0 28 16 74963 1.0236616442656816
3 27 13 5 83110 0.9451205762524246
18 12 7 10 38751 0.9975232938097285
12 27 11 3 70732 1.0478096870820992
29 6 22 16 52533 0.9376507101427473
16 13 2 29 77853 0.974657159837685
6 10 1 26 62689 1.0627770112685502
10 15 2 26 62462 0.9520128857725916
14 20 3 22 29766 0.9652891748539532
6 9 18 24 80813 1.0543878388782106
4 21 3 0 84970 1.084458945763593
6 14 13 21 43876 1.0577415220438946
26 7 26 29 75198 0.9439723907630878
9 10 25 15 59015 1.0988057780084406
9 23 16 10 49494 0.9704478988330603
0 8 10 12 54083 0.9445449700627224
28 8 3 29 123381 1.089183806924501
15 14 29 29 82136 1.0238519359036031
8 19 18 1 75056 1.0455589897989486
14 29 3 14 80272 0.9554965568167252
15 14 5 19 41227 0.9539407938772068
17 18 25 25 58892 1.0611028332544343
16 18 16 5 36075 0.9551296000883558
13 15 29 6 69491 0.9601051300113448
14 17 15 4 35147 1.0796760638996914
24 15 17 21 54527 1.0651246297638028
17 28 29 6 104400 1.061690945758185
28 17 29 7 32099 0.9574877095164205
26 6 17 12 43625 1.0037913463090498
19 7 2 17 66870 0.9574889695069773
9 22 17 19 34053 1.0449762960592843
25 21 26 3 54103 0.909641297414743
9 24 27 15 81251 0.987805027156851
25 6 10 28 96534 0.9194627585673978
13 0 29 19 82616 1.0449752672224095
3 8 22 8 77781 1.0135441185831464
29 6 14 29 106004 1.080025704726622
27 1 5 20 103267 0.9485547077887384
0 17 13 13 44415 1.0633639534388983
6 12 12 8 35683 0.9062649807687809
8 8 23 27 106747 0.9630363302932194
3 23 5 5 73267 0.9915579624864528
28 24 22 28 42194 1.0995157572455445
17 14 1 27 74166 1.0242822441139081
16 0 5 9 52173 0.9858808589916361
16 12 25 21 48061 0.9098894659469803
27 26 23 4 89217 0.9295469739914686
20 5 9 3 30222 0.9652066755250172
14 25 10 1 66632 1.0066170339846174
26 16 5 16 65820 0.9752049000364033
25 23 14 3 80368 1.0238450237704568
23 25 29 29 35897 0.9146255039104356
4 14 15 2 68433 1.0455950008489807
28 13 6 7 76416 1.0704173780719177
20 7 0 15 88935 0.9360837451943123
15 12 7 27 62966 0.9808776635382409
9 27 20 7 87285 1.0738442925276785
24 13 2 6 79604 0.988368873235135
16 25 15 8 52993 1.0269156335706133
2 18 17 25 65987 1.0492740275098407
26 17 16 12 40180 0.9138532579830435
5 24 24 17 75113 0.908000446693202
5 8 23 3 60087 0.9933875269446903
29 9 10 24 89934 1.0423954488535383
16 27 29 19 73492 0.9333422816435201
3 26 25 29 69026 0.9979878315301394
21 2 4 25 95137 1.0431113992813956
1 6 22 5 54297 1.0134119508455264
19 11 3 12 67345 0.9564908219898859
25 4 9 3 43382 1.016767710458022
5 29 7 13 68604 1.0609808362987159
9 12 19 27 63314 0.9429114206143776
21 19 2 29 92990 1.0140101897478906
22 10 4 0 72511 1.0033907726124769
6 23 0 3 84749 1.0450494200651659
16 25 25 16 62393 0.9640912156667659
16 2 17 22 66725 0.9273980324446777
6 23 24 27 71589 0.9460252894734649
10 17 24 13 50766 0.9153754260161818
5 12 19 2 68751 0.903549176254195
3 13 13 21 58066 1.0375315590499408
21 14 6 16 55132 0.9698994839966163
1 6 13 5 33745 0.941729392028275
18 23 15 2 66317 0.9687602289556336
9 19 1 23 39331 1.09574435134561
2 15 17 22 65765 0.9297175820732378
2 1 26 11 88562 0.90172188464558
6 2 17 25 87171 0.9154643212002275
19 5 1 26 89173 0.9110372372829076
26 22 5 0 111880 0.9679829428990676
2 6 23 7 66923 0.9329185304837531
4 20 9 29 48323 1.083744998622571
11 28 20 0 88169 1.0162557108308379
22 20 29 27 53455 0.9954120416511874
13 17 1 8 73109 0.9770908294297083
24 7 1 3 75373 1.0736624529830392
29 29 12 20 78374 0.9687547934883056
8 9 17 7 42765 1.093822390703867
12 6 27 5 38118 0.99859001769565
10 25 12 3 75766 1.0172885957067799
4 1 25 23 116360 0.9947445059940734
14 3 28 9 59919 1.0663613533692355
1 14 13 17 42876 0.985483018596564
16 10 20 3 30647 0.9595586948122686
14 8 25 7 39292 0.985842229240111
15 20 1 4 74122 0.991459548630792
10 23 26 19 73406 0.9975822568190269
14 28 13 17 36533 1.025099454200388
6 0 20 22 97483 0.9279701509898728
6 25 27 28 75701 0.9761821579321732
23 2 4 14 90783 0.9208821576825034
18 25 1 16 71726 0.9147694548444919
2 28 20 19 89002 0.9599401080143579
2 23 11 4 85295 0.977042366491393
21 26 7 29 52934 1.0239150347311565
14 8 25 3 38817 1.0556727244480426
12 3 0 23 86911 0.9748184754185134
15 13 6 16 37085 0.9565754936285862
22 8 24 23 63629 0.9183347754189578
0 22 20 19 72767 1.0954907623473837
13 23 28 12 60550 1.0266591893041834
4 19 13 28 58748 0.9444087288539785
4 22 11 4 75768 1.0871608381404412
2 7 14 22 75522 0.9319437975590795
15 8 14 17 24976 1.009696886311036
29 7 5 26 111946 0.957664414880253
21 1 1 28 113006 1.0406144233641068
29 28 29 12 39763 0.9389713452809153
9 3 18 24 78589 1.0095603386894245
1 6 21 14 78488 1.0638486123394948
8 15 22 5 63511 1.024281364749643
1 20 3 28 28913 0.941477297712371
7 8 12 17 50490 1.0179063841002933
12 12 29 13 43489 1.0120878267951836
23 27 15 25 44738 0.9864982950904648
16 5 2 24 77935 0.9374033074252843
17 14 11 4 46575 0.9271531386929336
21 24 27 16 44934 1.0136308052457623
29 7 14 1 56951 0.9861165943304523
22 10 27 29 72417 0.9964996493419542
27 2 11 4 55787 1.0202173320025976
12 0 24 27 104935 0.98451217385839
29 0 9 1 51727 1.0712007171987459
6 24 11 7 67870 1.0443056596386362
12 25 3 4 85286 1.0367742401068305
6 26 15 5 71919 1.0033075523681312
17 25 2 9 96353 0.9259953093945229
18 20 26 1 87795 0.9609146750225876
27 22 19 14 51017 0.9059330672467277
6 7 13 24 70669 1.0616105643403015
23 1 7 3 47707 0.980594420528532
1 20 16 2 77369 1.0735985596400575
8 28 2 0 108747 1.0025474407837518
0 14 24 21 100461 1.0137458658224698
15 18 24 26 62352 0.9398156199253614
2 24 19 27 67611 0.9547139533141317
14 5 0 12 61087 0.9114928209867725
1 18 17 17 41313 1.0455732041187489
0 18 14 4 67363 0.9637702803380913
23 14 4 14 75755 0.9911000546140504
1 2 19 0 44807 0.9407624358639708
28 20 3 26 107423 0.9499719667419477
19 21 21 2 82997 1.0964299397365977
20 28 23 6 99701 0.967679916670772
1 7 9 14 58159 1.0723248816972673
1 24 24 29 74810 0.9985713550099752
10 17 24 16 40919 1.0149955127921064
11 20 8 6 64340 0.9438265307238858
22 3 15 0 22549 0.987600683454286
3 20 6 4 62387 0.9692840579556453
6 15 26 25 92882 0.954330477729596
29 28 10 4 109075 0.9044036562027397
15 23 20 7 60048 1.0387042269932114
18 20 7 25 52353 1.0468759485292543
5 7 18 6 43807 1.0812350462544027
9 4 3 21 75742 1.0141811375096141
10 21 2 26 42931 1.01729567024955
3 4 20 13 70635 0.9242795050294952
23 3 9 15 69860 1.064941050817481
25 8 17 10 31320 1.068705984936307
27 20 20 9 62460 0.9267755971718733
29 22 17 1 91283 1.0789036409298667
22 22 3 4 101485 0.9037804896836906
28 21 11 4 95582 0.9922718563327635
29 16 5 10 79448 1.0919660130496185
13 26 5 12 68520 0.9026643670155156
6 10 19 27 85740 1.0338944593927848
19 24 28 18 59422 0.981337255463229
2 16 16 21 52305 0.9550829107741317
12 18 23 24 60525 1.085514732114725
0 26 21 9 97715 1.0027143271161183
12 10 20 27 69429 0.9575265617942446
22 23 7 23 51375 1.080877674788304
9 19 25 1 86008 1.0012055923071048
27 26 1 25 97298 1.0628728155110683
29 21 23 15 38287 1.059690248606652
11 16 25 27 76043 1.0781234033367018
24 16 4 28 90082 0.9731034669450974
1 26 27 19 104327 0.9089038009350807
3 10 26 28 125816 0.9961689312323809
5 18 18 25 67650 0.9353113112214978
7 1 13 13 56498 1.0875876594347555
26 24 4 3 116198 1.0628869050718164
27 10 13 25 75871 0.9868711041518672
19 13 8 14 41729 1.0595419900783052
26 21 9 20 74631 1.0742890087647257
4 6 21 15 76490 0.9053199022908647
21 29 28 10 72570 0.9344953394524538
4 0 24 11 83528 1.0372768966503858
21 20 13 13 51602 0.9818613754830096
6 11 27 19 91121 0.9874355744268704
29 26 10 26 67952 0.9308780209236525
20 19 13 5 60312 1.0384019597541716
4 15 24 8 91084 1.0006429356216242
11 15 21 12 40320 1.0992949246184762
25 28 25 9 59235 0.9441802474261801
4 24 13 17 47989 0.9174666586177403
13 23 17 0 62090 0.9826849071659552
16 22 6 0 79952 0.9771130772164863
29 8 19 13 40748 1.096978940387367
12 11 0 8 55712 0.9177533299721057
15 5 24 13 48142 1.0770992104051245
22 27 10 23 56437 1.0130358991594184
29 26 9 25 74665 1.0306512258542608
14 15 5 18 33663 1.0639509500053705
0 14 16 14 62910 0.9236345484587963
5 23 9 8 74370 1.0013793867262473
12 8 7 22 56460 0.9121731030991108
26 7 20 11 36646 0.900271680032768
6 8 24 14 73718 0.9761468892071155
24 23 1 9 117022 0.9631169155852748
19 27 12 5 73912 1.001007533946686
24 25 6 0 118108 0.972346474579334
17 24 6 24 45299 0.9853077840652836
26 2 17 11 62158 1.0778693588041472
3 8 18 20 86756 0.9086089583574851
10 9 17 23 59854 0.9658122169110415
21 9 11 23 63494 0.987915178483066
0 27 16 1 101321 0.9140445643029133
20 23 17 6 71193 0.9166104715420987
3 11 24 20 100451 0.9263211786737969
11 5 23 4 36048 1.007406087712497
7 21 20 8 79835 1.039448560628377
7 2 24 10 72884 1.04793567444737
9 7 25 8 55787 1.013699890128814
0 19 25 20 83131 0.9032869807051164
7 13 20 27 82463 1.0838575891025062
11 7 24 25 92664 0.9593706363424781
20 29 6 5 99483 0.9941101058104589
21 29 24 8 80744 1.0857303627345833
10 29 28 7 108644 0.9541845628262104
8 16 12 27 49703 1.0987795783952778
20 22 0 1 113761 1.059837470287681
8 21 27 8 88696 0.9687433063485053
18 20 10 22 32483 0.9695627166813533
17 25 1 29 62921 0.9232360279800512
20 2 8 1 45432 1.0799849469626095
20 5 27 25 85304 0.9786700357347138
28 14 8 12 57959 0.9838600633155127
14 11 29 17 48387 1.022698556249781
19 0 3 17 73710 1.0905498134074363
7 1 5 27 99113 1.0739728257742196
3 22 11 20 29800 0.923773781416748
20 29 29 9 74694 1.0029577905725153
2 1 27 6 74085 0.9986940993678842
22 29 15 20 57890 1.083768185783913
29 29 13 23 70083 1.0954811559535578
23 5 8 3 41747 1.0935462639377271
22 4 10 22 69655 1.0736211021239996
18 16 6 20 44247 0.9948021358192054
29 2 19 20 90516 1.0365360396078522
24 27 0 15 106067 1.0358226809082707
6 7 7 18 42625 1.0934049937688604
2 6 22 7 63194 1.0955372872872888
1 11 2 24 62620 0.9258322754646428
14 11 26 13 39152 1.0661128572857037
15 8 27 9 56274 0.9154683923210624
26 18 25 8 35649 1.0509989632149486
28 22 12 19 78647 0.91011053553602
19 0 16 25 76719 1.0530168654518615
14 3 5 7 33384 0.9917315364947518
3 16 27 26 104753 0.9022720859682741
9 23 6 7 64138 1.0264799872625008
23 14 29 21 33917 0.9014520769569961
19 2 27 16 64177 1.0833356841157145
23 8 23 20 54333 0.9361165116360928
5 18 5 0 67789 1.0258760144055536
20 8 17 1 45455 0.9969795364908574
19 4 0 26 98958 1.0334886160538357
4 10 19 14 60214 1.034782685711883
0 16 21 16 61436 1.062593684887152
25 25 22 0 80966 1.0451476323136222
23 13 3 17 64974 1.0796296029809058
11 7 5 22 61867 0.9477720473848956
27 1 20 10 50087 0.9417470482686402
26 10 24 25 55627 0.9049217353489284
1 12 11 13 63514 1.0401905402434486
27 0 2 19 105432 0.9859317526298561
28 6 15 29 107290 1.0688962564437063
23 13 5 20 71632 1.0346729543252682
5 7 25 4 57053 0.9440332501357747
20 17 26 4 59255 0.9494737761796727
21 2 7 8 56761 0.9725343696657636
13 26 19 15 45258 0.9044856289973584
15 19 20 7 52002 1.0180198861049712
7 21 27 27 85891 1.0017653855405602
24 21 15 28 67987 0.9764026600701181
9 12 12 5 31474 1.078138955167189
12 16 23 9 55144 1.0950792138824483
2 29 17 15 80510 0.9316125481880184
20 17 21 26 40500 1.085098449434021
9 24 22 29 56692 1.0666097088942077
10 24 20 22 51277 0.9165091212177118
21 24 4 18 71344 1.01085203505637
10 19 7 12 47551 0.905692855775841
11 25 8 15 55984 0.9785936134992014
7 14 27 23 94005 0.9467622953385356
13 10 8 3 35128 0.9742384261975372
8 8 1 23 72348 1.0995908950701883
16 9 1 21 65013 1.038681112248015
6 18 17 10 47581 0.9944755085792032
26 26 9 12 88076 1.0108381130287694
22 20 8 20 57260 1.0821908959952855
7 25 24 21 77908 0.9099383786195415
15 3 29 0 41370 0.995346822734553
24 6 14 24 73072 0.9005552231758233
7 27 13 9 73521 0.9177483140143132
0 26 4 15 51418 0.9128440140968535
15 0 2 3 39543 0.9090727214798496
24 29 22 10 73426 1.0526508050234147
12 22 4 14 52787 0.9890137554566488
8 10 7 0 39020 0.9109130567382352
22 26 15 5 77642 1.0575252328221254
23 29 27 9 76967 1.0167474106812064
0 0 8 25 100588 1.0758542524799102
14 16 28 12 42472 0.903238696966641
21 4 0 9 74025 1.088649157716629
4 2 13 25 85066 1.0476217324772883
6 14 13 18 34154 0.9901204876364723
14 29 8 10 76492 0.9640174960436712
23 11 14 22 50544 0.9257853697065856
1 26 12 11 72559 0.9306201373525899
19 13 12 19 40863 1.0171086230546202
18 19 11 7 55364 0.9981484205329867
8 3 8 22 71476 0.9610120816127026
6 16 12 0 63868 0.9369208625486303
25 21 1 29 91957 1.0697981214910355
15 3 16 24 61222 0.9873803035220524
23 20 2 29 89664 1.0428645623466202
6 0 13 4 29979 0.9744338460479629
3 9 26 17 92406 0.9392970361422779
24 12 26 26 52955 0.9165632078543211
19 28 13 2 85369 0.9511136894277796
3 6 14 21 66494 0.9992196029162637
25 8 5 8 67261 1.069520070529303
0 26 23 11 96548 1.0034579367650764
18 4 7 17 58463 1.0375680600327746
19 16 4 25 60787 1.0927751710947358
7 7 15 4 36025 0.9722104543913928
29 0 17 29 121837 0.9934935560595735
5 20 14 8 51179 0.9860176699284964
2 25 7 17 40183 1.0077017443650236
1 17 22 10 69724 1.0390955620604265
21 19 10 28 73501 1.042438169503642
27 8 3 6 77733 0.9200624333381217
21 24 6 26 64090 0.9654023602852144
7 3 7 24 81731 0.9819419689458547
15 16 29 0 76467 0.9768335731438834
14 9 8 18 36788 1.0112212629747923
19 26 24 17 47863 1.0687672288371726
7 12 1 23 57187 0.9181643729040765
9 1 11 12 51634 1.0259700755034082
16 18 15 27 37276 0.9022740639913722
26 13 5 28 101992 1.0140398866413805
28 15 14 29 82637 1.0645343389420534
3 19 28 29 102454 0.9130694916852811
7 12 29 14 63565 0.9232854472643222
26 25 21 5 76646 0.9046728033952752
3 2 25 10 78092 1.0409352328515828
8 15 25 18 61733 0.9073554507182108
23 28 25 12 58796 0.9712321213972444
8 7 29 4 64203 0.9382973811352765
14 29 1 3 105806 1.0824233933543024
29 12 22 27 65819 1.0927385123653028
10 23 8 2 81443 1.0629952585584848
14 8 26 29 89278 1.0570906369245137
3 25 17 22 52238 1.0065232938660642
15 15 19 9 33749 0.9331722581496138
4 2 15 19 71556 0.9691577072990932
6 8 7 26 70345 0.9825307887583694
23 24 21 4 83285 0.9529715613440014
25 21 14 9 59910 0.9743109984033206
17 3 16 25 66051 1.0102166044927072
26 1 2 6 73478 1.0971818749078344
18 7 27 10 46671 1.063734845289861
29 26 13 20 79146 0.9710264494711557
5 21 16 4 71794 0.936332134115331
7 12 27 15 66977 0.956675641822269
15 24 5 3 77896 0.9738664112678269
13 18 26 11 56382 0.9432116846397041
10 26 20 27 43662 1.0128112072461357
29 9 10 22 75284 0.9951574539998714
19 25 27 5 87577 1.0267945899153605
23 3 11 13 57531 0.9493026477998932
7 22 22 5 70959 0.9870955066163176
12 23 17 28 39161 1.052965185436907
8 17 22 15 43880 0.9765146972838099
14 16 3 2 63285 0.9422712075358396
5 13 10 18 39146 0.9897053478358665
17 27 25 18 60010 0.9846754410495513
11 1 1 12 78426 1.0418179397398735
20 6 29 4 35124 0.9307754311124415
11 24 24 23 55875 1.0976841874354244
3 28 26 26 80458 1.0913833252789464
26 2 2 20 108482 0.9787345761699835
7 15 15 17 31156 1.0847333343520094
10 14 22 0 67549 1.0454823157223625
21 20 29 14 42712 0.9504345616291174
25 29 19 19 57537 1.0838601768992573
29 21 11 20 75190 1.0685409422825993
29 12 16 7 43928 1.0782089996894129
15 3 22 27 87353 0.9431351446420861
10 13 20 0 57408 1.0025532540801554
8 21 9 9 58054 0.9956311722797506
15 7 27 1 52425 0.9293971834830503
2 24 4 7 81083 1.0823447328178912
26 4 17 29 104783 0.9861844164680915
23 5 20 27 91640 0.9114969992151871
19 11 6 24 64197 0.9245354652173108
11 10 26 20 71096 0.930791488544931
27 4 6 7 58813 0.9037812733443261
3 13 29 28 121181 1.0445486475495416
9 27 10 0 89943 1.0831800347813516
17 19 22 7 63889 1.0043646892083689
20 7 9 22 66221 1.0511621040332348
29 24 1 2 125512 0.9934682224640986
29 12 12 3 62073 0.9562658765768091
22 17 29 0 69889 0.996435259330108
5 23 27 14 81153 0.9564805012111105
25 7 3 21 92714 0.950235921611704
12 12 28 23 74123 0.9455846452384847
18 7 10 20 54479 1.0975908032690167
0 26 17 5 89477 1.0088048316303178
25 12 17 18 45638 0.9657376264375052
23 24 13 6 80870 0.9955022544955708
16 10 29 11 39213 0.9997726998423583
26 14 23 4 41065 1.0090792816576741
9 16 22 8 64586 1.018228089548034
0 23 16 1 91884 0.9279257624341436
3 3 23 13 77705 1.0889266218677696
8 14 3 9 37956 1.0102955124848838
25 9 29 18 30050 1.0370924354139228
6 15 12 6 48787 1.0715699790699258
15 8 24 17 55832 0.928971878933589
4 21 25 5 92999 0.9415559935010521
8 11 15 14 30164 0.9498856639889309
13 15 3 3 61689 1.0693857491570025
9 14 29 1 87638 1.0233578727428119
20 8 22 27 81484 1.0738983435417004
21 15 2 13 78624 1.079959775441948
28 1 6 15 99071 1.0694892834494911
12 15 29 5 67062 0.9799652073468761
6 10 9 22 50372 1.005518615183493
21 15 8 23 55931 1.0792929273350944
3 1 21 18 97048 1.0432360196301063
3 29 9 4 103967 0.9806429716251435
13 17 6 27 48782 0.9015394007761302
4 2 25 20 100638 0.9895403806888077
15 22 10 7 52105 0.960001867034691
8 6 13 22 60394 1.0048433670996437
1 9 28 14 98472 0.9906787539734883
11 24 6 7 79183 0.9640173566856611
7 27 17 9 81438 0.9852576733104769
16 26 16 14 39370 1.0053995940025144
9 3 29 20 88483 0.9695570248361709
19 8 1 26 91833 1.079640117207048
14 0 5 9 47668 1.010288251779118
26 23 2 10 110446 0.9380542716944744
11 5 5 25 76363 0.9375565028999686
24 29 28 10 64897 0.9694926893888896
1 0 13 20 76273 0.9007779507549117
24 2 16 10 49141 1.0116539828711313
28 2 3 22 109774 1.020888962146808
4 22 2 13 49850 0.9940565146445557
22 9 2 19 83081 0.9525932351675159
8 27 6 4 85623 1.042704502931636
28 7 2 9 94520 0.9854781555561045
8 22 22 23 44160 0.9607203861643054
1 0 0 9 40948 0.9730226065247425
17 11 9 25 64843 0.9800915773536218
22 24 16 14 52872 0.927850463212855
16 12 17 23 38307 1.0208545330159333
27 27 6 24 84552 1.0506333196224686
23 14 8 1 80478 0.9958160596745508
7 0 18 24 88911 0.9962153129161349
3 1 21 25 117162 0.9987286587952704
8 18 23 20 60825 0.9390013272895879
17 12 25 27 66902 0.9656614914672613
29 6 18 5 32548 0.9746579931880018
22 19 29 0 77124 1.0305895315607936
5 25 1 2 98038 1.0199149613840606
17 29 1 13 98904 0.9013536728262131
28 19 13 15 60996 0.9795829187155081
12 8 3 22 66202 0.909839574630286
0 27 6 22 31078 0.9333808895385088
16 10 3 4 49523 1.0115272022894803
25 26 16 18 61184 1.0083748862047783
0 5 7 11 41175 0.9193294524302699
22 11 12 16 41109 0.9613031925723048
20 19 24 9 59092 0.9384622659089104
4 12 26 23 108819 0.9322582834205917
29 9 19 18 56343 1.0880639602612587
5 20 10 9 61012 0.9660219893883957
22 23 21 4 79802 1.0393938476302178
14 26 25 22 50719 0.9975455054143615
29 3 19 7 42994 1.031153563236009
24 19 3 3 102187 1.048444921674927
8 2 16 11 48631 0.9767569396079772
20 0 4 10 63913 1.0669423136787952
1 5 1 22 78184 0.9535855526034129
8 27 27 7 106874 1.0449312041519376
17 12 6 7 45332 1.020721178375508
3 6 25 12 75132 0.9613261115953008
1 4 10 8 46439 1.0192821313244478
8 18 18 10 46493 0.9017444222397795
3 1 0 17 79514 1.0471216114102697
9 19 17 5 53864 1.0649340203179547
4 26 10 22 30978 0.9556761634115019
27 11 25 26 52221 0.9723924431061313
10 17 9 0 58715 1.063999529907075
2 24 13 26 39630 1.0800158218409308
10 10 22 16 52953 1.0441860524252125
14 18 13 9 25104 0.920231479746981
9 15 4 9 47065 1.0549082294078473
27 11 12 16 52348 1.0520231745560338
9 6 13 26 65959 1.0490276124939153
17 12 14 20 23972 0.9447377534792343
21 24 14 2 76692 0.9908393517223074
24 5 16 3 25505 0.9785384501768427
22 10 6 25 79921 1.0897121039446949
19 4 20 25 86993 1.094601334863003
14 22 2 25 37710 1.0456459775657099
14 4 22 23 70813 1.0727199693821587
16 20 19 9 40230 1.0396012751904098
12 8 5 1 40064 1.026833573032695
28 9 2 5 82353 0.9564520270484451
1 26 23 21 84629 0.9152881108224163
26 8 11 20 71148 1.0753563842910905
11 28 27 0 104804 0.9200441527108395
27 16 8 19 63570 0.994220923672772
1 28 7 1 101324 1.0860642450251794
24 15 1 0 98715 0.997049331705995
1 7 19 23 99367 1.062349391466496
13 13 28 6 61391 1.0730743173232764
25 9 21 29 72744 0.9948970830846008
19 4 17 27 78871 1.082626038378471
1 7 18 24 103166 0.9683208129764352
17 22 17 1 75700 0.9508669778828006
29 17 12 7 64199 1.0122720286583933
25 4 6 14 75393 0.9096152943750037
21 29 28 3 99049 1.0115648709580327
27 13 8 8 74520 0.9092093388605839
25 28 11 20 72277 1.0511336920079828
25 28 6 26 65721 1.0723381460803667
17 17 27 14 39774 1.0958647222913886
27 28 3 17 103422 1.0956282356856144
10 4 11 29 83537 1.0475348832577387
16 27 21 13 66255 0.9891815563368684
29 23 4 7 109698 1.051076254990034
10 7 24 18 74198 0.9194422109005826
12 8 2 19 67239 0.916447871069519
28 0 16 2 33217 1.0915522662113848
1 14 23 27 102711 1.09703779907543
29 29 3 17 103021 0.9311951950088353
27 29 12 14 88022 0.964371265895905
0 16 24 20 85539 1.0885389030625523
0 18 15 23 53648 1.007886076275119
20 0 11 6 39063 1.003412549294324
10 26 24 25 62932 1.0334981106322076
6 26 23 22 74191 1.0938354288059078
3 20 11 7 69167 1.0357839498112011
0 3 0 18 72672 1.0147881886601375
17 7 7 27 82418 0.9003867163954934
17 20 22 14 41709 0.9768695452434921
29 11 19 19 54357 1.0911376409860674
1 23 15 15 56754 0.9388828438712576
13 20 0 13 61738 0.9937002548549253
10 25 10 14 62512 1.007639824585657
0 3 11 11 62852 1.02126956725993
24 16 16 0 67096 1.0085461569447778
27 10 4 25 95986 0.9407446691075232
14 14 10 26 41065 1.047260256860781
12 9 12 23 46797 1.051083453088184
27 7 8 27 106874 0.9103808914244839
16 0 5 15 74805 1.0096607455775262
9 22 22 12 52974 1.0179764724638243
1 20 8 4 72218 0.9190686346745591
25 29 17 2 108748 1.0126468293411266
25 22 20 6 70027 0.9376215492602706
29 13 8 5 67920 1.0401523381529003
1 20 13 12 51781 0.9522797853524212
0 6 10 27 105136 1.046444969780962
7 4 19 19 73523 1.043884654781318
19 10 12 20 43640 0.9361614138515951
5 12 20 29 100229 0.9854526191625341
25 3 11 19 78350 1.0329671623651866
13 18 4 3 63968 1.0701221276676072
23 27 19 16 52499 0.9060728632370159
28 29 21 4 88262 0.956165788183939
11 23 25 0 86260 0.9335960522661345
15 29 2 6 101760 0.9392384759800367
1 13 18 20 75257 0.9554002229393512
2 3 3 17 64484 0.9461262747006257
19 21 5 19 60320 1.0060698861566417
8 8 29 2 79988 1.0774598034986393
3 24 14 18 42548 1.024542188737504
26 6 19 26 87991 1.0952664630409574
4 22 11 19 34499 1.0164242941162844
24 0 13 0 25085 1.0335936607047471
10 20 13 29 45179 1.0687838766341509
2 1 16 29 112641 0.9916240027725571
28 13 20 4 52076 0.9221739403022077
8 6 5 13 38332 1.021586105305668
9 14 7 27 64922 1.0068554911484822
20 19 10 14 55205 0.9359112033692278
1 11 16 4 63984 1.0128167108664843
18 13 26 10 35867 1.0519213047348486
17 5 9 24 67844 1.0891926799792755
11 17 14 6 31527 1.0265076011947474
25 23 8 1 107944 1.0965672582480421
19 1 10 12 51417 1.0135632070653282
18 21 6 2 84269 0.9840696668096257
2 17 7 6 51218 1.0368447443191156
0 15 7 10 47405 1.0683143584966726
22 24 16 17 44944 1.05216078203289
2 15 27 13 85629 1.0141625684008138
11 7 10 29 73058 0.9786094746260662
7 15 14 10 40031 1.0227293933449473
21 20 14 10 54231 1.0674022810763646
16 25 14 0 67286 1.0780078323597133
27 26 6 13 109420 0.9750687466917891
8 24 29 23 85731 0.9488042724570507
11 25 24 4 89776 0.9676185074913526
19 17 5 24 59272 0.9638092996869303
20 19 2 22 67892 0.9310205292974004
18 19 2 19 60604 0.9617077076771792
29 2 10 26 110125 1.0146021281376763
7 12 20 13 46376 0.9101869528822119
8 7 17 15 50719 0.9868961085993992
24 10 18 19 58417 0.9089056650158016
12 17 13 7 30018 1.0527780262034834
25 14 8 20 66040 1.0036983973357538
13 20 16 27 30131 1.0930024055995289
28 26 26 0 89098 1.0443225896743389
17 25 3 22 48397 1.0969129816153163
29 11 19 15 38335 1.068288711002987
28 24 17 16 62573 0.9949696658872147
25 16 1 27 89388 1.0712387296406984
18 11 10 26 62566 1.027241657255696
14 15 2 24 52058 0.9918171908526453
17 12 2 0 60951 0.9768672889435245
16 25 25 4 83597 1.0633054769718058
12 15 7 9 39512 0.9598433266439822
21 6 8 19 70412 0.9921921423692387
29 2 23 9 47956 0.9801288125479383
1 26 29 17 99299 1.067655266280483
1 15 16 17 43636 0.9870474845193986
11 14 17 7 37454 0.9977980263263659
0 15 12 7 73067 1.0631604687043894
16 22 1 6 85705 1.0750608762357547
7 20 19 17 44445 0.9949555045744864
11 1 1 5 44465 1.028304205778026
17 1 5 8 53510 1.0583105211926331
17 2 26 15 70331 1.057090904664439
10 8 16 27 75320 1.0606297808322482
12 26 28 27 65805 1.0464333338050784
11 7 12 29 71251 1.0316096712342058
26 2 9 1 54943 0.9637130182094982
4 29 24 6 115439 0.925464596238638
6 12 28 24 104482 0.916737057953079
23 0 9 18 75473 0.9417782006696925
8 1 25 14 81831 0.9732261736911576
29 7 2 27 122600 0.9020076047542366
0 6 3 27 88684 0.9103165697292106
7 9 25 1 73093 1.0341958372847762
6 3 21 18 78090 1.0394338538863055
21 25 13 11 65228 0.9427986677663134
16 3 28 11 57729 1.0372682448273634
15 21 27 7 74979 1.054481863340823
9 14 16 29 72579 1.059333598075944
17 9 0 20 71942 0.9980576815317583
23 22 7 7 94971 0.9080759336083989
3 18 2 29 42829 0.9598988180552745
22 0 19 8 37192 1.0204521589773832
2 29 2 9 84156 1.0729881385863016
10 17 21 2 60314 0.9079677682218864
4 11 26 0 85513 1.0700937654228408
4 19 9 1 80707 1.0882221306454063
1 12 10 21 69986 1.05980738608771
18 21 11 7 62572 0.9792605544661258
28 28 12 11 89946 1.0864183378759862
27 4 10 8 60869 0.9898704926334769
18 13 28 2 65908 0.9979179282745385
29 8 2 10 96269 1.0911748421740977
28 4 12 27 94484 1.0688131649406623
9 10 14 21 41439 1.0504618716852514
1 1 5 18 80816 0.930552080313598
22 22 17 4 78733 1.0027435769747886
14 4 26 9 47755 1.014224162540021
25 1 29 16 48598 0.9191083646682733
24 7 19 2 36770 1.0799147684353783
7 29 15 11 68693 1.016210457049263
27 9 14 4 54003 1.0260215177327088
13 7 25 20 64706 0.9466238354121744
27 22 12 12 73519 0.9155364653997381
19 11 26 22 55035 0.9055618851351783
22 9 21 27 78810 1.0361790962488884
25 2 24 28 82273 1.006438427562837
12 3 7 25 76435 1.062553760570793
7 5 25 12 59283 0.9227797054845485
15 28 8 18 56052 1.084650834252075
23 5 0 27 106415 1.0662884259674468
11 26 16 15 41133 1.0980058988047245
25 12 16 2 51246 0.9947804096097475
2 23 11 0 87748 1.010666758692043
19 24 12 19 40579 1.0944261972252018
12 15 22 0 62792 0.9548268422238293
4 18 11 28 61580 0.9360477041879949
17 1 8 2 38980 0.9614045104814309
6 28 29 13 99898 0.9152150011036052
8 18 9 1 73934 1.0312443142602599
22 6 2 1 65135 0.9835975598910842
11 4 17 9 39379 1.0885435219765274
22 17 17 24 47453 1.0125358009236434
20 22 10 23 43697 0.9177006930590336
25 7 4 22 85627 1.0813341287392095
29 12 13 22 58891 0.9133011963725226
25 29 15 22 62741 1.0454787332180069
2 15 8 27 61440 1.0176562759523753
8 3 27 0 52109 0.9966458919841106
17 0 19 11 46105 0.9267309822306307
26 23 13 9 75679 0.9652713590715238
27 27 23 1 93046 1.0664225404288494
16 18 22 8 50782 1.0915779139903972
0 2 18 3 51064 0.9756947328044407
26 3 1 19 97645 0.9708044807098974
23 20 9 24 70567 1.0531390830376814
10 20 11 3 59381 0.9232722151987597
0 16 19 10 68790 0.9264544558749515
17 6 7 15 61207 1.0437675376821764
25 12 10 17 47071 1.0828597499105874
4 14 22 9 78897 1.0966868966021381
21 8 16 23 63747 1.0016168395933471
12 16 8 24 40466 1.0484836315501127
27 5 1 13 97364 1.0444424484241153
14 27 21 0 80856 0.9317512977464673
29 29 2 17 104826 1.0417812434203058
18 4 23 10 46332 1.098941853716263
5 28 12 20 47463 0.9246045765178047
4 21 1 6 80457 0.9982664477519546
25 21 0 27 97477 0.9443674066180814
28 4 4 9 77341 0.9331945529566429
2 2 9 24 99690 1.0265446053133922
27 18 1 23 93207 0.9837483199309617
3 0 1 17 71686 0.900174488785965
20 12 6 15 52499 0.9154820289709796
11 11 8 24 58298 1.0973030606542795
8 24 23 28 66319 0.9935832599849141
20 19 2 13 81046 0.9461207805005964
25 13 25 1 35436 1.0680117128756457
28 28 19 0 100494 1.0203568576141566
4 17 17 17 31439 1.0787146370482752
7 25 13 3 73082 0.9975262162993341
3 25 14 26 36511 1.0966854861165805
8 17 9 0 64239 0.9486667429082749
13 23 10 10 46608 0.9908392490093008
10 9 3 18 58736 1.0393904918359465
6 24 18 6 78334 1.0484959355213934
22 17 10 24 59790 0.9415626686104877
7 18 1 1 78179 0.9522299815782171
23 8 14 0 54142 0.9677553790365079
28 10 5 22 84315 1.0963728404170285
8 25 26 3 99293 1.049228992602081
8 15 23 24 74696 1.069915829556008
25 14 7 14 62712 1.0190260980423016
21 4 2 10 67676 1.0063106682632905
10 13 22 12 36997 1.0423387271554505
9 8 16 15 45119 1.0122168737868902
15 1 18 25 83653 1.074620969371815
27 27 3 2 136804 0.9294418938151716
28 5 11 24 88933 0.9550966221418751
21 15 15 21 41954 0.9740329875584972
27 15 7 22 72571 1.0494460356681423
3 27 20 24 74049 0.9299940195926434
27 21 14 6 77961 0.9937521992028618
11 28 14 3 68393 0.9335328438553283
3 1 13 9 56933 0.9688800329913682
20 24 25 14 52788 1.0019091294820148
15 15 20 7 43396 0.9168576638979535
24 18 12 24 62027 1.0721845756096042
19 1 11 9 49469 0.9451798154506299
22 25 1 3 113683 0.9017906537820501
24 19 18 0 75201 0.9340460050654759
29 26 29 9 44828 1.0442934111862867
4 2 21 26 107691 1.0052165734519967
23 7 6 0 64843 0.9495827410815513
18 29 7 3 102047 1.016728412258056
17 14 11 21 41307 0.9635033483268258
26 16 25 3 40291 1.0786115791591802
7 2 22 22 98995 0.9016755607989029
18 21 29 1 103075 1.0855051213678022
7 29 12 18 55577 0.9948908525972242
1 3 0 26 97063 1.0873483871185363
0 11 16 12 62533 0.9181627694235444
8 28 17 26 42657 1.00541976633674
6 20 26 18 74661 0.9963271003535448
2 26 7 17 42848 1.0303157387149602
6 17 27 19 70960 0.9099242911355763
24 26 21 9 69369 1.0707908325897417
26 24 14 11 72594 0.9729645687256439
17 20 14 3 51150 0.9382051765322081
1 10 5 4 38009 1.0098118924302255
29 10 21 18 46207 0.9399261101101944
15 11 15 26 40879 0.9711610964009717
18 24 4 7 91715 1.027277130265182
25 15 2 25 86069 0.9433571887793015
27 28 12 4 109781 1.0929418250788272
15 4 5 28 89255 0.9643134928105355
3 26 10 15 63247 1.0414899868066416
3 16 7 22 31086 1.008703948697317
10 18 27 2 86523 0.9606136963268457
29 29 20 9 79294 1.0322888410820417
4 0 13 29 100619 0.9712138235706548
17 22 29 6 95151 1.093773079494249
29 17 19 13 37658 0.965410034616637
28 16 26 25 42891 1.0350248787131358
2 29 25 13 103703 0.9149258142632252
8 11 8 24 57902 0.9216077700165961
23 3 29 24 68441 0.946161268342
19 23 8 22 32873 0.9301657013480629
20 25 11 2 90886 0.9027419683537476
26 17 16 28 75072 1.0692122892033256
5 6 11 18 60270 0.9981409320244854
28 17 0 6 104834 0.9354307547114156
5 16 18 26 63132 1.050056752436732
18 8 14 21 44854 1.0133795025310623
9 20 13 27 37804 1.0092534017579595
25 28 1 21 90021 0.9384587800000552
12 23 17 4 58099 0.9679347557061371
25 2 28 27 79333 1.075023915115029
3 8 25 16 91084 0.9488821815751372
20 10 7 9 49941 1.0084325935480447
15 6 19 26 67196 1.0509097848928755
15 28 24 26 47212 1.096793194177425
17 0 25 19 70713 1.0527026186528459
21 12 6 8 56573 1.0441796972154203
29 10 7 5 70408 1.0373134274962237
1 25 0 4 84199 1.009035242718087
24 21 27 29 39586 1.055846203014144
27 19 9 4 92829 1.0083397048282177
12 21 25 22 54618 0.9551100157185145
11 3 29 14 68988 0.983691733216462
20 27 7 11 83202 1.0743170002672744
22 6 5 29 105931 1.0480307697806377
10 11 17 25 61754 1.0178089070617042
15 4 17 21 61038 0.9767801169091866
7 8 19 20 80436 1.0513458547750107
27 21 19 28 60064 0.987164375195588
10 13 13 29 66004 1.0362173254363747
3 17 29 14 75801 0.9890697850514216
25 0 3 25 109583 0.953865168839986
27 2 14 29 111055 0.9819588089798266
13 4 4 14 57088 1.0329191602433314
8 15 13 21 36720 1.0806314954229055
3 15 18 0 81895 1.0417692125438256
0 29 4 1 111783 1.0577304753768166
8 20 27 25 84138 1.0577322286843625
8 4 26 2 61402 0.9399150774579861
19 26 19 7 78152 1.0094227158007352
13 14 6 4 46105 0.9244892613555823
28 23 21 9 64629 1.0061801862663784
13 16 4 6 56506 1.011113355738644
6 11 4 26 62824 0.9487123448570148
23 7 4 18 89849 0.923957687955853
24 15 18 7 57720 1.029370269068559
4 4 25 12 72204 0.9441096845260837
27 24 5 7 116432 0.9017214915375905
8 3 4 20 66330 0.9363277532434455
29 8 13 21 73569 0.9395740693061505
22 10 8 7 51931 1.0631328252565952
12 17 17 28 47960 0.9928879941121548
24 1 28 21 71037 1.044408034008418
0 18 5 23 36640 0.9415960004457482
12 22 10 11 42694 1.0916409479798588
24 12 25 3 28197 0.9894977947001757
14 27 6 9 72897 0.9292414066030131
28 22 7 25 91278 0.971079103143855
3 14 0 25 45475 1.0019626044139764
25 4 2 16 88268 0.908089060062199
25 19 10 8 78746 0.9900581299373254
8 11 22 16 54551 0.9316575685093291
27 22 21 3 75394 1.0032923260928779
21 25 14 2 82029 0.9706879609670303
8 29 17 25 44833 0.9319404968748318
13 5 12 18 38511 0.9866719541596429
3 25 19 20 64316 1.037833453124447
6 22 17 1 75729 0.9078744648297506
16 4 6 19 59844 0.9933548393266468
18 7 11 16 43428 1.031042391668739
20 3 8 2 38438 0.9777032347280679
29 8 12 9 66729 0.9377667963262435
15 16 14 4 31273 0.98864475393256
26 9 8 27 100077 1.0207460998871416
19 24 22 8 81424 0.9481676687906188
2 18 21 8 77556 0.9031932096289105
20 12 0 16 64435 1.004111162274599
2 1 26 25 129746 1.0020505086152658
7 9 29 5 70153 1.0462783349210423
25 3 12 25 84747 1.0114441607359348
6 16 20 14 52138 1.0848565515765891
24 21 8 28 82318 1.0645618741245282
19 28 6 11 87173 0.9505328301031868
12 1 28 16 83062 0.9184944055869785
4 3 27 25 124657 0.9855426939551347
6 5 20 0 43240 1.097365157842743
10 22 22 11 55709 0.9885228866976872
23 7 20 16 51722 0.9722216401292489
13 9 22 8 43087 0.9569635018624734
26 8 4 6 69175 1.0538535846547186
17 14 0 8 77995 1.09632453549801
27 6 14 2 43151 1.086357596866225
17 12 22 26 64294 1.0412366394072419
15 13 29 0 72668 0.9752033544529924
13 17 25 10 46702 0.9637075822210819
9 10 24 25 94356 1.0904130574263793
12 14 17 25 49360 1.024327331806587
21 5 9 29 85614 1.0360870701040985
0 14 12 16 49687 1.0381459937898136
2 7 18 19 88376 1.0156683907146822
11 6 16 20 52486 1.0780191197038946
13 18 1 26 56569 1.0111976926728565
5 26 23 1 107434 1.0249568966109726
1 7 24 26 126451 0.922811031038056
27 3 11 25 97270 0.9334454839240772
21 21 26 10 54605 0.9482854020551462
28 11 10 25 87024 0.9852485135711355
5 28 12 13 73481 0.9393260594016064
2 12 5 3 47733 0.9100692214112661
22 8 11 9 53092 1.0283379033277
13 24 2 29 48757 0.9914258651989557
29 18 15 5 65738 0.9968803719187331
2 0 6 25 92247 0.9969793313191739
13 16 18 29 56292 0.945773767814165
18 15 17 6 43382 1.0971366721035904
10 4 23 5 38846 0.9765897506726494
29 17 24 4 46977 0.9472962363566343
21 11 27 0 52880 0.9300225022242915
27 24 8 26 86903 1.0216184139380498
29 7 5 11 86994 0.9945052019515419
10 13 27 14 54649 1.020341881718712
16 8 21 23 64522 0.9243026866899371
29 2 7 3 63154 1.0425738216358602
2 2 27 2 70941 1.0786471656297822
12 10 5 3 40879 1.0580839395029087
13 13 23 10 39902 0.9925576134316997
