5532 5573 5126 3399 5586 3517 4274 4941 3211 5699 4422 3462 1911 3131 2308 2381 2161 2560 4447 1902 2580 4327 2937 3380 2178 4329 2237 3377 2859
6213 7615 6162 5653 5180 5663 5109 5008 4949 4406 6191 5433 4632 4386 6587 4846 6038 5966 6588 5786 5380 5015 4101 5898 6232 6046 5755 5946 4334
5354 3457 5531 3784 2903 3516 5287 5004 3320 3878 3928 3281 4211 5385 4147 4412 5693 6584 4631 6518 4710 5977 5500 6500 4123 5536 4484 6509 5826
4560 6113 3974 4426 5900 5787 4695 5229 5946 3699 4975 4966 7014 7148 6100 5914 7003 5848 4995 5544 5613 5537 5370 5016 6310 5481 7114 4700 6212
6152 6743 5065 6967 5296 5295 4339 5126 5811 4536 5812 6991 5682 6099 5689 4067 4898 3989 5693 6138 5518 6006 6724 4755 6412 6426 4642 4977 6008
5286 5334 5739 5251 5997 6088 5068 5766 5767 4371 5498 6809 5074 7025 6787 6561 4840 5933 4834 4529 5629 7248 7614 6251 5516 7159 6660 6729 6476
4428 6642 5721 6918 5510 5770 5542 6335 6924 4558 6933 4963 5500 3868 5343 3246 3506 4738 5796 4473 5871 4331 4593 2830 4341 5081 4475 4632 3919
6634 5476 6207 7147 6021 7781 8002 7659 6041 5576 5943 6208 6407 6154 7603 7704 5981 7936 5666 7404 5558 6291 6803 5945 3128 5646 4948 3323 3072
6647 5060 6777 5235 5690 5211 6014 4441 6286 6118 5244 4618 5320 6642 4430 5830 6372 5206 6124 4410 4998 5926 5887 6068 4492 4847 3881 4966 4116
5184 4681 5221 4240 6420 5189 4693 6917 6816 6242 3922 3586 5620 5715 4720 5505 3803 2907 5065 3553 4666 5542 3567 2761 5418 4493 5025 4339 2877
5654 6576 7235 7392 7017 5169 6140 6812 7310 7575 6365 5506 5822 6747 6103 7048 5218 7328 5050 7036 5873 5494 5234 6857 4639 4146 4238 6771 4365
4282 2782 3962 4587 2914 3545 3348 3217 3527 3815 3384 4588 2771 2586 4501 3347 3328 2256 3747 4449 4154 2816 4110 4904 6293 6587 6731 4507 5434
5893 7767 6098 6096 8072 6208 7254 7476 7488 7694 6022 7142 7283 5472 6969 5406 6821 5321 5620 6241 7336 6063 4956 5830 7774 6709 5623 6980 7574
1877 3039 2842 1915 4626 1625 3164 2090 2090 1771 4642 2325 3688 3851 4582 4327 3388 4481 1601 4142 1863 4136 4541 4497 1708 2189 2511 3662 2622
3558 5655 3515 4253 4618 5860 5069 4877 2967 3732 4329 3906 5596 3904 5182 5709 4754 4439 4248 5641 3882 5589 5200 4257 4753 4352 4052 3100 4075
5918 6602 4694 4939 6794 6239 6196 5037 7048 5667 4693 6133 5650 4661 5295 6052 6357 5598 5767 6539 7060 5472 7437 7092 6200 7289 4638 4516 5930
5544 5100 3242 3161 3218 4943 5398 3377 2776 3109 3103 4507 4996 4918 2950 3354 4473 4271 6356 7570 6251 7690 6467 7952 5634 6122 5438 7680 5447
2298 3306 4801 3553 2934 2459 3651 3947 4298 4103 3749 4308 3518 2187 4305 4339 4868 3651 5257 4175 2914 3945 3677 4099 3813 5289 4154 4820 3376
6212 5351 5143 5645 4391 6149 4137 4734 4684 4943 7019 7069 4993 5600 5297 6749 6276 4768 6349 6125 4997 4774 4890 4567 4754 5093 3256 1251 3473
3716 6409 6574 4599 4631 4760 5641 5186 5674 4355 6092 5808 5412 4603 6977 5942 6907 5174 4676 4558 6547 4655 6391 6986 6916 5461 4245 4052 4844
3770 4197 2591 2555 2972 3431 2620 2999 3922 2019 2028 4864 4750 2265 2748 6890 7283 4613 6477 6895 5366 6806 4757 6520 5754 4452 5000 5729 5792
2485 3510 4593 3735 3831 2968 3891 3797 2348 4396 2064 4221 7342 5421 6188 5884 7507 6967 7025 5641 6265 7567 7315 6442 5574 7824 7171 7620 6199
7638 7106 7774 8376 7257 7920 6619 7566 8036 8391 6326 6060 5994 8123 7015 7317 3877 3650 5446 6424 4227 4631 4959 3742 4575 5824 4148 5037 5731
5297 4666 3436 3037 3938 3664 2942 5590 3126 4271 3259 5406 3048 3091 5121 3855 4119 5070 4249 4029 4938 2905 3943 5398 5407 3181 3999 4957 5511
4718 6862 7337 5187 5500 4378 6677 5704 4969 4243 5117 4304 6077 5631 5742 4240 4168 4440 6199 5263 5488 5359 6419 4954 6785 6618 6883 4713 6807
4299 3497 6166 3993 5679 4010 4107 5317 3629 6417 5829 5977 3547 5354 4979 5945 5530 5240 5099 6227 3520 5446 4569 3820 6361 4571 6205 4630 5424
3790 4607 2158 2225 4113 3305 2414 2701 2488 4572 4739 3361 4763 4811 4389 4560 2688 5080 3137 4248 4581 4255 4519 2513 4533 5154 5428 3385 2718
6763 6957 7139 6933 7821 5644 7977 7491 7348 6290 6852 5812 6220 7023 6035 8040 6924 6807 6013 7192 8034 7181 6792 6727 8122 7665 5828 6049 7296
6701 6351 7069 6568 7121 6885 6396 5343 6732 5772 7285 6115 5275 5478 7027 5561 5278 7129 4472 6063 6735 5542 5179 5529 5053 4562 7082 6411 5745
4187 5755 3836 5384 5152 4482 6168 4698 5071 3719 8313 7284 7227 7420 8036 7751 6859 6117 7813 5912 6203 7664 7672 8151 7611 8316 6139 7913 8023
6799 7484 5215 3413 6226 8418 5721 7286 4489 6085 3458 2645 5020 3148 2444 6253 5960 4420 2153 5902 4533 5229 5091 3865 3928 6443 7948 6609 3156 4511
6607 7590 3562 4677 5698 7492 7475 6660 6723 7396 2269 1888 3909 4625 1870 5055 6868 4998 2911 6326 1619 5265 4289 1367 5410 7296 6798 7238 2712 2867
7967 6612 4465 3714 5087 6218 5645 6591 5290 7413 3208 4068 3031 2660 2583 7234 7787 5248 4185 4421 2016 6794 6407 3655 6550 5551 7528 7464 3192 2854
7497 7237 5233 2780 4833 5888 5834 6881 5196 6953 2298 2611 3835 4559 4355 5746 6684 4657 4672 3918 1705 5272 5109 3559 6442 4592 6748 5304 2410 3122
5597 5998 3549 5615 4487 5948 5606 6079 5664 6368 1374 3394 3504 2718 5464 7177 5852 4089 2730 4835 2430 4437 4348 1212 5669 4932 8093 8073 4304 4820
5525 6588 4402 5037 5666 4385 7682 6382 5203 4601 2051 3352 4527 2820 2735 6003 4582 5389 2506 3997 3385 4203 3918 2650 6313 3810 6774 8147 3642 5201
6532 7639 3827 3913 6246 4696 7730 7015 5606 6901 1818 3416 4709 3145 3060 7096 6255 5910 2934 4027 4287 4606 3903 3363 6341 5603 5383 5277 2286 7518
7039 5024 4504 5776 3960 3107 7620 6780 6441 5109 3301 3291 3730 4710 3163 7472 4718 6375 3826 3582 2368 6277 5829 2446 5280 6192 7073 6506 2952 7217
3109 6422 4583 4547 4482 3828 6483 7245 5591 5310 3141 4833 2860 2981 5421 7352 4570 4618 2244 5498 4482 5860 4125 3545 7400 4043 6718 8037 2389 5945
3084 5186 4782 4341 4343 3724 6372 4488 4249 4561 1642 3516 4365 3432 3973 5651 6081 5118 4423 3553 2811 6396 4429 2547 4539 6525 6031 6294 4226 7504
3900 4957 2614 3059 4007 5566 5216 7208 3258 5969 1474 3832 3819 2237 3679 7102 4438 4881 2197 3422 4239 5475 5624 2431 6340 6016 7670 6218 2839 5636
3037 6596 3043 4981 5067 3913 4897 5147 3271 7062 3045 5789 2662 3151 5661 5729 4432 4747 4023 5613 4431 7066 4419 2268 4419 6014 7149 5906 2616 8290
3470 6134 2683 4633 6603 5187 4848 4504 2348 6354 2099 5027 5015 2885 3280 4924 4076 6409 4389 4905 2927 5883 5668 1807 5489 6715 3394 5448 3136 7664
4970 6558 2526 3581 4179 3692 5134 5334 4689 6515 1691 4525 3515 4051 5621 5064 5160 5688 3898 3474 2641 7998 6702 1751 5489 5554 4709 6910 4619 5586
2861 5324 4455 5758 6346 5847 6741 7347 2622 7274 2197 5849 4586 3880 4280 5841 4493 6269 4342 4148 4340 8264 6620 2977 6236 5549 3198 5226 3969 7438
3264 6575 3924 4910 4752 3933 6074 8177 3452 4999 2292 4625 4417 2497 3067 6864 4194 4382 4757 4867 2867 6437 4266 5030 6835 4363 3511 6109 3459 7143
3720 7059 2695 5710 5001 5674 6067 8206 2442 6779 3637 4014 1925 3073 3759 6944 5969 5667 3634 3982 2139 7674 6556 4824 5062 4627 2524 6435 4415 7247
3561 5711 3583 5457 4042 5597 7326 7259 2722 6449 2087 5632 4493 2999 5457 6604 3326 3887 2911 3735 1985 7864 3735 5529 6772 6401 2367 5738 3534 5601
5006 4867 4100 3275 3866 3763 6767 6491 3859 4644 2844 4936 4669 1948 2838 6043 4083 5539 2403 5915 3841 6789 4444 4777 4544 5400 3962 4448 4727 5514
4050 6287 5073 5517 4012 3138 4835 7594 2762 6924 2049 5468 4581 1908 3651 6807 3631 4845 2045 5191 5392 5345 3863 5512 5089 5021 5003 6332 3904 7988
2234 7032 3786 5276 4355 2889 6506 7026 1943 6754 3011 4543 4762 2593 4994 4938 6041 6477 2458 5713 6801 6313 6454 4721 7412 6116 4941 6541 3896 7565
3520 6899 4698 2435 6239 4505 6636 6279 2680 7400 1474 5156 3461 2559 4873 5612 3698 4841 4913 5076 6788 5563 5085 5461 4490 5067 4020 4439 4011 6562
3455 6213 5291 3328 4548 2964 7621 7416 2655 6752 2213 3833 1887 2825 4621 6052 3898 5890 4102 5297 7307 7706 2057 6329 6080 5596 2639 5395 5049 5541
4855 6795 2576 3715 6416 4551 5257 6163 4382 6467 3085 6085 3504 3313 2871 6643 6068 4549 4227 2358 7333 7539 2689 4338 6815 4743 3135 5063 4017 7625
2588 5345 5158 2271 5776 3078 5646 7320 2754 6308 4069 3240 3653 2690 3859 6892 4039 7170 3799 1951 6786 8156 3879 5005 6316 4492 4378 4883 4633 7820
3331 5962 4705 4416 6054 5746 5639 6647 3441 4552 3471 5007 2718 3193 2725 7384 4726 6869 2229 2870 6639 5542 3937 4881 6086 4060 2407 6123 3933 7344
4246 7085 4269 2602 5054 5289 5699 6270 1845 4484 1974 5618 3484 3063 2966 5363 5156 5765 3209 3785 6956 8077 3290 7182 4501 5631 2559 7129 4305 7192
4160 6262 3689 4020 6157 3812 4884 5779 2855 7085 6947 4605 3608 2373 5679 5344 4567 6844 3489 3082 6618 6973 3305 5426 6934 4746 3333 4609 4571 8332
4908 5490 4019 3030 4866 4236 4954 7792 2856 6131 6800 5413 3672 2258 4443 5103 5722 5077 2414 1725 7318 7352 4533 4449 7363 6024 2155 6828 6027 6546
24 11 13 4 47063 0.9640771282544016
18 22 2 19 64180 0.9173412003495832
18 27 13 1 98688 1.0753623173680331
25 2 13 20 96203 1.0985008488566126
29 16 7 12 88854 0.9966657712529462
6 13 16 17 48620 0.9475332272270339
10 9 4 26 90873 0.92962449310544
12 27 12 1 93216 1.0558352137716125
9 24 13 11 54739 1.0809420871753646
11 21 28 10 87296 1.068681491231677
17 0 15 24 98714 1.0628965247025892
13 23 18 4 79107 1.0124483374714681
8 2 14 20 77496 1.0094151847166801
18 28 28 19 68919 1.0452740761097958
9 19 23 16 61880 0.9534956558504308
9 1 7 10 50550 1.001662815590585
27 28 25 6 98263 0.9819170005998015
26 22 1 7 121632 0.9027659881932603
21 20 12 9 69191 1.0457243469235464
6 0 2 27 126715 0.9375303550630021
12 2 24 6 56436 0.9434140367305197
5 2 15 3 42113 0.9684703860483875
16 19 7 20 37889 0.942300767077908
25 3 23 27 103572 1.030236275136728
9 20 16 6 67020 1.0613422869335538
27 16 14 13 50933 0.9783134961875812
2 24 28 13 115696 1.0833304906247796
20 20 3 16 73791 0.9953858102229624
1 4 26 23 139125 1.0270442897436245
17 17 4 13 57279 1.085609177784623
13 6 14 26 69785 1.01198031823078
11 29 28 3 135293 0.9369689181937255
3 17 26 7 104705 1.0231905128068222
28 29 17 12 103987 0.9427540776186829
22 5 0 23 107201 0.9561810697567781
29 19 0 12 112431 1.0410372456499166
23 23 16 5 88808 0.9768250380010152
3 28 23 3 140586 0.9797503792186939
7 29 0 24 36895 1.065012522492372
17 10 12 5 25744 0.9532218280145399
19 13 4 9 48661 1.0462378742674812
27 16 9 28 101354 1.051112400604274
0 5 10 10 46202 1.0988885047968648
26 10 2 25 117994 0.9379242362054844
8 23 1 11 58869 1.0413866823314721
10 7 22 17 69048 1.0266596937925843
25 17 15 21 53596 0.9672393752878371
9 23 26 4 109285 0.9743176314995471
17 20 28 20 51770 1.047401567328012
29 23 27 11 67714 0.9901938581705257
4 0 11 29 139652 0.9915144871198261
3 27 16 7 112297 1.0824448864995475
1 26 14 24 55034 0.9934240641474628
0 11 12 10 31813 0.9835954640603187
4 5 18 21 99793 0.9459662733892414
21 27 3 21 81944 1.0988657702639844
5 0 28 21 146865 1.0750381976873078
8 22 28 25 82387 1.0998624522729128
10 25 16 3 95699 0.9316326667716857
24 2 21 19 78307 1.074208760253517
6 1 26 25 143915 0.9324771698097359
12 26 22 19 60679 1.0138118125132631
23 0 7 0 60280 0.9812975096135192
26 26 28 16 50431 1.0449971562976343
18 20 7 13 57505 1.0712293199963827
2 1 16 16 92139 0.9333611345030144
7 19 23 22 71366 1.0478735380947937
24 26 6 27 71258 1.0850498072620922
18 24 10 29 45285 1.0172392218452737
1 8 27 23 126706 0.9737929887738359
26 17 1 14 95069 1.0985857656316884
4 23 27 5 123677 1.045143867771489
2 20 14 5 78759 1.0126359415453807
4 21 1 14 33594 0.9596086658594482
3 5 15 28 115722 0.9749090180253582
11 21 26 13 71933 1.0152757252100002
9 20 28 19 72102 1.0566835542860717
3 16 10 5 74727 0.9542455990997002
6 26 6 9 79971 0.9309591526904645
6 4 23 17 95793 0.9208319498134128
2 4 7 14 55013 1.0039253929001817
25 21 1 16 106812 1.0792082345310674
8 7 1 21 71428 0.9793220818552453
23 7 1 3 93426 0.9704563868635464
11 2 28 0 65936 0.9917633845848246
22 15 12 14 43050 0.9421668572599406
0 24 22 24 82419 1.010844288972016
27 1 14 28 135488 1.081453665842227
8 24 17 5 90336 1.075179012665073
2 21 17 22 58637 1.0296665364991018
14 7 6 14 46956 0.9735688873851122
12 2 25 1 54045 1.0992297897709318
28 14 0 10 85353 1.039225125115142
17 2 6 15 74737 1.0803474222722496
14 3 3 26 110603 0.9399017805480048
12 17 5 23 43261 1.0060153608470495
18 7 5 5 61696 1.0715447451238413
27 2 13 17 88581 1.0307108842310437
12 4 14 21 65519 1.0292376426129948
25 24 12 15 82304 0.9304532833459505
21 0 15 15 65695 0.9969541410932854
2 13 14 7 48156 0.9914061176650599
2 8 15 26 93918 1.0425938969036896
24 0 0 13 100802 0.9070803830171893
11 5 19 17 63948 0.9396854146540516
13 19 28 8 78178 1.0509926483630574
2 3 21 5 82909 0.9389922579827517
7 29 21 21 78548 1.0439051719735983
24 12 7 24 92622 1.0983752766687427
29 4 11 10 72646 0.9949534886383343
20 16 24 5 53445 1.0107088628397025
17 12 21 0 47927 1.0536232178591138
9 26 23 1 124939 0.9868493142654471
12 20 23 20 47028 0.9781321950664967
0 14 0 26 35490 0.982172405498798
11 7 18 21 67694 0.9571884688012386
23 21 9 28 74186 0.969145565047654
9 20 11 2 69951 1.036266381606024
11 11 3 5 45839 0.9434499076511428
20 7 26 14 38913 1.0621338214374463
20 5 15 25 89708 1.0432568841066374
6 17 12 13 35619 1.0508047322721512
1 7 11 26 100760 1.0300510160409773
26 9 19 12 33368 0.9111575003760073
16 11 19 24 63327 1.093488611150825
7 1 18 7 64608 1.0113793896606047
2 19 20 22 72487 1.0483671727319133
14 11 27 5 56940 1.0385051536461964
24 26 3 9 118448 1.066511631150679
11 29 3 4 124220 1.0592551627240212
18 8 16 28 88606 0.9285582262957908
7 14 24 23 96588 1.0832957528676264
23 12 5 28 106782 0.9440764917134801
11 7 17 16 42761 0.9109418471661728
2 29 7 5 111062 1.059124477820093
29 21 9 27 99944 1.0476468760198054
9 1 23 2 57934 0.9941100542045535
23 23 11 6 91430 1.0718862918208711
18 5 14 15 51387 0.9998276830215644
16 2 16 21 79449 1.0405600991252857
17 7 29 29 128841 0.989446238006322
10 23 3 1 110268 1.0930463618327098
23 0 29 25 121725 0.953615498694666
23 28 14 17 75417 1.0031067216587715
8 17 24 29 99042 1.0476416492572076
16 2 26 19 88387 1.0353025876878466
27 26 17 26 35411 0.9784573074221998
2 4 9 26 104810 0.939859927834578
0 3 17 20 108992 1.0480792886855432
8 1 25 1 71630 0.9185687521802385
13 20 25 24 59441 0.9278353049972877
28 4 1 6 111529 0.9829623570050589
26 4 7 24 121221 1.0816382273512226
1 28 13 25 45066 1.0480385678491544
21 4 13 1 38896 1.0542741206137385
11 7 3 15 56354 0.960504638780515
1 11 27 17 95280 0.9922142121143142
14 26 24 14 80404 1.0975590728159268
0 5 9 11 48482 0.978265573036424
5 15 28 1 117011 1.0258882565985876
11 23 29 2 120020 1.0315022692725626
19 1 10 19 86598 0.9128265876217283
9 24 18 18 46684 1.0052222912351407
15 1 4 7 69046 1.0752336026203348
25 15 7 9 69143 0.9759081348467372
2 19 4 7 57049 0.9611453784435982
28 29 8 9 137221 0.957460921899241
9 19 1 10 59020 0.902077537085803
12 7 23 28 108782 0.9063758922540547
27 21 22 0 101036 0.9224452450781245
5 29 17 8 106205 1.0099918740785538
26 7 8 11 59939 0.9709970528950289
11 4 28 12 70912 1.055987784360085
13 18 11 10 35173 1.055264477134424
3 24 20 9 96766 1.0226367810798607
28 15 6 11 84308 0.9744717444576412
3 3 15 23 106553 1.0889273610575718
20 27 1 25 81648 1.0422152972327223
29 24 27 5 95755 0.969003272373975
0 25 28 14 124601 0.9853788114556937
13 3 27 24 108363 1.0441444869991385
11 29 24 16 89379 0.9654821083436149
23 12 1 7 73524 1.0908823355363035
13 20 28 7 87663 1.0511869527815165
0 10 23 26 118512 1.0802968323804067
8 19 21 17 56815 0.914386070519994
11 17 26 17 61466 1.0649270448776964
18 21 4 9 79222 1.053767100016126
0 26 29 28 114543 0.921869787532055
25 13 7 2 82400 1.0501999535585944
22 7 25 24 81665 1.0567224568597768
0 17 28 17 105298 0.9246433952337361
9 5 10 19 60672 1.0794035644673259
18 29 3 28 54269 1.0043363309286413
17 3 23 29 119028 0.939237732643754
21 13 25 4 49998 1.0935770486893186
19 14 19 0 52684 1.013032368607331
5 8 22 9 58382 0.9365972612864624
16 10 17 26 65572 0.9833729327184437
20 25 26 9 87667 1.0814028217683944
27 0 7 5 89464 0.9720741478320751
17 16 23 24 52813 1.0011546534014901
15 1 26 9 63488 1.006518492634006
7 3 17 23 103169 0.9291028849990001
16 18 14 10 37061 1.0224237161612049
6 12 15 1 60695 0.9131350579876503
16 0 4 7 71552 1.0387936240206557
22 1 13 11 58743 1.0862756948112542
13 11 9 27 69675 1.016185099766126
16 25 4 25 54109 1.0127471924947238
8 5 6 13 50484 1.0724990435814876
28 27 10 20 87556 1.029789392424063
0 21 11 9 59426 0.9906980050711536
9 13 1 0 78960 1.0588204312784164
6 28 21 18 76787 0.9968246715715222
21 22 0 5 125934 0.9877773176471993
21 22 1 9 105240 1.0069240365542553
17 22 11 14 46433 0.9905305717867948
20 24 24 4 101394 0.9597338810189234
21 7 9 17 68126 0.9628302474254959
3 29 6 9 84649 0.9288475426459184
27 29 3 20 114012 0.9517628504233577
16 17 16 6 42961 0.9278020690712465
25 12 13 8 42459 1.0926763408627065
26 25 8 3 129956 0.9591929925685336
16 8 4 5 57117 0.9310072867038647
14 1 28 23 119627 1.08120969569574
26 23 11 3 110963 1.0384045781942306
21 6 23 19 54618 1.0846700177676634
4 19 18 11 75566 0.9616326005198774
20 4 27 28 110711 0.9571132187165212
25 23 27 8 68023 1.0198916032155596
9 10 6 27 80212 0.9527848224498215
1 16 29 13 99209 1.0847858203418044
25 27 0 5 153872 1.0237781332666591
26 3 7 5 82932 1.0825027756225682
4 7 22 9 65091 1.0387987204783564
4 5 18 26 114723 0.9634843741779503
11 16 24 2 80339 1.0034559548803188
3 21 14 3 90008 0.9458056132193164
29 29 21 7 117405 1.0370254840016122
23 8 7 18 74611 1.0685015221412442
29 1 24 16 73729 1.0437801435552028
22 6 4 16 92201 0.9287666815659121
20 17 7 26 73694 1.023429482691777
2 29 27 6 145164 1.0907415058758692
10 15 9 6 48606 0.9319836136771157
16 20 14 8 55162 0.9653075961302163
6 23 11 16 39192 0.9943492917427561
9 27 1 14 71406 1.0009327944793525
12 14 2 7 51499 0.9117387242430753
26 29 15 22 71462 1.0928503079384606
26 29 18 10 96319 1.0095679743057957
20 10 6 12 43864 1.020444389119805
11 15 2 14 38934 0.9828403876347119
23 10 4 11 49252 0.9915331858702384
11 27 8 3 107452 1.0565495274766157
1 19 15 28 73298 1.0827187813628065
8 9 18 7 39482 1.0664639122769108
11 21 0 9 70844 1.0313281296818337
28 28 21 21 57164 1.0079468745399796
15 10 23 25 82302 1.006284840790131
28 27 1 14 130924 0.9627118930787625
15 6 21 29 111742 1.0873268730208137
23 25 8 26 70281 0.9427216154903083
5 12 29 1 105472 0.9284989962420225
11 7 22 12 42251 0.9798743115044721
0 9 29 27 147331 1.0765241068210651
3 24 12 10 75851 0.9584425380830253
17 21 23 11 54982 0.9325805389053625
25 21 22 2 86569 0.9979979836590032
4 27 27 8 134048 1.0589683036355386
2 21 29 10 118878 0.9637120531717178
26 26 14 3 117130 1.0174720869786087
1 26 9 18 60855 0.9043236746000732
26 24 0 19 105156 1.0446160961907682
8 4 24 9 66159 1.097177812218738
9 7 22 2 68243 1.0550074947838237
22 3 1 23 116562 0.9221059034646893
23 29 5 13 115002 0.9080839474637686
24 20 16 15 46434 0.982157792386226
19 29 28 21 67255 1.0792479237273997
0 3 19 21 120911 0.9888291315285449
11 19 18 10 47556 0.9457266230532209
1 14 16 18 68044 0.9547108352301259
12 4 3 21 89435 1.061268833469324
1 21 25 0 130089 1.000442880802494
27 16 1 10 88436 1.0227229591554587
10 27 27 3 131445 1.0258337633639587
3 12 21 23 102099 0.9855052068207059
29 25 14 13 97732 1.0319731039589803
26 2 28 17 65600 0.9514027616500296
22 19 0 2 124953 1.0017468736906625
21 14 1 11 64614 1.0023354166570662
28 6 12 19 94081 1.0877119000695237
11 4 10 24 75691 1.0874858146338242
14 1 11 21 72559 0.9885173890038521
26 16 3 26 111449 1.0210892114791843
9 21 8 0 91774 1.0357647022812415
15 24 1 0 130880 0.9759494134550983
9 7 28 25 125395 1.0885040586906605
3 17 16 17 55186 1.0124657967064148
28 24 19 5 98343 0.9982719592465874
5 20 26 22 83919 0.9238344991585364
2 8 19 28 111554 1.0027100960055397
11 24 2 4 95156 1.054881418560429
28 9 17 18 69243 0.9516472908095533
12 11 23 1 64229 1.0945600212421622
6 29 6 3 126242 1.076770841120128
22 4 1 15 95460 1.0271827512519542
9 16 25 3 90342 0.9241986189938581
2 8 25 28 137064 1.012051024186675
9 6 20 3 59124 0.9724033146991864
29 13 10 0 86401 0.9295061216606471
0 20 18 29 77242 0.9085321751235621
3 1 16 13 84242 1.0766831925933245
26 21 8 29 92546 1.0517811730598414
23 1 2 29 149865 0.9439605988631247
11 2 6 22 91290 1.0608092979555634
26 13 24 25 57866 1.037358895444516
23 4 3 19 108460 0.9917656122211855
29 29 9 4 157102 1.0629778693976333
16 27 6 12 86624 0.9654790790511858
20 4 25 22 79335 0.973206920040401
1 13 29 17 109829 0.9354037621975797
15 4 10 10 32014 0.9243596812723611
22 26 3 17 95486 0.9401512571853037
17 15 23 0 64854 0.9957315513670795
1 2 15 0 59994 0.968282996577375
12 17 24 15 62248 0.9643389741693316
15 2 0 4 64016 1.0847188319243541
27 9 25 20 54889 1.0582628089497153
20 7 8 26 98965 1.0873055164689647
23 17 28 25 51524 0.9622071872825447
6 3 24 4 80212 0.9894604203231353
27 15 13 13 49880 0.9955977232657822
10 3 24 28 132298 0.9954771194324377
25 0 0 2 100935 0.9762048393005845
15 24 29 26 60108 1.0863341037528935
9 2 18 8 45311 1.0996021219812355
3 16 17 5 81417 0.953322463445865
6 14 18 8 52900 1.062480824004909
11 16 24 28 83749 1.0074065919822441
8 13 27 0 94100 0.9278642772427936
10 29 28 23 86959 1.00226346051817
1 2 21 24 144816 1.0883250548572359
26 16 18 28 72957 0.9695441018391152
0 10 3 23 47416 0.9887386734628036
18 29 2 26 68454 1.0913684076881773
14 29 1 11 94242 0.9728982175282723
26 9 29 0 40676 1.0390581391944653
18 26 8 14 74559 1.092822093384986
5 23 18 4 99703 1.0032720220684073
5 16 20 20 65810 0.9805695568585393
4 26 14 12 83977 1.0994174508350338
20 19 2 12 85079 0.9837067619135849
6 4 23 21 114079 1.0266971616998828
25 9 28 27 89429 1.0464917382865209
3 25 25 9 121326 0.9332113736330552
23 16 15 23 55977 1.0250264811199596
18 5 7 16 75729 1.003669549502649
5 6 15 22 94047 0.9777723430700496
4 25 12 12 70088 1.0285208430141755
20 1 1 26 129957 0.9276736317314243
4 10 18 16 53335 0.9968222786596508
23 29 15 27 43022 1.0000591247812047
7 5 24 14 75842 0.9345664426101984
3 8 23 26 121259 0.9648891337916526
23 11 10 7 46304 1.0477394250643324
19 28 10 27 40085 1.017427270508003
5 26 26 16 105361 1.064804895520055
2 14 16 27 89882 1.0366011278933698
4 28 12 4 112493 1.038490237184169
27 19 5 1 126145 0.9085814503693861
18 0 3 25 127148 1.0133323648225774
8 16 6 29 67255 0.9050970239591734
18 20 1 4 104801 1.0690323057881868
28 11 2 11 76930 1.002870020642385
10 29 3 23 44998 0.9109471431127194
17 22 12 11 56258 1.093613108894346
13 3 5 14 55687 0.9530762402672233
9 15 3 28 74627 1.0462505634755126
8 28 26 9 116032 0.9079747522161177
18 17 10 15 46831 0.9632687714028135
14 23 17 14 49813 0.9730989773556352
2 5 25 10 77105 1.043940879894225
29 29 10 15 123931 1.035703867744382
13 24 25 28 54950 0.9316846104711792
21 17 10 17 48964 1.0269310678700145
13 26 4 6 93119 0.9093005125332431
22 7 24 22 69397 0.9599676078409426
22 20 12 14 61530 0.9931382178283916
27 6 5 19 106276 0.9068802597967457
27 15 10 15 68284 1.0022414420235708
0 11 27 25 130657 1.043623251367879
11 14 10 26 50781 0.9892003146322748
18 18 23 13 35311 0.9872078027592435
29 12 14 21 79874 0.9779615148225547
11 21 0 18 44378 0.9123538163406483
2 1 27 17 126144 0.9163494425535628
14 6 0 1 74177 1.0385900814314415
8 18 24 26 80618 1.0115723914835184
23 20 7 16 74771 0.9494172790927862
16 27 6 26 48605 1.048440666935282
21 6 1 19 92936 1.0332204048434876
9 14 20 0 73998 1.067088386905875
17 3 12 16 58542 1.0555925504183206
4 15 26 22 102201 0.9062715732276015
27 15 5 22 105655 1.0566129836361884
16 18 2 7 76405 0.9819844878483203
27 23 4 25 97920 0.9077347412142813
29 20 10 20 76928 1.070678575161943
17 21 12 9 59054 1.0554136012406659
10 29 2 21 60130 0.9467134378075688
10 12 3 25 74963 0.9350866215412318
1 21 21 11 87856 1.0777659695826276
8 16 0 13 39065 1.0895434370850445
18 11 23 23 65215 0.9833052302129962
22 23 28 16 46695 1.0504606507043308
24 23 14 27 54541 0.9889168529904225
13 10 14 29 70342 0.9580384006358069
5 19 27 14 88863 1.0892600246515742
4 1 11 22 105846 1.0760336810550502
13 22 25 7 85495 1.0026860415318917
28 3 15 21 104488 1.0533589740092166
9 27 19 27 42851 0.998327422609734
11 26 1 5 111532 1.0905164454473475
9 29 11 0 109374 0.9471214007042132
0 7 12 5 60956 0.925965975153436
18 23 29 21 56090 0.9524001817358214
21 15 12 1 65335 0.9907533016791332
7 17 1 24 50681 0.9123356058373701
27 29 27 15 69354 0.9790512016277195
26 15 19 23 57226 0.9225195327137832
27 5 0 18 106128 1.0104738491490048
28 2 13 26 121428 1.0924743782232331
29 17 6 13 92447 0.9070809855818652
7 7 5 29 109127 0.9283341631119144
2 1 2 20 75556 0.9844215390012319
10 21 0 1 105520 1.0041592979492973
18 17 20 8 43476 0.907930438046398
9 6 18 28 104410 0.9293558886476256
23 5 1 23 114030 0.9679906011538548
28 28 22 10 93818 0.9058756431448591
28 12 8 8 70986 1.0807339479164917
11 7 3 11 32633 1.070483874843258
23 28 1 29 82621 1.0070590875080052
23 29 28 22 47701 1.041617879389194
15 23 29 20 72724 1.0957632597939104
16 17 28 7 69026 1.0663598699966328
19 7 15 22 78041 1.0614276258665607
19 5 16 28 102534 0.9619396431565069
1 1 28 28 183678 1.0696413625149617
27 5 0 8 94390 1.0802146286033036
3 14 5 4 57703 0.966245193714584
20 24 15 15 61712 0.9764955181837216
11 10 2 21 63893 1.0102609385130734
8 7 3 2 47030 0.9021337674071428
29 24 5 22 104976 0.9021938856741013
6 0 4 10 60893 1.0174769596701334
25 16 4 12 82077 1.0719052067303023
4 6 28 24 136609 1.0696322497654611
1 19 3 27 46909 1.0533509023984635
25 10 9 24 89569 0.9218170169881745
18 26 25 14 77397 0.9466893941957071
29 11 4 14 92827 1.011877767892339
15 17 27 28 85468 1.0281143988780137
12 12 9 20 35726 0.992298837215756
13 12 10 19 32911 0.995774636565559
13 15 18 25 54731 0.9379666221217582
20 4 10 19 73834 1.0982952490946152
20 17 8 4 80610 1.0884940536463816
16 23 3 19 56024 1.0157841838435955
20 18 6 17 52764 0.960197518175285
8 15 16 10 41200 1.0335388242082408
24 5 22 20 71219 1.080770255818063
11 10 26 5 54157 1.0406388233278936
25 7 14 23 91787 1.0550827739085649
14 27 25 4 120176 1.0668763730535038
18 1 6 1 55212 1.0917163715335396
5 25 28 26 90468 1.0911790138727329
2 29 8 0 134685 1.0176198937946015
27 19 12 19 57182 1.0200364012992762
8 13 7 22 52626 0.9084566628434285
19 18 11 15 39288 0.9968150564859705
12 23 22 25 50260 0.9468596871318715
16 13 13 27 58245 0.9800057984221284
24 25 6 26 80522 1.0642123368806493
17 4 22 25 98412 1.0920667537920759
14 15 29 21 77741 0.9357414824800505
7 2 20 29 133532 0.9944463753332368
12 3 4 11 47671 0.9319610083225041
24 18 4 12 86646 0.9784706912504473
18 16 7 1 81198 1.0884026287276243
28 3 19 13 58693 1.0540267759478237
23 19 5 21 78207 0.9778166550970442
5 26 9 2 114820 1.0432192518144832
19 0 2 2 71456 1.093345893369436
14 11 10 28 70608 1.0549607461736066
24 5 29 12 43168 0.938027089906332
0 23 11 8 70217 1.0015447056080646
8 12 24 22 88250 1.0480760913794362
24 17 11 4 76681 0.9608374289377852
19 14 13 24 60854 1.069464171917701
10 20 26 4 97466 0.971674562252351
14 12 1 16 61189 0.956848882467058
5 24 29 24 105366 0.9147010132211736
24 10 19 19 51945 0.992012210637268
27 26 3 26 98140 0.9488883746574428
1 9 22 9 61799 0.9913355352142581
23 16 16 3 65931 0.9143321899549338
8 9 16 24 80197 1.0725333523389986
11 21 24 12 69289 1.0733789126492077
0 4 17 4 78989 0.9213115244467248
9 17 27 22 81204 0.9441225580400925
28 19 23 2 80051 1.0634426218535982
23 25 5 8 114899 0.9283605915860648
22 26 3 7 124714 1.0572523629107993
26 26 16 19 64746 0.9731478402837306
1 12 15 14 55653 1.0883040208816495
13 0 24 21 97718 1.0799596310843311
13 23 23 16 58114 0.9344591810713341
9 18 1 20 28643 1.0520732013353344
6 7 18 22 92690 0.9711581235961965
23 20 12 26 63528 0.9845103149679663
1 29 1 18 41217 0.9756567687783099
3 12 23 29 127237 0.9217195958513081
2 14 12 8 47725 0.9937280977561871
0 0 10 23 113596 0.9052744788191579
4 2 19 0 61758 0.9549803885927595
11 14 4 6 47942 1.000671984383892
12 28 25 21 73614 0.9195689927054469
9 1 19 4 47665 0.9528763119812018
16 15 3 23 67181 0.9121545525334179
13 25 21 28 35532 1.060394977201227
29 0 13 26 134742 1.0429916301484479
17 11 4 5 58349 1.0779937893769167
21 17 4 11 75187 1.0763955704189125
24 18 21 28 54112 0.9612826765531912
0 5 11 15 65506 0.9664729511602246
19 29 14 24 34199 0.9922421022971302
24 22 25 12 49616 0.962983855452537
29 24 0 24 116153 0.9697544227038842
15 2 20 22 93884 1.0253552857675898
4 9 29 24 128404 1.0747788960290454
4 28 4 14 63826 0.9937520267048079
25 0 15 26 124359 1.0554008835666882
16 27 1 16 86839 1.0296192258585775
6 9 9 21 61636 0.9648966352713971
21 10 4 13 57149 1.0652912732306805
28 16 24 23 47223 0.9105473182297126
26 26 0 0 173732 1.0990665710957106
18 17 1 3 96639 1.0457702677037095
21 10 7 13 48466 0.9719317614797247
8 11 18 6 42745 1.0331164857236645
28 22 18 22 39003 1.0056598322832995
19 28 16 14 63452 1.0713671926435564
14 24 7 4 92871 0.9083792124926224
20 10 9 29 94625 1.0452861509733067
29 19 5 7 109532 1.0487700654716385
0 12 23 23 110461 0.9878132915501956
15 22 22 13 58327 1.0835476058974778
25 6 7 4 81821 1.0498912763921344
27 27 5 6 144198 0.9041308448622696
10 26 29 11 117545 1.0642745620101597
12 14 11 23 38369 1.0143717896581028
7 12 26 4 75484 0.9672581094370627
13 22 10 5 68182 0.922196760264155
19 17 0 13 81697 1.0448975278625856
5 10 16 3 49162 1.0250111803340125
8 6 16 27 104478 0.9356244998880753
12 16 9 3 57962 0.9918230500940695
12 17 28 26 87073 1.0082717026444292
13 28 2 20 57305 0.9065607782725831
8 9 25 10 48168 1.0414535625189012
21 29 10 17 78424 1.0966895754361519
16 5 26 14 60034 0.9777665390981978
10 8 15 18 52262 1.0054177938656212
4 17 10 9 58201 0.9656532409146202
25 0 6 15 105119 1.0493021000026594
28 25 7 7 135290 0.9855610750328658
0 21 5 12 42619 0.9911786890468013
24 27 22 15 62058 0.9502776454214477
19 22 26 5 89192 0.9984483239749576
0 29 11 16 73584 0.9003805293785782
20 4 28 11 48452 1.0280491734617354
14 2 0 26 100555 0.9297677798010319
20 5 6 11 55140 1.0753902200740226
22 16 25 2 65014 0.9220236219678636
11 1 3 12 58737 0.9297069093258468
2 18 21 6 89259 1.056427235768914
17 0 1 5 78929 1.0827766317432381
10 20 25 14 72643 1.082571257863966
21 10 27 4 38959 0.9383906100851346
23 22 4 26 83759 1.0617883979847453
6 26 29 17 106934 0.9454559344036076
3 4 7 14 60100 1.0695126016621455
5 14 28 9 87219 1.0716961380029413
25 9 15 14 47779 0.9755310489434573
7 5 24 13 73193 0.930405837879189
3 25 2 7 74983 0.9972605574962489
1 10 28 29 147422 1.0695323639172691
18 10 4 1 72757 1.012153788142127
6 27 1 17 56208 0.9898581641307519
12 3 8 10 33315 1.0852410803162023
26 29 26 1 107445 1.0062433747382973
10 3 28 8 71196 1.0621031480070984
17 2 9 17 73371 1.08276691873977
22 27 3 5 139344 1.047419705541994
1 11 19 29 109664 1.0487014791482405
1 7 11 6 50846 1.031660620428852
23 0 19 21 93132 0.9079654517844971
5 4 1 11 44131 0.9075147552131237
11 6 16 17 50526 1.095622758500377
8 4 10 23 81666 0.9375972068585653
21 8 3 15 75620 0.999040664931233
9 1 13 28 100060 0.9341600611985481
20 0 17 13 49573 0.9930413653630337
25 13 10 28 94242 0.9735210763398929
9 16 18 18 41284 0.9429779603464099
11 19 7 26 41217 0.9648988726326168
11 5 19 0 44960 1.0435788684205973
6 19 16 5 77537 1.0395782351915894
0 27 2 16 45658 0.9071506541915384
19 5 19 15 41591 0.9517531434068052
15 29 26 27 54893 0.9348512931402634
5 19 25 19 75397 1.0828950394426966
15 18 23 20 35501 0.9551407200326464
25 0 0 1 106508 0.9350516646183362
4 6 0 15 44591 0.9486778846451538
15 11 5 13 41748 0.9627961786692978
24 21 11 14 74665 0.9474430232684322
16 11 2 9 38612 0.90139094273727
14 19 19 11 50508 0.9985337085902751
27 7 5 23 117727 1.0505639386768892
3 4 20 10 70296 1.0887305194578185
28 10 1 8 80116 0.9448611435193198
3 8 11 0 62723 0.9339293778739767
25 29 19 16 82079 1.0324721976941245
9 7 20 8 42591 0.9716073073840996
25 9 10 11 49426 0.9784378144523365
8 13 15 28 71174 0.9631525328486873
2 12 15 10 36548 1.0099788645005154
25 21 27 9 58409 1.0388763673922452
26 24 3 4 140080 0.9097847899184094
10 25 26 29 78638 1.0549981966123108
24 5 12 21 91470 0.9042747298710123
9 15 23 4 76929 1.0975246644079846
25 3 17 21 87388 1.0211263934221066
20 13 12 27 73457 0.919453709817947
4 12 14 8 41138 1.0474770264585729
15 17 8 5 71468 1.0969786277394984
15 28 6 24 44392 1.0545033601883864
22 21 1 25 89451 0.9979894536410087
24 17 7 29 95255 0.9004394188027102
14 26 23 2 112112 1.0135786934524647
28 20 1 20 100457 0.9731080846361893
27 1 7 19 118996 1.003760997759028
24 11 18 23 69954 0.9618160110362726
1 27 27 6 138159 0.902624952673847
8 7 0 19 61717 0.9410946384910238
1 29 28 25 104459 0.9604394571017905
20 20 8 2 96351 1.056663093882852
23 0 2 17 113170 0.9554560025969601
7 29 13 10 83364 1.0848937248560673
11 18 10 5 49779 1.0586558616397002
16 0 1 6 79235 1.078298844847276
5 1 7 28 127905 1.0378338383361756
19 2 25 23 94123 1.0558550311158514
20 0 12 26 107228 0.9723414537626698
20 26 3 23 59496 1.0948985419097175
26 24 9 12 97840 1.0472987413780708
3 4 18 13 75731 1.09631001623111
29 23 20 22 40324 0.9481562046268786
21 11 29 17 54190 0.969683461821365
8 16 14 22 44167 1.051165964170055
27 3 19 22 98132 1.0330155236853598
10 21 2 1 101573 0.994347230145412
4 18 12 9 58360 1.0186832270589947
29 4 7 22 132381 1.0077031412159216
17 11 23 23 63978 0.93719700946582
5 2 20 19 102980 0.9147659680271086
20 3 11 7 45961 1.0976521099451222
0 24 10 3 94267 0.9314263814654317
26 10 1 6 81312 0.9146388316088926
0 5 16 20 98440 1.062242711908767
19 22 0 6 112100 1.0814499649870732
27 2 0 11 95690 1.0133591553166015
3 2 20 18 105285 0.9489151874777997
19 28 24 3 117541 1.0811548736913337
25 26 23 10 74532 0.9951018229874267
14 20 11 7 52365 1.017659544555179
8 17 17 15 50598 1.0664042388086963
4 9 27 4 82661 1.0065714703294777
20 6 13 9 30128 1.0876411471047855
19 1 24 20 84146 0.970412564649443
27 16 27 5 52548 0.9619371437441231
27 10 11 20 76195 1.0797756789045925
6 23 0 5 76479 1.0901931090279828
24 14 13 22 65420 1.08434641947654
28 8 3 16 102146 0.9380085679841066
16 24 26 1 112262 1.0477882209550307
14 9 28 24 98893 1.0085366296978662
28 23 27 4 87033 1.0513078010625352
6 13 28 28 128130 1.065607408405064
8 12 23 28 103981 0.9997394632428325
26 10 20 17 47531 1.067930022204309
6 23 12 0 94022 1.0401814173455237
22 11 20 2 33075 0.9059435846490087
3 11 3 26 68402 1.0700046770407812
13 21 28 1 110708 0.9339149255407738
29 4 0 10 98680 0.987047773094428
16 18 21 6 55063 1.0547271003909033
17 12 4 15 56886 0.9717079303477422
11 16 7 29 60287 1.0414568566569034
7 29 22 15 97330 1.0259422278203765
1 4 24 29 161646 1.0681643799175966
19 7 12 20 66228 0.9405748267348508
24 12 8 12 53573 0.9852586396138696
1 15 1 28 48205 1.0388376028785422
14 12 4 9 34407 1.037113962455217
25 6 9 15 77421 1.030566126678408
19 10 0 20 72923 1.0584584832455775
17 4 8 3 43589 1.0500504043752952
23 20 17 3 78789 0.9039615137783757
25 26 3 25 89935 1.0363213050711104
3 21 27 19 93290 1.054812669147606
11 1 1 12 63122 1.056185549645732
4 12 24 15 73798 1.0137703989137745
23 3 11 20 88107 1.09342499875902
14 23 20 29 43892 1.0999486741168205
6 12 4 25 66294 0.9960431298042779
6 11 16 18 61526 1.0694662007801008
1 21 11 0 96819 1.063249627198651
4 1 9 7 53177 1.0718232651186712
1 18 19 26 81726 1.0558311625454713
12 20 2 9 63573 1.0339686931776835
11 2 19 10 40597 0.9850597002993775
4 4 24 13 87726 0.9155553028154865
17 0 10 14 61479 0.9081122623959982
15 15 22 0 69215 0.9035255958679246
8 2 22 3 54363 0.9788264674715872
28 19 5 1 129227 1.0009078226191817
1 19 14 25 60904 0.9530822821659302
24 1 8 22 121393 1.0908452139332039
0 3 18 14 88110 0.9027642050412822
12 13 23 6 52088 0.9001861035846574
15 6 29 2 66938 0.9149592508777931
26 25 2 0 158599 1.0271692679473337
17 2 28 12 67211 1.0269160697641448
22 22 25 9 64718 0.9971137811299563
26 13 8 15 63287 1.071210523956188
15 27 19 13 68139 1.0525564725172176
4 20 12 4 82117 1.0016149470863405
20 18 3 7 83059 1.0682975649032163
20 29 27 5 120800 1.0931470975400028
8 20 7 7 74274 1.0067379392063633
7 23 24 12 86677 1.0496006199582617
8 10 23 5 53547 1.0985220940868405
27 28 19 8 101451 1.0048937037997154
22 24 1 18 96352 0.9382824179969846
4 6 8 26 102697 0.9099399919850698
24 17 13 7 60128 1.0815934309393196
0 27 4 3 88878 0.9199178392483975
16 0 9 4 37339 1.078833285124722
3 12 6 23 58852 0.9368335987474656
16 28 2 8 104231 0.9220134002585555
21 20 26 5 75503 0.9799020168370853
1 27 10 25 48850 0.9073633745651978
11 12 29 5 75466 0.9048031312347934
28 24 1 27 111124 1.0398238461415326
14 29 27 24 67500 0.9855224070825068
2 22 16 27 60233 1.0710305881028197
27 22 29 8 68518 1.0501919276373903
15 4 5 0 55894 1.0699075320357272
28 6 24 28 107468 1.0741058190152153
28 0 20 4 41082 0.9851139038454946
20 7 26 29 100101 0.9794230601058664
27 2 0 27 141921 1.0012050803899146
11 26 10 3 91833 0.9576417971878198
16 10 25 8 30972 1.0712437271096151
25 1 24 21 85278 1.0372552775608552
25 24 3 10 108642 1.044789702932032
13 12 11 3 33862 1.0867217185600901
25 3 20 18 72636 1.0349653163359145
29 1 11 7 83240 1.02995783170521
6 10 25 22 94530 0.9156651321270534
8 1 16 11 52171 1.004262461299226
8 9 27 2 79297 0.9397130959742944
13 27 15 15 50289 1.026618608796671
7 19 16 13 50838 0.9398609118955374
9 28 1 17 65717 1.0213265376898781
11 24 25 1 118758 1.0259355565382695
2 29 21 14 118748 1.040992211142279
27 25 22 20 38616 0.9613436069798804
15 15 26 18 51683 0.977718662565116
14 17 9 4 63345 1.0113030547928243
22 6 5 22 110442 1.0474536559183405
28 14 6 10 70695 0.9446913974570694
14 23 25 14 74660 1.0578862406494651
4 0 5 15 87315 0.9406387372397331
13 8 25 27 106950 1.0898956222501905
22 27 7 19 81456 1.097438303824989
15 3 8 13 50568 0.9285672806460947
8 6 13 14 47539 0.9114033961989577
16 15 0 14 63249 0.9972665736117619
9 7 1 17 65401 0.9924800772577285
29 8 16 20 80737 0.9789868019122834
3 10 28 28 136200 0.9506003009026999
0 4 21 27 145681 1.077202553090928
9 27 2 5 106932 1.0870456565050408
5 12 1 4 47185 1.03276614201098
25 2 6 11 82528 0.9813228569230407
9 20 26 26 77393 1.045965306166872
24 4 15 1 48509 1.0577271710466238
26 19 11 0 98011 1.0986873136528879
18 10 3 10 34147 1.0805368485531268
10 13 24 20 69732 0.910351273062596
20 29 11 22 51818 1.0582740459538016
15 18 16 29 56584 0.9679949846005931
17 28 6 12 92403 0.9516705457104117
0 9 15 8 47889 0.9414847795602205
23 9 29 5 35460 1.0386332500913236
18 24 26 29 51242 1.0284751060351471
1 13 22 24 110921 1.0421401157685817
27 20 14 16 62302 0.9061528582133831
13 4 8 14 45956 1.0148825800175465
0 11 11 14 42097 0.9711118943188933
25 7 15 15 58477 1.0796947703958577
6 29 14 16 68242 1.029979670929989
14 3 15 18 60386 1.0534342946628534
23 24 10 27 65545 0.9348936606445724
25 8 11 21 81407 0.924952326205071
25 5 16 2 41556 1.0108648085554885
24 25 24 15 52687 0.9743457867333348
1 10 23 27 121090 1.0850281289800956
4 23 29 4 136877 1.097743499578606
12 24 20 8 77942 1.000113912272842
14 3 11 14 39335 1.033932738095202
23 18 15 11 50663 1.0051240914766093
5 19 1 26 44511 0.9968773206929855
18 9 1 0 90939 0.9079596757966789
0 22 20 19 75702 1.094470958343524
6 28 2 10 77485 0.9807891482939424
16 13 6 9 39864 1.0599644713294352
24 13 2 24 104377 0.9690178277943263
15 22 29 13 78042 0.9851411997008114
1 12 25 21 110195 1.072865270402241
12 18 23 0 92335 1.0956593406835113
14 7 24 14 49912 1.0459318028238433
26 22 6 1 132350 1.0186909182731336
23 10 5 29 115193 0.9737628382491292
3 22 25 29 96069 1.0928686373893914
10 7 11 29 92870 0.9862487446580296
12 27 1 13 82950 1.0413334861798127
4 8 8 17 57347 1.099951651331809
25 16 10 16 67546 0.9025551295715214
20 26 9 6 108868 0.9281448582124119
7 1 17 27 121865 0.9428996189309263
28 25 7 24 86631 1.0190673089421953
18 19 14 29 52107 1.0834824811228647
6 29 2 20 49609 1.0419016678864919
29 22 19 16 60639 1.0135412085441478
10 10 28 20 86013 0.9723514329826314
4 15 22 14 72355 0.905601006096428
4 20 25 4 117282 1.0352861750480986
12 29 12 17 50846 1.020749918951551
29 17 3 1 141094 0.9784057242852187
1 12 16 27 95630 1.0337135008928355
18 17 2 13 68385 1.0019298216411403
8 15 25 27 106067 1.0698222571536988
2 20 15 21 49122 0.9770270143402836
27 24 19 15 66986 1.0740639711437148
24 22 29 15 52175 1.0896020480726767
21 10 10 6 41069 1.0212070130892144
21 11 4 28 112396 1.0187338507837613
28 28 11 22 80441 1.0735246117485644
14 27 9 0 103252 0.9988330999878373
23 12 14 2 54090 1.0155660009590448
27 19 20 7 62552 0.9028072372568114
9 13 16 16 33311 1.0484293029982334
0 19 8 23 33863 1.0448792899139532
4 11 19 11 46597 1.0509414559152197
1 25 15 21 60617 0.960888261301922
24 2 25 13 48204 1.0308194014387535
18 27 10 12 73918 0.9688869363800475
8 13 24 4 76145 1.0860802147355013
9 4 5 25 100066 0.9423887693234827
16 13 9 28 74724 0.9242188655897284
21 15 11 1 64670 0.9618619516350349
23 26 10 12 91227 0.902331504814891
12 9 3 27 102450 0.9334915079800363
17 17 16 7 38014 1.008119267685868
0 2 11 2 46736 1.0118005029163197
13 26 27 8 98399 0.9612421320070907
0 0 8 23 107504 0.9941747826457346
9 28 9 5 99793 0.9681807873249805
25 25 9 1 130686 0.9544325342442275
18 11 12 18 51813 0.9823792700336951
11 14 15 7 34522 1.0263367990209276
1 18 27 0 124131 0.9043179884059473
27 4 6 1 90345 1.0296146686280008
25 9 0 24 108465 0.9484149673585089
2 27 23 15 112095 1.0302973429543427
10 14 9 1 58000 1.0447505332814788
7 19 22 20 63676 1.0271407878566947
6 8 15 2 54007 1.075796459779782
20 16 2 18 74015 0.9288014942901159
19 11 9 0 59370 0.9548769965467778
3 6 27 24 132894 1.0877818133275157
22 5 12 16 66673 1.0128683108860317
26 7 12 12 55276 1.0212965290045601
27 29 19 3 124388 0.9841406739676127
21 6 11 27 102195 1.0086578584927333
3 9 12 5 41869 1.0892599266372684
13 21 18 15 41876 1.0092527080019642
11 19 24 7 75754 0.9275256526272833
24 14 3 14 72828 0.9934302881516426
9 18 27 16 73674 1.0276096847162295
26 12 9 8 58303 1.0721392721862353
16 27 13 1 95979 1.0430769889873415
14 28 7 2 109085 1.0164400561655258
29 4 18 24 118002 0.9840703426540623
7 8 21 8 49649 0.9196206421108408
25 16 6 13 70857 0.9161741732972973
20 13 4 20 72333 1.0345774337974725
25 13 13 28 85651 1.0115925159086507
25 28 20 17 67742 1.0868739219629955
16 28 26 24 52628 0.9253442069036185
7 5 2 24 97056 0.9196279480701198
10 23 28 2 119079 1.0800467861275254
12 10 27 5 56401 0.9533741060228276
10 24 27 4 118649 1.0072716515523958
26 26 8 14 105044 0.941775880358786
15 5 8 29 101735 0.9086852918169781
19 27 3 19 78673 1.0126464152883452
15 13 15 29 73928 0.9595399786089722
1 21 26 3 121335 1.0615023735578157
17 24 27 1 113819 1.0986668943769047
29 18 5 19 86206 1.0350133040395475
25 27 8 15 106067 0.9349597777707555
2 19 22 22 84026 0.9512072009545851
22 24 12 13 78826 1.049605367453935
6 4 19 10 60290 0.9893497741169812
22 14 4 8 68512 1.0834392913388657
13 21 20 26 42345 1.0731832768405263
15 0 0 19 89143 0.9605786237578484
3 2 17 23 117894 0.9220747243587745
23 7 2 5 82062 1.0422221808264964
11 7 4 19 63873 0.9678149169623567
2 23 23 10 96746 0.9691368863873339
10 6 3 22 88662 1.0387689397235
17 16 20 2 52437 0.9505188515264184
27 13 11 11 53987 1.0583372555760937
9 5 26 1 82073 0.9548330974610251
0 16 6 27 53949 1.0811581067850666
2 5 19 26 120089 0.9267437101910553
23 1 9 27 129964 1.0846470249378106
8 9 29 7 70366 1.0566760874458934
26 24 22 14 54046 0.909655811707299
11 18 1 28 68297 1.023942711766241
5 4 16 5 53875 1.0686597798148545
14 7 23 19 69455 0.9674320968449837
12 5 18 9 32677 1.0755229000122448
11 17 4 21 37697 1.033176602416357
2 4 15 29 123412 0.9582586951775498
24 21 18 17 38047 0.931280323095432
16 11 7 15 50639 0.9003166073354807
1 27 13 8 90613 0.9866690637794294
19 2 27 24 102626 0.9725324974697824
7 19 26 12 81011 1.0484445796990505
11 4 19 28 104008 0.961320197205625
14 2 13 27 81121 1.052094238050217
7 19 13 5 61001 0.9811776767023163
5 19 24 15 83914 0.9891347724263734
3 22 19 15 85027 1.0804052408613734
8 15 21 24 84693 0.9136506604735168
15 23 11 2 78144 0.9848236005703371
25 10 25 24 66409 0.9065187299319251
11 2 0 7 64686 1.021470682169058
4 0 18 20 116332 0.9669089198240243
8 16 19 11 60737 1.0303000819164168
9 28 20 27 44844 0.9399006913287306
11 6 12 24 68042 0.9036575926973784
24 27 24 17 51779 0.9024274957175519
9 17 0 15 38170 0.9599645838343913
19 29 0 8 120351 0.9522240658590575
25 17 12 27 80410 0.9380475720536842
22 18 26 29 56864 0.9555773713318202
20 28 17 14 65837 1.0258679654205531
21 9 28 23 76335 0.9032595921432779
15 27 1 25 63919 1.0822798508332956
11 26 29 15 108121 1.0456357234073752
22 29 1 9 128573 0.9411209269552967
4 6 10 13 47593 1.0857204219518075
26 11 16 6 47339 1.0405831769624638
26 14 7 25 100662 0.9794243449197058
3 21 25 21 92646 0.9685101250580607
4 11 8 4 48116 1.0819556618649027
18 3 15 21 82825 0.9950209451842913
