4921 3750 3180 3875 4157 4964 4971 4195 4759 3422 5454 4270 3331 5169 3589 4059 5019 3451 5199 4960 5193 3277 4420 5033 4483 3569 5062 4482 3724
4076 4880 5465 3425 3092 4978 5030 4007 4314 4046 2993 5327 3214 5023 5252 5131 5106 4894 3349 5408 4567 3082 5564 4270 5516 4187 3888 3087 3103
7127 8273 7875 6943 8139 7129 7261 6683 7165 6960 6988 8081 7512 7469 8587 6460 8318 6906 6896 8123 7854 7730 7538 6743 8019 7866 8872 6416 7743
6475 6823 6724 7731 6740 6994 6950 5417 5517 6197 7060 7696 6063 6240 5341 5830 6046 6581 7553 6948 7457 5880 6256 5965 6448 7057 6016 5525 5617
6484 6758 5001 5154 6774 4934 5739 6380 7064 6071 7126 6378 5773 5202 5254 5236 4965 6062 5057 7064 5850 7053 5471 7092 5291 5523 6971 4939 7258
3890 3986 4318 4560 4929 5821 5784 4970 5057 4600 5014 5409 3931 3812 4956 3989 4200 4832 4960 5668 5361 4945 3993 5027 4821 5130 4559 5703 6029
2336 3394 2822 2570 3722 3073 3058 1692 2562 2781 1958 2825 3302 2240 1557 3757 1985 2941 1903 1834 3634 1581 3545 3897 1969 2873 2568 2528 1636
6153 6176 5452 5585 6012 4852 4796 5799 6269 4529 6381 6078 4949 5224 4875 5050 6394 5810 4359 5605 5197 4660 6227 5684 6637 6397 4478 4896 5149
7068 5221 5942 6770 5310 6043 5713 5503 6901 6149 7474 6628 5393 5760 5556 6087 5598 7438 7650 5270 5464 6315 6141 7694 5896 5307 5283 6813 5164
1663 2661 3185 2598 3918 3619 1906 1976 3496 2131 2103 2287 2509 2437 3192 3471 3641 2058 1800 3368 2814 3668 3974 4002 2378 1657 3151 2989 1764
8076 7364 6539 6414 8139 6377 7360 8095 6532 7423 6036 7526 6092 7170 6522 7951 8370 7107 7718 7536 8072 7197 7301 7680 7374 8094 7862 6511 7212
5987 7204 6074 6341 6324 6289 6872 6311 5664 4864 6881 6727 7244 5459 6217 5269 6522 5033 6947 6310 5999 6588 5630 6826 6897 5169 5708 6469 5180
7028 7283 8867 8401 6460 8646 8310 8496 7690 7440 7987 6792 8355 7196 7348 6792 6759 7349 8343 7909 8432 7748 7461 7301 7884 6748 7570 7160 7149
7191 6774 6171 6237 8380 8043 6674 7030 8065 7046 8253 7941 8553 6370 7792 7328 7549 6485 6337 6983 7654 6597 8363 6242 7127 7389 7441 6149 7508
5282 5710 6491 6034 7148 5962 7110 7202 7310 6764 6736 7056 7477 5573 5227 7052 5026 6117 6151 6645 5529 5823 6321 7169 6450 4950 4984 7408 6524
3166 3881 3518 3594 3892 2214 2472 2815 2968 3577 2210 4041 4074 4417 3176 3429 4532 3864 2803 4487 3822 2423 3769 3184 4469 4119 4294 3908 2797
2049 2023 2620 2211 4138 4477 3729 2252 2568 3164 3553 2359 2723 3205 3483 2297 3133 3633 3706 2192 2539 3471 3370 3768 2940 2250 3167 2328 2268
5304 6556 4904 5930 6307 6832 4867 4897 5945 6837 6880 5145 5806 6653 6148 4835 5837 6084 6256 4730 5565 7137 5855 5333 5621 6430 5920 6940 5083
6197 7176 4932 5095 5744 6356 5108 6048 6126 6882 6150 5087 6998 4992 5634 6249 6408 5785 6091 7019 6771 6840 6090 5987 5089 6623 5759 5932 6566
3156 3337 3423 3014 3732 2268 2221 3443 2288 1806 2602 1917 2097 1830 1824 3104 3283 2783 2175 3889 2324 3463 1871 2343 2714 3155 1741 3427 3524
5832 6973 6616 5900 7450 7636 6353 5386 7233 6363 6772 7605 7390 7694 7202 6213 7206 5770 6572 6186 7012 7152 6726 6154 6357 5917 5682 7429 7456
4172 4371 5688 3695 4238 5472 5452 4584 3591 4809 4643 5236 5558 3540 3916 5085 5439 5215 4922 3605 5358 3569 5191 3567 3369 4192 3567 5044 4331
6548 7775 6751 7293 7012 8154 6006 7785 6171 6157 6261 8185 7006 6469 7063 7374 7844 7553 6811 7667 6267 6801 8514 8319 6772 7171 6046 6065 6420
6175 6106 4052 4505 6016 4947 4824 6479 6256 6316 6386 6081 4607 5333 5569 6314 4947 4745 4894 5244 5757 4735 5439 4663 6288 6164 4318 6234 4236
5524 5007 4305 4877 4707 5630 4628 4410 4244 6333 5699 6005 6043 5138 6291 4969 4770 6331 4786 5128 4886 6112 6428 5998 4759 5111 4593 5960 6234
3856 2742 2931 3942 1750 3218 3183 1918 3563 1994 3497 3601 3859 3557 3595 3187 2050 3568 3927 2078 2748 3847 2995 3546 1764 2257 3704 3345 3417
5446 6405 6897 5167 5691 6671 4890 5583 5393 5384 5253 5779 5866 6382 5876 6397 6830 6144 5867 6855 5641 7370 5360 4896 6939 6679 5151 6069 6385
5754 5422 7018 5960 6700 7231 7135 6502 6628 5585 5828 7485 7887 6172 6187 6132 7826 6861 7602 7214 6055 5714 5902 7621 7622 6500 7723 6250 5492
2754 3655 1670 2728 3692 1759 2053 4104 2498 2400 1593 2207 2232 2268 3379 3016 1905 2022 4057 3477 4025 2955 3724 2343 3687 3175 2366 3412 3518
3102 1965 2024 3653 2611 3718 2536 2787 3324 3037 3053 3907 2761 2546 2822 1678 1602 2314 3454 3594 3274 2920 3206 2095 3291 1589 4010 3036 3856
6140 6741 4641 5959 5822 4066 3488 3420 4386 6440 3304 6934 3370 4090 4328 4936 6883 5752 4206 7325 3823 3255 3673 4673 5685 7995 7246 3824 3163 8132
6342 5744 4226 8052 5614 4681 3066 2598 4563 5503 3561 6488 5829 4298 3419 2842 5074 6563 2740 6271 2578 2065 5006 3416 5119 6618 6637 5268 1287 6144
6266 5595 4460 6523 5498 2997 3488 4531 6346 6363 4181 6390 3479 2906 4774 3414 5768 7278 2778 7516 3303 2031 4258 4909 4525 6669 5460 6150 2770 8487
6924 5812 5952 6077 5132 3144 3390 3488 5206 6976 3337 5349 4815 3087 4787 4469 4929 7947 3848 6668 3554 4190 3759 2948 4847 6081 5982 3990 3147 6274
6794 6454 3963 8098 5450 4611 2860 3683 5348 7318 2501 6749 5039 2530 3547 4397 6011 7580 4267 5390 3728 2310 3135 3101 5203 6020 6484 3872 3652 6220
5802 5092 5862 8237 4020 4898 2966 3901 5132 7130 3220 6090 5700 2984 4541 2781 4936 8031 3691 6875 3203 1880 4006 3406 3526 6447 6324 5378 3106 6124
5818 5262 5136 6406 6167 3056 4455 3355 4792 6809 1929 5950 5134 4387 5154 3336 5694 6037 4590 5094 1806 3974 4333 3617 4769 8081 5570 4519 3413 5958
5746 6360 6173 7459 3803 4766 4176 4081 4413 5887 3335 5960 4658 3048 4715 3229 6167 7387 2343 6182 1350 3530 5080 4531 4124 6372 6132 5482 2440 7189
5463 5078 4839 7444 5411 5318 3960 2763 5675 7770 2551 7005 5764 3450 5189 3437 6046 5918 2627 6825 3491 3377 3651 3721 3474 7223 6539 3754 1760 5955
6730 5514 3865 8350 5053 5231 4955 2404 6081 6621 4184 6553 4308 2641 4645 3134 6992 6922 2298 6466 1977 2028 4726 2512 3742 6387 6769 5296 3210 8039
5898 4613 4265 7875 5841 4466 3204 4516 4034 6527 3940 7265 4504 4447 3543 3834 6641 6756 3537 6661 1571 2717 4795 3844 5540 7589 7015 4151 1975 8228
6412 5007 6225 7263 5983 5259 4260 3198 6068 6498 3071 6934 3479 2937 5876 3068 6948 6141 2524 7488 2841 2394 3946 3051 3795 6766 7268 4542 2000 8185
5841 4851 5259 7989 4541 4778 5342 4638 4598 6901 2287 6353 5762 4211 5082 4519 6742 6581 3102 6002 3352 4063 3048 4100 3746 6304 5932 4653 2884 8347
5698 6249 5727 6536 4188 4886 2982 2478 5838 7713 3134 5409 3682 4052 3888 3039 6770 7551 3196 7229 3799 2872 3070 2973 4420 7037 7339 4664 2289 7943
7217 5573 4059 6494 3933 3731 4456 2706 5322 6218 2396 7598 3619 2701 3457 3954 6218 6511 4529 7317 2480 2247 4438 3775 3820 7949 6895 4390 1732 8250
6844 4707 4018 8429 4444 4486 4885 4442 5344 5903 3326 7002 4847 4870 5521 2984 5314 6023 3180 6980 3110 1919 5420 3550 5048 7914 6269 4148 3640 6778
5266 5559 4147 7243 5796 3500 3871 3833 5423 6300 3867 6997 3998 3951 4522 3076 5259 5836 4008 5257 1689 3504 5064 2722 5337 6277 6749 5330 3389 6281
7163 6227 4428 8112 4774 4916 4556 2652 5317 5332 1896 6211 3545 4693 4887 3040 5398 7007 2796 7180 1853 1748 3425 3150 4754 6504 5427 4628 3063 7127
6334 4830 4980 7696 4315 5141 4637 4285 5194 6992 1828 7176 4923 4732 4319 4500 5377 6931 2415 6136 2236 2862 4556 4421 3434 5568 7025 3729 1581 7654
6525 5595 5571 5952 3815 4612 4257 2462 5032 7589 3228 7546 4782 4207 5488 2445 6855 7816 3841 6348 2483 3162 3222 3944 3602 6408 7177 5683 2373 6686
7086 5775 5135 7558 4647 3641 4014 3218 6239 6290 2767 7448 4837 4572 4179 2913 4896 5886 3925 7077 2751 3461 2893 4605 5930 8059 5053 4796 1497 7455
6069 4810 5100 6959 5829 4342 4658 3210 4164 6695 3682 6451 4706 4823 4765 4001 5214 7838 3491 5795 1900 2390 4456 2505 5645 8023 6166 4537 2979 6695
4988 4278 4817 7132 3821 3252 3465 3003 5289 5857 3391 5409 4330 3167 4034 2414 4505 8272 3771 5132 1356 3152 3437 3295 5891 5619 5838 6086 3137 6220
6235 5611 4083 8046 6025 4044 3089 4001 4172 7060 4233 7462 5061 4518 3800 3627 4991 7185 2262 5825 2135 3042 2995 3101 5724 7439 5224 6112 1818 6534
5655 5732 4096 7294 4911 4361 3960 4315 5899 6542 3632 5493 4087 2395 3693 3232 4556 7702 4243 5798 2570 2510 3120 3072 5358 6170 6810 5229 3341 6937
5372 6170 4200 7831 5828 3695 3293 2912 5474 7018 3190 7329 4850 2616 4228 4379 4523 6922 3259 7229 1791 1774 5284 2765 3758 6756 5356 4389 2198 5949
7404 4276 6412 7361 3970 5062 4334 2475 4382 7695 2351 7631 5659 3422 3939 3775 4893 7802 3618 5663 1919 2528 4996 4632 3465 6849 7218 5541 1947 8351
5814 5323 5807 7118 5432 3815 4720 4027 5034 7113 2010 5408 4894 3445 5345 2981 6385 6631 3596 7225 2938 2777 4308 3839 5356 5818 6697 4448 1487 6524
5924 6698 4073 6698 5883 4670 4175 4028 5452 7256 2000 7470 4975 4857 4212 4721 4947 8172 2858 5493 1699 2243 4473 4607 5714 7120 5944 5200 3053 6912
4 29 27 24 80794 0.9831819360251159
22 7 8 6 49908 0.9141056548274781
13 12 16 4 35934 1.0848669295453715
22 3 15 24 79990 1.0252809871552033
6 27 24 0 132149 1.0651551422915704
0 12 27 23 100343 1.0018423846638067
20 2 10 3 55218 1.038221275305652
8 11 21 19 65515 0.9093780508583188
27 25 19 18 47240 1.0325517596803333
29 13 18 8 48661 0.9319660972115998
10 2 1 10 51309 1.0133572388658847
6 7 10 28 64755 1.0825742358936083
19 2 10 7 47406 1.0562532388327308
19 6 15 28 67973 1.04109173244166
20 29 28 10 76866 1.0655172907142934
22 7 27 22 63789 0.9286841561222404
23 2 23 12 46924 1.0458688434778065
27 28 3 25 79183 0.9124389746697112
26 5 16 13 54068 1.0811059683094213
20 25 13 8 73249 1.0777972468953863
22 17 3 5 95512 0.9194685175244941
4 11 16 13 51635 0.9391876146735025
5 17 16 21 39961 0.9681216293807288
0 0 3 22 94615 1.0247763402392516
11 6 5 12 35966 0.9732668095765279
4 15 9 21 29059 1.09210572988625
17 24 4 22 52739 1.0907165161479468
3 20 9 7 50205 0.949400166211043
10 3 15 20 70880 1.0354493393841344
8 7 22 20 69274 1.099338248498053
9 16 3 21 29528 1.0096700840968662
3 16 9 6 46549 0.9019609672201969
4 8 17 0 69502 0.9322556982116192
12 15 23 23 57242 1.0027693236046322
7 24 26 2 118273 0.989790764021458
21 26 9 23 52421 0.9889479658265315
12 11 27 3 78376 1.0201253245859172
3 5 24 11 84741 0.9983079747566979
6 12 8 23 36427 1.0151269930659796
17 15 20 0 53023 0.9486605065440182
3 18 21 1 107017 1.073266113020796
18 16 22 3 53625 0.9876373749446291
29 22 13 26 69907 0.9498706046079191
3 20 16 25 51735 0.9172342501234807
21 11 14 17 48678 0.946506170176382
22 28 4 5 104597 0.9154843917042292
18 19 24 2 73557 1.092755477907546
15 20 6 21 26301 1.0578819139990947
5 15 13 4 60942 0.9463707440921847
16 9 24 1 58866 1.0928213972097611
12 0 19 29 111468 1.0042685124968005
3 8 23 26 115727 0.9304433270934038
8 25 1 8 76908 1.0526585262696524
1 24 28 26 90571 1.0286151193785973
18 23 27 11 61893 0.919852289350056
12 24 4 18 45506 1.0556153379663107
22 15 28 20 30731 1.0783627237140645
22 4 2 4 95961 1.094183457213032
23 16 21 24 40771 1.0508307377938833
0 27 27 19 99142 0.997942634491746
0 3 18 25 116487 0.9964317825683491
11 25 28 17 71689 1.0284500037468542
24 20 19 12 31610 0.9072582934289515
4 29 21 25 64029 0.9467630593917783
19 3 25 17 52911 0.9482797003979158
29 0 22 8 47734 0.992551705995625
18 3 11 16 68887 0.9061255999895409
7 21 20 27 54231 0.9670942365999677
24 29 22 16 59456 1.0168903560691267
12 28 2 22 47184 1.0975600653854498
22 1 22 29 101523 0.9461822767539707
27 6 4 25 120006 1.076017985093595
13 2 1 4 65878 0.9961241829326805
9 29 7 10 58203 1.0036266524397859
19 6 13 2 38598 1.0996836336360967
3 15 19 13 60451 0.9000491825791999
17 29 4 27 45512 1.003692685790026
10 27 13 13 61143 0.9897802364807952
1 8 23 10 75972 1.0244688025512145
27 8 21 18 52794 1.0499342474590376
19 7 27 25 74217 1.0350165822629842
23 29 17 4 85611 1.0455883077406285
19 1 4 1 81217 0.9116957140539891
6 25 22 21 57240 1.0002089162171928
8 25 13 11 71740 0.9680726146021322
18 28 24 20 33244 1.0791637637675762
12 28 3 13 62211 0.9158961399123883
27 4 10 26 116942 1.0218308597837749
18 11 7 21 63542 1.077892318007916
13 22 4 26 52396 0.9401348687251503
10 24 12 5 73150 1.0722857249848339
29 18 15 18 43446 0.961708907508332
9 12 5 24 45306 1.0770737058060518
3 2 13 3 57710 1.058566696366173
9 2 29 17 99856 1.0684326883987196
27 26 23 16 50901 0.9537220190707637
22 0 7 15 96266 0.9439905575675596
27 18 8 22 59953 0.9892868217236636
3 26 11 9 81394 1.0043333288134515
20 6 2 27 110531 1.0790000601613583
14 26 3 0 122210 0.9669768044158393
18 28 28 18 49996 1.0635746606970076
11 0 8 13 50130 0.9708464789059462
14 10 29 22 66553 1.0264426233343193
3 6 24 21 90677 0.932156346380233
3 26 6 11 58633 1.0693456145679
28 21 7 15 68934 0.9146305990100879
9 20 25 4 86309 0.9160777245121039
0 10 27 9 89907 1.028874102510493
18 6 8 0 60737 1.0540592302526843
24 10 3 6 74354 1.0407476712257364
1 5 18 1 85607 1.023304828105394
26 1 27 20 63252 0.9070300076474146
9 10 0 24 64212 0.9731989842049549
9 10 15 14 32305 0.9746076663942375
7 5 1 23 65280 0.9187874813188043
28 1 22 6 36365 0.995626347445424
7 25 24 17 79306 1.044920809616485
18 20 21 0 68814 1.0403416792838454
18 23 22 7 54010 0.9025904009721947
7 8 11 15 35211 0.9460783160385096
7 22 16 18 38244 1.0192717606842878
8 17 4 26 48415 0.9859294757471038
20 11 18 22 40791 1.0795656320550078
12 20 22 21 29856 1.0485947630977508
24 23 9 22 52806 1.0053689637857373
3 22 13 0 100266 1.0933960191877161
25 5 27 15 36087 1.0170666664651917
27 27 5 22 80150 1.0077595945665447
8 5 29 28 115088 1.0397681358298445
12 6 8 19 52251 1.0092017949795278
23 5 12 23 80653 1.0626086966964445
13 18 23 20 31071 0.9347293180300404
4 3 2 11 51739 1.0274898212066654
23 21 0 12 84408 0.9041402581733561
12 25 11 6 79582 1.066067021668811
7 22 28 4 100629 0.9625086345861167
23 28 2 0 140677 1.0700255924693527
27 11 1 20 97735 1.0216927914871983
18 14 15 5 37468 1.0742296021519913
14 27 18 17 48530 0.9346250994941181
18 2 28 3 51871 1.0073072575413462
9 8 16 3 37149 1.0943647240614873
28 8 11 13 68379 1.00263654993836
20 27 21 10 54793 0.9291939863289249
11 2 6 29 87307 1.096877194927904
11 25 29 19 67426 1.0006742039001237
18 19 1 13 68360 0.9938230080928578
4 0 5 24 81091 0.9785459757128877
13 20 0 28 56108 0.9294096757979358
3 24 22 13 88225 1.07749410508115
14 13 0 0 87200 1.0250150592583578
24 0 16 19 87388 0.9686468217894195
22 15 2 21 70193 1.0009714764207693
18 16 0 3 98842 1.0627928744800126
19 22 0 24 69159 0.938975629958317
24 28 21 16 54689 0.9158816168149594
28 23 9 4 98521 1.036491074712865
11 20 1 4 68430 1.059318739882952
7 2 6 15 39298 1.0620104730157314
16 28 27 18 55148 1.0121044547302653
24 26 7 25 68091 0.9765537753222163
11 11 21 2 61587 1.0835408285804318
5 29 26 1 139096 0.9988268620232655
29 8 5 25 106919 0.9610756101104143
27 17 12 8 82083 0.9067870902890233
25 22 9 1 97054 1.075646999713077
25 15 13 15 39225 0.907348142833215
15 7 26 10 44140 0.9412836565194598
28 29 14 26 48178 0.9945812037520507
4 17 27 11 99126 0.9244440962070888
12 0 15 16 72200 1.0310544565201958
11 10 1 15 45724 1.0243893337619845
1 0 8 10 57043 1.0137412842161806
3 29 2 18 55332 1.009705729698579
12 1 7 15 59818 1.0081580339592704
6 5 25 9 73837 1.0242284681227936
9 23 28 29 64235 1.0026448377925636
5 7 17 20 62704 1.031885508171678
17 5 4 28 101685 0.9924369886139127
18 19 6 17 43016 1.0991089264984824
11 8 12 27 78241 1.0203941197449276
5 3 28 19 104645 0.9878376906976003
3 1 21 13 96171 0.963807016954636
1 10 23 27 109915 0.9894042328911906
20 9 5 12 57622 0.9390643289358809
11 15 28 13 63447 1.0969621729386447
23 29 13 22 51535 0.96550956338295
29 11 13 4 70253 0.9844101696939893
29 26 23 15 46391 1.0282272400280248
8 26 13 6 79168 0.9796921180718361
24 14 19 3 49484 0.9922591861655636
17 27 26 7 82130 1.05826084756197
17 29 27 25 45275 0.9926460424666271
26 29 8 11 101442 1.0031902662384977
6 29 18 9 90000 1.063657884252321
28 28 29 11 51152 0.999182642107583
19 28 3 18 68136 1.0448909662327022
17 16 28 12 49874 0.9712269674269695
1 22 11 17 41875 1.0255953460680836
24 10 16 25 64671 1.0686435293988723
12 28 28 27 42767 1.0274664430992002
26 14 20 4 56298 1.0938535585521512
2 23 16 29 55810 0.9487129784454043
3 11 21 11 64500 1.0671327945777653
25 28 8 16 78004 1.0267313236882116
1 25 29 14 103103 0.915846994140503
16 17 6 17 38500 1.0242301840426775
2 7 25 29 118095 0.9939845991322676
23 24 2 18 76546 1.0642300670853375
18 29 23 3 93064 0.9773807204213952
23 29 16 0 97586 0.9058038644490033
29 1 1 8 115122 0.9782552003587159
3 29 9 25 30932 1.0839123267238286
14 9 19 17 36734 1.090695550666282
4 6 15 1 58594 1.0923353000105769
8 26 26 17 77378 1.0758246888518073
28 7 8 24 96676 1.0126286895713008
14 14 23 12 44639 0.9245941152088418
24 8 13 10 44288 0.9171674696982873
9 27 22 19 60021 1.0993595229621191
9 15 8 29 45895 1.0734874523024076
19 11 7 18 53393 0.919994529675594
11 5 17 15 54165 0.9255310172868182
24 19 14 5 69691 1.0312463861434769
9 18 24 13 65696 1.0730149628926098
18 6 24 1 45692 0.93604499860382
15 11 27 23 68813 1.033927493140746
1 2 5 20 70328 1.0620610463764288
23 0 15 20 86523 0.9431213045138191
16 21 21 29 35029 1.0806148492530845
20 11 28 26 69354 0.9729592283648226
7 28 9 0 82852 1.0052604661273228
1 5 11 1 55960 0.9605141108684162
14 11 28 19 68873 1.0142427845852178
20 12 23 3 47676 1.0133076623644697
24 22 23 11 49278 1.0169561388034645
4 26 8 10 59873 0.9129510384734609
22 5 0 0 109598 0.9583845685349447
0 20 9 2 75135 0.9805572374034499
8 29 9 4 75469 1.0123440837948763
9 1 1 27 97251 0.9749702216238322
7 2 8 19 60144 0.9008250452689542
22 16 6 9 66452 0.9641341327476681
11 18 4 6 51267 0.920155150541199
18 26 9 9 76800 1.0293727411725095
23 3 10 9 71543 0.9114882743107964
3 13 16 16 49229 1.0656768422578287
19 19 11 13 44935 1.0109386326921472
0 0 1 17 77544 0.9180233398248849
12 12 27 25 89236 1.0845139533672719
27 22 10 17 64810 0.9742399426112299
28 12 11 19 69869 0.9623741655400548
9 29 16 25 27239 1.0678126830891135
15 26 28 11 72606 1.097617088877382
11 6 7 14 36289 0.9961469253924471
25 18 4 29 87330 0.9796777777942629
23 7 9 20 69842 0.9937039307723997
12 22 4 26 49348 1.0635098704326729
9 12 17 0 59124 1.0059809370870643
20 5 14 16 50155 0.9818864937339215
6 0 2 10 41249 1.0739511035531917
12 18 27 11 74968 1.0575774296586342
12 11 6 0 55007 0.9621042231813274
8 16 18 4 72047 0.9676449441129551
10 9 15 20 51638 0.9709819660336473
13 29 3 13 72603 1.0695398246193202
27 13 9 0 93418 1.0594267431321125
12 2 2 7 55383 0.962631077765799
24 6 3 6 77431 1.0158708083019894
7 18 22 20 42180 0.9158146450679508
26 7 15 13 51754 0.978225883532321
8 20 0 8 55743 0.9748629555440355
20 25 5 20 53881 1.0010208819246154
8 12 25 13 70381 0.9662471686898668
0 18 22 18 73932 1.0782294534993875
21 7 27 16 50347 0.9036248178934808
8 9 6 18 31978 1.0732074455285556
28 10 18 24 59434 0.9985234563590175
2 27 28 4 133517 0.9091681768953188
1 19 12 16 52700 0.9795935404082547
22 0 6 19 106036 0.9381758063983794
11 17 5 6 52161 1.0917873597506758
18 13 12 28 63236 0.9867836636112421
3 13 25 14 79775 0.9371347221180449
27 25 11 8 99013 0.9421015915225295
3 14 13 21 47515 0.9839627956218083
22 27 26 8 82238 0.9631925390019533
27 24 19 1 84590 0.9775657905074586
3 9 16 12 51320 0.9434535976796861
4 21 28 8 90276 0.9751599148025849
23 2 23 29 97198 0.9260703586830729
23 2 7 9 82771 0.9273069182470857
0 26 28 5 130515 1.0021365017878943
5 22 18 13 64396 1.0265162128660608
9 22 0 13 49241 0.9924241377222258
16 21 6 21 29121 0.9900118794374293
17 1 24 12 64824 0.916079572408429
28 2 8 17 104549 1.0227737873318437
4 16 8 29 53222 0.9716101084350739
5 29 22 12 97220 1.0995379975522086
3 28 29 3 133720 0.9084337813596932
8 13 1 9 36366 1.0090855432274208
26 15 6 22 69154 1.0787902461623924
17 13 19 26 44183 0.9205099338629064
21 3 8 18 81567 0.9342539574067985
1 10 25 2 97314 0.969148034690698
25 20 1 14 79795 1.010876706308391
15 3 1 23 96588 0.9488271112921518
24 9 6 3 80836 1.0179027204202433
29 24 1 27 86181 0.9795302181649594
22 15 0 7 86029 0.9349482554285348
3 19 17 5 87954 0.9030260566970162
22 13 15 17 38817 0.9095956464933134
18 7 9 22 67551 0.9247913023325124
17 20 16 2 57132 0.9960918546081954
26 21 6 10 73574 1.0484735271026793
10 1 17 20 78689 1.0143486847661891
9 0 0 20 79459 0.9016088484247808
12 2 20 28 99667 1.0535187560011658
15 25 4 20 46558 1.0953364655138915
20 21 10 22 34685 0.9306049231821394
28 0 11 29 120108 0.9700103784923074
24 8 6 16 81224 1.0465948717601528
15 8 16 24 53303 0.9419586352453297
9 25 7 8 57920 1.0882530015553702
21 15 28 0 63254 1.0675027436287154
21 9 18 18 32659 0.9810335570787352
18 26 24 3 89900 0.971461337047425
27 25 21 8 79597 1.0418439972424869
18 11 25 4 43875 0.9018067731795923
23 17 0 12 93534 1.0770705483995904
24 7 12 20 67454 1.0573719970690272
20 28 18 13 47031 1.0333493563157257
5 8 24 18 84949 1.058317221876256
10 5 14 21 62113 1.0432332216177218
16 5 10 13 46255 1.0404415241789065
13 5 26 28 97205 1.0074545260000909
23 11 6 24 89170 0.963426410649924
10 20 26 2 95405 1.0028839050114093
15 1 5 23 91397 1.003073494282352
0 17 25 5 115690 0.9128385289185458
6 15 15 8 45254 0.9470347770497871
28 9 22 0 54516 0.919733730131305
2 11 20 22 83005 0.936136001335123
27 14 13 16 58315 1.0158006814927945
19 0 12 25 93674 1.0985877356342468
26 9 0 18 109346 1.0829891955532027
9 27 0 12 66897 0.9126196385953794
2 18 21 22 61778 1.0542976562942197
26 12 14 29 84606 0.9829066030911281
13 22 7 26 39688 1.0634041460314196
4 27 26 8 118017 0.9696123125811756
20 25 5 14 69196 0.9307730573862248
22 23 0 21 69354 1.0182606897360804
1 18 11 0 85485 0.948923918438721
5 18 22 14 68045 0.9762466396114441
5 4 1 23 69966 1.0082992406602225
25 9 19 4 33911 0.960154033712592
27 1 17 3 56302 0.9025757246447453
7 3 4 24 71552 1.0415526653164273
11 16 18 27 61102 1.02810474686106
26 12 9 24 81840 0.951955966747739
15 9 11 27 80034 0.9745233424754837
24 5 9 21 83978 0.9701871153458157
21 16 20 26 46928 1.037102476068265
4 23 16 18 46942 0.9983363974717228
22 25 9 9 84830 0.9956652295056154
10 4 27 28 114201 1.0602805429642181
1 28 8 11 70811 1.03891574237801
0 6 20 6 74145 0.9185194276197223
1 17 28 6 114564 0.9282943200525724
1 15 12 28 67716 1.0169930730809487
23 12 18 7 34996 1.0044358984531905
12 27 7 19 46079 1.0042288473069008
25 14 5 10 73461 1.0958500163036085
20 22 12 26 48738 1.0657011471798021
24 4 12 29 108893 0.9862190982253825
6 18 0 28 43457 1.0203416430540067
22 8 8 9 57188 0.9126062396089459
10 14 0 3 64143 1.036352188356556
4 17 12 11 53653 0.9964643769174266
10 15 25 6 73213 1.051305765129
9 21 16 17 30310 1.0128976795604019
10 24 28 12 83132 0.9186703227457412
4 19 13 14 54038 1.0856865611323958
23 9 6 2 79408 1.080638350552975
24 20 11 1 97289 0.9235815003113215
13 26 1 9 96516 0.9775081178275018
10 5 29 7 76669 1.056738364390159
4 20 21 3 91905 1.0539140042427295
23 21 3 26 82055 0.9118466644049982
10 11 3 3 54060 0.9901924712784964
24 15 4 2 95519 0.9032431436092553
8 2 27 11 89899 0.983876543119035
0 13 29 24 100704 0.9815947773075598
26 28 14 18 57766 0.9222844895208293
2 26 6 1 91725 0.9289744245044123
5 22 25 17 63544 1.077988496936322
20 29 26 6 90593 1.0695659908885018
18 16 5 18 53040 0.9691141082904859
12 7 10 27 71527 1.028606392328109
4 15 21 28 76061 1.042630853463033
18 5 1 19 94184 1.0913056920378705
3 28 1 8 81962 0.9681131124848548
6 9 15 11 31818 0.9369178772509346
12 6 15 18 54355 1.0493006604980213
16 19 18 7 42561 1.0456080680027415
3 13 27 18 82450 0.9677072441605722
18 9 13 0 56438 1.0669287113313242
0 27 10 10 79769 1.045641190116448
28 19 16 21 31637 0.9268514417209942
25 2 20 23 79876 1.064762673409613
2 27 12 3 113118 0.992770145019124
13 17 2 9 67658 0.9590544394099723
6 0 25 17 99893 1.01372160122256
17 18 3 15 56264 1.0205138293628184
4 15 7 24 37024 1.027401849900825
1 24 19 0 114773 0.9396060712215506
1 3 14 16 82347 0.9831771139725758
20 23 20 6 51121 0.9571458370142447
0 29 17 18 79127 0.9161138548176155
13 17 25 24 55397 1.0986649236661201
25 13 20 0 65511 0.999745367970547
4 21 21 3 92798 0.9167122227736536
5 3 24 21 96836 0.9606955333651797
6 11 29 8 76547 0.9061545448581748
4 22 3 3 74247 1.0004341958480794
15 2 15 25 76703 0.9606425629051825
16 2 3 11 69329 0.9202511362292423
23 9 17 5 39174 1.0685149134651455
17 3 26 6 47755 1.0796477166100615
20 25 6 17 57356 1.048373576838983
9 13 11 21 27526 0.9175911939974629
21 8 20 24 53502 1.0746880538654588
9 25 19 7 73620 1.0705251339450956
7 3 3 14 48790 0.9303530897408763
9 17 17 6 57562 1.0035846297922437
17 18 14 0 70666 0.9721605414635818
4 22 20 24 57236 0.9745719899899569
17 24 29 29 46911 1.0666499513303225
10 6 2 13 41871 1.0258970038718696
21 27 8 9 88564 1.0281379713083099
7 19 1 14 38305 0.9412010134543501
4 5 15 7 43957 0.9337511204360758
10 8 3 20 54310 1.0388437912788278
5 4 21 11 69290 0.9799704142183331
29 11 12 27 91358 0.9561963898809831
24 10 8 0 79846 0.9969208539761651
0 17 6 13 35714 1.0312784192274667
18 20 1 6 79484 0.9867423131182086
15 27 3 23 48901 0.9209121945760631
25 16 29 27 40355 0.9266829441935601
4 14 29 0 114359 0.9117150283958346
28 29 28 10 55361 0.9218915670460742
21 1 27 7 42878 0.9144307129458492
22 17 13 12 53866 0.9986729544701527
3 28 28 15 98375 1.048822553183476
3 10 21 0 87876 0.9968429044815446
5 24 15 29 37964 0.9104484866725858
21 20 7 21 38698 0.9869795617095691
25 26 17 18 41627 1.0158818276805066
10 24 23 7 85867 0.9178228286171481
3 7 15 14 58227 0.9757423175656571
14 3 2 25 114929 1.097727876403108
7 9 20 27 85483 0.9929622493423953
25 23 4 19 68335 0.9975466098996755
29 4 11 16 91972 0.9424817618279454
7 16 3 4 51005 1.0858046730103668
7 21 12 14 41315 0.9298693769847036
7 17 12 4 64561 1.0833587425006381
12 5 23 16 66455 1.0568995056504111
29 16 27 27 39179 0.9170929490311642
18 26 26 2 95369 0.9736357880018437
12 23 19 11 50178 1.0658827555894586
11 24 28 13 75360 1.0860451737629613
5 17 24 23 68923 1.0706849057000631
16 3 25 24 81965 1.0750890524843377
0 20 25 9 99852 0.9616967080368999
9 29 18 3 99237 0.9608111874958981
21 25 22 13 55392 1.0730592028473205
10 12 20 2 65980 0.9189982557644014
26 17 26 28 41812 1.0058283381322664
5 8 24 27 105134 0.9684820830367956
24 8 18 19 55592 1.0049209947645108
0 1 2 9 42141 1.0567394916133046
16 19 13 2 65994 0.9417150171207228
28 18 9 27 72764 0.943972299362976
13 29 4 13 69516 1.033265027978839
22 17 15 27 56236 1.0705921540609604
0 25 4 13 58309 0.9095352871720435
0 10 16 0 77387 1.0898697755316793
29 7 23 22 56662 1.0969281472654797
21 22 11 6 76935 0.9788138915342154
7 17 20 24 54459 0.9149120663133968
27 2 3 18 119808 0.9473171793821944
18 17 2 15 67868 1.0321790356239013
21 22 26 7 60194 0.9909312820237259
13 25 19 21 34776 0.9565900899399231
18 14 20 0 47978 0.9067647051289109
15 2 20 27 84505 1.0674278907679362
9 11 28 1 84749 0.956236772645769
8 24 2 9 66051 1.0033318575218322
14 3 24 4 53433 0.9394917925902878
25 5 2 8 94247 0.9664435753415339
28 18 17 4 71167 0.9109418611944065
7 15 16 22 45529 1.0919889691035363
4 27 6 4 70507 0.9298401585933445
14 27 29 24 54655 0.987942362183751
14 9 24 16 50716 0.9695125049559881
29 20 17 3 77823 0.9333106183341814
1 27 11 4 99701 1.0280778676528968
0 29 23 6 124757 0.9807306752331407
26 11 2 24 109678 0.9290316973782193
21 6 25 17 49176 0.9575686394016918
28 25 29 10 44890 1.0096579897361069
24 17 12 8 68629 1.017801086657774
4 11 12 16 48292 0.9232393881419819
13 29 20 24 37841 0.9745871140602989
10 11 3 24 62143 1.0264895744724023
11 21 6 7 45543 0.9307082569803474
12 9 0 5 60765 1.0921924372445022
24 13 28 4 34416 1.0734170388254722
29 12 29 2 30650 1.0857039632669412
16 11 8 23 58873 0.9339814446431344
18 19 18 1 58113 1.0804044443017475
3 20 5 1 65553 0.9594486501350536
27 16 14 25 64116 0.9995609155281112
12 4 19 14 49703 1.053570149391222
2 11 13 16 61906 1.090512657774844
27 10 19 25 60724 1.016578199759534
25 16 5 17 68633 0.9233192227599772
14 0 8 28 110265 1.0604463848133643
15 4 25 14 61092 1.0525593688844967
17 0 29 22 95133 0.9033415276853309
20 28 2 12 89326 0.932375781751566
29 0 27 24 74603 0.9247383324244388
18 8 25 18 46995 0.9421573627053677
1 24 0 14 46564 0.9335273920336697
29 9 7 15 82644 0.9461314558036515
11 9 15 16 37099 1.0021489196893683
10 11 19 12 36300 0.992411305098452
5 27 16 11 77953 1.032744721528252
3 4 19 19 90096 0.9841344028176826
4 21 3 11 46401 0.9862640296711349
20 6 29 11 42448 1.0531413484244023
1 26 15 25 54961 0.9548385669731185
8 25 29 15 81755 1.082322429004395
19 13 0 14 75184 0.9239007787948749
14 19 2 24 55537 1.0108297011450014
14 23 5 19 42292 0.9316105181914932
3 0 16 25 113082 1.0968173943138777
15 8 2 0 79715 0.9038494191219424
28 4 0 19 119209 1.0445341198610532
28 20 16 14 44065 0.9188895242747331
2 18 29 28 94744 1.0294188385707834
25 1 29 27 81032 1.0928691631853922
27 11 3 4 100783 0.9506495853088952
5 13 16 20 44978 0.9175859544248817
26 13 16 19 45743 0.9728993091245796
16 27 28 20 47126 1.0420914027988797
26 0 4 29 148374 1.0153628634208471
27 8 11 20 77291 0.9978601370510448
20 5 0 1 96694 0.9641923334401173
18 6 26 2 43980 0.9739519384373945
13 13 16 24 45439 0.9055903730377137
21 20 6 11 59133 0.934003541126284
0 2 5 27 95274 0.9768836331266499
17 24 0 3 109246 1.0894566255136522
25 20 3 4 99789 1.0318698885587816
3 3 3 18 69960 1.0110247270760193
13 23 7 14 49741 0.9806664151390484
13 19 8 25 40552 0.9833701826769953
22 24 12 20 43697 1.0690082830062333
19 14 15 0 51092 1.095782774307885
23 7 8 10 51910 0.945862346318356
0 20 29 21 76560 1.0564393979093376
9 12 7 20 27317 0.9154116509361202
27 19 4 2 112081 0.9453739660598159
27 20 24 2 63224 1.0509182190500683
18 27 13 7 72045 0.9999097817426125
13 23 19 4 64438 0.9515228725623608
2 5 26 11 94114 1.0099518404398216
13 15 12 27 64298 0.9724125468693889
20 26 25 18 42247 0.955813368843683
2 1 16 17 98932 0.9671756276795753
16 22 5 27 51072 1.0884239460863514
1 8 12 16 62331 1.0718823782591194
12 28 14 16 58070 0.9427487929020686
27 19 22 8 58288 1.0518488709259937
9 9 29 25 90233 1.0194605201847693
8 6 2 22 63399 0.9984740942432224
1 4 24 9 95311 1.0785736740724028
21 25 8 22 54251 1.087232371795063
20 11 24 17 40353 0.9951869523075196
18 6 5 29 101809 0.9631269279364102
23 10 13 5 46388 0.9050837019991644
24 20 14 14 40981 1.0966973294575804
13 3 8 14 59226 0.9414658936190108
2 29 15 18 72970 0.9273142098373505
29 18 20 0 83839 1.0251525151495235
29 28 5 3 126193 0.9371888380915574
28 12 4 28 103107 1.010807560301471
9 24 14 6 71576 0.9833154871336656
8 2 24 11 80597 0.9448374774288931
22 6 6 1 78886 1.0181060098306167
10 13 4 8 33178 1.0971156306840102
29 20 23 29 41501 0.9053881503819493
20 22 16 16 27451 1.0452658848907732
26 20 23 7 50501 0.9560308659622629
27 4 1 25 134034 0.9009169811815569
14 17 3 27 65896 0.9292452087524616
19 0 19 13 35304 1.0246737869727702
25 3 17 17 68321 1.0152309345490491
16 23 21 11 50998 1.0113761260208163
8 7 20 8 45763 0.9437510651963508
12 23 27 3 99627 1.0268162761041886
2 8 18 28 105594 1.087086358832289
9 1 29 0 103704 0.9886740673524028
11 27 14 6 88209 1.047192856650625
17 12 2 27 93604 0.9090373107075779
5 8 11 12 31492 1.0874277160595365
8 6 25 6 64410 0.968458361868991
0 16 7 24 51163 0.9382242143182374
3 2 23 19 107648 0.9152738395234592
11 25 9 0 84554 1.0295870996759342
2 1 28 20 124327 1.0168124478583869
17 3 18 25 74564 0.9373076986617193
14 6 2 4 58374 1.0570064861191801
28 6 14 8 55025 0.9521706242487331
3 24 19 18 61799 0.9093224956062164
6 22 17 28 46112 1.0542860746727323
27 23 3 21 73751 0.9306012526577669
16 24 5 1 93378 1.056084343162578
24 24 24 8 62869 1.0246149387117582
12 18 4 27 49491 1.0520282944123478
25 11 1 9 83020 1.0839105101275468
27 22 0 24 89609 1.0284528598096685
12 11 6 6 37090 0.98723121924255
29 5 0 12 111876 0.9396647154015643
18 23 15 11 48512 0.9130655822908552
10 25 7 3 80036 0.921630633374514
3 23 28 11 94176 0.9041025868931225
16 8 3 7 47905 1.0749528534777397
10 25 28 13 86933 0.9244908821674563
14 20 3 16 44726 1.0091323012849203
24 5 5 20 92179 1.0455408479506163
10 17 22 3 90708 1.028896175641347
29 3 23 9 42405 0.9618114091304143
26 25 25 14 40061 1.0878170396007258
25 27 8 0 118446 0.9586285345568841
25 13 13 16 53705 1.0047956242443903
16 1 8 23 88462 1.0066733561663637
26 4 11 27 115314 0.9066370641310515
18 13 3 23 73390 0.9911977170552215
4 27 4 11 63199 0.9258261254711795
5 6 26 28 107297 1.0649243158436257
4 21 24 20 50004 0.9531730498559992
2 3 27 19 122052 0.9554702117773834
29 9 17 7 46699 0.9859642900881087
2 4 15 1 74545 0.9375282575821939
20 13 2 14 72217 0.943358139823572
21 5 11 24 81176 1.086264761338618
0 6 28 21 108230 0.9895996600108603
12 12 13 27 75053 1.0226401416802968
14 23 7 9 64217 1.0659108010851015
6 19 16 19 29803 0.9818324443721951
17 21 3 8 76279 0.9486484477418548
4 1 27 9 107023 1.0619001587729462
24 8 11 29 100141 0.9409048731386986
24 26 7 21 70626 1.0428278058031415
16 5 29 20 70827 0.9288941891862804
18 15 6 12 47749 0.9736070864030465
11 0 24 10 84448 0.9406434239930116
27 28 12 0 127234 1.0242596992089192
7 12 14 25 70081 1.053227248557085
10 12 24 23 76800 1.0064826577277788
13 4 22 19 74224 0.9505295801354237
14 23 25 17 42971 1.0903342852739557
25 9 16 19 55292 1.0143944121392947
4 8 15 22 68330 1.0270363046412903
18 5 23 18 51635 0.9931161142877173
25 13 11 26 82616 1.0940278102430772
0 13 23 15 80615 0.9817461497887614
22 11 14 19 57897 1.0744165894937465
13 26 23 27 45504 0.9451843344615326
0 13 9 14 33217 0.9242893101882574
14 21 10 28 39103 0.9622501468509648
28 25 6 13 83503 0.9827256039870955
25 29 1 28 65900 0.972863053041724
12 13 24 2 77866 0.9706695064188975
3 29 25 5 129323 0.9288126092455931
9 11 16 18 41961 1.0875520200541353
8 11 16 22 56293 0.9271362848997016
29 17 14 25 60786 1.0792203698150848
4 22 4 2 68763 1.030258645020508
6 0 21 13 81149 1.0451267973875495
20 5 29 4 39493 1.0868507635329578
9 8 18 11 39878 1.068849510758162
15 11 22 4 43176 0.9449641762901335
3 5 16 10 54150 0.998200211646495
15 11 15 25 51563 1.02987231566595
1 10 0 26 72442 1.0736620033735416
18 13 2 29 98188 1.0681341384910623
4 23 22 28 60567 0.9735947982880557
25 14 15 26 59800 0.9160566734186587
28 22 15 24 45589 1.0984938500928212
0 5 18 24 103607 0.9445973700927929
15 10 24 23 61529 0.9656070382463009
9 3 28 0 95127 1.088362295978565
27 9 16 12 45562 1.015311414934835
5 3 20 3 80971 1.0947953545938307
1 23 7 16 39113 1.0372762899760537
16 15 9 7 44663 1.0872378787776122
4 8 4 27 69442 0.9734120143228869
15 17 2 9 70051 1.0685937471908844
10 21 10 7 41715 1.0739001196414493
22 11 7 9 56282 1.001289357472834
12 26 6 10 70494 0.9221365124136089
10 14 13 27 62461 1.0460455960633412
8 8 14 25 76949 1.0795344813546632
8 10 21 1 69382 0.9811883954419702
19 3 26 17 59833 1.0731889490226165
18 23 14 3 76145 1.0513578748399253
28 19 9 14 65758 0.9581816001517425
24 4 29 21 59217 0.9445631832109393
15 23 4 20 38905 1.0208837341566483
10 23 6 13 35832 0.9277577319812066
0 5 26 26 125880 0.9507406934252909
25 10 12 19 71942 1.0447326980067504
8 21 0 1 82199 1.0842526940597954
13 1 5 11 61338 0.9434437599138563
4 18 20 20 45733 0.9167791670525282
13 17 13 4 65847 1.0584248350347176
7 12 21 11 55379 1.0734027022612542
21 28 10 9 83580 1.024769378148533
27 6 8 16 90530 0.9267674853267085
29 23 7 9 93131 0.9591778240190948
25 5 4 28 120559 1.035331770234054
4 23 25 13 81979 1.0900146221515994
24 9 8 21 79072 1.0143949662728386
18 25 25 4 79684 1.0016158619351676
3 14 11 2 61700 1.0526709991968686
23 11 19 28 65996 1.0940134329481639
29 9 19 11 36123 1.0241951646176515
5 6 14 8 40659 0.9036577013656804
19 14 3 25 79241 0.9085489507281382
17 14 4 24 70129 0.9358531271553383
10 0 2 7 52082 0.9710863244207093
15 16 2 3 87396 0.9871371962124416
21 7 2 25 107000 1.0174377396714023
18 24 20 4 58512 0.9712844433129288
14 7 1 18 70541 0.9936265743803785
27 15 15 18 48355 1.0268068245322812
17 2 22 15 51232 0.978740934966386
1 26 23 8 119636 0.9581186666527355
4 12 4 22 39860 0.999029719566091
9 7 13 17 47247 1.0943910416405807
18 29 12 1 110842 0.9673099098092863
21 17 25 24 34839 1.0131002483028975
28 19 0 8 107462 1.0630825452862656
3 3 1 23 86647 1.0800545614139205
25 1 7 24 116815 0.9286615954945663
16 27 6 18 50404 0.9486631650318874
23 19 2 26 87038 1.0620910350892747
3 13 27 29 102193 1.0307847111840076
3 7 23 1 94876 0.9157817538551748
4 6 25 28 107959 0.9053195449820289
7 23 28 17 71850 1.0653257979873656
7 12 21 16 62667 0.9179277441015031
25 27 16 12 64206 1.0108046933107173
22 8 1 9 77149 1.0269608422870014
3 24 15 4 92418 0.9270963091566826
19 23 1 15 69536 0.948620758347003
26 25 3 14 93258 0.9946137837970042
16 20 22 25 36703 1.0250678537226674
5 2 21 22 95901 0.9161958965924829
29 1 6 3 105337 0.9915008237707157
21 18 16 24 32687 0.948983838918843
21 5 29 20 65281 1.093824977269768
10 11 22 0 78924 1.0244142324282721
7 5 27 1 98467 0.919462162547531
18 27 2 26 64535 1.0351071132860792
24 8 7 1 84781 1.0659940602868998
27 2 2 22 124638 0.9974005754796601
22 21 2 9 87393 0.9488233800396396
1 15 15 21 56105 1.0792712021569661
2 6 7 0 36439 1.0367104683381385
27 11 7 22 87938 0.9321448305775236
22 16 24 28 53222 1.019447739517019
8 9 23 8 62477 1.0201740748189017
8 7 0 20 58962 1.0957266455615595
15 6 14 20 50772 0.99075531330852
1 10 10 16 47606 1.0622516271846514
15 2 2 28 110620 0.9788431093324105
8 15 25 19 57956 1.0889964900910662
16 3 27 8 56378 0.9545861865411227
27 18 22 23 31940 0.9880783467921845
17 18 11 24 39521 1.0221275811268655
4 11 3 20 44367 1.097188658147902
28 12 6 27 93821 1.0428072383606037
11 0 18 14 79912 0.99893904437399
28 4 5 15 97071 1.003547199255762
10 20 5 29 38979 1.050799583899435
24 26 24 12 53875 0.908833425349837
9 21 3 15 33528 0.961591315684265
18 24 6 27 48647 0.9530298539284092
18 23 27 7 70716 0.994599313373999
25 2 19 6 35143 1.09536227836371
8 27 5 11 58502 0.9867259552939527
11 26 27 28 52045 0.9181484028900021
16 18 26 2 75629 0.9307253422684757
27 24 8 15 76237 0.9786143782021812
22 3 7 2 80542 1.072056483712532
28 14 22 25 56837 0.9942979256866098
24 8 26 0 34811 0.9609248455858244
17 15 24 2 63616 0.9691791813085419
23 28 18 16 48531 1.0670816618154175
26 9 26 26 64006 1.0236727005557031
15 6 25 17 56628 1.0707581774975719
9 24 23 6 87959 1.0027774173127524
9 7 21 16 58245 1.0047146566161136
6 1 16 9 58040 1.0225559285831913
24 25 11 20 55625 0.9500631611194674
17 16 4 9 64223 1.0212543235905789
4 27 23 2 128803 0.9406300451018745
25 21 12 15 51178 0.9919502719280122
4 13 23 1 97333 1.053452170364004
22 9 3 16 82803 0.9375716913542747
17 23 24 9 64367 0.966866898833487
3 0 10 14 69326 1.0901863358933028
8 2 0 4 47468 0.94323284728391
2 20 9 23 30891 1.0733047497863577
18 19 12 23 32059 1.0010775524452449
17 12 13 18 33377 0.9628386080562322
10 10 19 15 36015 1.0468851092887501
16 1 24 10 52074 0.9245010258550747
15 13 4 23 62870 1.0700576526063434
11 23 23 20 38817 1.0386564977518025
24 27 2 27 70231 1.0001775417474519
14 8 0 1 76877 1.0217076859751453
27 23 1 12 96973 1.0086942644907673
19 1 0 6 85662 1.0788586189372826
11 21 18 13 45432 1.0919504809575051
0 18 2 28 48411 1.0696635572421889
0 4 12 12 62968 0.9468105263043064
23 18 11 2 91445 0.9521588412863418
13 16 28 24 68284 0.903589729314422
25 26 23 6 67783 0.9167121518467389
20 26 29 21 44318 1.0398070529477434
29 22 29 10 33925 1.0930984922076603
9 29 21 3 101984 1.0313178451268326
24 17 24 28 44126 0.984505067145295
0 17 9 20 35365 1.052580575158576
4 19 14 2 88687 1.0245310849902491
7 20 0 29 45250 1.037129727445643
10 4 19 27 91484 1.0745294879826948
8 17 17 15 40638 0.9957498184283111
20 1 6 28 110781 1.0189620902401637
10 3 8 16 50039 1.0166414391490017
13 25 11 8 79940 1.0263168961746558
19 27 6 28 36803 0.9964405103908853
7 12 12 17 40663 1.0426073980313262
27 0 11 6 88472 0.9003948507537556
9 14 24 29 81514 1.0225337617627548
13 25 22 26 54517 1.0577206579769052
8 9 25 18 76336 1.05818092858613
20 22 7 14 59695 0.9543700670244073
27 6 25 24 61715 0.9278251691978588
6 4 26 25 107596 1.0099011155446802
20 18 15 26 38105 1.0236877325642368
22 19 3 12 77070 1.0125480837501697
28 17 16 5 68739 0.9893417820254986
16 9 26 22 61333 1.004843637002602
25 2 8 0 85562 1.00285474670747
17 29 27 24 43165 1.0282551377664757
9 12 18 14 40982 0.9923280923372503
17 15 29 7 57442 0.9981531760670653
29 28 11 23 63765 0.9754732204854961
7 6 22 11 63512 0.9719617588591758
5 9 5 28 57823 0.919844404830596
1 1 27 23 133742 0.9472300786546659
5 24 9 12 45306 1.017233832413731
29 25 17 27 44049 0.9205372643396437
23 26 2 19 92564 1.0301636491847515
6 14 20 5 64707 0.9175941654127747
21 8 1 22 90646 0.997019608660238
15 16 26 10 51422 0.9145911317487788
12 16 25 22 59581 0.9682899716309926
9 5 13 18 46287 1.053783168495667
15 12 0 14 61012 0.9113167655341898
9 29 22 1 115781 0.9989985541932241
28 23 11 28 56338 1.0195192554497567
21 28 8 4 99139 1.0733702590727754
21 18 20 3 51930 0.9129587811554972
25 15 0 18 84827 1.034576382447064
0 16 14 16 61546 1.0997193163492278
23 8 26 18 45801 0.912336391104275
26 5 14 10 51155 1.0445478388816067
3 0 22 6 100742 0.9678219951946327
1 23 10 19 40916 0.913607952403295
3 5 4 19 57577 1.0143470604529852
17 2 22 7 32956 0.9943985639302854
4 1 3 24 85702 1.0400829511093714
9 14 13 25 54862 0.9042602823441858
15 29 14 10 66276 0.9912785483766224
12 28 28 16 70920 1.0339953400436648
19 19 1 4 93292 1.0845089679041569
4 25 11 2 89753 0.9603167170841953
22 27 12 4 99388 1.015394429886413
28 9 17 9 41445 0.9074529328322777
5 7 13 14 46256 0.9208222746253784
29 25 20 7 71831 1.007323688268555
4 17 13 21 38420 0.9592386333784922
1 29 13 24 51676 0.9578275640927343
23 4 13 19 79771 1.0772144772178947
16 18 1 17 54144 1.0203723562546818
16 25 6 29 34724 0.9012421731221448
19 18 13 1 70742 1.070504896626708
0 18 23 2 122266 1.0856147561502447
9 4 22 17 80746 0.9907215782492421
22 14 1 28 97385 0.9186649672159274
26 13 2 19 91239 0.9394348704162047
17 14 12 9 34945 1.004429776493278
5 19 20 21 45750 1.0881241500812944
19 9 27 2 51576 1.087444833969228
6 22 18 8 71562 0.9769926385125545
29 25 28 13 36609 0.9475615821374124
15 21 1 8 75244 1.0318353921482954
27 2 9 16 99310 1.0466782029008077
15 15 7 28 63708 0.9367507839691501
15 24 14 5 64961 1.0007906344251851
9 23 14 0 94328 1.064735841710435
3 5 13 20 64687 0.9921428571260776
14 28 28 17 63842 0.9451730570301988
2 25 8 11 70978 1.097251341500146
8 19 27 18 59746 1.0403688965403566
5 21 11 26 40696 0.9412417489307202
7 18 0 22 30969 0.9063471630172056
9 28 23 16 75121 0.9013265301033733
7 17 29 11 87076 0.9075046152375602
22 8 24 0 44555 0.9775806885938325
21 12 27 5 47450 0.9733349094816177
22 9 3 16 82803 0.9168666982144514
13 26 9 4 88633 1.0513347712516572
18 11 4 10 47787 0.9718867960015211
2 10 27 10 77457 1.01150190108248
20 6 0 26 111221 0.9507404154260285
14 0 19 12 54382 0.9925430177986768
24 22 2 6 100277 0.930967920129818
22 28 24 15 50544 1.0036256420190977
17 12 19 22 35240 0.9819596923600862
6 14 5 26 37800 0.9760955086104941
10 1 0 17 82618 1.0204029605096685
2 21 11 28 42170 1.005506661137109
25 20 6 0 97062 1.0942488712379057
18 18 2 29 81492 1.0328366426751374
15 7 6 2 45384 0.9069944901170887
28 24 0 13 99711 0.999073744653665
12 17 28 3 96325 1.043303094248751
15 18 26 0 86579 1.0154755728288838
10 4 11 26 81242 1.0490868707149459
23 9 9 8 54940 1.0741239072408297
14 28 6 19 44400 0.9356165176195299
28 27 10 0 126929 0.9155929902641718
19 25 4 26 59603 1.0423453154961975
22 25 6 24 68010 1.0842868090838698
26 12 15 6 55370 1.084810472992045
24 4 11 15 75074 0.9666441348846257
16 10 24 16 38230 0.9218024780582869
8 2 11 16 52433 0.9634884510606939
20 26 0 17 83320 0.9535432193954194
27 9 20 0 66287 0.9461317953173854
23 2 19 16 55801 0.9980586743554997
27 17 21 26 52434 0.9335837729874745
8 28 4 17 46205 1.0633964869717079
13 7 26 17 66262 0.9120493238393822
18 29 27 25 43695 0.9692253181389777
18 8 24 3 42601 1.089380015993037
22 16 12 24 60693 0.9634893976142626
5 17 2 24 40965 0.9562013118748248
0 20 17 14 68932 1.093849236407981
1 22 16 27 62190 0.9863185481280092
3 16 24 24 87200 0.9098831756033606
14 21 25 1 83499 1.0692094284204772
14 23 27 8 76134 0.97777101042648
19 12 8 15 44336 1.012889334102265
26 29 16 3 100400 1.0148056522748403
4 22 18 22 49803 1.0404420981254199
22 22 8 12 69506 0.9578076193085747
22 2 0 29 138504 0.9002230724095021
16 25 18 9 56080 1.0194384502337193
20 21 9 16 41261 0.9005719890304098
9 15 24 14 56290 0.9330773068792807
16 4 20 20 55906 0.9221175947489882
10 9 16 26 72471 0.9190442544253535
9 15 25 9 65384 1.012830681717753
22 8 0 25 112196 1.032037772331724
27 10 18 18 48329 0.9302941062337197
15 22 19 10 38163 1.0519318088351757
