3479 5341 5308 4492 3612 4225 3803 5333 3558 3510 3812 4274 4646 4155 3539 3230 3594 2867 4599 3964 3053 1850 4235 3967 1944 2284 1759 1561 3689
3354 4945 5785 4252 6157 6280 4747 6123 6054 4443 4215 5215 4030 6021 5104 4788 6391 4516 5190 5825 5434 4478 5610 4951 4678 3962 4144 4441 5468
2447 4385 5052 4073 4126 4659 5653 4232 3492 4487 5143 4028 4385 4196 5273 3629 3662 5522 4176 4164 4538 4798 4716 6271 4975 4682 4710 4071 4230
2556 5229 3014 4948 4174 4717 4264 3769 4854 3800 4894 2851 3903 3809 2990 4423 3200 5427 5876 5383 5528 4937 3985 5013 3612 4817 3177 3769 3517
3379 3385 3405 5603 4995 3952 5815 4396 5885 4805 6281 4833 4196 4453 6223 5514 4533 3606 5682 6072 5123 5558 4955 3888 3805 4894 3854 3890 5669
2859 3529 1984 4389 3209 3351 2077 3172 3361 2610 2888 2494 3602 3596 2698 3741 2383 3660 4430 4441 2716 4375 2185 2664 3606 3659 2475 4165 3134
6833 7369 3660 3731 3581 3814 4736 3861 4940 3172 4828 3272 5532 3236 3843 4929 5389 4979 4007 3676 3728 4223 4544 4435 5707 4832 5002 3431 4075
3928 2821 3361 3443 3919 1703 3422 2871 2904 1508 2455 1946 1438 2301 3737 2461 3719 1941 3263 1838 2760 1921 3151 1435 3033 3203 3720 3391 3155
4030 3580 3529 3667 1883 3387 3035 3584 3841 2835 2306 4036 2848 4027 5812 4881 4352 3519 5465 4919 3714 5385 5820 5901 3991 5971 5513 4419 4973
6076 6088 7179 7158 5541 5337 6726 6723 6596 6802 7361 6437 5028 6250 5487 6065 5417 6218 6501 5779 5871 5857 5988 7358 7352 4903 4532 6585 5837
5031 4414 4439 3292 3432 5129 4103 4957 2740 2881 3385 3100 4838 3721 5895 7543 5941 5193 7743 5117 7750 5288 5089 6373 6273 7177 7688 6868 6101
2418 4837 2864 3319 4925 4147 4037 2732 2224 2955 2646 4028 4678 2844 2175 4666 3964 4588 3851 3598 2270 2964 4580 5952 5699 5165 4413 6233 4521
5189 6471 6023 8474 8241 8652 6061 6838 8159 8215 8890 6112 7366 6514 8258 6560 6808 6424 7500 6647 7926 7527 8261 6351 7010 7656 8066 8041 8111
2691 1761 1775 2317 4228 4433 1865 4418 1838 4167 1873 2672 1975 3025 3615 3477 3609 2501 2236 4986 5500 5964 5180 5345 3474 4626 5666 4105 4835
5245 3105 5627 3446 5166 4112 3108 5541 3131 4364 3026 4347 1920 2954 3678 1215 1624 2253 2889 2602 1232 2420 3919 2893 1914 2980 3360 2258 3292
3608 3199 3043 4987 4631 5291 5054 3329 4595 4326 5609 5495 5558 5183 3777 3985 5862 5830 3538 5505 3731 5395 5005 4592 5062 5576 5703 5094 4299
3682 2606 4222 2657 4448 5623 6037 5639 6602 6517 6416 4982 7243 7547 6730 5433 6251 6418 7308 7110 5765 7581 6343 6920 7570 5931 4840 7503 4928
7506 7941 6959 6269 5979 8248 3868 5233 5526 3615 3507 5475 5964 4439 4094 3901 3516 5157 5970 3407 5309 3483 5126 3806 3857 5575 5149 4884 4957
6475 6191 5147 5670 5184 6936 6261 5220 7951 6041 5226 7042 6454 6084 5977 5132 5343 7190 6427 4496 4717 6615 7100 4970 6148 4735 4831 5228 7001
5913 4084 4976 5282 5535 3866 5441 5696 5048 4418 4818 5594 4181 5486 5635 4051 4745 4021 5849 6388 4069 6430 4617 3981 3920 5294 5904 5222 4161
7783 7716 6632 5146 7639 7443 7316 7861 6618 7227 7947 5304 7590 6176 5154 5849 6980 6560 3351 2206 3708 3892 4705 2877 2048 3974 2870 3351 4693
2936 2994 2748 4414 3054 4427 3500 2570 2619 2064 2061 3872 2601 1905 3019 4501 5723 7314 4806 6836 4491 6492 6947 6816 5376 4583 6419 6685 4572
5383 6382 5889 6226 4680 7051 5503 5955 4767 7057 4861 5108 3417 4371 5282 4642 5698 3659 5207 5481 5262 5754 3531 4986 4612 3876 4017 4238 3472
1356 2759 1729 1593 1769 2902 3170 3018 2129 3105 3077 3518 1387 1491 1326 3732 3788 1260 3060 5525 6320 5008 6419 5325 5912 7060 7016 6875 6457
5991 4325 4992 3746 4276 3716 3644 2493 4079 5076 3338 2877 3272 2971 5203 3639 4204 3970 5236 4126 3230 4079 2603 3896 4006 4943 5023 2855 3830
2738 4325 3574 5122 3754 3200 3093 3436 3608 3652 5267 4812 3365 4227 5294 4653 6030 6233 6846 7480 6306 7453 6872 5524 6153 5948 6742 6401 7234
4619 6040 4377 5406 4818 6654 5298 4896 5477 6343 4236 4702 5277 4296 6837 5870 4243 4324 4222 5694 4454 5619 4701 5764 5383 4564 5489 4741 6871
4162 2987 3548 3973 3963 2929 4233 2826 4086 2237 2278 2218 4739 3881 4594 2342 3479 3074 4720 4623 3529 4737 4410 2913 3194 3558 4030 3194 2359
7372 8819 8695 6328 7093 7971 7032 6409 8071 7409 8875 6453 6091 7624 6364 3088 2011 1285 2714 1422 3467 3006 2409 3081 3940 3689 3035 3385 4132
4484 3877 2980 6032 8182 7046 6613 7626 6843 7014 7558 5990 7515 6852 6746 6905 8057 6107 5902 8025 6154 6145 7820 8115 7274 7281 8297 6485 7063
3967 6425 3088 7481 5866 4697 2301 4755 7552 4383 4175 1658 5169 8584 3089 7579 3477 2052 2249 4026 6023 4656 6279 7793 3528 8481 7807 5958 1952 2853
4996 7173 2231 5113 5945 3710 2867 4660 6387 5416 4086 2235 3118 8619 1905 7493 4067 2074 1832 5333 8196 6109 5438 5274 3270 6547 7191 6304 1953 2417
3953 6131 2004 5560 6927 4747 8086 4163 7340 5187 4522 2272 4221 6021 3962 7310 3447 1871 3080 5103 6775 6516 7120 6406 4192 6227 6289 7104 4504 1940
5823 7121 3219 7485 5805 4375 5256 6141 8112 5624 2029 4207 5296 7315 2649 5045 3088 3521 1826 3966 8411 4014 5982 6404 3517 7250 6292 6153 2519 2409
6145 6908 1747 5033 5675 3143 7564 3316 7953 6117 2986 3564 3368 7457 3933 6669 4003 6283 3932 4832 8746 5924 6986 5384 4198 7991 7785 7070 3165 2109
4368 5213 3745 6902 7685 3758 8061 5313 6201 5004 6001 2253 4451 6980 5145 5092 2763 7714 3736 4031 8528 3750 3538 6572 4216 6176 8339 5945 4529 4005
4647 5662 3080 5927 6620 4909 7146 3388 6680 6219 4500 3860 4196 6317 4928 6135 1547 6869 1565 4724 6544 4870 5672 5954 3629 7886 7646 5407 3333 1841
3968 7350 3162 7291 6275 3004 5661 4674 5542 6837 5163 3399 4652 8505 5477 7295 4092 6945 1170 5562 6528 6065 4098 5356 3863 8051 6072 6683 3523 2476
3723 7653 3297 5840 5706 3769 7045 3172 6207 7620 4534 2519 5816 6434 4580 6646 3818 5643 3705 3079 8487 5159 6102 6794 3093 3600 7407 4787 4070 1829
3968 7244 2783 3179 7374 5074 6073 3481 6589 7634 4166 1881 5096 6114 4744 6696 4195 7619 1259 5328 6551 2383 5103 6578 1694 3489 7171 4747 2682 2588
3887 5792 4097 4417 7551 4055 6113 3869 6642 6045 6143 2988 4430 7319 4573 6507 7028 5806 2246 4785 6157 3980 5604 6692 2236 1838 6538 6602 1819 2411
5504 5986 3626 2519 6693 3221 7138 5759 6992 7449 4200 2029 5475 8000 6131 5588 8569 7034 2381 4668 8377 3253 6116 6911 1894 3085 6682 4968 3766 2626
5333 5709 2167 4747 6922 5551 5827 4544 7742 6501 5586 2844 3417 8701 5466 6354 6658 7081 1415 4536 7200 1749 5939 6646 2435 2464 7179 6103 3770 3226
4568 6108 1859 4363 8064 4803 6745 5244 6330 5417 5201 2957 4642 7661 5074 7002 8564 6824 2029 5745 6019 3630 6076 7615 1715 2777 6337 4503 3964 5884
5732 6925 2192 2621 6867 3072 7932 2952 6936 5746 6435 1855 5513 8046 4113 5358 8139 7247 3073 5303 8029 1863 4850 5228 2742 1792 6224 4571 3052 4446
2956 5317 1887 4732 5408 2895 5827 5616 6229 7021 6004 1537 3604 6833 6236 5735 8002 6428 6011 3150 7593 4127 5947 5304 2024 3956 8533 6151 2645 3560
3486 7743 3084 3623 7858 4142 5302 3770 5529 6342 6142 4012 3349 8232 5068 4988 7667 5003 5654 5883 7805 2220 3715 6244 2831 3265 8669 6792 2546 5645
4850 8049 3785 4144 7498 4730 6745 3879 7274 6759 4962 3664 5112 8272 4719 5962 8439 5769 6906 4070 6117 2849 4399 6609 2877 3042 6770 6775 2490 3553
3043 6787 4274 2329 7793 4673 7674 5059 6382 7922 6633 2301 4019 6847 3461 8722 6075 7728 5932 5360 6948 4085 3587 7805 2328 2083 5286 4769 3330 4414
4938 5764 3977 4561 6405 3755 7394 4345 6520 7412 4969 1477 4639 7590 5558 7087 6479 6164 5452 3765 7295 3592 3897 6028 4192 1896 5350 5493 4206 5313
3325 8016 8371 2342 6697 4253 6950 5655 7580 7509 5382 2970 5743 8426 4382 6174 7144 7010 7102 5010 6947 3524 5404 7502 3881 1667 3975 5608 3600 5706
2836 7550 7818 3359 5315 3899 7819 4925 7497 7336 5710 1791 5303 6163 5374 8056 8059 7303 6725 3665 7052 3425 4536 7056 3346 3724 5970 4689 4449 3847
2644 6715 6989 2557 6158 5174 7944 4674 6075 7166 6172 1547 5085 6318 3694 8469 8290 5233 6301 4641 8729 2856 4710 7540 4162 3535 3911 7015 3182 6038
2870 5313 6970 3857 7143 2749 6390 3909 6548 8065 4322 5429 5763 8132 5874 8146 8164 6003 5477 3161 6717 3112 3935 8045 3669 3191 5534 7941 3359 5419
4923 5677 7726 2108 7182 4573 7264 4103 6772 7640 5712 5246 5804 6538 3853 6498 6829 6817 6220 5083 7687 4182 3708 6006 4575 2497 4744 7147 2321 3392
4770 7396 8000 2870 6186 5437 7453 4700 7211 6292 6496 5316 4019 5380 3988 6674 8523 7480 7156 5829 6908 1408 4122 6563 6765 2366 5823 8821 3079 5809
3649 7285 8159 3597 5974 5993 8078 3667 5485 7758 4293 3078 6309 3489 5117 8105 6985 6415 5565 4763 7144 2449 5300 7062 6514 1745 5534 7828 2991 5217
2692 7642 8138 4376 5855 4957 7368 4819 5819 6354 3952 3845 5948 3109 4335 8155 6284 6849 7176 5077 8216 3306 4335 5940 4315 1725 5871 7419 8791 3605
3321 5798 8742 2753 6698 3706 6245 4458 6954 5442 5557 4771 4380 3475 3521 7522 6598 6492 6522 4232 7322 3100 5740 7161 7139 4071 3772 7268 6521 4815
26 13 14 2 73988 0.9978359883260652
23 23 9 23 51040 1.0895488368872164
28 1 26 29 108178 0.9280307687563452
4 0 5 10 32664 1.0754144032235058
14 16 17 29 43544 0.9888862042622599
8 4 8 17 40077 1.0365291230447267
15 11 14 21 26569 0.9340065612632276
14 27 22 6 79758 0.9940777806080248
18 19 10 6 64064 1.04235878897331
21 21 23 13 32783 0.9956309148981614
11 27 25 28 52913 1.0587724648516534
25 9 1 24 107503 1.0051278627190612
16 22 2 5 87471 1.0272851216172054
28 2 28 27 92328 1.0695737021454408
0 6 0 21 57937 1.005453032001405
19 5 17 17 62641 1.0198149101564318
3 5 26 17 106361 0.9019532134067333
21 7 13 11 30087 0.9673967132329473
26 23 3 5 116808 0.9607409686456283
17 24 7 10 57755 1.0750722235490653
21 10 25 19 33205 0.955585560232939
18 0 29 10 66632 1.0680803222186634
11 21 29 3 94824 0.9615947260630745
27 17 12 25 69898 0.9679755371960248
2 3 27 10 105112 0.9420451479499667
5 11 18 23 67776 0.9045313538808711
5 27 28 12 112538 0.9864468428981054
18 29 27 19 65107 1.0507305216475236
7 18 11 2 54666 0.9795438231523939
3 29 26 12 112713 0.9186346669259284
2 13 15 14 56520 1.0203602863523848
16 25 3 17 54182 0.9611741163565948
18 6 28 28 97077 1.0911542094191893
23 1 1 27 128775 1.0562056032775067
24 0 27 15 59299 1.0114089862451061
28 9 25 24 70251 1.071445956140475
1 4 10 6 47775 0.9759402613544953
7 9 16 8 45194 1.061588180928361
14 6 5 27 83319 1.050211701676037
8 16 17 13 49532 1.043447389058076
17 22 22 8 67187 0.960009094737585
5 9 17 27 80965 1.0589974753133236
14 10 22 29 75914 0.9396680368024982
3 7 17 17 78082 1.051880235311787
7 28 6 9 55385 1.0567849004536507
17 17 20 1 76268 1.021422259696626
25 16 29 0 71912 1.0680323673960792
29 12 4 23 111526 1.0623343206537266
15 4 12 12 37189 1.0923782871308192
29 15 16 13 69647 0.9858236227186715
16 1 15 15 55526 0.9970710778745084
26 5 2 11 86087 1.0298789560087003
4 3 15 20 80025 0.9073368273350062
19 1 2 13 88308 0.9020896579009305
4 4 0 16 57596 1.0310581018766358
27 19 23 6 52897 1.0548437676936144
12 4 17 12 44424 0.9301600500504796
19 27 16 16 63223 1.0409512606474138
13 0 1 20 90947 1.0110307021790488
8 25 6 0 76747 0.9504995116392078
6 14 13 28 60615 0.9009166817827728
27 9 3 15 88685 1.0679706508809736
6 4 15 17 64004 1.025450497672481
7 6 9 21 49788 0.9074531225367937
9 1 7 17 51933 1.0150686122048553
10 24 17 3 82203 0.9712378997232693
21 9 1 29 99728 0.9703803390151664
18 1 25 20 81785 1.0075122609710183
23 6 8 8 59853 1.037188755757592
15 10 0 17 58562 0.9126503695502994
3 17 5 6 40530 1.0851382016521722
12 14 7 0 60803 1.0989052698386643
18 23 10 16 49120 0.9479834920577057
26 9 28 24 55726 1.026504603804048
29 17 23 24 40972 0.9023515006670945
1 13 5 26 59028 1.0309128533529337
15 8 12 18 37820 0.9157524333901091
0 19 11 23 48462 1.0897629850284531
14 8 24 13 43253 0.9019330488411199
13 19 29 13 76020 0.9000651163612833
10 8 2 19 52055 1.029229700399047
17 4 22 27 103251 0.9593270432262953
21 0 5 21 99880 0.9960310470836741
1 18 27 16 96016 0.911880784404332
21 3 8 10 60049 0.9209286053519443
12 5 3 20 72002 1.0848953695279744
9 7 0 20 61302 1.0340246914797544
17 21 21 0 81405 1.050980844039253
27 16 20 13 45167 0.9785102035513455
18 11 5 23 64441 0.9133310716992701
22 27 17 16 59936 1.042249634784905
16 8 5 1 61858 0.9003903595972945
15 1 9 15 63915 0.9015580417942443
2 10 6 29 68792 0.9334478301079364
21 3 22 16 46423 1.0422923697460555
7 21 23 5 78612 0.9638682680527281
18 6 1 26 113651 1.0267259533664985
7 8 13 21 47511 0.9443384518138138
1 9 12 25 78630 0.908699243235001
27 13 8 27 104795 0.9838026560342373
24 15 28 5 51332 0.9728085534868196
12 13 14 0 49282 1.0319238590768098
16 14 27 4 71864 1.092029026330428
13 16 16 6 46137 0.9609581445577603
26 25 19 14 62138 1.085097702286121
13 0 7 17 62628 0.9817352233083938
19 12 5 7 55724 1.0825401560691221
21 19 6 17 54598 1.0135822212436372
21 4 29 0 38399 0.9326309547603269
0 5 24 22 118131 1.0891575548044976
16 4 11 16 57076 1.0256022832509915
18 29 1 14 86283 0.9317698927768165
21 25 24 17 41596 1.0779572346762423
5 15 2 23 41014 1.0936257902797635
9 5 4 11 31313 0.9076448835993277
22 0 0 14 100318 0.9418742691956776
15 4 28 19 93133 0.9152919627719782
22 1 7 12 73683 0.9401124146552338
9 8 4 16 38784 1.0189522509178772
2 7 26 14 90484 1.0159783667043074
19 3 0 2 58502 1.0582062139024644
23 22 1 1 118577 0.9143966294632476
6 5 3 28 78576 0.9599918056054172
17 17 5 9 63254 0.9028640291119657
1 6 25 15 100310 1.0801780773265202
27 13 13 3 75276 0.9079644880310518
29 16 8 17 83772 1.013934019561363
22 1 11 29 112229 1.049902209861581
6 21 18 3 89048 1.0610741428403985
16 13 28 11 52731 1.030589881754501
8 26 24 20 67144 1.029283770412144
7 6 13 19 45115 0.9489322870913719
2 17 28 0 113637 0.9600462735700036
0 12 0 0 50747 0.9602628819613694
0 22 21 9 85823 1.092940948026243
4 17 23 14 70896 1.0033357855755107
25 8 16 9 47585 1.0399661304575538
0 20 24 15 96001 1.0008438086404412
17 22 22 9 65684 1.0665430321748226
12 19 15 3 59769 0.9387892798289517
11 17 27 0 92377 0.9431646412679429
14 13 16 4 39964 0.9010038067619668
5 20 17 0 89393 1.0914892111293686
6 9 22 7 60799 1.0749551123166294
12 19 21 12 48480 0.9857191785777734
28 14 4 21 104112 1.0853116753042797
26 16 29 27 50596 1.0187876256085442
11 7 1 10 43950 0.9217360229800838
4 19 1 9 47150 1.0078758182555438
24 1 25 21 64825 1.0928598194019559
28 26 5 6 110011 1.0985018972871674
2 25 16 27 60090 1.0536259654225804
8 8 25 15 66771 1.098951330287964
27 11 19 20 61141 0.9789117639746256
8 13 5 4 36185 1.0056660551568601
9 28 0 24 37096 1.0845840129693323
26 3 18 17 71167 0.9555598020547821
16 0 17 26 92545 0.9667406181100568
26 8 16 24 87448 1.0781326528064423
12 20 23 22 46854 0.999377346402367
4 23 11 18 34941 1.0255281553214062
17 29 3 9 89231 1.0361450846001192
20 7 10 26 85986 1.0800025925388879
24 9 15 14 46963 0.9416362910464552
16 11 23 24 62088 1.0878314276010301
24 21 20 12 41691 0.9974343629835938
7 28 14 2 89538 0.9460090020313023
3 8 12 0 61159 1.0564186830982074
27 2 22 29 103735 0.9360696099389173
25 5 9 17 79416 0.9751695065479333
5 20 27 5 102264 1.0993641954805484
6 11 25 27 96815 0.9800012537435651
18 7 14 1 37183 0.9006337292025172
1 7 28 4 113786 1.0557199835368192
16 11 29 15 57592 0.9597906069757205
2 13 10 26 67617 0.929987410839016
16 15 5 4 68202 1.0575761317039314
3 13 14 19 43894 1.0288737188579629
29 28 12 29 68587 0.9955659961045434
16 24 25 18 55431 0.976136923111337
22 27 0 1 128976 0.9432706074060618
13 22 29 23 64070 0.9689063528991453
5 8 26 6 84082 1.0072205158811476
19 29 11 16 59068 1.0449706976759703
23 17 1 2 96625 0.9456624752919316
3 0 2 22 88480 1.0861183986534109
12 24 7 7 54429 1.0988796390537063
22 17 12 9 57127 0.9107171684756127
24 11 18 19 47125 1.0447698645287975
0 6 2 17 47580 0.9412693718254043
10 25 1 11 65225 1.0628017513162544
25 9 13 5 59468 0.9755469028755714
23 13 29 23 49095 1.091991587577715
8 8 22 9 53477 0.9140045416816754
2 29 21 24 66611 1.0791779538417556
14 5 1 3 54066 0.959131347319566
23 23 11 23 45704 0.944813034679754
6 19 23 12 62440 1.0097404073685983
20 13 29 23 67003 1.0341473452836756
20 29 25 8 87573 1.0725323929830297
19 9 8 12 41859 0.912383765063185
14 4 7 0 35465 1.0787569942972135
20 11 3 14 55803 0.9562668549842641
29 22 6 18 74237 0.9945543528435363
7 3 2 22 70975 0.9801625434836958
5 5 1 12 33898 1.0661210094137479
21 24 17 0 100077 1.014399158418105
23 18 12 19 54016 0.9189489645100888
2 27 26 27 87560 1.0134820740563302
3 21 25 7 99110 0.9637280708963966
19 22 17 8 64445 0.912964563088862
25 4 2 13 92817 1.037758986768658
12 6 4 20 70089 1.0686788194805044
24 0 23 14 35873 1.020894046318635
17 24 29 28 47958 0.9897118797966366
22 25 16 16 59312 0.979084965908153
3 23 12 4 91498 1.09898084312621
29 1 14 13 74602 1.0619448869044628
1 8 21 3 91733 1.012717706639863
5 18 9 4 47692 0.9768318458396525
13 11 14 23 34010 1.0578669269923848
17 10 1 28 90825 1.0557544954755305
9 24 20 12 64070 0.9971326789602172
13 13 6 2 48973 0.9795977234469626
23 28 6 24 59211 1.00185255415587
0 20 13 5 77972 1.092511961958707
7 3 24 26 104936 1.0109080414170701
10 19 23 7 64935 1.0938154176868147
26 10 7 1 87785 0.9309840321920002
13 3 3 14 63139 1.0413632197928167
10 18 29 7 84201 0.9980764389146963
28 26 14 13 69766 1.0374582200807256
4 24 12 2 84703 0.9887718424391916
17 26 7 21 39939 0.9140411866037714
7 10 17 3 54244 1.0990220370952577
26 2 23 25 81829 0.9432662141931031
0 27 24 12 107531 1.01582557763164
3 7 12 10 44072 1.0793245948063022
18 21 22 12 48036 1.091128698960932
14 16 5 9 44342 1.0958205626382207
1 15 10 18 35497 1.043242204819761
26 1 3 23 126330 1.0045619041595542
25 3 1 15 99810 0.9102153646610522
23 29 16 20 58310 0.9534607149768499
28 12 1 24 117975 0.9397720823896145
10 5 19 25 80624 1.068209274766778
27 20 23 12 38129 0.9143706465827771
0 27 11 22 53955 1.026078599569305
1 23 14 19 57969 0.9821556660189736
25 4 3 13 88886 1.0884868735447428
5 13 13 19 34417 1.0130910925964824
13 1 28 16 91234 0.9380601267650063
24 19 15 0 77408 0.9171903268583286
24 28 16 13 82865 0.9510815752166819
5 24 12 8 65360 0.9567813027359516
28 28 20 0 98517 1.0356433937763305
8 0 29 3 76216 0.9157402749209647
5 14 7 26 37013 0.9749631442447313
28 14 17 16 58350 1.0927240279139607
20 16 11 28 72459 0.9413121533951269
5 20 4 2 59833 0.9220341420679093
29 23 23 5 71401 0.9743586047356974
17 14 24 21 50871 0.9829944651796595
16 5 20 25 81143 0.9941033378884867
0 0 22 18 116094 0.9900609801046744
7 4 11 13 38275 1.0161198998143823
21 17 1 0 107965 0.9089134280327066
23 16 19 27 53197 0.9940149346916382
13 18 1 20 39162 1.0681664730396314
1 18 24 8 84180 0.9216105606568402
4 17 12 12 43657 0.9234215810198034
5 29 3 15 55407 0.9124744291698588
3 3 22 24 112094 0.9052066786552735
18 11 12 15 31666 1.017979634427646
12 2 6 20 67540 1.0507743374211946
14 13 20 29 60515 0.9611612094402753
7 11 26 24 88014 1.0763937098288596
18 25 28 16 47764 1.043472124351893
16 25 1 12 75864 1.028824994386838
9 23 5 3 73754 1.0624919834198798
17 20 2 20 55735 0.9142944290981379
9 13 22 2 74405 1.0666585171155276
22 14 17 28 69833 0.9211223292534985
12 28 23 14 78284 1.0449897997087474
5 26 7 5 61884 1.0385644532853773
11 18 27 27 66041 1.047241082171043
12 19 5 2 66853 1.0468278545698384
15 28 22 15 72729 1.0232736383833705
24 13 4 12 63324 0.9011860314908848
21 29 10 28 39760 1.002777228706382
17 1 19 29 108840 0.9734092942504893
11 24 29 3 101468 0.929377644463621
12 22 26 8 86356 1.0713859229409977
8 3 15 24 73862 1.0513316282312577
26 6 15 27 97264 0.9287848465499021
1 19 18 2 93477 0.9045049835562315
24 26 5 18 70469 0.9988778084758462
1 7 22 28 118435 0.9403317945254265
26 24 7 18 70471 0.959183828839191
23 24 1 1 122643 0.9209428196275095
4 7 7 26 59607 1.0780278263177696
16 0 14 26 80937 0.9691969373630386
0 19 18 18 58668 1.0722110549934212
28 1 6 9 97270 0.9181343993477252
25 15 10 25 83540 1.0866578811849368
1 19 10 6 63264 1.0239705986698033
4 13 9 6 40481 1.0695614551827217
27 20 15 28 62920 1.0758294674901334
18 5 18 28 93312 0.9200341061472499
20 2 13 26 94192 1.0788099120275836
23 10 11 29 83340 0.9550940709673992
13 15 0 15 49674 0.9304462908556599
15 7 25 14 53281 0.942538198075257
29 25 17 6 92525 1.08215756395439
25 10 23 29 79844 0.9400995792312248
16 7 3 27 98360 1.0319055868808553
5 9 6 21 41885 0.912285822156231
14 3 3 8 60331 0.9949752495385107
14 1 22 5 39772 1.0194396907211751
29 25 1 8 123054 1.056644013283944
6 13 0 27 61388 0.9729731648639977
19 28 26 18 60800 0.9110586797352181
27 28 27 0 97122 0.9299293464430078
3 5 29 27 131141 1.0651971982855895
10 14 25 0 78031 1.0746688376787636
21 24 3 8 91248 1.0207104629719281
10 14 25 15 65048 0.9012079271703523
12 25 12 13 48680 1.0400205650799523
17 17 18 7 49149 0.9393846069585444
4 2 14 12 57122 1.0284612659472054
3 12 11 25 61656 1.0824751862408306
10 29 0 20 47985 0.9762190646749226
26 20 9 21 56692 1.0928245255477498
28 19 7 12 84412 1.01066592538088
28 22 11 19 60504 1.0614363649764798
4 23 5 9 51203 1.048143474005241
25 6 20 17 54403 0.9602091756484532
26 24 21 16 54770 0.9617908499379106
26 19 4 25 89401 1.0388633782858352
20 8 2 11 66913 0.9169293673238652
3 5 12 15 61148 0.9908698901133892
1 12 28 24 110464 0.9053663486183504
29 21 7 16 72686 1.0048943310923115
5 1 29 29 141097 1.0870617555790638
21 19 1 18 64025 1.0190155602994562
27 28 5 19 84245 0.9016848389788527
10 29 29 15 96089 1.0983335007095834
6 2 28 28 124876 0.9779964499075798
15 16 28 16 72636 1.0395190069552482
1 27 6 9 77844 1.095746810391081
28 29 4 27 85725 0.9458899188467621
3 12 28 22 97635 1.073193183802177
20 27 9 28 37621 1.047544662968424
16 13 5 29 75820 0.9092739216383842
26 19 14 8 65310 1.0386077970121672
13 1 1 19 82431 1.072338578780007
6 14 14 6 46921 1.0847554951464295
20 25 4 0 106573 1.0557483071021347
21 28 19 16 50800 1.0241870685488688
20 27 12 20 47329 1.0212807085095332
20 20 7 13 57531 1.0553325059581717
1 1 14 16 79288 1.0914011727251371
10 22 16 5 71163 0.9402390009799451
4 9 18 24 74969 1.051695496761129
29 22 6 11 93801 0.9009854974023342
6 14 16 4 60085 1.0105733135834025
18 5 29 9 62444 0.9858830163786226
28 18 1 24 98389 0.9721271690847006
18 25 10 6 74274 1.0851654969883913
25 17 8 23 83232 1.0914545092949757
12 3 25 23 96764 1.0762635055433278
22 3 3 20 98988 0.9220612835029434
20 15 13 1 67019 0.9693327948625134
18 24 4 27 52000 1.070084674036331
29 4 9 18 94831 1.003415743425677
20 26 29 21 39960 0.9751632523199197
27 3 3 2 76430 0.9523820400419172
13 1 10 29 93152 0.9544923366951089
0 10 11 28 81213 0.9776158795834656
6 15 11 6 39837 1.0300854311760461
5 29 20 3 113779 1.081073453725222
6 22 29 11 96489 0.9279174251512498
5 25 13 3 84008 0.9336558224858644
14 14 7 21 30836 1.084424396672556
29 16 0 24 111811 1.0426045081875337
8 12 26 9 63463 0.9100420264428662
16 20 3 12 61779 0.9764258385758136
12 17 28 20 63056 0.9542430584495976
15 4 28 9 69590 0.9724868356062778
16 24 13 12 39007 0.9490638710685277
10 22 0 10 66489 0.9378464152463786
3 6 28 17 110933 1.0855231145876059
15 22 20 16 45073 1.0079891910356686
15 12 1 9 53016 0.9457204491843808
9 21 14 29 38031 1.0180482954603807
27 3 8 8 78549 0.9567539855444025
5 10 28 3 86343 0.936023672485942
7 2 26 6 73544 0.946431814888037
23 5 11 14 57935 0.9481995596416094
23 0 20 8 35027 1.0825818715762603
26 29 9 16 91202 1.0872689588387079
5 7 20 18 82082 1.09922921825164
26 5 4 8 92608 1.0604293469016455
0 27 7 12 60864 0.9985191679514559
22 18 25 25 36959 1.0656658215612764
25 3 12 3 45343 1.0070391815327873
27 0 9 17 97512 0.9764732339506922
12 20 1 25 62441 0.9464112412535857
29 25 0 28 93497 0.9134778988114415
2 6 22 7 86927 1.067973392969488
3 3 26 2 80224 1.0443789164979327
11 16 26 2 81350 1.0681347934340324
1 23 19 12 91251 0.9847216255174362
4 17 26 28 90410 1.0586220059482356
15 15 26 21 54416 0.9111437655974327
4 23 29 2 123215 1.0187783458726285
9 7 2 27 83614 1.0018055109271462
20 21 11 26 43047 0.9477615523252513
25 20 1 10 96913 1.0498332471082013
10 18 12 2 55997 0.9916296299283027
15 9 28 0 74745 1.0148122691708277
22 6 6 17 74994 0.9709513157502515
25 7 7 26 93295 1.0823121593983387
0 7 20 11 69725 1.0212537717490409
6 0 5 11 37797 0.9967023744966692
11 25 1 2 90108 0.905146494965598
11 24 17 18 36737 1.0694881261771862
5 25 21 11 75831 0.947494363313535
9 24 2 2 78248 1.0848680794177217
14 27 28 4 106377 1.0859863861419428
28 18 16 10 65143 1.0796121847390128
13 1 10 20 66951 0.9320910453052668
24 6 23 28 79725 1.0367706794097558
20 14 25 5 40821 1.0118891027350994
6 1 27 6 83987 1.0852214215794056
21 8 12 26 73317 1.0507261244652795
6 23 11 7 57774 0.9250477529279524
21 18 26 29 63179 0.92843891715837
24 16 1 6 98400 0.9405913787544988
3 19 21 11 66947 1.0119478695406017
18 7 4 8 63373 0.9394607197525617
2 2 3 29 98158 0.9351359012152833
2 28 13 7 91111 0.9934980773633229
24 20 5 5 90150 0.9116625306272765
0 26 7 10 63506 0.9180864265974511
29 1 14 10 71361 0.9891047580904824
26 27 3 28 80140 1.0238293879114428
20 14 15 7 46580 0.9399831960398901
27 4 26 13 32998 0.9289303570469121
10 15 11 4 43898 1.056606410850455
3 5 16 23 86390 0.9837852922163551
16 16 0 13 69828 1.0178755954648038
5 1 19 13 77701 1.0772135945625585
14 21 3 9 56287 1.0877032678109384
24 1 24 19 53287 1.0664444378694262
3 9 11 16 46994 1.0016951948838941
21 11 13 1 49448 0.9641810312631652
20 8 23 25 65516 1.0833647963658448
20 15 6 8 67551 1.0192638195626489
23 17 0 17 81767 0.9284969078130921
16 26 24 29 43335 1.0484249841584974
12 21 23 18 46405 1.0395000059106994
13 27 3 7 86899 0.9111269068850575
23 21 10 29 65021 0.9639103186672793
7 2 10 21 64597 1.0545634519872504
26 28 25 0 97284 0.985781342542811
4 2 1 15 56033 1.0908167944585614
23 24 1 6 115208 0.9366901333714373
12 6 16 29 78028 1.0167498031991116
16 15 5 6 61684 1.0384258692787598
24 18 10 2 82894 0.9889178580431185
27 26 23 15 47107 1.0962943436432513
10 7 16 22 60175 1.0282318747646855
2 18 11 16 31071 1.0096933399932428
27 1 15 24 97572 0.9482084005060261
16 19 7 27 48290 0.9840158255318847
27 25 3 21 78668 1.0175763472075665
15 23 6 19 38067 0.9095790962829813
27 27 20 20 43543 0.992897647328474
26 16 13 22 68676 0.9157263982039408
14 25 14 9 43250 1.0578582306677382
20 11 14 18 32837 0.9941643361288048
6 14 27 15 80206 0.9023436836661172
29 7 8 5 92345 0.9997208154298856
21 1 28 24 82341 1.0803558168854317
12 20 1 21 55966 1.0357533145306308
3 4 21 9 75780 0.9683640054281306
10 23 22 29 53595 0.9634583815024169
4 27 22 6 108718 0.9717904301950533
7 27 19 18 66105 1.0174852499282976
18 6 28 18 75716 1.0229480883420006
20 12 25 6 34046 0.9161533087179617
8 28 16 24 35349 1.0388394088735005
4 8 17 2 57701 0.9383638307795001
14 24 29 10 85956 0.9567977584087093
9 11 1 21 55273 1.0003931630368803
10 28 18 24 34305 0.971094531264091
25 7 27 25 68912 1.0771720401770288
6 22 16 2 81356 1.0015739887873103
4 22 25 13 96803 0.9423106101609123
12 3 24 16 73504 1.061468399519247
13 28 10 20 40767 0.9343335143259032
13 10 8 18 33753 1.0966967958981917
1 28 13 6 94929 1.0095432157815913
8 11 22 1 68338 0.986032433404147
28 15 10 18 71779 0.9666137239191578
12 14 6 26 58154 0.9636437239745264
12 14 27 21 65725 0.9371371834273199
29 24 3 11 110714 0.9409081577855686
22 23 26 0 82718 1.0513331708758866
3 15 23 29 96624 1.020868846873904
22 24 9 24 34195 0.9076526643219468
9 1 0 12 60654 1.0980780889613246
9 27 0 9 80171 0.9727595102806486
8 1 21 27 108629 1.0993679894073087
15 20 7 16 31981 1.0312369014297993
18 3 3 6 65701 0.9113845160849313
27 29 8 28 63680 0.9403629220223693
20 9 1 23 103451 1.0147314676542722
26 25 9 5 104267 1.0885319494472399
4 27 17 14 77356 0.970353096181046
9 2 18 8 53830 0.9329918762958596
5 12 5 26 47756 1.054759645956598
1 12 10 23 67433 1.099091327014564
11 2 27 13 82596 0.9857165695359288
11 27 15 3 88279 0.9321395766219885
8 1 5 19 57192 0.9101527459306809
17 0 27 21 86361 0.9185048195646509
14 0 7 3 31513 0.9359882069606641
3 12 28 14 86069 0.9492742319108154
24 13 4 1 88892 0.9930171095090349
1 0 23 17 104924 0.9939387662759964
23 3 4 1 64164 0.9968421213807415
23 29 15 27 37870 1.0517986073157775
7 28 10 11 53057 0.9304110343507205
7 0 12 27 95377 0.9713247189973784
21 5 5 12 62281 0.9000761826027998
22 26 27 8 74929 0.9324231295975532
2 8 13 15 53442 1.052035904658295
10 4 26 10 74819 1.0500032323608162
4 27 8 17 43653 1.071281132079318
11 0 5 23 83098 0.9828649047065282
9 6 8 23 60142 1.063832870481422
11 27 28 5 114745 1.0219800068286027
8 4 4 28 76035 1.0508934585319216
11 11 14 2 33646 1.092107882347427
14 24 7 10 50158 1.0215988562553515
8 8 18 18 63835 0.9728101805741769
15 17 15 5 49339 0.9818598776202198
23 2 24 22 56650 0.9255431371398787
19 7 25 29 87358 1.0141478246854079
28 16 24 25 31668 1.0981169899137484
22 29 10 22 58684 0.912612068393743
6 8 22 27 92482 0.9708763165749222
8 18 15 10 38490 1.0176078344505817
21 3 21 24 78513 0.9608694213037349
3 0 20 26 114787 0.9073793898226824
0 5 22 26 119120 1.004706609486124
6 8 9 28 66398 1.0033168323207713
0 14 15 12 57263 0.9240273069290602
21 6 17 18 55772 0.9891457682484796
8 13 0 18 38974 0.9110159446242626
21 22 12 5 79848 0.9454738747170499
5 14 23 6 70028 0.9781148723939223
16 20 8 15 42658 0.9571187174056756
12 9 15 29 67307 1.0566360131668233
6 17 24 13 70168 1.0625097819636595
9 28 3 18 46367 0.9868652780938374
12 1 19 13 60485 1.0259199706180775
5 1 0 24 87331 1.036653013564253
11 22 4 3 74767 0.9342144180209593
9 18 29 18 73176 0.996877937840408
4 5 2 13 38308 1.0785297464055927
24 20 4 26 81787 1.0597206083447288
17 20 22 26 37869 1.016092240333775
1 22 15 29 67562 0.9474257368128625
11 22 20 21 30332 0.9954560528911163
28 10 10 12 60371 0.9042012683209303
27 2 1 23 131898 0.9048506299570863
13 4 27 20 88580 0.9835603188339073
27 24 6 22 67055 1.0830640842650034
2 1 16 4 50129 0.9369343430174065
3 11 27 20 95302 0.9569686043214605
16 5 27 14 67360 1.051879426036367
29 2 11 19 92125 1.0372521701217858
18 25 12 18 33368 1.0027941084963097
17 7 28 5 57035 0.9387616322030063
9 4 2 21 69408 1.0608217091304892
23 6 21 21 52187 0.9266934071770894
26 24 16 19 59583 1.060256697861616
22 3 12 13 60779 0.9140749278421058
17 20 15 4 68027 0.9270829313593034
13 18 23 18 47244 0.9420533711631994
19 17 9 0 93835 0.9409305293493528
25 26 5 8 101185 0.971196309764127
29 10 17 29 104808 1.0745117062076448
25 11 10 8 51653 1.0853460282131693
14 19 16 11 24272 1.073718673086357
5 29 1 0 104170 1.0724276897437939
7 29 21 24 54307 1.0024957557333305
2 24 14 5 89598 0.9701274528090384
24 21 8 2 94518 0.9328527794824132
19 4 28 3 34909 0.9788044018359374
13 5 15 26 64779 1.060896476606391
6 29 17 9 79433 0.9404641234609586
12 6 0 4 60138 1.0000919822054402
14 15 28 16 65712 1.0217851170945993
4 18 21 21 52421 1.0291665500919032
0 13 6 28 65223 0.924471685855878
23 25 1 20 84020 1.0349550671596146
14 10 23 13 29085 1.0473235851254488
24 24 27 7 67243 1.0712780959097676
25 5 14 3 40952 0.9595292220241296
25 9 13 26 81180 0.9506343440561754
27 4 1 23 132323 1.0340893096850314
12 3 17 12 44566 0.9931145744279037
24 12 8 24 76473 1.0658100140055218
27 6 21 20 66645 1.082860061755441
24 22 2 7 104531 0.9333258756301137
13 14 28 3 69354 1.0014432243293037
11 16 6 25 40636 1.0816173550293378
29 27 1 1 146650 0.9460947076807781
29 12 9 3 93298 1.001137793290108
17 6 17 18 54295 0.9582226440324603
25 16 11 29 93317 0.9311258628391965
0 6 25 27 133020 0.9618271834937477
15 26 7 18 39442 1.0317839919514367
0 6 27 4 105363 1.001751343675622
29 5 6 0 92634 0.9308967951453272
23 2 7 21 83703 1.0467184163921428
26 2 11 6 66921 1.0405947411730625
23 3 23 20 45850 0.9510480481769304
0 5 18 24 102379 1.0649129549298335
21 10 5 11 44607 0.9912075982091597
25 26 29 11 67793 0.9954165059814903
19 4 4 5 64220 1.0484459007955822
18 7 23 25 75565 0.9155442184846763
23 23 10 2 103749 0.9793892947178795
9 21 11 2 72874 0.9670561575141919
8 14 2 19 35042 1.059302225296038
8 7 18 20 68274 0.9247590742496408
25 2 10 10 65659 0.905307884893287
18 7 24 29 89025 0.9638170264738695
1 4 11 2 39402 0.9413061855639847
29 25 7 2 115758 0.9905916784954614
15 9 27 16 61398 1.0946280994113011
15 29 22 26 35682 1.0068366377686229
7 19 25 4 85090 1.0991324310488588
21 21 17 4 81657 1.066371518477398
10 18 29 19 66913 1.0321682431773993
13 1 22 6 47338 0.9855261526218186
1 7 0 26 73169 1.0376448341669402
17 24 6 27 39890 0.9210724881080085
23 24 16 3 88004 0.968884480593253
22 15 17 0 63615 0.9088226215905694
14 21 25 16 59248 1.0315066059438085
21 8 10 8 44384 0.9201045439641397
12 17 17 3 65546 0.9692149726559033
15 9 20 2 47318 0.9188165368355752
14 7 0 6 63885 0.9430411218217418
3 8 23 18 78943 0.9235488577217309
4 19 8 8 43879 0.9585390475335356
4 3 0 18 65183 0.9921578070652288
19 3 10 22 88364 0.955356857349496
15 19 2 8 64854 1.0247339801298234
27 14 9 2 88926 1.0964133512655532
11 1 13 24 76162 1.0611847074132728
3 10 24 18 75766 1.0974542279523
16 4 24 1 35373 1.0814565993484604
25 22 9 0 109794 1.0938540092507245
18 28 17 14 61387 0.931979415714436
16 22 28 15 55973 0.9189370146079753
0 13 19 28 90340 1.0899085349246609
27 26 28 9 63545 0.9310973855237447
15 26 16 1 81643 0.9784276280961512
11 13 25 16 63760 1.0472069797276156
8 5 19 28 90145 1.072986640193836
14 20 11 11 31312 1.0743512173922665
4 4 20 10 73078 0.9085123058315323
3 15 22 2 94310 1.0156411953325133
22 19 27 28 47132 1.0808214475155808
1 26 3 17 42567 1.059776152099703
12 23 19 15 62313 1.0496257261603872
5 9 21 10 50105 1.011148753190799
15 20 0 1 93905 0.9106988910202675
27 5 2 28 133985 1.02978076075958
16 19 24 21 37909 1.0866093806992898
17 8 0 6 78734 1.0335967350917021
13 23 26 28 54471 0.9279781573273942
7 14 15 5 47814 0.9941302207900793
20 8 28 11 40576 0.9924834758947653
25 14 15 29 85356 1.0988521397294535
13 12 27 5 61653 0.970607955109259
23 9 5 29 96248 1.0033931955430535
9 11 16 14 32269 0.9141056704418287
3 28 16 13 80365 0.9116445727764846
9 7 1 13 44916 1.011744910356239
11 27 27 0 117737 0.9044228161789817
23 18 14 15 50307 1.0275250551766235
13 3 19 25 78094 1.0049405533111464
23 6 26 20 53828 0.9822560849833606
8 28 0 15 59149 0.9725088417390813
28 8 28 22 52383 1.0166719642275734
24 11 10 6 52942 1.0342574051806908
10 6 25 6 69874 1.0814428131932348
21 13 29 11 37496 0.9909894128957016
14 11 14 0 38891 0.950430981060081
11 10 11 23 46852 1.0308917894329324
13 0 17 13 52010 1.009790097478176
1 22 3 2 85778 1.0717084082588233
24 6 27 24 69060 0.9064474050525111
4 10 19 26 81036 0.951988204803248
8 2 20 20 87861 1.0885859510390417
20 12 6 14 49380 0.9534595415617583
19 7 24 13 34230 0.9868114569401901
22 2 0 29 131003 0.904537125484149
29 12 27 0 49768 0.9117857847553722
4 13 17 26 71457 1.0065454797457474
27 16 5 1 107875 1.0668425675787132
8 28 27 23 69535 1.0457352442497643
1 29 16 6 107682 0.9929224566590096
6 13 16 17 48751 1.0684804695100751
5 11 13 2 48687 1.0024011859240065
16 5 20 14 51554 1.0045076746587305
27 12 18 4 59731 0.9651419032400941
2 3 15 28 105261 0.9617409968888858
3 28 22 0 123862 0.905083942947681
25 20 3 14 86060 0.9456147571574153
25 14 2 15 86254 1.0897226781563343
5 21 25 13 87306 0.9271108475654698
22 5 7 14 63258 0.9642528112045441
23 8 7 25 79062 0.9952681427741384
22 0 18 16 65477 1.0577155822525142
23 23 12 11 69789 0.9917125985710546
18 12 24 27 71757 1.055608450026048
29 17 13 15 76717 1.0285877897148747
11 18 22 2 74179 0.9817283730358173
21 3 21 16 40607 1.0357864108359758
5 0 26 26 125994 0.9961085236581293
19 25 10 17 45271 0.912596132694876
5 8 15 8 48897 0.9736993733789986
0 6 23 18 96338 0.986433436349157
10 19 2 26 54483 1.0051319253344007
15 25 22 18 47560 1.0399633754536581
9 12 28 5 79995 0.9813182604026858
9 12 22 5 57970 1.0414620317653538
8 21 4 14 34268 0.9692220150061059
24 28 11 17 68379 0.9951261332276319
27 14 2 0 111212 0.9675025683021521
11 10 22 3 54950 1.0056313615720018
8 14 21 10 46006 1.01777580028877
5 6 16 21 64682 0.9971463016258895
29 14 16 2 80984 1.0639227234592643
24 15 0 2 100339 1.018962895424163
29 16 10 19 79780 0.9009982177997881
3 1 27 16 114541 1.050255867459668
9 18 24 3 73095 1.0984450648895792
4 24 27 0 122580 1.0132871344604144
17 19 8 11 48853 1.047612923983998
4 25 16 2 96118 0.9175855228275989
10 14 9 1 53511 1.0075970102536551
1 13 29 7 104088 0.9865664349161527
9 20 13 8 48333 0.9443596962082556
18 6 5 19 77224 1.0160323001087934
19 12 10 29 78770 0.9294061671689708
24 20 4 0 107542 1.0519397514387898
26 4 9 15 88525 1.0043055475605593
24 26 29 5 87921 1.0968489897900595
12 23 9 13 53975 0.9143629301747099
28 12 20 4 57565 1.093281406791651
13 24 29 3 97139 1.0357613709833897
19 11 29 22 57955 0.9396540501327041
8 17 6 7 33453 0.9634900515640461
21 23 19 13 54754 0.9546406136831498
14 1 22 22 90988 1.0242596956311694
3 2 14 1 35887 1.0914131570529324
28 8 10 29 116163 1.0736885576414703
22 24 23 2 70980 0.9122087998647691
19 12 3 5 68628 0.938173166949412
0 8 29 2 114004 0.9594893415101309
29 28 14 0 127865 1.0432786628081316
19 9 28 12 44256 0.9090395766400658
11 15 21 26 59196 0.9154719641185307
20 8 1 23 106141 1.0585005126244507
6 23 2 7 67032 1.0993486349755308
18 6 4 6 67014 0.9843291979988955
8 24 22 2 97376 0.9446626508298578
5 23 28 12 101762 0.9708150838502679
8 20 26 26 72217 0.9985068782168727
28 16 3 11 92103 0.9540932233414674
24 2 6 13 78934 1.0644963527657945
28 22 2 26 94167 1.0274373110753785
17 20 12 3 69885 1.0957306909028404
17 7 2 11 60058 1.0409586037051477
29 13 9 17 87303 0.9361870450263887
19 18 14 29 54486 1.0286984690209167
28 5 1 28 140895 0.9028001158259437
15 1 5 25 93033 0.9710714294554266
19 5 7 5 48989 0.9768774833397122
8 28 0 26 28798 0.9209338435899301
24 17 3 28 101270 0.9735780851047431
13 21 22 15 56161 1.0939275743092125
21 17 12 12 48483 0.9850770530302444
13 24 27 26 41946 1.0029840585976264
27 25 21 12 58141 0.9031044794094911
20 17 17 1 79445 0.9817807173934588
17 19 0 10 71253 0.9027409978747771
11 3 7 12 38799 0.9056019950972081
10 21 13 14 30697 0.9735664601078922
28 13 16 9 56349 1.0795159495878073
16 2 6 17 67331 0.9420119938269989
27 5 0 14 105937 1.0289364708329587
29 5 2 26 140660 0.9021187637778234
22 0 17 14 58879 1.0502324183821659
5 24 14 15 41510 0.9573969768547247
13 7 23 28 87851 0.90440675222269
0 21 17 24 61129 0.9706239193395049
26 16 14 13 60239 0.9181344971967933
25 18 20 7 46506 0.9562802660624566
14 27 26 19 64551 1.0616553223979055
10 12 29 23 89072 0.9803383666503476
26 10 10 15 68823 1.080978374830662
17 6 16 16 52142 0.9300822841186961
9 15 23 16 65316 1.0866027184126357
6 16 8 24 25438 1.0777990230781234
27 25 3 21 78668 0.9724108126921996
17 2 28 6 54745 0.9324191122347301
8 20 21 3 83935 0.9800339186397846
12 22 7 7 54460 1.0282042974538683
0 23 17 21 64889 1.0994149091558527
23 26 20 6 78016 1.0929853524908073
4 22 29 4 125684 0.9437094635470824
25 17 22 10 34470 0.9144463421157697
24 27 0 17 91278 1.0698411484619346
19 14 5 19 56175 1.0934208176755937
9 22 7 4 56307 1.0242911572257665
20 19 11 26 48961 1.054682658135341
1 18 10 23 45362 1.086203069845769
19 0 27 25 91621 1.0989311126780805
23 23 29 0 91666 0.9493481773988782
2 12 16 15 61647 0.9419242760984917
13 5 3 11 48138 0.9988571169821142
7 15 23 18 65695 0.9182841526910012
22 27 20 15 55460 1.0302485848784697
26 19 22 3 56955 1.058651577360357
5 26 14 7 77736 1.0625508495278833
0 0 10 27 111067 1.0325919098369218
12 20 3 12 54249 1.0467079978531566
9 8 26 20 86896 1.0221305250678279
24 29 13 3 107883 0.9999236402425578
23 1 10 10 60608 1.0140596084718496
18 15 14 9 39572 1.0088280810865848
13 29 29 3 114735 0.909901105417548
27 13 27 2 37030 0.9798062408016458
28 25 24 6 71878 0.920340192813032
25 24 12 8 84963 1.0987670280682944
11 20 18 16 44281 1.0277881111521305
3 23 1 11 56819 1.0575069779048867
18 22 3 21 60869 0.9023087038547344
2 7 18 24 88779 0.9772293893555626
6 14 25 20 79048 1.0890278624971501
4 21 15 1 89571 1.0130850465112464
1 25 6 20 36193 1.0857228098289753
28 12 18 29 89928 0.987451662412039
11 12 26 27 88114 1.0308199945157417
18 5 26 12 51389 1.0395953054674907
8 19 12 2 64927 1.0529511929246484
29 26 11 7 98192 1.079270891790021
12 29 6 21 39809 1.0080759908683437
10 4 18 25 81973 1.0528940442065924
24 23 11 18 50883 1.0993147060689483
18 21 27 26 43482 1.0293778713845139
2 29 24 11 101953 0.9938621822332471
3 19 10 5 60580 1.0929952430922385
3 25 11 23 36010 1.0188624792566507
16 13 7 14 39919 0.9409377465609354
4 20 14 23 45997 0.9018900073661166
9 28 25 23 66658 0.9002359462981537
11 23 14 3 71435 0.9764597050797758
15 22 18 12 45203 0.9005268666156894
13 13 1 4 65969 0.9944293832294051
25 5 1 18 94044 1.035182914603166
26 2 10 17 86384 1.0351253433306082
12 0 3 6 54740 0.9642052666533062
5 14 20 3 79242 0.926530493774674
29 8 23 28 93024 0.9060738207014111
9 15 18 28 64230 0.9178390830989374
17 11 3 23 72565 0.9465632649869278
1 14 26 21 87029 1.0975664104823517
1 3 12 6 57543 1.0088213205612186
14 20 21 23 36067 0.9083648572474793
0 25 19 1 122506 0.9569252497816214
4 14 25 4 87939 0.9990360478039054
6 14 23 27 84281 1.0267775665156251
2 10 12 14 47006 0.9688295805405617
19 26 22 6 81010 1.0293875631810703
29 0 11 7 84494 1.0523149031057875
4 8 22 2 85086 0.9132157392079325
15 3 23 14 54806 1.0920236098986036
10 6 20 2 45985 1.0012519770051909
16 23 27 2 99482 0.9683556636877588
6 13 22 26 76590 0.9934328505258887
14 21 4 7 59931 0.9298448657471716
21 0 26 8 37897 1.0295729717300204
16 24 13 7 53965 0.9262629899429384
28 11 16 24 82780 0.9553505302532143
19 2 4 12 71630 1.0604359101480578
0 6 15 21 80399 1.0756085770618207
11 4 20 23 83543 1.005286449427004
10 24 15 2 76148 1.025198750234282
20 21 5 29 67246 0.9588868069627033
2 1 23 25 118343 0.9945727564179155
4 11 27 11 68517 0.9749199304700699
21 25 12 8 72138 1.0144307706845874
18 6 4 28 106363 0.9845826777624654
16 8 6 7 46641 1.0442960918073338
19 10 1 23 92188 0.9185124612643087
22 22 3 1 112516 0.9422112738440415
4 17 10 6 49897 0.9753496105596431
10 20 21 25 45906 1.024845773178589
11 8 15 14 28989 0.946222887427967
2 8 26 24 114509 1.0670647927941213
7 17 15 29 49964 0.9263077037046104
15 18 8 15 28860 1.0813290403570588
24 19 2 12 82678 1.053531999116406
9 14 4 22 47893 0.9241040612338732
9 6 16 24 71144 0.9809954130235894
27 8 14 25 84684 1.0481530638447678
16 15 5 7 59607 0.9568330177175133
25 2 29 27 97290 1.0683613718875102
22 17 14 9 49019 0.913782349212441
21 28 2 17 80134 0.9858446292050761
18 4 1 27 125675 1.0571641468913824
17 17 7 9 55606 1.0086769571415934
4 16 25 16 86037 0.9266433156479764
22 20 24 29 42465 1.0470835519576385
11 4 3 21 78214 0.9966787073327562
26 24 4 1 125557 0.9469245476983386
28 22 0 1 134242 1.057204396013114
11 8 4 24 62566 1.0421620308793789
17 1 18 18 85793 1.012381454284962
11 5 8 29 80417 0.9702564400542915
1 19 15 4 84342 0.9425244414891374
28 8 24 14 37003 1.085588190076377
23 25 7 24 43804 0.99188427296946
17 6 12 12 38199 1.072394231219386
21 26 20 9 73536 1.069513123283261
14 8 22 14 41765 1.0090905796174028
4 0 17 17 92565 0.9088366420409323
12 1 12 11 37228 0.9153165494986817
16 23 5 28 49825 0.9485211659566462
27 29 19 13 81972 0.9320307616452581
23 20 10 7 68497 0.9157952436760276
7 5 21 16 67194 0.9720399947530989
23 6 11 26 85004 0.9937904197688864
10 2 19 13 62905 0.9473621109706202
1 17 17 6 78199 0.9217785610867001
0 10 16 20 72480 1.0650466851144023
10 19 26 27 73498 1.007317858623895
7 3 7 25 57169 0.9983072060149208
27 22 9 28 69875 1.01472015624031
8 9 20 17 66806 1.0983048308345171
16 22 7 20 39234 1.051118311321874
1 2 2 28 100167 0.9227857325352845
27 11 28 1 40702 0.9548224403043271
8 27 9 11 54468 1.0702893633783972
8 14 25 20 80404 0.9071388911555119
26 17 18 19 45060 0.9086128846157496
3 22 26 7 108747 0.905200938476456
17 16 4 11 58415 1.0353855575308484
14 10 7 2 47229 1.0908965793104164
19 23 15 0 89739 1.0434984405323244
2 19 9 4 60706 0.9082058770504132
26 25 1 1 129188 0.9536385640810233
8 21 2 27 46691 0.9625407977199725
5 24 18 5 92530 1.0152276097918935
2 14 26 5 96233 0.9030997693320476
27 17 18 27 62168 0.9380720266832114
21 14 13 12 31823 0.9263860116538317
4 29 6 17 45369 0.9941653946628894
28 7 12 24 91777 0.9138587482415677
1 8 20 26 102507 0.9330443110223315
29 14 7 8 79722 0.9129190378341968
0 11 10 16 44037 1.016808914237942
18 17 24 1 72133 0.9625952845351662
28 14 9 13 74759 1.0660857208218764
26 9 3 25 109945 0.9843243575928334
7 8 21 3 63208 1.0396767840032486
1 4 17 25 104292 0.9953513160604625
0 1 19 27 124994 0.9789620254859475
7 7 19 9 50960 0.9382065868728632
20 2 12 11 50816 1.038768647255522
3 13 12 16 48842 0.9065598682009135
26 1 23 14 46411 1.0921053309369064
28 8 27 18 38747 0.918760350858273
1 20 13 6 73742 1.0297596173325945
5 14 28 14 85092 1.037018834190087
15 4 20 29 97767 0.9457407811227234
26 0 4 5 88593 1.0800239005998096
26 28 15 24 45196 0.9176316035572902
