7299 8239 8381 7942 7356 8717 8336 6971 7461 8082 7224 7663 7869 8863 7947 4284 3801 4739 3177 4399 3480 3493 3431 4749 3569 3724 4095 4794 4510
6474 7144 7841 8082 7570 6846 7087 6522 6812 8112 8451 6652 8383 8235 7784 8325 8369 7952 8289 7180 8223 6649 7572 6887 7837 7594 6762 6134 6463
3621 3958 4320 3897 5368 3922 4891 4382 5641 5065 5071 4771 6018 5882 5861 5664 5829 5542 5553 5729 4334 5340 5920 6173 4641 5478 5355 4618 4741
3848 4712 3657 5100 4443 4965 3142 3956 5045 4907 3587 3212 3849 5081 4077 3159 3900 4292 3525 3304 4462 7292 7091 6760 6823 7319 6254 6480 6006
5322 6240 6463 4798 6619 5048 6381 4799 5170 5183 5142 5488 6123 6530 4944 3423 5262 4798 3966 4537 4184 3694 3271 4739 4791 4690 4936 3311 3900
3766 3547 3670 2372 3242 2268 2702 2804 3351 2308 2493 2244 2335 3768 3129 2719 3606 2167 2788 2641 2007 2029 3253 3515 6372 6710 6375 5838 6986
3666 4097 3766 3111 4120 3152 3164 4557 3495 3559 1695 2921 2173 2541 1218 2374 2819 3081 2148 2111 2269 1496 1395 1958 1690 1992 2550 1325 2794
5642 3973 4590 4930 5099 4894 5453 4278 4838 5394 5311 5720 4104 5838 3960 5256 4933 4537 5200 5404 4656 6169 5133 4876 5400 5896 5266 4502 4597
1570 1803 2038 2329 1581 1903 2997 2749 3025 1087 2710 2456 2714 1386 2467 2620 2155 2129 2679 2806 2871 2729 1522 1322 2279 2260 6868 8122 6874
7217 7527 6143 7664 6595 3185 2732 3211 2099 2444 2835 2808 1372 2911 1451 2055 2222 1759 3176 2880 2520 1299 1382 1300 2190 1703 1732 2883 2497
4307 3245 3748 3274 2848 3685 4147 4175 4478 3011 3657 2760 4460 4348 4294 3583 4577 2962 4156 4197 4611 3914 2945 4385 4308 3564 3518 3129 4282
6215 5715 6162 6269 4599 5680 4633 6386 5913 6391 6379 5853 5772 4719 6087 5627 4563 6293 5546 5859 4955 5142 5418 5085 5373 4623 6330 5881 4998
3750 4600 3809 2995 4194 4164 3345 4732 2899 3958 3918 4131 4474 4535 4350 2853 4343 4016 3709 4409 3155 4034 3288 4792 3278 3510 2917 5754 5116
7979 8321 8178 7366 6564 7056 8064 8242 6682 7964 7101 6498 7085 7910 6648 8174 6793 6649 7480 7364 7047 8001 7020 7082 7426 7776 8390 7336 8105
1462 2270 2790 3104 2713 1761 1927 2606 2070 2942 1973 2536 1212 2766 2835 2658 1423 2119 1172 2027 2938 3583 4206 4497 3228 3992 3830 4024 2880
1958 1642 2678 1230 2235 2442 2403 2412 2645 1928 1662 1883 6030 5538 6891 5893 6168 6805 6306 6338 6774 6692 5556 6697 5572 6321 6170 6013 6237
3343 3449 3682 3351 4892 3579 4604 5092 3884 4534 4727 4378 4351 4751 3290 4896 3652 3321 4175 4244 3854 3613 3616 5109 5155 3459 3454 7120 8106
4277 5066 5634 5546 1746 3461 1918 1621 2857 3160 2966 3061 3478 2929 1617 1730 2717 2899 2923 2051 2937 2984 2141 3496 3347 3323 3252 3151 2955
6485 6278 4770 4662 5510 5106 5128 5832 5167 4630 5635 4660 5998 6022 4716 5958 5760 5803 5016 5563 6109 5656 6345 2122 1716 2041 1882 2782 3170
2664 3283 2265 2546 2406 3661 2103 1912 3578 2468 2446 3468 2800 3627 1890 2729 2355 7276 6661 6569 7216 6371 6148 7059 6859 7512 7683 7695 6316
5565 5719 5817 7008 5389 7034 6257 5681 6935 6987 6410 6913 6817 7126 6144 6077 5623 5796 5906 5485 6583 6752 5758 6257 6168 5202 6622 3131 1868
5248 5250 4727 5132 5721 4900 5722 5568 5220 5585 2583 3440 2397 2799 3382 3735 3646 2300 2503 3296 3051 2714 3209 2690 3103 3126 2383 3919 3809
1931 2161 3750 3370 2489 3363 1984 3588 3574 2616 2423 3519 3402 2925 3702 1971 3387 3791 3474 3842 3504 3998 3250 3052 3293 3072 3403 4607 3481
4984 3500 4391 3600 3570 3896 4802 3210 4480 4159 4649 4608 4770 3244 3124 4152 3036 3507 4242 4852 5819 4265 5285 6131 5642 5337 4403 4772 5009
2767 2999 2747 1922 3300 2662 2806 3191 2916 1694 1875 2971 1597 6169 6332 6438 7163 6554 7092 5886 6514 5947 7112 5901 5877 6789 6838 6361 7807
3193 3990 3804 7717 7939 7782 7838 6672 6601 8071 7277 6436 7965 7299 7095 6489 7953 7086 6231 6380 7634 6447 6570 6439 7059 7786 7015 7161 7688
4573 3649 4314 5269 4759 3640 3746 4105 4111 4368 5003 4268 4044 3830 5208 4428 4258 4891 4367 4884 4559 5425 5180 4941 3663 4602 3876 4719 3854
3327 3886 3018 3392 4560 4098 3811 3781 3185 4537 3774 4832 3619 3327 3891 4604 4712 3788 2998 3863 4683 3827 4847 4221 3957 4545 3536 4673 3329
4289 5107 4316 5966 4620 4922 4145 5466 4307 4801 5150 4397 4011 5843 4163 3728 4007 2277 3111 3771 2100 2915 2903 2779 3293 2342 2425 2654 3412
6279 6943 6404 7091 6730 7419 7179 7384 6060 6838 7535 5767 6125 7214 6539 6749 6906 8370 8053 7302 8188 8071 6568 8352 8054 6923 6788 7282 7367
4340 4120 5248 1945 5319 1435 7199 3801 6090 6439 2429 4052 2730 7437 4309 3587 7281 2961 6685 6140 4501 6273 3144 3203 7407 6334 5271 2053 5122 1600
4118 3662 4128 2857 4958 1522 8908 3379 5751 6974 2186 3884 3826 6108 3201 2652 7702 3353 5798 4647 4443 5729 3329 3702 8703 6640 6364 6161 4184 1071
5019 4222 5484 1714 5263 2322 8876 4075 5652 7390 1189 3031 3445 5746 4843 3205 6876 3454 5678 5202 5760 5866 2989 4064 7947 5846 6928 6703 3464 1440
3284 3813 4995 1570 6769 2188 7794 3713 6542 5627 1552 3749 3634 6221 4374 4327 7012 4118 7409 4955 4931 4643 3423 3349 8062 6725 6880 6334 3200 2553
3813 3535 5350 2451 5283 1239 8244 2929 6578 6842 1929 3745 2399 5914 3068 3379 7178 3587 6349 3774 5347 5741 1725 3296 7040 6469 6100 5634 3015 1827
4786 4212 4090 3017 5493 1719 7886 4730 6057 7314 1902 3169 3160 6579 3537 3346 6294 3484 5842 4861 4584 5122 3113 3791 7505 5457 5387 5317 4511 1888
3593 5003 4999 2614 6744 1747 8904 2944 6653 7147 1992 4433 2483 5989 3106 3572 6850 2827 5801 5206 5567 4780 3069 4234 7686 6262 5961 7045 3064 2843
5506 4875 4124 3352 5851 1241 7787 2859 5437 6813 2541 3563 3470 6801 4952 3460 7763 3679 7479 3517 3979 4098 2425 4978 7805 6016 6433 6614 4136 2851
5911 4974 5174 2117 5832 1586 8749 3648 6275 7497 2657 4732 3395 6760 4882 2951 7890 5857 6885 5346 5206 4409 3643 4203 8027 5697 6864 6858 4370 1441
4947 5733 4781 3490 5117 2390 7415 3124 6517 6184 1190 2887 3406 6078 3768 2490 6313 5980 6394 4354 5367 3886 3433 4840 7508 6250 5709 7021 3940 2310
5268 5716 4443 1834 5712 1719 8901 4064 6991 6695 2679 4776 3632 6819 4657 2364 6380 6553 6653 4167 5372 4306 1796 5058 8599 6084 5898 6748 4436 2859
5036 6040 5720 2315 4806 2053 7961 4224 6694 6329 1680 4470 2881 6166 5014 2712 7169 6674 7810 3834 3881 4398 3422 5639 8362 6925 6646 6082 2963 2615
5037 6679 6014 3074 6341 3049 7683 4602 5915 5007 2660 3599 3713 6280 4425 2759 6621 6513 6417 4023 4142 3259 2180 5069 7435 5429 5551 6169 3438 2117
5225 5963 6128 2463 6528 2617 8407 4382 5542 5865 2014 4228 2440 6802 4556 2882 6356 5549 6777 3560 4987 4978 2910 4304 5453 6951 5363 5809 4415 2593
5607 7174 4816 1670 5833 3061 8120 2987 7065 4588 2198 3765 3993 3449 2163 3771 7669 6121 6787 4499 2860 3325 2053 4355 5923 5402 5442 6890 4130 1762
5177 7168 4863 1811 3040 2047 7751 2866 6213 6037 1583 3532 2553 2856 2168 3979 6202 6607 7588 3579 2369 4743 1738 5935 5789 4652 7185 6503 3985 2374
5106 6947 6153 3062 2756 1275 7856 4133 6089 5552 1343 4312 2451 3680 2070 3441 7624 7397 7613 3484 3976 4661 1957 5630 6534 3780 6620 6322 4199 2920
4792 6662 6129 6583 2143 7835 8424 4452 5450 4867 2408 2795 4120 3730 3330 3670 7336 6272 6988 5276 2223 3600 3430 5856 6513 5149 6497 5319 4268 2239
4906 7153 4487 6984 1412 7245 8343 4354 6739 5096 7376 3543 4216 3024 1607 3818 7372 6085 6662 3676 2843 4142 3626 5383 5089 5401 5537 6820 4279 2016
4785 5457 5830 6820 2264 7255 5947 3506 5177 4996 7524 4093 3038 3618 2311 3972 6331 6916 6921 4572 2762 4127 3880 5324 6536 3897 5435 6885 4924 2784
5837 7020 5156 7562 1569 6703 7157 4213 6927 5688 6543 4084 2661 2818 1656 3574 6492 5990 6598 5116 4002 4699 3909 4330 6318 4963 6259 6349 2946 2088
6125 5566 5460 5820 1775 6996 6261 3290 2045 6128 7576 4423 3910 3770 2540 2815 7303 6284 6675 5207 4207 5005 4833 4313 5526 3908 6386 6127 4536 1853
4790 6234 6265 6166 2866 7910 6158 8547 3285 5015 6747 4308 2923 3592 2396 2926 7233 7261 6519 4385 3859 4574 4339 5328 5951 4269 6713 6747 4368 1966
5225 7228 6289 5889 1380 6711 6163 8570 1918 5858 7933 3452 2012 2546 2668 3700 7030 5795 6456 4074 4133 3273 3600 4715 5457 4989 4190 5528 4872 2768
4506 6378 5615 6952 2830 7930 5444 8061 2124 4415 6816 4525 2776 2894 1727 3804 7097 6136 7184 3586 3689 4346 4717 6037 5070 5340 2562 7065 3910 2045
5998 5829 5983 5846 1938 8196 6202 8444 2809 5684 7721 3794 2234 3576 1693 3697 6206 7154 6882 3597 3086 4773 4752 5471 4640 4508 4106 7021 4715 1293
5386 6697 4871 6691 2246 7347 5547 8616 1772 5570 6889 3173 2910 3603 3136 3432 6573 5825 7846 4550 4217 4567 4019 5084 5705 5474 3985 6433 3727 5466
4587 5655 5349 6752 2843 8586 6183 7497 1772 5483 7741 5038 3423 1907 1860 3416 7076 7115 7881 4795 3732 4513 4649 4687 4853 4196 2886 7220 3776 5693
5429 6017 4704 7582 2941 7932 6497 6865 3502 4708 7253 5397 1933 2565 2798 4276 6680 5751 7512 3958 4019 4189 4593 5074 5263 3908 2493 5543 4326 4534
6 16 23 14 48640 1.0291460554616396
4 12 7 3 31814 0.9054637845070528
18 14 21 22 30201 0.9056070148220213
7 13 18 2 56291 1.0993148101727044
20 19 0 13 87269 1.0134565320821793
29 10 13 7 65897 0.9003072875931108
9 15 12 25 35920 1.080544043842334
17 16 15 28 43405 1.077881718948566
22 10 6 24 74557 0.9386565367028484
23 7 20 21 53519 0.9180279606123777
10 25 27 16 78661 1.0717324735134364
29 27 4 3 122582 1.0311383213079826
8 28 29 11 93923 1.0751772801439434
9 29 28 16 84536 0.9153248869512208
21 20 3 9 68358 1.0297264035454055
17 15 28 25 61588 1.0805742230220161
10 19 18 15 37479 0.9126430963538997
8 4 19 29 80779 0.9457238268102623
12 4 15 17 42690 0.970949102961333
18 22 11 14 39538 0.9042861265603696
22 2 20 13 39801 1.0601263524275923
21 14 15 4 37925 1.0764910276983062
8 14 23 23 67674 0.916710597307236
0 18 25 7 101850 0.9696859426191567
19 18 12 28 57962 1.0200376897065144
22 28 8 0 98725 0.9412196569059639
27 23 9 6 94183 1.0227662007646385
8 19 7 10 23857 0.9415559449119859
28 15 11 7 64462 0.9101276710769711
4 25 27 1 111043 0.9568778021289372
14 12 10 24 40371 1.0816655674067082
13 29 27 26 44491 1.0739575268647488
28 26 22 15 54201 1.045855039754487
21 27 23 12 50928 0.9524883953656086
0 6 5 20 58746 0.980945111699083
8 20 24 12 59010 0.9136658866901946
18 26 15 17 37584 0.9706150005391078
9 0 28 21 102842 1.031725360164319
16 19 23 13 32454 1.0875330623282635
2 13 26 24 114003 1.0274000384333992
18 8 0 6 54377 1.0052535462106122
20 23 18 15 38605 1.0673068025181855
17 7 29 11 53997 1.0915223188499625
29 20 1 0 121602 0.9709088613966337
3 15 4 26 44879 0.9583719973550796
12 1 18 11 39598 0.9555745189968351
3 15 23 17 67630 0.9488664315525247
14 9 18 2 28068 0.9351547425920761
23 4 13 18 55424 1.0323278814456482
6 28 11 8 60616 0.939935898659026
10 19 12 4 48970 1.0083953151579144
9 9 19 20 46558 0.9244323618347959
25 15 15 10 39424 1.09396489549176
7 10 12 2 31777 0.9375771321236599
3 17 14 4 58362 1.0560655120433158
3 5 26 19 90743 0.921999523405857
17 2 5 10 47315 1.0257579217185304
6 9 15 0 43574 0.9073285256455751
28 5 29 23 75488 0.9212851299439268
5 2 14 11 40605 0.9654187173806995
8 5 27 23 98115 1.088279380434718
7 25 27 20 75213 0.9516145986279145
14 16 18 5 39165 1.0799866691390747
3 14 12 1 58497 0.9617433202659228
2 7 15 9 42621 0.9218301657603408
13 25 29 5 98157 1.074427744091027
29 28 10 2 117073 1.0192911811649368
29 24 15 18 70133 0.9179084980601238
29 26 4 13 109021 1.0804091064585861
20 3 23 25 81768 0.9288753479296601
4 9 17 8 37568 0.963146702518571
25 19 0 9 91131 1.0177713064533607
26 23 19 12 62442 1.0527360963400683
9 23 25 16 70693 0.9709474923824151
19 14 1 27 85489 0.9629175990698753
27 12 23 22 48304 1.0849788960077922
18 6 5 18 61147 0.9485734999547398
20 5 7 9 49626 0.935358051716221
19 11 12 3 34732 0.9019659677925141
14 29 8 9 57213 1.0814456408012814
27 24 19 28 43097 1.026321548835612
23 21 28 1 80499 0.9787913984163619
11 20 27 3 76642 1.0073248647616067
19 19 27 7 57143 1.0926725145175085
17 5 5 2 33788 0.9680691857272474
3 29 0 11 65229 0.9139073212539288
19 18 23 6 49926 1.0882510367796463
9 25 26 24 68131 0.9487823877899202
29 13 10 26 81501 0.9212341245975368
14 4 15 14 24669 0.9370580769267642
1 11 14 1 55123 1.0408472433827853
1 4 7 22 60091 1.0245994166491488
23 1 3 5 53197 1.0908458565556878
11 18 29 6 88839 1.0557509117443924
0 24 18 22 57959 0.946942866199592
23 28 7 19 66094 1.0156400223754354
24 22 0 17 88305 0.934712780243039
28 14 3 18 77080 0.9183810140980999
21 18 20 29 34808 1.0004177285529643
10 1 19 5 31336 1.0441638295949365
15 16 3 27 70679 0.9226725407202575
16 3 23 17 56214 0.9471151049743272
10 4 27 5 45398 1.067351745973476
9 24 28 5 87175 0.9529568904309269
16 29 7 14 56598 0.9318645621437097
14 4 1 25 91254 0.9388267996827238
1 25 16 20 67112 1.0082609441889858
12 14 25 24 73242 0.9129790413867261
9 28 24 1 88874 1.0444234229293576
15 1 2 19 77337 0.981695524358124
21 28 3 26 61280 0.9953617919956308
18 13 26 5 46248 1.0989322673028004
13 17 20 4 45867 0.9609349543535513
29 9 18 18 62100 0.9755031091458329
4 0 5 15 47812 0.9294821784567785
10 4 14 23 55040 1.0168638493782647
0 23 21 12 82745 0.9502038561693591
2 25 19 15 80654 0.933718663197391
26 11 11 0 70688 0.9099700789934961
23 1 2 25 113211 1.052245577908742
5 6 23 1 52038 0.9160942694774107
10 10 20 7 34107 1.0453205842280278
25 13 22 20 31199 1.0060712510872234
4 26 6 13 38579 1.021420064661318
26 22 5 4 101251 1.0495002203045702
19 4 17 26 62917 0.9861233834856279
25 22 12 8 75440 0.969449236337864
18 18 13 12 28770 1.081617100033823
20 27 7 20 57833 1.0884226598935853
27 10 24 23 66609 1.0019526779579189
9 9 22 17 48014 0.9344632077500141
14 19 28 10 58464 0.9839715077333143
20 3 26 20 75169 0.9263283447611078
17 8 13 18 35440 1.096001669753933
5 22 28 7 95230 0.93291397672256
23 23 20 11 50197 0.9485806961903952
4 24 15 22 37779 1.0824978864214707
8 23 2 8 51140 0.9530331826950759
18 12 10 19 42719 1.021269288443344
4 23 22 20 58693 1.0697204120326573
7 21 20 24 51039 0.9855114263759162
5 16 29 0 97184 0.9622272301220474
9 4 27 8 57605 1.0978832027958547
13 13 0 19 65836 0.9115397940181292
8 16 10 4 32938 0.94303755781727
22 5 9 14 50897 1.0094119054580792
22 28 27 16 62524 0.9654538386041844
3 25 19 21 63046 0.9269602437642112
8 24 29 5 96031 0.9909849012047168
3 28 14 28 33324 0.9934641001384871
6 1 29 6 77013 1.043093917496263
23 22 13 15 48253 1.0769644669657858
5 29 10 23 26168 0.9030084138092176
18 14 6 8 42685 0.9941454378769827
2 19 28 5 102506 0.9897867244854489
19 1 19 24 73912 1.023513047152535
24 27 11 7 98567 0.9336366118531813
24 25 19 4 79231 0.9476886211615346
20 10 27 0 54143 1.0222680128730328
7 19 16 28 52078 0.9699797974002298
27 11 12 8 56422 1.063675197110078
8 12 24 5 53851 1.0804249348700072
2 26 19 23 70442 1.0201576168948618
22 20 27 25 40519 0.9409138658214035
17 3 9 28 71067 1.0674838761880099
16 29 16 3 76505 0.9280383425785071
24 19 4 21 71417 0.9309333437202012
0 0 11 2 48678 1.0446288376609345
29 17 6 1 99731 0.9764552422195817
26 16 2 19 88609 0.9949175503059331
25 17 16 25 62629 0.9903884999649307
3 6 27 9 69900 1.0231819934012127
9 13 27 4 56757 1.0394156982068172
21 28 8 6 84893 0.9052519881194604
26 1 5 21 96746 0.9488899718037164
26 16 12 17 51637 0.9339220717737916
19 11 26 7 35454 1.092216962292065
7 19 5 9 30386 0.9584752713763347
25 8 4 29 95698 0.9343055294012883
19 13 2 29 75448 1.0669284021782763
20 5 24 25 84080 0.9542561957664956
6 5 19 29 82186 0.9394256116321525
28 3 1 6 69599 0.9134593344505636
1 28 20 27 53965 1.0663173284544036
26 19 0 29 92132 1.0506100011275394
7 20 8 0 49183 1.0473706103632439
11 21 21 3 67910 1.0771145218979619
8 11 9 26 34071 1.0523660463764801
25 28 8 22 62327 1.012370650594878
24 0 17 7 30969 0.9281897831386198
28 13 20 8 37077 1.0958774806528861
6 26 0 22 24758 0.9755304141389232
28 14 12 29 78213 0.9402694417457306
6 7 19 8 44484 1.0431308082443893
10 5 20 11 39265 0.950576108844729
19 6 11 23 64843 1.0405430972663345
28 6 5 20 96138 1.0599977655617663
25 4 4 15 70021 0.9833490684904097
25 5 3 16 85446 0.9980565255542372
9 14 16 22 34369 1.0854372767678242
2 0 23 7 73795 1.0990478709225784
26 7 27 22 61517 1.086429746492176
27 4 5 1 59504 0.9819882199071622
21 15 23 24 37770 1.011857786819478
15 24 25 5 83078 1.0840581375451102
18 16 14 3 42604 1.0411981914150688
13 28 12 5 72406 0.9344683063305748
12 22 0 3 71215 1.0741987438136145
1 3 18 27 92302 1.0485832825594126
22 13 16 6 41013 1.0848446395293452
13 22 1 25 52944 0.9965456970222517
2 6 25 5 60099 0.9224879364984013
6 20 8 29 23163 0.9161304205110171
10 13 5 7 29622 1.0162436257570495
22 11 18 2 34943 0.900684187800309
20 2 9 15 54892 1.0656829730816881
18 20 28 28 57941 0.9558151664127073
26 27 29 10 73225 1.0443001188946428
24 4 25 19 54523 0.9876103939739028
21 22 5 23 48657 1.0191852862507749
6 23 8 2 50483 1.023207661020367
18 10 2 24 73486 1.0591275332829455
11 12 26 6 59215 1.0563679774646881
20 26 25 7 73589 1.0538271639044279
15 13 15 1 29190 0.9797587346938766
2 28 21 26 57289 0.9577244750466982
26 29 11 18 69782 0.9612622315277557
13 29 14 9 59434 0.9310972557809392
16 14 12 6 32426 1.0711264992662075
27 15 10 10 50876 1.088608440967003
23 0 22 27 89624 1.0698241773570947
5 18 13 27 54320 1.0867262386270338
4 5 28 16 78290 1.0831368344981418
5 0 13 27 95615 0.9865559404373654
6 20 23 24 63761 1.0256067566341487
13 22 29 0 93310 1.0560530666914214
19 24 1 22 58413 1.0492929151384687
4 5 26 19 88555 0.981260173504648
7 5 0 1 30875 0.9001486548609897
26 2 21 7 29723 1.0132019000596921
7 7 5 18 35645 1.0009483458067878
20 13 14 5 35620 1.0960881186172322
29 2 10 14 79899 0.9451371448553302
11 23 22 17 51812 1.039833322170249
11 29 14 20 39118 1.0186572078594194
16 11 24 18 47351 1.055430651457871
28 12 12 19 56500 0.9020789353888646
21 18 23 27 37696 0.91733319766233
3 13 14 23 60594 1.0121499036188433
17 7 20 25 61063 1.0693757078555521
25 4 16 11 37072 1.038503521930266
20 28 10 24 44948 0.9604346822687829
7 18 23 14 52225 1.022050057308069
9 19 13 9 35103 1.0195518965243908
9 23 28 11 76442 1.011815599854158
11 16 22 21 52125 1.0994055302503172
23 9 10 26 81982 1.0379942476329678
28 5 19 17 55730 1.0068798972942588
17 10 7 18 42666 0.9492293583258333
21 20 1 13 82100 0.9359523377127222
29 12 22 0 50149 0.9011104112913076
14 2 10 24 64793 0.9979501245553339
21 10 22 23 43368 1.0509471737489462
9 24 18 13 47695 1.0132279119624903
4 2 16 12 52172 1.0724845080864203
28 9 28 28 66670 0.9546683868443203
4 0 6 27 72176 1.0755315174865483
11 24 18 16 48610 0.9751834639624489
19 19 18 10 35680 1.0539291944745057
28 20 0 25 102772 0.975009066520669
20 24 9 24 43915 0.957467388228018
28 9 1 21 112186 1.0089563956127092
17 2 5 28 87680 1.0337932150346079
15 29 13 18 44916 1.0624044880032912
16 24 23 5 73336 0.9697157175473053
8 2 21 26 89137 1.039386298024493
4 3 16 0 39852 0.968359782603502
20 1 12 11 44794 0.9881785480372366
2 21 16 3 80153 0.9982877304374289
8 28 22 18 64323 0.9966918848426779
6 19 15 1 60196 1.0431332209493145
29 18 18 28 67145 1.0045918056119658
27 10 29 23 51461 1.032257937870994
18 3 13 28 81335 1.0080641554031509
26 28 0 11 108552 0.998375054835544
20 13 13 22 40248 1.0750138416199466
7 18 8 5 36485 0.909667362072452
21 9 2 16 75824 0.9585744850946049
5 2 11 27 77773 0.9694972332539048
26 24 15 18 64707 1.0321230869715705
20 4 25 19 61344 0.9240906636296429
20 29 20 13 53488 0.9324641770863009
23 7 14 15 45047 0.9366508902791677
10 12 14 1 37633 0.9373597986666903
5 8 9 23 43421 0.9180276356422679
0 2 28 18 107867 0.94501480564
20 9 4 17 62479 0.9996454753379627
2 7 21 4 48200 0.9347989875611838
5 13 28 22 91945 1.0812272554878963
24 16 10 14 51349 1.094089689921538
15 5 4 5 22421 0.9906330992223558
3 25 7 5 68075 0.9734377105909652
9 18 25 24 71261 1.0968237303189148
12 10 27 16 51121 0.9865982161280066
23 20 3 15 72742 1.0428156753771165
5 24 18 23 45324 0.9851372639545539
0 18 13 24 65499 0.9108473947341732
9 26 20 22 37000 0.9501366674962963
16 23 10 14 38338 0.9194077661986672
26 5 3 24 104509 1.0377669321826386
9 1 22 29 98648 1.0132478560342524
9 7 16 14 30795 1.043647239470404
22 8 1 11 67925 1.0724512368948473
3 5 15 29 77783 0.9516012737658112
3 14 9 10 27374 1.0236100828501198
20 26 8 9 71805 0.9401250200512273
18 24 27 22 46142 0.9524573758993444
8 4 0 19 62489 0.9973551518855632
22 4 10 18 61420 0.9929816831429878
19 2 23 19 60244 0.9791088711386586
17 23 20 14 29247 0.9912396931403749
9 1 23 26 106302 0.9178989884458416
25 26 12 16 73961 0.9662955668743561
2 5 6 26 54965 1.069200297075688
25 6 12 5 38610 0.9874608254079547
6 1 15 10 44468 1.0739801624851029
0 18 11 10 52496 1.0777302484862894
11 16 19 22 42704 0.9510994931198117
26 16 12 20 57328 1.0251579446938965
16 11 5 3 42354 0.978997965985447
19 4 4 9 47673 0.9255491462515663
5 16 26 3 76568 0.9585219313844711
3 24 21 8 95417 0.9177538892353013
9 24 19 9 57451 0.9398850384871928
3 0 5 12 40022 0.9137871750920608
20 28 21 10 57222 0.9448384569182722
0 29 23 0 112603 0.952922467930182
29 16 19 23 65397 1.0774127515154333
1 19 28 16 96507 1.0109804350279918
28 5 6 15 74943 0.9713788912900986
16 18 0 15 63305 0.988106228491061
25 6 12 23 75658 1.0541530231288956
4 22 27 3 92008 1.0112658244813453
19 15 0 14 63803 1.0856155727186452
23 17 1 1 91677 1.0451461166462699
6 14 12 18 29979 0.9013725018108247
20 12 23 28 59818 0.9344055340792072
28 3 18 14 55135 0.9113349325605232
15 23 3 2 77491 0.960086676997483
23 19 14 27 55686 1.025306827397361
21 25 7 29 45123 1.001313136346281
21 0 20 27 95247 0.9115689775166117
22 17 1 28 87687 0.9134356270596041
21 17 16 6 48476 0.9673241913853137
4 5 19 20 64478 1.0715780590965287
18 10 26 12 32200 1.060530721140419
13 12 15 27 51816 0.913290558642978
24 23 6 10 81398 0.9004655747874373
29 28 2 23 88229 0.9685908088991878
25 18 5 2 94819 1.0032313143989167
23 18 18 0 66855 0.9014033521032925
6 14 26 15 58780 1.0405065874000154
16 19 3 11 53155 0.9581243616102927
13 21 3 10 51433 1.051503807632524
20 20 0 11 72477 1.0339987109988347
8 14 3 6 33948 1.050108057217532
29 9 26 21 60933 1.0719099188099757
13 19 20 28 45599 0.9014257059295555
8 8 13 24 58147 0.9883474890049809
9 11 17 3 35424 0.9152319525138993
2 27 28 20 95572 1.0552108828664908
24 25 4 12 92215 0.9086528880813608
6 1 10 18 55854 0.9297228938528922
13 29 14 17 41089 1.0493081104933843
16 22 24 1 70089 1.0146985944499278
8 13 2 18 35319 1.0463181154560175
9 9 3 27 63350 1.0459043896633688
3 29 6 10 46818 1.0099454938255108
4 26 0 0 92409 0.9739361447594921
23 9 17 19 43230 0.932428452345414
28 13 20 21 46006 0.9014614831207155
2 25 24 15 94491 1.022426544275228
18 25 15 18 33176 1.0072944397575103
8 14 17 8 33287 1.0612359159590445
22 22 17 3 69108 0.9361077630652431
26 17 13 3 68206 0.9930746080719949
20 27 13 15 54013 1.0906579424517795
23 0 20 13 48683 0.9576637281915464
14 13 0 21 65072 1.046320877022544
16 1 29 4 39445 1.0377204884094748
16 0 22 24 83812 1.0333997511684978
15 23 25 8 61916 0.958561626314475
3 8 17 29 82570 1.0663384346403604
27 10 10 15 57405 1.0110870136082026
25 26 5 14 93412 0.9990781639951721
16 6 2 27 90630 0.9927510908493938
12 24 11 7 58961 1.087135657101342
18 18 28 21 49209 0.9736482352003243
19 26 2 5 87500 1.0979830823199668
0 1 15 18 81066 0.9817928740360619
27 29 9 5 98714 0.9181431906377401
20 10 12 18 50607 1.0553769164790001
10 23 21 9 64117 1.0975837799962787
25 15 13 19 44636 0.995376683275715
13 21 24 4 61142 0.9664625087522872
17 29 18 2 80295 0.9431874181519597
0 7 6 15 38810 1.0830233237556186
22 13 1 0 85971 0.9970749529160038
13 23 4 8 65625 1.0101375227850864
11 3 25 15 64241 1.036062097090894
9 6 17 13 34934 0.9626618299749833
11 6 28 3 50760 1.0271115770697272
4 20 6 2 59067 1.0485890807520364
8 19 27 26 79464 1.020546477791875
3 21 23 16 81262 1.0445422998528189
8 18 20 3 63378 0.9428089095289818
22 9 0 14 82017 0.9800635367758851
6 29 25 1 104514 1.0930583995186527
19 11 21 27 53000 1.0265086247168154
29 2 11 17 85847 0.9096095835064143
7 19 0 3 57452 1.0399214481564512
20 7 0 12 64670 1.006315691965605
28 9 12 1 60794 1.0367193745981513
12 10 22 0 44145 1.0284859260904289
20 4 27 20 67183 1.0008677124894014
29 26 23 11 62487 1.0697765253203717
8 5 24 2 39621 1.0592893247422204
29 28 21 10 74033 1.0328715516740237
23 24 5 9 84568 1.0892098553515357
29 4 12 1 48849 0.9659485897822135
7 8 24 28 95558 0.943381683098926
21 2 0 17 90454 0.9569840938530599
14 7 5 27 66779 1.0688009620033714
2 25 21 11 91367 0.9114130568202118
25 25 2 6 112947 1.0248699531684013
20 25 11 5 73148 0.9633918327680931
25 9 5 0 75546 0.9422962277545306
6 5 28 20 88498 0.933122515458766
8 1 27 11 71175 0.9407813762479641
19 9 13 3 28374 1.077590071186316
3 28 24 12 90354 0.9116998401721016
14 5 22 18 50444 1.0223247261359494
25 24 2 16 102100 1.0656255219445538
10 10 1 1 43604 1.0711986724809142
27 24 1 25 103865 1.079848474554519
14 27 22 22 45179 0.906916592952697
11 3 7 25 63973 0.9521115721103097
25 26 2 10 99673 0.9115238169100809
2 22 13 3 71130 1.0113062773516248
6 25 27 19 78474 0.973351357008557
14 21 4 19 40025 0.9482282385897554
12 24 6 16 39792 0.9922540137053604
22 0 7 24 91274 1.047802292254102
21 20 2 5 75752 0.9410829781867848
3 16 5 25 36377 1.030576846594895
9 19 24 22 53805 1.0597149454494657
25 4 0 8 71202 1.0666150226943096
23 8 19 18 41914 0.954715720855256
0 0 3 10 48620 0.9869539351691299
2 20 2 8 55641 0.9866027150468123
11 2 29 5 55647 1.0445268656850832
20 26 22 13 48479 0.9016922978710326
21 14 6 12 44703 0.9609594048271706
27 12 1 21 97866 1.0534646471035152
10 6 5 15 36109 0.9860789721237397
22 7 17 19 45377 1.0196670029282975
27 28 20 4 91431 1.0187791041946908
21 11 9 15 39983 1.0859013527498838
19 8 10 1 39012 1.0446611640838381
29 2 7 18 93524 1.0396117073368898
25 5 20 17 55121 1.0694143000502698
22 18 14 21 35496 1.0008403807241228
5 14 21 12 51281 0.9666836827054494
25 25 6 19 76855 0.92167017256827
19 24 0 21 65050 0.9079505312105531
3 25 0 1 93284 1.039631213794732
2 4 23 29 103713 0.9539362913814734
16 2 6 29 80949 0.9426110192933181
29 22 17 29 51398 0.9283460287519794
1 28 29 13 105281 0.9854500209135462
4 13 14 19 44915 0.9462443598206106
7 25 25 4 87628 1.0201429251744094
26 14 1 22 81998 0.998318425765526
13 25 8 7 62244 1.0420920377853742
23 25 0 9 100281 1.0692331256438075
14 3 28 17 68743 0.974896530268542
8 28 1 17 47211 0.9555114997684598
6 24 24 1 87785 0.9338851062122437
21 17 10 29 61336 0.9991928693522586
24 29 16 7 79248 1.0717621115835443
9 18 8 28 25435 1.090820158369443
20 22 18 4 60134 0.9830375034349623
9 23 10 9 32871 1.0518338441817534
27 0 7 11 72295 1.0592009945365857
2 15 9 1 53824 1.08489983604134
21 0 7 22 87610 0.9122176373171585
18 24 27 11 63655 1.053075279445791
29 5 21 17 63484 1.020865700216783
27 7 25 24 75867 0.9297325369068576
1 12 13 5 46488 1.0633662923272718
12 10 28 29 87346 0.9579053105880477
23 1 11 14 65098 1.0888372925074619
24 20 4 19 72140 1.0967817393231738
11 15 13 4 40162 1.041083736020018
8 7 24 9 54727 1.077394489228206
21 11 28 3 44529 0.9640021720836626
6 5 24 10 54509 1.0615793911812887
20 9 10 12 37704 1.0233985618480421
1 1 17 22 85627 0.9818000179632094
25 2 18 12 46396 1.061506684641484
17 26 6 9 66269 0.9282209182031216
21 7 13 21 57924 1.0718883912592228
1 27 16 12 84675 0.9163454514351956
11 20 21 16 45790 0.9529531815627204
13 13 23 0 56784 0.9130990907642983
7 2 0 29 77295 1.0145317137205443
1 23 28 27 90259 1.0791752544620987
4 26 5 17 30848 1.007959808938845
4 18 21 1 86616 1.0077009800385897
29 10 25 0 51230 1.043413351221942
27 6 28 19 50012 0.9537851629160379
28 15 25 5 46390 0.9285173827546116
5 0 0 14 60665 0.9430859449704393
5 15 24 7 69646 0.9432756800111042
23 1 22 18 56872 0.9706398259823844
20 25 10 16 57101 1.0250405406297736
1 13 11 14 46820 1.0226223624357011
25 19 5 0 100394 1.0939462885530535
23 12 3 3 69411 0.940378275402631
10 3 20 26 84647 1.0754680069136437
20 29 22 5 77805 1.0314240574633657
23 10 11 14 50347 1.0689578478206367
7 5 29 16 80265 1.064596542719562
10 16 20 28 62313 1.0239604413916465
21 9 10 4 48267 0.9853944500762818
27 7 8 28 95083 1.0887792047162028
9 14 6 2 37986 0.9785361111589495
10 21 1 11 52592 0.9243859682257648
17 23 27 13 48390 0.9824225352440266
19 26 21 5 79577 1.0660959204712361
22 16 27 11 27859 1.0364135074694563
24 15 6 2 73835 0.9824070108039649
5 19 4 4 46540 1.035339671123522
21 13 15 4 37859 1.0147656996462309
4 20 26 17 86924 0.9786846211246123
13 18 10 7 44996 1.006108077359934
7 2 25 16 80558 0.9098229330816258
24 24 5 12 89630 1.0358940259637424
14 21 19 11 36405 0.9997545760657499
1 0 9 6 36844 0.9904077850153652
18 25 26 0 93238 1.0679337048209236
17 1 29 29 117517 0.9670070813623362
7 20 8 1 47613 0.9294486058253913
0 5 17 9 43067 0.9494455056600277
11 0 26 7 60838 1.0547171884692945
28 24 17 10 69112 0.9822498796993467
14 26 10 7 63862 0.9918148061498813
8 0 2 26 84275 1.006597439987693
6 1 15 24 83818 0.9403704334423176
24 19 20 8 51962 1.0391287573669994
20 17 4 14 59076 0.9502117240171732
17 12 0 23 75052 1.0725766517369149
14 9 22 17 38289 1.0756771783129635
16 22 12 11 36808 0.9888404333989038
19 27 1 18 84724 1.078653464399009
9 16 2 24 44688 1.0389325757884562
17 24 11 20 27545 0.9291521925161543
5 23 10 14 35453 1.0459748502887558
20 7 1 29 91816 1.0385873615936416
28 1 11 13 74785 1.0118721250552285
21 19 17 10 36904 1.0968714182113108
11 29 25 15 79154 0.9570927906056114
10 29 26 10 89859 1.0828809912481305
6 13 1 3 36330 1.0718864132535777
0 20 24 1 106599 0.9805367979376316
6 7 21 13 51536 1.0836971934879442
13 4 4 17 56467 1.09138901039052
8 4 17 14 41110 1.0950365605214516
6 14 11 26 44835 0.9822761886852713
7 22 29 20 74250 0.9115350254668824
1 6 0 25 85770 1.0271103071689875
28 0 15 9 53603 1.0082266336637273
18 8 18 20 40061 0.9528233243159036
29 12 7 15 63096 1.0979428660341508
5 27 26 26 67622 1.0974224951355542
23 6 3 1 63749 1.0789840839389393
22 13 3 7 63677 1.0863649372122923
18 12 23 2 42723 1.044893035002523
8 15 19 18 44581 1.0126086505618144
23 14 21 25 38565 1.0365743860646228
4 6 4 25 63490 1.0925845770358982
6 3 11 26 69764 1.0828835736113203
2 24 12 8 68137 1.0303193091431688
3 23 26 21 79614 1.0565624848155433
21 17 9 22 45339 1.0304908929665617
18 6 14 15 33664 0.953826120221461
14 10 26 8 45121 0.924434949012658
13 15 25 2 56993 1.0375703531176022
3 19 14 2 70235 1.0707672415595262
12 0 20 25 88030 1.059965378253576
27 23 0 12 113070 0.9488048515366995
16 20 24 23 39136 1.0946111287321705
29 26 8 28 64398 1.076563574105711
2 11 23 27 100782 0.9803982096232997
22 22 27 17 37135 1.0469204939398482
9 24 5 4 52337 1.0085236600720113
13 18 1 28 65244 1.0306499994409113
2 20 10 5 62243 0.925553598785631
17 15 22 5 40455 0.9009363370407891
29 27 15 17 81785 0.9548387058059169
29 28 14 23 64160 1.0606046367756001
0 5 3 29 70859 1.0474378109288143
15 8 28 5 40211 1.0807353488810316
19 24 7 26 52156 0.9144939462907135
14 2 6 23 65567 0.900425809529111
0 4 20 21 88646 1.0206325800932992
1 9 4 19 43991 1.0646474188371835
8 29 3 19 37917 1.0585216502244634
21 20 19 8 41216 0.9992474850285815
18 11 25 16 39458 0.9458433992663323
19 18 10 27 58361 1.0909391399540138
25 10 18 16 39618 1.0911520930052123
24 4 13 18 56804 1.072226301907675
0 13 2 5 47332 0.9886071495968106
28 26 21 15 56791 1.038614218745735
4 18 28 1 100493 1.0018544780163423
17 21 26 28 45361 1.0810447134392334
22 3 13 9 34891 1.0325126900040082
20 1 25 26 99882 1.0815634915503618
26 29 28 6 90342 0.996018861038693
29 27 16 29 41526 0.9866034170597197
11 17 24 7 61653 1.0298830597651694
0 21 7 25 32521 1.056635500035542
8 4 10 29 59284 0.9706279741080439
8 29 10 7 53294 0.9439088286664983
25 24 7 16 86191 0.9433480855771392
28 28 12 1 113259 0.9613552857045136
16 3 28 26 94375 1.0166484351059526
3 9 29 28 112260 1.0074616800809728
6 27 20 22 49147 0.9848486974662856
29 22 7 10 85898 1.0129627512909325
15 7 11 1 29709 0.914497243360753
10 24 22 11 64084 1.058395523566762
9 22 16 25 31412 0.9248553753240304
19 19 14 3 52759 0.9519905943562313
14 13 3 16 43002 0.978036388294703
26 1 22 28 97496 1.0940781624397167
5 25 24 2 91933 1.0664580301459818
26 17 6 3 83227 0.9275886608124637
17 4 27 22 81512 0.9932452920697725
11 23 20 21 34531 1.0500968284773262
21 7 1 3 59900 1.092195196304809
26 3 12 6 41405 0.9580733687549084
17 21 7 14 45118 0.9178418621797072
9 5 16 28 78135 0.9671209875567692
10 24 28 26 71529 0.9888638131287726
28 3 17 21 73303 0.9156357522439674
0 9 9 16 39891 0.9414830814981738
2 5 24 27 113177 1.078016492979601
20 6 2 12 62658 1.0634837963178805
28 6 21 23 67703 1.0003113304127393
26 12 0 4 82146 1.0039313068416762
18 8 6 0 50667 0.9231919770538244
2 28 18 3 95260 1.05155108704733
0 1 28 1 90033 0.9276760253135901
4 16 16 7 50158 0.9831523283618774
0 13 12 28 80585 1.0795376215948584
8 6 23 4 35475 1.0020739537800618
2 21 14 18 49188 1.0914015420118501
1 9 6 18 35692 0.9586893049029105
4 21 16 5 68057 1.0973317448357978
29 8 10 10 61200 0.9787758846635721
20 18 12 26 50846 0.9065552789827577
23 11 21 23 44234 1.0054406426090452
14 7 8 1 24853 1.082628029507694
27 17 8 0 85121 0.982463711371356
18 21 5 20 42359 1.0105878136371824
0 25 19 12 88327 0.9251336803847895
16 13 4 21 58173 0.9451406599306322
8 1 3 20 60258 1.0996358958076882
0 9 3 20 51872 0.9405441466017357
24 15 5 14 57845 1.0236159330540733
19 15 28 9 40420 0.93365015275722
3 22 10 15 35799 1.0898133591707526
2 17 25 3 89176 0.924367188579733
7 25 4 14 35426 1.0790155005471034
5 20 26 29 66590 0.9319857786062625
5 12 21 10 49240 0.908625587742757
4 27 21 11 85567 0.9460767383024282
14 29 9 7 61223 0.9953767928734532
13 13 3 28 69415 1.0704122241223173
25 19 28 1 77488 1.0796797069941462
23 26 18 9 71015 1.020108144108529
12 6 2 19 65784 1.0548290790080659
12 11 17 21 37537 0.9613463182133659
27 12 16 27 68682 0.9790698684475286
27 21 4 15 88223 0.9635363347106537
0 27 14 26 50046 0.9052495737969658
0 24 10 25 46162 1.089522415669533
7 19 14 29 41083 0.9353494582163298
29 15 20 19 45141 1.0018089598213338
5 19 25 26 82529 0.9070823565271882
8 14 18 3 48047 0.9463645480412703
2 17 28 13 79616 1.0016689126327294
12 27 26 3 92659 1.0764313543682773
24 24 6 11 87510 0.9695865269943167
16 13 6 18 42426 0.9790965967245647
18 16 8 13 39930 1.0292142253823162
11 24 15 14 39933 1.045281143013748
12 14 27 23 73968 0.9019540242333398
21 17 1 24 80587 1.0023722914563464
8 3 3 10 25531 0.9654694338595393
16 5 19 12 27064 0.9805332343298355
6 20 27 15 70970 0.9567051636938322
0 16 29 14 84928 1.0669375467696147
19 5 27 17 57397 0.9700815028318915
2 24 13 8 74052 1.0951490438510947
23 2 26 19 65124 1.083303476210143
28 17 12 4 72876 1.0557724336293473
6 13 19 14 41122 0.9926662946992246
18 24 29 27 47958 1.011621843854809
26 7 9 25 82947 0.9009568856475212
2 3 17 8 42853 0.9469054449847916
13 5 7 17 42745 0.9185770144890286
17 26 15 7 54106 0.9092979049305908
8 16 21 11 45554 1.001313078117961
10 8 28 21 79491 0.9562510660080952
26 16 12 28 83349 0.916280718284397
26 17 23 27 57773 1.0184191032991503
10 27 20 2 86131 1.0550970651797313
13 6 21 28 81631 0.9370250408066365
16 25 2 15 71038 1.0000231137484275
27 24 1 4 120608 1.043658791747431
4 12 11 22 41781 1.0711658722337487
24 28 4 6 108764 1.0253805760199235
22 29 15 2 83238 0.9299663936127873
0 27 29 21 100277 0.9072115684422541
28 9 10 24 86261 1.0899543077182576
3 26 3 6 72397 1.0472412295400777
22 10 27 23 59411 0.9194273856907859
4 1 0 10 39084 1.0085736753099843
17 3 1 22 81204 0.9714416045255315
11 23 2 26 51598 0.9788544065202442
7 13 25 20 73134 1.0904324158310572
3 12 9 22 40186 1.0598080046725782
20 9 8 28 75325 0.923659993616087
28 29 18 20 57826 0.9854624073724482
18 28 27 4 86018 0.9364903490629546
5 2 27 3 59349 1.0087817212994732
12 9 7 14 26382 0.9038758942542039
29 6 1 24 128771 1.071820496361678
24 6 26 27 79771 1.0770177321971155
13 3 20 25 73709 0.9497707378893845
6 7 18 12 40411 0.9331101655927867
14 23 18 4 52687 1.0523894747266451
24 16 19 29 62042 0.9212516748935161
14 16 27 5 58059 0.9804613620224066
15 8 5 13 33158 1.0958737488254409
4 9 3 28 57496 0.9229635293369256
3 23 27 7 100118 0.9046846016772917
26 8 25 20 52511 0.9790754787136611
1 12 28 16 84569 0.9641634857801276
8 0 6 10 25615 1.0242912316111912
8 12 17 0 52100 0.9742656765459206
15 20 12 6 43189 0.9534047401290762
13 26 22 20 48992 1.0747435855488023
1 12 17 14 51754 1.0960479467558044
28 25 1 17 107320 1.0623594809184833
12 27 15 2 70288 1.0693043631372336
19 11 14 25 51919 1.0883424550848022
6 13 18 5 49387 0.9668279587323454
27 19 22 6 54546 1.0596743496906458
28 23 10 16 77435 1.0608140969037172
25 17 2 5 86068 0.9549285610588218
0 1 24 19 107620 0.9281971737459308
1 4 5 15 42243 1.0515639284923894
12 7 13 29 68014 0.939842888466621
28 28 6 10 97644 0.9299031265876996
17 27 11 19 41272 0.9267882309813371
13 0 4 21 80852 0.9001859181259945
24 5 10 26 85600 0.9196615601412078
6 28 24 16 85503 1.0939560650647697
21 13 1 8 66434 0.9854180892834657
27 5 14 6 34873 0.9814007575181446
24 16 24 28 63461 1.071918698164185
21 1 8 24 85591 0.9759465838250223
10 25 26 3 91175 0.9475442982688671
7 18 28 28 83748 0.9014117160023687
23 10 12 0 57991 0.9786204988470207
12 17 18 13 28732 1.0003065162065512
11 13 26 0 72759 0.9540032018001685
0 3 28 23 114286 1.015752494785942
11 21 17 15 35825 1.0128173990793816
19 8 20 27 67841 1.0704499250709525
10 11 25 2 55479 1.0139440441907284
5 7 25 14 60901 1.025776067098684
8 12 12 4 28869 0.9035906063946432
2 24 4 0 84286 1.0852540462755946
28 29 23 15 59766 0.9792535599673466
26 18 19 22 41612 1.032517952468851
23 20 6 9 69693 0.9385393399601709
10 17 7 29 35593 0.9259960428483808
10 7 18 29 73642 0.9560041523223765
2 6 26 23 112860 1.051088424374604
9 2 1 15 54873 1.0327456295479849
8 8 6 0 26069 0.906727205238337
4 3 27 6 63396 1.0599032970758482
8 28 28 22 73222 1.0222336168710568
6 7 25 23 95566 0.9639944070497666
17 18 21 26 34697 1.0305591002815666
4 6 10 11 30259 1.059049253722334
26 13 20 24 51698 0.9419662560965391
2 5 14 11 37070 0.9691049137404988
0 27 13 3 93267 0.907337246868267
22 0 5 7 51595 0.9143679495001039
25 8 16 7 34863 0.9981627882303086
13 22 1 6 71361 1.01323153502109
12 28 28 6 102556 0.9150142891855736
3 10 27 22 93114 0.9317460980656075
13 0 20 18 68291 0.942010102815038
9 19 28 0 88541 1.0050054444932797
8 17 23 21 62820 0.9482278053741826
29 3 20 0 45286 1.0101236389204693
16 10 1 9 38064 0.9916301592638296
27 24 12 11 82194 0.9572139697967178
25 29 28 13 60961 0.9968823417239069
27 4 9 20 73211 0.9662784086521389
2 25 0 11 70624 1.0900605544443176
14 16 9 2 49318 0.9443141242670008
20 16 21 5 48973 1.0630325733734214
4 25 25 14 82695 1.0374370919413163
11 11 26 23 84086 1.0322171135845073
8 9 25 4 48456 1.0887990477833749
2 26 3 15 54364 0.9379518573530208
25 28 13 28 39798 1.0968226795277913
25 9 4 5 60188 1.0861692362024047
5 22 24 20 61689 0.9959077543491552
28 5 10 17 77181 1.0301135257566105
20 11 9 17 44398 1.0105953899878335
27 25 14 6 88600 0.9638543154224383
5 16 17 10 39150 0.9854710123070113
27 16 16 5 58285 1.012696669054919
3 13 15 5 47472 0.9839368713541405
24 10 7 18 64458 1.0395935370934557
14 21 16 2 46645 1.0488031172102419
25 8 14 27 77716 0.9443217323606156
14 20 3 19 47918 0.9703392932376707
6 1 7 17 49577 0.9180191040116422
22 10 6 7 54995 1.0499491830207273
10 9 13 17 32996 0.9950392872663488
27 25 3 14 108271 1.099342209092701
2 4 10 12 37849 1.016703760625515
0 6 16 10 50552 1.0409011220340365
4 22 20 23 50158 1.0959498497082922
8 3 24 21 84764 0.901947222383315
2 25 23 18 89389 0.9559549393551073
21 29 3 28 46627 1.0542337068028242
21 10 6 3 59705 1.0459541564788986
29 19 4 5 91643 0.9958952322257899
13 21 27 24 64482 1.0149753309243295
12 3 21 27 83501 0.9052242174429622
13 10 22 19 44626 0.9800142903407071
22 13 26 2 43501 1.0496605899653386
0 22 28 27 91175 1.0790066344792903
16 21 23 2 68752 0.913936595602922
29 18 13 16 64861 0.9375707388930579
24 16 8 8 58982 0.98680369019654
23 21 3 8 85688 0.9016321728298777
24 17 4 9 71262 1.0438493529406159
2 21 14 27 56827 1.071316140945296
22 10 25 22 52594 1.0846702998902156
16 2 8 28 76057 1.0377401856952118
4 14 11 20 40637 0.9842124324720387
15 11 0 8 48003 1.025960618388533
21 5 11 14 54687 0.9490955923719921
28 13 15 17 47736 0.9277337186446186
8 11 11 1 36697 0.9559868809288488
26 25 7 15 87833 0.9904208264233643
17 6 3 14 52277 0.9369940845405342
18 18 6 13 52136 1.098092830820802
19 12 19 24 46430 1.0639091073100149
4 14 27 4 72742 1.0605539574509106
1 12 28 5 83848 0.903613845207918
0 20 17 14 69947 1.0251010996265915
4 20 28 18 92201 1.038040858790491
11 15 25 11 46312 1.0519953960229276
10 8 5 3 25123 1.0194954490008394
9 9 14 3 28872 0.9410749995818779
21 10 3 15 63601 1.0030075858563987
8 6 14 19 41432 1.0797684685915887
4 28 20 14 73175 0.9970617757835369
23 7 12 12 51722 1.0006485280776298
10 1 22 6 40390 1.0947813173598777
14 28 2 15 66768 1.0559034542224397
4 1 24 17 90549 0.9381747351909515
0 2 14 15 65202 1.0645343257120952
29 26 0 16 114233 0.9007410646987343
15 21 20 10 49416 1.0165676261160785
26 5 17 17 53171 1.0506019790547503
28 11 15 24 72512 0.9691428660927252
29 3 21 27 92765 1.091952854314586
22 15 13 13 31070 1.0466171736702536
11 19 28 16 60840 1.0606582625183338
16 27 26 16 69099 1.0788395042339274
4 21 29 26 86902 0.9664513623443363
8 14 18 2 52817 1.016240686527119
17 24 5 24 42964 0.9188998437388345
23 2 28 13 44232 0.9429611023428964
11 25 25 7 88008 1.089980941065309
24 24 8 4 94624 0.9279799344301504
24 25 13 19 54555 0.9309388380604742
9 18 27 1 77451 1.0432326182524805
25 4 28 20 61484 1.0576557904632267
16 6 4 23 69021 0.922095744089046
24 16 25 29 64481 0.9347401096308319
29 5 14 24 87978 0.9789217143008364
0 4 19 17 72209 1.0858332560215243
21 27 16 15 47867 0.9606564157482645
17 24 21 14 34399 1.0977162535847722
2 1 23 19 95764 1.0730321113086898
11 21 24 14 50716 0.9609331701769066
20 4 0 22 86897 1.0917746792067478
28 13 29 1 60072 0.9761034154604854
14 25 5 8 64147 0.9974880360377438
2 20 24 29 77027 1.0050661998566617
10 24 3 6 64817 1.0769915789546107
15 18 23 28 58767 1.066939667864577
22 7 1 0 70615 0.9412369625704881
29 5 29 17 67020 0.9476023457641243
13 10 25 6 45925 0.9680203552153899
2 26 28 23 93009 1.088285076807186
25 14 28 1 53873 1.0227696191327655
15 3 26 1 38435 0.910696169188233
25 20 1 0 113257 0.959536885548858
12 14 20 28 59402 0.972610402233529
0 9 10 25 64869 0.9570118277687143
23 14 6 6 57436 1.0086599196433896
6 28 18 13 65060 1.0544323880773794
22 16 8 12 46918 0.9874615180429438
14 16 22 18 36144 1.0674751582041728
26 15 17 24 50631 1.0464306712685159
4 11 10 16 30304 1.0375703464957646
11 21 9 29 23178 1.031449755638242
15 2 27 13 56067 0.9326505247209372
2 13 10 26 60641 1.023522622168501
7 20 1 24 35443 0.9675239721688013
14 19 6 15 30562 0.9001627733230974
17 25 5 27 48802 0.9756242706877072
9 20 28 21 70082 1.0529169513336352
15 16 10 11 31903 0.939576963379972
25 27 28 5 96596 1.0398925179840428
28 24 1 10 97737 0.9784148007911502
13 9 0 8 48434 1.0690273652094897
18 22 4 3 73833 1.038487268427633
24 8 28 25 60685 0.9633139674189883
15 20 19 4 46232 1.0238725504626283
22 6 17 19 47361 1.0328281963625692
29 3 6 27 106238 0.9655960720387784
8 11 25 3 56969 0.9363776297368014
0 27 23 18 94421 0.9195757552229092
6 3 5 24 59513 1.0301993141914103
19 8 3 8 53584 0.9447703472001528
6 29 19 0 91372 0.9179554327890741
22 27 11 14 70024 0.91819560528792
14 11 11 3 26948 0.9153829367973461
14 20 18 3 46622 1.0975172422975308
9 23 5 9 40070 0.9553555051571496
29 14 10 3 69329 0.935079042524153
21 23 8 11 64200 0.9359797162964988
28 24 19 5 77804 1.0092208513611554
0 12 24 22 96454 0.9312391072236006
19 6 11 4 30069 1.0954014365208296
6 0 25 26 118749 0.9985451970306434
11 23 9 5 51606 1.0355839834955347
22 3 11 20 65360 1.0902179094346565
0 4 13 13 57933 0.9332812311495391
19 8 27 27 82185 0.9265217840374552
28 10 4 19 90744 1.0503993811494754
29 10 10 24 90338 1.082829899325215
25 13 3 1 83569 1.0455510340986813
3 19 26 25 94006 0.9679678056901152
5 14 19 20 51615 1.095459360739711
18 8 2 29 82262 1.0335081534822108
11 17 29 18 74390 1.0877964139212033
20 24 2 16 81947 0.9843175462368494
6 15 18 15 37713 0.9184123471958219
13 17 22 10 42579 0.9996774256199603
22 5 1 17 81898 0.9892926393448808
12 27 2 28 38238 0.9894801305506156
22 27 16 20 40956 0.9024780683276499
27 22 13 25 65735 0.9628811789047385
20 6 18 23 61141 0.913940163699733
15 8 3 8 39519 1.073789504819761
3 4 23 23 96488 0.9922426385536721
2 1 26 23 122816 1.011713707394031
18 16 15 8 30212 1.072209848658599
15 7 29 13 52804 0.9371986386814444
6 0 3 21 73874 0.9048898969636919
26 16 21 24 48514 0.9904233448252127
10 2 22 3 34663 1.067264517439162
