2188 1668 2373 1675 2228 2106 2274 1744 2026 1615 2166 1908 2161 1779 1590 2403 1756 1712 2336 2161 2204 1724 1964 5191 5586 4986 5741 4994 5634
5959 6245 5518 5477 6202 5695 5861 5540 5458 5534 6120 5838 5720 5402 5608 5608 5605 6264 5675 6029 6219 8124 8681 8245 8813 8463 8149 8849 8451
5954 6212 6498 6428 6076 6518 6595 5987 6220 6221 6323 5959 6772 6488 6098 6820 6400 6268 6371 6372 6628 6522 6196 6211 6258 6248 8377 7661 7660
8178 8679 8462 8706 8427 8110 8377 8812 8574 8234 8725 8377 8694 8062 8507 8232 8172 8345 8707 8540 8806 8369 8386 8339 8250 8677 8394 8647 7893
5845 5998 6479 6474 6002 6367 5798 6557 6454 6620 5957 6232 6496 6588 6599 5751 6066 5628 5451 5820 6295 5808 6026 5445 5612 5877 5546 6101 5505
8090 7948 8342 8360 7995 8271 8628 8504 8363 8069 8159 8355 8415 7841 8225 8332 7882 8629 8493 8073 7995 7974 8507 8587 8169 8034 8409 8648 7899
1922 2025 1866 1742 1593 1570 2166 1418 1838 1796 1867 1409 1901 1810 5831 5413 6009 5315 5312 5667 5827 5357 5197 5111 5552 5480 5119 5783 5546
6004 5985 6398 5933 6369 5949 6806 6185 6173 6681 6479 6655 6231 5904 6138 6606 6060 6013 6049 6260 2693 2299 2564 2104 2484 2055 2495 2113 2653
7946 8120 7938 7883 8293 7781 7634 8375 8388 7856 7895 7915 7866 8171 7685 7753 8091 8370 7166 7737 7205 7294 7095 7773 7909 7153 7463 7270 7772
5241 4581 5004 4676 4604 4809 5182 4768 4565 4831 4732 5008 5122 5282 5157 4696 4962 5289 5359 4895 4919 4666 4862 4688 5186 4666 5305 5152 4542
4803 4876 5505 5004 5073 4785 5254 4747 5388 5044 5012 4870 5178 5338 4817 4701 5310 5038 5082 5097 4642 5284 5369 4670 5061 4976 5390 5113 4671
5073 5543 5018 5458 4978 5377 5271 5447 5020 5491 4726 5074 5072 4782 5436 5151 5607 5320 5415 5097 5114 4975 5380 5785 5248 5809 5015 5681 5482
7475 7572 6810 7509 6868 7216 7180 7306 7096 7023 7186 6798 6812 4725 4936 5090 4329 4945 4394 4918 4650 4881 4985 4787 4802 5133 4368 4468 4485
3595 3396 8180 8708 8340 7961 8548 8044 8148 8150 7969 8403 8439 8133 8366 8171 8464 8364 8502 7888 8508 8061 8274 8375 8161 8642 8657 8068 8100
7275 7279 7155 7284 6761 7190 7170 7330 6707 7213 6679 6666 6689 7421 7242 7493 7314 7390 7287 6936 7079 7285 7373 7764 7740 7484 7829 7043 7339
1890 1908 2385 2237 1987 2313 2721 2127 2240 2505 2600 2169 4159 4523 3923 4484 3765 4553 3987 4250 4436 3923 4569 4357 3897 4359 4038 4499 3755
6438 4334 3836 3584 3857 3818 3635 3795 3565 3577 3534 4099 4386 3834 3602 3876 3635 3884 3647 4186 3718 4292 3924 4223 3816 4166 3964 4000 4391
5793 5498 5957 5492 5551 6008 6058 5277 6033 6009 5900 5891 5917 5396 5650 5432 5951 6151 6024 6308 5705 5644 5736 6293 6281 5997 6030 5756 5952
3603 3433 3189 2832 3676 3682 3636 3129 2834 2976 3695 3152 3242 3134 2670 3450 3228 2845 2888 2702 3425 3341 3227 2857 2918 2839 3417 2887 2841
7546 7811 7711 7905 7400 7067 7142 7593 7216 7926 7757 7163 7167 7300 7724 3914 3892 3926 4532 3984 4042 4104 3809 3845 4372 4572 4365 4302 3903
6740 7349 4519 4685 4444 4553 4179 5056 4537 4422 4300 4434 4896 4854 4363 4601 4569 5071 4526 4820 4981 4197 4905 4230 4263 5038 5031 4886 4350
2239 2222 1856 2290 2366 1815 2062 2086 2301 1738 1967 2311 1628 1864 2233 1849 1827 2251 1637 2129 1403 1840 1960 2069 2089 1886 2268 2208 1412
8465 8112 8531 8729 8612 8028 7992 8605 8100 8591 8211 8410 8455 8236 8471 8051 8725 8260 8056 8520 8258 8305 8238 7983 7905 8172 7963 8229 1505
6895 6490 6523 6792 7206 6850 6528 6992 6750 6443 6473 6964 6635 6981 7198 5967 5666 6014 5687 6246 5451 6014 5731 6101 5528 6252 5523 5752 6249
6027 6078 6543 6378 6430 6523 6243 6475 6371 6572 6557 6364 6498 6334 6601 6645 6632 6569 6119 6565 6302 6591 5859 5639 5640 6038 5553 5601 6303
2566 2588 1983 2301 2132 2481 2332 2353 1789 2377 2519 2169 1891 6986 7381 7025 7204 7258 7410 7207 7331 7236 6996 6926 7399 7502 7647 7498 7601
6704 7247 7180 6553 7044 6615 2061 1325 1273 1991 1277 2041 1347 1698 1514 1631 1762 1266 1969 1590 1988 1663 1989 1320 1280 1358 1484 1426 1767
8038 8066 8651 7839 8386 8679 8377 8041 8447 6362 6863 6827 6335 6053 6064 6530 6235 6472 6674 6666 6363 6355 6367 6740 6788 6617 6609 6641 6831
6203 5623 5819 5673 6319 5791 5900 4334 4162 4154 3966 4384 4616 4177 4085 4092 3842 4623 4597 4044 3849 4662 4531 3911 4343 4504 4646 4078 3924
1620 1428 2873 3309 2694 2891 3148 3208 2600 2537 2496 2569 2624 3042 2738 2650 3335 2783 2942 3283 2637 2827 2613 3121 3296 2578 2564 3047 3321
8295 5079 7794 2442 4103 7786 2738 4279 8466 8415 5155 6241 2669 6801 5187 2934 5981 6970 2967 3434 3917 7290 5771 2158 3272 4382 2242 6750 7373 7358
8199 4891 7501 2501 4540 8435 2225 4392 8284 7942 5257 6948 2710 6741 4745 2188 5429 7296 3110 3609 3693 4993 6126 2370 3621 4564 2731 6298 7426 6708
8624 5237 7442 2226 4548 8156 2237 4553 7982 7979 5264 6253 2675 6789 5232 2158 6110 7211 2812 3453 3896 5559 5787 2584 3577 4551 1944 6240 6673 7587
8168 5044 7941 2102 4636 8141 2254 4321 7959 8416 4978 6468 2646 6209 4684 3072 5455 7093 2679 2331 3355 4689 5839 2544 3516 4345 2685 6222 7226 7589
7856 5191 7685 2819 4413 8831 2435 3878 7847 7655 5566 6404 2748 6244 4483 2708 5864 6906 3058 1599 3368 4907 6788 1975 3841 4642 2764 6377 7005 7188
8341 5310 7816 2662 4777 8238 2586 4701 8268 8177 5147 6693 2465 6952 4545 2300 5803 6980 2591 1850 3554 5206 6798 1861 3248 4857 2247 6536 6754 6866
8075 5492 7922 2498 4119 8321 2713 4024 8174 8296 4694 7086 5129 6690 4153 2363 5390 7069 3036 2341 3680 4890 6948 1814 3140 4769 2007 8366 6639 7362
8398 5245 7887 2374 4737 8690 2283 4629 7978 7932 5018 6304 5104 6771 4097 3067 5454 6842 2647 1973 3366 5303 6858 2090 3230 4728 2722 8410 6676 7086
8447 5640 2315 2805 4819 8672 2732 4631 7743 7865 5579 6604 5239 6245 4534 2325 5875 6454 2604 1649 4253 4778 6770 2464 3885 4242 2073 8176 6945 6796
8211 5440 2704 2971 4554 8319 2477 4275 8378 8075 4678 6953 5031 8020 4436 6887 5768 7138 3108 2240 4021 5532 6869 2159 3396 4346 2263 8275 7491 7279
7815 5662 2863 2399 4894 8460 1861 4007 8534 7817 5418 6757 5328 8299 4301 7041 5801 7074 2400 2073 4184 5266 6984 1738 3513 4117 2135 8743 7418 7254
7911 5632 2602 2657 4160 8597 2644 4689 7650 7613 5269 6973 4640 8754 4745 7092 5739 6671 2647 2222 3722 4785 7089 2425 1546 4983 2251 8756 7430 6858
8154 5410 2392 2669 4576 8351 2536 4681 7664 8222 5074 7097 4594 8054 4223 6810 4289 6679 2521 1534 4189 5004 6507 1893 1579 4637 2029 8645 1733 7266
8531 5135 2500 2378 4858 8062 2946 3972 7682 8028 2291 6966 5015 8603 4350 6925 4979 2868 2953 2225 7703 4823 6473 2279 2106 4810 2527 8479 1914 6947
8072 5029 2521 2598 4436 7973 2933 4249 7508 7898 2541 3890 4819 7917 4126 6572 5019 3061 2490 2036 8360 4880 6468 2532 1789 4883 2695 8096 1911 7428
8639 5602 2573 2878 2724 8004 3050 4440 7292 8314 2779 3924 4694 8296 4149 6960 4442 2954 2839 2340 7732 5296 7073 2479 2059 4327 1925 8304 1503 7277
7893 4918 2998 2196 1890 8734 2998 4763 7974 8115 2557 4565 5440 8579 4557 6921 4381 3261 2384 2105 8211 4950 6429 2461 1765 4974 1880 8412 1697 7173
8139 5153 2531 2698 1968 8402 2877 4055 7518 7613 2540 4005 4684 8216 4670 7184 4283 2991 2398 1936 8268 5181 6323 2356 1522 4349 2639 8769 1839 7004
8380 5605 2607 2558 1949 8514 2744 4270 7557 7840 2305 4040 5477 8699 4101 6476 4655 3249 3092 1768 8247 5247 7035 2114 1840 4113 2770 8491 1590 7560
8523 5362 2800 2110 2446 7986 3124 4665 8179 7622 2053 3783 4818 8379 4420 6951 4691 3340 2283 1463 7863 5057 6741 6822 1919 4947 1905 8837 1921 6831
8620 5613 2952 2100 2031 8792 2531 4640 7952 7601 2568 3862 5363 8518 4463 6375 5009 2899 2781 2316 8299 5535 6828 7511 1281 4749 2604 8739 1625 6963
8081 5040 2448 2145 1885 8804 3374 3928 7401 7724 2165 4163 4666 8581 3884 7207 4771 2765 2804 1947 7801 5557 6934 7524 1474 4937 2010 8450 1186 7361
7938 5329 2262 2424 2556 8791 2979 4039 7343 7653 2117 3764 5452 8698 3860 6568 4257 3116 3151 1838 8268 4996 6760 7582 1347 4570 2519 8788 1445 7791
8165 5384 2695 2939 2070 7964 2788 4390 7478 8437 2205 3894 4789 8101 3853 7117 4171 3136 2433 1473 7656 5017 7166 6994 1615 4850 2536 8829 1609 8603
8611 5539 2433 2953 2160 8172 3023 4766 7426 7808 2841 3751 5372 7868 4318 7020 4225 3368 2764 1775 8040 5272 6631 7316 1437 5609 2329 8029 1440 8512
1828 8156 3022 4512 2172 8015 3166 4047 7570 7760 2184 4076 4932 8040 4050 7053 4685 3528 2487 1587 8323 5125 6965 7457 1741 5403 2872 8182 1487 7789
1295 8015 2941 4334 2157 8753 2789 3090 7379 5716 2410 3948 4845 8686 4080 6419 4867 2742 2692 1964 7656 5213 6985 7379 1440 5115 2298 8000 1315 8555
1615 8883 2423 4689 2623 8503 2572 3537 7268 5755 2784 3781 5431 8111 4144 7008 4530 3387 2535 1649 7488 4946 7203 6780 1812 5144 3031 8197 1212 7954
1351 8696 2895 4223 2262 8613 2824 2667 7278 6311 2629 4029 5466 7920 4263 6706 4642 2704 1732 2137 7492 4988 6841 7181 2059 5291 2723 8574 2072 7768
20 27 14 21 38538 0.9293287949690432
28 18 4 1 93849 1.053167708087586
22 13 19 20 28005 1.0912553040357327
23 14 12 20 40182 0.9325647944178427
5 16 19 1 78447 0.9039751015056794
16 0 29 4 46361 1.020099538666085
21 0 13 23 67497 1.0283723768251272
8 16 22 20 55673 0.9091966457559446
29 21 9 1 87068 0.9382141956743187
22 9 10 19 49047 1.07732692674028
6 1 29 25 97247 0.97082897014252
28 28 3 28 71598 1.0594343579952223
10 20 18 28 47126 0.9523097099909836
19 24 14 11 51460 0.9950598856384982
0 19 11 24 37595 0.9878618348327944
13 17 8 23 41342 0.9449683955954239
11 23 26 26 33324 0.9244106325706815
21 4 18 17 35535 0.9107032207770807
3 10 20 6 60827 1.0845011159052191
24 20 29 26 29167 0.9963576388967154
7 23 29 25 47744 0.9683392848171837
11 20 0 25 49463 1.0033917377806818
16 25 17 0 77548 0.99003689178466
3 10 15 19 68056 1.0752953988870577
21 26 6 24 38545 1.0685836261148236
9 29 1 5 83699 0.9573386363450398
25 11 20 25 39012 0.9556202170800436
23 22 20 2 56099 1.0352518905204324
27 14 17 4 41937 0.9380087228365084
12 25 3 24 34117 0.9493375209309398
8 26 18 0 91833 1.0044239899148613
26 20 2 13 81825 1.0218150421268433
3 10 20 11 72161 1.0711516410747786
13 24 23 26 22785 1.0447010831945198
16 14 1 9 76842 1.0281776258315232
9 14 22 17 56374 0.9310294055083167
23 11 19 23 39973 0.9129717627849332
19 5 14 0 32423 0.9069824373958056
2 16 8 0 64285 1.044288054395994
23 16 4 27 72644 0.9517053862947765
5 29 2 19 53522 0.9684443494402024
7 4 28 20 87291 0.9438542510806077
2 19 3 3 45691 1.0395650743997045
12 25 22 20 35735 0.9603284870522638
21 17 29 4 43932 0.9074127824701652
12 16 13 25 47328 0.936676004614728
22 11 9 26 60305 1.0566730252110008
29 23 11 1 87775 0.9527508900754117
11 22 5 15 49811 0.9084659033799529
12 8 6 25 95846 0.9560171802082222
23 18 11 15 48421 0.9094748123892992
1 21 26 25 66701 1.0209871100098051
18 29 12 17 51969 0.9031670410122986
24 6 3 10 72499 0.9350120960029251
16 3 6 25 91887 1.083331153698108
0 23 18 2 86739 1.0216399834560501
24 24 0 0 97026 1.0540171597921797
17 4 28 16 50399 1.0119259511844219
6 2 13 10 44321 1.0030048699738199
6 16 27 29 77566 1.0826081469423732
25 24 7 27 44304 1.0026967977521095
1 5 15 9 47645 0.9465674133185472
26 0 5 12 73329 0.9846789801077597
16 27 26 29 21606 1.0934689495401746
1 2 13 15 74950 0.9621430783306595
8 0 16 9 56716 1.0984323466999142
21 16 22 7 21905 1.0112412736875656
2 1 17 22 97105 1.057472108621082
4 19 26 16 47287 1.0951835354973392
12 25 17 2 74776 1.0185648877884033
9 10 26 4 62894 0.9219131075397764
19 13 13 25 57823 1.0560974328412063
7 26 6 10 57667 1.032474404806601
26 3 3 20 87212 0.9800829694914098
10 20 19 14 40750 0.9635939823000289
13 28 15 9 66726 0.970657305060744
18 2 15 25 65866 1.00802570288277
15 1 10 18 63610 0.9027336028030227
24 12 11 9 54653 1.0391396664738182
20 29 17 7 61314 1.0795102569675845
15 10 1 20 71327 0.9397237372378372
29 24 13 25 35367 0.9812230276894756
29 4 3 14 86235 1.0911956345047686
8 22 4 1 81833 0.9203228927503351
20 11 0 19 65959 0.951263218153267
16 19 10 8 67133 1.0019516288511072
12 5 1 12 45664 0.9698904842695538
11 26 13 17 51686 0.9812625778650064
10 18 7 27 33898 0.9758455096223027
27 15 20 2 44494 0.9649639172244948
23 23 24 0 66427 0.9964745894183485
19 21 25 26 28082 1.0159591420223024
26 12 10 20 46922 1.0195057609419913
29 27 29 12 43033 0.9893811556099475
21 7 29 22 46639 1.0825404095630102
24 7 1 7 72466 1.0384892350190467
22 15 10 0 69765 1.0930687610376961
29 28 4 13 96915 0.9613453288523437
4 7 26 10 69777 1.0096546012344756
17 1 5 11 57486 0.9655012996611929
4 23 3 7 54129 0.9949911244689471
8 28 1 12 57692 0.9925816918535975
9 17 17 14 43801 0.90451790534719
17 1 11 20 75253 0.9296809728567118
18 8 21 23 37635 1.0632537214062086
13 10 25 13 35541 0.911514261979489
1 3 17 24 82241 1.0846647772278533
1 29 5 0 106547 1.0658554954468826
14 22 24 17 43910 1.0168487716361425
5 22 14 2 96149 0.908739396074311
28 0 21 20 53859 0.9825534028223949
11 25 18 29 30334 1.002442519626688
23 19 13 3 53941 0.9150012386058982
4 9 13 13 62942 1.080992566934837
11 15 28 15 66760 1.0435932517671571
10 20 26 3 71482 0.9282633311430344
3 18 18 25 54723 0.9232126421849115
25 8 15 21 50089 1.0975056488388273
0 4 17 5 52178 1.0373809520371342
6 3 22 26 83915 0.9206574295474811
1 12 13 14 47444 1.0987217616729756
28 13 14 16 58002 0.9591749288431825
27 5 19 19 45022 0.9675313659008126
5 20 21 0 77984 1.007525725340571
6 6 11 24 72478 1.0803989764613784
11 7 3 25 86883 0.9474767600289163
0 22 19 3 84618 0.9170008326563661
3 11 14 12 56316 0.906027575093895
28 21 6 11 83347 1.0312807979096614
26 2 9 14 82510 1.0255472481536294
19 7 14 14 38662 0.9493328444238012
4 13 18 15 70017 1.0594040155712794
16 3 22 23 58659 0.9098900889291471
18 24 9 3 75293 1.083922228424131
23 1 11 19 65226 0.9672737234996933
10 17 27 4 74021 0.9045553876352138
20 6 5 11 53696 1.0099523959814765
17 22 3 26 44602 0.9915323324936016
3 9 28 29 116216 1.0426493457700223
15 2 10 20 67865 0.9422018673676384
4 10 24 13 89226 0.9149591799324799
14 2 20 18 51230 0.9500025672178871
5 22 13 28 40838 1.0867154262742469
10 26 21 12 51568 0.97792563056939
3 17 4 6 48975 0.9171306919809071
0 8 8 27 61639 0.9914255415997139
0 23 1 7 35528 0.913817114659356
10 8 2 12 41168 0.969433852715373
25 7 7 23 70828 0.9493455829807572
17 1 16 16 54662 1.0123437409212528
1 25 24 16 86710 1.0471857994316753
20 0 20 29 70989 0.9966568875699835
18 22 5 4 84167 0.9603607506929596
18 7 29 15 48669 0.9307164251354979
24 6 23 24 40687 0.9381166576713292
14 14 24 17 44009 0.9658285308083709
15 24 27 9 48762 0.9224724579543904
29 24 18 5 60146 1.0411821579717784
7 8 9 21 62452 0.9426974643411955
11 16 20 10 53716 1.041716608571299
5 5 11 17 59471 0.9079200280170906
18 2 3 23 91300 1.0716172342177679
4 4 17 22 93569 1.0914969788208335
11 2 24 17 62709 1.0966148228251889
14 15 27 17 49473 0.9541349938274667
23 0 5 2 67522 1.051915500318755
23 29 16 17 43833 1.0311135371918903
25 20 10 3 72121 1.0444894769541888
3 10 22 16 87052 0.9843456650884503
0 21 12 0 84929 0.9336441154096274
12 26 22 24 25966 0.9937909445390144
10 28 14 11 87286 0.9845792712084492
17 6 5 15 51509 0.977641440622929
24 2 20 11 29748 0.9553390613307693
25 2 29 22 47715 0.9648990496351425
24 5 27 22 46093 1.0386028273239407
3 7 9 13 41822 0.9018734478271122
6 25 23 12 71491 0.9205343751796394
3 7 21 1 61867 1.0855312892396844
24 7 10 7 49917 1.069902172023184
5 2 0 8 30459 1.051151682058457
27 27 27 8 45243 0.9983401800138682
5 9 10 20 58140 1.0214838526096677
7 22 28 28 49776 1.0336127082734203
21 13 15 27 42341 1.0579210261677372
18 11 12 1 43913 1.049536569551084
4 12 23 4 60581 0.9891635137256244
26 28 8 1 95136 0.9543582837757509
17 22 2 9 86059 0.9902132326092505
10 1 15 13 45197 1.085225786187368
13 4 17 23 71891 1.0829487697889566
6 5 16 11 40601 0.9647971682890515
3 13 17 16 75237 1.0671618509190681
8 7 3 2 31769 1.006880020219983
13 11 13 26 77034 1.0521492366911895
20 29 27 20 33306 0.9475408352825943
27 20 15 18 33165 0.9088044808797247
25 1 4 23 89143 1.0074426846358262
14 29 15 12 74415 0.9917070209958738
4 2 11 21 79437 0.939550825507944
8 12 4 21 57388 0.968155441785938
15 6 18 16 36812 0.9396294679343768
6 29 14 6 97723 0.9753110124729532
12 3 12 29 90895 0.9729797721216279
23 18 10 6 59200 0.9821125745386164
6 9 17 9 49485 0.9393273694127334
20 21 4 7 84899 1.041263554306354
3 9 12 0 70289 0.995270926282426
7 11 6 24 61487 0.9859690535053378
12 23 23 19 33833 1.0874696040024905
10 14 28 12 74900 1.0597105306258903
1 8 0 27 59475 0.9475314372302911
5 3 29 7 67874 0.9483894394409139
17 17 12 12 41497 0.9180228341998732
12 8 23 5 51856 0.9793836224937003
24 29 6 3 96924 1.0242795654881203
10 29 26 2 91835 0.9754924184581252
27 14 8 10 67607 1.0470282905566353
17 26 21 2 56918 0.9539773570153053
6 11 24 10 63092 0.9293700265531866
25 6 10 20 60056 1.0956472765676641
0 6 24 8 75818 0.9133267002503224
22 2 19 15 42291 0.9063635057401923
25 2 15 26 66623 0.9881326950964204
20 6 2 11 64905 0.9442971111454572
10 5 0 4 33799 0.9450398917518718
25 5 9 21 69494 1.0842774513227968
17 4 21 17 34441 1.0293163791812845
25 1 13 12 57047 0.9915341511521272
21 0 2 6 58552 0.9755992358641303
2 17 28 6 86016 1.0531438683426302
4 1 24 10 71841 0.900914768611431
5 15 8 2 40051 0.9360418922906368
11 26 1 1 79794 1.0981739457996191
10 13 23 18 59896 1.0318373245639705
11 24 24 4 63253 0.9353271212012193
6 28 6 11 67047 0.9151851225604541
27 8 14 8 49210 1.0747755540696864
5 12 25 18 77066 1.0868805841852536
14 0 13 9 43367 1.0056368810345677
26 1 3 18 93907 1.0925084444165198
2 14 14 10 63952 1.080901908307767
1 15 16 21 55954 1.0212029009658803
2 20 5 9 52670 1.063760666276071
19 1 18 25 64637 0.9814152715400296
29 8 16 27 61402 1.0436776261176437
29 2 18 6 36647 0.9868666917744096
16 28 2 26 38988 0.9157404531327585
18 21 2 16 57860 0.9908859833742371
14 20 6 9 59856 0.9763150909232318
16 12 7 13 50695 0.9463860828303261
28 25 27 16 26009 1.001139925107732
25 16 26 27 22354 0.9997275979057587
19 27 22 16 32736 0.9274686565607188
17 10 2 25 90240 1.0408185006615314
16 13 6 10 53785 0.9156387733144472
17 20 1 12 61728 0.9439874498946922
9 25 24 15 64461 1.0008776454002615
17 4 10 18 61694 0.9958973443255946
17 12 3 1 71962 0.9992106447048187
13 16 23 16 43312 1.019517246814425
22 17 19 9 28991 0.9693883997402297
1 29 26 9 108423 1.0645100091068116
26 9 1 0 88979 1.0130602284387165
5 5 1 21 57285 1.0658304335245585
22 9 18 21 38703 0.9236330439670779
0 6 17 27 84002 1.0493245670461147
29 28 8 8 101926 0.9787406231211866
24 2 10 21 73243 0.9016249427911647
15 3 28 23 68563 1.0270025110334862
21 14 28 18 25613 0.980439258002064
25 4 9 26 76239 0.9414986463477016
4 8 24 7 72170 1.0983519020437444
2 18 7 7 45743 1.0474878640443464
4 22 18 18 48934 1.0096424509521433
27 16 7 16 64486 1.0504713117752866
24 1 24 13 40322 1.075388074832178
6 9 29 19 81254 1.0232765717478638
14 3 11 16 60210 1.0982523642146398
13 10 6 27 82532 0.9063260873221038
13 23 29 28 37315 0.9809627486062646
23 11 6 20 59415 1.0158211002012
7 2 20 27 93440 1.0231084654929496
27 11 16 23 45890 1.0515033496172628
29 13 13 28 58505 1.07702031559005
12 23 20 4 62014 1.0176846418864467
2 21 11 8 79128 0.9730973527474643
8 0 19 20 89077 0.9838872643587369
14 20 9 11 58105 1.039050090636266
19 2 11 23 72306 0.9181815772023708
28 29 23 13 47893 0.9816128639710355
11 25 24 27 39247 0.9347498815890147
23 25 8 1 91118 0.9759133372783648
28 21 18 19 25673 0.9875898441375188
29 8 20 10 27040 1.0502655726629073
1 11 6 27 59014 1.0253826376033273
5 7 14 22 81990 0.9239142020812239
8 29 15 5 96827 1.0463873810411772
0 13 3 25 41177 0.9983974918916555
26 21 0 11 74340 1.0877036343508049
4 16 24 22 75531 0.9803050849892162
9 7 5 16 41786 1.046078484248051
17 23 7 27 31658 1.0248586876123822
21 17 0 20 52546 1.0073338096358169
21 5 19 29 52870 0.9407649254560349
23 9 11 8 51213 0.9294184199699881
25 28 5 16 76192 1.009365786446464
5 7 7 28 72028 1.0411694328659518
12 15 16 6 43729 1.055828264921411
17 20 13 12 49586 0.9521091021961475
4 18 26 18 49710 0.9195962164293963
17 29 17 14 55155 0.9545543331804052
0 27 6 2 76273 0.9243578045940961
19 15 14 22 42246 0.9742570835045419
3 5 9 22 73555 1.014603432138497
1 12 22 7 70177 1.0801631681691237
1 0 20 26 105819 1.0024999631930074
16 28 8 4 96871 0.9132284816169142
10 28 19 21 47225 0.9044445141762741
6 16 0 8 34018 0.9122866502959177
7 21 28 16 58659 1.0741879576398818
0 16 8 3 43918 1.0912485134142549
15 17 23 28 40538 1.0155571912628665
26 27 18 11 48422 0.9668077930771766
16 1 2 10 65719 0.9012590559957148
13 28 2 20 54065 1.0081263849923279
15 13 16 24 47523 1.0931632646826972
26 11 16 3 38245 0.9500788049427742
8 29 6 8 75648 1.0303604899094412
3 27 22 28 55296 1.0653829820009537
5 6 28 5 64961 1.0576426316245282
26 1 16 8 48613 0.9166849452958579
19 0 14 12 51500 0.9408003221111237
7 11 29 28 97469 0.9626672150622534
1 9 25 13 92023 1.0988081338623088
13 0 16 19 66635 0.9256532932699989
8 21 14 7 72206 0.9399989008285974
12 0 27 25 90346 1.0891765265851274
14 24 27 3 68420 1.0443405116832416
4 11 11 21 63523 0.9577321074875241
0 29 27 6 109033 1.099354899689577
26 24 0 4 92300 1.0798536937916092
28 1 16 14 67208 1.0316387763948334
28 20 2 14 82201 0.9640316126660742
10 18 1 29 71230 0.927368751010544
17 12 28 11 38975 0.9292431757937879
14 7 29 26 71180 0.9724856880499856
14 19 14 6 48725 0.9024671055035361
1 5 27 6 76000 0.9252998393755456
13 5 27 17 63759 0.9370468951679232
26 26 23 19 16023 1.0900273033589043
20 5 17 18 41755 0.9125365080685294
14 5 11 22 77082 1.0972118642085718
25 13 7 8 73705 0.9236543871332821
0 20 12 14 52122 1.0613395308596592
22 1 21 12 28054 1.0336940454114218
25 24 4 20 54764 1.0978089141416434
16 20 11 2 68824 0.966361092031402
13 20 13 5 69745 0.9633433409433243
23 10 5 23 66448 1.0053313580388878
15 27 15 13 59064 1.0066497595861452
11 26 27 24 35797 0.9415960532825498
10 12 27 10 57889 0.922177445476748
20 14 26 28 36823 0.9228553836251657
19 14 13 1 52132 1.0500883363342985
14 12 28 7 47118 1.015117973558812
18 26 13 8 72502 1.0152877540911156
22 8 0 29 107333 1.0601661110049387
18 25 19 11 40604 0.900145013680996
3 18 13 8 78939 1.0249793757302432
15 21 15 1 63272 1.0556211931851962
27 1 15 1 42236 1.0639933281268386
4 3 2 14 40885 1.085401459782571
6 16 25 4 74553 0.9970429412739423
17 3 12 15 52290 1.0360869880235746
11 22 18 19 29584 1.0004776064514056
14 10 28 20 51017 0.9222163357213423
3 24 6 0 73032 0.9305295732747746
14 27 27 25 35679 1.0405575551116306
0 23 11 2 70968 0.9078659854192639
5 13 23 4 64221 0.9856727657176236
0 6 11 16 56643 0.9821658490073618
24 29 15 27 25217 1.0404362023704588
13 11 20 16 44464 0.9553220126738667
26 0 29 15 44038 0.9923302338158374
29 9 2 8 91486 0.9757051548010001
6 6 12 16 49795 1.04054818439176
22 23 7 1 92768 0.9154146141893518
5 18 16 24 47256 1.0478465759128937
11 19 24 24 33782 0.9095165251795113
15 3 15 21 58979 1.041574164428697
15 28 3 27 43935 1.0368553072815354
28 15 16 2 59476 1.0795572562406446
29 23 25 5 43784 0.9261610746225596
25 23 3 28 74626 0.9628439460917222
0 27 14 9 102689 0.9060753454393534
11 3 5 21 76737 1.064759930466229
19 29 7 23 43013 0.9997652053342863
5 6 25 0 61128 1.0010348354022187
9 14 9 27 59644 0.9048607758045462
23 29 3 28 70784 0.9951595061739749
27 1 11 15 90216 1.0109143166798409
1 28 15 20 68527 1.0834125051835806
26 7 4 0 77342 0.9666753208154016
28 6 18 12 37296 0.9999954436962853
7 17 12 11 53244 0.9188311549982242
24 15 19 21 37364 0.9512200058228025
8 6 8 17 46306 0.9767842695535295
24 10 2 24 81967 0.9344961919265112
2 19 27 21 56865 0.9129548619748744
24 0 21 8 31985 1.0917117147540074
12 25 3 16 62671 0.9972673629132636
25 17 7 6 70871 1.0604972359649123
14 11 7 2 49869 1.099826041869119
24 22 3 8 113681 1.0491239219417838
5 6 15 2 33225 1.0581990189707888
5 19 27 25 55481 1.0218423823261646
11 29 8 16 69406 0.9545239021524788
0 26 11 17 55743 0.9292121352363337
29 15 14 23 50899 1.00713224045439
8 25 22 26 38541 1.0209715022763393
11 26 26 26 35491 1.0961876921784781
12 20 12 5 70100 0.9087890966781442
11 0 7 7 39776 0.928889916377215
1 12 24 20 74726 0.9259522239260637
0 28 16 19 66106 0.9761981420786126
7 24 23 22 46083 1.0736069211315247
6 26 21 0 85886 0.9526720682047691
11 29 14 13 87488 0.9664614957324308
8 9 24 20 82159 0.9511997946035198
28 7 8 8 74432 0.9862288267520097
20 23 17 0 70847 1.0901971292563344
6 8 0 21 40925 1.0288282954070456
15 15 25 7 48023 1.049015197125826
10 3 5 15 37889 0.9644424163627663
19 12 26 17 35325 0.9551510156212449
26 24 0 18 64832 1.0306916649791398
15 8 26 14 37422 1.062211725692791
29 17 15 0 64631 1.0695186219188137
9 4 3 11 43568 0.9970548540359476
1 3 21 22 85790 0.9695042126033497
23 12 9 11 59201 1.0876822742192442
17 21 8 14 57521 0.9956590677657953
8 2 0 4 29237 1.0900222464013312
4 19 20 16 44394 0.9348696022264388
24 15 4 19 59229 0.9578657232240191
6 4 25 15 77125 1.0425728853906038
18 11 5 27 80064 1.0639498286206852
11 12 29 24 78342 0.9897905552380258
4 10 18 24 85806 1.0546681636840973
0 1 28 15 99159 0.9134190290060494
11 22 20 21 36889 0.988206641047355
24 14 20 8 30894 1.0957507183983388
23 16 9 6 60672 1.0918208884403404
7 28 10 9 81319 1.04772576902939
16 12 7 22 56408 0.9796462437844484
27 18 12 4 65206 1.0866325403024013
12 1 15 14 45793 1.0599473114347038
25 18 22 2 41126 0.9788434312830628
5 18 25 23 60324 0.9090237939322547
25 18 8 4 78535 0.9776184301874655
18 27 17 13 49873 0.9338803769181809
28 3 6 16 87178 0.9366092126049195
2 0 7 15 55777 0.9563953767776536
9 3 29 17 74120 1.0360700175811608
18 10 10 3 36707 0.9917623978840828
14 11 17 27 67726 0.9103247740677635
23 11 21 0 30869 1.068962498220627
18 11 20 20 32660 1.0852279263709237
15 17 5 23 41983 0.9825196620417741
1 0 18 17 92686 1.0735528801572354
5 4 15 18 66797 0.9582321215097851
11 23 2 29 50439 0.9516025622708992
18 22 7 1 90515 1.0068470021187574
13 3 28 4 35844 0.9741149456637235
2 2 7 17 56277 1.0809323485442692
21 20 8 1 75497 0.9724334288860311
16 14 1 18 56492 0.9445219763693866
20 14 0 7 76502 0.9831401480017848
8 14 20 7 64552 0.9944422870429859
21 29 23 12 42671 0.9649158633924105
15 29 4 8 106874 1.0360240638387985
29 14 29 29 42216 0.9784200587078766
22 26 3 22 54088 1.0698447219403793
10 29 11 2 109762 1.0309248356179397
8 3 12 16 59572 0.9525102290698074
29 24 9 6 79670 1.0201727788722177
6 28 12 20 43282 1.0179641747658303
14 3 5 27 101965 0.9791303937577783
6 28 0 13 52825 0.9364669406543701
1 4 9 28 79161 1.0342690159145524
14 7 3 3 39850 0.9348067418752151
20 22 1 4 92086 0.9541396493302391
17 12 19 22 40039 0.9244779072228676
23 2 9 28 89790 1.0729452062428124
12 2 19 27 77228 1.0812757542799476
18 4 24 27 62355 1.0966566457731164
19 28 24 14 41321 1.0230673693205141
18 2 18 27 65797 1.0917864760163856
16 10 20 21 38657 1.0573535509341485
18 3 14 21 64487 0.9187162225270405
4 14 5 29 76649 1.0454479678538016
29 4 6 12 68812 1.0108541719280049
0 19 13 9 76806 1.0554094769252793
26 10 0 5 75613 1.085587314649728
15 6 8 0 42671 1.0987468667434725
1 27 16 23 49229 1.025285209284848
5 28 21 29 55426 1.0097344239047104
5 14 18 26 78408 1.0667020544568495
9 11 17 21 68399 1.0457893300312162
12 28 10 7 93721 1.087344498427216
3 17 29 8 86230 0.9359523464414812
29 29 11 14 76645 1.034090409387866
16 14 9 27 67495 1.0260987735032776
14 23 4 16 51799 1.0277339304045436
20 21 27 9 39899 0.9121268942428656
21 24 28 18 23360 0.9173290879147286
8 27 23 27 47211 1.0750698412265625
23 19 9 7 66326 0.9237729453084264
13 22 17 29 42640 0.9185791233028593
16 21 25 15 39793 1.0234119778204525
15 6 11 20 56870 0.9396598777280935
25 27 4 2 109013 1.0396596013523984
28 7 21 2 29284 1.0813911591809522
10 28 14 20 55106 1.0610169808644763
21 23 11 24 19475 1.0946717017957637
25 19 21 13 18694 1.0311574401619583
0 18 26 20 59043 1.005180799728901
8 9 3 18 55451 0.9212387477775821
12 17 27 17 41659 0.9352761187937606
25 26 29 7 42448 0.9644632173840306
15 24 5 24 27432 0.9393437939180947
1 5 25 15 91394 1.0976287980686554
12 29 17 9 71112 1.0707076184024824
19 16 10 0 72946 0.9174701103894127
12 7 22 16 51199 0.9588780235742267
29 23 23 17 30249 0.9517659653952468
7 9 16 18 64570 0.9825917953487571
18 11 21 2 27135 1.0388518508135944
12 19 27 6 50287 0.9794887488372441
29 3 3 18 88654 1.0161131382685356
10 9 13 25 88345 0.9647949992617373
15 22 2 22 39123 0.928248305125717
2 27 26 24 63574 1.0154351222616347
23 29 7 29 52154 0.9754625986595084
15 5 12 17 50137 1.0271422141532383
2 10 12 1 61317 1.0093730809290686
25 23 16 13 54248 0.9052107577159899
6 6 14 21 72357 0.9537638578528518
19 1 2 2 59181 1.0867023960062723
24 3 10 29 89783 1.0437808064811063
11 22 23 6 67238 0.9200337356099609
10 29 0 20 50073 1.0087409312263274
25 20 1 26 73211 1.0582463419145238
6 16 14 5 52831 1.043470638723082
25 10 12 24 48713 0.9690676441208931
18 28 22 5 59361 1.003457023439529
20 15 16 7 39338 0.9898245096088475
23 0 29 21 63401 1.0370964818188027
7 23 14 6 76457 0.9079352806339385
3 23 29 21 61203 0.9035336266302331
20 5 24 12 34456 0.9280591265322872
22 2 27 27 60703 0.910787693635421
6 27 18 11 74527 1.0368283685742354
10 22 21 10 54608 0.9666761290645153
22 7 15 24 47407 0.9503179242767957
8 11 18 12 51330 1.075044793917991
12 2 26 4 35886 0.9734880863996948
4 13 12 16 47954 0.9536978712002139
27 13 8 9 77632 1.0653119685422998
1 16 4 29 62355 1.0874956700809366
22 19 3 10 81931 0.9953552543727886
19 25 17 2 61686 1.0045167046240402
19 0 3 21 105298 1.0327050346114937
26 14 27 29 30386 1.068166855416822
4 24 9 18 33892 1.0342897470590162
15 26 8 16 62730 1.0294855135771608
26 5 12 12 58776 0.9311100425273912
4 25 6 3 73616 0.9300040718684477
25 2 15 4 25963 0.9314344612874468
5 19 16 28 51991 0.9781849259747581
5 14 23 20 72677 1.014011397599803
3 3 7 26 68650 0.9897237572270695
24 21 15 23 36182 1.0561377795814275
23 1 11 14 73142 0.9766623056297014
26 25 14 22 33542 0.9330365687127817
7 5 17 19 73485 0.9217993860060918
26 27 7 28 49214 0.9227175537464265
13 24 23 24 17102 0.9739713517988484
5 27 0 16 48469 1.0285316604136838
2 9 26 11 88623 1.0933080167874538
27 15 17 29 47239 1.002377693826912
28 24 0 24 62886 0.9103031402315046
10 5 24 18 66418 0.9961106902423996
16 9 25 11 27447 0.9597827858048286
4 0 5 26 93328 1.046911803433897
5 28 1 21 50928 0.9404732605893136
3 16 21 14 66067 1.0973638094298006
10 12 19 7 50250 1.0804274573159782
11 19 4 26 35412 1.038269369978816
28 18 7 26 59296 1.0428306581100302
26 22 22 10 29093 1.0608317592134484
8 4 26 13 68177 0.9172551840236279
15 20 23 18 23770 1.0309840349684027
3 14 1 23 34205 0.9764994222952074
23 11 29 21 36619 1.0261905060276884
8 15 22 17 53542 1.048548632916817
3 4 29 14 94575 1.0722739672693578
0 21 12 18 37533 1.0280834023593317
2 27 28 8 100139 1.0343050514403531
6 20 24 8 72789 0.9162446829618063
19 16 6 19 37548 1.013811659999981
6 8 16 12 45765 1.0243519740565947
25 19 20 14 21293 0.9753182564172527
3 23 25 14 68073 0.9853289384958037
29 3 21 18 48491 1.0566901591519677
7 24 13 10 70867 1.0595193400039364
27 10 5 5 71250 1.0516131389763732
14 7 17 16 40580 0.9921759711515411
15 2 8 27 97643 1.09810490273758
22 15 23 3 36437 0.9988641063260318
18 22 11 12 59937 1.0537090308449264
6 18 11 26 37305 1.0975027744437913
0 17 28 22 75333 0.9223270968274798
25 9 28 29 39615 1.0214679019098882
4 14 27 10 84675 0.9323360750489055
19 22 0 6 79628 1.0272935436407802
26 18 16 12 43704 0.9079681319567642
27 12 14 2 51414 1.0089045171893647
12 21 8 3 73928 0.993370780021224
21 12 3 7 66864 1.0666835763833262
12 2 2 17 69066 0.9720428696594011
15 4 0 28 101921 1.073343315708129
23 27 2 15 82238 0.9071030263764973
22 12 11 11 43647 0.9182438769544659
15 13 17 28 60655 0.9623555496014331
17 25 6 25 35321 1.0709867448877668
12 0 1 22 92424 0.9650820868299076
18 29 20 3 60154 1.0239660265196797
5 1 15 25 97382 0.9631272843650837
14 20 4 1 84575 0.9331520007819654
5 7 4 25 71445 1.0178635858629936
2 26 6 9 63511 0.9084357470344985
28 6 11 19 55081 0.9458125455783599
25 5 3 11 77966 0.9726730018042146
27 11 2 9 92571 1.0747521137608809
5 10 23 25 87985 0.9048623344691912
1 19 23 6 75170 0.9040396269240646
12 13 5 24 60884 0.9286213105889054
5 9 25 4 62703 0.9674036352336612
25 20 13 16 48058 0.9515220374262867
18 2 1 17 81608 0.936332811500333
18 10 1 22 81114 1.089256152846967
19 28 8 25 36580 1.0394698700609686
4 5 16 9 48558 0.9562807026713714
8 25 26 2 86147 0.9031487365340815
21 21 11 3 59014 0.9966172976849046
10 18 19 29 52401 1.0117635155779419
9 17 16 11 51563 0.942353588602844
0 19 19 9 76611 1.0986717550840428
20 5 7 27 80670 1.0602134106081973
27 2 9 16 87669 0.9936735147056284
3 26 28 8 89818 1.0526627500974464
3 12 27 0 80018 0.9081722687217798
29 16 0 17 73975 0.9411847724963898
16 5 3 21 89170 1.070950401810678
26 17 6 25 58082 0.9344480733061264
14 21 24 25 38191 0.9349329361442228
17 27 17 9 61909 0.9140854898688615
0 8 15 13 60139 0.9315768555130576
27 26 4 10 97752 1.041431424342063
1 13 23 5 81538 0.9284095329707911
1 11 4 18 31118 1.0908936059859409
28 16 20 4 44036 1.031469186435174
17 14 10 25 56243 1.0705935987660389
16 5 1 13 59451 1.0467645993624564
10 25 17 11 65106 1.083309289925917
6 3 21 15 60965 1.0008730921117457
4 19 26 19 42290 1.0617991147600851
1 23 25 12 76954 0.9271936308729424
27 3 1 5 77683 0.9162747048987055
20 3 18 23 51623 0.9327176098294899
9 24 21 15 41280 1.0363972912790058
14 22 25 5 66427 0.9742311080806892
26 11 19 15 36118 0.9841441870009604
22 22 8 15 59195 1.0707229339104365
13 20 1 4 71788 0.9240258426194543
12 24 22 2 61790 1.0773313681923027
13 27 22 19 41867 0.9473900962051933
26 13 14 17 41576 1.0440013402103545
18 11 4 26 74419 1.0857404537478197
2 21 9 6 64072 0.9795183826575614
27 11 15 13 40467 1.0358899247054845
14 12 10 22 59326 1.0518827414642378
12 6 24 16 57861 1.0905726452518159
13 16 22 20 43748 1.0743443616967054
16 15 1 15 59270 1.0101475293284292
8 5 3 27 91849 0.9908808726805586
6 12 0 29 69835 0.9446035833876517
5 1 12 6 28816 1.021577099358147
0 6 25 25 93624 1.0904342958494744
6 8 25 20 82911 0.9178199299707634
6 24 17 7 81458 0.9410544758086669
9 22 13 10 65805 0.989544139587836
0 14 25 10 81603 0.9482338679315825
29 20 2 25 77954 1.0559639722831893
22 23 25 15 36354 1.083443843028967
10 2 0 15 52028 1.0707414231561692
24 24 18 5 51672 1.0332287539244351
22 9 13 11 37065 0.9357898943040519
12 0 18 26 87929 0.9600380603895828
1 1 12 2 44539 0.9089906957995852
15 28 19 12 51497 1.045404079702951
12 22 23 15 52882 0.9305811991521296
14 19 5 22 38914 0.97292090564036
23 18 10 13 59896 1.0799905999082724
15 17 3 12 60775 1.0218931288314552
14 14 26 19 44973 0.9156400792172245
10 2 27 8 57723 1.0546442564484906
24 8 18 29 57523 1.0562407327238783
25 22 10 13 73130 1.0324618117305138
8 27 27 14 69063 1.0491724351079086
15 17 4 21 42397 1.0259383717966166
11 4 26 2 45016 1.0760706377441351
15 25 11 12 69520 1.0181719738234032
13 21 11 8 73176 1.08270987181258
24 19 29 27 25106 1.0746517117905106
6 22 0 9 46168 1.0019581740247299
12 4 3 16 62831 0.9437086065686454
18 28 6 21 47273 1.0799402319436273
7 2 22 4 44379 0.9650455630661914
1 18 16 0 83652 1.0733127966527065
5 20 5 3 58873 0.9373226872888225
20 23 11 0 83039 0.9754131837700324
12 14 14 6 38676 0.9519007186146837
14 11 10 1 42759 0.9667248610511847
27 11 9 25 62841 1.0621865295651116
26 11 10 2 54885 1.0997063568156529
0 28 15 22 56147 0.9343623056580712
1 16 12 12 54177 1.0793135381971135
11 6 28 17 64365 0.9413579740810019
26 0 1 0 85841 1.0972180355201389
29 12 11 11 59103 1.098611750222943
29 11 18 12 35604 0.9332130597727004
13 14 22 11 42859 0.9719361371657591
22 22 25 3 52161 1.0152271916234146
8 10 21 26 76595 0.9764296172115122
13 4 22 20 62167 1.066655103312032
27 16 12 12 59886 1.0881391699875078
9 23 4 15 46472 0.9714843488325221
29 7 4 26 87506 1.0248229097413406
7 12 14 27 83349 1.0328491421568113
1 20 2 7 37945 0.973714396637815
3 10 15 22 78995 1.0071947611939727
0 13 6 0 39087 1.066177592108694
23 27 7 19 51308 1.014093637889934
23 5 2 20 84783 1.0062695693492225
5 23 24 19 49857 1.080732518652086
2 17 15 12 67221 1.0130260821249957
17 6 1 0 63354 1.0798657761263604
22 24 27 13 32965 0.9834970837406249
17 13 29 15 56774 1.025344820388494
14 29 11 1 100400 1.0624181771278
28 18 10 27 57628 0.9482425892978747
11 8 20 6 36570 1.0858118309551128
9 9 9 25 79654 1.0227506508878847
5 6 17 27 95891 0.9625436790663078
15 11 4 18 57631 0.9869465019258115
15 29 13 21 43100 1.0624019567526188
27 29 22 16 41195 0.9413972297198979
21 6 26 21 37782 1.0908692381308045
3 15 20 13 73924 0.9196574387986954
12 19 1 3 62695 0.9362762268030616
16 16 19 25 36953 1.0658384388734543
12 28 14 15 67247 1.058754980395709
15 18 1 8 68474 0.9858182681604085
8 15 14 6 45658 0.9487702585233218
10 2 18 12 46116 1.0365418100566177
3 8 25 19 95998 1.0704884012334301
29 2 17 12 54892 1.0729300365274592
12 23 23 14 47589 0.9232400978429557
19 6 1 25 97951 0.9325786442133945
20 10 29 11 24399 0.9681930081741278
16 15 7 18 35604 1.0229921630614154
17 26 23 14 40378 1.0364696216217508
15 1 4 14 55780 1.0964378605350678
11 20 15 8 52022 1.025901204183831
25 25 29 19 20983 1.0944157451979646
22 19 3 4 84023 1.0563314770115853
16 2 16 25 69183 0.953938458393268
8 26 19 3 79050 1.0894365374474342
21 17 16 4 36331 0.908211195912821
20 11 25 26 41987 0.920729215799812
10 20 27 14 47957 1.0654504671731377
20 2 29 27 66447 1.016249943579838
26 23 7 1 92812 1.0447841455275015
2 1 13 10 64974 1.0108350582581154
20 15 22 6 27939 1.057828884789778
19 4 12 7 28426 0.9020018817356836
19 18 6 8 65986 0.913626836889708
22 4 1 2 58307 0.9787740294734475
13 7 7 24 81128 1.0346536135925999
28 3 25 21 50262 0.960917741717223
6 18 28 28 60623 1.058165998170543
0 28 4 18 48455 0.9707516147684315
5 18 5 5 49172 0.9715858888641227
15 12 4 4 49840 0.9396047998956899
20 2 28 14 44785 1.000402069749068
10 7 19 14 52967 0.9305063869195058
17 29 4 6 99916 1.0917236457085273
12 5 28 8 61307 0.9158220072690164
28 0 6 1 63366 0.9828321730762007
19 13 18 27 49595 1.083905964676837
3 23 22 14 62799 1.049446400883995
20 23 3 7 93591 1.0937067167174526
22 24 19 9 40989 0.9906253722245029
29 20 27 1 56280 0.9557531232932323
9 16 5 2 47074 1.08336725478125
20 14 15 28 42287 1.0648815706608237
12 2 28 12 61533 1.0471329920672103
28 21 4 21 65911 0.906004796503124
20 20 5 3 78327 1.0421489828385773
9 16 4 22 42945 0.9975549957247384
17 24 27 20 28792 1.0762479610849314
14 12 18 1 39517 0.9771169836800753
24 23 29 14 37565 1.0689486607888552
2 24 27 16 74540 0.9180270593173975
29 1 6 13 78323 0.9576645506526674
27 0 11 28 85923 0.9615188160305921
18 5 4 21 83620 0.950116687482402
15 18 3 21 42533 1.0861870509356908
2 0 16 25 101815 0.9553868755228558
19 6 26 3 25320 1.0081568982721736
15 4 24 8 38083 1.0325953028662562
21 26 26 2 56379 0.9280938462268477
15 6 20 1 29289 0.9308514488421118
24 26 29 12 42253 0.9292972624056364
11 9 1 21 75459 0.9854921795005394
16 16 3 4 74785 1.0265724495944375
25 7 25 23 37828 1.0941392380807815
19 18 28 10 35020 1.0382872721580922
8 13 22 18 65689 0.9029837914446295
4 19 1 1 53426 1.0939600124317284
14 10 19 22 50819 0.946679866836492
6 7 22 0 59287 0.9934574819798232
24 9 26 28 40200 0.9857418004627433
1 19 26 21 55261 0.9966040646254763
6 21 3 2 74529 0.929985408410192
14 15 27 19 45460 1.09877361435888
8 22 3 0 91449 0.980479890861942
20 27 6 14 79112 1.0387608993579287
2 17 28 13 80043 0.9084621252426954
28 10 28 0 30288 0.989387540788308
24 2 17 11 38545 0.9952723527236509
6 23 21 27 39580 0.9321348032685914
25 19 4 28 71035 0.9811928977488307
20 22 13 26 30317 0.9648204677514071
3 4 8 18 59445 1.055734503698665
3 4 13 8 50827 0.9842579206333443
28 26 20 15 38921 0.9516019474074563
7 24 20 6 69116 1.0851324284422703
11 6 17 0 36843 0.9994586011530364
7 28 15 11 72582 0.9191406230629672
13 4 2 15 61431 1.0563034054492844
27 2 3 1 74982 1.034441081416454
21 26 6 21 45251 0.9116374939375933
2 7 9 12 41253 0.9861433149503308
10 29 25 28 40010 1.0421961817600676
1 17 10 5 57857 0.987220006042325
26 9 26 27 29168 1.091482558902944
4 13 27 7 83133 0.9548769595404942
28 29 4 8 111388 0.9447684618160931
4 15 4 27 57523 1.0819034645374643
13 14 0 28 85888 0.9365468324949792
25 18 0 4 89090 1.042950766062504
18 3 1 22 87831 1.0369440278161588
7 9 22 26 90304 0.9702455526547219
6 5 18 16 61507 1.0080322487240125
2 6 16 26 81055 0.9879352318987406
6 27 13 23 26538 1.0432023286915726
9 13 21 24 64404 0.92821946407503
11 11 12 26 77523 0.9216667124499914
12 13 1 24 71202 1.0070040975082963
16 24 27 16 34355 1.0883690585795454
16 17 18 2 54034 1.0002676894168705
22 16 28 27 39654 0.930173421374617
0 25 24 10 89381 0.9413758878881524
26 4 17 15 53214 1.0657801717206548
2 17 3 8 55241 0.9909077781099099
11 4 3 23 77531 1.0069880985092077
6 23 11 29 33828 0.9197989976858058
3 29 22 17 83749 1.0333196522696853
19 29 27 5 61337 0.9951003012316372
12 1 11 22 89708 0.9891768525783502
26 12 17 1 46694 1.0604730727264675
3 10 10 19 57966 0.9935158283842134
27 11 18 10 23663 1.0189249544627876
28 9 11 16 68164 0.9885543477865245
15 1 7 25 88942 1.028516647243995
21 24 10 14 56367 1.026982409204782
15 1 2 19 79535 0.9265930084908519
9 1 17 15 66485 1.0487018202320286
14 22 6 11 70370 0.9462221925089151
7 1 24 14 79712 0.9265877579393837
20 25 8 0 96259 0.9859783247926137
18 19 2 15 54279 0.9737100231655559
18 4 9 18 65978 0.9720111656533077
13 23 1 5 70031 0.9573385096184573
25 3 1 18 87577 0.9867680276703082
9 11 28 17 73716 1.0040794509215996
17 16 15 5 41365 1.0637433454815315
18 8 26 20 40343 0.9760582475379724
13 6 5 8 29098 0.9310608062319065
7 27 18 23 34014 1.0434749946022759
8 5 23 6 49587 1.0429055125083502
13 13 22 1 61351 1.0728499262035764
24 26 29 5 48620 1.0168416921950727
25 16 12 10 50413 0.9340600384492439
12 21 17 14 40904 0.9250860362885659
27 20 22 12 35205 0.955380307514603
16 16 27 12 45388 0.9810076443086898
2 5 11 6 28096 0.9602288841414501
11 27 13 0 100736 1.0707633144460045
12 27 1 24 41294 0.9830276324306255
26 17 29 8 24230 0.9297970593131476
27 6 27 18 24667 1.068863105792956
13 12 2 7 60846 1.0815594576911765
29 20 20 19 19969 0.9178452430674495
26 22 1 10 83324 0.9289193589708592
18 0 21 8 27612 1.0727199209888676
5 22 25 12 75988 0.9475333752252911
22 13 10 5 56587 0.9705651637406332
25 29 11 21 55159 0.9306129769879472
21 3 29 26 59135 0.9483985676702756
14 27 4 14 78989 0.9211221582952032
6 14 4 6 19226 1.0486614107021346
8 26 17 17 52265 1.0501908766147423
8 2 23 4 39968 0.9458967016691257
11 10 4 24 79423 0.985583749385939
12 9 0 24 83849 0.9504642195281889
18 20 1 11 65538 0.9209098856494343
5 28 29 26 70737 0.992037877606092
14 16 20 22 40521 0.924844359505143
21 23 10 24 22988 0.9401036550788094
5 0 15 23 94881 1.059858023329865
13 19 18 12 32099 1.0268645183634215
25 1 28 9 30649 1.0693863851095493
27 8 14 14 54534 0.9801535375915047
3 3 4 16 43283 1.0057721975090013
3 13 4 22 54220 0.9695352253508759
17 9 6 13 56458 1.0179511651434712
2 4 13 12 66701 0.9556124234201636
25 6 17 28 52561 0.9677973191426213
0 21 27 19 61446 0.995818262568287
23 2 11 13 64666 1.028496538217249
25 23 21 12 35489 1.0640039298914408
14 25 14 4 75946 0.984582275744174
19 12 23 1 42173 0.9750477862172213
15 0 16 20 62607 1.008935350594428
28 17 14 20 38884 1.0834741298193908
27 11 17 5 42208 1.0662123978835645
4 28 9 9 93184 0.9875958406690508
11 22 21 22 32481 0.9866785848288772
16 3 1 21 82732 1.0352342629824367
15 18 13 29 54240 1.034469299521972
16 18 29 18 30529 1.00349409162086
25 23 3 1 110165 1.035722067288818
17 7 26 9 33423 0.9925338344365825
16 18 0 12 54293 1.0938312732057494
23 27 9 13 78431 1.0740293605942763
22 25 4 10 92228 1.0502513153513773
3 1 29 24 109496 0.9318409242772728
22 19 1 8 78362 1.0702515968020623
12 18 18 9 43977 1.0845160181456488
28 10 12 20 50960 0.9700421274742084
0 23 7 8 52787 0.9021035619094404
0 13 27 12 82725 1.0813780377624747
28 10 26 25 29529 0.9508468880269267
28 15 29 3 39466 0.9087138938596008
11 10 18 22 60823 0.9905611287544086
23 13 22 22 36828 1.074209681130915
16 10 9 13 42097 0.9974567092199154
24 7 3 13 81915 1.048051953965103
3 15 22 29 80181 1.0726828839024205
22 10 4 22 71325 0.9762889743080092
4 8 25 0 75844 0.9498601832504217
26 7 0 18 76547 1.0342542806736938
13 28 6 16 61449 1.0488561594453731
11 18 26 29 49094 0.9215349641900232
20 26 5 21 51416 1.0213847077317475
21 15 13 18 27147 1.0341051054295716
21 25 11 20 36532 0.9145040873310647
25 28 11 23 37203 0.9046364059205826
1 13 24 11 90022 0.9968282829248983
18 2 20 10 27183 1.0727072197434309
19 12 19 2 36725 1.0160518576367816
1 12 21 9 70636 0.9630827881132487
1 26 13 3 89281 0.916160857877537
13 21 26 13 48777 1.0685133611098028
28 7 18 16 48849 1.0806319258023633
