3594 4122 5034 4244 4066 4031 4753 4504 4111 6787 3661 6183 6611 5776 6870 4620 6065 7168 6271 6788 6608 4536 6192 5224 4021 5353 5547 4827 6693
2986 4240 4105 2724 5932 3811 6063 5528 3519 6281 3768 5816 3162 3025 5643 2739 3992 3820 5789 2675 6263 4716 5508 4842 3768 5791 3801 3803 5905
3402 4252 3495 3478 4725 2573 3681 4480 2370 3209 3351 2439 3682 2509 2833 4671 2695 2112 4816 3036 1983 2039 4667 4944 2541 4786 1126 2999 3470
6804 6489 5493 4864 5603 5526 5732 7323 7112 6966 4563 3281 4674 3879 5264 6658 4722 5694 4784 4919 5181 3880 6214 6581 6374 3234 3567 3529 6357
3977 6559 4179 4264 6675 6045 5591 5414 4363 5281 4928 7025 4681 6336 3677 4569 5790 5344 7527 4029 6971 5803 4346 5848 4745 4264 3269 2140 2906
3736 5456 6485 4518 4956 3047 3288 2844 4447 3609 6355 3103 5417 6339 5412 4132 7272 6542 4712 3998 4635 6351 5176 4132 5181 7326 4497 5067 7765
6467 4447 6270 5855 4965 3171 2479 3943 3905 1266 1383 3243 3352 2051 3551 2181 2053 2780 2298 2142 3274 3576 3871 2376 2514 2806 4934 1271 2791
4207 5242 5254 5271 4372 3646 6112 2968 3461 3498 6109 5886 5918 7585 5335 5035 7373 7983 5019 8073 4534 5152 5236 5676 7140 6725 5561 7253 6534
6728 6182 8115 5021 8694 8422 7624 8511 5151 8929 5486 5653 8498 8504 6117 5865 8685 5835 5123 6849 7467 6322 5089 8418 5085 5765 5413 7904 8446
6509 8432 6618 7063 7278 8088 4953 6568 7269 7094 5069 5085 7072 6847 5553 8083 4989 5909 5146 7318 7893 8167 6142 5246 5791 5181 5108 5626 4127
4574 5628 7077 7340 6775 3451 3829 4487 1803 4437 4782 3289 2552 5695 5419 4659 5065 1897 3764 5506 5266 2721 4815 5464 3572 2041 2757 3053 3780
4926 2832 1458 4127 2142 3229 2178 3951 2709 2968 4122 7049 5095 7036 4636 4589 4441 7580 3696 5442 5867 4425 6793 6339 4268 5392 4121 5265 7336
6418 7223 7507 4498 7426 5094 8217 6576 8274 7846 6860 5462 4637 8266 7910 6823 5096 7021 4941 5597 6470 6280 6954 5451 4951 6375 6639 1836 2134
3036 5430 2725 4701 1900 4876 3957 1716 2110 2644 4748 2608 3147 2675 4599 3413 2567 1998 5431 2628 3436 3185 5119 5189 3225 4444 4504 4253 1940
7229 5494 5629 7110 4426 5567 7228 5478 5790 3986 7332 6084 5922 6816 4748 4917 7396 4726 6552 5697 7068 4118 3747 3775 6633 7496 7041 5142 5922
7565 7997 6334 7612 7939 5321 5469 5331 5667 6874 4608 4815 6620 8127 7390 7020 7060 5578 5504 5304 6397 7815 8165 8182 6074 6398 7821 6704 7466
6676 7143 7730 6594 8426 5139 7394 7509 7821 6608 5920 3242 4699 3588 6692 4089 6108 5403 3835 4857 3518 4176 4142 5592 4573 5932 3023 3446 6016
6921 5424 7618 5750 7289 7352 5253 5119 5085 7990 4485 6309 4430 5394 5729 4200 5035 5547 6422 6662 6265 4074 4340 6513 5218 4155 2990 4711 3184
7427 5638 7084 5212 4823 7395 6621 5294 7033 7259 6713 4609 6620 7751 5412 5819 4591 7140 6298 3837 6106 3937 7170 5724 3910 5579 4276 5452 6590
7554 5935 5118 4402 5144 8190 6881 4538 4820 7614 6740 5515 4431 6565 4930 7105 5422 6183 5981 5496 6805 5270 4693 5223 5345 6460 7164 4610 4726
3768 5754 3146 3440 5289 2277 3727 4495 5511 5548 5281 2497 4638 2568 4055 2463 5828 4453 2320 4813 2738 5870 4443 3815 4797 2314 3733 5790 4777
6696 4944 7130 5675 5540 6937 7100 7601 6670 7312 7333 5225 7326 4032 3941 1673 2176 2533 4662 3268 4826 4680 5016 1732 2703 1796 5169 5457 5414
5377 4837 4348 6035 5197 4328 6258 6454 7388 7774 5215 6286 4987 4783 6419 4952 4076 4689 7321 7451 7845 6284 4291 4597 6295 7013 8363 4971 7101
5107 5424 6787 5265 6006 3446 4021 3896 7240 4435 5056 5175 6102 7020 6343 6727 3433 5615 5601 4023 5464 5909 3521 4658 6530 5271 5829 4063 4343
4093 3878 7151 4543 5209 3987 6147 5307 5173 6383 5758 7727 5391 5212 7497 7436 7740 7048 7568 4715 5193 4401 5471 5808 5451 4895 7656 5280 5608
4831 5730 4237 4980 5413 4742 4217 2779 5036 4662 4575 4691 4191 2426 1851 2204 2366 2166 5202 1545 4890 4498 4115 2960 3952 3500 3125 2582 5016
6330 6959 7022 6297 4160 4489 5526 4612 4965 4950 4934 4647 5247 3892 6958 5807 6858 6960 5434 6752 7239 5425 6635 5354 5455 4936 4060 3508 5024
4951 3678 3928 5337 5100 6840 5481 5772 3669 5688 4697 4639 3811 4029 6033 5833 4695 5555 5775 4125 7394 3543 6352 6691 5317 5461 3881 7359 7071
3309 3892 2406 3533 5266 3452 4166 3160 3820 2152 1859 3369 3604 4471 2880 6351 7427 4223 5644 6210 7189 4232 7044 5942 7949 5497 4795 4196 5320
5643 3617 3715 4695 4054 5670 4200 3789 5353 3738 4696 3714 5337 4948 4588 3241 3576 2733 2833 2273 5078 3955 3298 5483 3516 5220 4320 5813 4868
4848 6057 1596 2736 6441 6699 3115 3585 5037 4918 3932 8069 3910 4058 6490 2085 6991 3739 8188 1552 5218 7116 4395 6779 5635 5994 5326 4344 6271 5075
7654 8220 4203 3484 5849 6368 5962 5505 6385 7566 4752 6937 4272 4433 5898 7444 4827 5729 8030 3349 2428 5104 3510 4751 2151 3008 3490 4089 5395 4377
5350 7871 2196 5605 6540 6317 5646 4426 8297 7067 5147 6290 1434 3415 5351 4357 3614 4591 8232 4134 6074 7982 4424 4753 2818 2315 5211 3828 4369 3077
7383 8002 4225 2604 6449 4502 3939 5211 7992 5134 5265 6125 4760 5755 5400 6908 3723 5197 5119 4441 5432 8530 6371 8417 5261 4161 4669 5467 4020 3883
6559 6171 2945 2924 3400 5630 5458 6468 7073 7092 2095 1553 4775 5483 4187 5124 3774 4187 7271 4405 6119 6939 5135 4567 4528 4930 3439 5345 3506 5700
5858 5706 4748 5321 6047 7573 4163 5007 5969 4023 3461 4561 3700 5791 5646 5509 4272 3319 6273 5103 5795 7806 4090 6894 3821 3381 4090 7065 7082 3829
7293 6056 5397 3709 3341 5967 2811 4243 7347 5444 4660 5085 4739 2082 5876 5963 5287 4828 7150 1807 4031 5204 6865 5143 2920 3117 6082 5661 6128 4918
4261 5187 4751 4818 4857 5224 5015 3511 6608 7803 2436 2071 5233 4207 6010 7105 4935 5880 7976 4992 3660 7889 4567 6885 3794 5388 5921 6749 5975 2157
7751 8015 5266 6293 6236 6501 6017 6487 5696 4002 5999 1526 3033 4937 4084 3910 7516 5199 7643 1536 2554 4775 6825 7337 1971 5058 5774 5133 6028 1882
5251 5251 2561 5266 4357 4470 5494 6852 6216 6447 4724 3811 1963 2905 4186 6632 3765 5594 5753 2504 2416 8289 4641 7654 2447 3268 3262 6421 3829 4903
7153 5700 4134 6155 4710 4091 2912 6483 6602 6466 3244 4296 1411 5090 4762 5617 5625 5145 7097 2866 2588 8038 6369 5790 2619 8396 2499 4469 6212 3196
5372 6205 2548 6931 3961 4392 2793 7134 8126 2642 5483 5087 2352 5344 4133 6740 7433 3692 7776 2607 2412 8393 6896 7911 2069 5971 4495 6517 3859 5484
5704 5924 4058 7506 4889 6045 2926 6013 8430 2335 4967 2841 1540 2780 6913 4886 7116 2174 5282 2313 3945 7253 5095 8291 2541 4800 4673 5862 5504 3913
4898 7761 4842 4657 4334 5810 3959 4186 7378 4314 5294 4245 1507 6961 4918 5953 6090 2418 5900 3344 3074 5600 5006 5854 2850 8604 3513 3794 6035 2628
8021 5206 1979 7801 6379 4039 3001 5714 7046 4338 4500 4750 1844 4037 6497 3860 6901 2370 3645 2616 5944 2680 4539 4939 3706 5919 3202 3529 7561 4278
5999 5347 1790 5125 4843 5023 3729 6029 5192 2436 5289 3703 3771 4306 3791 6336 6787 1847 4390 2103 3742 6202 4300 5633 3956 8054 3231 2462 6605 2465
4714 7697 4321 7463 5517 5246 2681 3691 4106 4940 5814 2501 1457 7027 2741 7436 6116 2369 5077 2308 4093 3640 3063 7370 3283 5593 2667 3124 7745 5244
7057 4830 2029 7751 6010 4836 2806 6089 6969 4848 5399 1777 3851 5345 2654 3768 4164 3138 6124 3835 5550 4684 3980 4253 3092 8475 3606 4781 4594 4607
5721 6653 5421 7145 6428 6470 2729 5148 6094 3640 5530 3545 4849 4261 3655 6475 3693 5544 5055 2148 3385 5021 5712 6238 1907 5561 4464 3470 6047 3161
5800 5688 2250 4639 4496 3959 3338 5783 5242 5417 3370 1787 4088 3916 1841 5223 6319 3755 6309 1900 2617 5206 2194 6446 1873 8010 1985 3097 8243 3475
8070 4707 1887 8342 6248 3879 3375 5972 5237 3677 4142 1715 2249 5188 3627 6417 4811 2082 4690 5126 4230 4123 3281 4751 1866 5925 3718 3720 5023 2455
6132 5248 4425 6033 3154 5973 5683 5806 5895 4423 4448 2587 4263 6415 3587 6175 5317 3762 6183 3053 4785 3101 4000 4329 3892 7994 2395 3170 8015 5493
5018 5682 3646 5565 4115 4526 7513 6851 5421 5291 2782 3523 4596 6049 3063 5545 5315 4710 6559 2571 5481 5777 1931 3987 4960 5500 3026 1377 5511 2810
7307 4653 3051 4669 5822 1683 4991 5706 4702 5424 4237 1695 4207 3935 2350 6389 4340 5664 3610 5359 3001 6376 5384 4181 4778 5101 3731 3776 5236 4207
4195 4761 4815 4464 3478 3202 8051 3203 6505 5597 2460 3776 4422 4183 3639 6257 6167 3168 6233 3002 3974 3384 2943 6113 3914 4973 2619 3754 4837 3462
8015 5991 4075 6787 4984 2321 5064 3557 7082 2642 2316 1824 4247 5597 1433 6467 6422 4085 6656 5314 3173 4105 2943 6482 3695 6530 4735 4714 6196 3281
7286 5161 2280 7970 4206 3288 5849 2351 3902 3395 2885 1760 5127 5038 4164 5260 4715 5667 4436 4832 3360 5388 4476 7511 4699 6090 5152 2645 6834 4118
7544 6746 2001 6803 2479 2913 7037 2574 3307 5867 2813 3380 1727 6737 4089 5108 4948 4677 5908 4100 5054 3296 4467 5059 2991 8339 5220 3892 5482 2780
5132 8323 5415 8139 3246 1711 4510 2026 6621 4283 4209 5261 2503 6981 4326 4362 6973 2888 5427 4409 2761 3765 5028 3670 1803 5634 2963 1494 6361 5051
23 5 27 11 34480 0.9260515420568034
19 13 12 16 42660 0.9522470680151262
27 3 14 10 74372 1.035067493200559
23 7 20 28 93447 0.9393253248591176
5 3 21 19 93174 0.9801021920743187
13 15 18 0 70432 1.078912669782095
0 17 11 10 62443 1.0478774353934064
10 5 27 12 71084 0.9722198358414329
20 19 28 28 57944 1.0424447261001837
18 18 8 24 51708 0.946763148450693
21 26 19 15 45889 0.940631167362649
9 3 8 15 65241 0.92442578235924
11 21 0 26 62211 1.0759262835460601
22 10 12 25 80370 1.0508297069381862
17 12 4 14 42449 0.9274216107407504
20 5 24 14 49169 0.9667877017794579
0 11 26 5 110774 1.0907331619712377
2 5 16 9 68618 0.9139630080892943
23 6 29 22 74778 0.9756444572075644
21 19 10 7 69013 1.0467726461998843
26 15 15 21 61191 0.9456707427735839
5 5 24 23 108561 0.9997602179312534
25 25 5 26 70074 0.9243417515793791
22 7 16 26 99748 0.9720938972322789
16 15 9 7 53054 0.9212968319144886
22 0 3 7 98099 1.0189301082745073
18 3 2 24 119956 0.9335058639296947
20 6 4 1 75279 0.9777344606174271
21 8 5 2 79234 1.0113999239383935
27 25 13 17 76422 0.9068272487039809
14 10 21 28 85383 1.0304514309148294
3 27 29 28 99932 0.9962595608808977
19 23 21 12 48311 1.0370753314727366
1 27 2 12 52529 0.9903319765486363
11 10 26 11 49478 1.08553363699932
27 27 1 26 93225 0.9109456155731778
5 21 2 10 50721 1.078725926076472
10 9 17 23 69658 1.0713787322991633
8 23 0 5 90464 1.0877913812257112
23 14 15 21 47290 0.9491698721679378
24 22 3 15 89805 0.986868835417118
26 1 16 10 76444 1.0545559011089414
9 22 24 18 62416 0.940913357185315
3 14 25 16 85891 0.9770033000147927
23 16 28 5 51443 0.9433475665597518
23 18 16 10 50737 0.9915449033671923
26 29 4 2 144679 1.0159730313512907
25 20 8 6 95825 0.9587961490375471
29 26 5 16 101876 0.9247161659657558
6 12 12 27 63387 0.9421729799794292
25 18 28 29 51564 1.000318409210138
7 2 28 7 90953 1.0745979053569026
4 26 25 8 112398 1.0862779665345212
6 22 24 20 63645 1.0476392807494097
10 0 15 24 96877 0.9837806938116607
16 19 1 13 63648 1.0517706857612035
5 5 1 15 49975 0.9511566389937441
12 15 22 1 80634 0.9159016719314848
18 15 25 1 80145 0.9180549748547827
7 10 17 14 39949 0.9814975107490533
25 16 16 24 53298 0.9562542169614943
19 25 0 18 85487 1.0610335268670867
10 23 10 13 44807 0.9992736077092267
6 4 29 4 92661 1.054645787248281
26 3 27 19 74032 1.0164977244697906
6 1 7 19 61000 0.9438427891706025
3 18 17 29 83500 0.9259995524936678
19 17 10 23 49490 0.9638684209158673
22 25 22 11 62326 0.9481018559998059
17 20 5 3 86807 1.070126238068493
3 19 16 4 90964 0.9648188271220357
27 17 14 16 55557 0.9974580067644434
0 24 25 26 81378 0.972248638789566
22 21 11 21 47881 1.0932835647281625
16 7 6 19 66655 1.00590526235482
5 1 29 12 108357 0.9227631484881328
24 17 7 22 71134 0.9076298475431209
28 4 5 12 88080 1.0185887731283203
5 11 12 21 51342 0.9151536423096294
8 1 7 18 71120 0.9151551497751734
26 19 12 7 81508 0.9435238671085775
11 12 1 24 66826 0.9812816174654884
12 20 21 0 98108 0.9583739341845675
18 20 14 13 45687 0.9560066510090702
24 25 20 7 86161 1.0343193069779901
2 15 25 17 90223 1.0635136976233965
7 24 19 24 34235 0.9403192868960432
22 26 0 5 128600 0.925928747804866
21 11 10 27 80675 1.0606503279202941
20 5 29 24 96428 0.9389139170865222
23 28 10 12 88015 1.0632932752134634
2 5 1 17 44222 1.0362534587738896
24 20 25 2 71257 0.9664149510531695
16 28 0 1 131991 0.9857894228432909
5 16 27 1 109768 1.0755017653316272
12 6 23 17 66898 0.9624512768741567
7 17 1 3 65536 0.9481654425195187
11 1 15 7 31936 1.030131804444339
4 14 21 12 57486 1.0839641147827601
27 2 16 10 67605 0.930546255126763
13 18 15 7 42125 0.923370909558448
10 6 3 23 84142 1.0684740345977457
3 24 19 9 98003 1.0070607902709088
0 14 23 5 107200 1.0204092725529526
10 19 19 23 45848 1.061521219255169
19 13 23 25 58510 1.058235711081976
12 24 4 14 53755 1.020349035375952
19 13 24 19 36079 1.0057954231432187
13 10 17 4 38276 0.9868472313019907
24 10 16 17 50464 0.9494408818646523
18 29 23 2 124053 0.996767591056679
5 23 13 27 38487 0.9708987748514961
19 1 9 28 124170 1.030677135740988
7 6 29 17 102174 1.0529120044846327
24 3 27 17 66446 0.9428005318640608
26 11 18 3 62423 0.9030797939360329
21 16 8 7 70778 0.9658094627257368
14 3 22 14 67431 0.9732641185708139
16 3 27 27 130612 1.0030462507549363
23 26 12 12 75894 1.0974876806476361
27 25 17 13 75318 0.9650598731077323
19 7 4 6 63375 0.987879976439982
29 4 21 10 44456 0.9122728290992234
1 23 19 4 120873 1.0231396723802682
27 1 7 3 79061 0.9197455051347135
13 27 19 20 51203 0.9139233715903626
9 8 21 3 62777 1.0142325328300485
25 14 3 8 88065 0.994917044347558
29 3 26 18 62584 0.9933982754040028
3 3 24 27 130821 0.9281282124760597
19 5 23 25 92527 0.9131220058106181
20 28 10 21 57530 0.9004555430327924
8 15 20 19 51967 0.9013212224011415
22 26 0 5 128600 0.9400133899216153
0 0 2 8 35838 0.9518183987905652
11 9 3 6 44647 0.9099380856856385
4 3 5 17 52334 0.9094673727646595
20 10 23 22 52301 0.9250175655766392
2 5 20 19 91917 1.0376412602156828
22 22 29 8 66899 1.0679827155106367
28 1 19 15 70440 0.9367685781015394
28 21 8 10 94486 0.9040347687895957
1 6 13 17 74487 1.0477781929444079
27 8 29 29 86031 1.012342906540238
13 17 0 29 78869 0.9721138107226119
29 27 10 12 101877 0.9707255915290605
28 14 14 17 51220 0.9384349862237661
27 3 21 28 109871 1.0149397205714294
24 24 22 14 44763 0.9637364217947681
24 15 13 14 46221 0.977959248484707
20 8 24 16 50256 1.0867797261542016
26 2 0 17 131644 1.0562214428330745
15 28 16 9 90675 1.0006722650872388
5 25 10 0 99030 1.0636470474427042
12 22 20 2 92352 0.9135659194089331
1 21 22 14 85317 1.0567053348675908
28 5 11 21 97525 1.0364973883830968
16 19 25 13 41901 1.0914624313703418
10 8 25 13 61766 1.006907718683094
17 26 0 6 115424 0.9755971508986339
21 28 4 21 77294 1.0195029898953374
25 6 5 23 109564 1.0025683085595956
20 0 19 20 84454 1.0281839497319862
15 9 1 29 103292 0.9263309549548829
26 13 18 23 59707 1.052165584258712
23 11 5 28 98545 0.9664281341287287
5 7 24 29 118433 1.0627428560886352
3 5 27 14 99514 1.0780072092419661
8 17 10 6 54905 1.0752677148177328
14 13 13 27 59374 0.9367383019403748
18 13 8 17 55935 1.0236067168642824
26 28 1 18 109464 0.9591067049413434
15 17 13 0 61640 1.0979185609176558
22 20 20 1 80836 1.0546719549821835
10 18 15 27 50603 0.9049425807084578
23 22 6 7 91170 1.0803690436440088
1 10 28 5 101979 0.9896722808644953
17 28 8 13 82786 0.9933845369350067
29 23 8 0 143908 1.0525510156925972
0 23 11 19 52943 1.0990318642555832
2 5 15 5 62028 0.947230564248978
5 0 1 14 62818 0.9610945567767167
7 3 0 24 90038 0.9070300736684084
26 22 23 12 42911 0.9443436205731406
15 9 23 24 79773 0.9454772821786512
0 18 10 20 44058 0.9376665750408611
23 14 4 26 88262 1.099955824330229
18 25 4 3 108490 0.9069166196998922
22 18 1 26 90888 1.0766753302097944
16 3 3 1 63463 1.02977130326926
12 22 28 4 102283 0.937962067764949
23 29 28 7 86904 1.041552606636902
1 18 9 11 50687 1.0335048031555834
17 8 10 12 35728 0.9449876735055058
27 28 26 4 100892 0.939131103645056
14 16 24 29 80972 0.9758639675844684
29 1 21 25 102708 0.9482100710153034
29 1 9 1 78233 0.9380907372978236
7 13 2 5 42206 0.9189968478724815
9 10 4 22 53477 1.001573173780386
27 22 4 4 124282 1.002736835969315
23 17 20 6 54154 0.9630266800181996
2 14 12 7 60426 0.9279353260580439
3 23 17 8 98127 0.9588090699646299
25 14 29 0 60316 1.012431856881783
14 16 27 20 57759 0.977578123584256
1 15 12 11 54932 0.9467128959463852
4 14 20 14 60170 0.9313158661400219
9 20 26 21 61894 1.0024675214213818
15 24 10 14 54073 0.9202663281146162
15 26 1 9 97484 1.0602450960082446
18 4 18 27 108445 0.9685695789306293
0 13 18 24 91505 1.0096517688539792
28 22 7 27 88123 1.0251162323459475
25 1 8 8 84982 1.089376208156552
25 7 6 27 112582 1.0660465949793139
24 21 29 7 54897 0.9163944719075411
28 19 15 24 60733 1.0987908668922324
5 5 17 18 72171 1.052093004916963
19 3 25 9 48863 0.9750140743849627
7 14 17 26 72621 0.9382552988810201
7 25 14 13 65199 0.9276304725191669
6 13 0 22 47752 1.0180532147567978
10 16 28 24 85270 1.0419802366257953
4 15 5 1 63757 0.9041220506829556
25 20 5 19 62638 1.0352875619730808
24 26 28 16 53898 0.947256771861255
4 28 23 14 93671 1.0806443198281204
3 6 18 10 68924 0.9344539898620196
7 17 28 20 79028 1.0804325999895255
10 22 0 29 58987 1.0989572560352427
23 3 8 16 97191 1.0117894119505384
20 25 29 9 78561 1.0397752050439655
17 25 20 15 48833 1.0957521665998018
5 24 13 0 96411 1.0970745132048483
4 29 7 20 38292 1.0016350687126554
11 9 2 15 49465 0.9317663814031512
26 21 20 13 43163 1.034650830155565
8 8 20 9 55091 1.0972514446270183
28 25 3 8 138982 0.9125856576013953
24 29 11 9 106239 0.9557874654763288
4 18 8 24 37795 0.9776277921939606
16 0 20 14 75176 0.9171144170346864
21 24 16 14 49025 1.0484345474311958
27 14 26 24 41089 1.0525192354774942
5 19 26 28 88853 1.0149200304145833
19 18 7 10 62069 1.0481658712896509
14 1 27 26 132912 0.9301103329307692
5 20 10 6 61277 1.015526189435164
28 8 6 7 79595 0.9881302632002729
8 10 23 25 97689 1.0324671371172536
20 12 15 28 78307 1.0051303123156077
23 9 14 11 34797 1.087781040481601
7 4 18 0 60377 1.0509102556196264
7 17 0 3 68272 0.9621034762308505
20 23 25 2 98653 1.031850622657773
8 3 0 28 106904 0.9824059021173134
19 9 26 19 59848 0.9442381533728624
4 12 13 22 54615 1.0257303017757469
22 2 1 11 103863 0.965722085611
6 12 14 24 54716 0.9251039404034239
7 29 18 24 47534 0.9538293202801823
2 6 26 2 101631 1.0618017030570286
25 9 21 1 51134 1.0270878885358807
20 7 16 21 68223 1.0045824277002515
25 9 11 29 111389 1.0022727708318886
12 4 17 10 42958 1.0639662069591802
16 27 7 4 99552 1.0725059716211458
22 15 0 13 86365 1.076701748744694
26 14 11 6 67501 0.9860660686624351
26 14 27 4 43454 1.0018391606096961
3 13 15 26 79927 0.9003718960242095
21 21 27 15 45744 1.0294977331388693
29 28 17 17 79189 0.948023543849399
15 28 22 5 117495 0.989650934790106
13 5 25 17 71646 0.9709695748672653
10 28 21 29 44431 1.0651648897738069
24 14 2 27 100976 1.0911389576455008
19 22 0 22 80395 1.0721897253430965
17 5 9 2 42745 0.9577687854652781
27 23 10 15 85240 1.0637142467496032
8 26 26 6 124537 0.9513476225585251
9 27 12 18 47787 1.051842972148636
26 26 0 3 145660 0.9156863025101264
6 15 14 6 49330 1.0086236241388173
3 12 24 28 110905 1.0999310414237295
17 15 16 6 52351 1.0963496367528982
3 23 15 3 109420 1.0961672695898312
5 12 11 28 65835 1.0074512845021653
13 29 7 23 39483 1.0395631947444055
27 21 18 24 37218 0.9526492963311567
27 19 24 27 41452 1.0252419540408986
28 15 3 10 87412 0.9327534320214488
21 18 1 24 77707 0.9890593961135306
23 3 0 16 121226 0.9944241099189232
28 23 2 8 130057 0.9850635030871735
21 9 8 12 44779 1.0115550573517513
13 13 29 12 48870 1.0134206257679172
6 10 0 27 69777 0.9390413330442267
4 21 29 6 113862 0.9369999117956347
8 29 4 13 62818 1.0587158242430856
22 25 20 16 43891 0.9231690647431658
13 19 27 23 62069 0.9661887191139109
3 27 20 28 76747 0.9769215867483916
24 27 25 13 48554 1.012050811372432
8 26 26 25 68531 0.9660652089410245
5 27 12 4 92312 1.0819237006523552
7 22 16 1 100411 1.0743373508786738
4 19 14 13 53837 0.9814228896736498
4 14 29 3 103173 1.0468893780222177
26 7 13 3 66778 0.9238548094759265
25 14 3 17 83944 1.0813134586651774
20 3 23 13 54670 0.9661352061156896
26 3 26 20 68604 1.0416326094930592
5 0 27 10 107921 0.966918312609399
11 27 18 22 44645 0.9989391547285789
26 5 23 12 38845 0.9481858285733376
14 28 5 11 79778 0.9075567527110515
10 14 16 24 58029 0.9052789116689193
28 22 0 15 110974 1.0365437289116195
6 24 18 8 87786 0.9064500138421926
23 28 29 22 44139 1.0885582872215447
0 3 14 12 69553 0.915070168581343
10 6 0 1 59159 1.0290111206776413
11 2 15 29 103117 0.9995386982162463
24 24 13 23 41352 0.9060801788606374
20 22 14 17 37067 1.0828407254064107
12 15 4 21 56431 0.9989957904283359
16 5 28 0 64226 0.9345804533351404
6 7 11 27 70610 1.072937400199479
24 21 12 16 55829 1.02028572438021
23 1 17 16 81878 1.0978498209868022
5 7 0 24 74925 1.0445974268323954
2 4 16 24 103875 1.092765294447382
10 2 12 12 40132 1.085104700828084
1 0 8 11 61462 1.0490744335348272
16 5 25 6 42975 0.9798635624978634
21 5 6 6 56367 1.0419915867730971
15 20 6 10 52781 0.9580489317046954
20 23 10 11 68540 0.9013397912744057
6 21 3 14 33512 1.0115855808506489
26 19 13 6 79452 0.980667788551227
3 29 4 19 43243 0.9871333506889013
12 19 2 5 71350 0.982702890670549
23 17 15 24 51166 0.9541740165490981
20 23 25 9 67249 0.9066007241041895
7 19 8 2 62397 0.995789732214514
9 20 25 14 61527 0.913416244651792
0 29 25 29 96679 1.0923398701639182
5 23 19 17 61998 0.9734391195438337
11 8 0 9 58179 1.0592217976794471
1 2 7 10 50357 1.0700437823473155
11 20 13 10 40171 1.0542528587179398
13 1 26 17 90487 1.0750122218398162
21 25 29 12 65702 1.0150539246958972
15 6 7 0 49796 1.0333461835659703
21 27 12 9 86437 1.032212646865624
4 29 25 28 84035 1.0816128007400216
22 26 21 12 52759 0.9494303876858505
16 19 3 12 58189 0.9506070517600014
27 5 28 20 57625 0.9337243220664238
18 24 6 19 50487 1.0544289817853705
29 6 13 22 90530 0.9353882245321964
24 19 21 3 77547 1.0169804081151046
15 9 13 23 56850 1.018221466836064
29 21 3 13 108904 1.0082837323874891
12 25 3 29 45818 0.9235662553648497
17 14 1 17 71726 0.9157695993011737
11 0 2 4 50954 0.9240332954274275
16 5 21 27 98760 0.919311955705482
27 29 11 20 79581 0.9373366767899469
13 23 18 12 50628 1.0663642864498315
20 10 2 21 85049 0.9452853263137365
3 29 1 11 67362 1.0264004672123423
24 8 1 25 119256 1.018845676851617
16 16 19 6 58278 1.07733378048099
21 4 26 13 55491 0.9828838776698943
25 7 3 1 108935 0.9670352121287842
28 1 3 3 95834 0.9452090962853517
8 14 21 21 66788 0.969734214217004
27 26 2 2 146676 1.0067876394612731
28 24 16 21 54860 0.9365882719359063
22 7 4 27 119364 1.0276573184478486
10 12 21 11 26992 1.0018267707017636
8 4 22 9 70469 0.9159313603235354
16 2 22 10 56044 0.9513885486184243
4 20 25 11 83707 1.02306023506568
15 23 23 3 107947 0.9839906209911682
6 5 23 6 69953 1.0964574734547314
20 19 4 25 62943 0.9130253393154125
26 13 23 23 41895 0.9352735243170067
28 8 23 29 83744 1.0732209064823908
26 21 25 12 30946 1.0765736004430926
2 7 24 4 96645 0.9225510630043664
22 22 13 25 36110 0.9033370593728405
7 5 26 12 80207 0.9433050504526416
5 14 16 8 58592 1.01978202765041
16 23 19 6 83606 1.0557078499622474
6 29 10 19 40394 1.036976473920038
6 27 0 10 72902 1.0805467595825962
5 25 9 7 67163 1.0774305429348994
0 18 27 10 106034 0.9091931739926579
0 9 21 29 130868 0.9557933638098708
11 8 29 2 77918 1.0624363541752238
15 4 18 20 77145 0.976398370678369
2 24 16 11 78931 0.9779070183704919
9 11 28 28 111627 1.0330475644760742
13 19 20 23 36118 1.0419072927442095
15 4 29 22 115357 1.0765183171377293
0 7 9 21 78154 0.9464183879577506
23 10 13 2 63984 0.9104497440654638
8 2 27 9 93384 1.0072791519333508
26 21 1 19 87962 1.017336237685071
10 13 26 17 60927 0.9750234638157323
23 2 12 16 85086 0.9764654112757747
16 24 9 14 62215 0.9625259321606042
11 10 8 25 68286 1.053033276026044
6 5 2 16 45908 1.0666752233837582
12 6 29 4 60996 1.0720289639148155
28 10 11 16 67341 1.0030175399514862
8 24 19 20 51329 0.957068571258323
11 13 2 27 72587 0.9047411849941889
5 11 7 19 26876 0.990189742860046
11 20 1 26 53923 0.9506979073203089
6 20 22 15 57900 0.9752573814026433
1 12 27 25 124595 0.9112015431403241
24 14 1 3 104237 0.9135706592132525
25 3 21 20 78604 1.0331623474770752
10 19 1 4 76451 1.0084754981359052
23 11 5 28 98545 1.088589185814401
3 21 8 12 52196 1.093341342153188
10 6 8 26 85363 1.0898884959165465
18 28 28 8 95404 1.0620690768796723
12 27 20 22 45840 0.9830602001740754
18 1 3 8 85770 0.9241129876177575
27 14 1 13 90537 0.9796602637615381
10 12 15 6 30046 0.9987262248416873
22 27 26 19 42806 1.0473847466560686
2 10 16 8 63885 0.9468445674036954
19 6 12 15 51995 0.9016841712044689
8 24 20 5 97337 1.0309195834561837
17 7 0 12 76568 1.0146487845538155
10 6 11 23 75776 0.9927831059153841
21 3 8 26 122662 0.961309360244749
12 9 19 22 69534 1.0568534281351054
5 21 21 23 59314 1.024370077514163
7 27 23 28 70650 1.0869114694695399
1 24 13 5 93377 0.9275156909489448
10 8 27 17 78353 0.9295608910435347
7 8 28 22 107932 0.9873731160926558
1 15 15 5 81106 0.9068748246300257
8 7 27 26 121832 1.0223529098375557
1 17 26 1 134464 1.0253729763602963
4 27 23 20 80668 1.0946654191700669
6 4 17 1 54048 0.9596077079113932
11 22 5 7 63155 1.068844592957996
0 17 28 4 121424 1.0650235726818573
16 13 28 25 81876 0.9964369881286859
24 15 10 27 84223 1.0012339319434829
29 29 9 1 154898 0.945447685859929
27 10 0 18 106034 1.0596291206147177
0 27 6 5 84541 0.9326125114659243
27 22 5 26 78333 0.905786607599125
4 12 18 15 54962 0.9703867324348685
9 16 9 4 59300 0.9042472946901298
17 13 29 5 58428 1.0646422644559776
19 0 2 6 90847 1.0194055605131014
19 21 20 0 89815 1.050820409204012
1 29 28 5 143483 1.0740479374467242
4 28 14 11 77250 0.9181839112907472
18 7 5 3 67449 1.097458022169351
13 15 21 2 66486 1.045143096393793
19 11 28 17 47241 1.065133776923441
18 8 7 12 51179 1.0162874793933785
17 25 23 2 110465 0.9231146860415438
7 25 19 29 58688 0.9669009233979268
17 8 24 29 99334 0.915259685231493
10 10 21 13 44188 0.9773514270655811
12 12 16 5 35151 0.942992877653226
24 25 10 12 87328 0.990559674016193
2 10 21 25 97561 1.0670830997966847
16 18 20 12 38092 0.9736334935116162
23 18 20 8 51547 1.097954365019943
14 24 18 0 105618 0.9683858569741861
8 14 14 10 34341 1.0849330725306483
24 5 17 18 75384 1.0764527866978313
18 22 5 29 62760 0.9504122865194023
1 10 5 17 40907 0.9371359467801024
24 18 9 19 48505 0.9610043177826704
13 5 11 28 89702 1.028721418233225
23 7 0 22 117582 0.9652063072019161
5 12 25 26 94369 0.9147590982518635
4 4 26 16 102618 0.9821552980283513
19 26 3 12 93453 0.9217058728158961
12 11 9 20 43268 1.0682935065062218
8 23 20 9 90054 0.912706128024363
27 26 27 6 85774 1.0899206529197532
5 10 10 5 37706 0.9980464691570708
24 14 6 12 59198 0.9762990158668896
18 27 22 14 56611 0.9874310618530542
25 24 23 4 80007 1.0928734621071219
21 16 16 4 68625 0.9410392969374486
12 24 24 5 102922 0.9081317030028618
17 19 28 21 45762 1.0662341210260222
21 22 29 15 52015 1.0563184060549322
2 23 26 5 127969 1.050158439196362
4 1 0 20 80781 1.0045004332513676
16 3 6 1 49503 0.9873019148963822
1 28 18 7 122779 1.0819295712607018
24 7 4 3 96117 1.0325642861832716
5 3 14 17 69512 0.912923237049429
8 5 17 24 93561 0.9626920168733271
12 18 29 20 60512 0.901685815109985
12 22 2 16 55067 1.0295949029676066
29 9 18 17 58376 0.9391621719336498
3 13 19 15 67569 0.9926668565979216
0 1 26 4 107407 1.0679252987348704
24 29 20 9 85494 0.9279674563236907
16 15 9 22 48462 0.9530818136211362
24 25 25 10 56605 1.0544969310882017
9 5 8 27 90103 1.080951682726934
29 29 1 12 135563 1.0161314329114484
0 11 3 18 40681 0.9947000043612384
4 28 26 2 144726 1.0111956491769205
4 25 25 15 93672 0.9232058928818274
19 16 24 9 44201 0.9189961422447726
12 19 23 7 73987 0.9270155305576425
11 28 23 24 53995 0.9538227808319912
13 8 22 26 83438 1.050490348653281
15 20 29 9 73448 1.0575770783812732
20 24 9 23 35589 0.9397089356401104
29 26 23 22 37326 1.063998566830786
24 14 21 21 32079 1.0014734451927734
11 18 26 6 89119 0.9205485548784754
15 23 10 3 85926 0.943426390847199
15 22 28 10 76457 0.9067264210703955
7 9 26 7 79043 1.0389351775902185
14 15 1 22 66638 1.0327576516237158
26 15 2 22 99216 0.9378250581063517
8 11 3 29 68951 1.0938957862823764
10 0 1 9 74627 1.0630236774327515
1 7 28 5 108665 0.9607366813840711
5 22 26 26 72236 1.0297130540772015
6 29 17 7 99901 1.0509171930090762
7 20 18 4 89250 0.9623938232777346
11 11 19 14 34995 1.0671582936488129
0 9 7 27 85350 1.0476144316406266
4 15 23 12 70022 0.9680882569419011
22 7 9 12 58373 0.987534868151406
27 25 25 14 45508 1.0642585887328264
26 4 3 14 104899 0.9054964240957554
13 25 7 9 66427 1.0442280004812146
14 29 22 9 101646 1.0713638750757815
8 22 19 25 49293 1.032237886717863
16 19 19 10 47540 0.9753807651654852
9 1 23 13 86818 1.0545239204186538
13 18 10 11 26991 1.0275781491246108
25 23 6 1 130120 1.094091614707211
25 0 8 18 120132 0.9284078074637891
5 23 0 28 38452 1.0326446276680274
14 20 7 24 35444 1.011230335663617
26 28 0 8 139476 1.0824714101917101
29 25 10 24 64010 0.9393449338390016
6 10 24 18 77830 0.9230181172551217
26 25 18 21 45607 0.9894178209184373
29 14 13 21 67614 1.0271785943996572
7 17 18 12 49080 1.044790508979647
10 22 26 14 68531 0.9482490819394881
3 2 10 9 57161 1.0782555144207524
10 9 22 0 69751 0.9152205481887878
2 24 7 4 76981 0.9902337937721709
13 13 2 15 47111 0.9779070524678506
28 13 8 13 62521 0.9731595031039217
1 25 29 24 91935 1.0574628768210879
19 23 13 6 79675 1.091718054086832
9 24 21 12 75490 0.999009927193911
11 17 0 28 73357 0.9412341055157343
29 13 17 24 73030 0.9976235044620552
10 10 27 8 64282 1.098399807808609
14 15 4 17 50571 0.9204250702194522
16 25 2 18 71359 1.087382543785954
4 20 20 5 92740 0.9397528983244395
5 14 23 29 97263 0.9799792217579804
8 14 26 21 84765 1.037169406538435
0 16 15 3 98688 1.0819793138086429
8 18 12 29 55655 0.9706409722237196
21 2 8 27 125797 1.0932110715958847
18 21 9 16 46426 1.0652031559004198
27 21 0 15 103627 0.9542221065182106
3 13 8 21 49243 0.99951628351999
8 23 6 8 52954 0.9192115244167687
2 24 25 9 110941 1.0832978447018462
0 4 14 14 80038 0.9685932116169599
2 4 6 13 44849 1.0579458120352978
20 27 16 15 62149 0.9492196649551273
28 14 3 24 104698 1.0697760102132468
5 11 26 24 102441 0.9840594734951953
6 12 20 29 93944 1.0128859068800002
20 0 12 17 82275 1.0589431618005434
14 5 4 13 60569 1.0831451995619163
7 6 15 20 67185 1.074245019526407
29 26 19 29 45295 0.9652297910947939
12 2 11 27 97821 1.0050833439519402
0 26 15 19 70727 0.9849249443779932
18 21 9 28 52672 1.0911699743550176
23 2 24 15 67923 0.9359631179685184
13 2 22 1 33781 1.0405085702183445
18 19 26 22 37035 0.923940703499149
4 27 24 14 93881 0.9528589656913915
14 10 19 1 56240 0.9443901316214607
10 5 16 19 61758 0.913857213491237
4 17 18 16 55371 1.0847375600049702
13 24 25 15 66014 1.0367598066583945
10 15 3 6 55932 0.9205144800688506
0 19 21 9 94156 0.9766342304948248
18 27 20 19 39090 0.9509758379071097
17 24 9 22 34859 1.0581362083873826
11 4 12 22 67047 0.9750193801550967
12 29 24 8 112200 1.0910572209602853
18 9 20 0 45598 0.9337039677252877
24 28 19 12 72320 1.0275884631351444
21 8 4 28 111547 0.9149786516653475
20 16 28 3 63889 1.0033662750504209
9 14 15 26 66717 1.0252720146235295
13 27 27 15 88794 1.0127756109661745
17 16 8 24 52672 1.0824959096585738
2 27 0 19 28741 1.029785894539468
12 3 29 18 101759 0.9784951175044816
14 8 8 19 55144 0.9659303925521718
7 14 5 26 43388 0.9929225316656354
4 8 29 29 136448 0.9800554475723621
29 1 12 8 84200 0.9097186114971193
10 6 26 7 63932 0.9996930189567179
12 18 14 0 69030 0.9469384131686338
14 13 1 14 52828 1.002634729740924
24 26 12 14 79928 1.0295735616172448
6 7 19 7 56233 0.9697813783594725
25 23 23 9 55107 0.9234334898524749
23 28 12 27 42449 1.0249003973118276
10 20 29 26 82117 1.0156326825880226
7 6 0 19 60072 0.9202493996722498
3 13 9 27 71947 1.046593250124536
1 29 17 17 82798 1.0060690376529562
3 10 14 0 74616 1.0031504908682074
11 10 21 14 44585 1.00772378605944
12 19 13 3 55403 1.0565411442029424
8 24 20 5 97337 0.9656026854455669
9 29 20 2 124173 0.9097720984995954
18 15 20 27 57985 0.9558642870933262
11 18 18 28 60750 1.0370262202943632
27 16 17 11 46905 0.9948940768850554
0 29 23 11 117514 1.0954223611322484
25 6 4 18 99078 0.9342511667376787
27 4 19 0 48766 1.0159326455186743
5 20 13 6 62620 1.0128591971321588
17 20 0 2 105823 1.0820766385381027
18 0 3 10 89278 1.0888093335634372
1 15 23 26 96133 1.09430778836004
28 24 18 12 75212 1.0339282362997122
13 3 0 4 59513 1.083903230226986
27 15 23 2 65005 1.0990441509018045
10 23 26 25 61167 1.045805584812028
27 16 20 23 53786 1.0653725507921135
24 14 7 15 71751 0.9535021091631808
20 17 29 19 41428 0.9749991353032422
26 10 23 24 58555 0.9143554497901608
25 16 9 2 87774 1.06029373845667
17 7 14 21 68940 0.957391768294296
17 18 1 18 62639 1.002354435771839
22 28 10 27 52686 1.0657824802362792
19 4 26 22 88211 1.0227342264577075
11 8 20 16 50504 0.9037063678629377
7 23 27 7 108705 0.9184350330038771
8 25 12 8 80659 1.0860380550251665
14 10 24 0 73096 1.0725065064671677
13 27 6 19 45773 0.9290513553076309
15 19 29 22 56331 0.9064284029886565
14 20 16 0 83947 0.9627881961511131
19 5 25 0 41009 1.0256053502786322
17 21 9 26 42452 1.0129483119497267
11 9 7 29 79469 1.097352359222293
5 17 5 1 61351 1.0269751049758709
6 3 9 12 40734 0.9267799890331229
27 13 18 6 55959 1.0503207067036402
5 8 21 15 66020 1.0299732465411933
2 17 23 18 75602 1.0311409961367803
2 16 19 1 103454 1.0556278529869518
11 21 21 18 40116 1.0799358245465716
28 9 1 11 88561 0.9495328663237615
20 24 6 3 102743 1.0738331781573034
20 23 6 12 73009 1.0017374188116048
19 15 0 29 106400 1.0521766198942508
8 8 23 0 83823 1.01420398184074
6 26 7 11 47153 1.0063132884030686
3 7 18 26 104639 0.9325991027700393
27 15 3 19 91742 0.9892609406836358
1 24 11 12 66826 0.9015058005341894
29 1 15 10 74582 0.9218416397218003
19 11 26 25 67338 1.0330566807453434
4 23 27 11 96317 1.0297798588234435
26 11 8 16 68029 1.078718790044215
20 11 16 19 39013 0.9237211153708021
18 26 5 13 78193 0.9091955352547779
2 20 8 29 49838 1.063419958560194
7 16 15 9 53708 1.0045869495306388
15 19 0 28 76297 1.0793899204377264
5 16 2 7 40655 1.0037447226951672
21 2 2 3 70843 0.9623762917177765
28 27 1 4 152391 1.0533322421355644
25 24 10 4 107946 1.083596749112115
23 8 28 29 93661 0.9212201413221015
26 10 23 29 75707 1.0315769359386089
2 13 16 4 78737 0.9625183458530115
12 15 23 9 52015 0.9384006373730479
26 18 7 23 83238 0.9703859185132537
17 8 16 26 90507 0.9320627942294819
29 21 23 26 38900 0.9857561663019936
16 20 7 12 52282 0.9406359123271409
4 15 18 23 70641 0.9390477986077796
21 17 19 26 36919 1.0610124223069075
28 19 3 25 100461 0.9587361815091708
22 21 2 10 90379 0.9680463978401659
5 18 23 15 69874 1.080448378858495
20 14 10 20 48946 1.0100348439121831
14 8 3 26 89145 0.9730771115937278
2 21 9 10 58154 0.905930746178465
28 24 18 1 119809 1.0371421030123416
26 18 21 26 46790 0.9592835974193203
21 29 17 12 76647 0.9055939909122587
21 5 14 2 33544 1.0826789221104243
21 4 0 6 90190 0.9015347094292334
5 2 8 19 64453 0.9686139479221616
5 22 27 12 91475 0.9849584980522728
19 0 17 27 122974 1.0584623890075853
2 29 22 17 92859 1.0210144643337922
21 23 24 9 67766 1.0773184751310936
3 5 22 16 92209 0.9423809264678059
0 15 19 19 67144 1.0443875522537558
18 25 21 0 109634 0.9613766349450628
29 5 14 23 102386 0.955621903444448
9 11 12 21 49224 1.0768736569289317
23 26 12 29 44501 0.9656237849828239
9 9 12 23 69386 0.9840737621338121
14 6 22 3 39169 0.9466176640956042
18 16 29 26 76009 0.9081131515659931
23 21 17 5 84213 0.933150939355096
5 15 27 10 74648 1.00015733608477
19 17 18 2 72189 1.0241401154459084
18 14 23 6 47090 1.0565381503813742
8 23 9 8 70258 0.9743950068463982
17 15 24 1 79183 1.0048152099992558
11 11 28 3 77904 1.0075249735082596
0 22 25 4 134299 0.9656802115411154
19 26 3 21 72436 0.9682425184206476
5 9 19 20 68234 1.034296857271488
6 29 19 14 85886 0.9905922756334685
28 12 3 3 99441 0.9396666628566467
5 20 29 0 127115 1.097463889707348
27 10 13 5 63936 0.9272511536154002
0 16 13 11 59578 0.9380515838245493
18 29 21 9 89887 1.0823147299808045
23 5 2 24 123878 0.9749878827690911
5 14 21 13 60497 1.0722863395386426
1 24 2 6 61668 0.9379680113680529
25 8 13 0 73432 0.9516298720927601
2 24 24 16 93646 0.9511793621480995
10 25 13 1 91603 0.9699541505937573
7 3 25 29 133711 1.0195218035055964
27 0 1 6 117715 1.0704273640747781
17 14 11 7 39787 0.9560909709848926
6 0 5 14 58443 1.053847177899813
14 0 21 26 114282 1.0935123142052563
26 27 2 28 91215 1.0561443671561386
16 1 5 26 109288 1.069755738957738
9 17 8 27 54143 0.9090484902968693
21 3 6 28 121061 1.0020051013352977
0 21 25 19 91312 0.9174221656767615
13 6 21 3 39614 0.9572940267644929
16 16 20 4 63503 0.9657042733916278
14 16 19 1 78226 0.9139408914686319
21 11 7 11 37637 1.0804935324500384
13 13 9 25 54309 0.9662405598280963
1 4 10 16 78293 1.076958620697784
0 6 2 24 68594 0.9300336916911558
29 5 6 12 80825 0.9371051673841999
15 23 26 7 93718 0.9439807005499714
20 24 27 13 56824 0.9750956006573048
5 4 22 29 127694 1.0567245153273799
19 9 25 20 56079 1.0423906592059187
21 7 3 9 84704 1.0457679285001478
24 19 6 10 75880 0.9923344407745076
11 20 29 17 70082 0.9137983430993875
13 11 4 21 59019 0.9521761812028515
4 26 24 2 132175 1.0571153678796883
2 27 28 0 152601 1.0031700302135633
7 23 3 15 43564 1.0500206520724193
1 9 3 28 71738 0.9461752750788726
16 19 3 3 83385 0.9864040248178492
5 12 24 13 66044 1.0019100858694072
4 14 8 8 36641 0.9662676521245974
29 18 6 17 82067 0.9726088901998302
1 3 20 23 120529 0.988658438542245
19 16 9 9 59986 0.9788983082510181
3 1 27 23 149262 0.9866868737518146
11 27 14 9 76092 1.0601805722725153
2 1 28 3 98299 0.9399329411487496
20 0 3 27 136924 1.0873900493271964
27 7 22 14 40889 0.9167220545968994
19 22 6 12 70260 1.0044491978685786
7 5 19 0 68366 0.9475244427805205
13 1 0 11 84174 1.0201779132007818
7 8 12 26 72041 0.9712574906619463
2 11 14 11 44232 0.9182340012723996
12 2 29 23 120622 0.9951724778320866
12 11 20 18 47744 0.9071078594976549
22 22 10 24 40114 0.9347376644916052
22 21 9 21 54911 1.0381713742946583
14 18 24 24 56685 1.0217473954799976
19 8 7 5 58601 1.0302525829043108
3 3 23 2 75720 0.9848406536044764
9 9 19 6 44102 0.9187273883540991
13 26 18 15 56662 1.0373162201086017
1 25 10 7 85059 0.9414141023738706
22 10 19 24 61093 1.0131005447506256
17 15 26 27 74142 0.9016220451565404
11 19 12 4 58198 0.92416158555354
4 25 9 3 87549 1.007526324284704
5 20 26 1 125725 1.0172526812168419
1 9 10 18 64103 0.9158316013632618
7 20 5 28 35735 0.9904799368083944
1 29 28 12 127860 0.9429807881386539
17 23 2 3 108944 1.0462598846772542
24 0 17 18 98058 1.0057164467615747
18 7 8 3 54211 1.0845330811267686
8 12 21 25 77436 1.0673080281730916
22 25 6 0 131980 1.0122941537221704
27 19 0 9 120332 1.037636996006205
13 17 15 28 53186 0.9629549491552353
13 12 29 8 53881 1.017833393957165
29 18 3 25 104697 1.049165191031599
17 12 5 21 58051 0.9348795397150034
2 12 27 11 71794 0.9948279604835308
10 15 10 0 60849 0.9213273202111659
27 28 25 15 55241 0.9409972971180175
3 2 2 14 42188 1.0908795966797347
16 23 20 5 82545 1.061120982387553
25 29 29 17 56190 1.0764631689026847
3 24 14 28 53080 1.0128863397240757
4 17 28 12 82548 0.9266690404084594
2 0 6 25 89793 1.0274967651787867
25 0 4 15 116900 1.0489498207049839
11 17 28 14 59504 1.0679321307270644
26 10 16 19 57541 1.056795961993141
29 7 2 21 113045 1.0763555829067983
8 21 2 14 47318 0.9888393462571776
5 20 10 11 41939 1.0390784066901786
13 13 24 2 70334 1.0658800002003996
6 3 28 1 84985 1.0505794422341879
15 12 6 25 58004 1.0302652769531846
28 4 1 26 141825 1.0948327617425193
11 1 6 15 58310 0.9582718370257147
24 20 20 6 65525 1.0084344806473844
21 27 14 19 47680 1.0217880296678665
16 9 1 1 80212 0.9349897497324523
13 12 25 8 47410 1.0611722659723786
13 16 19 4 63856 0.9816573872153567
7 13 0 25 58538 0.9074428623282784
20 2 5 16 88219 1.0879321855630895
25 11 16 10 28826 0.9806620445661909
17 29 1 25 69837 0.9638209772990454
4 16 29 24 102042 0.961690798184952
6 12 19 15 49660 0.9840909014028445
15 15 4 12 48094 0.9329886482195131
23 16 25 3 62274 0.9474634729432507
9 11 21 12 35967 0.9792272292026771
17 27 25 14 66433 1.0049113473766182
5 1 5 15 59307 0.9982238879652392
1 23 13 12 70851 0.9267126879976275
17 20 16 10 52526 1.0647645483719412
9 12 3 1 60937 1.0474693595538036
28 22 14 16 72500 1.0514501096325408
13 16 17 6 44987 0.9243676183407575
2 9 0 19 37218 1.0289736277870811
22 7 18 1 42777 1.0354130397135533
7 26 25 23 70674 0.9905399629650672
28 10 5 23 97251 0.9131803562029357
16 12 22 23 58855 0.9470153418430262
25 29 29 23 36846 1.0234259098383265
11 15 19 28 78015 1.0389175354155342
4 19 7 4 54822 1.0829736394702631
12 29 8 22 40645 1.094429412745151
29 27 9 0 149389 1.0999616394567202
22 4 26 28 102523 0.9363936891114568
6 5 25 8 84590 0.9050272518104524
2 0 1 23 80849 1.0555751282126102
29 10 16 5 66266 1.0348473428298894
2 18 16 8 78868 1.0275477726390565
16 3 4 28 117106 0.9860234159218845
27 29 13 23 62114 0.9105978636352835
23 3 20 15 60366 0.944883404367757
1 8 4 1 41797 1.0630084051447255
26 18 17 19 37742 1.0876047222927239
3 15 14 8 63943 1.0145237702167413
8 6 16 21 77374 0.9272294740322699
22 1 24 17 76736 0.971240480898231
24 23 14 2 108146 0.9002225792291123
20 14 1 6 84386 1.0384315596487248
12 1 19 10 65396 1.098880970424785
1 14 24 22 99970 0.9689860702255838
25 10 17 25 75171 1.0395570932405127
29 13 20 15 39281 1.0303939128153103
28 7 24 24 64974 1.0368079090213973
12 3 3 4 47856 0.9281771557211747
13 12 20 15 30355 0.9093644422178406
27 15 8 9 82456 0.921898063992778
27 21 3 2 133541 1.0277320555356564
26 17 23 4 58716 0.9443142984851473
5 28 29 22 97025 0.9080884518560601
13 2 23 9 63569 1.0364149222064607
0 1 21 5 91136 1.0578832435273697
25 1 29 17 69403 0.9991803563349367
14 3 19 16 69645 0.9158372557901507
1 15 20 8 87356 0.9924039298892896
6 14 23 10 56310 1.05089349631939
25 21 8 10 82153 0.937375568068817
5 5 18 6 51354 0.9305377554920531
17 27 27 11 81325 1.0760579353934505
20 5 24 18 65656 1.0558833575950473
5 1 14 6 52896 0.9131254178046194
20 27 10 20 56755 1.0788359469744107
9 17 16 8 61291 0.9089222182062968
25 14 16 9 46742 1.0913518332838403
10 17 26 0 114630 0.9390496648856975
22 12 17 7 38797 1.096464981240222
23 2 9 19 98256 0.9563546414191606
25 3 2 2 87522 0.942085531005655
29 14 4 5 102470 0.9553858431236597
20 11 28 0 57275 0.9761165060885868
16 26 28 18 71178 1.0488869585876701
20 19 25 1 86963 0.9258131761187995
23 14 16 19 33486 1.0824927590255902
10 21 18 28 52806 0.9325601549115328
28 5 21 27 91332 1.045064487355574
13 12 0 6 61201 0.999776213397858
13 17 28 3 84043 1.049385893682295
22 2 12 5 44315 1.0154170427481928
16 23 22 14 47116 0.9401398200931245
27 24 16 18 59539 1.0963744385800718
25 11 7 15 66094 1.0525972756031967
8 5 17 2 42327 1.0187969275349553
1 6 7 1 44063 0.9125380686571569
21 22 29 17 45198 1.0684006368996777
3 13 15 11 46346 0.9423773959040577
2 27 28 7 126577 1.0922818897638007
12 18 7 11 39629 0.9686251686701634
25 8 1 9 96569 0.9592014347407528
10 11 24 10 43844 1.0820613496050866
1 23 26 18 100897 0.9884776361044184
21 26 3 25 60379 1.0226223671738015
5 2 2 25 85695 1.0448298658913593
7 6 28 29 130601 1.0963798138614738
15 10 4 11 39921 0.9483015873978577
2 0 0 11 48010 0.9003281306422607
22 7 0 9 104962 0.944751390454922
14 15 23 6 67353 0.9730423334922209
7 12 13 8 27642 0.9555173392768278
3 29 22 10 106677 1.062502756515767
10 19 14 0 76965 0.9729352959995121
18 5 27 17 78045 1.0987366278144484
10 6 11 22 69521 0.9368544622377681
8 16 17 27 72622 1.0605363569200146
13 13 9 1 51388 0.9160119706725477
18 9 26 14 45341 1.093366559623801
18 26 2 19 75346 0.9430488283042753
16 14 27 12 40594 0.9224080269969935
24 7 27 26 80699 1.0717090688113418
27 15 16 10 50922 1.0117942558963258
21 29 12 14 86816 1.0399712273357653
1 19 18 21 64206 0.9827830128864878
27 9 11 13 56226 0.988122527879266
18 3 18 24 100786 1.01910332105986
1 7 2 26 68668 0.9808349421210301
0 14 25 13 94041 0.9066166141923603
18 20 8 10 61236 0.9360405857689598
27 19 5 3 117194 1.0403947332861898
6 5 12 27 82777 1.01608696733097
5 17 23 16 66036 1.003223240882354
24 29 23 5 95638 1.0531836345915768
20 3 18 22 82318 1.037519822011038
6 23 11 29 31907 0.9615004143255452
24 12 14 1 79003 0.9449349789972983
7 24 7 8 51222 0.9973638807506009
12 22 29 26 71646 1.0570839154373601
13 9 12 22 48174 1.0184029311222556
24 15 20 27 60625 1.0240546373761283
21 8 15 12 37799 0.9327690795587626
16 26 7 11 76950 0.9622586310149054
11 29 13 9 79015 0.9790562563499855
10 20 26 28 75394 0.9992750972012596
7 12 5 29 56298 0.9517009019229766
