7492 7420 7544 7302 7488 7464 7267 7477 7357 7466 7434 7369 7423 7331 7296 7406 7283 7265 7329 7490 7378 7458 7449 7316 7311 7285 7396 7392 7275
7786 7768 2739 2806 2669 2765 2820 2821 2676 2672 2677 2859 2644 2734 2695 2754 2765 2799 2788 2616 2703 2882 2743 2695 2709 2632 2640 2832 2690
8157 8094 8137 8001 8210 8200 8175 7969 8141 8100 8179 8114 8212 8200 8198 8059 8227 8006 8042 8134 8199 7937 7961 2947 2753 2813 2791 3027 2923
1276 1254 1495 1527 1474 1534 1503 1350 1425 1503 1411 1354 1404 1408 1343 1587 1408 1565 1519 1599 1620 1559 1571 1522 1592 1617 1599 1550 1428
6321 6376 6222 6159 6266 6193 6144 6216 6394 6416 5089 4946 5079 4894 4979 5124 5070 5000 5137 4968 4877 5092 4842 4880 5084 4940 4905 4923 5039
7688 7866 5873 5803 5596 5622 5806 5842 5874 5854 5755 5592 5801 5787 5709 5783 5707 5600 5703 5804 5769 5766 5880 5687 5675 5586 5682 5627 5659
5603 5629 5501 5571 5488 5400 5622 5545 5634 5441 5609 5434 5414 5497 5477 5465 5519 2290 2055 2010 2147 2234 2216 2115 2066 2022 2240 2026 2268
1858 1837 1750 1781 2009 2019 1652 1762 1629 1572 1577 1769 1712 1750 1648 1627 1700 1663 1677 1538 1681 1513 1677 1760 1547 1732 1576 1773 1711
8312 8137 8167 8207 8290 8275 8205 8411 8226 8315 8419 8306 1640 1820 1747 1665 1748 1726 1733 1848 1706 1922 1852 1789 1656 1884 1798 1737 1803
2255 2155 2112 2311 6320 6114 6255 6199 6237 6114 6320 6267 6161 6130 6142 6140 6277 6338 6225 6311 6161 6234 6262 6221 6120 6140 6326 6125 6174
8891 8832 8785 8899 8910 8895 8764 6368 6418 6633 6510 6461 6411 6559 6573 6370 6562 6497 6487 6381 6365 6531 6487 6466 6554 6580 6444 6626 6611
8694 8589 8755 8574 8641 8569 8794 8732 8744 8651 8670 8561 8744 8636 8707 8825 4708 4690 4721 4754 4695 4700 4689 4894 4791 4817 4707 4788 4721
3593 3734 3591 3847 3652 3865 3836 7806 7837 7681 7620 7835 7908 7681 7781 7873 7863 7713 7723 7688 7667 7807 7629 7758 7693 7783 7786 7869 7655
2757 2820 7664 7745 7585 7738 7811 7789 7691 7705 7681 7711 7701 7841 7657 7706 7803 7796 7747 7733 7747 7646 7641 7863 7657 7685 7660 7817 7742
7392 7272 7304 7344 7310 7205 7357 7301 7297 7270 7403 7154 2211 2244 2278 2280 2043 2095 2278 2244 2278 2102 2295 2071 2071 2075 2128 2045 2061
2036 2255 2142 2080 2237 2072 2070 2160 2096 1990 2217 1981 2201 2149 1993 2002 2052 2198 2151 2071 2225 2268 2118 3389 3426 3273 3469 3459 3278
3926 3905 4030 4016 4010 4000 4032 3972 3959 3887 3970 3972 3904 3994 3927 4008 3828 3890 3882 3906 3767 3995 1189 1246 1325 1386 1253 1146 1328
7745 7754 7743 7896 2797 2824 2857 2659 2780 2657 2683 2744 2789 2708 2701 2904 2890 2842 2717 2665 2880 2676 2712 2695 2893 2625 2673 2893 2627
3879 3987 3778 3995 4004 3848 4029 3806 3833 3971 3770 3900 3809 3933 4056 3956 3877 3974 3802 3892 3985 4030 3991 4015 1694 1703 1797 1873 1715
8517 8395 8539 5543 5503 5516 5472 5584 5529 5663 5625 5680 5563 5461 5710 5672 5563 5714 5634 5635 5442 5684 5453 5532 5488 5677 5689 5580 5538
5938 6000 5841 5803 5895 6086 6018 5870 6095 5962 6061 5942 6070 6005 5965 5968 6027 7545 7418 7416 7475 7563 7449 7606 7580 7520 7475 7463 7537
2685 2879 2771 2831 2761 2609 2679 2876 2627 2888 2745 2645 2834 2752 2749 2847 2650 5228 5008 5064 5148 5037 5226 5258 5088 5024 5135 5292 5150
2852 2848 2976 2694 3809 3747 3832 3796 3767 3726 3753 3600 3797 3746 3612 3589 3573 3824 3650 3594 3643 3793 3612 3763 3656 3581 3655 3817 3751
6796 6624 6749 6597 6787 6672 6533 6689 6622 6534 6669 6525 6549 6620 6648 6797 6517 6560 6717 6808 6760 6737 6734 6733 3346 3300 3535 3467 3336
2920 2871 2648 2751 2689 2630 5129 5260 5074 5271 5350 5116 5191 5227 5186 5337 5256 5155 5324 5294 5322 5267 5181 5335 5334 5362 5257 5081 5242
4388 4549 4470 4294 4531 4311 4307 4508 4403 4519 4896 5046 5087 4872 4934 4903 4932 5084 4996 4949 4845 4986 4880 4958 4953 4977 5009 4863 4905
8304 8194 8339 8422 8304 8433 8379 7981 7975 7954 7989 7804 7994 7852 7965 7909 8044 7940 8054 8071 7889 8005 7815 7871 7896 7953 8072 7804 8009
2904 3013 2843 2809 2822 2765 2896 2877 2846 2957 2859 2833 2990 2916 2745 2835 2962 2961 2867 5710 5793 5824 5834 5775 5840 5644 5609 5660 5874
6981 7027 6884 7020 6788 6772 6876 6936 6849 6947 6821 7030 3436 3334 3347 3498 3448 3352 3390 3253 3322 3499 3449 3404 3324 3442 3324 3454 3534
6522 6553 6712 6494 6434 6620 6571 6634 6616 6566 6666 6642 6686 6562 6542 6622 6449 6475 6682 3586 3669 3566 3440 3597 3447 3510 3405 3434 3547
4008 6843 8941 5787 3506 3875 3089 8288 3823 1230 4106 3737 4059 2571 1219 3578 6759 6582 1345 7060 1467 2529 6677 2346 2664 6181 6990 8229 7776 1561
4238 6892 8946 5794 3475 3985 3128 8116 4007 1378 4243 7928 4247 2673 1266 3700 6892 6621 1415 7245 1514 2553 6757 2287 2550 6416 6922 8190 7716 1400
4232 6922 8893 5576 3504 4062 3065 8245 3857 1463 4042 7920 4056 2791 1229 3676 6916 6579 1333 7023 1410 2600 6849 2292 2598 6205 6935 8167 7682 1546
4012 6980 8822 5664 3742 4097 3033 8230 4027 7337 4016 7951 4285 2671 1229 3457 6651 6578 2052 7119 1294 2489 6805 2416 2751 6430 6835 8308 5447 1618
4060 7014 8890 5699 3527 4112 3126 8299 3872 7361 4288 7816 4149 2562 1338 3651 6776 6529 2184 7285 1513 2524 6846 2519 2535 6315 6901 7341 5307 1363
4076 6895 8770 5610 3581 4108 3157 8192 3786 7298 4092 7708 4214 2625 1091 3701 6805 2129 2174 7205 8470 2662 6826 2318 2677 6295 6845 7180 5569 1609
4235 6768 8858 5734 3556 3929 3181 8121 3998 7557 4018 7759 4182 2594 1275 3568 6815 2252 2000 7120 8329 2666 6896 2538 2611 6243 6818 7258 5543 4765
4271 6877 8862 5611 3604 3954 2993 8125 4060 7475 4026 7983 4177 2784 1100 3639 6862 2300 2085 7053 8324 2374 6679 2432 2513 6286 6909 7216 5447 4676
4206 7048 8821 5746 3486 3963 3050 8272 3925 7410 4092 7728 4256 6646 1331 3519 6895 2324 2050 7026 8304 2456 6878 2388 2584 6277 5277 7293 5431 4699
4155 6872 8795 5705 3749 3994 3071 8192 4077 7551 4145 7836 4310 6508 1239 3465 6658 2228 2088 7194 8411 2588 6750 2277 2520 6418 5347 7267 5475 4794
4022 6931 8805 5586 3598 4077 2985 8060 4058 7287 4278 7959 4181 6651 1239 3537 6707 2311 1923 7175 8341 2501 7259 2513 2702 6372 5416 7328 5391 4739
4224 6954 8874 5768 3622 4117 3149 8281 3010 7411 4188 7922 4025 6569 1201 3559 6864 2249 2063 7124 8436 2667 7411 2468 2479 6364 5383 7202 5365 4658
4104 6948 8714 5644 3629 3902 3086 8234 3111 7487 4082 7720 4274 6575 1258 3578 6766 2072 2031 7154 8392 2612 7342 2390 2507 6413 5387 7071 5371 4730
4288 7061 8749 5623 3712 3955 2916 8319 3145 7324 4212 7873 4086 6619 1077 3665 6862 2091 1983 7114 8369 1289 7452 2346 2752 6389 5456 7274 5542 4698
4280 6807 6417 5661 3577 3952 3127 8085 3123 7270 4028 7842 4062 6599 1071 3532 6717 2109 2184 7188 8432 1342 7311 2475 2516 6182 5302 7319 5563 4652
4027 6791 6599 5551 3724 4078 3115 8119 3084 7402 4221 7932 4200 6431 1305 3539 6910 2274 2120 7223 8479 1231 7234 2407 2730 6375 5477 7311 5551 4832
4290 6782 6443 5618 3552 3901 3036 8266 3144 7384 4045 7948 4112 6519 1105 3578 6656 2310 2160 7088 8344 1215 7301 2488 2580 6407 5522 7129 5558 4711
7200 2113 6635 5724 3580 4062 2956 8104 2992 7477 4017 7999 4167 6477 1191 3503 6883 2338 2173 3672 8448 1250 7481 2520 2686 6290 5298 7086 5308 4789
7450 1910 6442 5726 3546 8287 5587 8328 3170 7283 4023 7742 4145 6567 1174 3540 6882 2262 2007 3578 8313 1131 7251 2304 2716 3308 5325 7199 5366 4658
7206 2138 6445 5605 3681 8422 5498 8225 3108 7276 4202 7934 4086 6637 1298 3645 6708 2151 2214 3570 8464 1059 7237 2478 2700 3454 5517 7167 5562 4914
7198 2132 6495 5736 3658 8409 5522 8280 3214 7344 4216 7716 4199 6393 1285 3547 6892 2141 2204 3478 8453 1061 7223 2279 2653 3435 5451 7077 5405 4763
7454 1985 6411 5759 3731 8297 5533 8232 3011 7333 4192 7711 4116 6556 1130 3675 6657 2121 2037 3670 8484 1287 7437 2558 2576 3568 5495 7170 5379 4730
7282 2093 6529 1315 3761 8260 5630 8249 2990 7378 4165 7759 4118 6529 1148 6291 2435 2136 2127 3499 8220 1113 7495 2488 2570 3388 5344 7157 5298 4833
7214 1928 6592 1337 3476 8306 5437 8204 3153 7290 6464 7915 4116 6372 1242 6238 2417 2297 2126 3640 8192 1216 7245 2273 2722 3321 5403 7172 5423 4748
7346 1925 6411 1378 5468 8274 5531 8132 3255 7329 6465 7885 4292 6417 1297 6171 2217 2289 1932 3718 8425 1301 7405 2372 4555 3319 5482 7082 5544 4921
7364 2111 6402 1349 5360 8273 5466 8091 3189 7546 6372 7718 4857 6491 1249 6289 2384 2117 1955 3650 8372 1081 7482 2448 4630 3503 5442 7315 5424 4665
7457 1942 6565 1360 5576 8423 5652 5195 2999 7458 6396 7977 4997 6532 3628 6293 2259 2133 1947 3446 8273 1288 7282 6840 4607 3314 5317 7336 5369 4793
7439 2003 6527 1252 5638 8529 5506 5015 3208 7343 6298 7919 4807 6397 3605 6100 2254 2288 2202 3557 8348 1120 7251 6790 4564 3405 5259 7147 5460 4869
7286 2094 6422 1244 5643 8274 5607 4901 3124 7280 6365 7877 4800 6509 3622 6094 2450 2134 2022 3458 8405 1288 7388 6813 4615 3319 5430 7112 5531 4771
27 20 8 20 37187 0.9963266948629567
4 23 27 21 42627 1.0360567249598227
28 22 4 7 66078 1.0182418231439696
23 5 9 25 80580 1.0778905537097538
22 4 19 22 63708 1.0978631917618746
23 26 4 24 56253 0.9306124752405973
20 0 11 7 57530 0.9707144728532525
12 29 20 6 77236 1.0149652999531857
8 10 11 25 42267 1.0746275625118396
16 0 16 10 29386 0.9282719908394466
20 13 8 3 46437 1.0754414904816207
21 3 7 14 47121 1.0873945764335318
20 16 7 19 35837 1.0079017154029863
6 26 20 28 53263 1.0131051641041973
1 28 4 8 41247 0.9562206099868084
19 20 25 25 32256 0.9335900390244383
12 0 1 14 52983 0.9981003971658358
26 16 19 0 65722 0.9631729856220504
15 0 27 19 61108 0.9682476996816862
20 0 8 20 70208 0.9746668024097305
12 7 21 4 39015 0.9413986307747825
21 16 23 0 52367 0.9430978573362971
5 5 10 11 35444 1.0009627620559747
10 26 5 18 30645 0.967360508741429
29 3 4 5 80255 1.0288871663666936
18 11 27 25 62369 0.9042159804031595
5 2 17 12 53687 1.0831389621394718
7 1 14 5 34936 0.9173570970600152
12 22 14 10 40318 1.0035427423579384
7 4 11 10 27184 0.9948654213539398
0 26 15 13 49370 0.9781525556041215
26 3 18 28 81264 1.0492736002999832
23 4 2 11 68801 1.075715034265573
12 8 13 23 44790 0.9119935478884295
24 25 29 18 37894 0.9139914818063056
15 24 27 9 54074 0.9111640829105454
24 20 29 8 51688 1.0838183412789097
22 3 13 6 38518 1.0687485531538357
2 5 18 11 46646 0.9438025308661995
27 9 18 28 66293 1.067528352103797
21 1 7 21 64305 0.9591180353090097
27 14 14 8 32809 0.9163717603036454
14 18 17 25 21276 1.076829694753336
2 21 13 7 54381 0.989970834535101
7 2 21 28 81517 1.098884636819641
24 5 12 3 50163 0.9369362147325792
24 28 25 6 95602 1.0345131017277438
3 17 23 22 48424 1.0866091455188036
29 19 1 15 57244 1.030479665438617
23 18 9 13 36891 1.0851644929845432
0 4 22 6 73788 1.0971576216780032
6 27 7 0 50100 0.9497053861910847
2 9 25 23 59414 0.9972616977099296
3 21 14 4 49840 0.9877977057963025
13 6 25 11 50087 0.9781541767453521
23 8 12 18 43631 1.079026173584413
21 13 10 13 22515 0.9522020296353805
19 12 21 3 32946 0.9117508886613505
1 9 21 29 75106 1.005769793447584
24 19 10 27 58195 0.998318983379507
26 29 13 7 93828 1.0286895067591602
0 26 18 17 60190 1.0440842188131794
16 25 28 8 61339 1.0829980681760516
13 2 22 13 52795 1.0963752453991356
3 26 17 21 37987 1.0037599509534287
8 18 29 29 64867 1.0421234044991632
18 2 25 16 58453 0.9860676439170537
5 29 14 22 35582 0.90580695855304
12 12 27 12 36844 1.0754595714766002
24 12 16 22 41214 1.0355434621129165
24 12 7 2 51794 0.9460261529211214
28 9 13 18 50700 1.0239596731970242
1 27 2 12 35290 1.04075772005314
24 11 12 5 56270 0.9590947999092228
3 9 27 19 52951 0.9269424673841232
18 11 11 19 35808 0.960720725882963
8 29 16 14 36335 1.0154468583995706
23 13 9 2 54736 0.9700800107178967
14 21 3 5 41766 1.0182099743329145
24 13 0 25 59885 1.0239708259376084
27 8 14 4 49425 1.0648903816360256
19 15 6 20 32704 1.0004730747131763
29 2 2 12 78463 1.0305077621202428
27 17 17 27 44309 0.9177980456883056
26 21 15 20 15170 1.069767951821919
18 5 8 9 49850 0.9694720399089803
2 25 27 7 72423 0.9351068697312886
10 12 22 6 53304 0.9479056130096368
15 14 0 25 43780 0.992435510878477
21 11 4 19 43130 1.031812529877053
7 18 12 1 53320 0.9014769658251952
12 20 29 29 57497 0.9092056351680362
5 25 17 27 45037 0.9462872290151874
20 19 11 1 75865 0.9384509559999183
14 8 28 7 48324 1.0547454208725466
15 28 5 23 37623 0.9730619421629538
4 24 27 13 52461 1.0790825263109958
28 19 26 10 35089 1.0797334174612303
20 17 2 27 58079 1.0205765501954203
3 0 22 14 42855 0.9747129951339419
12 19 23 19 35985 1.0151686850570545
12 10 24 27 74820 1.037452978187867
26 8 5 27 79571 0.9248637854398953
9 3 24 2 57664 0.932315384921645
17 4 26 23 67319 0.9123078025777093
25 8 25 27 80511 0.9791922011605805
27 19 29 8 38103 1.0732982663964052
1 0 18 29 79238 1.019473616939088
22 5 5 5 68023 0.9686431016368012
25 15 5 9 47397 0.9908994991049165
3 15 20 8 42855 1.0558379720509463
23 19 28 3 59002 0.9765295729562228
5 1 25 28 107180 0.9046191689118823
26 22 3 25 54874 0.9118092778369276
6 0 21 14 45786 1.0903061741891245
4 24 25 28 74222 0.9202508545543835
23 7 21 24 68003 0.987052634043449
5 8 7 26 37556 0.9859143590757007
15 0 10 14 35532 1.0169208924914785
18 14 19 4 35815 1.0612476700169156
11 28 13 0 85353 0.9252963827854772
12 7 4 17 48356 1.083507202976888
19 15 12 4 42576 0.9606463775717577
0 22 27 6 78882 1.0299247202956567
2 3 13 25 65271 0.9716985994796798
16 26 22 0 73156 0.9237963010282055
17 21 16 0 50851 0.9777332506200336
9 1 5 9 34768 0.9754470526630844
4 15 16 9 34855 0.9269970639869609
4 2 13 13 46352 1.000376870141169
22 20 11 14 31176 1.0382645054399324
14 5 20 1 32400 1.0540654047590698
5 9 21 5 62301 1.0173569608924076
17 10 19 21 32853 0.9626860244638846
29 22 1 16 57292 0.9827233518494594
7 27 27 15 50652 0.9997627250334341
22 4 20 16 43411 1.0474443936318811
10 5 16 29 65660 1.0946761938355423
22 5 1 4 74029 0.9755021833685229
17 16 14 8 23772 1.0207904788140902
4 6 6 15 23526 0.9260513695519599
1 14 16 14 18249 1.0377365152144629
17 14 23 8 27440 0.9734666225398284
25 12 7 28 54762 1.0118150981375729
9 0 2 7 41976 1.0806668828362236
27 22 2 1 74762 1.0513685737271283
9 25 24 14 44963 0.9670418816014101
2 8 10 27 56029 1.047515927866253
28 28 11 29 71525 1.0695390822772326
27 16 13 11 39955 1.0183982247121488
18 9 28 6 43201 1.0019324471799016
23 29 1 18 72479 0.9480023751793738
2 12 13 2 61878 0.9992865193397035
24 1 25 19 61577 1.0525396917417127
15 12 2 18 26035 1.0413039176716885
2 15 23 17 39329 1.0944328208864524
24 24 17 2 77823 1.0685123693075553
26 29 12 21 57688 0.9213731597872511
15 27 5 13 49120 0.9253345532952095
4 26 26 27 86918 0.9467636967183762
7 17 21 24 45024 1.0452315569689756
16 26 23 17 32991 1.0015587573353515
15 11 3 6 32138 1.0607586791807326
19 14 2 25 39868 0.9784211165598056
0 17 23 10 58401 1.0756105175650854
15 10 27 16 31180 0.9507008509466184
1 18 7 10 20392 1.0087925649235425
28 8 17 7 36948 0.9554553764499418
17 3 13 28 70785 0.9465157798918225
0 26 11 14 42614 1.0192675585857454
9 29 22 3 80928 1.0384159113764824
26 16 4 21 51975 0.9193009085738139
8 27 1 0 57495 0.9607872075099765
2 10 29 4 80996 0.9156438194752262
21 7 7 8 46250 1.0397020371531227
10 9 19 29 76279 0.9693271025699085
8 18 25 3 60531 1.0864923544231513
15 27 7 25 32288 1.031395474130468
17 21 24 1 66399 1.031985896563809
3 14 13 17 22070 0.9583168063444867
25 18 12 9 56285 0.9145482915640106
6 29 6 4 50595 0.9174755100561669
6 2 24 15 55420 1.094401174332848
2 1 15 24 62480 0.9920386509725205
7 20 15 28 37638 1.084053139271038
11 27 27 6 84781 0.940669907845381
26 9 16 29 67856 0.9026622974035255
24 0 14 15 55530 1.022637231917312
25 14 12 23 37342 0.9835210323839173
24 24 5 4 73490 1.045238050947498
2 3 13 12 43388 0.9373553048530905
28 9 24 17 36979 0.9517032563290997
16 24 23 10 49044 1.0453068014799256
26 2 17 20 69226 1.0329358017294803
26 18 14 0 63655 1.0913612088822149
14 25 12 13 34051 0.9247232600938787
1 18 28 10 58048 0.9516962075688858
7 26 26 27 72350 1.0442897437190322
17 10 11 4 34744 1.0265610098113112
3 18 3 2 23291 0.9383953545216692
25 6 1 6 77073 1.0884193789304153
21 8 3 10 43875 0.9244844164968957
25 12 3 4 50949 0.9281778460953444
1 29 15 26 47912 0.9534591038882152
8 19 26 17 42511 0.9260908173091034
12 1 0 2 65102 0.9633075091030896
14 15 24 6 46741 0.9906496255424438
10 13 6 26 33412 0.9553012996492599
24 28 12 25 55750 0.9785081177905796
21 23 20 5 68105 1.0406148039159708
8 21 11 9 45273 1.0546293285160897
5 4 0 13 28262 0.9157861983814964
10 11 18 2 58552 0.9346601793244309
0 9 25 6 70673 0.9947199326931396
17 29 1 27 58155 0.9391983785615975
27 17 20 3 54219 0.9704243491391182
27 21 22 10 46245 0.9186927052275835
12 19 25 11 48684 1.0904596364821426
28 27 14 12 56013 1.0971445489704124
2 12 9 8 29795 0.909494029333306
26 4 13 11 68712 0.9264235095963832
20 29 25 2 95672 1.0448580282214859
16 6 11 29 66947 1.065511040189657
26 23 4 19 58038 0.9898645612471659
0 9 23 21 49639 1.0248198774447617
29 21 26 14 28586 0.9696930335767553
0 21 7 10 28918 0.9180393658511695
6 21 2 1 43880 0.9057413265729185
19 21 25 29 43798 0.9308453320413999
8 23 17 22 24351 0.983256049679512
22 9 26 2 35363 0.9713308738199855
15 20 13 1 53478 1.0750877923106477
10 13 27 21 41330 0.9792970264831418
17 17 16 26 21460 1.0701323110015235
5 19 29 21 48498 1.0121097255495684
11 3 17 10 40737 1.0389592332171653
22 16 26 7 41238 0.9711242142707146
28 16 20 29 58795 1.0039928497222603
3 3 13 7 43177 1.0064546580652143
19 12 16 25 39166 0.9578152774618742
14 6 24 21 45246 0.9676921610079334
23 27 29 20 35995 1.07368949223208
18 27 18 14 36414 0.9036130456340551
7 23 17 26 31040 0.9369531836365137
28 12 16 10 39986 0.9144559430936832
5 2 23 9 79005 0.9464383925600921
4 13 1 25 27229 0.9252657195309285
27 1 27 12 31520 0.9630693723701917
9 3 18 11 51611 0.9957192534155674
1 18 28 22 52375 0.948755181659975
18 10 27 25 64477 1.0956611332821458
2 28 17 28 56134 0.9103326209444331
15 15 24 6 45385 0.9041343228164143
10 7 26 4 70186 1.0480241800060588
5 1 2 26 56093 1.002926427619405
5 3 18 3 56768 0.9355215989622976
27 15 18 0 58395 1.037626549977706
24 21 14 17 20800 1.0431432492925694
16 26 16 6 45043 0.9906512723168357
28 27 12 7 80306 1.0280819360887186
26 8 6 26 70151 0.9303908433052891
20 19 28 24 31856 1.0402834713015516
10 25 29 17 55608 1.0020038664239401
29 16 18 14 23735 1.0797026398965155
2 0 8 4 27794 1.0978392377804578
26 25 22 1 88198 0.9792559481278824
25 5 6 8 72907 1.092523002368696
11 27 19 23 35857 0.9016562482956767
0 4 19 8 64233 1.0868498597079093
2 28 26 3 88575 0.9316849535411114
23 5 18 16 50906 0.9944877498546822
25 18 2 19 54459 0.9687545850874026
22 19 8 1 64411 0.9506997641371915
23 21 8 7 53451 1.0754898187044994
4 1 9 17 39139 1.0390647736163716
11 29 9 21 31129 1.0056556158949166
9 0 21 25 82180 0.9942328956867987
17 5 28 28 79780 0.9939845966616803
5 5 15 22 49955 0.9347985898462957
24 3 16 13 46540 0.9945980633378759
26 29 3 20 82235 1.041113555891414
23 22 27 8 53814 1.036285470091978
20 6 8 10 55210 1.0010254727310266
9 5 23 27 79720 1.0582585620670204
14 8 21 24 51445 0.9077135080709379
22 16 13 5 42532 1.052624851816299
10 3 19 15 52558 1.01915588068043
18 4 8 18 47331 0.9739389649265541
2 17 21 6 54770 0.9897119081351166
11 3 24 28 97441 1.0183330156464927
17 22 18 8 41577 0.9134329524957792
27 4 29 14 35988 0.9139024858301488
27 17 1 4 61388 0.9286233017662441
4 28 12 10 59568 1.071236214187515
26 15 9 25 55474 1.0900319679431976
7 0 1 7 32764 0.9363645770109892
9 2 5 14 31330 0.9251192320256274
25 16 1 3 60612 1.0204240660927033
23 27 22 11 60547 0.9017787817718126
10 0 26 16 71221 1.0867358444980413
27 27 10 25 67746 0.9640097443774762
28 21 16 23 19306 1.0675457540582558
12 17 20 9 40347 0.9292682075751697
14 2 9 11 54211 0.9823025406323664
23 10 29 24 63186 0.9743542368959485
11 5 20 18 52894 1.0756784140973958
19 0 7 28 85281 0.9767319981357996
14 19 24 17 26512 0.9851470074826035
1 25 15 15 39592 1.0327770552344655
9 5 27 4 63948 1.0243956551298858
29 26 20 19 40352 0.9545442801379351
19 13 28 15 24690 1.0841597668279395
20 15 13 28 48401 1.0740244975897026
9 14 6 28 29880 1.0157727313991785
21 14 11 4 43071 1.0512908640286347
25 16 6 9 47465 0.9064501747271808
2 2 12 23 57907 0.9335651041850885
11 7 21 5 47997 0.9457859246894195
26 0 0 1 111277 1.058854107449216
19 5 4 25 74651 0.9756429492537899
20 10 8 23 46913 0.9114108285510026
1 3 25 10 70676 1.0796686799461312
12 28 18 18 39923 1.0754451774969775
13 19 3 24 37787 0.9246793191775392
13 9 0 10 55641 0.9144379881341604
1 26 22 17 57956 0.9622510020556093
11 4 7 25 49919 0.9974734443372667
20 12 20 28 62757 1.0917676981124993
8 19 25 21 30873 0.9026652783296752
25 29 28 0 111837 0.928297578256428
26 24 14 27 41908 1.0721038221611012
2 15 0 23 23029 1.0567746397767033
26 0 22 27 100521 0.9122288655443538
9 6 21 28 80001 0.9777277207566661
1 15 22 5 57874 0.9893774626996635
28 10 8 16 46776 1.0938657701131032
12 25 15 12 39804 0.9624030353838045
12 5 27 25 76984 1.0183530160097165
18 6 22 19 47622 0.9039405485547307
12 29 21 8 66159 0.9022994595011453
22 3 4 26 80985 1.090317159419371
8 13 4 20 18168 1.0342224686125052
20 26 2 3 77776 1.0469032022263327
19 21 6 26 34305 1.0894219080522722
11 28 10 15 46345 1.0066280660882376
11 0 2 5 43822 0.9371723211384739
19 13 5 2 56016 0.9661244293441127
18 6 18 23 51017 0.9676289641501553
1 20 17 5 52233 1.0401742417027278
3 24 2 10 24912 0.9012606872218385
8 22 18 18 27984 0.9285548676400358
12 24 0 4 58905 0.9203548205196261
24 20 3 24 48217 1.0364120375466985
10 0 18 10 53652 1.0541799181615805
12 27 27 29 76081 0.9906285105984614
19 24 1 5 65100 1.0093039901077998
21 5 8 23 56376 0.9037433818093807
20 19 4 21 44402 0.9789514731729029
20 12 0 28 66453 0.9078819717913665
18 12 1 12 33665 1.0041514126559055
12 9 3 28 61802 1.0024034965658872
24 2 4 0 77826 1.0857990349851505
10 22 16 14 32939 1.0595379814965695
28 18 14 0 64723 0.9301529829943184
13 21 25 6 62396 0.906838168819425
22 3 24 22 66515 1.0445832958821455
29 17 20 7 48233 0.9111180478158633
11 16 19 18 23859 1.0727678785670438
4 15 14 29 49472 1.0068881185002234
24 20 17 4 59026 0.9070274271993184
21 10 25 18 31352 0.9175847703622497
27 29 8 17 69658 0.9217409009617042
25 11 13 16 39671 1.0985942626916072
7 29 21 10 52673 0.9594382561969045
16 12 19 26 44891 0.9854310219929772
6 2 25 22 70898 1.067937989592065
12 4 17 14 34501 0.9269226269489903
14 11 4 4 43095 1.0201871109714413
17 20 1 9 42277 0.938896136011517
29 21 6 26 46119 1.0474652275664773
18 4 28 29 89504 1.049573198998075
29 7 19 24 77581 1.0767660641230914
29 11 9 15 52096 0.9356814340425135
22 7 8 9 56027 0.9921278424923035
14 19 15 4 33218 0.974806948044037
23 23 4 10 56861 0.9711938427786555
29 15 15 24 48965 0.9761272976771086
25 4 1 17 74681 1.057422407981973
13 14 14 5 25036 1.0730185479851948
1 7 14 29 61140 1.0817559997856565
8 18 26 5 66716 0.9035324290353318
19 8 15 22 41893 0.9849389821675213
18 10 8 10 37701 0.9109062698632571
9 2 4 15 37647 1.0388821363907945
23 5 21 25 82607 1.0055004111316945
2 23 3 6 27421 1.0585950011456506
21 28 5 4 85123 0.9174203005565763
21 23 6 25 40202 1.0837904527769129
21 23 1 17 53532 1.0882541119143023
29 19 21 5 54902 1.0628906894016172
17 6 26 18 49156 1.0800841765615066
16 7 27 17 45284 1.0538222341292955
13 3 19 11 47233 0.943803078920158
13 19 12 1 62422 0.9133709397601
29 0 10 2 83309 0.9410211497664219
15 20 2 1 52480 1.0248235450592549
0 7 24 21 63410 0.9838012157038204
21 18 10 16 32442 0.9731019005276615
27 1 2 2 94524 0.9839049056858673
14 25 27 8 59026 1.0204387754795932
3 11 20 8 45678 1.0071184705748388
25 5 1 20 75778 0.9661505630047215
27 24 16 1 79402 0.9350840929317745
24 14 5 3 50785 0.9236290794657591
19 24 20 1 75722 0.9697302264995922
29 15 5 7 63249 1.018826411383978
9 6 6 26 42649 0.9193599059998423
12 12 14 21 28311 1.0222373120662724
0 15 23 28 73529 1.0010707662163156
22 8 7 14 36376 1.0131078546671843
11 1 8 10 42140 1.0467855028752067
8 15 22 1 55403 1.05810500785955
14 18 7 24 24069 0.9594759791447686
4 17 28 7 67710 0.9566350298257288
21 7 24 19 43135 1.0249834070074255
26 19 4 22 56081 0.9451048881899966
17 25 28 4 79277 1.036247556844426
17 17 0 0 57476 0.9203935832107468
24 20 7 12 43555 0.9898942212315945
3 17 0 0 36734 1.0411592015499347
8 0 29 24 80400 1.0176222276594764
11 7 6 16 44406 0.9579142960996748
17 15 5 7 38262 1.0118469850791751
19 16 23 25 43771 1.0050936198049483
20 25 1 11 61256 0.9722807736081492
7 16 9 6 22741 1.0958834805220532
15 19 23 0 64525 1.0419347488187682
20 25 26 5 86978 1.0253742447370475
11 12 9 22 37070 0.957286968568063
12 14 25 12 25540 1.0427962091221812
15 25 2 26 42737 0.9822716614704751
12 20 8 7 51048 1.0129244925653058
21 7 18 28 61411 1.0311274397484123
14 22 1 19 36090 1.010715907867856
13 14 0 19 29626 0.9911602156291212
27 25 8 3 81485 1.070837248545132
28 11 14 11 46390 0.9216764518444761
23 27 16 20 34689 0.9666365736055078
24 7 0 17 69973 1.0642743157746324
22 1 20 18 53560 1.0292564092151741
2 20 13 11 40061 1.0661714109986713
0 16 15 11 35483 0.9877325304624829
20 4 25 15 40825 0.9869063406031242
5 27 26 27 85190 1.037411778098425
14 17 28 8 45333 0.9992216316080086
17 26 0 10 61599 1.0012474764439616
18 29 26 9 75466 0.9902897754953688
0 24 22 3 78753 1.0422163438236018
20 18 13 14 21067 0.9163285412078696
3 22 16 10 39418 1.0840837230716318
17 22 10 11 45091 1.068927175075441
8 14 23 25 48426 1.0737449410486926
14 23 13 5 47274 0.9450358825788275
27 29 24 18 50300 1.076811637141096
26 12 21 22 48016 0.9732231502097541
22 5 4 26 78021 0.9333223426242504
17 20 29 24 27678 1.0901273671036167
9 21 28 2 79119 1.0696553112708682
1 28 10 6 56185 1.074635599811388
29 19 7 20 43406 1.0125943213571602
8 11 15 15 22175 0.9487808773323778
1 10 9 4 33406 0.938373691201156
15 7 26 9 44445 1.0405757864097027
22 8 18 19 41762 1.0807795449356654
3 6 25 17 50254 1.0599703275736234
13 22 28 19 32205 0.9808283835726095
17 17 22 29 46520 1.007217062126538
19 7 12 22 58259 1.0022799974247452
23 25 17 15 39770 1.0328862944329775
19 25 5 13 49106 0.9000253751629962
1 10 6 24 35732 0.9980752965830482
21 12 7 22 35507 1.0918495036180562
18 27 0 18 52989 1.0416452143979194
23 3 4 29 81660 1.051406614210428
25 12 14 21 38168 1.0805777476570968
3 4 28 26 75978 0.9114671832348462
8 15 16 11 22685 1.0313618059549716
27 0 17 20 71007 1.0821748761114531
1 13 3 24 20522 1.0361202683520045
25 19 11 17 36787 1.0491864421752994
24 28 0 22 83925 1.0332738689973557
28 3 16 25 72868 0.9697234661031459
16 21 24 25 27408 0.9226701780966869
27 17 14 13 28909 0.9706558615691561
12 22 8 13 32012 0.947586601543786
4 21 27 13 47547 0.9165548553973678
16 5 1 6 49217 0.9771280277735485
28 25 23 19 31531 1.0589982278239656
22 11 29 24 55268 0.965048155624006
16 11 2 1 52535 0.940815542264361
16 22 18 12 31261 1.04082029720993
7 20 28 19 41438 0.9957698821135126
0 1 8 19 53951 0.9553946742654733
2 9 24 24 62378 0.9767951330202567
27 24 8 25 52943 0.9296169704849742
27 9 20 23 57586 0.9380338509920213
12 24 17 16 29188 0.9712637365350255
19 26 10 12 55157 1.0987882740289396
0 25 11 2 80828 0.9054533384324478
11 6 24 28 84877 0.9710641171652897
17 12 4 22 40578 1.083765806243513
27 29 9 12 78476 1.0288702386347464
24 8 7 19 50834 0.9856987985397346
27 23 2 14 56261 1.091484228727396
2 8 13 19 43183 0.911403482964626
29 6 28 29 85387 0.9671545428116115
2 25 25 8 71351 1.0619080890751957
6 24 5 3 49486 0.9177194118014552
20 10 29 1 43773 0.9240228545274216
0 19 9 12 31074 0.9358564413682753
9 19 15 6 40441 1.0073090272687746
24 22 0 19 57501 0.9435304689822459
5 21 24 29 66861 1.0404218895091473
12 4 22 19 57290 1.0353386883467124
28 27 27 13 47028 1.089704828007051
14 0 22 24 68060 0.9889623202612408
26 4 1 28 94553 0.9247236645596238
14 28 28 23 38430 0.969534836264164
22 22 11 25 32366 0.9396900827578911
0 13 11 19 31501 0.9443150698315897
29 29 10 3 101352 0.9471544830167272
2 29 21 18 56417 0.9972797690538405
15 11 26 14 19755 0.9637299975907748
29 18 13 26 44752 0.9323812629317441
22 11 25 22 45244 0.9284569384478584
27 17 12 8 47607 0.9285930724861672
9 29 8 8 46482 1.0839525117519124
21 16 15 29 41561 0.9441968393614163
29 5 5 27 100078 0.9860477796199033
2 19 6 2 49218 0.9356334551106981
9 29 1 18 37042 1.025887146073181
28 22 11 22 31462 1.0600576991309532
13 17 9 5 40496 0.9750526993017863
9 2 27 15 58277 0.966487308768911
23 3 1 1 89419 0.9079353886472818
10 19 3 22 27417 1.0421493352283864
13 2 27 21 69486 1.0674357801361531
17 9 8 0 52473 1.000332910759887
2 4 21 18 53151 1.0593932653073534
27 15 13 28 56160 0.9170202381226046
19 8 8 19 41968 1.0116077329569417
9 28 25 14 50833 0.9769377624058975
10 0 1 11 48851 0.9879550237315621
9 4 10 17 35353 1.0258522946675406
2 15 9 5 33311 1.0188795925770517
0 20 14 7 50740 0.9108744782132628
12 28 26 14 55158 0.9148203569748906
13 27 7 20 37304 1.086172171111876
13 23 0 8 50436 0.9200798492324241
2 12 29 13 51817 0.9511081160077316
5 17 27 19 50294 0.9557740241229813
15 17 8 26 30732 1.0232694634922184
20 21 15 3 43831 1.0969962806165996
10 26 1 18 37629 0.9521993326666138
0 10 2 20 27130 1.0968370720997018
29 18 19 26 44385 1.0272808188693192
26 6 6 18 64032 0.9443993742745768
29 24 12 16 49507 1.0486787718660475
0 6 22 7 65745 0.9277462949161724
5 17 12 0 54911 1.0543874903128314
12 18 5 15 22468 1.0779684970786219
0 4 9 18 39820 1.072827584575983
15 18 4 2 48904 1.0678520491814403
1 16 19 22 47596 1.0090988012551614
7 11 2 3 30800 0.9467964550635892
7 26 21 12 42223 0.9460976447379805
3 15 18 26 46808 1.0046402720745684
18 0 27 26 97625 0.9292654702545401
3 7 8 25 35280 1.0469069406361333
16 0 4 20 58477 0.9537000240079221
13 3 0 5 55352 1.061469429944893
14 5 23 0 45406 1.0249020148817902
7 23 20 14 30313 0.9458079955515281
12 14 21 5 35419 1.0852047754365064
28 0 13 15 69792 1.0220270705330143
2 29 1 13 29854 1.0424305105951814
22 27 11 2 93389 1.0572283086767917
4 16 19 10 44697 0.9205149042258659
21 27 15 2 75064 0.9393090080687749
5 24 21 18 44419 1.07319782721335
25 5 12 23 74551 1.0208361874325915
27 8 7 1 66788 1.005499337742854
23 12 1 14 37093 1.032972091658924
0 17 24 12 53006 1.07943034720776
27 13 21 7 31977 1.0420988482694602
20 16 27 5 47897 1.0718083544095527
9 9 29 28 86288 1.0139410176278
11 2 25 11 75583 1.0539764205059983
1 19 28 19 57258 0.9319781014358683
19 21 28 0 80606 1.0679462356826344
17 6 22 22 49734 0.9203710724261239
17 7 6 4 40969 0.904474086696436
27 13 7 27 50823 0.9499548643647768
17 26 8 15 40614 0.9404817911655119
3 10 21 13 30136 1.069653509513052
19 16 5 26 55701 0.9388688126369105
14 15 27 11 29140 0.9923776178691726
1 19 7 12 19834 0.9665703983795267
29 29 29 15 55071 0.9771975444353748
4 17 15 13 27514 0.9770875029046406
27 18 23 7 48189 1.0073634379349221
18 21 24 16 27674 0.9648659087924677
25 14 16 21 28098 0.9117591857485648
0 12 10 5 44218 1.0035017485935531
15 28 6 17 44602 1.0377394164949907
9 21 27 13 43013 0.9962283771220317
5 11 21 3 64571 0.975853243879495
17 5 12 16 44304 0.9034417775425777
0 28 18 13 56844 0.9239076769521117
21 18 20 29 45983 1.0435800107547655
19 15 9 9 41041 0.9714825938319626
7 11 18 5 44566 0.9371074464012938
24 19 12 11 52847 1.0704592809918942
14 4 24 28 80485 1.0615633207952728
3 28 20 10 58650 0.9370518147563627
18 24 27 15 44601 1.0980825555589302
5 25 27 17 62557 1.0809761882956184
14 3 3 22 55563 0.9031699993817305
22 2 14 20 58464 0.9156384275462054
24 11 5 18 46740 1.099499241478075
4 8 27 3 74919 0.9339842888929111
25 16 2 19 50906 0.967568866282676
27 25 9 5 80001 0.9596324280926165
24 22 19 5 67596 1.0780950673775354
29 25 18 11 60626 1.0798156570636668
1 25 18 5 67418 0.9289626826597174
13 9 10 23 53521 0.9609067116982749
17 6 18 26 54031 0.97081383253942
23 25 24 15 45557 0.9782386634780513
8 17 12 7 38767 1.0448759367901133
2 28 5 21 21920 1.0657443672845173
3 8 22 18 44503 0.9790054916137086
12 10 1 9 41487 1.0057400077188412
16 5 7 25 50561 1.0241643626241859
24 18 2 9 48794 1.0228567594451399
20 29 0 24 65309 1.0883209156006766
29 21 8 13 41569 0.9414667761374258
17 16 5 29 48524 1.0202198015821808
21 0 14 19 57985 0.9847828960745836
18 17 4 1 53040 0.9530039898704654
28 7 7 6 65284 0.9216049326962328
0 28 7 7 51565 0.9870850396901931
19 11 2 14 36846 1.0842870138133283
26 23 17 15 38630 0.9917076496065046
17 28 17 14 35431 0.9964151594755704
4 18 8 6 29304 0.9455233399298462
27 0 11 0 54812 1.0862667417567022
0 28 27 11 75101 0.9094322496471638
1 25 2 13 27349 1.0971803317388427
20 17 6 5 46269 1.0313673152324145
20 23 0 20 49317 1.0659704215826227
11 3 9 22 60106 1.0062644264986367
3 6 8 28 42202 1.0486687307251703
22 29 11 12 70465 0.9897747393962137
4 25 7 12 31523 1.084344888381938
14 17 2 10 29598 0.9664546143419301
11 19 15 13 22714 0.9190121538493422
10 5 2 14 33515 1.0560931239316753
18 28 25 12 56820 0.9930264266743898
10 18 28 16 42653 1.0613236043831529
10 23 3 15 27988 1.0777964970675604
7 20 16 10 32138 1.0581177195712892
12 9 20 13 40629 0.9216092299040857
27 22 5 0 77188 0.9160527190547951
29 0 20 14 58340 0.9212109664268234
8 16 13 22 29231 0.9124256959370105
21 6 3 6 55211 1.0783584625379006
27 12 13 22 47927 1.0863207881799641
15 18 4 22 34247 0.9884761996724496
19 1 9 6 46716 0.996198580721977
0 16 13 15 34024 1.089203679794244
15 19 4 16 33719 0.9773779431298368
2 26 22 5 76141 1.0142267312710147
7 12 27 9 44585 0.9347399440528932
11 5 4 18 44318 1.0484608817783265
0 29 28 19 66553 1.0668365030537341
28 27 16 4 75384 1.058146086824682
19 20 24 2 68302 1.0703016588511605
13 18 26 15 33139 1.0136726984007474
29 27 7 4 79265 1.0147749757452056
21 3 11 21 60207 1.0807927042785277
0 6 13 17 42710 0.9947943063783015
18 14 23 5 42894 0.9469853566638589
26 18 18 27 40778 1.010580519890304
10 25 28 10 72758 1.0238952004693278
12 12 19 20 38847 0.9041066005857697
8 2 7 19 38159 1.0177979120138336
28 14 22 29 60357 1.0132680499229976
17 27 7 20 37942 1.083748817765302
23 27 23 8 71489 1.0398093642818111
20 25 6 1 75178 0.9942785942335499
13 29 11 2 85983 1.0411397573094243
24 1 28 9 33832 1.016221870191615
24 14 5 13 27363 0.9013744068801698
29 19 23 11 47303 1.071676764651667
17 25 2 12 49143 1.0402473406555253
8 5 1 12 32202 1.0928307269389004
1 4 7 0 28611 0.9338909157520812
22 16 23 25 35368 0.9127747061710383
6 29 21 9 60326 0.9861601445176477
26 20 11 8 60549 1.079673653215313
0 0 10 4 43275 1.0433702313082867
29 24 22 27 34252 0.9447954783598844
5 26 20 20 49684 1.0693101558086944
12 23 9 16 29034 1.0182781438695687
8 0 27 10 67114 1.0932084175047656
1 5 15 10 43313 0.9534159428103169
3 27 12 19 40540 1.052979597247327
27 0 6 19 76907 0.9984548285573529
13 24 5 3 62019 0.9014157970661393
29 17 26 24 34974 1.0103982368634785
20 1 26 22 75823 0.904155014331563
24 8 2 10 57071 0.9580086493242529
1 6 11 19 41252 0.9157980127563431
27 0 29 24 75891 0.9282905586063257
20 13 24 26 58135 0.9626364348776096
11 27 15 14 44555 0.9912428056953948
17 3 23 10 45389 1.0659164842407427
4 9 15 17 34913 1.0128273820178744
14 29 1 29 45295 1.0813068698166706
11 0 10 11 53296 0.9536955339207808
13 12 13 24 33257 1.0863467101008997
2 13 9 7 33325 1.0929423519169896
28 28 0 0 100786 1.0056477608843954
4 5 16 19 45685 0.9656113159618918
12 12 3 13 27601 0.9795538552428131
1 15 9 17 18707 0.9385222052340445
27 14 29 2 40778 1.063681740671821
25 2 15 23 68777 0.9392026374448836
17 18 6 1 51628 0.9085558521204887
17 5 1 7 54862 1.077775383494803
10 8 2 28 54552 1.0537684309364712
18 29 21 7 63126 0.9257250217718179
24 15 2 6 44936 0.9129408568633047
24 4 5 9 76030 1.070332934611729
20 5 1 12 62744 1.0853857753611533
14 12 22 20 32095 1.0378875164253647
3 4 19 14 33590 0.9166921543867046
11 16 0 10 39463 1.0341670656242803
15 11 25 12 28465 1.0795677583104542
11 17 4 28 40279 0.9097616414113525
13 23 22 29 41587 1.0805240214074747
0 12 19 4 61956 0.9571922560380168
16 5 17 16 31029 0.9428227976111886
25 27 22 12 66421 0.9763388640827673
12 19 5 26 41322 0.9107941332978128
28 2 4 23 86710 0.9540784073307245
24 5 10 26 86338 1.026099866127305
19 7 7 10 46841 0.9674556190586462
22 11 11 23 47266 1.0684109381850444
18 11 24 25 58574 1.032492289412163
28 3 15 21 63882 1.0073134686806693
25 25 22 0 89219 0.9367207809185796
19 4 6 11 58081 1.0154973249699746
7 5 17 27 58082 0.9147230838217879
2 3 13 15 40790 0.909113625549217
2 12 7 20 21654 1.0859987860769595
27 4 27 16 34341 0.917728420007012
17 8 11 2 41997 0.9184753190677609
18 22 2 3 58336 1.084125356406655
25 15 8 27 48599 0.9165000490300755
18 4 2 0 64023 0.924808087404724
18 16 17 2 50050 0.9290989206638398
23 1 25 11 42979 0.9534879038314439
0 25 9 10 49190 1.0897017519260774
3 9 19 8 46462 1.0232600962201506
14 21 20 12 33177 0.9404306754284353
15 25 8 15 36056 0.9306724301508413
6 12 26 24 63170 1.0809074169200572
6 24 29 19 49286 0.9469003450319716
2 16 18 15 31952 0.9410245053059431
25 29 16 2 95311 0.9095631079522547
0 29 14 23 40420 0.9189578586853984
19 16 6 25 46834 0.967966597286273
3 12 12 7 40127 1.0421089812639706
24 19 13 29 44067 1.0162998153530816
27 16 20 22 35120 0.9507201360511295
29 15 0 27 81198 0.978005522049106
29 14 1 22 56258 0.9459598713900396
18 27 4 7 65347 1.0790792209493318
17 15 22 2 44466 1.0632033043301696
16 13 23 8 32539 1.014078218944074
29 25 25 15 42974 1.0551526111173093
3 21 21 6 54494 0.9968833241604007
17 8 25 20 50172 0.9287728746704685
9 13 19 20 38176 1.0697010424044966
2 20 10 27 40070 1.048707202081235
26 17 16 25 38308 0.9854958001800794
15 2 25 21 51951 0.9628620011185185
10 29 2 2 68421 0.9994378712348697
7 26 26 25 58552 1.0098134248572699
3 15 22 27 60778 0.936777563867802
19 0 28 26 97999 1.0949867509116074
14 5 3 2 45497 1.019807457752937
12 8 21 15 32120 1.051939405089319
6 10 3 25 32644 1.0207019257482104
2 15 25 16 41480 1.0768015996731304
20 20 10 4 65859 1.0622631460651029
12 22 24 0 79923 1.0577749544895163
19 25 3 25 45737 1.0453420573898486
26 25 23 12 64056 0.9548714717388331
15 1 4 0 47957 0.9800609136619536
13 12 11 23 35638 1.0741808297042144
4 28 12 24 33913 1.010251984613945
25 4 16 29 78314 1.0112538782717775
0 29 16 24 45504 1.0138969431125264
7 4 23 24 63631 0.9616158982736811
25 28 2 12 82499 0.9652787208850662
28 0 19 9 50780 1.0675890389819314
29 13 16 8 46218 0.9929133427105485
22 1 9 10 67886 1.094351438044113
14 5 17 29 56390 0.923052809461109
3 6 10 24 40231 1.0188719629129572
28 16 18 16 28740 1.042458010587307
26 7 26 24 68666 0.9206566510686242
1 21 15 8 41731 0.9140699149064898
0 18 7 22 18912 0.9436672965739896
14 24 3 19 35025 1.0023184580340427
23 7 14 24 59041 0.9280683359726087
16 26 28 6 70796 1.0649255264283382
17 15 22 24 33854 0.9208716980901304
24 22 14 2 62334 0.9228475084905701
5 25 2 6 40677 0.9847960309199328
3 17 11 13 22816 0.9878249989283912
8 12 11 20 25882 1.0392678281982506
29 4 17 8 45563 0.9183370615068324
16 9 25 14 28621 1.001113042312645
29 26 23 3 79512 0.9272782298353794
27 5 28 15 32891 1.0820618047159454
16 13 0 11 34217 1.0797593813705912
19 12 10 29 60011 1.0748109286031127
11 14 29 29 63886 1.0365111967282208
5 6 22 18 50826 0.9754526233498216
10 29 5 8 55000 1.0541973486732612
27 7 19 16 43937 1.0890657357096403
7 22 8 3 37890 0.9428329558747506
0 10 6 28 46636 0.9686378239904281
24 4 16 18 56107 1.0198204620311375
20 8 11 6 32006 1.06771139708794
1 23 24 0 84980 1.0203977531602686
18 15 26 1 53752 1.0798779136421026
11 11 24 3 67980 0.9378973187784139
17 22 5 20 34048 1.0545560049188225
2 22 20 18 48637 0.949199732527981
9 3 7 29 51675 0.9751376008843075
6 12 13 24 39272 1.0513739896693777
24 26 8 21 49456 0.9062579320049342
15 20 29 12 44694 1.0423193260555916
15 14 27 2 50781 0.9652455380902363
20 15 25 27 59269 1.023182281952888
20 29 5 17 59690 1.0659449785433024
14 19 9 4 43960 0.9495642160342423
26 27 15 27 57043 0.9637853575162509
14 11 29 29 71959 0.9273334521122724
9 9 2 6 33198 1.0756345164447878
12 25 25 28 61294 1.0568960902824052
17 11 27 5 47739 1.0685563005376786
27 28 14 10 71977 1.067250965148687
13 25 10 16 39108 0.9190004424086878
28 8 3 13 53518 0.9373306942612445
27 13 21 23 43668 0.9548571089452246
0 25 24 25 73063 1.0932779332735294
22 12 27 28 69133 0.9172475896789558
6 20 12 12 33963 1.0387689825252728
27 27 8 0 96098 0.9168008881192528
8 10 18 4 50183 1.087802458081967
5 13 27 6 56711 0.9182306138316233
29 27 10 6 84351 1.0654671617046714
24 20 15 3 53830 1.056347047668896
2 4 6 21 36186 0.9456896858587207
25 11 11 8 52203 1.043490798616955
12 3 23 21 59977 1.078820493108514
12 7 13 29 67399 1.0559087383440087
12 8 21 28 73032 0.9729260015110924
4 28 12 20 46318 0.954673823286078
28 4 6 29 90555 1.053707766086274
13 16 17 23 26976 0.9690149249544014
8 12 9 3 27567 1.0485474842548301
3 13 15 7 30651 1.0689531628617859
1 2 7 8 31443 1.0994760174651053
12 26 24 13 53596 0.9882425480823362
11 11 10 23 45380 0.9770477465842549
28 18 6 1 69860 0.9836711966210856
4 11 0 3 33466 0.9273176450578344
15 10 27 2 49730 0.9615950460769147
23 11 1 14 43618 1.009288130307794
28 20 17 16 30223 1.083805357624314
26 1 25 19 59769 0.9629576571326799
3 19 21 25 56207 0.9772381635793449
11 3 10 14 41813 1.0281318807518411
25 12 6 6 48254 0.9019690624176091
7 1 27 2 72093 1.0348337313875986
6 29 13 5 65947 0.93855196029914
10 20 19 29 43143 0.904545519674008
10 29 1 24 36458 1.0602435071694123
6 27 21 12 47883 0.91473913476064
27 22 1 4 70543 0.9124071895858653
7 23 15 15 26233 1.071226502912868
5 25 13 15 41835 1.053386381372308
0 1 11 1 60888 1.016220053934219
10 8 15 2 29208 0.9433213008166954
2 8 8 4 26839 0.9865140637849494
13 26 1 12 52817 0.9972553635281973
10 5 14 23 55691 1.0233928260677017
28 14 11 13 33900 1.0600132710453956
26 7 6 8 66048 1.07302966322434
19 19 0 15 45295 1.0669897902021028
0 9 17 0 63603 0.957932631791796
6 29 19 10 60478 0.9129320449038345
15 11 6 7 35399 1.0458435856416686
3 10 21 26 64560 1.085139920396138
16 27 28 13 50308 0.9612708638285535
8 21 27 22 35512 1.0983294817603266
6 14 22 7 41447 0.949139858168524
23 17 22 6 39633 0.9864659861825391
0 3 1 12 30552 1.0840216702185281
1 14 8 1 37124 1.0629332323080807
0 14 26 24 64173 1.0038739859482346
18 6 0 7 62530 1.0919939773463936
4 17 26 16 49761 1.0453307146802366
12 21 25 17 34910 1.0872990976383037
8 6 25 8 56735 0.9443258816082111
29 21 14 24 24451 1.0940711021349234
29 18 12 5 62637 0.956452616778769
12 1 26 0 57639 1.0081980713054857
23 10 1 19 52579 1.067660444979468
16 12 0 1 62298 0.9370652983254504
21 26 6 4 75057 0.9562898574505746
5 19 23 10 52722 0.907239263871284
13 14 1 2 39191 1.0769360086637683
8 28 17 5 59066 0.931315983382752
27 14 19 29 58111 0.9683659619080547
28 19 19 10 46183 1.0381553187220263
3 16 22 3 58578 0.9880699649111215
5 21 23 25 48475 1.0867195167179171
24 24 10 17 43654 1.0286200369158514
18 23 27 27 44008 0.9974489348938711
19 20 20 2 68674 1.066243823951358
24 9 12 29 79343 1.0864762629833309
16 20 7 25 29324 0.9198873729508378
20 16 8 0 56470 0.9909299043943051
0 5 6 25 49396 1.0680376200937085
10 8 28 12 56508 1.0401604327585725
25 28 13 23 51570 1.0460418560575442
9 9 0 2 54606 0.9263795972205132
12 1 19 7 46565 0.9493698363277575
15 22 10 29 35869 1.0606512885902621
11 29 7 4 59397 1.0923809087831848
15 9 10 24 41794 0.9496234807825311
19 22 0 9 50803 0.9387800577700569
13 17 12 0 52121 0.9500632517998264
12 5 5 20 49297 0.9020838058383921
28 6 19 21 62876 1.005727271338295
12 15 26 29 74248 1.0682311413373085
29 1 21 28 103568 1.0507698179280764
26 1 4 4 78026 1.048401028495181
8 20 4 8 29032 1.0790774308676916
0 27 22 28 85855 1.0908645042971492
15 26 28 0 91944 1.0374640456367745
5 16 26 1 76671 1.0328642457427515
24 9 10 9 55805 1.0302904618786979
17 28 11 12 50932 1.0025485323319672
7 10 11 4 25080 1.051613225794895
16 26 26 3 71642 0.956191339463382
0 3 1 22 47468 1.0696924221699704
23 29 29 8 85244 1.0308326338286808
28 29 9 27 76432 1.0050205895828244
18 2 0 13 62051 1.0711972992162577
17 2 29 1 32128 0.9348907982027717
3 29 12 28 37496 1.0845981581707542
22 9 29 26 69704 0.9240948869551645
11 19 0 29 42960 0.9445565818159732
28 26 11 20 45076 0.986170496363698
11 23 28 11 61345 1.081052881537053
7 26 7 10 26571 0.9960946438096585
18 16 7 28 44241 1.0259876870610687
8 23 22 17 41000 1.0684298585978633
17 14 15 1 30060 1.0822933412867384
14 11 22 8 35868 1.0174187467622084
10 9 3 22 42837 0.984837469571597
21 17 6 29 54708 1.0201153792693987
7 14 16 6 29495 1.0249691436094275
8 12 17 10 25210 0.9563788658672332
11 17 21 2 54460 0.9620042676014249
11 20 16 13 30618 1.0432350045189376
9 2 2 5 31455 1.0508056341619665
22 23 27 18 26691 1.0433564088095095
11 18 21 8 39693 1.0386770927983697
23 9 11 22 60527 0.9938857955293038
7 24 1 5 41733 0.944609313827455
