5317 7697 7361 6604 7695 6702 4755 7004 7274 5844 4724 5000 7756 7463 5122 5747 6985 7149 4748 6426 4679 4512 6034 3114 3873 3700 1704 4820 3678
3263 4738 6263 3507 5185 3968 3582 6152 6472 5729 5008 6459 4883 4338 4148 6469 6307 4953 6449 6175 4183 4995 3936 3369 5627 7455 4713 4772 5312
4342 2777 2781 2506 2280 4326 2434 2419 3821 2533 5075 3742 2740 3947 3137 4268 3843 5191 5373 5260 3177 5777 6383 5151 5273 6511 4454 3938 6095
2547 2917 2629 3513 3682 2569 3255 3816 5577 2759 4652 3539 2891 5175 3536 2704 5598 4197 5011 3770 2874 4386 3052 2814 3423 4578 5658 2512 4289
4465 6045 4530 6644 7591 6331 6980 7484 5891 7232 7434 4287 7111 6194 5998 5398 5096 5600 7313 6974 5247 6977 6151 4717 5926 4566 5198 4580 7280
6271 4749 6735 6378 4221 6696 6748 4754 6677 4186 7354 6468 4278 4795 5223 5006 5294 5639 7820 5862 7574 5596 5742 8155 5819 8209 6131 5676 7312
3565 4945 4124 4690 5415 6434 4868 5074 3757 4799 3883 4720 4799 5740 4839 6520 5076 6685 3489 5630 4397 4571 6440 5365 6662 4765 7022 7918 6946
2252 4682 2645 4605 4907 5043 3068 2076 3648 2944 3514 2450 4788 2269 2852 2313 2065 3351 4378 2939 4776 4718 5890 6039 5011 4640 6068 4749 6387
7725 5658 6715 7737 8119 5515 6448 6417 7558 6700 5450 6128 6467 3393 2314 4037 3223 2522 2930 3826 2606 1972 4980 4930 3595 2080 2047 3324 3606
7834 5221 5721 7617 5988 7638 6916 3199 4250 4191 3762 2856 2389 2187 3793 4782 3205 3260 4853 1719 4495 3146 4837 3036 4298 2129 3544 4650 4291
4051 5588 4394 4615 6318 3954 6311 6222 5613 4743 5412 5497 5965 5081 4251 2726 5110 3185 3277 3235 3879 5322 4490 2784 3364 2645 2596 3449 5176
7513 5566 5401 6264 7756 6729 6531 5949 8064 6510 8183 5969 8211 4411 5847 5474 3854 6595 5679 6864 6814 6990 5630 4468 5089 6248 5011 4266 5083
5544 6163 6732 6808 3685 4418 4005 3889 6615 5538 4310 6387 5400 4280 6461 4605 5164 4709 6857 5575 5342 4220 6823 5848 6714 4453 4375 5827 6673
5465 6233 4193 5620 6484 6484 6130 6570 6730 5817 4130 6713 6274 6688 6740 3811 4272 4283 6881 5710 4478 5794 6608 5365 7060 4792 6056 7054 4834
3234 5025 4390 5770 6313 4807 3801 3529 3924 4817 6382 5222 5052 5992 6418 6118 5257 4746 5195 4778 4207 4257 8518 6195 6592 8101 5470 5196 5610
3034 2612 3005 3535 5494 4074 5278 3025 3913 4048 4105 4405 4008 5050 5471 5199 3456 3097 4751 3115 2958 2874 3607 2921 5166 5052 6077 4989 4763
3724 2220 2173 3757 3799 4603 4799 4460 3903 4186 2607 2363 3965 3854 4573 4182 3663 4494 7174 6899 5812 7134 5717 5414 7826 7997 7197 4993 5117
4089 4211 3126 4893 5212 3209 2181 3934 2212 3057 3135 4245 3955 2587 5121 2568 4583 4780 3313 3819 3368 4820 4337 4685 5373 4010 4662 4745 2890
4728 4366 4174 6696 5470 4068 3568 5500 6279 3653 6146 4160 6573 4047 5575 3428 6030 3565 5780 5189 3896 5323 4199 4643 6571 5403 6406 5272 5567
2301 4132 4397 2927 3870 2435 3127 4224 3857 4048 3819 3970 3019 5867 8162 8178 7487 5862 7302 6871 5531 7206 6784 7866 7322 6485 7772 8582 7651
3942 5465 5562 6433 6374 3900 4624 4823 6806 4220 4854 5280 6988 5180 3877 5682 4305 5682 4399 5168 5751 6097 6271 6103 7300 6071 6985 6403 5844
6861 7365 5512 6719 5971 5503 4364 5983 4826 6863 7288 6487 7257 7420 6445 5504 4192 6451 5899 3704 5743 5022 3667 4863 5498 4123 6537 5738 4200
4336 1293 3982 3579 3940 3167 1360 1355 2981 3534 2149 3371 2621 1984 4173 3304 3613 2650 4358 4200 2725 2267 2280 4009 2587 3229 2976 3922 5021
7451 4433 6832 6553 5588 6747 4611 5597 6268 6464 4326 6047 2841 2415 4625 3447 2417 4816 4092 5402 4133 5271 4972 3427 3133 5175 2316 4594 2997
4554 3580 4062 3109 3535 5116 3167 3514 6062 5119 3394 4091 3223 6029 5119 5828 2735 5937 3048 5490 5739 2923 4626 3180 4782 4347 4282 5897 3037
6134 6771 5503 8452 8067 6970 6273 6357 3581 4954 5342 3240 5994 6093 3223 6284 5100 4577 3589 4915 4533 4288 4474 4724 3817 4920 5725 3319 3325
7825 8003 8679 6721 7481 6775 6902 6975 6237 7178 7866 8890 7337 7180 7873 6469 6465 8343 7480 6997 8751 6881 7342 8003 7001 6465 5995 5078 7616
4368 2881 2332 3045 4183 3508 5655 5044 3052 4516 5534 4507 4914 3919 4424 4149 4114 4893 2389 2976 4881 3921 5545 5363 4060 4554 2512 4807 5150
5141 7192 5366 6281 5822 6709 8076 8142 6067 7111 5632 6557 6463 7174 5923 7652 8097 6924 6652 7965 5432 6807 7832 6873 8264 6052 5639 5125 6682
4703 3403 5368 3368 6086 4098 3030 4041 4826 3723 5653 7532 7762 6151 5587 6911 5933 5253 7928 7417 4992 6376 7078 7277 7306 5205 6920 5695 5625
5974 3740 3896 3242 3906 3663 3580 6819 5063 5219 2021 3234 3476 6990 3715 5654 4079 4234 2481 5732 2482 5191 5493 5112 1949 4361 1156 3652 4540 3940
7696 5317 2496 5146 3975 5517 4184 5851 5571 4726 2451 3319 4333 6970 3304 6202 2768 5112 3962 5236 1861 4277 4509 4359 2654 4934 3400 5393 3761 4819
7213 5142 2314 4583 4249 2901 4694 5587 5853 5105 4076 5011 3004 5670 4539 6600 2723 5986 4416 4595 3960 5471 3835 4198 1386 6352 2351 5414 5792 5217
6886 3830 4868 3186 6737 4415 3808 6175 3407 5529 2998 4474 1463 4591 4543 8458 5057 3377 4636 3946 2355 3280 3287 5720 3360 6109 4102 6314 3222 6969
4939 5493 4418 3678 7076 3896 4863 6898 4289 5737 2885 5282 3376 5129 4060 8411 5497 3718 2390 6238 4164 5531 5376 5602 4329 3242 2178 3938 4583 6414
7552 3872 1898 5304 4991 3413 3292 6821 5988 5158 4542 3410 1862 5604 2994 6246 3922 6132 4037 5526 3947 3257 3580 4075 2866 5592 1252 3307 3300 4570
5689 3850 4905 2871 7475 2425 4396 5368 5890 6846 2611 5684 1228 3541 3025 5954 2488 6138 2783 4837 2863 4264 3462 7021 4108 4789 3821 5671 5527 4123
6443 5621 3123 4220 4258 3172 4832 6462 5513 5014 2887 3956 4238 4729 3874 8079 2353 3720 2354 6685 1771 4244 4953 7174 2380 5825 2179 4259 5811 3993
4749 6117 2028 2305 5110 3768 3733 4133 3769 6199 4469 3989 3246 2722 3899 8456 4627 4093 4792 6260 3773 3585 4169 3266 4396 4639 4372 3453 5486 3873
6737 4025 4944 4886 6619 5459 4359 5162 4815 7503 3979 6320 2101 3932 3643 7671 4274 5145 4123 6104 2559 4287 3215 2597 3546 6340 4002 5276 4056 4986
6391 5226 2237 3970 5421 3732 2413 5272 3060 4877 2896 4521 3254 3471 3146 6592 6743 6247 4398 5492 2788 3312 5237 2107 1642 4774 4288 5479 5423 5672
7379 4754 2863 4627 6028 3684 3545 6450 4629 6671 3030 5024 1743 4840 5744 7857 7724 5267 4682 4322 2889 5068 7553 3423 3579 3534 3068 7534 3187 6376
7990 5225 3640 2059 7372 4882 3011 5910 5632 5570 2791 5913 3260 2689 5591 8331 6846 5178 3960 6812 3703 2938 5899 3420 1927 3304 2573 5401 4782 5828
5596 6689 4589 2484 4508 3319 3084 4739 2959 5755 4681 5936 2613 3423 3239 8232 7365 6430 4092 4685 2209 3818 6727 3242 4319 4678 3875 7700 4641 4816
8268 6009 2099 4370 6792 2296 3373 4803 4152 5805 3484 3876 2866 3101 4211 6366 5849 5634 4187 4347 3973 5110 7266 2577 1409 3619 1713 6563 5508 4151
5493 4537 4157 2549 4271 2846 3264 5128 4621 5538 1389 4019 1275 4224 3944 8858 6126 5005 3474 3979 4328 3807 5101 4861 3402 3154 2944 4745 3392 5576
5371 6581 4496 3072 6515 2269 3719 5164 3782 5380 1848 5877 2829 4517 5731 6022 7036 5118 2887 4047 1950 2740 8262 4054 3162 3211 1094 5897 3291 6000
7926 3696 1669 3736 7206 3365 3834 4592 2994 7090 4458 4710 2026 5137 4820 6837 6999 4522 2874 4304 4236 5854 6522 2167 3895 5613 2770 7446 6215 6523
7320 6392 2041 2897 7490 2415 4806 4784 5477 4796 4041 4788 2319 5233 3598 7125 6414 5389 4524 4766 3632 6988 7492 3650 3920 5261 4551 6448 4517 7000
8292 6618 2907 3446 5842 3410 3717 4715 3745 4256 4257 4839 2532 5775 2821 6566 6400 3526 3777 4846 2365 6393 6073 4945 2532 6285 2746 5573 5445 4009
7112 4929 2197 3033 4465 2301 3416 6303 5133 4620 2239 3633 1939 4213 4054 7061 7974 5143 3646 5723 4913 7920 5608 4894 1375 4090 1861 6514 6123 5351
8264 4136 4019 3724 4842 4604 4267 6673 7507 6980 3406 3268 1835 2626 3766 7959 7685 4060 4461 3188 4114 7711 6086 1788 5395 3913 2234 6756 4930 4003
5110 5976 1759 4894 6276 4691 5039 4019 6255 6655 3219 6167 7169 2625 4531 8227 6927 3201 3408 4472 2806 8051 6266 3430 6916 3669 3086 5112 3217 5030
5288 3907 2310 2141 6088 2140 3323 3791 5283 6206 3182 3114 7977 4975 3908 7047 5589 5953 5489 5785 1959 7776 6691 3023 5758 5555 2171 5659 6116 4139
7335 4650 2529 4523 6892 4083 3311 4187 6310 6753 4517 5397 7436 2945 3052 7029 6941 4580 6515 6338 4186 7042 8037 3362 6789 4484 2560 6699 3453 5771
6489 4359 3996 4758 6059 2649 4384 4862 7453 5161 3359 3199 8330 5532 3082 6928 8771 5469 5500 4843 2549 5226 5820 2183 4941 3971 3147 7056 2896 4536
5906 6170 3709 3004 6930 2954 5913 5459 5888 7036 2069 3229 5361 3609 3964 6220 6697 4895 5874 4118 3747 5492 6238 1870 6220 3061 1413 6760 6017 4939
5749 5081 3517 3355 6809 2287 6060 6385 5025 6958 4090 4058 5430 2993 3314 3628 8561 5958 5847 5842 2692 7431 6154 3530 4382 4751 2536 6774 3939 3126
6526 3823 2455 2278 4597 2851 6019 4145 5303 6396 2883 5926 6425 4967 3098 5099 7324 5818 5730 4317 3224 6724 5476 1799 4800 4285 3223 7458 4069 5811
21 6 0 12 75835 1.0935990722740807
1 7 2 27 86764 1.078862717553521
12 26 13 17 51167 0.9249668613153406
17 27 18 17 44826 1.0595864294828088
18 27 13 4 105682 1.0742288028197646
6 7 4 29 93377 1.0154796845885259
5 27 20 12 87691 1.0136266318204248
7 24 24 23 54588 1.003467420697085
21 15 23 25 42226 0.911030060417942
28 15 16 0 80285 0.9521740388899963
29 1 7 7 88259 0.984456723795931
10 12 22 23 62666 0.9849461697733423
19 25 4 27 55991 0.9439833897357999
3 16 14 23 59081 1.0379411218069337
17 5 5 10 53200 1.0959049412374489
17 12 0 16 59230 0.9655536154057109
24 18 20 26 34495 1.0793897429631385
17 14 21 25 56844 1.0901491647973873
4 4 8 25 84687 1.0624172661456308
5 23 27 5 114668 0.9789093300862624
29 1 0 9 119602 1.097810620427255
20 7 13 24 82636 1.0845306568683346
18 26 17 12 60089 1.0268445336590792
7 7 29 14 80787 1.0517795871746074
3 17 25 4 101084 1.03121579200748
23 18 10 15 61391 0.9359237946326565
16 18 17 3 56247 0.974462878611766
20 18 24 26 39019 0.9074261006799743
21 1 6 18 90817 0.9944694687678315
4 23 16 17 65645 1.0981483425074599
15 9 25 19 60515 0.951377209558096
1 22 18 18 68277 1.0139328665884655
2 6 24 24 112841 1.0211409954626922
8 18 8 3 56467 1.03068525387542
3 27 13 21 54405 1.070149822557919
1 28 16 26 54871 1.0449063723888787
2 0 27 29 156891 0.9908253814716576
13 21 5 5 75497 1.0581672377866553
7 18 24 21 67024 0.9129026990925991
7 15 11 28 52499 0.9004219217188986
29 12 1 29 149459 0.9393095725992838
29 19 11 18 78056 0.9895903820404082
16 19 2 6 86671 0.9728415204644572
27 25 14 26 36844 1.066667209685146
5 27 1 13 69884 1.0242001591929575
0 20 9 12 50730 0.9130359633889956
28 5 7 10 80761 0.9794128880308649
26 12 15 4 65593 1.0503499927979203
13 12 20 22 62390 1.0995728848381223
9 28 11 20 35373 0.9004546823959377
9 13 25 5 61812 0.9916701460839006
11 1 14 14 69923 1.0803021543778861
10 4 16 20 83632 1.0614101691925417
11 18 26 25 79273 1.0382294534351972
21 19 24 27 34024 1.0965868589434922
21 13 7 29 96299 1.023927720221751
3 14 16 15 52983 1.0536551631806106
20 24 4 25 56144 0.9518867344431756
25 11 3 9 75004 1.0903209126917655
10 24 7 1 84513 1.0991358829957574
28 7 13 15 78698 1.0067006726697723
28 7 22 24 79047 0.9504184189127082
21 4 11 22 98266 0.9323275186405848
19 29 7 10 102279 1.0108747012692263
18 20 1 22 62507 0.9842449334755758
23 24 13 5 84386 1.033635081929663
8 3 18 22 103229 1.0343314259095056
28 17 21 25 49244 0.9076657963823493
20 19 1 18 74885 1.0457794081743819
29 7 17 28 108998 0.9834669769454139
3 15 26 6 88414 0.9251863453688336
28 13 11 21 88598 1.0706561310664187
1 11 7 7 32626 0.9174169005259429
9 21 7 2 67817 0.9385242563726064
4 17 24 25 90471 0.991269351855333
21 20 27 16 33733 1.044348230484927
20 7 0 12 72464 1.0110441692338312
29 12 11 19 98230 0.9881848758241601
14 4 10 11 46001 1.0172236291383483
2 24 5 17 34585 0.9464039532907915
5 16 10 26 45128 1.0045961406097843
5 8 1 17 50207 1.055287145801564
20 6 6 12 56383 1.032971912166095
19 26 11 28 31865 0.9134931012088722
12 0 9 9 54812 0.9062142843691258
10 16 9 3 61460 0.9320830057870371
17 9 29 3 57009 1.0014307714785748
4 12 24 27 98081 1.0521509734673589
2 5 4 25 82153 0.9252116288224136
12 6 23 10 48940 1.0274205104314418
12 19 0 19 47413 1.0610716624481662
1 15 7 24 58325 0.9972828741031514
19 10 29 16 54672 1.0050513621791741
26 18 27 5 64103 0.903284745647835
18 14 8 9 48311 1.0933577754554977
8 27 28 2 127367 1.01324963281669
5 8 12 3 50815 1.0791480468352743
8 11 11 29 73452 0.9704596350634157
3 3 22 3 66417 1.0806919882083725
26 1 27 10 40386 0.9195178644648698
5 8 28 9 94262 1.0587789525167899
2 1 11 20 81473 1.018818698607903
9 26 24 27 47258 0.9252682904286734
25 13 5 3 90422 0.9210323332783216
14 16 5 8 67154 1.0009506059569142
12 24 28 12 91431 1.06349251555581
18 15 27 1 70782 0.9311638802569224
15 6 0 2 62788 0.9974631442999461
12 20 19 7 70089 0.9772387995146649
16 24 19 9 67280 1.0807974700172425
15 12 20 29 80028 0.9521567474394962
8 8 22 24 87604 0.9821560943769919
29 14 1 18 103490 0.929410330923393
16 7 17 17 39162 1.0071437661059015
20 18 0 12 80936 0.9844386331740692
25 14 18 29 77592 0.9733902535713197
5 9 11 21 57552 0.9112810524339371
18 16 10 20 41441 1.0165817651464388
19 1 7 28 118141 0.9634090392283778
7 28 26 20 81257 0.9639786106226059
0 1 8 5 38763 0.9991080128596092
23 16 2 2 96659 1.02248632178574
8 26 2 17 52704 1.0235368656984802
15 11 23 15 31446 1.0011942162926302
28 4 0 17 118766 1.0186066371245943
27 24 7 10 97446 0.9389462322023925
20 12 27 20 45924 1.0872875735896304
27 26 25 10 72815 0.920950453290573
17 8 1 7 68459 1.0593538898120318
7 29 10 12 62561 1.0316726251074344
25 28 16 6 93995 1.074561916187038
15 20 10 29 42466 1.0518289517542647
26 3 12 0 60380 0.9682019586994938
13 14 3 13 40179 0.9057820617181476
0 29 0 11 82122 0.922654574990761
9 16 14 0 77411 1.0307012730574925
4 16 9 9 39895 0.9329888588230872
4 0 18 7 72394 0.9038751305366749
27 11 0 12 81295 0.966901312446422
7 28 15 22 44076 0.9035600163748921
3 2 21 4 70069 1.025242586699628
12 18 3 6 69514 1.0889213792650494
12 6 13 17 60344 0.920131990924774
28 17 6 29 107258 1.0464337723878518
29 22 12 23 61873 1.0736593908770582
25 18 3 4 109068 0.9679371142750306
10 29 5 19 49878 1.0554121045237028
29 13 0 8 105081 1.0992869463613157
9 0 16 10 63624 0.9199949809617926
27 19 4 28 96133 1.0186526878815123
11 24 27 15 77211 1.0495165290403108
28 4 21 8 38015 0.9825751287030743
11 3 18 25 104519 0.9762435311829405
14 11 29 18 73667 0.977824944290775
17 5 9 20 64711 1.0936559908044232
2 27 25 24 78982 0.9604195471171446
10 11 8 3 47258 0.9405870715302471
0 1 24 12 105344 0.9065797061705816
2 1 24 26 132960 0.9084364382901372
19 15 27 20 52211 1.0474074361726282
21 22 15 4 80944 0.9511937284269638
7 24 29 23 67332 1.0909009859467844
23 7 25 23 61399 0.9804671992604057
0 26 20 25 64506 0.9142876630843647
5 16 7 0 60466 1.081063646747881
3 26 12 10 77545 0.9390762740872267
22 18 3 7 84693 0.9165082554188894
19 29 24 4 97565 0.9122808880889637
29 8 20 24 79589 0.9538985487611238
16 10 14 1 38944 1.009172069913937
3 15 25 10 74045 1.055760289390217
4 9 27 10 82982 0.9330355645045463
1 22 7 8 65839 1.041694926708464
10 29 29 29 78267 0.9877923196473641
5 22 15 0 103448 0.9182703233594364
20 13 5 2 81712 1.0294577470470858
3 17 2 29 50943 0.9363435076297935
19 26 29 4 96499 1.0318634571232264
25 7 6 18 81357 1.086849332599361
3 1 25 14 99534 0.93528236444129
26 5 21 29 91402 1.0545057840096201
17 22 9 9 69443 1.0773599768851747
15 27 22 5 86194 0.9775883601811504
26 5 5 12 72646 1.028858356079366
28 4 1 6 101708 0.9582781452344212
3 25 14 0 121416 0.9378047143335915
14 11 25 14 37464 0.9932546526623656
15 9 23 23 61492 1.042833428719927
9 28 19 8 93993 0.9434062664518615
27 25 5 22 82279 0.9933033190225095
9 7 21 26 95084 1.0248181386386042
13 24 0 2 101321 1.0671180968338712
7 26 0 15 66373 1.0418526015012701
14 26 6 9 78118 0.9010372229990117
3 13 20 9 58683 0.9549061820425312
2 25 9 12 62212 1.0009728751193312
4 15 5 1 66838 0.923672353518159
19 16 29 19 59498 1.0702009455394619
21 0 10 23 113563 0.9574468222605588
10 18 11 29 45547 0.928729530199026
16 7 17 20 51074 0.9427036186829953
1 4 15 17 88043 1.0636451151910824
20 21 27 3 81921 0.9179959584166933
10 21 25 10 79656 1.0751890451405732
29 6 23 27 93072 0.9557026987678983
15 26 24 21 42027 0.9167389308902167
22 28 13 23 44056 1.0005711695587005
17 18 4 15 61670 1.0876958998334987
11 29 5 13 71248 0.975771225685523
8 12 10 22 40290 0.9367669607441965
0 11 21 6 78321 0.9192280997433556
12 23 20 2 95359 0.9118015716848348
11 24 27 20 58690 0.976342244529729
15 9 9 3 47221 0.9316193292791298
12 19 24 21 51502 1.0339149939028895
24 23 26 0 94529 0.9618629426354551
11 2 21 11 62479 1.0458017903575372
25 7 11 26 98816 1.0340354042434623
1 28 14 3 129951 0.9313812417014349
27 28 2 2 144622 0.9494185184625803
14 1 28 26 114040 1.0062555432489069
15 12 10 1 59081 1.0701206024012213
20 27 1 6 122688 0.9670414275314837
2 12 24 9 66049 0.9984373832334332
5 4 5 23 78910 1.0969447744294378
10 26 13 13 59354 0.9591394871484942
20 8 7 0 67147 1.054232343911189
12 9 29 23 89705 1.06846663289117
25 13 7 28 102303 1.0574446528869026
18 25 2 5 110120 1.016963459791172
9 11 28 8 67907 1.0991902532792004
15 7 16 28 89803 1.0167812149248823
16 27 16 16 52216 0.9415633835605692
10 8 22 10 48876 1.0098011752316176
7 23 18 21 46688 0.9528069697996665
16 16 9 26 54706 1.0650874832697557
27 19 19 0 86610 0.972528041982452
14 2 14 15 59683 1.0522822196243897
25 27 27 15 56107 0.9137420907200352
13 4 9 27 102605 0.9424300067432995
2 20 19 24 64520 0.9088456151382168
3 11 6 28 74939 1.033809622454629
23 5 10 24 94596 1.0919093376046733
6 10 17 18 59594 1.0758159571989327
26 2 6 8 83141 1.0761471240732015
13 27 4 18 58497 0.9407571886774728
25 22 4 19 84923 0.9401125108042697
29 21 19 12 59364 0.9598734135314239
29 29 5 16 112174 0.9899895237612104
27 28 2 5 137055 1.0339963288603256
11 22 2 2 86775 0.9777890465595087
9 3 11 26 94008 1.0619157159766757
22 11 2 28 105728 1.0249705265665479
5 28 18 24 56011 0.9077462244054155
22 24 9 1 111228 1.0116677542133854
14 9 17 20 48215 0.9082193091650246
4 4 6 21 72093 1.0094468216644248
17 13 2 13 45053 0.9512915195630626
24 20 28 1 83351 0.9280114901899749
9 0 19 18 100148 1.0348554677482222
10 26 10 2 95935 1.0403016750699527
25 11 9 2 79435 1.0193480267782158
16 6 1 1 66894 0.9984645719858563
14 8 3 8 49951 0.9835124471629488
26 9 14 11 49396 1.0290447461162917
29 10 4 11 77668 1.0225588210577374
1 8 12 27 94346 1.062825532050886
2 25 22 25 67714 0.9994632509413611
19 22 21 2 83047 1.020182087208348
22 10 20 19 36371 0.9902223360672421
23 12 10 0 80239 1.004910434766495
10 25 2 7 76818 1.0334142788127831
18 21 21 11 51040 0.9114525988018677
12 25 0 4 100640 1.0220640548285866
2 14 9 11 27960 1.003560219991554
8 7 26 17 87089 0.954465169339485
3 23 8 12 52834 1.0378958132263163
14 29 21 20 57400 1.0380873848651662
17 3 23 27 91064 1.0716253182420707
28 4 2 18 113992 0.9031792887936209
23 6 29 10 37250 0.9649495242739988
17 4 16 27 92795 0.9034776636965317
29 29 13 17 94535 1.018871255301665
29 17 18 15 62814 0.9217238277780284
23 22 16 17 45031 0.9434904318917102
22 14 7 14 47306 1.0255982691745955
29 21 3 15 107759 1.0166301827039637
13 6 7 21 69324 0.9668352645054719
2 11 28 28 120386 0.9912570969111685
12 3 14 26 102411 1.0448585895501605
7 6 0 17 55847 1.0303113701637863
4 29 6 18 58522 0.9770063337875812
4 20 19 0 101969 1.0792314714142726
0 2 14 27 119456 1.0363330530733905
28 15 10 22 87697 1.0989687255680654
6 17 14 5 67270 1.089972811752349
6 11 9 24 48534 0.9278493126529445
16 17 9 21 38450 0.9460751214603325
11 28 14 4 112710 1.0058019431198426
5 19 24 25 81016 0.9455409434473077
21 11 2 17 71529 1.0940087750216319
18 25 18 0 102599 0.9997837328341297
18 4 9 15 55727 1.0708470437229236
25 5 22 20 55734 1.0139764617563225
27 1 29 19 83218 1.073728924636802
20 24 1 29 76752 1.0090194126160987
16 0 13 29 119207 0.9193222870357357
19 24 15 12 58085 1.025271298956655
23 18 0 4 105273 1.0410281078308345
15 17 7 14 46266 0.9158337669374531
16 6 1 11 64511 1.0562480287416691
21 16 6 16 70026 1.0461190006992063
5 8 14 25 86109 1.0520981824117905
16 19 17 9 41391 0.9125296227473464
6 2 2 24 92046 1.0773088242367792
17 12 2 2 70275 0.9219645326509509
20 3 0 10 83654 0.9660212990607003
23 15 15 22 50221 1.0899598784733666
16 26 9 12 68517 1.0102250774606711
24 7 14 13 43064 0.9888927453639527
6 24 16 16 59163 1.0169149874378816
5 18 25 17 81435 1.0664776094637194
11 19 22 28 67314 0.9354575499009112
5 20 16 27 58453 1.098057288450819
29 16 28 26 58827 0.9667706199687465
5 21 21 27 71393 0.994649351291509
15 5 2 4 49642 1.0262055998587483
23 17 16 0 68716 0.9609953966043585
20 21 10 16 52631 0.9642309621710414
7 6 26 10 75573 0.9955609011679756
12 3 2 0 47109 1.0961910380926665
4 10 29 21 107136 0.9671845988779396
29 12 19 21 74046 0.9996307884922484
5 3 10 20 72238 1.0261996813468284
8 20 0 16 41038 1.0118678812969455
13 28 7 4 98027 0.9174376817684261
11 4 29 16 98526 0.9701127677797023
15 7 3 25 93433 1.058948472487104
16 7 25 11 47104 0.9062886545881055
0 24 17 21 59799 1.025926232969879
1 25 27 4 134429 1.012131701478151
22 4 15 14 45670 1.014807520910194
21 6 8 2 53127 1.0020993233042292
24 16 9 9 62723 0.9154306861765458
4 22 19 14 82323 1.0495040582525268
28 15 18 11 42504 1.0764083720466227
3 0 9 12 56868 1.0568496307543076
7 9 21 21 82322 1.0413356174155253
18 22 11 7 84412 0.9393505382106041
14 27 1 13 89960 1.0546521769812112
12 15 2 14 45928 0.904474478415233
14 6 2 7 48464 1.0237600742653905
29 7 25 28 102287 1.0900291346331439
27 15 4 5 96644 0.9379374827973407
4 4 12 23 87555 0.9951350637976915
11 23 21 25 39367 0.9913035154153864
14 29 22 2 109607 1.0068867393028358
16 0 29 19 102361 1.0963210738384932
0 9 21 17 87897 1.046789301474034
6 16 10 26 41206 0.9288483178941342
29 1 18 8 59258 1.0983676417722974
12 20 10 3 78844 1.0762641892126679
2 29 4 16 59416 0.9574205928895078
13 28 14 12 76611 1.0937779788765722
27 23 10 19 65475 0.9324124700439027
17 29 0 4 128236 0.9727526699407363
9 9 24 7 62370 0.9942702977850637
3 25 10 14 58043 1.0951216389155667
17 24 7 27 39363 0.9424249905424997
9 22 29 26 68080 1.0676232183084984
8 15 20 19 60111 0.9882291803442045
9 2 21 17 88130 0.9848627238148269
11 0 1 14 80663 1.0058954868546846
21 21 7 5 96157 0.9553731855257751
26 11 10 7 73489 0.9873068244906147
6 29 21 15 99549 1.012250741807694
4 19 13 0 99594 1.0192483124055491
4 1 15 1 45180 1.0176643154155434
21 16 20 5 44589 1.0046816919901822
13 3 26 28 115609 0.9147750420101912
6 22 11 27 36126 1.0507386826391292
20 18 23 25 33927 1.0698625359418503
0 12 8 23 55026 1.0460650333395527
22 5 11 17 70319 1.0159546179472432
20 27 24 21 34907 0.964164142610438
24 0 0 1 88589 0.9562239467719327
29 2 6 16 99952 1.0824256041112403
19 24 17 5 75954 1.0795311703735835
25 19 2 20 80358 0.9390479908160323
1 16 27 1 112404 1.0428181980519047
0 29 17 27 63232 1.04071063644076
4 22 27 14 101535 1.0080438915343723
1 20 7 29 53450 0.9764385155943104
20 21 3 4 108660 1.025804050654849
0 3 14 5 58070 0.9460251442194607
16 28 9 19 55562 1.042920158093558
1 23 5 29 38697 1.049118024825211
14 12 28 3 62638 0.9645093818319362
13 26 23 13 67792 0.9021607926685786
16 24 28 8 90169 1.002710149772592
27 14 29 28 66596 0.9262745188600015
0 15 12 10 52986 0.9463170296998376
26 26 0 24 80577 0.9910603965816585
21 29 26 8 92348 1.0591969280388416
17 13 8 2 63707 1.0731923917968529
3 20 14 27 58588 0.9728310334989538
2 20 27 20 81739 1.0685219966654003
27 14 6 23 99019 1.0538753817965874
15 23 5 18 46098 1.0557322832543055
12 21 25 1 102970 1.054178132811498
28 18 16 19 53585 0.9159044526702529
11 22 18 10 70669 1.0154091912973766
6 29 10 23 32797 0.9968048047822013
25 26 16 9 74453 1.027084501832029
13 7 19 19 65546 0.9571805276395122
20 23 17 6 70272 1.093009883667236
6 20 25 18 69521 0.9472604227654419
19 9 23 25 62308 0.9542356491361206
17 15 13 9 34833 0.9454647190315129
22 5 12 1 47965 1.0704957878259775
19 10 2 24 89014 0.9342936829615323
12 18 23 3 83175 1.0575658327266777
3 9 0 20 51989 0.9491132130689257
23 29 12 20 63656 1.0046111505496298
20 20 12 18 35965 1.0994791713847585
14 29 9 2 120078 1.0219068910762763
7 8 18 23 80554 1.0123391819750538
4 3 1 18 63993 0.9687182805058543
0 3 4 28 105264 0.9960752630557886
7 10 17 2 59278 0.9662698751753113
16 14 3 0 81799 1.086639104927456
8 15 14 8 43525 0.9076105512678991
2 15 25 7 84220 1.0019413438857496
21 26 13 9 80055 1.0231869976324106
16 5 26 17 68999 0.9019406903509103
3 28 13 13 81735 0.9327513075334662
14 9 25 27 85682 0.904103352817872
1 6 19 10 72456 1.0634493804794314
22 24 13 7 78404 1.0762596479957478
24 29 28 14 73546 0.9165512713100593
8 23 3 12 44213 0.9607469691129559
11 27 9 1 104287 0.9468802990645099
10 1 19 18 89360 1.0749523076233072
5 6 24 0 81404 1.0198468948598203
14 6 4 14 58900 0.9817531661826503
19 3 14 16 60840 1.0176976101700705
6 20 21 6 81570 0.9504103168178806
11 19 23 20 47982 0.9946533030889899
1 11 29 11 90531 1.0178831444313312
13 29 3 12 83140 1.0914700976226792
4 1 29 14 116822 1.0661984231782402
0 3 29 21 139421 1.0082044970217632
8 24 28 8 106866 1.0035026250616557
2 26 21 17 88643 1.0819193231163797
7 25 2 17 51188 1.0250547858580252
8 18 27 29 89533 0.9946916906366288
19 4 15 10 27480 1.0173455725779526
20 2 29 25 102136 1.0598312860696544
7 3 25 13 83497 1.035136476218209
14 4 15 13 40418 1.0877173716132607
16 2 11 7 35849 1.046126344536991
6 23 1 8 74901 1.0379197625598677
22 23 10 6 85510 1.0880628912301633
29 7 26 19 62524 0.9560047130997289
23 14 4 17 70854 1.0007014857266308
27 22 21 11 57591 1.0041741296066948
9 24 29 19 77013 0.9112315844454568
20 2 8 26 105861 1.077376930664601
5 10 27 1 96448 1.0265359188039518
0 12 20 28 112692 0.9306048200169953
25 1 18 14 60322 1.012371252754543
5 12 24 25 89756 0.9765544652323095
9 13 6 25 51606 0.9776437963172657
28 9 9 9 74237 0.9900453333715443
17 12 13 4 39187 1.0958766965476006
22 6 8 16 60168 1.0653542819871156
25 16 10 8 71205 0.9154824885891656
6 22 17 26 47606 1.0999743999809712
10 13 16 7 38495 1.0724193045243953
18 16 9 29 71516 1.0323257366458158
27 25 2 2 138392 1.0250048815406707
15 12 3 11 34789 1.0830003315444807
9 6 2 29 102514 1.036792748028266
1 3 20 19 111638 0.9592444138398254
7 16 3 24 39188 0.9192783089052393
23 18 14 19 38149 0.9928099111469787
14 10 7 13 33835 1.0752140177080944
23 16 12 11 45614 1.095873301258612
1 25 9 15 59251 1.0209867500080843
29 10 8 15 70220 1.0876580876505524
7 4 9 18 52434 1.0937755923836887
6 8 1 13 36080 1.028716441851425
16 6 25 4 40225 0.9183605367695656
1 16 25 3 101717 0.9930946621339596
14 28 27 0 125549 1.030005708893245
8 23 13 14 50433 0.9802051060513262
13 26 27 21 56947 0.9216167153719157
6 11 19 0 75329 0.9046881782272144
14 19 1 5 88534 1.0269036104663554
5 18 12 9 51476 1.071530757957982
0 2 7 11 50118 1.06628560656597
2 9 28 13 85659 0.94917812268554
7 10 25 27 101582 1.0907496045756186
1 27 18 15 92156 0.9643704035430969
27 23 15 24 38805 1.009674789556217
17 2 29 28 113955 1.0973506275981568
0 23 0 7 83587 1.0116855122555508
3 19 1 9 47697 0.9803006183008977
16 12 13 5 32141 1.0187242342761134
5 23 0 4 91536 1.0596247692722067
3 6 5 25 82134 1.0559146804066968
16 0 28 3 43263 0.9180693310661111
27 17 6 16 84613 1.05484791628844
29 11 23 28 87566 0.9325526903579778
27 5 7 16 82205 0.9214970518012408
0 25 3 14 47804 1.051264523425175
20 4 15 17 61362 1.0902279487995945
29 6 22 9 34616 1.0542937969715764
1 19 10 1 93700 0.9458323808166729
7 18 21 18 53770 0.9262143168550878
28 1 6 5 83856 1.0606062909641938
0 1 20 0 79577 0.9979555784339488
25 17 17 6 58052 0.9307523233348793
28 27 8 21 75877 0.9929532450735198
9 5 18 24 97949 1.0310905499389982
0 16 29 11 104342 1.0925138295598928
6 22 28 16 98605 1.0921402145036088
25 15 19 2 56385 1.0246805693792784
19 25 19 7 78279 0.9000291185428049
28 10 13 2 70995 0.9781772841412294
21 1 10 3 42436 0.9123999173304324
9 1 27 13 95351 0.9001120049040897
17 24 18 13 49118 0.9875563490763434
7 21 4 6 59982 1.0439696314560436
1 21 1 7 63244 1.0853437123407068
9 7 25 22 93525 1.034782083633127
13 4 18 16 59552 0.9263163877370427
0 24 11 19 49274 0.9657610391159365
10 7 26 2 65494 1.001333720319112
18 3 21 19 63817 1.0050248107733133
10 29 5 6 87549 0.9397187372993359
4 16 5 7 48340 1.028795953251821
21 0 14 16 82040 0.9822200964571737
4 29 5 5 101958 1.000164562727751
0 8 18 4 81125 1.072054032521946
13 25 1 15 75202 0.9598087239646143
12 3 3 27 116562 1.0823288996913005
19 25 5 7 106329 0.9558617861893882
28 15 4 22 106777 0.949587838314232
26 16 9 26 88782 0.9378610755950988
6 6 7 18 39734 1.0537460954381572
24 23 29 11 68031 1.0468155897208684
27 27 14 22 57101 1.0409910604478618
19 25 8 4 111416 0.9806445948381013
21 15 2 29 112826 0.9829255448013298
9 18 19 3 70716 1.0563203185337573
9 17 7 4 49541 0.9442936163428031
10 18 25 24 69423 0.9002329021140786
2 1 24 23 124331 0.927136649890559
18 0 4 19 101635 1.0703090558274275
13 8 26 29 103633 0.9432590095956248
16 18 5 8 72446 0.9938014167563902
9 11 13 20 40983 1.0555981124968146
21 18 21 28 41944 0.9263664503243961
5 19 25 1 106702 1.0343792935796357
19 13 0 3 83076 0.9054923607148687
9 14 7 28 53969 1.0856851403133279
1 3 23 28 137117 0.9941551888262725
12 27 3 8 87127 1.0177203149743081
13 9 3 14 47828 1.0090877769294244
16 15 29 9 58434 1.0765349733065805
17 26 28 11 85806 1.0705862378745001
28 20 10 21 62918 0.9958386658625129
29 6 9 26 122391 0.9184034484724557
21 10 15 28 82192 1.0982686883027573
14 5 12 21 77842 0.9945035845256204
22 18 12 24 48422 0.9115008793287495
14 3 8 21 84844 1.0331521675056834
19 29 13 22 55424 0.9798864908083152
1 24 13 1 115418 0.9953077797491632
25 10 0 5 97286 0.9030994422601408
5 29 5 0 120720 0.9037938960223734
2 10 12 25 74946 0.9382453845824181
25 10 5 18 76445 1.0080707280955432
15 4 28 1 47380 0.9526385710772255
28 21 10 11 84262 1.0635595218263405
29 28 14 7 107185 0.9005306665280911
22 7 13 9 43490 1.0795754351745548
29 12 18 9 54100 0.9555967491156254
17 27 0 21 73773 1.04240504669353
23 0 15 7 49524 1.0539930519071463
1 19 2 9 44887 1.0480433752043732
22 29 5 28 73069 1.0176037355338017
15 17 18 5 49235 1.041420259636236
22 7 14 20 65018 1.0191507437553544
5 29 23 10 108484 0.9351182646619767
24 11 9 25 89244 1.0450394957015707
7 29 16 28 43146 1.007351552079668
13 7 29 6 62606 1.0437644278465301
10 5 5 10 35767 1.0926516262968669
17 4 14 23 74061 1.025477397299902
26 11 15 25 84635 1.0107359142267924
6 13 26 3 84646 0.9513004079014631
8 0 18 3 48145 0.963806582867174
5 28 7 14 58891 1.0240200420946044
10 5 21 19 81180 0.960045660923101
14 22 9 4 87600 0.9835351518362392
11 7 26 6 62624 0.9861507708331114
20 17 11 12 44502 1.0098854681814116
19 3 11 21 87038 1.024177460538254
3 18 13 19 44356 1.0909983403967847
5 24 8 4 82476 0.9754993106985015
0 12 26 25 113320 1.0886103005904342
1 26 20 18 82721 1.0033802819277784
1 29 19 17 97439 0.9046735768468983
26 20 19 2 76944 1.0470426926500653
4 19 10 5 68739 0.9565172536604615
24 17 14 20 48451 1.0852055645680214
27 4 0 10 100915 1.02728670294535
27 25 18 11 70251 0.9552600948631933
29 19 22 0 86842 1.063818230508943
20 3 6 0 56325 0.9508691284394948
18 12 8 1 67436 1.0720006817763945
26 8 19 17 60850 0.9128572285895075
21 1 24 29 95979 0.9654355361466114
24 14 1 29 120856 1.0466691909439267
21 27 8 18 68990 1.0677150260879362
26 13 2 8 82878 1.020695742079306
5 26 13 28 34850 0.9592108486499316
7 4 0 12 46392 1.059499323857788
29 2 9 5 73080 1.077659573148533
28 29 3 9 128927 1.0597923264916262
23 15 0 6 89083 1.0259446954283051
9 5 21 3 47543 0.9748543802109957
19 27 11 9 98948 1.0921031995877617
14 6 27 28 102978 1.0013518189570898
22 0 11 10 63509 1.06182744284466
16 6 4 21 84179 0.9724242928202252
12 21 25 9 82645 1.0486613685114607
11 12 18 29 90065 0.9131809331884734
26 28 12 23 60335 0.9815244806984413
1 27 15 26 47887 0.9018196196401429
12 13 22 19 50679 0.9885175106110623
10 1 27 29 137865 1.094380777591143
26 23 6 13 90146 1.0256869752334836
28 20 4 15 97180 1.0085964280721542
11 5 6 16 53020 0.9699451358271777
0 28 8 7 92590 1.0774417729603225
5 4 0 25 94074 1.046503949733561
1 21 29 26 98100 0.9223080515626795
1 18 18 20 63720 1.0128847134948247
19 12 26 24 59961 1.0518851937022051
23 24 1 13 99257 0.9761949897328182
20 21 15 15 41229 0.9165858906179373
27 14 13 22 79474 1.0904355490298965
11 27 23 16 68363 1.0689500319804237
25 17 1 8 98388 0.9720466584992311
0 7 23 22 117430 0.9257900735969897
2 0 8 26 96858 1.0974653932798903
26 2 18 18 74765 1.0584141561875613
24 26 16 14 68545 0.9992699005795126
16 14 22 3 46735 1.0598793205750174
7 8 26 8 83058 0.9166316380564927
29 14 17 5 60703 0.9567790157580913
1 13 19 26 97562 0.9007368397286359
28 21 28 4 79827 1.0266994923649164
5 0 5 13 59536 0.9790638395114357
5 20 8 2 69788 1.0378755373897446
19 18 8 18 43993 0.9775938666580795
6 20 20 6 79632 0.9206696978009479
19 4 15 13 36344 0.9958692320644321
22 29 9 22 61863 0.9648553328275332
26 16 1 18 106652 1.0451211046004871
11 12 4 24 60853 1.0601888181097987
12 23 2 2 90527 0.9793912863055713
7 28 15 2 112447 1.0590120596733807
12 22 7 16 36075 0.9734552059218474
23 27 13 6 91768 0.9060715609488045
15 7 26 16 62066 1.0124112299218397
14 17 3 12 57221 0.9405305328399621
21 9 2 8 76343 0.9253092857796211
21 21 24 29 37434 0.9992864394582203
5 20 11 25 33517 0.9097206835569169
24 4 9 6 55091 1.0918588716691622
22 7 12 17 61876 1.0808792645971879
5 5 12 12 43163 1.038299758968393
15 16 29 18 70559 1.044666833499496
14 28 9 23 35468 1.0849421416509768
9 6 19 15 66436 1.025260467813172
21 3 17 23 80779 1.0269100047533728
21 19 11 18 44002 0.9586543796905016
4 14 2 0 54649 1.0098677424160578
26 4 20 22 82550 1.0552778476566078
29 9 16 1 64545 0.96808463218153
10 19 28 24 75220 0.9740720463540661
8 19 16 25 43227 1.0152455317660123
6 2 16 9 61303 0.920772507028404
28 29 5 1 155945 0.9054599450497673
0 11 10 13 35033 0.9228741753658485
2 10 28 24 115614 1.052103122194652
8 0 7 17 62564 1.0792147337184883
4 12 17 21 64591 1.0402255069312418
27 2 15 14 67534 1.077824555814132
8 26 25 10 94520 0.9066205595739639
12 9 4 23 77305 0.9034932817788923
11 10 20 7 39531 1.062598399683581
1 7 12 25 89570 1.0335870565570335
13 21 3 28 56917 0.9636033027048423
10 17 4 0 82168 1.0508564676040022
16 0 13 24 92863 1.088800048561175
16 15 8 4 68896 1.0491809085290924
28 27 15 20 61330 1.0367084292593214
29 15 1 15 96814 1.0851378363834165
13 5 25 17 71991 0.9893995653472215
22 29 27 12 76041 1.0209473126070505
19 2 0 22 115385 1.0314826917442974
25 11 22 20 44061 0.9252295993099612
25 19 28 3 80162 1.0791261548650215
16 14 17 26 53524 1.098447452430393
1 15 17 7 65689 1.042230118564198
22 6 6 27 104809 1.0782976685577994
14 1 5 13 70717 0.9179161866272639
12 9 2 8 46265 1.0494672659352815
1 22 11 22 41623 0.9340571031093118
0 11 14 2 74123 0.9014067174075667
1 8 1 24 72845 0.9534655491378781
5 16 20 18 61950 0.9183120095187802
22 16 13 29 71972 0.9267433328215563
11 11 29 7 72635 1.0197730541214343
10 15 21 29 87975 1.0862240377773809
25 29 15 26 38386 0.9546900168310742
5 6 14 9 43919 0.9434817274306391
25 8 16 11 40816 1.0210085645837073
18 8 12 29 98117 1.04755055494888
27 0 11 10 79432 0.9341920141220939
3 26 17 4 104757 0.9319942170628818
22 8 9 11 45483 0.9879790187299202
4 19 21 23 73949 1.016843150183143
26 27 12 21 66645 1.0276712852344425
8 16 12 7 46278 1.0919092149031582
23 25 28 5 80886 0.9766727673839999
17 27 19 5 89734 0.9579049077700164
28 22 17 24 43603 0.9435632285974535
21 1 15 26 97047 0.9809767846660398
4 28 16 14 86313 0.9843458755960905
0 27 11 6 99713 1.059482668674156
0 14 25 5 91546 0.9857922066504763
21 23 6 5 99207 0.9452795881897126
20 15 22 29 59414 0.9769889835345649
2 7 6 17 48309 0.9946889752029082
8 25 17 10 69340 0.9206741223345264
3 17 22 27 88038 0.9523253171077481
23 18 21 7 41816 1.0924296305825452
4 3 25 27 138476 1.0860207296837245
23 28 0 0 151213 0.9165577465969933
3 27 4 13 61367 1.0135069112219557
13 21 6 10 55491 1.0118822349875254
21 8 2 1 86526 0.9231070875878991
17 28 7 4 107552 1.0184451896107356
29 27 22 6 83806 1.0438230936306012
7 22 29 0 125249 1.0810689152805508
21 8 5 19 80941 1.0461208155402886
24 23 9 9 82029 1.0699270807082424
26 10 23 22 57958 0.9551359811602634
16 24 2 8 87313 1.0828144196149074
20 7 7 23 88986 0.9016625697937944
25 25 18 2 93113 0.9815789441869813
7 11 3 17 30283 0.925049293447989
16 4 11 9 40430 1.0120403480892532
11 21 11 6 67884 1.0887634101066068
1 21 19 27 80895 0.9741224524151937
29 17 19 19 55238 1.0801346260416735
26 9 2 12 75562 1.0299575930976461
4 17 13 4 79701 1.0174269386415096
18 1 6 17 82532 0.9877092777220406
22 24 5 19 69205 1.073253592672127
16 2 22 22 76517 0.9914711605310804
25 15 12 2 76175 1.0071662837293824
6 13 23 0 84130 1.0858877785957053
14 7 9 26 84394 0.9950641210197979
27 15 11 29 94654 1.0330272369533697
10 26 25 5 106548 1.068039930657712
5 28 24 2 130628 0.9929727816224592
8 7 28 19 100461 0.9731511239509223
14 6 1 11 60671 0.9397762583619694
23 28 23 6 73785 0.9296855828586252
10 28 0 24 41728 0.9409580661799065
20 21 2 9 93165 0.9962631424143646
9 29 26 5 122412 1.0789116229214857
9 8 0 7 47998 1.0520636983386005
23 25 24 6 67277 0.9635063942686981
16 1 27 25 104308 0.9358853005301346
8 2 22 9 62737 0.9981610869588174
28 14 22 26 58603 1.009070179134115
7 3 12 22 80552 0.9302536858805416
21 10 22 24 47110 1.0050398935605918
12 22 7 17 34010 1.0975285670905466
11 0 5 8 59061 1.05570577775055
14 6 15 26 83802 1.0582776661263327
9 19 6 4 59765 0.9643607525837227
22 10 24 20 37188 0.9167394025618362
19 29 0 19 99418 0.9188018013666317
21 22 16 12 51461 1.0624452723464115
18 9 25 14 36410 1.0373133376527996
27 23 12 11 77924 1.0772872035835845
18 6 27 20 73106 1.0022174941676463
15 28 20 11 82320 0.9863256316804527
15 9 15 24 58189 0.9464972296807167
18 1 27 10 55774 0.9499906626658791
8 22 14 14 48692 1.0459519210298052
5 25 20 4 111003 0.9807933042538661
2 25 28 25 85450 0.9201664658912375
22 24 18 8 64478 0.9850319212161214
3 6 1 16 41578 0.9039914261725405
7 14 23 1 78311 1.0549416506165243
28 20 7 28 87696 1.0573515083377032
21 29 27 4 98539 0.9275696351378927
8 15 28 16 78752 1.0224807275887193
28 6 1 3 103847 1.0829585874834062
22 24 16 8 64723 0.9462051910832151
14 27 6 11 76162 1.0650513965773876
22 5 19 14 33109 0.9757833568324947
20 21 0 3 119169 0.9970468315624431
21 25 8 19 58691 1.05379402557652
13 2 8 27 102671 0.9861858454764476
19 1 24 24 86481 1.0247171355240878
23 0 16 13 57602 1.0277994359962133
1 3 23 8 90471 1.0925439183089425
21 18 8 16 57161 0.9967268504924957
28 27 8 4 134536 1.0293269669945202
22 9 29 3 38241 0.9676140324921676
10 24 27 18 65697 0.9386701553042992
24 7 6 5 66284 0.9280645382238113
4 12 7 0 48300 1.092490683502405
0 14 10 9 46681 0.9289753626983313
22 5 10 5 39123 1.078262088448023
4 15 6 6 44317 0.983633516721268
21 13 4 25 96069 1.062442717153439
9 18 11 6 51562 1.028242390034491
20 18 10 6 75453 1.065969613801056
17 3 21 21 77000 1.004320964101719
19 5 25 26 80049 0.966648606778626
14 24 29 26 47963 0.9988851217254506
2 14 28 26 111674 0.9893149897864771
8 25 9 1 90081 1.0602675002189632
3 0 3 15 53057 0.9424652695301725
26 3 2 20 117652 0.9489954946226732
28 20 11 10 78667 0.9940408008934878
26 22 24 5 75243 1.094558068088085
10 13 26 6 65263 0.9980475630907681
14 20 20 10 57368 0.9794509562526728
26 2 3 3 75287 0.9232498254608237
20 18 14 23 36601 0.9375477013331767
5 18 9 3 63238 0.9804831960106382
16 12 0 9 54662 0.9174078047698975
1 13 24 5 82973 0.9491525766593127
6 10 27 15 72742 0.9671072906559015
17 16 7 1 81238 1.0124120537466388
6 13 25 14 58594 0.9874746873449343
0 20 14 24 53075 0.9582110903081158
11 12 21 2 55213 1.0992192439456892
13 16 21 11 46298 1.0111098933247975
8 15 17 14 37272 1.0380285651018737
20 11 11 13 34322 0.9376780602778658
16 3 11 8 36123 0.9487915026601599
25 5 4 28 126121 0.9267740579250975
15 5 24 27 91278 0.940037721119513
8 12 24 16 55160 0.9738568602374968
24 15 14 4 63036 0.9855008995772034
1 3 7 9 40383 0.9923181335729189
11 24 22 6 85096 1.0022094110131181
19 6 11 2 36785 1.094788677808911
11 27 13 16 58666 1.0752504441203563
16 6 16 18 46652 1.0868655175416067
15 26 8 6 88989 0.9667877645824309
22 24 23 1 73794 1.0945174068911847
3 14 25 24 102785 1.061017220453536
11 2 25 27 118736 1.0783990136684418
3 8 23 19 88377 0.956452454984913
7 10 29 2 92386 0.9687917271174854
28 5 21 24 77547 0.9103097205010257
19 4 0 18 95473 1.011219948164956
7 14 15 8 43541 0.9142994716687105
15 9 24 6 43278 1.0244933808595176
15 0 21 26 99883 0.9966759961994721
25 22 19 9 62818 0.9760427419530403
9 24 14 15 54766 0.9282096826959816
18 8 8 22 64098 1.0497621802326038
19 25 20 14 55270 1.0790461035384489
14 12 0 23 77627 1.0790767876473193
10 7 16 29 108568 0.9318316476787581
22 3 25 22 70111 1.0132264333915024
18 22 1 12 83619 1.0697239077017633
16 20 9 16 35486 1.0004616673691376
3 23 6 12 49824 0.9485238842260935
8 10 1 3 45294 0.9376223867108295
27 13 3 12 68312 0.9224376038369585
21 21 1 13 93563 1.0155174955926707
7 22 29 27 83362 1.0221503097364368
3 9 1 19 47424 0.9875959646570043
4 5 27 22 121505 1.0869549015326643
8 10 13 2 50658 0.9226150771040638
24 7 6 11 65224 0.9333829150030826
25 21 18 10 58523 0.9031068189921789
26 23 9 12 76765 1.0830358459693572
7 5 12 0 39059 0.9180203159779436
13 26 4 3 103727 0.9660057329695604
25 13 16 29 83901 0.9181491270520109
15 12 27 26 71132 0.909566099511452
10 2 22 15 72209 1.0573517155639722
17 1 13 24 92363 0.9096791816550063
8 14 1 0 64278 1.0108456063675257
17 4 28 20 82678 0.9086397788322594
0 1 18 3 67262 0.9750137371940594
9 14 1 25 60644 1.0740849204895977
9 9 10 19 37577 0.9745279844974218
19 23 11 16 57904 1.0798631534057577
0 17 26 24 114683 0.9114095552267243
8 6 26 9 78277 0.9827139186756132
12 13 15 3 48281 0.9556067619961166
13 29 27 28 59750 1.0046407958258474
22 2 19 11 37619 1.0421141358794381
12 14 15 21 41088 0.9942378501652933
10 10 5 0 57539 0.9409040366903983
23 1 3 11 85154 1.0878283003414673
28 6 27 15 47625 1.0219778616962145
11 2 20 9 52249 0.9125254397079262
27 19 2 26 92808 0.9305353039336047
19 28 9 23 49910 0.9017353276162717
3 0 19 19 112786 1.020746228364057
8 3 22 21 99327 1.0445628570689416
23 17 0 16 88031 0.984273805779902
24 15 13 3 68540 1.0408160886331295
16 22 25 2 90635 1.0027895234109343
3 24 9 8 70612 1.0694030770326564
1 24 17 25 53432 1.0419797742099017
12 5 16 21 74419 0.9516256071251654
23 12 3 26 98783 1.0269081120087868
19 7 21 15 41040 0.9228579705187897
15 18 14 2 66445 0.9469860700036333
24 9 14 11 39883 0.9429695376409841
8 29 6 15 51911 1.0968829738896542
11 3 14 21 90815 0.9894978661430924
7 8 18 29 101871 1.0059933001223988
18 27 10 1 124863 0.9150845807239152
22 5 12 11 47798 1.0280931165361278
1 26 22 15 96110 0.9137947251576373
18 0 1 26 129290 1.0402302871775744
4 23 1 1 90574 1.0488629853409104
3 0 20 19 115977 1.003788007624479
26 17 19 3 69135 1.0244418791096528
27 10 2 13 73615 0.938165229862237
29 27 27 9 87338 0.9143168990886571
15 6 9 2 36480 1.0771906560618605
11 17 20 0 89588 0.9793447817739867
8 23 23 22 54862 1.045374429493437
19 25 13 10 78656 0.9008820935716779
12 23 11 10 60286 0.9003225636753921
28 1 7 12 89759 1.0333025378152407
10 21 20 13 65706 1.089453019672917
14 3 18 24 88778 0.9495521833957077
0 28 9 17 60497 1.063761294474798
9 26 6 6 71109 1.089615220464319
8 25 28 24 69544 0.9501180874498373
26 15 16 25 74217 0.9577102775332893
24 9 2 13 68789 0.9070504938885782
17 3 0 9 81895 0.944726175215331
2 23 15 13 76004 1.079175453236919
27 20 20 0 85868 1.0909732746803504
18 13 29 16 55135 0.9589200420896712
26 17 29 9 47152 1.0713844009000784
13 15 3 5 70195 1.0009304452974257
0 2 17 8 75021 0.9845001377965192
29 27 20 1 108832 1.0971213582543937
6 16 8 24 31480 0.9199282597922258
12 24 11 4 94243 0.9997300505321214
3 19 23 17 79289 1.0952233454913962
13 3 16 17 60876 1.0524135881394487
15 19 8 9 63877 0.991566674058379
2 7 12 9 48684 0.9894264919716124
18 13 6 22 68860 0.9534198650830997
26 17 11 1 100866 1.0286614365772828
5 29 27 25 80685 1.0291845391534038
6 14 10 23 38115 0.9884728448290951
9 27 1 2 97735 1.0642899583758738
15 0 23 23 91254 1.0561015652433419
5 3 8 16 53755 1.0311409466350667
15 1 6 15 76487 1.029222539164064
8 16 19 28 75235 0.9864667068095465
8 13 6 2 48767 1.0894951520852985
25 16 2 1 107831 0.996506060095081
16 24 11 19 35400 1.03543778035139
8 4 21 22 107965 1.0374400663169978
16 26 21 15 57317 0.9777076523244752
10 13 11 3 54711 0.917861008690008
27 22 15 0 104601 1.0576278243481925
28 0 21 27 109490 0.9287128612665723
15 25 28 12 88942 1.0073782233319797
10 9 3 12 29971 1.0468860108915823
18 2 29 18 91406 1.0653773081483728
