2739 2755 4313 3958 2713 2767 4246 3761 3467 4701 4687 4618 2887 2898 4643 3834 4339 3373 3190 2728 2792 3911 3645 2582 3602 3242 2933 3591 4206
6349 5187 5555 6161 6020 4065 4879 4660 5610 4163 5315 5982 6005 5426 5757 6203 5579 4764 5295 6127 5515 5732 5857 6200 4255 4078 4914 6337 5624
5445 5710 5606 6131 6477 5914 5006 4781 5432 5075 6413 6657 6421 5065 4510 6582 6226 6047 6341 4655 5503 6403 5748 6099 4730 5371 4945 6634 5465
2255 1559 1152 2316 1844 3108 2345 2267 2977 1739 1516 1699 1563 1150 2745 1182 1648 2745 1625 1544 3181 2217 1815 3046 1981 1650 2001 2989 1630
6051 4823 6193 6216 4742 4306 5836 4527 5965 5094 4595 5682 4773 6075 4702 5998 4979 5206 6318 5955 5517 6348 6051 6059 5407 6229 5756 5894 5207
5540 5659 4057 5244 4282 6074 6138 3936 5883 4561 3983 3965 4626 5400 4360 5639 4468 4762 5574 4737 5826 5329 4149 4969 4018 6070 4422 5733 5327
2727 3013 1764 3021 3456 2456 3316 3486 2348 3244 2462 2113 3800 2564 4008 1939 3485 3212 2443 2603 2553 3303 3835 3545 1941 3697 2980 3729 2956
5391 6457 5908 5673 6525 6003 5407 5370 4564 6437 5826 4543 6123 6146 4514 4461 4351 4792 6003 6302 4707 4630 6477 4518 6261 6008 4810 6491 5373
2950 3071 3276 3294 3053 4195 4782 3425 2732 3062 4115 3180 2874 3034 4338 3635 3827 4945 4734 3932 2879 2761 4702 3072 3971 4778 4377 3273 3312
5112 5689 5117 5122 6277 5228 5042 6231 6520 6030 5856 5418 4830 6271 6761 6588 6579 4854 4894 6405 6469 6726 5170 4644 6051 4823 4920 5697 4809
4367 5080 3602 4001 4404 4913 5157 3650 4684 4482 4792 4379 3411 3739 5027 4763 3367 3197 4670 4646 4894 4922 4223 3700 3235 4671 3481 4161 3222
4495 5558 4499 5884 4987 5283 5033 4445 5012 4277 6017 4037 6301 5667 5951 6261 4267 6243 6153 5397 4681 5616 4758 6190 5416 5187 4325 5975 5571
3009 2997 3118 3306 3433 3329 2981 2518 2661 3427 3920 3226 2961 2303 3064 3683 3771 2018 3139 3628 2606 3720 3591 2933 2135 1947 3566 2557 2615
7087 6693 6160 7321 7310 6316 7238 7148 5354 6483 7033 7000 5641 7521 5353 7024 7085 6310 7100 6056 6964 5327 5524 6428 6107 7000 6550 6946 6166
5952 6661 5355 5139 6738 5762 6393 6490 4722 4646 5837 5348 5711 4972 5951 5872 4936 6676 4855 5395 4931 4556 5845 6029 5809 4548 5057 4709 4915
6770 5672 5622 5682 7083 6661 5597 7523 6916 5646 5976 7013 6342 5688 6231 7187 7008 5892 6931 6734 5857 7106 6828 6474 5835 7135 7233 5480 5661
4379 2699 4134 4472 3299 3943 3970 2709 4705 2974 4703 4321 4467 3817 3731 4500 2785 3601 2957 3947 2644 3660 4709 3173 4614 4748 2890 3085 3178
7646 8304 7951 8775 7002 7727 7138 7396 8086 6810 7152 7786 6924 7897 7975 7030 7241 6847 8100 8238 7869 7158 7227 8129 8676 7852 7852 7416 8722
6644 5374 6667 6371 6201 5871 5695 6798 6783 6779 7124 5997 6313 7295 5227 5439 7085 5431 6080 6873 7078 6038 6975 6582 5417 5999 5601 5661 5413
6612 6695 6831 6191 6747 6817 7605 7044 6428 7970 7389 6323 6047 8052 7798 8013 7254 6600 6425 6124 6193 5957 6009 6031 7761 7365 8155 6979 6152
8183 7769 7052 6456 7582 8260 8532 8483 6420 7808 8434 6811 7123 8281 8163 7873 8165 6889 8347 6605 8065 8034 8069 8136 8348 8268 6374 8356 6483
2629 3437 1757 3851 1940 3759 1698 2935 3167 2597 3018 3363 2978 3178 2084 2523 2686 3700 2083 3865 2222 1776 3174 3328 2540 2110 3755 3778 1601
6170 6027 8206 6786 7587 8190 8169 6932 7180 6451 7767 6975 6623 6171 6456 7303 6169 6235 7273 7153 7078 7713 7249 7273 7570 6692 7382 7628 8164
2473 2670 2409 1901 3183 1632 3535 1786 1994 2365 2040 1580 2908 3006 1769 1791 2518 2205 3393 3040 3284 3259 1957 3521 1300 1773 2318 1229 1642
5672 4116 4813 5674 4708 3463 4595 4076 5450 3672 4973 5307 3766 4336 3793 5164 5635 5633 3853 5605 4593 3626 5246 4735 5608 5280 4867 5327 4710
3253 1750 3029 3026 1822 1737 2461 2349 2984 1708 3119 1901 2799 2760 2346 2031 2823 3276 3051 1484 1630 1766 1958 2316 2150 2777 2175 2415 2854
7429 6934 8198 6903 8100 6884 7962 8007 8422 6921 8347 7684 7997 7163 8485 8238 8175 7451 8534 7102 7505 8441 8236 8361 6916 7168 6800 6826 7417
6258 5076 4973 5873 5600 5177 7029 5886 6523 6439 6927 6663 6869 4898 6866 6373 4968 5219 7001 5243 7082 5275 5562 6061 5703 7080 5649 6343 6788
5101 4947 5860 6248 5149 7141 5803 5787 6579 5310 6823 6268 5778 7167 7180 5728 5755 5763 6898 5645 6666 5458 5159 6579 6788 5563 5097 5784 6780
6421 5533 5462 4947 6173 6884 7054 6041 7090 5863 6729 6551 6127 6197 4927 6843 5949 6539 5520 4976 4911 5555 5191 5774 5216 5385 6232 7092 6566
2655 6953 3679 1894 7249 2696 5287 5130 6208 5876 3065 5095 2917 3449 2494 3555 4814 8303 4975 3445 2299 3916 5372 7206 4759 6456 1303 5140 5223 6934
3232 6925 4791 2909 7321 4378 5386 3749 5434 7528 5064 6045 2967 3402 2049 3309 5838 7844 4627 2974 2957 2538 5299 7378 5262 5550 1797 5649 4988 7883
2193 6437 3242 3975 6471 2533 6525 4058 7256 6332 4712 5464 2376 4787 2019 1885 5583 7414 4847 4196 3656 3035 6100 6969 6446 6633 1820 4193 4558 7731
3313 7587 4792 2944 6888 3532 5909 3791 7101 5531 5037 6427 2004 3223 2863 2149 4567 8024 4744 3011 3589 3191 6824 7199 5523 6030 1937 6111 6247 7579
1953 7408 3924 3765 6999 3188 6539 5094 7618 6906 3328 4766 1603 3578 1970 3777 4571 7371 4683 3213 2512 3119 6794 6795 4973 5719 2385 5900 6152 6260
2731 7386 5164 2180 8147 3955 5738 5086 7085 7292 4765 6460 2375 4449 4090 2641 5682 7249 6143 3087 3586 3771 6556 7861 5559 5082 1577 6210 5273 7083
2389 5816 3324 4149 7151 4387 4824 3808 7226 6766 4932 6539 3266 3647 3373 3422 4347 8578 4851 2965 2464 4140 6332 7850 6584 5747 1524 6352 4185 8209
3089 5891 4912 2626 5906 3453 6016 4124 7412 6871 4099 6066 3275 4945 4203 1949 5357 8182 4326 2516 3797 3018 6811 7725 5869 5405 1391 5772 4523 8036
1861 7643 3894 2420 6774 4598 5608 4469 7408 7398 3173 6643 2021 3428 2924 3233 3987 7200 5053 4262 2682 4405 5404 7169 6069 6496 2759 6399 4815 6986
3177 7413 3996 1859 6178 3787 5060 3800 7458 5220 3549 6027 2349 3289 2258 3712 5309 6947 5630 4319 3753 3377 6380 6724 5112 5492 3102 4292 4857 6580
3755 7932 3473 2113 6151 3108 5920 4695 7316 7315 3638 4977 2470 3815 2578 1598 5755 7875 4199 4372 2881 4490 5385 6668 6226 6657 3253 5206 4160 8461
2758 7253 5205 2339 6941 4070 4976 3972 6303 5554 4935 5450 1433 4661 2770 2679 3744 6981 5168 4541 1812 4408 7453 7270 6634 6635 2019 6389 6316 6456
3269 7375 3258 3109 7279 4594 5406 4290 6422 7213 3269 6071 2058 2978 3227 1499 4494 8561 5367 3356 3440 3305 6991 6506 4823 5866 3299 6278 4992 7183
3367 7882 3388 3555 6744 3559 5977 5935 7372 6444 3325 5969 2128 3147 3106 2791 5488 8331 5933 2772 3154 3435 5387 8285 5040 7050 1848 5894 4588 6944
1467 7175 3939 2876 6847 2635 5680 4112 5762 6403 3812 5255 3660 3678 2161 2803 4721 6742 5119 2867 3905 2479 5463 8207 4697 6942 1532 4169 5726 8093
3375 6526 3252 2202 6526 3565 5075 5024 6656 5674 5368 6904 2609 2950 2233 1915 4371 7454 5536 3829 2651 3325 6769 7681 5705 6368 1144 4535 4864 6452
3175 6973 4274 3810 8140 4559 5392 5714 6538 5653 3381 6042 2293 3288 2403 2278 4936 7134 4384 3655 3267 4633 6855 7983 5146 5610 1478 5410 4467 7581
2400 6172 5233 2081 8060 2651 5623 5064 7106 5534 3960 5880 2812 4581 4110 1827 5499 8604 6099 3085 2742 2908 6813 6837 5434 6372 1612 5976 6004 7904
3289 5932 5334 2368 7830 3912 6620 5577 6865 5556 4808 5688 1628 4230 2666 2401 5834 8810 6121 2904 1834 4478 6144 6101 5537 5854 3049 5934 6420 6549
1699 7438 4440 3123 6017 4050 6033 5113 6805 5736 4601 4879 1900 2947 2043 3750 5613 6885 6046 4123 2951 3549 6339 7182 5134 5909 2901 4164 5350 7226
3532 7919 4014 2687 6920 3548 4913 5725 7238 5547 3408 5568 1619 3931 2068 2530 3729 6883 5404 3686 3350 2327 7114 7791 5583 5702 3016 4275 5932 7403
3288 7863 3479 3643 7483 3217 4592 5629 6594 6449 3739 5074 1974 4817 4107 1883 5433 7771 5653 2296 2912 4376 5817 6071 4608 5430 1189 5692 5621 6757
3117 7441 4296 2618 6871 2842 6564 3950 6347 6620 3111 6210 2712 3835 2694 2383 3794 7034 4494 3817 3153 4500 6405 7663 5386 5140 1334 5246 4317 8248
2729 7086 3945 3813 6453 3025 6034 5731 5811 7344 3435 6953 2192 4297 2422 2597 5596 8706 4970 2426 3353 2496 7056 6800 5318 6007 3434 5842 4346 7601
1490 5862 3378 3154 6676 3403 4909 4211 7296 7289 3645 6017 2959 2967 2797 3516 5308 7564 6077 3510 3481 2479 5525 7361 4392 7293 1821 5509 5164 8461
1946 5698 4226 3117 6054 4182 6655 5235 7339 5548 3840 5097 2665 4789 3271 2328 4460 6705 6348 4064 2073 3959 5411 7097 6394 6798 2468 4359 6205 8308
2597 6255 5009 2504 6396 3395 4504 5003 6304 6394 4596 6915 3502 3319 2535 3620 5611 6746 4891 3263 2678 4066 6845 6228 6092 5112 2683 4418 5680 6902
3272 5816 3416 3376 6751 2556 6763 4236 6902 6927 3854 5168 3491 3440 2237 1551 3828 8795 5386 2544 1880 3193 6728 6092 5206 6992 1236 4457 5090 7932
1930 7070 4858 3262 6568 3030 5683 5097 6907 6158 3715 6061 2227 2704 3155 2881 4651 7725 5331 2593 2479 3801 6275 8249 4397 6528 1761 4797 4705 7088
2 29 15 23 59414 1.0720701548192832
10 11 29 21 72706 1.0349742894379637
25 21 15 14 40830 0.9902368575113479
22 2 2 20 90768 0.9997013916704552
1 4 26 28 115073 1.0376011788288038
10 13 28 22 73844 1.0936585911608265
26 7 25 17 30055 0.9723910792449558
0 9 28 2 105452 1.0593378586260376
5 20 5 0 50346 1.0559033789491803
5 17 1 3 46941 0.9298621586258148
5 14 28 9 78432 1.0247907903726796
10 18 18 4 73758 0.9802536782149797
29 1 27 28 94003 1.0803387426926296
8 22 15 18 36322 0.9954472451903268
14 9 23 4 55153 0.9324059928526995
28 5 10 24 100394 1.0116332503442114
21 12 29 0 46218 0.9578044092351841
2 23 29 26 69398 1.0220274953959447
21 11 4 8 59898 1.0653225417242091
24 27 14 2 94663 1.0624841049840816
7 4 13 24 84963 0.9191195062842756
23 5 11 10 51812 1.0153443905193202
14 18 10 12 33003 1.0013955289545453
16 22 10 14 41514 1.0016254880894018
6 22 9 5 61773 1.0970876798623128
25 3 5 1 66441 1.060664134952429
12 23 3 24 30593 1.0922245332712606
11 22 20 20 36006 1.040542088271651
6 13 20 17 57051 0.9818231515490571
28 0 18 5 42239 1.0023274791240249
9 19 28 28 75515 0.9463242443419351
23 9 15 20 49475 1.0013868754787991
5 19 15 8 66926 0.9386478553897295
12 26 0 19 45477 0.9760103603406234
6 11 19 4 65487 0.9676096811354026
0 11 22 26 81985 0.9423283778807463
5 17 22 11 65123 0.9657682355425006
2 11 23 29 82793 0.9903112213465723
26 1 27 18 58858 1.0849877378522306
8 11 7 28 60588 0.9708614077662286
25 10 8 5 69328 0.9288320186094976
28 6 13 11 67824 1.0017148201392905
27 2 7 0 65075 0.9142293283900164
18 10 8 5 53594 1.0335941820758403
9 15 14 6 46433 1.0714450768807313
10 10 24 24 75539 0.9093329578234246
3 20 28 13 79889 1.0050110106681984
8 13 20 7 52659 1.0337545978306668
1 27 18 26 39391 1.0426071988758514
27 4 13 20 84849 0.9470371696394155
26 3 3 23 96929 0.9360540801234
10 21 10 7 58573 0.9226362004244041
17 29 26 25 46143 1.0698626344845552
18 9 15 21 58918 0.9615050045383156
29 19 23 12 35990 0.9335847922423344
6 0 18 28 102988 0.9495934498272752
14 22 10 14 38553 1.0891724305240686
7 3 28 27 112536 1.0900993551119358
28 15 1 7 84749 1.0497950881150275
11 13 11 24 45751 1.0891677000452429
4 7 10 0 36883 1.0072591093392633
11 19 18 5 69105 1.0437530202122511
19 12 4 19 53653 1.0093167960136873
15 11 0 28 75121 0.9511486999433227
12 5 8 13 33209 0.9292700500545082
13 0 14 14 52791 0.9410069590457416
16 25 22 5 72825 1.0090848625761024
4 22 19 7 93442 1.079763293615244
20 5 22 24 62290 0.9718771363861596
19 23 27 26 34327 1.0803010246451963
16 10 4 5 59458 1.0983425668802822
16 3 5 25 94139 1.0691846087037524
26 3 17 7 47388 0.9656003916524925
21 27 5 23 53848 1.0975792997448661
11 26 24 26 27855 1.0771573998683017
15 4 27 14 64746 1.02833526731876
13 20 6 0 76227 0.9098296756327245
22 29 10 2 109303 0.9596833815150476
13 4 12 23 67258 1.0067390708732953
2 27 16 10 74561 1.0391774669828
15 15 3 12 36217 1.0542542226897529
27 20 15 10 59091 1.0834347940777798
14 12 0 1 60412 1.0041119290447114
9 22 25 6 89058 0.9604737750804366
27 7 21 13 35114 0.914733503629469
19 8 9 17 72980 1.040920848300436
4 29 22 8 102533 0.9255912160181873
23 24 21 15 29234 0.9451218615939551
8 6 4 25 64821 0.9766329112297656
22 29 8 11 86007 1.0008952971655556
26 12 12 5 55271 1.054072891166185
0 12 9 27 52845 1.0950785992742402
0 10 10 11 37328 0.9414993030588922
17 4 25 19 65680 0.9580239873330213
14 6 9 26 79989 1.0418585405649663
17 13 3 12 39006 0.9703837591615506
18 20 1 26 59087 0.9093076247799012
8 7 17 2 44205 1.0774256456715943
9 29 25 21 61204 1.0677088511999921
26 13 14 25 62215 0.9915689662900895
14 0 13 20 72568 0.9852784203948518
28 20 8 17 68702 0.9925976875090329
18 8 7 12 51930 1.0396000914225734
3 7 18 13 52867 0.9436086955086972
10 25 17 10 73094 0.9330930765687986
13 2 17 9 42572 0.9347329916871963
20 9 8 8 56594 0.909913834930599
3 29 15 9 78706 1.0160594447107596
8 16 14 4 59107 0.9162790098991163
5 5 10 21 63182 1.0767310173124383
14 1 15 25 100539 0.9520638745630917
17 7 3 18 67410 0.9849218178153681
4 27 23 27 48486 0.9375194821219809
0 29 14 25 45292 0.962306910583598
16 3 25 24 73026 0.9961841108622911
20 18 20 4 51950 1.0421749238970128
7 10 17 4 60102 0.9042592277658827
29 21 16 17 51565 0.9726223176764667
9 29 29 19 76782 1.065833603192368
21 26 10 5 88194 0.9736171656128172
28 1 14 7 69837 1.0986136937481858
15 12 20 27 59138 1.0674752668612661
15 21 9 8 65162 1.0072809415686337
24 12 10 24 73496 0.9316266319176465
14 1 8 15 63745 0.9877095817035496
3 24 2 10 32388 1.0573574300976603
7 8 25 13 62117 0.9271469575432928
29 7 2 28 120612 0.9843439696092714
20 7 14 23 76895 1.027561462045718
3 3 4 24 49795 1.0483291149711107
18 14 2 23 66426 1.031693316858466
21 21 17 29 41718 1.052581337983476
13 5 12 22 57549 0.9859216145003599
24 23 29 17 38722 0.9819115790621115
26 17 9 29 77350 0.9422062902173824
0 19 12 28 51600 1.0050155088514423
21 15 4 24 71480 0.9040208321355834
20 15 1 27 75589 1.038260828274806
1 10 2 25 46066 1.022065140968934
15 24 8 16 55976 0.9742579625681358
18 23 11 20 37516 0.9836251160737874
28 5 3 12 77682 0.9849299228234598
13 5 4 19 63121 0.9114444100949487
18 19 7 21 40217 1.0415026305862332
16 23 9 12 52391 1.0017942841559784
1 28 7 17 51367 1.0552584752745617
18 26 23 12 47213 0.9801384716011887
12 0 14 20 69086 0.9582230395908529
8 19 23 27 56712 0.9566134281677019
19 2 26 18 64022 1.0474528763758633
20 12 1 7 57889 1.0935819044542554
6 24 20 20 54569 1.0967462800009706
3 8 1 29 56183 0.9937865624584484
20 17 11 19 46368 1.0722729771381936
13 4 2 4 43612 0.9651074316001467
18 19 3 0 83492 0.9306267736779574
21 19 29 24 43292 0.9676168978423585
5 7 16 25 79693 0.9406800053338797
15 0 17 16 71006 1.0917039156458508
1 15 9 22 40930 0.9581103143089514
29 10 0 2 105040 1.0741839515580698
15 2 15 14 52999 0.9567827531190535
4 7 20 2 67975 0.926641215535111
14 16 4 19 44134 0.9653529030779648
29 5 4 26 108256 0.9285530321146677
0 14 26 4 84700 0.9390731660458069
19 13 3 17 52319 0.9739724542168582
16 14 0 13 47216 0.9039114771214558
7 10 28 2 85278 1.0023204135618826
5 7 26 28 105574 0.9973876671249322
29 27 13 17 76315 1.0564437689008515
24 1 12 7 55591 1.0130548894792788
29 1 29 28 99000 0.9236930068753384
14 5 23 19 63501 1.0984480099609435
14 3 20 14 53699 0.9270775071798678
8 26 6 6 59857 1.0902886375913667
21 6 15 15 39719 0.9838452876250928
25 23 16 29 36230 1.0593702994316998
3 14 14 0 59152 1.0517766705441325
17 15 1 6 63294 0.9820536749787747
16 4 29 29 108655 1.0885557932316354
8 9 27 29 104284 0.9064779601403549
17 11 24 0 50728 1.0113644378757105
6 6 16 29 87966 1.0778082673851772
26 24 18 26 28065 0.9633151773321078
7 5 1 24 65963 0.9602253173992915
22 16 11 4 68022 1.0836998511099074
11 16 29 24 79638 1.0382358702295933
22 21 11 13 53277 1.031276020081059
22 26 22 10 43789 0.9306911337856962
2 25 28 3 114469 0.9385227255700263
29 12 0 13 74372 0.9241625423732807
19 2 14 25 94015 1.0253902987975938
11 12 20 9 36665 1.0222633489071256
18 7 11 1 50600 1.040001606796265
29 0 6 0 62971 1.041231366496598
3 5 15 16 59055 0.9229182247367896
18 7 22 19 53023 0.9365483960301149
16 17 23 1 57115 0.9296786479089613
29 18 12 19 60310 1.0341769095592377
25 7 10 26 78157 0.9532641110214546
25 4 4 29 111662 1.0182405450803493
1 29 27 4 128978 0.9957385853664324
1 19 23 19 72189 1.0565354523393022
17 27 26 0 90410 1.0645010355317592
29 3 7 5 69829 0.9284033340237742
0 4 19 14 73937 0.9286952895025937
16 5 23 27 77753 1.0316772134946388
27 25 23 4 64855 0.9394376312568363
22 24 11 15 54438 0.9831491979871378
18 8 4 1 74269 0.9143788901630666
25 26 9 26 36031 0.933758238278541
16 1 1 9 70660 0.9390138907913691
4 26 6 16 34579 0.9345840779195702
19 4 2 7 64258 1.0095076963890177
0 22 5 2 59496 1.0494203617556097
26 24 7 3 102519 0.9825559864974986
21 13 15 20 36914 0.9011572030760729
8 28 3 0 69333 1.0726019872324832
0 6 25 10 83741 0.9410094953991857
13 21 24 22 41498 1.0407977410098344
7 8 29 15 77603 1.0949671570893607
6 25 13 14 51743 0.9847557698450471
18 26 20 6 68904 0.9876706716302813
3 14 29 27 87363 1.0524936338833326
21 1 15 28 92613 0.9125008349658185
17 9 7 26 82129 0.9869310550875342
22 12 12 16 34692 0.9044514065958374
16 1 29 14 69087 1.0711126273580667
18 29 10 16 65093 0.9214977834256687
15 16 22 21 38403 1.0905274396981786
4 10 2 23 36636 1.0161885019896948
5 28 8 21 33931 0.9761788592950493
29 15 18 18 47239 0.9338276964296662
20 16 14 10 42198 0.9406801342284902
14 15 4 25 56464 1.092956201093571
7 5 3 21 47177 0.9225162227156564
4 29 3 7 52489 0.9324065658379219
13 23 9 12 47242 0.9045679753098702
16 12 14 23 48654 0.9227921545294543
3 14 25 14 59612 1.046542252649168
1 24 17 9 85071 0.9299298747036445
12 27 20 14 57604 1.0840081522830678
12 2 13 20 59926 0.9754298339187829
23 5 10 19 68927 0.9816707593706453
2 27 22 3 103109 1.0831987715726203
27 23 0 6 117259 0.9674298925312732
23 28 11 21 44683 1.0962084645862618
14 29 13 8 80983 0.9259994733977531
21 4 26 10 29506 0.9489347408602417
28 19 18 15 38661 1.020854084605296
27 15 6 17 60138 1.0596385803140829
9 8 22 28 97751 0.9362584757728433
11 6 2 16 56728 0.930615995040933
27 0 11 2 51951 0.9130416636872348
4 2 2 17 41457 1.0926282386031316
4 13 23 24 75174 0.981961909394657
19 8 9 16 67975 1.058927369889029
5 18 18 19 51125 0.9335678722511899
7 13 5 4 35109 0.9486553057524328
23 0 25 27 67350 1.0932585237176342
19 28 19 14 55017 0.9090503382807672
12 25 12 9 50125 0.9355324789516494
24 17 6 25 70193 0.9440287045917817
29 15 7 17 64536 1.0049791762024411
5 0 29 25 119272 1.0861080755187313
27 17 7 0 103331 0.9133476478864758
20 18 3 9 69010 1.0057960070248035
27 0 19 7 43752 0.9225207423019384
11 19 24 5 68830 0.9132698220963081
4 8 12 28 69194 1.0131431753056352
29 21 28 7 61126 1.0335172531870926
13 28 4 23 44938 0.9660804707073996
9 24 15 6 87797 1.0149592483964431
28 15 10 18 55276 1.0650246333587894
23 11 1 13 57521 1.030910072640394
11 14 22 23 55728 0.9529264918501282
26 10 15 22 67636 0.9857392031239481
6 16 26 11 63371 1.0324250779732373
18 9 28 15 50288 0.9830730788431145
29 15 8 19 70916 1.0304990168521733
27 24 3 18 82076 1.054846900721714
4 29 3 15 36833 1.0873832805194243
23 15 28 20 23958 1.0620036956151235
23 3 15 23 79549 1.0134112673774462
10 0 2 15 50633 1.067848441694795
3 10 17 8 57707 0.930870818234706
7 16 29 6 91729 0.9281200588194765
27 5 19 3 31160 1.009261593585424
0 18 1 7 43469 0.970540905464586
24 26 6 11 81478 0.9082083273696852
1 19 4 29 36803 1.0176543362343446
21 7 12 25 75153 1.0421920804904279
9 25 19 21 51880 1.0463741243809952
17 25 15 11 63837 0.9032448915937076
20 4 3 8 65855 0.9860870723797119
3 23 19 9 81081 0.9306428825999402
9 18 10 1 71497 1.017707662021357
1 29 24 21 76815 0.933268001627867
17 1 6 18 85964 1.0681987871037955
23 8 14 6 43694 0.9876962754124425
26 6 13 20 76590 1.0066595065015955
0 17 19 5 90424 1.0278059581443995
10 5 27 24 99799 1.0222485530805632
1 23 17 23 66438 1.0263648543973172
5 1 29 26 119182 1.0798645340088362
16 25 17 16 37026 1.0913873532714506
29 12 16 15 41484 1.0230126722293924
22 4 3 18 82208 0.9175208047497992
19 21 13 26 35384 1.0121131544069437
1 19 28 7 97703 0.9347509738616211
27 15 18 19 38032 1.0069268716498536
6 11 29 5 76843 1.0844057183188271
20 5 21 15 32325 1.0191754041249232
5 4 17 5 47002 1.0196490174544546
9 16 27 2 84657 0.9328919308792183
20 16 5 20 60998 1.0154434284662393
21 26 7 28 43185 0.9008120210759021
25 27 13 12 63117 0.9811257157487788
27 15 4 24 87807 0.9480485005350057
17 21 8 19 34843 1.0580397511372452
1 7 26 16 83741 1.0994727001563904
11 8 18 21 64848 1.008613796859839
8 1 8 20 69288 1.0259701900881546
5 28 23 10 87526 1.0025669387111575
4 13 14 20 49532 1.084725875227218
2 27 16 29 43117 0.9763551611083643
12 3 17 26 79601 0.9148224181179845
27 3 13 0 46581 1.0919197548068214
20 8 19 27 69824 0.9422110465571331
28 15 19 7 50562 1.0675343592388478
10 21 19 4 88438 1.0980777414918992
11 9 12 24 53181 0.9240259130687246
4 15 16 15 32019 1.0699255024541634
25 26 9 5 96027 1.0705001759059445
25 13 1 25 85667 0.9457606487730695
14 13 24 1 56519 1.0427340542115957
4 14 12 5 48434 0.9622146430184988
7 26 13 5 80679 0.9375324413956241
19 2 7 26 106553 0.9350033509999978
11 2 7 19 67984 1.0988982710544697
26 9 8 28 91883 1.0614157746761583
25 26 23 2 60032 1.0100464565834926
22 15 20 24 32823 1.0994632814937302
28 17 22 7 45753 0.9347646087119348
7 27 8 15 44261 1.0893586601283605
15 21 14 10 50132 0.9870347881808913
22 15 3 14 51582 0.9711431431618304
7 23 2 2 65635 1.0789335797118855
1 13 21 22 77893 1.0623141650194636
11 24 11 7 63775 1.0100173068730764
3 17 25 23 74651 1.0480838992140487
7 20 2 3 50139 1.055472079514537
4 18 19 12 53761 0.9089880552008762
4 14 23 1 76860 0.9001598233687742
9 22 4 7 55183 1.0161861285707385
19 16 1 10 65642 1.0519094746723048
5 16 13 10 41926 0.9857260044514398
12 11 17 16 29870 1.0244544157727482
3 5 15 12 44293 0.9737205385902615
21 21 15 1 78774 1.0783414608239321
16 8 18 22 62731 1.0526188277019912
26 4 3 15 80883 1.0954689901538748
16 6 0 20 77747 0.9298091291729069
26 3 23 21 51399 1.081345787757522
18 0 3 7 56658 1.0592761848260752
9 16 22 6 64754 0.9979594508833967
1 18 15 5 74153 0.9103911369420089
29 1 13 6 72113 1.0295353445252635
0 24 23 29 59302 1.0054728230441559
6 21 17 20 36359 1.0116205997560697
14 4 6 11 51098 0.9342213392812697
12 2 29 9 79809 0.9825274720229797
14 4 25 1 42029 1.0737066505249722
17 1 14 12 55171 1.099820922750997
14 19 9 6 60328 0.944123569513166
12 0 29 16 89825 1.0502969242502924
9 28 10 14 59354 1.0990104160713885
12 10 1 6 50826 1.0186607104624703
24 1 21 28 76266 1.0779773888328457
18 28 11 16 55407 1.0659450888474784
2 27 29 5 114998 1.0720684724382519
6 6 17 3 39991 1.00419928422833
6 20 2 3 47675 0.930603846154956
4 7 19 6 71647 0.9196376756589304
13 8 6 5 38653 1.0158874516438237
19 9 4 0 79277 0.9802506682973595
29 0 5 4 76518 1.0344230799835463
24 2 12 6 48494 1.0957039168321658
6 2 22 26 99571 1.051435901609263
12 5 25 7 49758 0.9158431631062819
4 27 24 14 78400 1.0812012918890401
10 29 13 10 68050 1.0381244895827364
12 8 26 14 52608 1.039891338399325
1 6 29 4 95776 0.9633969000382442
19 23 8 4 97945 0.9673318695583176
1 19 17 27 58674 1.0389004397207637
2 0 13 13 53705 1.0297029647065408
8 9 5 21 45980 1.0423854511410966
28 29 26 3 81439 1.0845115885496102
19 28 15 22 44785 0.974374124693519
26 4 17 17 65727 0.909869004878479
8 25 7 10 57173 1.0924078220140125
26 10 20 20 43769 0.9962129533797367
20 23 25 16 38496 0.9351862914222182
13 19 2 13 49809 1.0943447878420018
12 14 18 3 51698 1.0760185529298247
27 9 18 17 56688 0.9185172611293192
8 2 3 16 45340 0.9914486954777906
2 16 25 9 70291 0.9008651921950271
21 6 10 9 55041 0.966050985962618
24 6 11 13 52349 1.0540736333742546
17 21 8 16 48349 0.9796814346290627
0 26 5 13 38250 1.0901106072801698
28 21 23 2 60283 0.9510760403342235
8 1 22 14 74849 1.0262299378174953
17 13 2 17 54708 0.9672611333348664
17 15 17 29 60350 1.0078836553373693
1 26 15 26 30243 0.9402456510748203
9 14 14 25 53536 1.0316435782832438
10 29 23 8 82241 1.061236960682781
18 23 10 2 95179 1.04338459956289
10 26 22 5 81172 0.992684689628252
20 10 3 23 72707 1.0492508707169503
12 13 26 14 41611 1.013216472674276
21 3 5 11 68189 0.9309042022106072
24 13 26 28 44130 0.9139042333556099
18 13 21 28 53696 1.0154098835004155
12 0 9 18 67487 1.0226078633424358
26 6 10 9 69277 0.9262599571798852
26 22 22 28 27731 0.9439770001142866
8 16 28 0 87149 0.9881368687963791
1 28 0 11 55506 0.9230356329393712
17 21 26 19 33931 0.9259680661950759
12 17 28 5 72453 1.0577155406030323
25 11 14 2 56633 0.9143921501810913
0 14 27 16 78742 0.9084056066936919
0 29 8 10 63330 0.9024008102715501
18 13 21 4 33937 1.0544612848486468
12 5 25 29 92506 1.0405560840481545
19 0 3 15 75603 1.01410571077065
4 23 24 10 81858 1.007091491570442
17 27 23 6 69977 0.9610443584555681
22 12 4 25 75949 1.0595685326511544
6 11 12 2 42413 0.9180226112404543
27 11 5 23 96748 1.0754422073293344
20 20 15 11 46321 1.0508564627838934
24 8 0 1 89934 1.0342232404436964
20 10 1 12 56635 1.0997866439478332
8 22 22 1 99264 1.026971103073959
2 24 17 2 95263 1.0845729197932876
23 2 12 17 63600 1.0249907939348484
12 20 18 29 44520 0.9477008402352209
1 19 1 3 46523 1.0123950861015156
15 24 27 4 95030 0.9262438714730993
0 1 16 15 73562 0.9512464277705832
11 29 14 14 57762 0.9102880257135484
3 28 6 11 41177 1.0171041952087188
28 21 11 0 100162 0.9363752550067832
2 12 10 27 48624 1.0607871634801858
16 9 23 20 47566 1.0762911674613096
29 28 22 14 55859 1.011964264776771
9 21 0 1 72864 0.9274942781976475
6 5 9 28 74778 0.9618127725302046
11 0 10 21 74837 1.0950730144348657
19 3 29 13 54289 0.907789589986988
15 23 20 13 56888 0.9539570705185503
23 0 11 4 47847 0.9026616345423585
3 29 16 10 74987 1.0279574526167297
21 5 29 22 65577 1.0982989552133067
1 27 17 1 106377 1.0675135399189244
20 29 28 16 61445 1.058744159972588
9 2 24 23 98798 1.0167193020506018
10 11 24 10 40730 0.9296833888706368
21 19 26 11 34803 1.0808023047749644
14 1 5 6 46602 1.0904284036361183
25 17 3 28 73002 0.9821971201602788
0 14 23 18 67041 1.040913397487629
0 2 24 21 105274 0.9949033024182545
8 7 6 27 64538 1.0075879537045829
20 25 16 5 79416 0.9200260658439879
13 20 11 4 59126 0.963214179553267
18 8 0 2 81038 1.025662204697159
16 0 21 5 27709 1.0852292921589854
10 25 16 18 45076 1.046049542980624
29 23 28 2 80454 0.960779013644996
15 13 2 3 57346 0.9909535837573729
0 10 26 13 74984 0.9715934745298856
9 27 10 12 58447 1.0672861419632023
6 27 3 15 31513 0.9866234005483449
11 19 8 2 66288 1.0249202122494407
6 13 7 26 40652 1.0996384664175056
24 8 19 20 46786 0.9872721573925133
17 11 29 22 65017 1.0331138244869238
7 5 29 24 117379 0.9001435358814298
16 12 29 18 56448 1.0829466378524988
19 29 11 24 44853 1.044111988522865
28 0 8 22 106330 1.0060379794161707
26 15 24 0 40862 1.0562719442201272
10 16 20 29 73921 0.966610630658828
7 6 29 0 78122 1.056392611749116
6 16 16 12 36284 0.9344909956590096
0 22 8 14 42635 0.9971504067324857
21 23 10 2 87831 0.9474036824339995
25 2 28 20 51337 0.976978954957981
21 20 24 10 33750 1.0026516927116984
7 11 19 15 39933 1.0545559909441986
10 14 21 21 47285 1.0655858932286548
13 17 1 3 71081 0.9404362448328766
8 26 25 24 43717 0.977274279980054
19 20 0 22 63684 0.9513728828037789
29 1 8 1 66864 1.0457541992935357
5 7 19 15 57395 0.9203359094108519
8 21 23 22 53909 0.995815923336572
7 24 4 3 66464 1.0676424899704537
12 19 23 11 47912 0.9508023168872957
19 18 18 28 52776 1.093073190615871
10 24 24 3 95133 1.0081177048123509
25 29 27 4 70047 1.0443174415216439
10 3 28 18 94341 0.9617289450100368
20 5 1 16 82443 1.0506946994512303
12 8 22 20 59950 0.9377807080544686
12 4 16 22 66925 1.061926221289829
28 9 7 12 64712 1.0722757357450572
20 20 0 12 73482 0.9220499830921366
28 8 25 17 41958 0.9484862073240855
21 27 5 29 54430 1.0096177087159348
29 24 15 6 98164 0.9312457285314653
22 7 11 12 40541 0.9463848756827058
14 3 1 3 37943 0.9149650376882591
27 20 18 0 72254 0.9602968774318719
2 25 19 10 84771 1.031781222020873
12 27 28 19 55175 0.9624841889725886
29 23 5 23 82394 1.0769039844553983
1 6 25 2 81335 1.06468562798956
10 25 29 17 76204 1.0384051735388384
14 0 6 2 29405 1.089013779146906
0 14 15 11 44860 1.0669810327507636
1 28 29 29 90178 0.9023335041303874
15 3 18 17 65942 1.0443574292434255
18 29 21 9 72866 0.9292101421954931
27 10 10 0 75265 1.03101574482734
19 10 11 5 46909 0.9691318066450143
21 17 19 27 36992 1.005821816301343
5 5 19 23 99322 0.974263978323089
15 9 28 20 64251 1.0376212317768345
12 13 8 4 39778 1.061192160735519
29 0 15 11 66092 0.9659068789755175
18 23 6 17 61351 1.0570130195607612
13 25 15 6 81104 0.9102341685847378
20 12 1 7 57889 1.0135933337705108
23 16 2 26 70419 0.9669022994367907
3 13 22 8 61805 1.047638262327446
2 14 23 5 65853 1.0341513302597443
8 27 22 12 75610 1.0134726764854336
2 28 15 17 71873 1.056386850146761
12 10 13 26 51944 0.9115070440056695
25 13 11 14 41377 0.9804484710072879
25 17 2 6 83167 1.0172448285245834
13 7 14 17 43468 1.0513057133172468
10 2 11 20 63234 1.0061214385226418
26 24 12 0 98620 1.0216910692084489
17 3 3 22 79358 0.9373968617410454
9 22 3 16 34554 1.086276889109652
25 14 18 24 52754 1.073643308069518
29 9 29 19 58438 0.9955478205283171
22 2 7 17 81394 1.0679710133946663
9 1 20 15 73510 0.9340197580950905
1 29 28 7 126127 1.064364006034461
8 1 9 25 85690 1.0305910352531056
1 1 4 20 51974 1.0034827213401671
14 4 20 29 105299 0.9824896315407811
0 22 15 26 44617 1.0343955449577733
3 13 17 14 40753 0.9087245082932888
9 3 21 8 46305 1.0995738777620938
4 16 4 6 29659 0.9973790774790211
4 9 17 24 80855 1.0847781108410324
4 25 29 4 119357 1.0789690409201862
23 21 9 26 42586 1.075593153797145
27 27 11 23 52742 1.034635301621059
8 18 0 29 50610 1.0710597788994642
22 14 11 20 46036 0.9427195622098733
26 23 10 3 94001 1.018032891441731
10 9 6 27 67517 0.9964000762673563
26 23 17 8 75640 0.9100828628479732
24 9 15 21 57535 1.0655039009945206
3 10 4 0 24875 0.9383778994432679
11 0 28 0 46770 1.0790020916203809
23 0 3 28 106839 1.0943926520822558
14 8 5 27 80740 1.0520692622299594
4 29 28 28 79071 1.0015130148867115
29 23 26 12 48002 0.9896702860292604
15 21 24 20 29531 1.0815731595344071
9 19 1 0 61914 1.0913670211353752
14 24 27 2 97735 1.0403787962287314
17 6 20 18 61579 1.0858691368569442
27 20 23 5 44693 0.9842078084642389
13 12 7 1 51828 1.0665089502930643
23 28 22 1 71807 0.9241602772950027
27 12 10 18 60378 1.0811194067483223
0 3 21 6 68534 0.9598331379206582
27 17 18 19 42271 1.0534164006923614
7 20 18 21 37616 0.9965514016729045
13 16 4 14 33741 0.9727819813150897
27 28 24 14 46880 1.0445577101028192
25 14 8 24 73829 0.906588351717369
1 19 13 3 67143 1.0368465593730876
3 21 27 25 70544 1.0498579340550547
7 28 14 0 101324 0.9579486063419482
5 28 23 2 106331 0.986779250965643
8 14 10 24 48591 0.9114180464861773
6 11 17 23 71049 1.015472637238043
11 7 26 25 86745 0.9387830916406839
28 5 22 28 72678 1.0903380985044102
6 26 3 10 37206 0.9937845528202155
26 5 9 15 67037 1.0412387555397846
9 28 1 24 33229 1.0221884430520305
0 4 13 8 59120 1.0118972429082413
7 11 14 17 39517 0.9956147107015834
0 19 22 25 72896 0.9462338871278535
8 9 20 14 45843 0.9036496891893364
1 15 15 8 60318 1.0352877668305487
24 27 1 1 112784 0.938684084043579
15 29 27 21 54431 0.9940615216376086
13 10 27 3 67546 1.0853331136596784
18 14 11 2 58143 0.9387964802652534
11 5 28 17 83563 1.0611351134306841
7 27 4 6 58777 0.9503147612158436
10 11 23 11 35255 0.9625937664183606
24 28 12 0 103163 1.094876039467521
13 9 27 24 87366 0.9884208633638489
19 23 3 3 100224 1.0502295146665455
13 2 25 25 88997 0.9954452757684997
14 29 3 1 90389 1.0314123934010293
6 9 26 12 55842 1.0275763577886239
7 13 22 22 68039 0.9561136214234476
27 7 21 21 56080 1.014135180285763
23 17 2 18 65951 0.9242236741380329
5 1 22 21 103014 0.9598455870853593
7 25 27 17 79779 1.0527377144900447
11 29 1 19 54652 1.0834276930404287
29 20 26 29 37459 0.9680210660301202
17 3 1 16 76613 1.059872819927279
10 28 19 20 50271 0.9952218401893468
12 20 29 8 88824 0.9479036971607385
20 17 13 10 51363 1.059463234433521
15 10 9 27 72096 0.9648957616325864
20 9 4 18 71805 0.9633539027434895
27 7 14 5 51843 1.0312335360712017
9 10 7 22 51090 0.9807893689868457
27 24 22 6 65030 0.9426281179679581
28 17 5 2 104384 1.0111322074165003
5 27 20 1 116863 0.9082045944625341
15 6 26 13 56134 0.9512579345546751
10 14 25 18 48715 1.014138002626278
17 27 11 18 44990 0.9634384250806889
20 19 24 26 28658 1.077661806314772
5 17 5 2 49925 1.0571971045622086
22 9 28 20 44246 1.0564422536029643
7 5 28 2 71580 0.9184330317581039
3 22 25 26 56096 1.0507451122277458
12 2 2 4 36300 1.0353895989086639
22 18 23 27 28339 0.9728905382009296
29 5 23 17 46278 0.9507327466513126
29 26 21 20 31076 0.9756703606613841
22 27 29 4 81581 0.9812799944264086
10 22 8 1 82955 0.9672358546710215
24 25 20 12 46263 1.010554675778804
15 2 22 5 30463 0.9632540210388032
0 1 9 2 34209 1.0446175534129627
5 14 23 28 76108 1.0931783588337474
2 24 27 16 90983 1.0411565239302363
22 14 29 7 45104 1.0349493685072375
15 0 26 2 37323 0.9980120954637409
24 5 18 21 57228 1.0864169749209187
11 22 24 22 54827 0.9676243651826992
14 14 15 1 59773 0.9962848117918425
8 24 4 13 45224 0.9556952555226773
18 13 27 6 46978 0.963316295249031
23 8 14 7 47694 1.0260907974667275
0 17 0 5 46848 1.0399755592090387
29 9 26 26 62523 0.9353345869109195
22 27 2 2 100694 1.037373604567151
0 28 6 20 34787 0.9018337942298637
26 3 28 14 37826 0.9467050710684947
21 24 14 6 77986 0.9098064015985894
15 7 1 11 62210 1.0825584408285338
3 13 29 20 81552 1.0939186892729418
23 4 28 15 38670 1.024801870203056
11 6 0 23 77967 0.9683880850652369
2 6 27 11 83238 0.911709504096189
8 28 20 13 77862 1.019533628376512
11 25 22 13 66259 1.0376067481792124
9 4 14 25 90498 1.0980089567777251
9 29 20 14 76618 1.0668779286737355
19 23 15 2 90944 1.0716638759630202
24 23 20 6 61062 1.015942100649706
10 3 0 11 52632 1.0345485006268866
29 17 8 17 74029 0.9241945076144793
11 4 22 1 45297 0.9212573761315617
19 27 26 2 81501 1.0369945934007376
6 22 19 27 49183 1.03844678986023
8 17 16 24 51431 0.909084037764663
17 18 7 21 40818 0.992785688602478
2 20 19 23 69867 0.9896079446893785
27 0 1 26 114228 1.0032823988833033
7 13 28 17 72728 1.032617855994026
17 5 29 11 58739 1.089588832883831
19 28 23 11 58642 0.9287903234615785
6 3 13 25 84552 1.0281258548050958
10 29 17 4 105489 1.0424405451502259
18 12 2 24 67263 1.0530765989571482
4 8 2 28 52672 0.94602018528403
17 8 4 21 75066 1.0739526448476728
1 17 23 16 69987 1.0314636393371652
9 7 0 12 40296 0.9981594962917525
23 2 9 18 77380 0.9449622516076817
26 8 19 2 41870 1.074948197222422
7 21 25 22 60409 0.9563308768879472
15 11 22 2 51281 1.0654931977676891
16 22 23 29 37012 1.0820984679514294
2 9 22 26 80393 0.998036517273895
24 21 6 16 63319 0.9880977997428142
16 5 27 25 86451 1.0902463755093428
0 20 20 13 70092 1.010635373981821
11 2 4 18 62143 0.9867640816063119
27 16 20 23 48567 1.0693800965342022
0 24 13 10 67255 0.9971251206015102
27 10 15 4 59401 1.0097223705005942
7 26 19 15 61209 0.9434695849694056
13 12 11 2 37697 1.0641884640761687
9 27 4 9 55070 1.0341083607806973
29 27 1 16 94857 1.0314883837593012
9 14 21 7 48657 0.9602880934767679
26 9 15 25 73556 0.9624233151007044
15 16 20 7 50702 1.0721929070637497
10 25 21 5 88606 0.9010016889965028
3 4 23 22 90857 1.0945652203813847
6 10 15 3 46373 0.9377524302306303
9 21 28 16 74603 0.9647281645237898
10 21 7 6 62769 0.9145329835766364
25 22 25 9 30694 0.9210302604284453
3 24 18 26 34491 0.903294482559674
15 2 7 24 97482 0.9817738836039629
3 18 11 5 55773 0.9762820922557344
23 5 0 26 94133 1.0683720262325518
26 12 0 6 81386 0.9936735763680211
11 17 16 29 49674 1.0856274091951938
0 10 26 3 91570 1.0048193670579646
0 18 22 28 78933 0.9451972755140261
5 7 8 23 59396 1.0621537282836133
12 23 12 8 47718 0.9467368780096189
25 27 14 21 46580 0.9006015686379599
7 21 1 7 48587 0.9135324094157214
14 7 4 23 75387 0.9426012008639871
21 25 7 17 67292 0.9901031332955876
4 7 25 13 68128 1.066041374760381
21 1 4 6 64437 0.9040042387609434
15 2 29 18 89242 1.0416145051034458
28 15 24 24 32226 1.0599878401142644
0 7 7 2 34757 1.0372362557627048
0 16 29 26 90969 0.9283164259941876
8 0 25 27 109898 1.0129239516318527
9 26 12 6 68606 1.0370186593096866
16 9 12 29 72690 0.9096684562543281
18 4 28 4 43022 0.9690509006339
2 0 26 14 87140 1.0115184283177214
12 7 19 25 78578 0.9820824683798552
12 12 24 8 39183 0.9126322606154406
10 4 1 0 34335 1.0287925541287268
13 23 15 9 64188 1.066444625171612
4 29 20 4 113191 1.0153760046342497
28 24 4 12 94557 1.0545543527541772
4 28 4 14 39479 0.9834763626063607
8 28 1 20 36967 0.9648142817457217
11 4 10 29 88754 0.9514259378364031
16 3 0 17 78039 1.0795223553030038
12 19 10 29 36696 1.0102385246139651
15 6 0 27 92427 0.9973568074433802
4 18 6 4 44640 1.0643550804137054
18 4 29 10 57442 1.0847837746664304
1 23 21 26 57976 1.0090322500106617
11 15 6 9 32075 0.9939486389999519
24 29 5 6 108035 0.9217647452727603
5 7 12 3 32841 0.9132719781031003
15 28 28 7 90375 1.0499702979475372
20 12 7 28 83051 0.9281021452305797
6 29 24 10 88894 1.080929474710692
24 28 6 13 83471 0.9823215583236569
3 29 13 13 61447 0.9112717151011308
4 5 3 20 33385 1.0431671090943544
7 13 12 28 60867 0.950957309878236
20 6 12 28 85940 0.9571113239471882
11 8 3 26 66798 1.0148204994085728
23 9 29 1 41968 1.0887413302519717
10 9 26 24 82023 1.0020968827380707
9 22 9 10 52831 0.9801059922984297
27 11 17 16 47181 1.0699208113068375
22 23 28 14 42538 1.0746923960941237
8 24 13 18 36676 0.9494733228608321
19 26 7 25 32494 1.038516080364887
25 6 21 21 48303 1.0644734922167765
9 5 15 16 55635 1.0014247254832267
9 12 17 27 63874 1.031962597639314
28 1 24 9 40625 1.0564762695226313
2 5 14 14 50577 0.9433268141443693
20 9 6 14 56410 1.0915902070634338
17 2 12 15 57279 0.979452312415606
14 22 7 15 43312 0.9574084578761016
13 18 13 0 64361 0.912085665237355
8 23 23 9 77415 1.0143887952716208
20 9 12 7 48938 1.0553036453141538
21 3 28 17 58315 0.9965524791207148
23 7 28 18 47566 0.9927148607062403
11 16 9 1 61673 0.9100749369095057
8 12 27 6 64498 0.9127830789464001
8 28 19 8 103097 0.9198370038976684
29 1 22 29 96220 0.9574352669336612
4 14 11 2 51942 0.9001025868376303
24 23 9 14 64329 0.9765835090068647
2 28 21 16 76858 1.0372672147672255
24 14 11 16 37678 1.058848053708753
17 20 4 15 53076 0.9741755168230898
17 28 26 1 95027 1.024459071736901
25 7 8 4 59807 0.9840498716699612
16 16 13 2 57013 0.9475232691174547
29 19 7 10 81050 0.9116331938569998
16 19 9 16 36560 1.0133856748114072
15 15 1 18 47302 0.9863746699415646
14 27 0 8 82467 0.9338841609548274
12 19 27 10 64674 0.9400617178534677
17 20 21 6 50752 1.074097350501474
13 12 1 24 59023 1.0199317939633348
11 17 28 1 90118 0.9828153292835923
14 11 9 26 59407 1.0518530763094958
26 20 16 20 29116 1.0189264576014674
23 18 24 4 36862 1.05256307273505
7 5 19 21 86379 1.0189855267794474
1 21 14 13 52838 1.0903730891841739
16 15 26 28 57771 0.9350817014935066
21 29 17 23 41708 1.0831359080864578
3 13 25 4 70934 0.9121426710787086
23 4 18 21 57386 1.0735800760257548
13 23 12 11 44216 1.0713431049599564
26 29 11 9 94516 1.0670194633748815
25 18 29 29 45170 1.0209942001674392
18 4 25 26 76309 0.9142404668650451
10 10 0 4 52640 0.9513982746387983
2 16 24 24 77775 1.0917199593084532
7 28 28 28 68231 1.0954981841929043
21 15 28 11 32739 1.0174368037375041
22 29 10 20 57395 1.073848344563343
16 6 3 16 61273 1.0063594058097558
28 5 23 21 53567 0.998775878819292
27 6 18 14 48451 1.0108136203749318
6 10 12 21 46562 0.9288895514082931
28 7 8 7 81866 0.9557791661678989
13 3 12 13 34871 1.037589585369506
16 14 28 1 67925 1.033394063148787
23 10 2 5 67993 0.9886234480156955
8 8 11 1 35198 1.0997896001333292
24 22 14 19 40258 1.036954546893795
18 9 28 26 73727 0.98294276701503
28 13 7 26 81933 1.0440434246807988
7 20 16 6 73329 1.0092147701451262
23 20 8 24 57378 1.0726029400449462
16 21 5 3 80666 1.0162483125101116
13 29 28 13 84782 1.0528706480260177
2 29 4 21 28251 0.9453984788387855
11 17 22 22 52868 1.0267311255889568
9 18 23 19 54516 1.05172077221081
5 16 14 18 44986 0.9572472876808238
22 16 3 23 70867 0.9540430203221093
20 5 25 25 59369 1.0273918499301065
2 4 26 9 87582 0.9754079671511044
14 2 6 24 88462 1.0522495750832994
19 24 0 14 79754 0.9474901135909125
17 14 6 22 51273 0.9474369920155505
7 19 22 27 62958 1.079096569545389
0 8 23 20 91043 0.9290090674944634
7 1 4 18 55070 0.9277104906160545
29 4 16 9 65870 0.9204932233965755
4 20 27 14 75227 0.9306591588498271
25 24 14 4 83243 0.9593927341703248
9 9 3 2 43246 1.0348874504834817
1 23 20 14 77296 1.0718422992084333
0 9 15 14 55311 0.9989644808671294
28 1 18 20 79533 0.913945030396006
0 5 18 13 67927 0.9634427084440127
19 13 7 10 42902 1.0802936134093326
10 26 26 24 44250 0.9287977434581259
19 12 2 11 45147 1.0366012784948642
15 13 21 4 40146 1.0457870061579135
10 1 20 1 41104 1.0676320106127086
23 2 22 25 61516 0.947709864272371
24 25 13 10 75675 0.9848644929501706
0 20 12 24 46831 1.0065567833465565
15 12 23 23 46677 1.048476510735847
15 24 10 14 52061 0.9020555577743975
16 21 9 24 39399 0.939272915170829
3 3 25 26 95507 1.087937663538302
2 7 24 23 95727 0.931178006554662
23 15 18 27 45131 1.030031074502257
23 12 28 24 50372 0.9538663810461674
23 26 14 8 77484 1.0960914622136482
2 8 5 16 30965 0.9514144316272097
3 17 23 20 66349 0.9838280693350443
29 7 0 8 107196 0.9547961612441332
26 23 3 4 101145 1.0996924964808392
9 7 22 0 62438 1.0272439970963376
21 13 26 28 50247 0.9721354606355854
13 1 27 10 72031 0.977132007943983
1 18 8 11 36210 1.0323210514906545
17 27 29 4 94970 1.0980381979540124
21 29 4 28 58673 1.0164571735319332
1 23 22 3 103368 0.9924602172803983
10 12 18 15 25344 0.900269591373681
8 23 9 7 62644 1.0510983572835597
6 28 20 13 79836 0.9596385313986047
1 24 29 18 91619 1.025456180643073
26 23 27 6 58702 1.0542115312454627
18 7 29 4 53695 1.0858340430204103
10 6 23 20 75599 0.9747229518126528
9 2 25 14 74226 0.9547529070905716
21 22 12 29 39769 0.9988381117450349
14 13 4 15 34503 0.9002040834232717
0 14 14 29 71716 1.0000061479987905
17 11 25 7 37643 0.9740322695609818
9 16 12 23 35799 0.9004860337200841
25 16 23 25 27276 0.9492264720468628
3 27 27 15 80815 0.9940318233487414
15 2 19 14 58050 1.0373214674988955
26 10 3 25 86642 1.084332357792429
7 23 27 15 82492 1.0386069497623869
1 29 17 24 62438 1.0190338624189286
18 4 7 21 91418 0.9675818779161464
5 5 11 28 76940 1.0254630957436355
16 8 5 1 57537 0.9745113711867052
1 14 25 22 78756 1.0470264840646697
18 5 3 22 84021 1.0889893593208817
11 0 9 9 46969 1.0152411117973057
3 16 28 18 83260 0.9923950980556028
16 11 24 18 38426 1.0602131817300555
18 10 29 18 64464 1.0785934715133372
6 8 8 24 53896 0.9541985236849111
28 6 12 8 71662 0.9694989003951417
16 23 29 27 46749 0.9819165070512333
5 9 5 25 54307 0.9648632620528164
3 5 24 25 93872 1.0173144960722247
29 2 15 24 104422 0.9801850809788104
3 3 17 5 48467 0.9413555250495087
6 19 23 21 56635 0.9740417832873778
11 23 23 28 40234 1.0691011385598284
7 15 22 12 43149 1.041980502080234
19 26 5 11 69573 0.9620406804468353
0 28 29 6 127132 0.942257605485898
22 7 28 26 57709 1.0123946987188164
5 20 16 28 50306 1.001303505957852
10 11 17 17 40037 1.0781569508235875
9 16 5 3 51447 1.076228339266141
14 4 1 13 65761 1.022085087663053
2 23 21 26 53472 0.9264822804939645
20 26 16 12 51515 0.9622847457725374
6 18 22 15 48906 0.9591800731844151
15 3 20 28 94260 0.925972433108483
5 28 26 25 63012 1.0900207038408931
13 17 13 7 43632 0.9883532149622365
9 21 23 15 55263 0.9872973154384248
29 18 0 4 115670 0.9339146437118813
12 15 22 5 51495 0.9922815644151661
4 29 25 23 69046 0.931492265013508
9 22 11 4 75376 0.9007650658720884
17 18 0 12 61662 1.064347936454992
8 17 28 1 96077 0.9646400663946589
7 22 21 27 57032 1.0319623549006633
25 12 4 25 83812 1.0942262952024675
13 26 8 9 63428 0.953476954824711
23 19 18 2 58712 0.9523646790292812
10 13 9 2 46789 0.9284051616158224
3 12 11 2 46366 0.9968198464198889
21 11 4 23 73480 1.0098961489809017
4 3 14 7 44725 0.9908035263459293
9 3 17 24 89570 0.9863810602398917
7 17 28 17 73138 1.0951944406040832
7 29 28 20 75564 1.0084874890989473
5 21 20 8 83986 0.9382240273283446
22 9 8 27 86241 1.0015640648042665
24 16 14 29 63782 0.9958100793881361
10 5 25 24 87313 1.0010555433794068
29 5 22 26 69178 0.9356506834190657
6 3 13 16 57221 0.9186852430623745
18 12 16 29 64603 1.0701092851574807
14 6 26 26 89150 1.0854671289565887
16 21 20 1 79326 0.983087389799074
23 13 8 16 45692 0.9171608080239141
28 20 23 28 28030 1.074293332170162
28 2 26 20 57760 1.04518982301926
9 13 24 16 48887 1.0496870605370718
16 13 23 19 33364 0.9619481449073066
2 10 24 20 78099 1.0632058992755724
