1860 1787 1302 1374 1933 1452 1893 2192 1400 2135 1463 2039 1800 1530 1897 2184 1857 1450 1392 2038 1485 2008 2181 2108 1560 1472 1670 1995 1926
4220 4585 4139 4139 4450 4249 4620 3903 4510 4465 4426 4596 4678 4268 3969 4616 4509 3325 2998 3136 3825 3498 3421 3582 3469 3200 3333 2982 3748
4755 4407 5119 5051 5143 4566 5169 4745 5167 4997 4900 4802 5076 4938 5169 4340 4297 4470 5051 5119 4362 4182 4533 4173 4323 3868 3801 4089 3883
2251 1765 2073 1832 1735 1918 1903 2495 2139 2090 2546 2119 2041 2288 2441 1653 1913 2424 1976 1726 2434 2031 1893 2244 1833 6848 6662 6729 6648
3419 3536 3420 2997 2666 2850 2753 3349 3306 3142 3033 3553 3143 3122 3127 3387 3034 3051 2805 3437 2969 3322 2645 3318 3002 1442 1328 1305 1219
8186 8619 8235 8485 8123 7962 7868 7835 7807 2196 2324 2266 2157 2090 2103 1816 2577 1842 1819 2603 2366 2602 1785 2566 1746 2234 2449 1819 1808
4346 3939 4284 4004 3910 4375 3659 3718 3541 4030 4339 4114 3560 3533 7334 7320 6852 6456 6612 7016 7139 6974 7314 6540 6670 6751 6803 6531 7054
5254 5351 4689 5175 5276 4903 5405 5417 5448 5355 4677 5262 5489 4958 5553 4807 4692 4785 4995 5096 5306 5461 1759 2041 1723 1670 1605 1566 1572
2518 2115 2504 2727 2295 1897 2682 1911 2611 2583 6982 7136 7329 6975 7734 7232 7707 7844 7328 7336 7555 7545 7443 7049 6966 7687 7614 7463 7690
5886 5402 5521 5389 5892 5286 5992 5657 5910 5272 5253 5703 5942 5681 5283 5339 5445 4791 5116 4699 5366 5510 4863 4848 5112 4699 5364 5208 5412
4376 4164 4422 3713 4370 4251 3887 3696 3780 3845 4411 4345 3738 3963 3888 3752 3920 4104 1901 2526 1621 2036 1686 2253 2288 2504 2092 2261 2429
6050 5329 5537 6076 6193 5968 5897 5756 5567 5714 5326 5319 5934 5547 2289 2233 2091 1704 2166 1693 1566 2170 2412 2399 1571 2343 2171 1904 2033
5364 6771 6509 7339 6750 6451 7014 6875 6883 6693 7073 7107 6580 7140 7195 6468 6613 6979 6752 6508 7311 7230 6977 6493 6832 6494 6822 6913 6747
8705 8673 8382 8455 8178 8733 8026 8895 8693 8739 7987 8019 8340 8655 8077 8869 8567 8510 8337 8398 8305 8211 8708 8826 8004 7982 8032 8773 8470
3198 2897 3599 3303 3457 5617 5179 4995 5242 4872 5353 5560 5141 5242 4781 4981 5521 4926 5477 5534 5412 5387 4946 5307 4862 5435 4958 5007 4879
5657 6269 5723 6258 5964 6186 6192 6347 5906 5556 5598 6205 6099 5686 6218 5668 6056 6282 5840 6432 5760 5775 5703 5701 6059 6297 6176 2445 2060
5053 4703 4614 5350 5202 5304 4602 4869 4691 4817 5197 5229 5180 5276 5109 5205 5306 7733 8247 8186 7976 7929 8098 7973 8071 8130 8384 7717 7663
3783 4289 4444 3909 4198 4113 6061 6386 5934 6504 6451 6289 6033 5960 6626 6643 6328 6085 6570 6539 6585 6275 6344 6286 6129 5896 5817 6039 6399
7454 7838 7903 7810 7317 8098 8026 7583 2109 1780 1471 1549 1785 1630 1660 2155 2156 2104 1680 1424 1402 2043 1774 2113 1848 1598 1733 2252 1604
7189 6839 1186 1184 1154 1548 1329 1287 1472 1188 1314 1367 1394 1121 1051 1910 1638 1907 1282 1163 1372 1359 1608 1655 1864 1150 1829 1187 1854
6045 5730 5517 5951 6033 5966 6239 5675 5440 5689 5388 5660 5728 5550 6246 5598 5690 5568 5625 5795 5609 2987 3540 3606 3448 3257 3722 3002 3321
2518 2688 2800 3030 2877 2488 2364 2794 2405 2707 3212 2365 4394 4087 4143 4166 3942 4229 4124 4389 3965 3683 3947 4367 4247 4265 3794 4408 4385
5694 5618 5670 5376 5293 5366 5640 5005 4930 5138 4865 5568 5198 5049 5365 7298 7108 7265 7224 6859 7321 7344 7303 7159 7385 6938 7080 7350 7560
7371 7053 7480 7176 7742 7592 7344 7126 7430 7896 7681 7909 7209 7477 3205 2666 2786 3135 2671 2680 2879 2769 2732 2893 2870 2825 3086 2637 2701
5602 5903 6116 6378 6445 6401 5645 5652 5966 6515 2202 2825 2251 2487 2180 2287 2040 2751 2451 2434 2493 2170 2578 2220 2825 2238 2657 1978 2137
8613 8196 8743 8066 8160 8128 8364 8765 8068 8435 8638 8599 8190 8751 8902 8272 8820 8133 8463 8630 8266 5396 5141 5201 5353 5475 5202 5240 4821
4788 4147 4736 4370 4630 4823 4922 4606 7974 8288 7755 7847 8246 7965 7553 7879 7982 8355 8392 8231 8074 8331 8012 7622 7712 7565 8258 8001 7618
4047 3607 4026 3709 3877 3796 4138 3706 4364 4211 4064 3705 4209 4187 3575 4245 3614 4181 3825 3676 4279 4301 3680 8329 8157 8366 8431 8397 8442
3774 3877 3636 3250 3491 3853 3651 3197 7113 6787 6868 6763 7122 7343 6766 7453 7062 6680 7353 7289 7157 7354 7355 7426 6997 7438 7350 7055 7035
7387 7371 7176 7731 7309 7856 7236 7512 7396 8054 7986 7321 7559 7955 2855 2891 2236 2179 2762 2270 2290 3033 2978 2393 2478 2950 2518 2998 2225
7813 4293 4421 3268 1672 4236 6269 4636 4688 8269 6666 3633 5674 7978 7056 8059 1290 6370 6886 7027 4574 3722 7293 5738 5128 2470 7943 6238 1464 2863
8074 4556 4554 3040 1508 3999 6310 4905 6027 7522 6934 3342 6400 8300 7572 7317 1592 6084 6684 5795 4513 3753 7802 7091 5680 2289 8030 5740 1769 3322
8222 4833 6678 2813 1731 4312 5858 5083 5891 7957 6451 4024 5838 8189 7838 7586 1355 6248 6586 5778 4975 4631 7190 6631 5512 2528 7489 6051 1621 3197
8078 4736 5972 2630 1508 4052 6019 5131 5654 7835 7110 3567 6347 7592 4444 7775 1298 6396 7283 5556 4346 4493 7570 6370 5753 4387 7506 6081 2302 2890
8533 4406 5889 3201 2040 4104 5541 4861 5354 8261 7337 3197 6362 8294 5036 8090 1775 6746 6741 5544 4357 4297 7428 6424 5531 4300 7502 5808 1541 2980
8162 4639 6485 3161 1863 4079 6184 4696 6115 8013 6644 3446 6149 7555 5140 7542 1558 6859 7377 5950 4307 4344 4894 6505 5169 4405 7532 5766 1965 3155
8280 5008 6128 3360 1943 4662 5868 4522 5751 8262 6849 6305 6150 8222 4505 7777 2081 6761 6814 5116 5214 4650 5381 7068 5440 4824 7964 6293 2060 3079
8478 4756 6566 2591 1845 4529 6271 4885 5477 7871 5471 6267 6052 7602 4498 7535 1447 6494 6549 5316 4505 4126 4745 6463 2830 4021 7532 6347 2076 3623
8552 4833 6552 2713 1662 4237 6146 4390 5526 7370 4617 5971 6563 7622 4454 7701 2142 6690 6587 5057 4537 4360 4969 7240 2424 4879 8269 5761 2868 3548
7782 4828 6634 2297 2053 4013 5521 5093 5905 8023 4752 6011 4700 8198 5178 7307 2121 6566 7058 5936 4798 4790 4693 6409 2983 4075 7653 6037 2821 3392
8131 4819 6620 2852 2249 4109 5783 5197 5312 7368 5085 6172 4278 7854 5070 7697 7185 6316 7047 5635 4801 5000 5376 7066 2656 4284 8013 6303 2595 2857
4222 4813 6307 2423 1501 4448 5946 5078 5683 7698 4957 6078 4701 7942 4566 7299 7375 6535 7060 5106 4678 4939 5380 6494 2774 4386 8079 5840 2797 2964
3626 4575 5838 2849 1459 2801 5999 4690 5522 8053 4648 5649 4393 8088 4600 7742 7440 6915 6598 5465 5127 4768 5321 6652 2289 4875 7592 5768 2691 3642
3775 4313 6642 2718 2133 3117 6356 4997 5286 7834 5061 5705 4738 7740 4464 7450 8021 6624 6886 5867 5066 4307 4697 7070 2921 4273 7665 6123 2484 3142
3728 4836 5789 2477 1564 2736 5952 4459 5717 7658 4646 5545 4478 8218 5204 7723 7685 6079 6759 5182 4909 4412 4726 6776 2933 4570 7798 5542 2376 3109
3944 4528 6079 2790 2068 2863 6214 5185 5877 7658 4665 5723 4021 7794 4738 7456 7804 6422 7073 5794 4974 4141 4791 7213 2628 4673 7718 6153 2703 2851
3683 4252 6636 2218 2098 2721 5679 4489 5520 7371 4608 5687 3885 8012 4663 7482 7558 6380 7100 5286 4849 4224 5144 7188 2984 4471 8210 5829 2070 2839
3777 4295 6702 2663 2256 3270 8144 4427 5915 7614 5404 5896 4269 7562 4472 7410 7967 6229 6906 5817 4792 4324 4884 6493 2668 4095 8355 5997 2682 3206
3594 4856 6377 2677 1430 2925 7683 4900 5289 7811 5378 6117 4013 8283 4934 7296 7244 6874 6526 5062 4962 4706 5070 6416 2625 4049 7538 5872 2214 3027
4217 4557 6516 2924 1518 3180 7769 4380 5829 7500 5454 5719 4495 7993 4408 7737 7728 6833 7065 5196 4835 4699 4915 6719 2838 4819 8058 5860 2295 3026
4222 4338 5914 2853 1980 3115 7985 5004 5745 8137 4931 6053 4626 7630 4985 8030 8029 6258 6869 5480 4559 4774 5158 6373 2259 4221 8046 6352 2494 3548
4130 4727 6057 2511 2235 2668 8468 4908 5351 7814 5148 5548 4282 7616 5135 8284 7340 6501 7270 5178 4554 4916 5421 6680 2791 4839 8039 6198 2343 6369
4334 5016 6591 2526 2239 2888 7814 4580 6034 7775 4704 6093 4333 8433 4616 8352 7975 6494 7280 5229 5062 4290 4938 6774 2497 4197 8261 6036 2857 5821
4308 5269 6446 2919 1555 2776 8394 4648 5494 7681 4981 5719 3923 7650 4977 8394 7984 6449 7029 5917 5124 4926 5581 6407 2744 4658 8193 6001 2857 6414
4233 5268 6311 2624 1607 2787 7819 4793 5856 7842 5175 5992 4419 7723 4689 8257 7361 6799 6636 5244 4977 4439 5304 6747 2601 4045 7816 5950 2139 6217
3716 5188 6319 2219 2135 2525 7865 4364 5621 7920 5105 6316 4388 4896 4655 8287 8056 2763 6790 5792 5130 4134 4932 7134 2965 4318 4547 5869 2773 6675
3576 5048 6091 2697 2003 3296 8252 4411 5565 7802 5313 5965 4535 5141 5078 8040 7790 2951 6302 5724 4855 4916 5448 7013 2744 4289 4523 3622 2601 5789
3989 5156 5792 2435 2166 2708 7726 7076 5804 7822 4996 6221 4412 5051 4481 8168 7590 3256 6316 5743 4925 5018 5378 6465 2658 4427 3895 3764 2286 6579
3538 4893 6021 2708 4693 2675 8038 7459 5814 1541 4976 6127 3916 4521 4778 8128 7405 2755 5940 5394 4761 4805 5121 6937 2477 4529 3983 3409 2259 6158
27 8 8 9 62658 1.0889254160666368
8 1 16 23 72188 1.0064776419140162
19 2 1 22 74313 1.0964739796956608
18 0 9 2 42438 1.0606392696753728
1 22 14 18 63625 0.9168372186377767
27 24 7 19 72348 1.053349383520544
3 3 4 26 51503 0.9618692577138186
2 12 10 8 51245 0.9762137191934708
27 27 17 17 56180 0.9876757074126294
26 7 3 0 65237 1.0962785727311823
23 7 1 12 75479 0.9656280946530884
15 29 16 13 49868 0.9443261332193118
26 28 1 23 74031 0.9435535642844927
5 7 15 2 42988 1.0883183654017332
16 14 28 20 67041 0.961419997331501
12 19 16 13 44437 1.0117705526820044
12 5 17 29 59964 1.0372835864859202
27 13 17 5 54910 1.0155411323022203
26 18 16 25 53940 0.9861149472585924
18 11 1 8 61568 1.026572324362308
10 16 11 1 65044 0.9494210656518391
5 0 21 12 68776 0.9540741017407584
20 2 24 24 50134 1.0762201020353033
14 15 0 24 61296 0.9044892663583158
4 5 17 26 73375 1.0597733618843537
12 27 28 26 58536 1.0252488291021244
1 5 18 5 41143 1.058461301685049
13 1 21 21 56498 1.0785379588283264
20 4 28 8 30112 0.9276906856130379
5 14 28 3 78463 0.9673647639017364
18 21 14 7 47632 0.9364420285979153
5 9 3 25 36499 1.0419739577750298
0 19 19 21 70268 0.9935376850805901
10 3 23 15 55994 0.9697380837433892
18 28 25 8 65354 0.9562183797489656
26 13 2 22 115434 0.9524979693383405
19 10 23 4 15950 1.0877107406015651
0 5 10 19 46569 0.9741694475267746
4 25 19 1 83376 1.0286407774376043
19 15 18 1 28290 1.0623904584538268
1 23 16 8 88843 1.0750884199599473
3 24 26 25 74320 0.944062907124819
3 9 14 20 57310 1.0337362049198193
15 23 3 29 43750 1.0329090040198707
14 3 26 0 44029 1.022770134392144
19 3 23 21 43360 1.0254345688141078
29 15 9 8 98376 0.9869611784938865
8 9 26 13 79057 0.9131551543288485
28 14 18 28 63880 1.0760786563999745
4 1 26 6 60839 0.9752122994188084
23 16 21 6 39950 1.0182959732046561
19 25 3 20 59006 1.058759787155001
26 20 9 4 75177 0.9123194001648876
8 29 16 19 56923 0.914696523888538
15 9 26 13 63795 1.0680574443445712
10 9 4 18 45151 0.9040779402091452
16 24 28 10 73012 1.0781746012301594
4 1 15 14 70077 0.9131281376640339
12 19 14 6 70803 0.9863871992196536
4 26 22 5 80534 0.954741703747076
1 17 14 18 51402 1.022126018953104
18 13 1 6 58067 0.9832119558166447
5 16 25 17 90899 0.9198666707815334
3 9 23 17 80837 0.9776820588235006
25 7 2 25 105364 0.9346171212719168
0 1 23 14 71364 0.9327359884186658
23 27 24 3 61259 0.9681979476836493
11 10 3 20 49643 1.0947388720864824
3 16 17 11 64546 0.9222534441523652
22 6 11 25 64687 0.9693796713598293
11 6 4 25 75547 0.9391883105432957
25 28 28 14 51528 1.0683133633384476
12 4 23 7 33723 0.9108879858872846
2 1 17 11 60898 1.0140994472339524
7 1 23 20 73710 0.9450412470326185
10 28 23 23 41920 0.9739329811460304
15 18 3 5 74338 0.9648211803384374
20 4 29 21 64615 1.027614483588405
21 13 15 17 43416 1.0874145776324822
28 3 6 14 82800 1.0001999003020166
8 15 0 8 34076 1.0987590507059193
22 18 6 11 91789 1.0037383247974518
29 25 10 9 93913 1.0040934447818586
5 27 2 12 41923 0.9416493253356918
29 25 27 5 74004 0.978896908830562
26 20 19 12 45707 0.9213518450883701
4 17 16 1 67843 0.9167875716838484
10 12 4 29 53858 0.9306193638017095
17 6 2 5 40344 1.0826552916174577
5 13 14 17 44708 1.0564932537782252
15 21 9 9 63719 0.9716890999452306
9 1 21 17 63516 0.9252220335596203
29 9 22 17 58132 0.9572113201695949
0 28 27 1 103862 1.074387827540607
1 7 28 22 109682 1.0383320101473406
9 0 21 28 77476 1.0875563119325085
23 20 29 4 63266 1.0770177870240711
17 5 13 14 46669 1.0557847551180046
17 25 8 16 49624 1.0287182477260348
1 19 25 27 85513 1.0606348429777508
14 6 8 28 80940 1.06927528350017
16 20 11 10 59056 1.015207643523644
2 22 9 7 64185 1.0023714810332984
24 29 16 1 67191 0.9430326658068027
18 29 6 4 62228 0.9383675470392439
8 28 18 28 26087 0.9225133152307868
6 26 18 4 73621 0.9851129411630427
24 19 11 28 51071 0.9441920604831141
9 5 28 18 90715 0.9491558680982863
21 0 29 11 63314 0.9586044098785576
0 4 17 2 39250 0.9623629910791395
25 12 11 21 72341 1.0354562543928796
22 29 29 25 31903 1.0485080758285934
21 1 2 18 77178 1.0525388423690838
0 12 27 25 97201 0.9096105755940922
15 0 24 12 58459 0.9063745745630116
23 0 6 11 73903 0.9554218681086306
19 18 12 1 47783 0.939948974131873
23 25 19 18 21694 0.9389470877649371
2 22 15 4 66474 0.9287956170424935
11 3 11 17 58534 0.934077083550249
14 5 19 10 20851 1.0515557616460849
25 20 6 25 66829 0.9843641597754914
11 2 18 27 62045 1.0997686420052588
27 28 27 11 62600 1.0381371889174513
25 13 10 25 73709 0.9003596284618746
13 24 6 0 85712 0.9083903261307515
11 28 11 6 71230 1.0218497287925534
16 23 26 0 75679 1.0600489463093714
10 27 14 3 71741 1.0257302959984875
22 0 2 7 58975 1.0148281847350606
10 21 13 7 64455 0.9848701079585583
2 23 28 21 99747 0.9032466969334269
11 12 7 27 48095 0.951527656129895
25 0 8 18 109317 1.006070204847714
13 5 25 28 65124 1.0894426922300677
11 28 24 18 53522 0.9046529390350563
7 13 5 1 55532 1.0382873247858873
27 20 9 17 84723 0.9537316753715239
1 0 18 17 71617 1.0653280085661214
20 27 11 6 65492 0.963943069256085
18 11 7 23 55606 1.0997918040992465
9 12 0 18 40007 0.9353834928266715
29 20 23 10 46988 0.9769438464198579
13 0 17 22 60998 0.9241579625082413
25 10 1 8 85112 1.0224120947117452
20 25 7 14 66881 0.9381553624495317
4 8 29 9 80066 0.9956795109019704
5 13 19 14 64706 1.0658500425443957
0 18 10 20 32417 0.9282248615118046
28 10 6 24 102890 0.9848207055135186
0 28 3 6 47168 1.0003819018136244
27 1 20 6 35074 0.9047073077300133
20 27 23 1 60581 1.0454728843138636
17 4 4 18 58737 1.0860484971805862
11 11 8 20 43112 0.9102934409114525
26 2 13 3 37812 0.9261366806025407
11 26 12 8 63727 0.9088015065744803
5 23 23 2 92752 1.0541683684799752
20 6 0 29 84241 1.0885639162568348
15 18 16 27 48498 0.9375693521883356
17 20 8 23 46433 1.018193607868763
7 21 16 10 74309 0.985253249360188
3 6 12 3 25555 1.0753150595440975
27 15 4 17 105624 1.0333045433446049
28 13 17 1 70177 0.9206940801582721
9 13 26 14 85159 0.9792148030720693
24 16 18 11 36426 1.0397503239661647
3 20 19 15 70860 0.9940177814924644
2 13 16 6 61569 0.9808292191454737
5 0 3 8 30409 0.9331462118720559
23 26 11 18 50308 1.0625742877728412
5 10 25 7 83572 1.0048246146279955
16 16 11 21 45010 1.0668220251217932
29 10 3 25 120146 0.9856220170208374
2 0 6 21 59250 1.0117628255883242
16 22 10 10 62354 1.021103906225378
19 14 12 1 41277 0.9213424412446723
22 8 18 27 47530 0.9638558691115483
25 29 9 2 82244 1.0819985504040524
24 8 25 29 62508 1.0993543914084416
28 1 22 12 50197 1.0706685670010372
4 3 11 12 47070 1.0613189408807582
19 4 14 10 32679 0.9598999752414353
14 21 29 2 75649 1.0823922361268665
26 18 0 8 101793 0.9273950169097163
9 23 13 6 81236 1.0398766201970921
15 8 25 0 59458 1.0969854886185963
23 3 10 25 66450 0.9118456865732635
16 20 3 29 60433 1.0270792014075474
3 1 9 29 72283 0.9201375666015823
7 14 11 26 42687 1.0993536571497908
29 7 7 13 91243 0.934486678534502
9 6 26 21 85664 0.9398215778750211
4 2 26 28 86488 1.0616715697039063
16 21 4 4 64915 0.9973093381565046
17 8 5 16 70002 1.0294335783919268
3 17 18 13 60379 1.0665855798918935
23 16 2 6 77372 0.9313357393419432
26 11 4 12 99069 1.0272851651748551
28 29 21 14 60048 1.050464239607707
26 20 18 2 65113 0.9560908167346456
12 26 27 3 79474 0.9588550739727495
25 3 1 23 91758 1.0225281019870003
29 3 20 19 49554 0.9428321539871234
2 10 14 9 63477 0.9072121033356577
19 29 4 27 39102 0.9518628439705169
13 23 1 12 63877 0.9202836588316874
22 13 2 24 91808 0.9923579938987392
22 13 14 6 47750 1.0950512710350615
5 28 6 0 75829 0.995803168388801
10 4 13 26 75832 1.0859192724708253
15 0 20 19 52299 0.9761334496910542
17 1 24 16 56780 1.097151052623152
11 12 17 7 49404 0.9356954760200455
23 5 12 4 24939 1.0576424975467102
17 14 27 27 59137 1.0592669936953798
25 13 15 16 64820 1.0234323008270747
14 25 3 24 45211 1.0861073191353303
11 26 13 7 72450 1.0963017718057915
15 11 26 21 67409 0.9708386811150205
19 22 25 8 53847 0.9796723424866453
3 5 17 14 53966 0.9687324055672956
1 27 5 18 32204 1.0597914278047371
14 23 5 5 79514 0.9741233849026362
24 29 9 28 40416 0.9100897121466326
3 23 12 22 44800 1.0167878475665617
25 0 1 20 99351 1.03384088093445
18 7 11 27 56895 1.0833454361650345
15 1 26 3 39979 1.0099793487606525
0 21 17 7 75409 0.9917456404666491
5 17 10 25 34261 1.0986071651268277
27 24 5 8 94694 1.0267681964762907
2 24 6 18 34616 0.9175870227323818
27 5 25 16 57401 0.9999447400941089
3 29 27 0 104862 1.0677277452281604
6 9 1 14 36852 1.0081467781068878
10 21 8 13 38244 0.9613405772911651
4 4 25 9 72872 0.9554328633345692
21 14 1 4 55478 1.0217902444816445
25 0 28 27 95388 0.9117521887891095
11 22 9 7 53853 0.9016123544675307
5 4 24 19 74086 0.9314743155101374
13 14 27 10 73248 1.0841594611467809
5 19 1 6 38350 1.0883487892329125
0 8 21 28 80991 0.9319789332746183
12 4 7 19 62409 0.9880061136020715
2 23 12 29 40093 0.9499412843193362
12 7 24 1 58759 0.9784862650440164
4 16 17 24 50356 1.05782911043918
28 22 22 16 50032 0.9420757177619978
13 25 8 13 53232 1.0210424982022743
1 20 26 22 96345 1.0096382097060408
16 10 23 19 48431 0.9654643333852291
18 27 14 16 48350 0.9357386249442764
22 3 9 25 67999 1.0273028168327945
27 23 15 17 63964 1.067304591098804
28 28 5 12 90715 0.9740202735042808
2 26 8 12 54460 0.9803702150989069
6 23 16 9 78974 1.0474164971435558
8 6 1 14 43195 1.0363169693374399
8 3 15 17 66289 0.9261039069364981
8 22 2 12 46163 1.041089729889356
18 29 4 1 76084 1.016715980525227
3 27 4 17 33400 0.9436120472167252
3 7 13 28 68162 0.9294332975422942
0 0 12 5 34648 1.0928227284111016
3 26 2 4 52421 1.0521887444097322
4 24 3 15 24047 1.0200239049625868
3 7 17 21 67755 0.9093612322983117
3 8 20 13 57769 0.9142115722160431
20 13 4 11 68111 0.9772898687027068
9 0 1 22 69535 0.9002934332647018
28 14 10 4 72717 0.9668121102989904
1 14 26 19 104539 1.069356110375382
22 27 13 16 73350 1.068970800404088
15 2 27 12 62915 0.9128650330447506
18 21 22 9 40896 1.0559029916792697
1 1 25 17 93701 0.954183574490646
18 18 9 15 56313 0.9571178761443249
24 8 0 23 99812 1.000539737708937
5 7 15 26 85919 1.0788656017351461
3 11 23 19 86543 0.9997429078796629
27 17 23 6 58910 1.0944714894416696
23 18 12 6 69352 0.9429965954719113
18 1 20 27 52887 0.9843320373176514
23 6 12 27 76571 0.972059111604194
20 9 0 3 50247 0.9093155110103268
24 0 13 20 78983 1.072301379411155
12 4 8 13 42891 1.0818356939708724
0 11 14 8 56883 0.9932431131810205
18 19 4 9 69112 0.9458172883969611
15 27 23 2 65308 0.9649439141696778
25 25 25 14 35163 0.9186600164405507
9 28 28 25 62231 0.9485056205167812
2 13 7 28 47073 1.0735442889208593
0 13 25 24 82525 1.062698765671253
0 25 12 27 35963 1.0413263170950824
10 24 7 3 70366 1.01703724252025
1 29 19 7 75501 0.9829838123061897
21 7 12 18 71524 0.933171123611506
27 15 11 7 87620 0.9276751692193267
17 13 12 1 52122 1.0124307463693456
7 4 0 18 37490 0.9047653955433183
21 6 0 1 47909 1.0056251509342164
14 4 20 17 34022 1.096829136870904
10 12 9 27 48309 0.9582035092790063
21 8 6 5 42192 0.9442754098252699
10 19 21 20 49988 0.9852522226143001
14 6 10 14 52919 0.9497244890426763
12 19 22 29 57890 1.0401050543331867
23 5 1 9 63182 0.9104316386953349
11 25 12 7 65417 1.026154806646001
17 19 9 15 53306 0.963477127281731
19 23 9 3 49232 0.9486652633648077
12 28 1 15 53001 1.0768634729389377
5 15 26 26 85711 1.0139660412444982
28 2 11 1 55775 1.0111958585654965
6 16 7 27 33557 0.9764370381343773
20 12 9 24 49416 0.961119450103072
4 19 21 17 82989 1.0335419412870075
0 6 25 5 55462 0.9377444388185832
9 14 8 5 38880 0.9113675344228518
15 29 5 12 60615 1.0405745912485858
16 10 7 19 72558 1.0918655291186414
19 17 7 1 50348 1.085352755372828
4 15 15 16 52217 1.0284391931470507
21 23 1 0 85142 1.0134077217025559
7 25 27 0 93218 0.9883090133119394
5 0 19 5 50150 0.9473364091262423
22 4 16 15 38064 1.042344669101231
9 26 12 1 91762 1.045119088868887
3 22 29 26 80795 1.0149628262038095
26 7 22 25 69946 0.9065736494991946
11 0 14 7 38873 1.0719794079147111
17 21 11 16 36011 1.041422054542635
19 12 9 28 48923 1.0693219576973156
9 16 28 17 92641 0.9411510841962012
28 25 24 0 86519 1.0034022267174267
23 5 13 18 71163 0.9658521271153238
5 5 19 8 37568 0.9364924066719806
29 17 6 11 112231 1.094118911835811
29 27 8 4 82524 0.972807081454311
1 20 10 13 39573 1.090155824556589
16 12 17 21 28474 1.086687765367644
8 8 23 19 71303 1.098386739785398
0 11 27 1 73665 0.9242000340481381
24 9 9 20 87533 1.0783780373409226
13 0 25 16 75072 0.9715674973917273
26 13 24 24 38710 0.9138236605077814
13 3 6 22 71895 0.9973180360057491
16 12 17 21 28474 1.0728846058862782
17 18 4 1 71185 1.0117460998433503
25 15 16 18 61573 0.9131412859019988
26 5 29 29 79177 0.9713105823598034
22 9 3 0 61833 0.9621211246746767
20 3 3 4 33780 1.0680812972838607
24 4 7 14 69836 1.0816206829959936
2 25 25 18 87074 1.0457074964039859
10 28 24 17 58868 1.0651703202786853
9 3 2 15 45702 0.9800001235203141
28 21 9 26 74144 0.9886292120554919
13 20 0 28 48531 1.0135404517667204
3 5 20 16 55270 0.9094957936738212
27 12 3 21 109738 0.9681260510771337
27 20 19 13 49168 1.008754278322701
17 18 2 19 76929 1.042027554785017
21 7 27 3 23212 1.0717648434404305
18 9 26 7 40360 0.920810251951257
20 23 29 4 55314 0.970541444001004
11 19 17 7 65477 0.9723996864552764
11 20 1 21 43442 0.9179100674921713
6 27 26 13 95845 0.9390227265642157
26 21 14 13 70823 1.0060458278942843
4 17 15 18 52441 1.0783420312142187
23 23 5 10 79908 0.9220333579431126
27 28 13 25 49362 0.9356693577273283
27 17 20 11 44714 1.0049595005480358
23 28 5 10 82649 0.9331351555391042
7 16 4 6 32851 1.0263003367062886
2 21 5 6 48341 1.0257003186817992
28 0 1 7 76472 1.0784589443732624
8 19 3 13 32075 0.9205055295015772
3 9 12 12 51404 1.0743819463573299
9 0 4 11 45657 0.972674232832348
26 20 3 4 86038 1.080948942304513
20 10 29 1 46526 1.089892569150977
10 24 12 1 80700 1.0689912704994011
5 18 24 19 81204 0.9597913714563848
11 5 6 26 79469 1.0770600672967336
29 7 20 23 69075 0.9862277507697534
22 13 29 23 54084 1.0066579587041107
12 2 24 21 71897 1.0861512384393486
7 4 8 13 37271 0.9102989958192605
8 29 0 22 28903 0.9959007607456377
21 9 14 6 34916 0.9086706886515404
9 10 1 18 48802 1.0559971969283772
19 27 11 12 56801 0.9963180884766492
11 22 11 10 38038 1.0846110006497223
21 2 14 5 22201 0.9400825725281662
13 4 25 0 43088 0.9054133725835635
15 23 5 9 63622 0.9685633158273367
13 27 14 4 66740 0.9744943078752618
9 26 22 1 80402 1.0139884729893598
28 10 8 4 64833 1.0460007356850503
10 11 27 24 81100 0.9919838169954025
26 3 2 16 74034 1.0312844812955522
14 18 3 6 65661 0.9372786483167738
13 22 20 7 54517 1.0112693387928644
26 27 19 5 58754 0.9032935805559318
28 15 2 24 115020 0.950840182018621
15 27 0 9 70139 0.989554634596978
26 8 10 29 91306 1.0163781058753947
20 11 29 23 53513 0.9207765113937679
22 1 6 13 75322 1.0246446698054672
8 23 10 6 70748 1.078888925384453
19 3 28 16 67578 0.9603079769485472
13 18 12 7 65098 0.9029673801874858
14 14 1 9 63313 1.0912129562495891
18 10 16 2 26712 1.0026384073907102
2 10 27 15 103456 0.9594135838381803
22 24 24 0 63313 1.053209830912639
15 16 5 4 69970 1.0763209729242162
10 26 28 22 66336 0.9126621208120776
2 28 12 9 81445 0.9942627765963982
26 19 25 1 85865 1.0116031678879343
9 17 15 2 72873 1.0498815157942833
19 28 25 4 45283 0.9771535461554544
7 28 1 5 58159 1.0314615314491773
16 18 5 23 67707 0.9222604399486442
8 13 2 19 40201 0.9238679838978562
24 21 11 23 44318 1.0160280669447688
13 25 28 2 75416 0.9807196575620645
2 5 13 15 64826 0.9079219804085609
21 14 19 27 29181 1.0952439368696862
18 0 14 9 50422 1.010667638664535
18 0 7 27 85824 0.9807578810732542
8 18 11 5 66609 1.0511911627149109
14 5 29 23 69959 1.0263624113954963
17 19 7 26 48056 1.0417370533388643
16 22 1 11 73232 0.9876440551108779
8 0 14 11 55636 0.9606570690990912
23 14 4 22 88307 1.0860485308148669
3 27 24 11 91303 0.950931996216811
19 11 10 22 47244 0.9577861359060926
12 10 20 28 61850 1.0536916496020357
7 11 1 4 34580 0.9709589597988278
11 21 2 25 40041 1.094675990669562
4 23 20 0 94563 0.9364691745221407
12 11 27 8 78352 1.092021676683156
2 17 20 21 71920 0.9826636734251801
20 21 22 4 33929 0.9625216884079031
4 12 13 25 57412 1.0346549004953818
13 26 5 4 82855 0.950382584467149
29 7 4 25 110059 0.9913964385756303
19 13 3 5 43460 0.9291812340157626
2 26 19 3 81094 1.0315092618868738
8 16 23 13 80232 1.044435272725148
18 12 13 29 45123 1.0941388570638801
9 25 18 12 50142 0.9411361210549152
28 2 24 26 70635 1.0062265058600104
28 16 3 14 114098 0.9662242378690507
16 2 21 21 46326 0.918052445893962
28 26 9 27 65044 1.0186823105373422
8 7 29 9 67631 1.066772646474062
29 21 24 27 29569 0.9436831848109112
5 26 1 17 32669 0.9689864396982742
10 4 13 11 45967 1.053463401907515
28 7 16 28 69548 0.9434459505725491
9 5 9 21 66431 0.9450566851855275
14 4 9 16 55925 1.0813431486002687
9 19 10 28 25203 0.9523022446154052
26 1 19 21 50019 0.9813516011604966
23 17 2 11 89497 0.9253652051576177
4 14 9 2 45878 0.9259456112627017
29 11 9 21 103353 0.9211176682059098
24 3 1 17 76784 1.0779766223896579
17 26 29 16 61141 1.0156107160750556
6 0 21 0 55368 1.056259041693421
4 9 17 5 43600 0.9508990937420623
10 9 23 10 64957 0.9600907933762852
27 18 24 10 32966 1.0559656553866406
16 24 18 12 27578 1.0029238036414398
16 21 10 29 42427 0.905458371537678
29 16 26 29 45849 1.085304361106352
5 10 29 11 109192 1.016994535081657
18 18 29 22 45006 1.0929873789842854
12 1 18 24 58847 0.9563115124054369
4 5 24 21 77932 1.0277207933704318
29 25 1 21 93185 1.0999521127412528
13 29 23 3 63694 1.0621559216224847
26 6 17 24 56134 0.9849642933673848
0 29 23 17 81199 1.0606101763454006
7 24 1 18 41738 1.018254215232059
20 2 16 14 36108 0.9050753883953468
12 27 15 18 49625 1.0968132663180956
28 5 3 28 93323 0.9098004371669295
3 1 6 16 35669 1.0038688281721573
28 14 24 1 67973 1.0218524090014265
4 9 9 4 24277 0.9852807181188846
7 0 10 7 33579 1.0622873313529613
14 13 8 23 54707 1.0989039350316145
14 24 26 26 43859 0.9818788654284236
5 29 6 15 37094 0.9333495293799817
19 0 7 1 48973 1.05956492103087
1 28 29 24 74239 1.0146958124166345
5 0 29 11 104772 0.9840226030906775
5 4 17 26 68669 1.0371763111143193
27 26 5 28 68769 1.0215438464962223
26 17 22 6 56232 1.0474970480090458
7 15 8 0 55253 0.9430469636327709
26 29 14 4 68941 0.9601937776847476
27 6 17 6 34407 0.9061916862533469
18 3 25 18 56811 0.9584045003527958
17 28 9 11 66960 0.9234852643884198
27 28 2 26 68115 0.9010802307889584
29 2 2 27 108449 0.9614732322819913
15 21 18 8 35594 0.9712284902330963
11 25 13 5 67502 0.9472854884666555
22 24 3 11 75377 1.0168184077285545
27 6 23 27 69720 0.9670329133396949
25 24 9 0 82387 1.018905108053705
12 15 22 16 65312 0.9044921154785666
10 27 8 0 83784 1.0958123649865137
13 0 3 5 38763 1.0095815155334105
27 27 3 16 91635 1.004130573750356
29 14 5 5 92987 0.9577936445759625
25 22 18 7 52219 0.9394821203196122
22 15 12 27 65001 0.9057168087249765
10 14 20 18 56282 1.0950992515600715
7 5 9 14 43409 1.0168898353148934
4 11 5 21 24836 1.0391044036814818
26 26 29 17 35734 0.971081753600027
23 24 29 28 24500 0.9735027711858695
24 15 9 21 69796 0.9031493939280439
12 3 10 28 75047 0.9102125362017843
12 18 25 22 64519 0.9879795747526364
9 7 15 27 78000 0.9643075090878502
2 14 29 22 99756 1.0331043212156066
26 14 17 12 44023 0.9639703635703345
9 18 13 8 60596 1.0075346508877827
11 19 24 10 76208 0.9459602720723854
29 28 19 12 48394 1.0249225475555441
11 5 4 26 71027 1.0974971312118185
16 21 28 29 52813 0.9842410061436412
27 2 7 11 67607 1.0771473732303345
28 1 15 7 51233 1.0931095248760903
5 14 5 25 23825 0.9094808082002156
1 27 4 2 59793 0.9896886606342739
16 20 28 1 64929 1.0266524539183373
17 18 12 7 60940 1.0099808752336301
25 3 15 16 60954 0.9776219977175012
12 12 28 24 71354 0.9561067852597681
2 2 16 9 58320 1.0686259201395973
6 8 20 27 78745 0.9994438220967844
4 27 28 24 67375 0.9406365679182468
20 17 1 20 85361 1.013776097951785
20 28 11 15 48581 1.0202342776098516
7 1 7 27 80737 1.0505230414604259
10 4 16 23 61127 0.9275277124363682
3 6 7 17 33119 0.9032612041631995
15 10 4 15 63005 0.9580360184223793
24 26 17 21 31071 0.9602506286914552
26 18 29 7 63117 1.0757901963466467
12 21 13 7 66494 0.9571211766207826
15 25 19 8 39765 0.979368332231833
23 1 7 15 87621 1.0089305680273144
6 18 15 2 71996 1.0180106411035539
11 27 7 9 68158 1.0504515885311143
29 27 19 3 63235 1.0451880556723847
8 24 18 21 33190 0.9591915571271832
17 14 23 1 44318 0.9880735278107459
8 8 23 1 51017 1.0135765062212063
0 0 10 11 48192 1.0945420416620593
6 23 17 16 61862 1.0119913620210483
22 28 23 7 56122 1.0011154440894439
18 2 21 28 47685 0.9758006885937164
0 16 8 0 45892 1.0644584652145734
19 29 10 17 48489 0.9784561119819412
8 15 18 3 73317 0.9072701056986366
13 0 19 14 39362 0.9968285219464607
9 15 16 21 46432 0.9222071020843633
18 15 11 10 42084 0.9953126225605538
15 9 19 22 41463 0.9319110513771182
9 24 22 9 68273 1.0706280731937712
4 2 11 27 74460 0.9745205424887622
3 0 8 11 38081 1.0792656277100432
6 5 22 26 77411 1.0201335514067085
17 20 9 25 40340 1.0446422655402865
6 9 3 20 33359 0.9323020675781358
29 6 17 20 63339 0.9922203158230718
9 11 15 16 53847 0.9563255644987557
6 26 9 1 79491 1.01445022568429
17 5 23 14 37359 0.9127284692417664
14 8 22 10 46511 1.0840597999269652
15 5 6 22 73593 0.9462189981748361
25 7 26 22 61733 1.0876316888898945
4 10 18 6 56615 1.0382251899440458
15 8 8 2 41206 1.0690343885631277
13 23 2 26 48725 0.9820087909635586
27 9 9 9 74392 1.0511732286377127
14 29 15 8 66202 0.9362979520800415
29 18 20 0 80956 0.9513389614350781
11 10 21 2 55000 0.9341371164616361
10 25 28 15 84500 0.9971054535779855
19 13 3 21 73364 1.0803450072127527
23 28 29 4 66269 0.9442755687445582
10 18 3 13 26828 1.0359888102585528
22 2 28 11 54962 0.9502983808900237
23 12 5 27 77447 1.0150249931798128
10 11 8 0 37623 1.0206888475455294
25 3 4 18 79531 1.0078883631988094
4 13 18 11 69588 1.083848671203128
3 24 12 21 44285 1.0338415415999211
17 18 23 4 41040 0.9425818923049883
16 26 26 11 75421 1.0976218714855897
18 18 26 2 48537 1.0933611354740826
19 22 27 25 31869 0.9916715200040507
15 2 25 29 71210 1.0166274122392869
4 9 22 14 70790 0.974356585832242
0 11 14 15 56227 1.0638383402345641
25 21 4 18 86270 0.931109277443532
26 0 18 15 51057 1.0402282821763569
3 2 14 23 77689 1.0293322557963944
20 9 17 21 33237 1.0807814184620095
24 4 13 16 64474 0.9212387616181672
0 18 21 22 77827 1.048981375488908
28 5 5 29 91288 0.9728850430435518
29 13 24 4 51387 1.0207362003684972
1 18 12 20 42720 1.0672739299049694
26 1 6 19 96823 0.9563067221135533
11 1 14 10 51397 0.9267258824545391
1 6 7 2 29156 1.0641168441745688
5 8 0 25 46148 0.9342525370197461
19 16 3 14 67081 0.9301891887855775
27 18 6 14 107986 1.0321267574291475
3 18 22 26 79572 0.9219589785140242
28 16 10 26 82327 1.0090392898518865
8 20 19 21 46031 0.9511672748520479
19 21 19 11 14205 1.027529977955019
18 27 5 9 71380 1.0559565998950895
0 25 4 16 21614 1.0985215292038808
24 1 22 23 69669 1.0336018454414104
15 20 2 15 52736 1.040325361271984
10 17 27 9 98876 0.9254443832057636
17 27 7 22 41884 0.9801813686054369
10 5 5 12 41140 0.9170665414630375
16 4 21 14 28351 1.0288203122520554
10 14 25 12 71283 1.0272954095768712
14 16 5 11 49802 0.955490352022388
17 4 18 15 23433 0.9024736119310378
18 20 16 6 40153 1.068880533005114
12 26 14 0 82906 0.9277744388113082
3 29 18 5 75972 0.9260196903037158
25 27 0 9 97588 0.9301117312908974
16 15 5 12 57903 1.0325337860388735
13 10 0 23 67857 0.9241517946102145
21 20 1 6 73129 1.0040068434220193
9 15 21 19 69818 1.034621236668869
6 28 28 25 69235 1.0018972356552385
21 25 29 11 69612 1.0705216255481211
8 20 25 17 78434 0.9659738152782151
6 15 17 2 71658 0.9606959206472826
12 15 9 7 47529 1.052408809193266
23 17 9 22 63254 1.0540389876397291
21 10 29 8 48921 1.0081278691006508
26 9 5 14 97999 0.9296165754211736
21 29 10 16 58983 1.0305514071470103
19 20 21 5 27266 1.0699865147871126
13 24 19 7 40847 0.9938669339358505
3 12 23 29 83992 1.0440506122844697
17 18 7 12 70474 1.087458328312754
29 22 8 27 73739 1.0425636764254753
12 14 20 19 46059 0.9534830737379248
13 18 16 29 49312 0.9272252545634984
2 5 20 14 53301 1.0306397568737216
0 14 12 19 38992 1.087413890067749
5 27 23 10 82629 1.072894090168014
13 1 27 5 42677 0.9503688605832249
29 18 0 0 105172 1.0042611059998765
18 10 11 19 49625 0.9108300518629948
18 27 9 28 25471 1.0057209926229873
0 20 5 10 26803 1.0191847976540094
3 12 20 18 73362 0.983264582183639
14 10 10 22 55560 1.0289711728273194
20 13 14 18 49520 0.999610831569527
19 18 3 11 64178 0.9361598273597308
11 26 19 11 44563 1.0840987019831994
10 27 16 20 42841 1.0002756582930434
28 25 21 18 49193 1.071974411412104
7 6 23 5 42867 0.9444284849999072
8 0 23 9 62352 0.9732248405333563
4 26 10 15 38749 0.9924658585614371
7 7 10 18 51401 1.0450341070887232
25 7 8 6 54821 1.0434260427961806
7 18 16 14 50466 1.0218986791906455
9 7 1 27 72374 1.0827701876903053
3 19 6 10 27603 0.9715097141369098
0 24 5 16 21829 0.9471654289984953
25 20 10 5 72364 0.9763216727197506
1 25 4 5 49552 0.9201042549141047
8 13 26 26 94243 1.0449333375549654
12 28 21 3 57897 1.0544495106990313
8 2 10 13 41073 1.0185819756238892
25 29 12 25 50627 0.9343354576317024
18 21 25 26 34029 1.0538678507013683
1 28 20 23 54109 0.9596126923242603
4 23 22 22 70930 1.081291087923034
12 20 29 20 72315 0.9680350067943041
14 4 13 14 51044 0.978418722516964
23 24 21 6 46133 0.9565698329620848
24 18 20 28 34595 0.9399973218608684
9 18 7 3 58434 0.9885395043652843
24 26 27 5 65460 1.0234999864849366
17 27 8 4 62393 1.041222054186616
5 13 5 27 30598 0.9269006227328798
8 26 19 4 71526 1.070713731884251
9 2 15 12 55136 1.0982216768376054
9 25 22 18 60068 1.0901187188570705
20 19 13 11 47430 0.9559339729756313
2 6 11 13 57249 0.9773706190465759
10 1 19 11 38349 0.9092834976239531
17 8 0 24 87542 1.0274421894831092
26 14 21 26 49492 1.0705176203812545
23 20 19 26 24672 1.071171431611809
6 27 28 0 104100 0.9536567475290532
14 8 26 2 51039 0.902193483791764
25 8 17 15 56148 0.9326730071782778
28 12 20 20 55714 0.9741479535511323
10 28 7 1 86936 0.9157233666048962
0 25 7 4 50262 0.9172205938812269
19 16 11 21 40787 1.0262773901572215
10 4 5 25 61261 0.9785501914305491
26 21 7 9 95415 0.9432084591893681
27 25 22 17 44474 1.067470347579388
18 8 23 27 46746 1.0552620313381644
12 4 11 23 65348 0.9004354596637453
15 25 8 11 66797 1.0070127233631467
27 17 7 20 88653 1.0839190353057757
1 16 29 26 91896 0.9817950369197201
8 2 20 12 40858 1.067856723318556
21 0 21 10 26671 1.0943602827220347
17 12 5 16 55184 0.9816992845628919
29 25 21 5 62312 0.9063473720793345
26 27 10 23 58520 0.9950386613640154
26 24 6 28 57162 1.0517400261544656
16 11 15 25 49397 1.0187913191386802
13 23 15 6 70515 0.9682718147364641
10 12 3 2 45208 0.9938132769901948
17 27 28 11 76188 1.0839724616685975
14 28 0 2 76864 0.9698157329818875
25 1 3 14 82656 0.9504422520538474
0 15 7 8 41033 0.9046655326737096
2 7 17 19 72152 0.9071463522862236
3 12 23 22 81380 1.0009495581720194
25 26 25 12 45106 0.9676798284373673
14 12 7 22 59054 1.041602912495921
24 14 13 17 66760 1.0277274219366404
20 22 25 5 46031 1.0463789562940098
22 8 29 2 42721 1.007010568928435
29 15 2 7 103903 0.9602831691987387
5 15 29 15 105296 0.9119004843854129
22 7 8 15 83491 1.081175395699758
8 21 21 12 66184 1.0731605388075645
18 27 6 14 65487 0.9599052041332088
8 18 18 17 60061 0.9689046757790682
12 1 7 11 49773 0.9713841106567148
12 3 27 12 63946 1.0263699547611838
26 18 21 27 48110 1.0433255896554843
7 14 22 22 79352 0.9240252879260858
16 20 25 18 50258 0.9496040921899571
1 13 16 29 73146 1.0580121576917807
0 10 2 0 29072 1.055681244729913
8 12 11 27 50842 1.048020042240192
0 6 9 17 38516 1.0242632180264455
10 24 0 12 44117 0.9752018751074334
3 15 24 2 73987 1.02724852393291
16 21 2 9 74529 1.0842032714457117
8 0 18 29 68304 0.9592204293503921
7 10 14 26 75193 1.0282096610295997
23 3 19 27 44527 0.938567223363057
20 22 3 27 57537 0.9864877777822816
2 0 1 27 65067 1.057910001179877
11 17 1 20 37246 0.9045771225668631
24 1 18 10 39859 1.0080855385115464
27 26 0 17 96825 1.0470710373858954
19 11 23 1 31051 1.0119522968395387
28 3 23 9 45707 0.984662248338072
4 4 28 0 60139 1.031599107951736
8 11 10 23 49462 0.9123073909583129
5 19 5 9 21190 1.072412772669287
28 27 11 21 64533 1.0473349367532334
0 3 9 13 50978 0.9825063027033957
0 8 19 20 64178 0.9988555423209208
24 2 18 19 46624 1.0591087096083247
25 0 9 16 96161 1.0721353611829312
27 0 13 15 80056 1.0087362230422776
18 6 3 19 71738 0.9736794585627053
19 4 5 19 64351 1.066757411097942
4 20 15 22 56287 0.969902750523518
19 27 16 0 55685 0.9345857148168529
24 16 2 18 99335 0.9966525782546394
25 19 18 13 46596 0.9240993815932711
3 15 28 23 90123 0.9458678773478719
11 18 23 13 72579 1.0035119755840607
24 15 1 4 72147 0.9359760427627868
28 14 17 14 52430 1.0536910884863677
28 0 25 22 83325 1.0658659076
22 27 25 10 56105 0.9760607977983361
21 10 26 27 62315 1.0881109366157211
16 4 29 27 67835 0.9077094667842251
5 6 8 18 54418 1.0667847726418638
25 14 0 10 87333 0.9029446812721715
1 24 9 13 50488 1.0523556483625507
14 23 5 7 75937 1.0441301453569658
28 1 3 17 85154 1.0687810308072212
5 25 11 7 69870 0.9475394221531397
23 4 6 29 77149 1.0848851126928387
21 5 0 28 82389 0.9951554002208417
20 13 29 27 57991 0.9092282036758288
6 26 26 1 98713 0.9935571136469906
0 13 21 5 57265 0.9795235631528306
12 13 12 29 45415 1.0657701063384257
22 17 5 6 76095 0.9491068770962402
10 9 27 26 99405 1.05277646295563
6 14 22 18 89056 1.0507961368996495
6 26 27 22 77520 0.9215220794263916
18 8 17 21 27229 1.0076774051032038
24 22 18 10 42420 1.0068485924091797
27 6 29 20 57036 0.9532424963292003
18 19 27 2 49031 1.0488709766782705
14 9 24 11 55712 0.9294729159871035
1 14 12 22 47909 0.9356220184757298
3 24 12 23 41258 0.987630936485185
13 23 9 12 48941 1.088596485008293
9 1 0 20 54944 1.0573554160522807
4 29 7 11 49351 0.9100954438219951
3 16 23 13 88391 0.9384198782787102
28 7 23 20 62201 1.0188250057870218
23 21 15 24 29684 1.0682482406457254
29 8 23 1 50519 0.9339396764879133
14 26 10 7 71852 1.0083176053650278
18 27 7 18 58458 0.9634046382540064
15 16 1 20 65676 1.092287270492913
29 25 29 15 25510 0.9849894418194536
28 25 18 11 54116 0.9996709133831115
5 11 23 15 86785 1.0641397118380675
17 20 20 10 29355 0.9304806472192833
23 0 20 26 60660 0.9483879238646642
21 17 10 1 59921 1.09273384011833
27 24 9 3 72326 1.0164474647768298
16 1 29 16 82382 1.0056706719764443
22 16 20 7 38565 1.048884441066162
13 13 1 13 57750 0.9433844938364611
27 29 20 21 44152 0.9823946947349187
5 23 13 4 62158 1.0599981435573866
2 7 14 29 79538 1.0926970626347632
26 15 6 15 105477 0.9372606299445415
29 1 14 20 79705 0.9187801889761255
3 17 12 25 42995 1.0151027057417912
27 22 7 24 66163 0.926045350532996
24 13 1 7 79066 0.901390622415393
13 29 24 13 63230 0.9798624315267035
1 20 7 5 50770 0.9796284201664299
27 7 25 27 74913 1.02327013545028
4 22 27 6 96273 1.0335344054255238
14 0 7 17 70025 0.9419370034290414
5 3 3 13 26649 1.0807197303140426
8 13 22 22 82979 1.029383653087035
9 13 29 19 98012 1.0263645708629325
15 20 26 29 55978 1.0743806983750814
19 11 23 1 31051 0.924981987223289
27 6 14 8 51609 1.0023480600195096
1 17 9 29 47194 1.0729240354350917
7 3 24 5 40498 0.9440118640245097
15 24 3 9 61220 1.0449253347546545
21 0 1 11 65218 1.0406889161707702
10 10 23 21 77624 1.012366291751619
26 15 2 4 85356 1.0596560308489484
18 18 22 24 20949 0.9163560680582276
29 10 20 26 75930 1.0930735857869078
14 18 23 5 64277 0.9720107025377354
24 8 24 19 33955 0.9591376052644837
6 2 25 28 81683 0.9063925911416079
16 9 27 26 73866 0.9942686800321601
22 28 23 8 58922 0.9035055276296033
20 1 25 25 61884 0.9760185598281652
18 25 24 18 31948 0.9833244068426426
21 8 7 24 67090 1.0505687701990871
11 7 3 16 53037 0.9968942642937001
16 26 4 5 80118 1.055158790102183
2 24 24 17 87512 0.9040511998769203
0 5 3 15 25875 0.9241363477109855
2 0 9 19 66279 0.9552300278912228
13 10 18 15 32479 0.9755512192018838
3 26 18 25 49451 0.9810431732155559
26 12 12 12 60263 0.9445325160597202
14 20 18 11 35667 1.0384148789342182
8 27 20 28 38059 1.0899978670662542
23 18 0 18 91500 0.9667221747526867
9 18 10 6 51662 1.0428540914622113
8 5 11 14 42580 1.0793245863413663
2 11 24 7 73885 1.0900630862343872
4 21 19 11 72516 0.9834411182676432
27 23 4 10 100304 1.0786606108195453
12 19 22 13 65838 0.9945558830477079
24 27 15 3 60500 1.019652780838919
21 2 15 22 54073 0.9818975737288673
21 28 27 6 61883 1.027791577376757
27 1 5 12 80142 1.0356074407639189
7 29 22 21 56990 0.9656693276676294
5 19 15 23 49157 0.986779747413164
7 14 13 19 39787 0.9772520275627548
4 11 17 12 64716 1.061049873339711
24 25 8 18 66100 1.060447651859222
8 23 2 15 41074 1.012936207984023
13 5 13 22 70158 1.0139151424890278
19 9 17 1 22047 1.0112247470205817
28 2 10 15 84076 0.9165831847122997
13 28 3 11 58892 1.0166228357689977
7 29 21 18 59936 0.9881662321023987
10 10 6 18 45196 0.9749070011425207
6 20 16 2 75029 1.001982030349815
25 29 18 25 27603 1.038975459999492
28 12 24 26 51159 0.9557626790704113
20 9 15 24 39734 0.989654144490731
24 19 16 24 33301 1.0202697737299915
6 27 23 9 92280 0.9046914837953046
25 13 19 0 58690 0.9557647192685544
11 12 27 13 73708 1.012099541994488
18 29 1 27 44007 0.9645822990229421
23 10 16 15 44590 0.9945315617240085
17 23 12 18 42281 1.086931715733633
29 15 29 2 67444 0.9400475283422329
7 20 21 9 79147 0.9915011541511769
10 16 2 22 31708 1.0131538268820348
23 11 14 22 61939 1.032524344501612
27 11 16 6 58802 0.9483825649359109
6 20 28 22 88194 1.0535375686705226
18 6 23 29 51820 0.9983685995638099
7 19 12 29 41584 0.9746291212778669
11 18 8 28 28679 0.9765565041548845
18 21 26 28 32343 0.9546300245983882
2 16 19 11 65687 1.0476950371667746
23 1 8 10 56211 0.9008749677297363
11 29 27 17 70819 1.0106158187169842
10 13 27 29 86409 0.9242722168720857
16 9 8 12 53115 0.9335939259659836
16 2 21 7 24583 0.9259157840275868
21 4 26 11 44978 0.9069888334905051
26 20 29 11 52016 1.0591658546927925
26 17 23 27 38184 1.0009588758450776
22 26 3 15 79721 0.9627883660756305
17 19 7 0 69670 0.9551248533718485
1 9 18 28 83418 1.0877401792283403
4 8 3 28 52209 1.0497996523093867
20 28 21 6 44073 0.996019008236814
17 14 26 29 55757 0.9498981414367847
7 26 3 7 53690 1.08954285480469
2 11 6 27 47994 1.006428182630141
4 24 15 1 82653 0.9051249912264344
22 0 12 6 43906 1.0160874956187291
3 27 0 8 47247 0.9970876420632837
10 21 21 10 60979 1.0150184931174329
26 20 15 21 53008 1.0850869370613716
23 1 10 23 76609 1.0250972192095162
27 26 10 12 89860 0.9432696821294175
21 20 23 6 49808 0.9628347748021326
5 16 27 17 96613 0.9215848080171911
14 18 3 21 54419 0.9158131369819343
26 3 14 17 66807 1.0919886487793236
21 15 6 12 78292 1.0298164952170774
7 19 2 13 34948 0.9657711240864476
28 21 9 2 93898 0.9778853124109617
2 5 18 4 34289 1.0493359351147482
6 18 16 19 61086 0.9603057898371867
2 21 21 1 82160 1.051784119788563
13 23 9 1 86356 0.9500639662832002
20 1 9 17 83833 0.9311105052810876
16 22 3 7 75182 1.060757708081077
19 9 11 28 47376 1.0287180457426304
2 15 16 20 57710 1.0493968145399426
2 7 24 7 65674 1.0280395254356014
8 14 13 9 49518 1.089361308641236
9 9 2 4 29696 1.0467412831591
2 22 14 20 61166 0.9146313318826248
8 18 23 28 66165 1.0450754912465128
22 20 18 29 29790 1.0969206215006186
19 17 21 7 23126 0.9380444825066815
29 4 1 18 87756 1.025621871403587
20 28 28 5 57373 0.9776896688833772
26 1 6 24 92796 0.9658785738348377
11 16 14 29 35971 0.9165600179837381
13 26 0 24 49525 0.989943500396938
29 13 25 2 62977 0.919268553812222
16 4 13 15 55179 0.9341991336011015
5 22 16 20 56048 1.0028091789916933
28 13 2 14 113704 0.9384262786088294
28 27 11 24 57552 1.094312092903799
2 15 7 1 52364 0.9743990875920734
