7721 6064 7984 6674 7535 7776 7628 6396 6325 6258 7884 7006 6398 6791 8551 6820 6232 6179 7117 8276 6565 7733 7932 6683 6487 7745 6350 8374 8118
6198 6825 8155 6695 6753 6738 5655 6457 5841 5718 7928 7145 7071 7104 5682 6040 6960 5717 8247 5875 8196 7783 6344 6510 7292 7956 6093 7126 6609
3191 5646 3398 3499 3355 3566 5514 5368 4069 3239 3510 4920 4911 3306 4768 5021 5667 4733 4732 5251 4818 5451 3886 4052 3943 3916 5600 4453 3818
4689 4833 4264 5081 3981 2879 3490 3252 3445 4209 3316 5160 3347 3778 5326 4313 3161 4957 4602 4587 2932 4688 3023 4699 4530 5265 4180 3619 4285
5882 5475 4973 4752 7252 5258 5994 5658 6283 4952 6624 6223 6574 4777 7149 6104 5865 6723 4788 6970 6417 6921 5150 5162 6482 5936 5178 6346 6394
3887 3751 2527 2251 3323 3599 3437 2741 2034 3244 2031 1975 2203 3029 1524 3889 2356 3700 3922 3738 3309 2942 3215 1471 3111 2246 2385 2009 1605
7767 7427 8329 8344 8048 6880 7975 8084 6686 8171 7197 8134 7310 8883 8580 7281 8380 8880 7698 7352 8392 6489 8554 8929 7846 8831 6791 8336 7503
3679 3823 4713 4397 5591 4539 4532 4635 3737 5955 5133 3795 3737 5614 5671 6002 4703 4458 3496 5509 4168 5474 3508 4290 5228 3866 4076 4803 5483
3292 2385 1863 2353 3840 2532 3470 4070 3328 4099 2009 3278 3217 2278 4169 3702 2031 2761 2450 2896 2435 2455 2913 4271 3613 3398 3904 2967 3027
2993 2164 3389 3605 3273 3419 2459 3320 3322 3498 2716 3616 3516 3308 3825 1593 3253 3083 3340 2399 3859 1545 3292 3976 2576 2361 4059 1870 3651
7361 8692 6848 6558 7783 7787 8217 7556 7864 7557 6751 7745 7765 6672 6803 7670 7942 7323 8704 8503 6348 7322 6567 6516 8475 7398 6821 8383 6534
6077 6783 6678 7110 5033 6790 6084 6446 7566 4971 5749 5687 7224 6536 6322 5527 7141 5440 7183 5782 6750 5222 6026 5633 4975 5238 6111 5412 5220
3495 3281 5701 3585 3561 3855 4279 3767 3960 3816 4796 3278 5712 3143 5341 5566 3210 3877 4215 4827 3574 3645 5415 4412 5091 4713 4417 5096 3421
6959 8406 6538 6147 6918 6383 8121 7721 6987 6149 7591 5966 6684 8236 8091 8473 7473 7566 8403 6612 5869 6900 7550 6462 7544 6119 8329 8190 6789
6556 6180 5863 6148 7464 7048 6864 6058 7759 6416 7343 7853 8190 7060 7574 7444 7401 6569 7187 6525 6806 6326 6166 6358 7232 7330 6522 6356 5640
6949 6910 6037 7128 7069 6985 4812 6260 6247 5584 6869 5408 4932 5064 6332 6218 5974 6223 6479 5788 6798 6535 5273 7108 5140 4779 5459 7363 5312
3465 3131 4171 5326 4396 5213 3406 4236 3812 4932 4425 3515 3706 4184 5049 4514 4898 4002 3265 3990 3569 3499 3143 5298 5574 3577 4305 4536 3450
3310 3645 2283 4075 3528 2081 4115 2447 3711 3346 3344 3503 2801 2122 3015 4500 2594 4461 3828 3459 3981 4239 2998 2438 2412 2323 4164 3568 3932
4996 3661 3130 3169 4418 4523 4192 4585 4539 3944 4521 4603 3525 4355 4454 4494 5256 4388 5343 4395 5201 5555 3719 3572 4067 4206 3065 3662 3550
2623 4084 4773 4272 4294 3143 4872 2895 4435 3159 4133 4845 3309 4844 3663 3619 3021 2902 3611 3021 4049 2504 4691 2900 2842 2945 4902 3734 2969
4920 4402 3592 3228 3467 4734 4627 3738 4893 3701 3194 3136 4268 5140 3783 5240 4668 3852 4877 3436 3151 4169 3599 4853 5000 3798 3686 5015 4986
2080 3290 2811 3884 2636 2098 1947 3117 2891 2741 3197 4555 3210 3507 4048 3908 3157 3984 3061 4280 3300 2836 2692 2597 3268 3576 3781 3374 2454
5306 4237 5426 4209 5034 4940 6539 4082 4766 4784 4227 5251 5604 4507 4482 4983 4660 4196 5011 6414 6437 4106 4226 6236 6322 6279 4900 4234 5433
5853 6158 6114 4704 7238 4742 5567 5354 5003 5880 5590 5637 4725 6673 6785 6027 4845 6790 6626 5646 5135 7250 5888 5264 5331 5499 4775 6036 5739
2378 3777 3587 2978 4026 2999 2676 3087 3928 2578 3077 1599 3877 3243 2853 2502 4168 3647 2781 2127 1666 3589 1597 3398 3942 3252 1617 4122 3198
4848 6784 6714 5716 6102 6271 4738 6836 5162 6672 4968 5304 5733 5150 6180 5110 5724 6015 6197 5322 5937 6826 5795 6489 5580 6670 6268 6238 5484
2537 2880 1947 2772 3870 3703 3804 3248 1884 3048 3546 3886 4200 3303 3654 3761 2342 2075 2465 4024 2057 3992 1738 4223 1751 4303 3464 1792 4129
3881 4034 3901 3022 2858 2604 4602 2539 4054 3614 4002 2532 2475 3331 3208 4558 2440 4763 3578 2446 4738 2293 3433 3552 3680 4725 2461 4007 3568
3780 3383 3815 4128 2806 1938 3905 2184 3066 2303 2601 2852 3046 3819 2534 2894 3054 2701 2152 3992 4029 4097 2751 2399 1975 2129 3982 2856 3001
3866 3643 2172 3047 2375 2991 2487 3204 3156 2942 2515 2482 3156 1985 3313 1869 1749 4084 3065 2907 3884 3153 3507 4283 3290 3270 2220 2390 2814
8630 4470 4927 6569 7013 4488 4785 3098 4201 4239 6707 7923 2760 2280 5316 7793 7445 4527 7967 7417 2239 5438 3311 3487 3656 4512 4282 4148 5397 4178
8683 4766 5439 4869 7291 5949 4501 4519 3271 4883 6489 6038 4914 3162 4127 7693 5821 5128 7164 7031 3321 6337 3532 3378 5638 3082 3334 2639 5403 3567
7315 5313 5743 6739 6264 5230 4542 4541 5208 5351 6912 6354 4753 3691 5896 7121 6517 4967 8151 7192 3142 5162 4950 3228 5089 4361 3449 3713 6973 3811
7687 6427 4032 5064 6443 6357 4050 4358 4764 3382 7432 5747 3032 3289 6488 6462 4860 6359 7142 7070 1515 6399 4726 3673 5108 3577 5325 3676 6290 1788
8650 4521 5486 5395 5063 4217 4682 4057 5480 3940 7148 6345 3104 3292 4450 6706 7213 6612 5858 8290 2660 5563 3622 2335 4994 3029 4313 1654 6190 4009
7970 4714 3468 6388 6694 5142 5930 4956 4166 4896 5231 7237 3519 1971 5321 5954 7077 6063 7119 8156 2667 5947 3402 3729 3317 3001 4909 1995 5250 1851
6530 4010 4212 5551 6620 5819 5377 4940 5378 5304 4793 7317 2895 3820 4631 7334 5732 6197 6258 6502 1568 7048 4803 4410 4428 5162 5523 2186 4770 2443
7192 4263 3699 6300 4781 4820 3956 2881 4027 3986 6982 7719 4417 4263 5982 6182 6473 6275 5731 6346 1433 4683 4793 3836 4266 5283 5712 3814 5187 4179
8155 4253 4447 6843 6308 4588 4108 2766 3499 4584 4959 6464 2536 2995 5927 6277 5920 5678 5729 7740 4029 6939 4777 2962 3896 5312 3862 3315 5116 2104
6258 4700 5211 5496 5625 5251 5748 3745 5874 5333 6886 6764 4802 2508 6120 6825 5601 4345 6880 8234 2585 6992 3354 4205 5220 3487 3561 1905 5062 2130
8250 6343 3864 6199 4988 4166 3856 3654 4567 4616 5454 8016 4836 3724 6528 7612 6162 6850 6055 8732 1994 5653 3587 3263 3799 5080 3131 2831 5596 3663
6178 4074 5090 5640 7067 5951 3980 4852 3370 4333 7289 6013 3242 2395 5573 5927 6617 6258 6692 8674 3330 6867 3321 4000 5814 3322 5035 3715 5036 4197
8103 5060 3675 5988 6349 4286 5471 4498 5256 4041 6599 7878 3040 2376 4446 5643 4961 5184 7799 6923 2224 5109 4390 2910 3780 4793 4060 1548 5617 3978
6667 4338 4171 6274 7107 5713 5620 3043 3454 5152 6205 7268 2642 3024 4487 6851 5092 6593 6079 7900 2306 5281 3942 2799 3947 4550 5499 2839 5165 4150
8362 4564 5336 5954 6796 5843 4837 4110 3991 5144 4905 6790 4786 2716 5903 5611 6262 4788 6899 8788 3011 6863 4750 3314 5748 3863 4487 1694 6893 1891
8138 5311 4099 5279 5419 4955 5928 4847 4547 4220 5594 8175 4842 3648 5433 6719 6835 5835 7382 6220 3127 6091 3690 2965 4683 4852 3783 2089 6260 2853
6108 4412 3775 6272 5119 4671 3965 3221 5471 4463 6247 7689 3415 2637 5097 6151 7114 6143 7670 8328 2898 4553 2883 2778 4263 3873 3945 3922 4737 3312
8517 5276 5437 5307 6974 5940 4075 4250 5853 3583 7362 5938 2943 4522 6111 6547 6536 4453 8069 6779 2661 5457 4039 4262 5669 3730 4939 4181 4956 1821
7638 6206 4768 5664 4705 4304 5687 4942 5889 5353 7081 8188 4553 1921 5221 7314 5156 4967 6699 7417 2002 6947 4142 3569 3623 4003 4378 4047 6396 1780
7928 6438 4681 5585 5084 6165 5743 4849 5716 2843 6902 6036 2673 3873 6496 6961 6739 4736 6533 7319 3989 4504 4271 3105 3900 3362 5637 3001 5473 2045
7565 6228 5888 5357 5678 4467 3575 2879 4229 2801 5601 7247 2965 1933 4474 6962 5808 6506 6574 6859 3182 5548 4337 3668 4016 4292 5668 3271 6384 2050
6978 4559 3655 6159 6238 5162 4401 5117 4067 2860 5352 6666 4379 2602 5982 6428 5890 6620 7956 8415 2110 4918 4959 3202 5314 3431 5588 3986 6863 3300
7935 5737 3949 7480 5608 5203 4972 2722 5705 4558 6526 6769 2680 2465 6273 6375 5718 4440 6796 8366 2347 6773 5024 3754 3498 5492 3952 2357 7041 2163
6981 5534 4883 6262 5589 4320 3406 4740 3344 2947 6341 7541 3991 3994 5172 5667 5078 5060 7530 6248 2657 5882 2594 4148 3491 4853 4345 2313 6032 1828
8244 4541 4411 4935 5668 4662 5859 2886 4780 4442 6968 8040 3205 3565 5882 6644 5492 5094 5650 8565 2108 6677 3172 4691 5487 3515 5665 3367 6168 3385
7974 4726 4240 6359 5107 5799 4528 4841 3297 3179 7084 6136 4563 4528 4208 7487 7043 6068 6871 7186 2285 5644 3482 3385 3342 4858 5709 3115 5153 2071
6262 6278 3329 6768 6545 6100 5623 2835 4650 4838 6356 7156 2565 3576 6287 6467 5101 4901 8081 7891 3083 5913 2826 4520 4600 4561 3602 2662 4690 2473
7973 6528 3720 5770 6988 6037 4517 4217 3343 5303 6956 7627 2850 2338 5253 6543 6182 5622 7880 7182 3023 4824 5026 3554 4033 4977 4866 2417 6521 3496
6439 5645 4043 6655 6557 4606 4690 5057 5351 4463 6204 7415 3899 2539 5120 5917 6965 5266 6379 7109 2965 5535 5018 3665 5413 3383 3934 3252 4619 1907
6 18 2 28 46954 1.0224615212322656
16 9 3 23 80737 1.0013250987439848
13 15 22 16 57175 0.9502851658032958
7 7 4 0 39187 0.9755800563699565
27 13 2 21 91848 0.9225428732850861
20 11 11 17 53480 1.0953576348814138
5 3 8 12 35466 1.0273598524069154
29 13 10 28 100754 0.969976347141575
24 20 4 21 58992 1.0309919812251156
0 18 20 17 78375 1.0694968131328204
25 9 5 21 90323 0.9851346688112952
4 22 24 17 68548 1.0076886637438347
11 18 20 8 69579 0.9570769959795272
24 1 18 19 80192 1.035026512993085
2 0 17 10 92532 1.0201656371278935
15 6 19 20 60349 1.0787693686149509
23 17 0 16 101655 0.9039531390880458
20 12 0 7 83303 1.0625618188954435
15 23 24 18 39930 0.9615978669271527
20 5 27 12 42472 1.0226075488587911
12 1 4 3 41029 0.9267481682006217
13 26 12 14 57946 0.9816638364279203
19 6 18 29 85645 0.9335621376826536
15 8 9 29 90880 0.9550739125285851
12 29 25 14 81385 1.0558523804084632
1 7 15 24 97893 0.9294086367980455
26 18 5 15 78607 1.026229947921021
22 9 18 16 36898 0.9239223389029513
9 2 21 7 65035 0.984386180996867
17 28 18 4 85808 1.0432950584107166
5 16 16 5 74538 0.9438913595819478
8 18 21 9 66221 1.049130370262728
6 28 0 4 99996 1.052415707875491
23 8 8 7 64545 0.9730615692541031
20 16 14 6 60168 1.020877156624777
2 26 8 15 48439 0.9256159243979264
14 29 22 24 37519 1.0291695637015148
10 24 24 26 58091 0.9985613562654463
21 7 16 2 36302 1.0159610961477938
20 18 12 29 60129 0.9458512985641674
10 2 10 27 85718 1.026443880658096
13 9 28 0 86985 0.9960837538381968
12 11 1 5 67512 1.0576907100593391
18 16 10 8 60073 1.0177478732599752
26 21 9 15 60541 0.9980506442978411
13 29 13 10 90970 0.957964233589631
26 14 14 6 68395 0.9300843051312297
14 0 23 23 110168 1.0306939400174593
1 15 11 18 64433 0.956286514661089
4 0 24 28 138980 1.0776917140774165
14 12 17 20 39823 0.9087719326071676
17 3 15 12 38407 1.0129837822877312
13 26 27 21 63965 1.031170339353383
16 16 22 1 68292 0.9121012192203776
19 12 12 17 41413 0.913950387402223
5 3 11 25 80548 0.9927818860937547
28 2 17 24 96893 0.9900038556275358
2 24 12 21 43278 1.0622148636713207
3 21 13 17 42816 0.9576396372352035
16 4 28 21 90299 0.9328439526496246
5 23 17 1 100323 1.0044827709482431
5 13 25 13 60952 0.9881104304606926
5 2 1 23 72947 1.0763436204841073
22 16 0 4 116800 0.9205555181535641
8 17 11 8 41526 1.076942182295844
23 24 8 8 93113 1.0626455036246918
21 25 4 15 82010 1.0599263699324046
14 9 24 22 73852 0.9134439279593125
25 23 14 9 80140 1.076779141775471
29 24 25 14 46202 1.0639630502582307
19 1 21 22 79356 0.9517344748017715
3 14 28 6 101651 0.9496780400706347
4 14 13 19 50021 0.9428156493142035
14 29 13 2 114705 0.9913304292207347
15 7 1 10 66621 0.9777033015343335
25 18 18 5 68279 0.9644237097720534
18 25 24 0 94348 1.0676771415094364
24 21 3 26 77705 0.9354796804467368
1 24 0 1 108159 1.0460693368693637
13 25 1 5 102015 1.0874511217236342
15 9 18 20 48317 0.97150093195375
3 14 27 12 81890 0.9604139838546812
9 5 24 16 78802 0.9854987157640851
5 6 1 13 31099 0.9540593231154013
17 26 2 24 55558 1.0742489208756467
3 17 18 27 72450 1.090508923040456
0 5 13 23 97647 1.0240860335150896
21 19 1 6 104620 1.0993997307513859
15 22 21 27 35067 1.0517219881560151
29 24 12 20 60580 0.9581222180094939
9 21 27 16 64580 0.9767624816445504
24 7 0 19 110740 1.0268967244020395
22 6 15 15 55294 0.9804903215833707
17 18 15 27 35853 0.907706656225156
22 2 8 12 77376 1.03603898154448
13 5 18 16 62703 0.9544275448184022
6 15 28 14 85122 1.0629490521325242
12 24 17 11 59792 1.06471751830448
10 1 5 7 37827 0.9412633928464503
8 6 20 0 74464 0.9944394991758984
11 22 24 23 49210 1.0945236910342522
20 16 15 4 63038 1.0068190393527592
4 26 14 21 49549 1.063064311519275
28 2 9 29 131704 1.020632691755868
8 1 27 17 108741 0.9339654343379513
19 29 0 22 72008 0.9269859784577272
0 21 10 20 31724 0.9587259389991913
13 6 6 2 41662 0.962983151049108
2 27 2 2 94373 0.9983130177610012
6 17 1 3 62825 1.0904452282993922
3 23 18 16 66868 0.9015240179218088
9 21 26 19 52699 1.0436201688424864
6 23 2 1 84382 0.9118872501713283
17 19 9 25 40182 1.0387637676105885
28 21 8 8 94518 1.0569903790401023
10 13 1 20 42096 1.0325852639918884
23 17 27 5 51751 1.028864351068744
14 24 19 12 58399 0.9980643607574962
10 28 21 26 45096 0.9019568954622476
22 10 15 14 39843 1.0545047207091112
1 18 12 20 42070 0.924604213932246
23 19 3 8 95487 0.9569743523722438
17 1 26 7 56478 0.9580497756521603
5 1 9 21 68830 1.0641408746640475
0 15 28 4 127092 1.071893729691102
21 20 2 27 70728 0.9678667272763108
8 27 29 6 117739 1.030787201539216
28 16 23 21 29946 1.0284353513057325
23 26 6 19 75500 1.058137622451679
2 18 6 11 44274 0.9243085012865805
10 27 15 18 51290 1.0864330405793516
23 17 23 7 40712 1.0925358124782878
17 17 8 29 62471 1.0688865498189466
26 2 26 28 80852 0.971088414565147
11 20 9 0 66670 0.9701949902549121
3 15 26 24 92318 0.9463350474320453
22 19 13 23 42545 1.000882035216829
17 0 15 28 102097 1.040836147513524
20 9 22 21 50369 0.9199672191532435
3 0 14 5 68430 1.0548142478493
22 20 7 26 62602 0.9851485509488
13 2 17 10 42967 1.0151555860215224
0 7 14 14 68553 0.9073822410301663
24 5 11 22 88196 0.9915321346228102
19 19 25 8 56366 0.912341378704903
12 22 22 21 40837 1.037563361813539
16 12 11 3 55847 0.9758667520124797
2 21 21 0 114124 0.9969306013526668
7 0 26 25 126517 0.9336341344374024
3 19 18 9 77317 1.0558699041705157
25 5 22 19 59956 1.0998673934220555
5 4 20 27 107922 0.9984224638537305
11 4 1 17 82789 0.9703257310521629
24 18 20 9 40710 0.9036715315127197
28 11 15 7 61837 1.0902722786064336
4 22 18 2 102522 1.0825591750464179
20 25 10 17 59653 0.9439070392623294
6 5 22 24 108309 0.9430776813007887
26 13 10 29 91302 1.0601221953891975
4 7 29 19 106934 0.9552843937730079
21 29 9 11 85216 0.9943965612135912
0 18 16 19 60534 0.9222048989305448
10 7 0 16 70149 1.0085008447554376
25 0 0 0 134095 0.9703024997712311
12 4 10 24 82140 0.9101791810953118
23 19 18 11 50358 0.945104905544538
3 24 17 1 110374 0.941337470657311
13 26 24 29 41236 0.9219614216295967
11 17 3 25 50368 1.0675396319251846
26 14 3 8 89003 0.928943296126781
16 12 6 8 52268 0.9813339019919032
10 2 9 20 62145 0.9315433857897835
6 21 22 16 69103 0.9483824285921039
19 17 9 23 44368 1.0543891844275681
14 4 2 22 101840 1.087582246737352
28 5 23 0 39304 1.097445880981974
6 6 28 27 126495 0.9709465210238091
21 26 18 19 31837 0.9247211407606856
11 13 2 5 53522 0.9671289947717601
6 8 14 6 42316 1.022087119549416
8 12 24 11 55866 1.0774760679192774
25 13 8 6 74127 0.9896106074703244
15 10 23 24 75267 1.0832445016033845
22 28 7 18 77438 1.0846483029072143
26 29 2 9 122051 0.9718429968465776
5 16 8 24 31458 1.0324024908888316
21 6 13 9 41514 0.9009982356406956
4 10 11 13 32638 1.0829635443196655
28 2 4 12 109286 1.071693057045565
27 26 15 13 74975 0.9781354925758922
18 10 21 3 31514 0.9749763684418874
10 6 27 1 90631 0.9668347387682998
23 22 29 14 38300 0.9449000087747311
14 10 1 13 61700 1.0440431037448472
1 6 13 28 104928 1.0149974133534276
13 22 19 11 59846 0.9660454863746593
2 14 6 7 32762 1.08511431102424
5 28 12 19 43121 0.9641986141346046
10 19 0 24 51722 1.0169357211151742
11 3 18 26 107100 0.906182439546105
8 1 24 11 87937 1.0996856056992548
17 4 18 23 68335 1.0794134558202404
20 5 9 7 54575 0.9499857588227387
16 7 28 8 49164 0.9155357251065762
0 18 3 25 43967 1.0485778221670754
11 0 8 12 54437 0.9323186231990608
13 4 28 27 125715 0.9312074975968441
18 16 28 17 51340 0.9655070060656105
5 16 8 28 43357 1.0818754274086477
28 5 9 24 106635 1.0821590129769179
12 23 25 24 49359 0.9795778925353669
14 7 21 24 78568 0.9764314006801943
8 4 23 29 114945 0.9191641846020232
10 2 1 26 101801 0.9552355717260713
27 5 7 6 89416 1.0806555301184755
9 21 28 3 104756 1.0718758475083237
1 28 12 20 55093 1.081884873049282
3 0 24 24 130933 0.9310067984429278
19 9 2 22 90612 1.082241316497567
3 15 28 28 109393 1.0886735862483607
9 27 18 16 63976 1.0165828864390707
13 5 7 24 82625 1.0542119495339177
15 18 12 29 59532 0.9620896539509767
18 26 24 4 84948 0.9099788839792592
28 16 5 13 80641 0.9476633782587033
5 3 11 16 60376 1.0070622645854934
24 26 24 12 42642 1.0022740845536053
21 12 8 4 71014 1.0611032532402582
26 8 22 18 47098 0.9453408922584142
11 13 19 29 74431 0.9966294891094346
23 3 3 17 113732 1.0351855146965019
4 8 16 7 52513 1.0872489214183962
8 5 2 16 56374 0.9596966455043638
28 4 20 12 48853 0.9904141020439244
6 27 0 13 58546 1.0376933190626805
8 28 19 4 111665 1.0271571197032427
21 19 29 14 41845 0.9530975997863316
14 16 7 26 61274 0.9714417650111965
18 22 18 6 63580 0.9785213998793613
26 21 2 11 96740 1.048921794346545
2 6 15 12 65187 1.0154506968507593
10 14 21 19 61106 0.9281647497896977
19 27 22 15 53140 1.0527647482572327
7 20 1 26 36500 0.9585687156581476
26 26 5 21 75886 0.9113087180000231
5 3 16 15 69511 0.9337053722921713
16 9 2 24 88017 1.0091181207722193
12 6 11 22 69177 1.0429376623992057
23 27 28 21 31207 0.9440105938972001
20 19 10 29 62837 1.0884122447713476
13 16 19 0 85558 1.0052707998596488
8 5 9 22 54961 0.9356330022128354
9 3 16 0 41431 0.9195799948605407
22 12 27 0 54018 1.0715412150077581
7 0 3 19 75467 0.9240594198764264
10 28 2 0 110715 1.0531314941727574
2 25 24 5 120277 0.952856847847386
2 29 22 25 70363 1.0312560775917998
8 6 13 18 63787 0.9085483795781609
29 23 8 6 111367 1.055977732563609
4 10 18 19 73743 1.0161045540173734
21 29 5 8 98665 1.0834184384623686
26 5 6 25 119881 1.0885346971431882
3 23 19 4 106682 0.9733467263452823
1 14 25 8 94931 1.096212135214457
14 27 2 28 37644 0.927054432131254
26 18 11 10 79329 0.9156107464703673
27 14 25 0 52533 0.955710234084187
9 9 13 22 53665 1.0461106941510996
26 10 3 4 108050 1.0404069135161258
29 0 21 6 51168 0.9797133466793442
13 27 8 7 74024 1.0044562671229662
14 5 3 28 105705 0.9897443473009606
8 3 12 16 57626 1.0067869652222856
23 13 24 28 48498 1.073828971457508
13 13 25 0 80913 0.9202042828709611
15 8 19 1 42375 1.0078733637157866
11 23 22 11 77018 1.0021309726539707
28 19 18 2 83994 1.0589954422707415
1 15 14 11 64310 0.9554056456834487
6 10 1 15 34827 0.9944172013401353
19 7 15 19 60205 0.990069218414942
25 15 4 12 75434 0.9184536715817345
25 26 10 1 127330 0.9103388424898222
9 20 0 16 47617 1.0114638699395226
25 21 8 28 73785 1.0449698364573643
5 16 23 4 94311 0.9498668049808542
18 10 13 26 74952 0.9195655061731187
14 4 5 14 69715 1.0738771069505992
27 14 28 2 38254 0.9117752794892671
28 12 18 18 56363 0.9339669873569287
11 8 24 12 61092 1.0303510550686878
0 9 25 14 97350 1.0810994236457712
16 23 24 8 68437 1.0091861424951727
25 26 4 3 127620 1.0621017821660366
29 21 25 9 46432 1.0664457795875306
18 9 27 23 70514 1.096533347923939
5 29 12 23 39232 0.9481267402234091
15 5 4 6 57334 0.9986532480082599
17 22 3 20 42400 1.0253535620144134
5 8 12 26 70718 1.0027648655897583
7 17 20 24 62593 1.0582052725841493
17 16 12 25 48942 0.9708461200817821
16 24 0 21 63225 1.0537566663918745
22 14 6 14 58272 1.0873958457915665
4 22 20 5 101628 1.0706789432602175
14 6 8 0 45048 1.0476619948337436
3 2 5 27 79720 0.9145383183398726
1 19 1 3 82078 1.0775620656768534
8 4 10 15 46554 0.9168083170529795
15 3 12 17 76085 0.9967740656470807
4 17 22 28 90640 0.9502851623429072
0 27 20 24 68645 0.9715264529339421
18 8 1 27 103455 0.9180303558049187
28 26 22 7 73686 1.0716251371399426
17 13 13 0 63312 0.9695122448486171
6 23 22 13 77210 0.9135927801911415
0 2 11 24 106445 0.9037902841319472
17 4 3 8 68904 0.9333721002826022
28 7 2 18 115117 1.0630359358284909
26 24 17 13 59034 0.9285491063685767
17 20 27 13 48541 0.9288917580771113
28 8 1 12 103209 1.0371808348174882
16 25 24 17 47444 0.9332940812934425
14 26 21 12 68897 1.0156488740616743
18 17 10 0 87260 1.0435773371085366
4 1 9 13 50686 1.009510265404508
22 13 7 19 64611 1.090950935914775
4 23 17 3 96730 0.983667132288404
3 6 24 12 87397 0.9615232924578164
3 24 10 4 82473 1.0998743475716863
5 6 3 15 33350 1.0618216668356444
12 3 19 12 58846 1.0247186675334807
19 18 7 1 90980 0.9191516178279138
16 19 5 4 79009 1.010085664768297
16 3 21 26 93305 1.0527000275737919
5 25 7 14 43129 0.9555664277431037
23 16 11 26 79909 1.0110973841907764
12 27 17 8 75331 1.0368543090106113
1 0 22 19 133681 1.090864097871584
13 8 22 10 42491 1.0669455225583142
28 29 12 0 141321 1.0959284658383066
0 10 14 29 107864 0.9593230426548363
8 27 0 1 107097 0.9995106052403897
8 1 6 12 40539 0.9863120345030341
0 13 18 8 72907 0.9416951246378669
8 1 25 12 90617 0.9132234919966283
12 20 28 2 96803 1.0149930405248853
25 3 2 17 121273 0.974607143339679
23 19 12 7 84768 1.0097871175451598
20 3 18 27 92084 1.0844693214964416
6 10 11 25 65150 1.0472457541140159
7 5 3 21 61490 1.0930793423550884
20 22 7 8 80556 0.9356283913500089
15 15 26 24 65637 0.9175365494864712
4 19 17 28 63146 1.0864817134396634
27 23 4 2 123829 1.0276878015457487
16 6 4 11 64093 1.0079280222714246
0 26 24 8 123047 1.0644655347359766
9 7 11 19 51150 1.0415223198144314
0 16 25 5 122503 0.9640608962873976
7 29 12 24 34476 0.9410646688246307
29 6 25 15 42086 0.9418309542829046
7 21 2 14 44139 0.9381719783343649
19 6 28 19 67192 1.0906163774693771
23 0 9 12 90624 1.031910882007845
12 23 2 6 80734 1.0447399204839347
20 28 26 22 37402 1.0786833749027946
26 11 8 23 86184 1.022486130684034
19 20 10 14 49751 0.9818165423969967
3 18 12 27 51220 1.0336042753464714
4 3 17 17 80541 1.0200957256968082
8 27 7 4 77900 1.0449225990926156
8 13 24 17 60099 0.9497745588077998
7 9 21 22 79670 0.9620661306907253
17 26 2 17 70429 1.0827375401148576
2 15 20 4 97667 1.0486782307582871
18 9 0 25 101164 0.9090283195766847
3 0 26 26 143140 0.9293608792401645
5 19 26 2 115159 1.0169417310051245
26 19 13 28 68519 1.0479439313719963
9 3 10 27 77118 0.9159270585428133
13 14 6 0 69885 1.0357240245792847
0 17 11 28 71241 0.9834330602451635
27 5 28 26 65482 0.946742747428664
25 25 27 17 32084 0.9517077888354353
6 21 23 15 76737 1.0141394168828057
12 6 23 29 110343 0.9884093316885335
27 13 15 2 75121 0.9380899386589375
15 27 7 1 99263 1.0623254521471794
25 17 5 16 77485 1.0343546176578382
3 12 11 14 34156 0.9723271120370045
22 16 2 13 75172 0.9526698738528997
23 7 24 27 63268 0.948917035984641
17 25 8 20 40405 0.9240262328214289
11 8 5 21 58610 1.0862793339986636
19 11 14 0 61805 0.9524084138419178
11 20 23 24 48967 1.0182950589754851
22 3 0 4 117253 1.0740699299636984
8 0 26 15 101877 1.0122000298340803
10 0 25 10 98846 1.0489773035124115
7 10 3 1 47531 0.9375332488238799
9 22 6 10 48699 0.9891705059003846
0 13 23 8 89469 0.9700031663230396
17 6 3 19 84007 1.057264943490316
6 22 24 21 60604 1.0770463967015593
21 16 16 27 52793 1.0755134388060834
15 26 22 22 36933 1.0794300053868624
15 28 23 3 111126 1.0322708805162304
14 8 11 26 84001 0.9131858883516712
26 13 4 22 86010 0.9666883515426454
27 19 21 28 41013 1.0093982489110993
0 28 26 14 115717 0.9587864265222155
5 0 12 22 83986 0.9881164412696557
1 26 13 9 91485 1.05380643619766
0 13 28 23 108246 0.9498018754103909
2 29 26 4 138603 0.9888770095605596
3 4 5 22 61402 1.0692898375956472
8 3 4 17 56610 0.9237869268687897
3 28 18 8 100722 1.062392911480737
1 14 15 23 76787 0.9411627526510864
11 3 28 1 84741 0.9878791042307058
26 6 17 23 79175 1.0805148777127376
11 11 15 27 75842 0.9685044050831135
24 14 23 23 29078 0.994917370028576
18 7 9 21 71090 0.9581004999634107
12 16 23 21 51121 1.0711071000869306
23 18 6 20 57068 1.0919202357296345
28 1 11 0 86354 1.0588907847510969
9 27 16 3 104720 0.9918205987179911
21 19 22 28 34550 0.969204026352674
18 27 11 12 73729 1.0113796412183897
27 24 23 4 75009 0.9669613057066586
26 9 2 1 118561 0.9284325109211685
10 9 23 17 78875 1.0947303880812205
13 14 19 21 51489 0.9755940899007116
14 24 1 15 79529 0.9300824665471012
14 22 29 4 95098 0.9219667820733057
27 13 12 25 83141 1.088005076211209
12 12 1 18 66359 0.9751337651870186
17 21 24 27 41389 1.0891672303594946
26 15 2 8 97865 1.082637938871408
28 27 16 12 78614 0.9133809930568214
5 10 20 14 57742 0.9898917802454155
15 4 4 22 100821 1.0516815901209506
20 1 26 5 39245 1.0412626076219647
7 22 13 11 56310 1.0182976131399921
3 13 26 11 79499 1.074214974625006
7 8 15 23 71501 1.0136280234236577
6 15 16 3 85209 0.981552598782849
0 15 9 29 77610 1.0276162510503215
26 9 19 15 42126 1.0876060315972078
16 29 1 25 54597 1.0415787014156517
23 1 1 12 112310 1.0945227357793337
4 7 29 24 118629 1.0553467743782825
1 10 11 16 61549 1.0396138536349528
13 29 16 1 108380 1.0973858550957996
25 17 10 23 64957 1.050039808380426
23 25 20 18 35111 1.08980914391099
13 29 11 6 94009 1.0419260581205616
10 2 11 15 60434 1.0621535187607316
0 14 22 18 96261 0.9743429804235471
26 16 5 0 113201 1.072677399763508
19 29 20 5 86141 0.9218449492534038
8 2 17 11 61642 0.9250646978918272
17 16 3 12 54053 0.9849623860571601
8 19 1 0 87438 1.0826645928983036
26 24 20 13 48718 0.9494927079687605
5 12 27 1 106933 1.0958791227904774
13 9 6 29 83364 0.9843359922562951
7 25 24 0 127136 1.0598092466518598
4 24 10 7 67856 1.0201463558818729
21 7 8 7 51656 1.0368241498071344
11 17 10 7 46907 0.9884937005275344
11 5 5 28 84163 1.0897801951442923
4 1 24 5 102313 1.0152515132902038
22 26 27 18 39241 1.059411015043128
15 18 7 9 65978 1.0402015628540446
2 28 17 29 50177 1.0751517859000352
12 3 20 18 83474 0.9601940731351568
29 13 19 25 60893 1.0904273123898107
19 16 4 10 68003 0.9606067097953759
19 6 6 26 106210 1.0458692060482357
29 18 5 7 101161 0.949044153074816
18 27 22 17 49462 1.0407197142808935
26 18 10 22 57523 1.0435025341120943
2 28 17 1 123032 1.0616323305945787
29 17 15 21 55026 1.0390489095475648
16 4 19 16 51709 1.0042168504476914
22 0 13 26 115995 1.0166990436426047
14 1 26 29 125255 0.9935579081813566
24 18 19 8 47988 0.9187504754669065
16 1 28 9 71522 1.0702729668609783
2 7 15 3 73759 0.978018115366247
1 16 20 16 88294 0.9452122644154324
21 29 9 11 85216 0.9749526343118803
1 5 1 20 72986 0.9197534763246689
11 7 2 13 47442 1.0622657314802657
3 9 23 13 70168 0.9858662473829127
3 17 18 13 63758 0.9997865754693194
17 13 28 5 57153 1.017271516608282
14 6 29 4 74494 1.071985724464561
17 28 10 7 90313 0.9697760781956475
10 17 27 5 94587 1.0539398416800445
21 1 12 19 87684 0.9054752553417468
9 9 25 10 71793 1.0481568702858013
11 23 20 17 48030 0.9249030669407635
21 3 5 28 114496 1.0765992801787463
9 14 9 1 41605 1.0635928121838223
10 26 12 14 53741 0.9749109748302778
6 6 2 17 51721 1.0243944202204043
2 29 2 10 75581 1.0870676946936682
20 15 0 0 121302 0.910279921070979
6 18 12 14 41695 0.9892139023364441
16 7 21 12 32706 0.9994779523129083
20 25 0 8 111241 0.9777547323505373
4 2 24 5 99700 1.075550526231273
12 1 15 12 54347 0.9474037609906831
2 27 14 5 105799 1.0572085406117533
28 4 15 29 103752 0.9465699159598887
3 4 3 28 82779 1.0270722510462527
15 2 9 27 105949 0.9198051206968609
0 21 0 3 94133 1.0071206862291153
9 6 17 12 48276 0.9451205264065548
12 10 1 14 53167 0.9918549961306519
3 19 25 21 66927 0.9069500906869202
10 23 22 29 51862 0.9064470671172664
0 9 7 5 44567 0.967042472934472
7 17 10 27 40024 1.068059019535376
15 2 5 27 110351 0.9176401079348993
14 1 21 4 43007 1.0945177660888867
0 16 15 21 69865 0.9445979882168541
4 13 17 23 66673 0.9226353087674524
1 14 16 9 67723 0.9919391423947194
26 19 16 17 41520 0.9386572121634833
23 3 7 9 86140 0.9641969563759448
14 7 2 19 80540 1.0124979937007035
23 13 25 5 32477 0.970928661449075
20 9 19 23 51938 0.9764477943770955
13 18 4 23 46248 1.0318775350324556
6 3 22 7 80819 0.9603204674824954
10 21 0 22 42218 1.0418510533131171
27 17 9 15 71949 0.9623207661278592
17 9 3 11 62570 1.0989197830560122
9 22 23 21 48305 0.9568637441693104
27 20 7 5 102276 1.0247025803687846
16 27 8 2 94704 0.9776210046357268
17 27 26 23 42372 0.995425798308197
1 10 10 19 67696 0.9065361807910166
11 5 26 21 101182 1.0531775250491777
28 0 16 23 103509 1.0159059402561907
8 4 18 8 52878 0.9316660410720106
27 15 1 1 129390 1.0082141721112092
29 20 14 14 70702 1.0687094069670087
9 3 24 15 83178 0.9111115693255277
22 10 15 7 36450 0.9463210594201248
1 17 8 4 70101 1.0899548608150194
22 5 25 16 47434 0.9472325504749867
14 5 18 25 84594 1.016351305722274
13 23 10 14 46687 1.0731063540981658
24 18 21 5 47962 1.0101855339109007
7 19 10 28 37611 0.9703408416430932
9 1 8 11 34175 1.0937910098610695
5 4 16 12 61733 0.9056433710285895
17 26 6 5 96960 1.0279542265095007
24 10 19 2 42431 0.9565875695346973
23 27 2 27 61739 0.9751239771670615
10 11 11 26 58998 0.9297789831506494
7 28 29 19 89886 0.9725744825367488
29 14 20 10 40015 0.9623037829576414
28 23 2 29 88287 1.0888885327993654
23 0 13 19 104935 0.9312917743393486
13 2 5 11 58853 0.9528553742140972
9 23 2 17 38466 1.0786619179867623
24 14 15 12 34756 0.9223328353836434
22 14 19 22 41761 0.955012892699168
19 6 2 10 82077 0.9680370277647358
14 5 24 22 87848 0.9124358658211004
0 12 18 18 77915 1.0913826686287251
8 29 6 8 68577 1.086859713782959
17 27 4 10 85463 0.9688747711896956
4 15 25 6 94416 0.9963586812420839
1 4 16 25 116402 1.0179005129694036
28 10 15 26 85211 1.0848150987490206
24 6 7 28 115658 1.0507251586347506
26 7 3 25 115979 0.9455131913364738
6 13 8 25 44057 0.9106405898692326
26 17 21 8 45538 1.0153881511618117
25 14 10 11 65961 0.9651644231963928
17 1 18 22 75117 0.9157603355475274
12 18 18 2 76209 0.9309059823311157
21 16 1 24 85224 0.9780393469764825
0 25 5 2 84132 0.9286650140169637
12 8 20 0 63776 1.0435900887942497
10 6 6 14 43323 1.0394116108333056
27 8 19 27 80259 1.0352326351297838
15 22 19 2 83074 1.004979648928391
1 18 27 14 102648 0.9894408535048195
6 24 12 16 47989 1.0307518836171148
7 15 19 27 72530 1.013542285761969
7 3 20 2 62717 1.0638075859220226
24 1 1 21 128102 1.014273365473731
16 28 12 9 86842 0.9281885045937086
29 4 20 26 87641 1.0984184452536696
23 9 6 12 69067 1.0964223044148398
7 26 17 21 50322 1.0161447597270499
8 10 20 14 49823 0.9305631492220374
9 0 8 9 31060 1.0599459363753023
5 4 17 10 67376 1.071924987698295
28 25 11 7 110127 1.0325721254159377
20 0 1 17 126907 1.045581029273404
26 15 21 10 35073 0.9168945209357829
2 28 17 20 63347 0.9332933500411104
18 18 21 26 37180 0.9390248011739041
14 19 24 22 39764 1.0283341144530818
3 25 14 23 43302 0.9924943848364125
7 25 16 10 76289 1.0975350763693879
2 10 7 27 66540 0.9495585771775907
12 4 27 2 75583 1.0596863899633022
21 27 4 22 62403 1.040930790932795
4 10 20 27 96692 0.9052382065740179
21 11 28 25 62775 1.074637780655489
5 28 24 16 83531 0.9448997482965737
14 3 1 23 108910 0.9850452760818398
26 20 21 15 29897 1.026604986698417
7 19 17 18 39733 1.0648654456665296
12 22 28 9 82180 1.0537188163736795
29 7 9 24 102986 1.0245989693378843
28 11 1 3 123197 1.0301834895294635
16 6 6 0 65836 1.075918706258134
9 28 27 9 106132 0.9954724927115819
22 25 4 16 82059 1.0720663001910515
25 14 0 18 102350 1.0651953257573652
24 11 14 14 42847 1.0239332371094663
5 13 27 19 82200 1.0930847972860043
3 7 23 12 80761 1.044480059401949
10 1 28 1 87098 0.9336389995007387
17 25 4 16 67002 0.9531628306617365
12 25 26 22 58228 0.9504352948667649
15 18 2 10 81094 0.9498042044682639
16 9 26 29 90697 0.9409295324853709
7 3 1 11 54784 1.048619787354564
6 8 24 8 80216 1.0850362822901294
9 19 25 22 51249 0.9975501205022749
3 19 2 5 60464 1.0616331830174297
1 20 5 12 34999 1.063540199254665
2 6 2 18 55026 0.9295462589265948
6 7 9 23 57775 0.9399802566044693
7 6 4 13 31948 0.910048075794288
28 2 0 20 127286 1.0523267244961143
21 13 13 3 68124 1.0057109918423315
0 24 10 2 100928 0.9028723048751673
2 6 16 21 84676 1.0156318324548372
18 1 12 12 60079 0.9340046451901524
18 0 23 5 43044 1.0434538738304022
22 20 18 2 75833 1.0162988847971142
20 14 13 0 77913 1.0078161902945806
15 25 1 21 66552 0.9860173186424815
19 8 2 20 85619 1.04972457334451
8 1 14 17 76861 0.9011659349448448
6 17 12 23 42812 1.0843744920459564
19 8 9 0 65359 1.0333270590758439
28 25 4 20 77408 0.9192070109722678
25 0 20 13 58572 0.984008889484002
5 14 10 23 39767 0.9246557559916379
28 12 17 19 57098 0.9995162624108633
2 27 13 28 38542 1.079827507819988
15 0 19 25 99371 0.9700271491206193
2 14 23 6 92240 1.0529366389551198
27 12 25 3 38685 1.0590642368011405
21 9 15 20 54183 0.9382141803598056
25 24 7 11 91225 1.0704784030432213
26 12 6 13 67061 0.9138443949545556
22 13 26 22 38222 1.090150332050066
21 5 0 28 130171 1.073680056482318
12 9 24 13 53313 1.0001819270008818
14 5 27 20 90069 0.9668617551593693
23 10 0 24 116638 1.0537624685763047
16 9 1 29 101387 0.9468782801962852
22 5 0 27 126959 1.0699759294610622
10 13 13 1 60770 1.0728635001444746
22 5 4 22 102323 1.066926470878137
20 2 13 29 112235 0.9106052620953858
12 7 15 26 88969 1.0530091138614137
26 8 23 28 69367 1.0125303202384028
17 20 10 3 80516 1.0230939463206048
28 15 21 12 32549 0.9822271188248523
24 7 0 19 110740 0.9628464601688634
25 0 9 11 99048 0.9278602321395881
16 7 10 17 61341 0.9663346966518959
11 25 29 19 73241 0.9288329846465166
25 1 9 24 117146 1.0859080342998133
5 11 20 11 55816 1.091439674852689
26 9 15 23 75095 1.0323073269576788
21 12 9 27 80887 1.0582245166881934
26 24 21 13 46785 0.9645754676028496
0 10 12 10 64921 1.0150893585383676
9 20 5 9 41308 0.9166313245550974
11 20 23 10 72059 0.9827387909177625
8 0 24 8 87057 1.0564524576492917
17 5 10 2 39896 1.0974828945077246
28 26 1 1 152830 0.9682750943380453
2 12 15 22 73157 0.9667882315123315
26 19 19 3 73987 1.0601929980850582
15 4 21 8 40201 1.0789644455097882
5 1 15 1 46319 0.9746107940959666
21 26 19 17 34974 1.035875791691463
11 18 0 2 95905 1.0778542662001454
1 24 28 5 131396 0.9190864345091251
29 10 10 25 99747 0.9696522182853616
25 29 24 8 66146 0.9559526926798253
17 19 0 20 47508 1.071627686513577
6 27 16 25 33818 0.9430073546905587
21 25 10 21 51765 0.906726155039784
12 24 27 24 61034 1.0871068145355167
13 8 24 13 53716 1.0471734495424034
29 27 17 11 80991 1.0432352919375627
5 23 25 2 119730 1.0021544435954342
7 19 27 12 83462 0.9159231279074034
16 19 13 29 47982 0.94061498710635
4 28 19 14 82351 1.0083504068378875
6 5 26 24 115087 1.069675351876347
5 9 10 26 60518 1.0274450575394836
20 4 10 17 82596 1.0315587890504254
2 27 21 9 104957 1.0812731816199608
23 9 7 28 108914 1.064535838166988
23 3 1 18 129544 1.0454216285786502
17 20 3 11 66829 0.9152871252805881
14 11 6 29 80968 0.9922940867793963
20 8 10 23 82610 1.0734923879502603
1 4 0 17 74160 0.9124592220411349
20 8 2 7 78248 0.9195171213637962
20 11 24 3 39755 1.0299366950849635
20 27 13 18 58633 1.0288717070751932
26 20 2 21 66648 1.093957208211445
12 26 1 24 49357 1.0424911190452901
26 25 8 26 64160 1.0290167457374364
14 24 22 7 84944 0.9504093075561652
26 18 2 28 93177 1.0647826156922184
22 17 10 27 70758 1.0744526319729633
24 24 18 17 39036 0.9697873938523655
11 2 27 1 75421 0.9083362440124568
7 25 20 14 77296 0.9784829204014216
19 12 21 2 34889 1.0903313732643543
4 28 21 20 69685 1.0992610734302066
4 25 24 6 109340 0.9622330473584448
24 10 1 18 104458 1.0523571141557566
19 27 11 19 51953 0.9390971214886781
9 19 27 3 102545 0.9077088068179079
17 29 0 15 102064 0.9357120966126031
23 15 18 6 53479 1.0193658216237487
21 13 27 0 60285 0.9145161112791103
21 16 4 4 89439 1.095898785403084
0 22 8 10 58047 1.0466867841303036
5 29 6 0 89424 0.9374441446940336
1 25 13 24 51680 1.0095635276138628
19 25 5 8 86466 1.0539205327773964
17 7 11 19 65809 0.9140044372678806
20 16 4 28 81452 0.9646555976088924
19 17 9 6 67065 0.9251409416203201
24 17 18 23 34839 1.0250330596286041
22 22 26 14 35587 0.9772037171507844
28 8 28 22 43140 0.9502547019901404
17 24 7 7 80400 0.9842131292650185
0 11 22 23 104966 1.0825349699447253
25 0 6 10 112686 1.018047277880626
22 9 28 25 64585 1.0719437500145659
15 26 12 6 93248 0.9096141415737057
18 27 29 4 95780 0.9917907364570716
29 29 15 21 62627 0.9684737982719698
21 9 23 29 71026 1.0151632252435978
5 14 8 2 43773 0.9249807118579546
22 1 25 20 70910 1.0808444084878577
20 4 3 17 102480 1.0174164367732843
19 5 22 22 71159 0.9048974686790159
6 21 26 11 89948 1.0296744217682705
20 20 7 19 41098 1.0735633735250043
16 19 5 0 91425 1.0931679888064216
10 24 5 16 39345 0.9574525359302575
21 7 12 0 60359 1.0589856482821958
8 11 22 7 68655 1.0551794165689323
15 6 19 22 66902 0.909371220643241
27 4 23 20 60761 1.0955519810577397
26 20 29 4 53351 1.020789835085517
18 13 22 19 37807 0.9421563495802531
5 7 15 19 67321 0.9193527122336616
17 20 27 26 45007 0.9228706073320531
10 5 18 28 101972 0.9974528225127387
14 15 28 7 74602 0.9510177244138892
28 9 14 29 91744 1.0054775401411626
29 8 13 1 88020 0.977675057813677
8 27 4 13 52124 0.9695840794497416
20 26 25 7 72250 0.9924131860637242
27 15 3 13 82176 0.9455849790023079
24 21 20 28 34337 1.0865718204991963
28 2 26 28 82023 0.9525039965711658
25 27 12 29 41731 0.9660328606587697
0 20 17 19 47508 1.0955874312333198
13 6 25 8 60378 0.9584047048194599
11 4 1 23 89368 1.077837122783401
2 19 16 10 73555 1.018096238943615
15 15 29 3 83892 1.0023026092943492
18 19 3 13 66967 1.0787306889263446
23 22 11 13 67276 1.0134021036375194
11 2 1 1 49331 1.0788099954698231
27 25 9 12 87455 1.03622576722773
2 9 18 19 82512 1.0615639559807948
9 20 28 5 93963 1.0826353714731742
28 5 1 29 139128 0.9645768081168529
17 22 29 29 50154 1.03268805944527
8 2 20 22 94575 0.9025311181517305
11 28 29 0 133194 1.0137368501761244
25 20 3 16 73710 1.0890643239211617
15 11 4 23 67834 0.9776601831118933
2 10 21 10 80741 1.004039419590646
1 25 16 13 77438 0.9134792647866441
0 19 20 27 82330 1.0804154405696305
19 22 9 6 75939 1.04995348287368
29 17 0 24 105032 0.9556326786499407
9 26 18 27 28783 0.9467419381882258
1 11 22 23 101244 0.999701436473734
3 20 3 10 42547 0.9148035176936066
13 1 9 10 48626 1.0944270121489532
8 23 9 13 31085 1.0328054969085432
10 27 28 12 94832 0.9382389700619662
16 18 12 27 43633 1.032316821966368
29 21 16 16 55349 1.0172325892529201
11 10 0 9 55485 0.9596103064395304
24 2 18 11 51333 0.9283609547617298
29 22 4 4 122429 0.9659915211439806
21 12 1 12 69473 0.9206834081176617
5 29 23 15 93305 1.0298004433776107
29 21 15 13 66264 1.00525396139292
2 6 13 6 51700 0.9854987565378786
10 19 1 0 99678 0.9902534364064219
18 27 23 10 74251 1.0429623684402558
9 19 4 14 35675 0.9082206420950507
15 7 1 15 77060 1.0429989648838134
15 9 7 20 64251 1.0698748756024492
23 11 23 0 49613 0.9671533389123348
16 21 6 24 45614 0.9122645517835354
17 10 5 24 72563 0.9996140374644836
7 24 27 25 77187 0.9302355200789668
27 24 11 22 63306 0.9258470619365443
7 5 27 19 104722 1.0192757572289182
5 28 16 24 43396 1.0950603494055917
7 28 3 10 66636 0.9388121174948011
13 14 0 19 66319 0.9307668141545615
26 6 26 20 45240 0.918001680252899
28 12 16 3 71611 1.0483017435547373
21 25 13 14 69304 0.9100429869198333
16 12 27 19 57914 0.9263624143378755
27 5 1 25 133463 1.0416738426619376
5 17 1 6 45974 0.9330213753863205
26 4 10 13 77091 1.095014686593633
28 23 25 1 78310 0.9121859972427664
5 28 22 15 88512 0.9828672208359069
0 1 1 21 98895 0.9756009058211368
12 29 0 3 117551 0.996470864438518
28 26 2 5 133276 0.9962727534304181
6 3 12 24 87697 1.0926854161954604
8 6 1 21 67898 0.9899663264246202
22 17 29 8 53063 1.036692131032585
19 12 4 13 49121 1.0727273006840718
28 7 11 8 71134 0.9120317446354812
2 5 17 23 97622 0.9448520333537243
7 24 20 21 53062 1.0393479798445375
15 10 25 4 61596 1.0999455769821693
16 1 3 2 59921 1.0445036226967144
1 29 4 14 59047 0.9773079244826705
13 2 26 16 91881 1.0495243825968268
13 4 6 26 99191 1.0748814984977102
27 17 21 7 49972 0.967813936486229
9 12 20 25 70803 1.087187801901051
13 29 27 13 83040 0.98081290242783
0 13 23 25 104494 0.916918471632703
17 14 23 25 57307 1.096060492480526
4 0 29 0 125541 1.0689252136804732
18 15 22 5 44759 1.0549934278241557
19 13 17 26 47735 1.0666716050651432
29 25 10 28 69250 1.001570624477421
28 2 4 0 113989 0.9707572363187744
28 20 15 21 42005 0.91915588328593
17 22 13 29 34041 0.9006147516744999
17 20 23 3 77356 1.0079042757459258
23 29 20 10 71096 0.9492390093517848
1 17 18 15 81015 1.027868650349903
19 27 13 10 84335 1.0719457797645608
7 6 4 22 60687 0.9521039634219547
13 27 2 7 88746 1.074515016946167
21 19 24 29 37775 1.071838042021927
22 4 16 10 42902 0.9817285192324454
13 1 10 22 88033 0.9494552391622639
28 16 23 5 48657 0.9794544085127529
26 25 24 12 43352 1.0374289702830959
15 14 20 1 65508 1.0893316164524245
6 3 27 7 98843 1.059874613264977
11 9 20 3 60825 0.9745490357653261
9 16 6 8 36897 0.9941302744781798
15 15 26 14 50387 1.0323186234049622
29 11 19 9 42827 1.0890631838044054
7 12 22 0 90486 1.064852687726539
10 22 7 11 43823 1.0796714888817758
20 5 1 10 97294 0.9571393956034301
5 9 19 8 64375 0.9806720733949583
0 9 15 6 70827 0.9639102100050746
19 17 0 14 80172 0.9887506414176765
8 12 15 26 67232 1.0036470589479851
5 28 0 4 94746 1.0660031376495267
12 12 0 0 90030 1.06401923402827
23 25 11 26 52324 1.0066437487093083
8 19 3 24 28081 1.0967559043056616
0 10 9 16 56493 1.073190389083359
18 3 8 28 110037 0.9387355032673709
20 22 7 11 72027 1.0377774290717714
26 14 4 19 82464 1.0760165920128941
2 14 29 27 118767 0.999778764131354
10 18 27 10 86958 1.0462811259280602
20 27 19 18 34464 0.9021417012764368
13 29 3 7 91639 0.9861778469538578
12 27 5 11 64192 1.0389709490942138
15 10 0 18 90961 1.052909948186446
0 22 5 12 47949 1.0201087849566348
10 6 26 12 77959 1.0247796898199242
5 5 18 29 102567 0.9813687164564637
19 6 8 4 58455 0.9086760104192492
9 6 6 17 49091 1.0806045422814854
15 5 21 22 76923 0.947377760707621
2 6 23 1 107842 0.9684254725175211
7 9 25 8 79525 1.018966072675346
18 11 11 3 58845 0.9843208331985863
7 16 28 24 83716 0.9455777029769654
8 7 13 15 45508 1.007609149840506
8 26 20 22 53544 1.0910015892778029
21 8 2 13 74497 0.9025854080910569
12 15 8 9 32549 0.9064998738572232
14 3 16 15 61744 1.0596432496927135
3 13 16 22 64081 1.0148794322437977
13 3 2 25 106227 1.0622372968919551
7 17 3 24 37215 0.9875977882407574
20 24 7 18 58649 1.0080796599092958
11 3 24 11 77397 1.0205308860202447
27 28 4 16 103074 1.0318405244073154
1 19 18 21 55547 0.9982445847986773
29 9 25 15 33239 1.029243401939947
14 11 24 26 82476 0.9528892206873852
29 11 15 10 60697 1.0955257127681162
7 5 22 14 75962 0.9703414792039549
6 21 17 8 74408 1.0817572238479765
22 25 10 5 103351 0.98852344947679
25 6 29 16 40623 0.982621907469537
3 1 4 16 59371 1.0032515553853913
4 10 11 16 46895 0.955572814021237
2 3 21 29 128273 0.9750208039922932
17 6 9 8 39405 1.0274837831779948
22 20 21 11 35820 0.9360887717296363
20 20 21 9 42830 0.9029051851428659
7 25 23 14 88498 1.0254611781497158
1 25 7 9 69908 0.994532091840441
14 9 22 2 51446 1.0992731693234847
24 17 23 26 30344 0.9513857981419205
9 14 20 21 50771 0.9716471937289799
24 3 4 8 97383 1.0326690945324573
22 17 7 29 84467 1.024965294469644
18 6 12 23 76418 1.0969297539467142
5 22 19 26 55905 0.9884298906716776
12 29 7 16 55859 1.0632941000858185
0 21 26 15 88622 1.07935914118428
25 25 12 2 115773 1.013402679287759
17 19 6 15 56319 1.0906282618787766
28 4 5 11 100214 0.9919068265508442
15 19 4 0 96612 1.0980471840075308
24 12 4 6 83611 0.9037689420115579
10 0 2 27 103462 1.03804611961257
21 25 6 1 116273 0.9790246951342996
2 17 25 0 133091 0.9560201946148746
24 19 2 2 118898 0.9557833011849434
19 23 5 7 83465 0.9600033614881455
26 17 2 27 90799 1.0916205512703072
12 20 23 29 55613 1.0942371638377486
25 0 9 12 95432 1.0039457598436494
11 13 29 20 72891 0.9867106034817874
3 20 1 8 55032 1.0070237445489842
24 4 7 5 84229 1.0221141348531646
2 3 14 16 86874 0.9926197938495255
25 11 1 2 119705 1.0857000969305555
16 15 11 9 42932 0.9260758134564123
23 18 9 29 77182 1.091170647089218
4 19 9 13 38193 0.9533782624411209
2 3 15 20 88400 1.0772278238399675
26 29 1 14 117630 1.0844189885692948
10 18 24 4 94127 1.0290301140132567
0 16 10 11 62583 0.978314945839706
14 23 25 11 72043 1.0757901589148096
26 6 11 0 87756 0.9006036962760818
4 29 10 12 62812 0.9138868583761105
13 4 10 17 66120 0.9940262401203522
8 16 29 2 104555 0.9633726380570068
1 7 15 27 97798 0.9092128345811574
16 13 25 15 36687 1.0957712935439423
