2530 2912 3698 4849 3498 3059 4507 2737 2460 3655 3032 3960 3888 2825 2284 4325 3691 3327 4745 2144 3155 3602 3396 2535 3485 3488 4430 3545 5151
3946 4595 3924 5200 5685 4186 3185 5806 5801 4587 3630 4184 3368 6100 4945 3955 5300 5793 5733 3579 4665 4955 5321 5121 3772 6092 4441 4977 4014
5451 6828 6342 7980 6494 6504 7102 8237 7459 7657 8311 7045 6488 6145 5151 7021 5620 7161 7835 5550 7680 6303 6990 6173 5690 5438 6208 8318 5176
5236 4575 6333 5957 6290 6202 5604 6856 7197 6389 4728 4854 5874 6962 5402 6318 6410 5547 4515 7444 6088 6893 7038 5681 6437 5041 4947 7455 4689
4579 4032 4290 5698 5774 5912 5884 3365 4601 4648 4267 5493 2973 3633 3433 5450 6011 5505 4970 4977 5724 3391 4776 5402 4280 5702 3873 3132 5774
4983 4153 6489 5242 5735 3804 6508 4720 3685 4039 6336 5311 6081 4800 6306 6697 4404 6903 6338 4381 6610 5167 4376 4392 5836 4786 6299 5482 3880
4408 6249 5031 6367 5814 4596 5916 6198 5808 6945 6787 6233 6573 4882 5423 6485 5638 6324 5768 4463 5620 5580 5027 7286 6027 4560 6047 6898 6604
2358 2260 2905 2685 4248 2866 4793 5298 3139 5023 3727 5196 3385 4987 3709 4758 4878 3295 4330 3195 2745 4182 5034 4392 5151 4188 3335 4832 2532
5556 3152 5467 3703 3583 3660 5875 5335 3043 4183 4519 4041 5555 3180 3502 5465 5821 3094 3921 3213 5266 3016 3437 6073 3454 6055 4711 5867 6030
5506 4229 5507 5518 4504 5533 3037 5998 5899 3317 5628 5020 3303 4409 5251 3678 3759 4501 3430 5092 5113 5448 4636 4134 5610 3952 3774 5086 3241
3929 5054 4370 3914 4869 3606 6203 3713 3380 4658 3356 3606 5157 6192 5365 3908 5581 4254 4704 3833 4396 6196 3069 3356 5155 3558 4080 4626 5978
7146 4898 6287 7854 7761 8031 6601 6128 5977 5513 5706 7297 7672 7321 6118 7329 6404 6597 7836 6923 7550 6264 5523 6388 5769 4923 7496 6696 6998
5740 5139 3518 4232 5150 2870 3135 5199 5090 5043 2909 4227 3855 5405 3734 4336 3904 5568 4671 4595 4045 4636 5312 5856 3339 5388 5935 4245 5590
5793 6810 6658 3959 5809 4905 5999 6917 4901 4113 6342 4298 4579 6127 4561 3978 4458 6829 4878 6155 4176 4303 5178 5800 4570 7025 5500 5706 4577
5984 5114 4224 5346 4185 5580 2876 3487 3420 3503 5841 3408 4669 2964 5584 2846 2980 4162 3618 3485 3166 5000 5742 5231 3967 5305 4133 5506 3776
2365 2564 4240 3912 3423 2139 2474 3824 4601 3102 3861 3563 3788 1701 4235 2487 3367 3467 3987 4190 4055 1722 1953 4733 4420 2358 3685 4373 4208
2917 4155 3642 3231 4149 3134 5213 3827 4480 3153 4884 5287 3216 3015 5395 4042 4126 2766 5340 4866 3527 2871 4892 4427 5428 2740 3701 4428 5243
3203 2785 2953 2343 3973 4635 4577 5443 4457 4198 4193 3704 3979 3771 2678 2388 3366 2310 5056 2399 5133 4599 3317 3616 3550 3384 3610 2366 5050
5423 8238 7522 7318 6981 8390 7499 6850 7097 7764 7661 6889 8412 6275 5425 8215 6509 8028 5266 6156 6218 5544 6978 8264 6872 7634 7752 5905 6082
3519 3549 3625 4121 2797 3818 3258 5511 5235 5260 3789 4033 2529 3625 2854 3494 4971 5314 2507 4818 5223 5345 3566 3091 4143 2533 2631 5060 4020
5959 4961 3953 6092 4013 4338 4484 4410 4967 6487 4984 5581 5845 4785 5337 6874 5244 5753 3841 4501 5398 6556 3817 4929 6400 6796 5293 5393 5975
5426 5551 3197 3826 4650 5228 2940 3607 3546 4624 4299 2541 5318 3167 3170 3593 3639 2547 4614 3888 5521 4668 5650 3598 2962 3951 3525 4212 2927
1099 1244 3546 1575 1089 1175 3694 3278 1029 4153 2425 2796 3150 4218 3410 2272 1961 3361 3074 3256 4257 1542 3453 1124 2866 3920 3939 3926 1343
7477 7265 5480 5786 6542 8368 8015 7390 6956 5515 6758 5699 5816 7826 5512 7565 8456 6203 6238 5452 7989 8478 8285 8333 6439 6749 6534 6158 6690
5604 3920 2820 5918 4911 3691 3288 5309 3516 3600 5339 3978 5281 5706 3791 4965 5948 3821 4771 3448 4825 4091 3313 5910 2927 3344 3771 5501 4871
6203 5399 7387 5938 7616 5047 5188 4724 6989 5887 6847 5510 4810 6452 6761 4384 5221 5477 6792 6987 5644 6058 4684 5282 5942 5529 4909 5554 6384
3448 2490 2038 4510 2389 3287 1939 1523 2419 3502 4520 3411 4097 4396 2849 2259 2258 1711 4297 1846 4365 4442 3824 2051 3332 1962 4136 3146 2286
6339 4578 5415 4736 6519 7232 4535 7385 7406 5092 7770 5431 4611 4867 7012 7558 5850 5971 6861 7269 6873 7097 6991 5854 5253 5817 5450 4664 7415
2167 4530 3845 3876 3876 3472 2385 4046 4240 2063 2263 2773 4950 3567 4219 4256 2598 2623 4102 3693 2834 2921 4842 4447 4138 5159 3884 4669 3399
3266 3183 4148 2997 3442 3593 3452 3661 3521 4692 2654 3089 4086 3844 4830 4723 2918 4719 3983 2650 5440 4140 5381 3350 4270 4476 2923 3188 5188
5888 2709 4320 4656 5179 5875 4811 1686 1828 5752 5943 3269 4623 5429 4638 7238 6413 4313 2424 3788 2740 4419 4704 4677 3940 5097 5904 5241 6637 7651
6310 2860 4831 2843 2559 5878 3672 3534 1822 6657 8308 2737 4160 7244 3297 4383 6361 2481 3038 4859 1966 3620 5688 2604 5479 4836 7847 4806 4968 6242
6490 4431 2753 5404 3728 4640 5539 4133 3633 7793 7158 5401 7011 5919 4040 6454 4267 5169 2574 4849 2685 4639 4454 4582 4425 5898 5957 4537 6510 6961
7024 1517 5015 4482 5146 3895 5391 3816 4307 5663 7058 3800 4491 6718 3216 7185 6715 4541 1605 4514 3183 2697 3937 2807 3924 5327 5091 4748 7386 4723
4478 2484 3400 3378 3237 5555 2883 4275 2971 7265 8688 4816 4573 7874 5230 6405 5012 2856 4201 4576 3244 4435 4467 3338 3903 4470 7102 4617 5777 7245
4777 3995 3467 2749 3875 3613 5419 3688 2902 7996 7852 3321 6569 7140 4592 4731 4866 2152 1825 3280 3428 3215 5211 4985 6476 6369 6268 3886 6913 5840
6255 3246 5459 2712 5249 5581 3243 2767 1930 7167 8531 5110 5601 5570 4495 5967 4584 2860 3133 5478 4323 4265 4644 3778 5002 6590 4758 3493 7439 5034
7123 2746 2647 3832 3735 5776 3903 4015 2478 8188 8015 4209 6252 6739 3254 7005 5491 3369 2104 3340 3165 2272 4146 2163 5765 4771 7018 5091 4934 5723
6963 3190 4229 3610 3205 5542 3926 3888 2443 6884 6202 3212 7011 5607 2858 6715 4443 3388 3729 5149 3867 2625 3818 4239 5858 6688 7266 5342 4440 5605
6352 4477 2661 2329 2441 3680 3909 3528 3895 7809 8895 5471 4947 7066 3109 5343 4961 3370 1757 2819 2255 4210 2760 3348 6465 4189 6147 2554 5389 5502
7518 1889 2843 4797 3856 5302 5173 3915 4037 7261 7552 3781 5164 6379 4531 5255 5723 2218 2180 4354 2200 2407 3642 2361 3559 6222 7575 3811 7303 4748
4681 3930 5082 3269 2456 4992 4501 2846 4282 6591 8044 3776 4990 6851 5879 5869 5038 3393 1259 3190 2661 2804 3783 4165 5955 5498 7096 4733 6258 4699
7292 3156 4544 4778 5282 3855 4274 3853 2870 5931 6075 4190 6857 7353 4844 4900 4245 2418 3876 3871 3006 1618 4836 2323 5694 6653 6154 3803 7519 6954
4854 1874 3287 2402 2180 4880 2610 3079 3537 6425 6275 3474 5927 7319 4184 6553 4088 4442 3937 4360 3124 1637 4938 4306 5745 6515 6214 5251 6115 4911
5687 1731 4432 2982 3397 5143 2931 4394 2461 7899 8205 2653 3956 7840 3750 5939 6633 2371 1730 3773 1910 2145 5307 3984 6593 5441 6294 4407 6181 5842
6389 4288 4529 2588 2888 3525 3183 2211 4253 6795 5911 5437 6051 6876 3968 7448 6244 3452 1759 2735 4321 4570 3127 2506 4232 5620 6015 3908 5643 7933
5446 4148 5060 4785 2723 4758 2972 1860 2652 7536 6690 3359 4290 5200 5105 7278 6800 2675 1766 3704 3849 2383 4723 3807 5681 4415 5672 3773 5997 6723
5673 3481 5090 5056 5038 2999 5426 2198 4356 6430 6021 4065 6560 7772 2876 4847 5793 4728 4174 4855 2056 1554 4904 3894 6180 4607 7424 4657 6386 5062
5349 4184 3095 3959 4525 3324 3509 2263 2950 6319 6194 4979 6857 4717 4338 5577 4524 4601 3921 4418 1704 4321 4638 4342 6156 5430 5520 5002 6452 5469
5568 3713 4281 4036 5011 2687 4592 3778 3216 7120 7614 5674 4162 4781 5244 5056 5586 2830 2800 5572 2601 3100 2749 3461 4992 4706 6768 4795 7374 7205
6073 1270 3215 3121 3439 4653 4292 3844 2370 7222 8176 4475 5698 6092 3033 5728 4066 4092 2137 2781 3344 2950 4322 2113 6303 4552 6741 2457 4692 5633
5947 3914 4933 4478 2807 3423 4093 4130 3741 7434 6331 4866 5934 5981 3841 5466 6835 3899 2499 4224 4225 3163 3952 2134 3985 4582 7242 2599 7506 6143
5902 1468 4364 4455 3161 4463 4684 3120 3762 7645 6356 3613 5191 6298 5175 6963 5268 2821 2371 5126 2459 2105 4155 2443 4464 4088 5688 4950 7073 7083
6100 1447 5859 2605 3972 5026 4858 2348 2507 8337 6316 5170 6569 5034 5807 7470 6162 3410 1716 5165 3008 4357 3021 4312 6023 6154 5478 3167 5270 6749
5231 2966 3333 5374 4701 3728 5731 1823 4352 5885 8026 5606 7019 6052 3046 5242 4869 3725 1371 3970 2099 3719 5437 3130 6023 6298 7571 5323 5033 6792
6686 2174 4647 3455 3639 4670 4596 3292 2862 7177 6761 3620 5576 5723 4722 5238 6938 4256 2898 5311 2818 2570 4945 4161 5310 5782 7140 2569 7514 5574
5296 3319 5578 3959 3393 3584 3532 2748 3134 5552 6431 4697 6693 6865 5951 5700 4688 4905 2293 4922 2646 2040 4689 5022 6536 6880 7197 5275 6848 5103
4933 2928 3267 3807 3116 5209 2580 2060 1646 7058 8133 5416 5714 6832 5263 5990 4542 3352 3134 4078 4711 4018 4887 5192 4756 4655 6427 4632 5709 5070
5639 4372 3052 2878 4494 3523 5157 4230 4456 6040 5769 5325 5050 7651 3393 5124 5519 2295 2949 2833 3767 2547 2652 2406 5229 4120 7748 3645 7307 5323
11 22 19 14 45154 0.9603847358098737
5 20 18 28 63114 0.917709611103999
3 9 24 9 77393 0.9303809406276569
0 8 19 14 82299 1.085338108229469
21 14 14 20 38339 1.0517794453156775
5 11 17 20 70191 1.015281912638939
17 27 15 11 58988 0.9697291724367683
12 19 18 7 57844 1.0957175220092656
26 17 24 28 45122 0.9777175341035701
20 26 13 0 111555 1.0210133280932558
17 11 21 22 49028 1.0798248939491204
26 20 10 15 60280 1.0816731876257273
1 4 15 14 82326 0.9893881757034805
23 18 8 20 47029 0.912497752719129
21 9 1 10 77299 1.0613360462064372
3 14 0 27 56582 1.055581359800662
29 29 5 27 106499 1.0596844603678497
0 22 23 13 93594 0.9141713083598463
8 8 1 26 87772 0.9562525402704678
20 27 29 0 98803 1.0970056551585792
28 2 25 14 50435 1.0312296635019829
18 20 14 10 44138 0.9465236134605282
25 27 25 14 46623 0.9362002289518994
25 6 4 15 99441 1.0803542365295598
23 14 18 21 38862 1.0279976969851359
20 29 3 16 98565 0.9346853935620869
22 6 18 14 41199 1.0925738269695973
23 13 22 3 30662 0.920898110737018
28 8 8 8 64519 1.0635469998377678
22 5 11 20 73602 0.9351825817018209
3 23 6 6 88590 0.9596956223196736
22 25 17 13 48825 0.9450693535987009
26 2 18 19 69282 1.0015114679426225
27 5 7 16 97912 0.9700541188948113
26 16 21 9 46873 0.9415914648082931
15 2 3 11 70862 0.9281814141156332
6 5 27 1 77044 1.0658788140303368
28 8 2 15 112822 0.9329140678149607
4 24 5 12 60818 1.094825242599367
1 9 22 19 97288 0.9478128943133292
15 20 5 19 34141 0.9042123401139489
24 3 29 12 43646 1.0507651635142718
5 28 16 1 125791 0.9918719298572045
28 0 11 11 77766 0.9065749875867236
15 7 2 10 60686 0.9743831380163146
18 4 8 17 74814 0.9760749788175349
20 16 20 29 55553 1.0034592897375505
26 1 21 29 89600 1.0033211999790754
20 10 28 19 53215 1.0870182265794166
20 1 13 18 74283 1.059945081734178
19 14 22 23 38704 1.0049042913073023
16 2 10 15 69873 0.9877125748233355
4 5 13 23 99115 0.9487427675098331
22 17 15 26 48720 0.9492998468247462
19 8 26 12 36662 1.0290996964645873
7 2 12 19 79708 1.0876732394041535
13 26 5 21 48659 0.933728963134587
16 28 10 23 40369 0.9770052063931478
9 6 29 5 69707 1.0409470400931777
1 13 11 29 97387 1.068185161953831
2 6 13 3 54292 0.954115707370766
12 22 24 28 61435 0.9664700139967466
22 6 24 16 41855 0.9585893202643858
23 2 17 11 48129 0.9343396059053394
19 11 29 10 51116 0.9078861572468714
3 9 17 3 63612 0.9254916340321803
6 12 20 15 70579 0.9041772387698531
13 12 11 24 62986 0.964296279784481
13 8 11 24 75754 0.9750490005787928
18 29 4 0 142903 1.030352536530408
18 12 22 2 46088 1.0303842240518382
9 2 1 10 57624 0.9995407759632404
12 12 23 5 58757 0.9251600293420627
21 28 28 10 75274 1.0161797325853212
2 23 0 6 65014 1.090636058271465
20 20 6 2 100353 0.9808517424436477
18 13 11 29 82516 1.0827459755064521
1 17 24 1 109088 1.0585403507426503
24 1 9 28 119866 1.0302783405980638
19 7 0 2 74431 1.0732608844210616
8 16 28 24 83061 0.993622286225288
19 16 26 19 29592 1.043383383250597
28 6 3 10 91997 0.9144500587360803
0 28 23 17 99135 1.073906587340375
26 15 9 19 51809 0.9125907589349058
23 14 3 16 77921 0.9691585118055266
8 19 11 28 47798 0.9769229735073135
16 12 21 21 44242 0.9929325816117606
15 17 25 15 42345 0.9254211855492759
6 19 25 27 82357 1.0796719051866912
13 2 5 26 120130 1.0252409196152583
2 29 13 14 100576 1.091378900690017
29 21 13 7 86038 1.0676543789778952
15 19 0 21 51102 1.0341817554677286
8 24 21 13 72499 0.9531508780012345
11 15 19 4 65226 1.0453880742831436
15 16 23 3 62643 0.9278913572438569
13 23 8 12 58388 1.0430826013144272
13 4 13 25 85096 0.9112611799701598
8 0 20 28 133057 0.9667182859339505
7 1 1 28 119057 0.9415714639272905
1 22 29 20 94083 0.969832118427239
4 7 18 9 54963 0.9518713349414648
7 13 11 22 47405 0.9910213666166269
19 18 1 5 96233 0.9067639191486475
18 16 26 23 48593 1.0802794382013785
24 14 27 25 47882 1.0532145866402916
15 10 0 27 96821 1.0922064367398479
17 24 9 27 42784 0.9065073589624206
16 6 29 11 54063 1.0399931503045818
19 0 9 28 124427 0.9185125370989708
5 25 27 8 116875 0.952522215366055
9 23 24 29 73082 0.9839933939867954
11 18 1 25 55859 0.9975680142879697
25 27 13 18 64803 0.9559582616941549
4 12 24 10 89738 0.9540061699392914
25 29 13 17 78953 1.020925764335497
5 15 25 15 78858 1.0274463976669235
27 28 7 4 134744 1.0712540771738774
1 10 17 3 73498 0.9388660422723213
19 9 9 19 58886 1.0154764637062492
28 24 6 2 133244 1.0669407500433712
11 9 21 6 42045 1.0900711089403015
12 20 20 22 30367 0.9814972717126038
21 25 7 8 100722 0.9161609783964344
15 8 25 20 66209 1.0880983304170069
10 5 26 25 109572 1.0621820568416798
17 9 1 14 81216 0.9511306504506203
15 3 28 11 57684 0.9004903492788158
9 21 18 15 41111 0.9018422428730504
1 25 14 10 97385 0.9244083922072508
23 4 4 12 85251 1.0618443757923008
16 2 2 29 141361 0.9583822465268445
29 11 12 16 77549 0.9640418128155916
29 14 13 13 75795 1.0795992683313271
4 1 2 20 81819 0.9312944315674
21 24 16 4 81395 1.0444488874115008
23 20 9 4 88043 0.9947509170418273
13 13 25 21 65651 0.9379730269427762
27 13 2 4 113027 0.9490528742382454
16 28 14 2 96287 0.9355965959954842
28 0 6 23 119595 1.0311639458882946
21 21 7 14 62901 0.9927000590956773
23 8 11 18 62395 1.0021424685084364
5 4 11 29 124402 1.00355301866985
21 29 2 18 87977 0.991895523671561
26 27 23 14 52907 0.9979715226551309
13 17 20 21 33019 1.0292363199106231
19 25 4 13 84814 0.9522666290518248
24 26 18 10 76450 1.080514338447973
13 2 1 12 78506 0.9848942572254115
29 13 1 11 119055 1.087067611685523
8 11 28 25 107378 0.9394743626357682
2 20 1 4 62521 0.9368620981675033
9 17 13 24 39907 0.9802162062668057
14 21 19 29 41847 1.0427807796039863
21 5 6 5 59628 0.9331893171991916
7 9 3 22 68471 1.0745673863763727
25 19 4 16 69052 1.0823242706054088
21 19 0 28 93156 1.0518755058324027
18 7 13 21 57901 1.0558858754251024
27 9 20 28 80791 1.0336347721012191
14 13 1 21 67731 1.0887794202806818
16 18 6 9 68456 1.0198992955519797
18 26 21 0 89999 1.0563552926687796
29 26 16 15 74908 0.9798173804840674
27 0 13 27 119877 1.0822172208882297
20 25 27 2 88533 0.9688224384596695
19 12 8 19 50024 1.0601030176094892
25 16 11 6 79373 1.0832027436997127
14 10 21 4 38955 1.0866606708295874
4 17 16 6 73023 1.0934359390596822
23 4 12 10 51437 1.048679815941603
20 11 25 26 71075 0.9879996170768943
3 24 19 27 74425 0.9436644575219166
22 20 4 20 55283 0.9617994956478367
15 25 15 7 63056 1.0699119472048444
21 6 16 29 97854 0.9867225958697994
13 27 3 12 90855 1.0709825267205537
19 20 7 15 48243 0.9471998412195795
18 7 29 1 44221 0.9142219022366879
29 21 24 12 46435 1.0593245782921428
3 3 26 7 81461 0.9913297511202861
11 6 24 8 45890 0.9553059179777335
13 27 0 17 75828 0.9282660699607598
17 13 26 0 64195 1.0204259387755399
13 13 8 29 85382 1.0834392566965947
10 15 25 29 95398 0.9953643584239688
22 17 10 29 78900 0.9170285576753007
0 12 21 27 106640 0.9048144456451469
15 3 20 15 58372 1.069975542826887
21 29 8 10 106222 1.026152929464867
28 15 22 19 26334 0.9965416601864059
14 6 6 26 97401 1.012228576266768
26 9 2 9 87838 0.977803721620534
18 13 24 24 58657 1.0404996225533307
4 7 29 2 93921 0.9401307623768894
2 19 13 26 66337 1.0619697699793729
24 25 9 14 80007 0.952988118622454
29 24 10 19 72508 0.9099631106935074
6 12 24 26 102608 1.062644746949482
13 3 5 24 104399 0.9921465330602008
1 17 15 26 67021 1.0380013382125979
23 11 23 28 63211 1.0291949697006164
11 23 2 16 53685 1.023716329941368
26 7 1 6 85783 1.022961736264197
9 12 10 1 51676 0.9370659661181373
1 6 16 29 121669 1.081114026867813
15 21 7 24 30454 0.9585343020091305
20 16 22 29 45451 0.9069317497197156
20 6 16 17 53163 0.9112719082710096
18 4 25 25 89905 0.9978780005918199
5 28 5 11 88052 0.9854530003325892
7 21 1 26 45060 0.9277760570728529
19 6 18 23 72604 1.0815489358613246
7 15 23 18 54930 1.0798872476395975
28 4 17 28 103138 0.9704008097764325
12 6 0 8 41818 1.0999071105037543
21 29 3 22 83934 1.0210609643303745
26 9 7 20 84512 0.9261997324919159
0 4 26 1 88747 0.9287446932302055
23 23 9 21 43196 0.9525438912298632
28 3 14 26 110954 0.9456264881498341
25 4 4 20 107993 0.9715118237280664
17 11 2 14 70620 1.0612301988268724
2 19 15 9 70271 1.0046986974782754
23 18 2 1 110411 1.0749556662800284
0 19 9 25 49166 1.0829277134263717
13 6 22 11 38453 0.954897511786686
2 0 25 29 163108 1.045235166927803
18 5 29 27 100609 1.0091750758032196
23 16 10 5 77005 1.0046819873711392
4 4 18 14 82817 1.0677810629889932
6 24 14 12 66785 0.9902512549911839
5 1 16 21 102097 1.0953559875570673
7 2 24 29 137704 0.9179506403178942
3 14 26 25 101414 1.0345771144734497
3 3 9 9 44031 0.9310713767678458
24 10 5 10 75482 0.9295582590419684
18 22 26 9 65149 0.92638878999107
21 1 4 15 100782 0.9426357874910689
1 15 15 13 63925 0.9003832234950315
4 24 28 26 101219 0.9916719234999352
27 22 17 28 54690 0.9679566630239803
21 7 14 22 71149 0.9210027851930429
6 20 18 15 48856 0.9269614104791446
19 17 24 25 41782 1.0816870637934597
17 19 14 2 65731 0.9871560647323414
6 13 29 1 106357 1.0671046492707976
17 20 29 2 84597 1.0787481063302244
29 19 9 26 85622 1.0483981541418173
9 3 21 5 46661 0.9060268975595689
23 13 0 18 79948 0.9273647600590542
26 5 2 7 84290 0.9411137063618056
5 9 22 26 110325 0.9202010599251045
7 29 28 15 102662 0.9594223819054357
8 16 24 16 60295 0.9345246232195676
21 3 7 9 62539 0.9183189880168009
9 18 22 1 78171 1.0373243107350751
8 29 20 25 65701 0.9883320488199114
5 18 8 29 54597 0.9636209303437894
9 10 26 26 103819 1.0497774062240155
18 18 0 24 66648 0.9413475932159974
19 21 7 15 53466 1.0690849100289088
3 25 18 11 92367 0.9484032860110869
4 10 21 16 85738 1.0358568899492355
11 25 10 10 72301 0.9758408038852748
1 11 24 7 87162 1.0334145949353726
0 3 5 21 79414 0.9934425189856232
17 2 24 17 65812 0.9314596860634915
22 24 6 22 55600 0.9499959047346627
26 16 16 18 29622 0.9666313851326129
20 20 4 26 70564 1.0196983415356917
29 9 28 28 76041 0.9853256170071899
26 17 18 20 26532 1.0158057841662738
15 25 20 13 54947 0.9648064657300295
29 27 23 17 52744 0.9833310239959906
20 29 26 21 44966 1.0514839954392101
19 19 20 2 60419 0.9204823268013964
15 16 20 11 38870 0.9148223020803518
3 23 22 4 107891 0.9221585431589477
25 15 8 9 87892 1.0084313446692774
7 6 17 25 97593 1.007494645950573
2 0 24 18 117578 1.0482278356659935
8 19 20 27 59058 1.0811358589060678
26 25 18 27 36960 1.0758351540977575
20 13 21 0 48273 0.9270766071284714
21 25 15 15 49868 0.9720342829767188
1 1 24 10 95510 0.9199907240542631
14 29 0 4 128274 1.0782217229776825
18 4 10 19 74367 0.9298918812627863
8 2 0 19 83027 1.0233190537044021
16 4 1 5 58919 1.0747385381875492
27 5 5 11 88396 0.9141963556921825
16 12 28 12 62948 0.976891775846229
16 15 13 3 51135 1.0050582232555427
18 4 23 28 92223 0.9526520869642758
20 26 15 14 58965 1.0917854505167452
24 5 16 7 30520 0.9058713394790683
13 2 25 11 67268 1.055644040233398
18 13 16 23 41831 0.980593574510716
20 15 29 21 44965 0.920070479421836
10 10 23 17 69076 0.9946522500055183
23 14 25 28 61030 0.978871074051525
10 23 18 26 41426 1.0257533183689933
27 26 15 0 113411 0.9753380339207257
28 22 10 23 63647 1.0848213187472022
1 27 2 13 63928 1.062387504961077
28 26 12 15 85913 0.9817236005535539
10 18 26 12 57964 0.9806691221542958
23 16 7 8 78262 0.9309068278977851
29 7 13 1 60547 1.0318131514445583
5 13 28 13 101188 1.055675335315379
2 11 20 11 76728 1.036471830119472
19 3 4 22 105400 0.9554356976525207
0 25 27 14 104874 0.9364216770924771
18 13 23 8 35882 0.9659181587869463
15 12 23 28 75740 0.9451656955340274
8 8 27 6 63687 0.9039265729901427
8 26 19 24 57628 1.0024580331104425
17 11 16 23 44134 1.0591578591327353
0 26 20 12 97719 0.9808022420764311
15 20 24 6 67500 0.9943470170274206
9 12 3 2 60489 1.0145034373719415
24 7 12 27 100026 0.9620659292678408
4 17 27 26 92463 1.0288432237494889
27 25 20 11 69739 0.9299295795150045
23 9 20 20 48369 1.0398860210367566
18 18 14 6 50695 1.096083216985065
18 15 23 4 50717 0.9307754484732889
6 26 13 1 114758 0.9679357891569876
12 28 29 17 85451 1.0576094004761152
16 5 8 15 62896 0.9744804633049426
6 9 24 6 66605 1.0048384694071262
16 8 29 3 53110 0.985487296324943
18 2 12 12 53965 0.9028884167165403
6 1 12 10 53276 1.0831562214341455
1 0 0 28 99887 0.9774043429790716
0 5 15 22 93938 1.00863863508718
4 7 20 23 103217 0.9031774092375207
22 7 4 21 92596 0.9653227697918324
21 15 2 2 103925 1.063953006868
0 18 20 27 83883 1.0498869718162984
6 0 5 27 118737 0.9154629250874564
24 10 9 27 102779 1.052881062422278
13 25 0 6 103915 0.9614164588603751
22 9 26 0 28133 1.0890446499296038
5 7 20 18 84147 0.9446231747062935
0 8 20 29 128698 0.9118403822993094
15 4 23 22 75926 0.9221036601264685
27 19 10 15 63291 0.9410171493793287
7 23 13 12 61630 1.0836213261726468
12 3 14 25 89195 1.0971606277455637
20 29 17 1 103740 1.088031249814528
15 17 8 9 54400 1.0931036423258806
10 11 25 1 70102 0.9677921115379866
29 12 23 23 56827 0.9671276013337717
4 2 10 25 108832 1.0389079844232554
5 10 2 17 47430 1.081491972339371
20 4 23 19 52457 0.9026384388106515
25 0 21 8 31353 0.9513682826825582
0 4 16 2 62787 0.9492164036862446
29 3 5 7 87467 1.0529024353963043
15 21 25 5 78695 1.0820882652771155
18 16 24 29 67383 1.0208722013037799
7 16 2 11 44084 1.0532679648655972
1 14 10 9 55261 1.0346715060777467
29 11 11 16 82587 1.0849444024064838
26 3 1 12 108509 1.0513985669441297
1 26 11 26 54822 0.9461886244185223
27 3 16 23 90705 1.0935551414587164
28 20 19 5 69263 1.0494994924294447
1 15 13 16 51928 1.0733134635656645
18 22 28 28 55554 1.0683831526981786
8 27 10 12 70975 0.9306444249116576
0 2 28 15 125429 1.0948180316575657
0 24 10 27 55205 1.099113484609693
8 17 22 14 51622 0.9976382361101911
26 4 10 18 80954 0.9718306973849562
9 19 7 7 55774 1.034550658230838
28 5 17 3 48083 1.0655541854204358
4 6 17 20 88207 0.9943896546527495
1 6 8 0 48711 0.9916251226994434
26 18 16 3 72291 0.9006293710608303
20 20 3 26 75230 1.066476254479605
25 2 13 16 80947 1.0966905074074573
15 10 25 12 56496 0.93268277919257
26 7 27 19 42099 1.0730781135705232
8 16 29 20 69804 1.0970490196537848
11 1 22 13 64843 1.081227506298526
16 25 28 5 95073 1.0210305793660548
3 29 20 2 147035 0.993124700314129
22 26 28 0 84337 1.002984560231073
9 10 10 27 75441 1.0932654532048856
5 8 26 11 77490 0.9030344857043815
4 7 28 13 93707 1.0770144711807303
16 7 29 17 68096 1.0215120321850004
19 26 23 19 34638 1.0927787840777565
6 24 16 25 48644 1.0719146546192686
6 29 4 4 119785 1.007336971577214
8 21 18 23 31328 1.002017714475274
28 21 13 6 84033 1.0436874514874463
10 9 24 4 56975 1.0263263393785234
27 27 3 1 147495 0.9914033500524791
22 11 10 3 59559 0.9320463222866542
7 21 0 26 43796 1.0389273268714865
11 0 23 15 85925 0.9481752330127232
14 15 24 7 59526 0.9661419918853537
24 1 29 11 41987 1.004160035451693
24 9 28 20 52368 0.9299689000519358
28 3 29 17 50879 0.9238886929191651
16 10 23 23 63204 0.9033842083823479
24 0 9 14 89005 1.0674426477770713
14 1 22 10 47512 1.0125041405051496
10 23 20 26 48223 0.9864914668776804
28 14 6 27 103010 0.975991398796427
24 22 18 18 30662 0.9355467563473189
25 26 22 6 76476 1.081744404978186
17 25 5 21 44352 0.9616629408999373
14 19 27 3 81449 0.9173510636029001
10 11 29 15 85880 0.9852272025033619
20 24 9 28 61284 0.9688644502902708
1 18 14 17 39380 0.9692920901505201
18 24 22 18 32537 0.9196461422898704
11 19 8 12 39385 0.9183791591314875
19 13 23 6 39059 1.0348187392750376
19 19 8 15 46975 0.9911839576510291
18 0 4 24 121574 0.930480452636079
20 18 6 26 68825 1.0378002635086612
25 23 28 15 37839 1.0933039097705393
27 3 20 14 54250 1.007798207333644
6 15 26 27 96517 0.9745159596784072
25 18 26 28 36299 0.9806550179963182
7 19 27 0 105133 0.9360077298073076
29 5 27 14 38545 0.9611126221258284
15 11 20 17 37427 0.9393703609548572
17 6 5 10 50740 0.9385833724404673
18 3 5 25 113949 1.0996154831203593
16 6 12 21 58907 0.9677181905716952
17 11 4 11 52809 0.9722718008481493
16 15 24 13 44838 1.0370253341085496
8 28 26 5 123542 1.0475617277283598
26 12 19 21 45726 0.9230021122788826
25 24 8 13 86980 1.07166514870951
13 28 28 10 105440 0.977495518302664
13 17 8 1 80341 0.9841632648328249
17 7 21 26 75139 0.9045114742442295
15 4 24 19 68500 1.0021296133156248
27 9 18 25 78865 0.9429247006192021
24 27 2 21 84867 0.9116512296061645
11 26 9 18 41350 1.0680143729336786
26 27 11 18 68469 1.0128369767147594
6 25 19 28 70045 1.0563665469102765
25 28 20 7 85378 0.9782429082322962
21 16 17 7 45277 1.0461533346076188
23 28 29 7 88769 1.0613291802678448
9 21 28 10 84763 0.9927494643883645
8 12 10 28 72455 1.0972972816594209
22 0 3 25 127112 1.067676275779755
10 21 17 25 27765 1.0172814097916352
11 10 0 28 100351 0.9560027638590777
23 23 22 6 53772 1.0232499967053243
2 16 8 3 76343 0.9800816543570638
15 14 21 9 43765 0.9975614409409223
21 10 14 1 47743 0.9104098677960837
22 11 2 24 101154 1.0015259498184932
8 10 20 5 52870 1.0538868510902146
0 1 13 5 53790 1.0753290709111907
8 11 29 25 108819 0.9742515724466067
12 17 9 2 72114 1.0326156033671756
17 9 19 1 35529 1.0873641990805079
22 0 14 20 73364 1.0821838441915599
21 1 25 15 57301 0.9114456964458472
15 0 6 7 47882 0.9078987732084586
8 22 28 17 65778 0.9077717872089061
2 27 14 4 123692 1.0835348147103245
0 25 18 12 91011 0.9847276928376019
8 22 18 14 47459 0.9107991965174103
22 19 23 8 35611 0.9140114484325149
3 6 16 3 56721 0.9731200845999892
12 6 18 18 57579 1.0287085732857615
4 29 10 17 68724 0.9174627914666437
10 21 3 24 36040 0.9100179921290749
1 3 23 8 85434 0.9382419699728451
4 12 16 20 64823 1.0068690191653014
19 9 27 1 41464 0.9984273194859392
6 19 28 12 84525 1.0720773408080009
6 5 4 13 41531 0.9810500591804764
18 12 4 24 81551 0.9566765423913612
15 14 8 18 32024 0.9316767956864008
27 21 18 15 46914 0.9508354601696225
17 6 9 27 95058 1.0857902321107924
0 20 28 7 111426 1.062898110150127
25 8 22 25 58968 0.9678035265758339
9 24 26 10 90125 0.9737905199601314
2 27 26 16 105644 0.9131644398402874
14 12 26 16 54382 1.0445507519553647
4 10 21 16 85738 0.9743870375471073
19 3 5 18 86052 0.9905279101591128
27 11 20 26 68379 1.0718532281712032
19 26 2 17 78156 0.9811515857811777
9 16 0 0 85969 1.0909180166721022
3 5 23 4 78174 1.0170386161485274
29 20 3 24 93190 0.9116398401578103
0 25 9 14 63136 1.0009342052314034
20 2 25 26 91205 1.011667975202182
20 9 17 27 78976 0.9795955160999766
26 9 22 15 37083 0.9744187072721349
14 27 13 8 75680 1.044608524689977
11 13 19 5 56246 1.0599589229034228
17 1 27 14 69287 1.0702307281325831
10 27 18 23 43495 1.002453467893317
12 10 18 25 69827 0.9129558050155475
27 3 5 23 120780 0.9971534229523071
22 0 24 14 45453 0.9207977532559958
29 29 6 6 145306 1.0774031142148177
25 25 29 8 70597 1.026919106544206
27 10 13 8 54564 0.9436779155371299
18 12 6 16 60942 0.928518150094972
20 1 28 14 54249 1.0690145153330026
7 13 26 11 90211 1.0362118689871969
26 26 29 12 56565 1.0299535536457967
29 6 2 21 121530 0.9219035047466911
14 6 19 23 71870 0.9177977152157533
19 23 6 21 42207 1.0513768323306356
25 14 18 4 56817 1.030834756050407
26 28 24 13 55952 0.9501491536762409
22 2 10 28 112693 1.0484794826872819
12 2 13 15 59267 1.0695254360265734
13 18 11 29 61014 1.047675836520876
16 20 2 23 52804 1.0354476100314538
9 15 25 24 75691 1.0210652401439364
26 2 10 7 60448 0.9902490146051579
21 20 6 11 76575 0.9540517032893214
10 21 16 2 76258 1.0140168654186057
9 11 2 5 48865 1.0805334172925674
14 6 2 6 50771 1.022736137015508
19 2 27 28 103307 1.0695625121666559
5 0 19 15 95337 0.9424385577710075
14 12 9 6 39917 0.9764402421556239
26 25 18 5 83522 0.9998399701541405
7 28 18 18 65513 1.0426813395207946
26 28 16 5 99499 1.010426357224791
13 13 19 9 41893 0.9272821177734742
19 17 28 18 25751 0.9498082108939914
0 25 12 4 106347 1.0908790104048829
25 11 20 5 38219 0.949030481190743
24 9 15 13 52238 0.9115958076046754
26 18 8 17 48974 1.0410076756067037
14 16 28 18 41657 1.077885768608547
5 1 10 21 93770 1.0606388868584125
24 15 27 29 57498 1.0114042361685964
12 24 13 14 49084 1.0260286401185719
16 24 26 21 41924 0.9541083523590319
26 29 16 19 59929 1.039055631626511
11 6 2 15 68863 0.9273456693019065
24 18 15 11 45751 0.9362998434853118
4 2 27 7 84017 0.9794741487868601
8 13 25 17 67957 1.083764270580795
29 4 1 28 158521 0.9469842606703426
23 6 4 11 79017 0.9605403127297006
14 26 2 28 63742 0.9131634539365369
5 3 16 3 36048 1.0534664885760705
18 28 12 1 108641 0.9869125109170341
27 28 19 26 38430 0.9945979971145742
28 6 19 8 30381 0.9044483806668403
5 26 6 2 112037 1.009165417679549
16 14 28 22 58711 0.9896563545792828
23 13 12 29 93860 1.086731909158126
7 8 1 24 76357 0.9304527321625955
0 11 24 17 90636 1.0789907717355913
11 4 17 16 59409 0.9460827102833108
4 26 19 12 90591 1.0685837457976894
16 14 15 27 48627 1.0341872309551636
14 22 17 4 68642 1.0045097090867956
13 2 20 9 44128 1.0037072807502454
18 26 7 3 115463 1.085950892858407
19 3 8 24 100348 1.0142284790560259
20 0 6 1 51427 1.031482434757104
27 5 6 16 101532 1.048151779917459
20 22 6 3 106038 0.980575771922651
9 9 13 15 43830 0.9982534233917241
25 17 18 4 60388 0.9918229144164773
20 7 27 16 52221 1.0274130966352248
14 2 20 25 97964 0.9789979637691104
6 3 26 10 78296 1.078139278253023
19 29 14 22 43287 1.0809927360553262
17 25 14 9 63991 1.0647054339192235
21 28 19 1 87515 0.9837195340960692
25 21 1 3 129987 1.0181104547874023
8 19 2 10 59867 0.994341112728121
21 28 12 18 60757 1.0755180758218033
16 1 21 14 57923 0.9766601239562062
10 27 0 7 96338 0.9505688871109453
8 21 21 14 56806 1.0071042008263427
5 26 17 16 68894 0.9344413362548207
11 13 8 1 60305 0.9891136459054863
2 27 3 2 108661 1.0141784310301187
28 15 17 3 69144 0.9052644440127794
15 1 1 3 49726 0.9311122198719818
4 12 22 20 78145 1.0658696260381109
2 27 24 6 134128 0.9858198110781314
8 0 15 6 42081 1.0877963828375772
17 26 10 8 84129 0.9200511808986791
5 24 27 16 85140 1.0027137195822857
14 20 0 0 105982 1.0839635676274637
0 3 25 25 145846 0.9370614015542829
17 28 15 4 84778 0.936596216709475
1 29 9 3 125348 1.0356078233532457
8 2 17 28 116765 1.0829897102102994
29 17 23 3 62098 1.0864180729471287
21 25 11 17 56638 0.9333526615428306
4 6 27 11 91554 0.9117867483297717
4 17 17 9 65847 1.0382870377843987
16 1 9 7 42506 0.9478640483791563
7 13 25 3 89757 1.0712192217246383
7 24 15 8 74480 0.9265081110424909
11 7 23 9 45677 1.0033093992898148
23 23 24 7 55546 0.9599458815641304
2 29 0 3 103403 1.0010984865554213
2 26 14 24 64278 0.9455220219588706
28 8 16 13 58568 1.0015970138992127
4 5 29 22 131079 0.9702623083470883
16 19 9 8 61976 0.9556419549736619
27 28 4 25 105950 0.9170876963336263
15 24 25 4 88426 1.078047906475466
16 17 0 7 80081 1.0291325061394232
20 8 8 2 56743 1.0778727801757628
3 23 7 9 72117 1.0902799195126307
24 4 25 23 70611 1.0832646558979897
22 1 14 27 97827 0.9344466806928847
0 16 28 23 97621 0.9022891100050686
20 7 7 24 90614 1.0324481360029951
12 14 3 11 49847 0.909766743220786
23 4 1 22 116108 1.0165459493716476
13 5 15 14 36955 0.9869660134819551
28 24 15 14 69234 0.9144195060308519
10 19 13 29 55610 1.0695742416493987
24 27 8 29 73799 0.917319907342295
5 10 17 29 106205 0.9275021745200318
12 16 21 10 57762 1.027326535596235
0 13 24 15 93701 0.9745872082674304
22 26 12 18 51300 0.949160101778798
8 15 17 18 36373 0.911409217539681
5 24 24 6 108936 0.9859293557771482
19 1 9 3 40434 1.0459424107059543
6 7 6 17 49727 1.0329468350712805
23 8 17 17 49297 1.080769586908321
13 2 21 10 49701 1.044638490480551
7 2 21 23 109500 1.0677125858392749
25 18 17 2 68400 1.0478151505501807
7 1 11 25 105041 0.9001257779403032
2 9 4 21 65508 0.9039191216231297
7 21 25 13 76180 1.0228684655337865
18 17 2 29 96131 1.0068081527346737
16 2 3 24 112298 0.9347933574603728
11 1 14 24 92561 0.9797812067398007
1 26 17 1 131550 0.9726434427307119
6 11 12 20 55539 1.0206039448299138
11 9 0 5 48526 0.9596045426839546
26 17 18 2 67616 0.9261272460481622
24 1 11 20 83971 0.9104834774890982
24 27 4 9 121456 1.0803094364559098
2 22 29 11 114216 0.9857043688154616
20 27 0 20 79449 1.0754765132941062
11 27 21 26 46311 0.905599099922657
15 27 20 0 104563 1.0198462273837343
3 0 17 7 62294 0.9709757508578567
15 9 22 18 48627 0.9843296996377967
7 8 11 14 37497 0.9812599411094057
9 25 23 26 65694 0.9880463676676268
12 10 19 2 48976 0.9537117929648065
10 0 1 7 56312 0.9854577139655287
16 1 18 24 91964 0.9336403386381761
15 19 9 1 77792 1.0440326795930555
14 10 28 25 90918 0.9027900971001328
4 11 15 0 71732 1.0637406543330479
11 22 23 21 37965 0.9814698024308895
29 6 13 12 69030 1.0514917370785444
27 22 22 16 33317 1.0033347456197519
29 28 13 21 71981 0.9685266508179534
1 9 5 18 49628 0.9859218733258588
4 18 21 9 78690 0.9176267013365793
1 21 4 8 59331 1.0764615538409281
5 1 13 13 72291 0.9562737474810299
15 18 9 2 74148 0.997051480369509
3 25 17 21 59680 0.9331759706312367
2 2 24 18 113863 1.047074870414196
4 9 15 12 53534 0.9762744459192252
9 4 18 0 42180 1.0755024556942414
11 26 29 19 83549 0.9867277450770762
17 6 19 15 41874 1.0073881572819963
28 1 23 18 61049 1.0730966808700693
21 21 15 5 68298 0.9502439055401691
10 28 0 17 68107 0.9744614045276624
10 29 0 14 84385 1.0719632614412538
14 24 24 17 50971 1.0961352907728068
27 26 8 26 88537 1.071371544230787
22 0 11 19 81300 1.0633243109199162
13 6 1 12 62466 0.9572951590801176
14 26 22 9 79399 0.9984786947268025
15 7 7 9 32966 0.9845326655806502
6 22 29 13 92170 0.9908362748325908
21 12 23 23 41355 0.9006014968053545
23 2 26 21 66360 0.9418525124799272
13 15 3 16 45411 1.0780420542937357
1 21 16 20 49841 0.9226160610557653
6 19 29 5 104018 1.0478393208417718
10 9 1 1 54945 0.9590276779566196
4 19 21 21 57313 1.0157148498483113
27 26 3 17 97004 1.0340827590464512
0 23 23 11 100251 1.0829172335863766
28 12 8 16 82435 0.9443310261765717
19 28 3 23 73804 1.0685324701860268
24 2 16 27 98586 0.9820555108582224
29 26 10 10 109571 0.9108851764193306
12 11 25 25 87302 0.9137009765325906
24 24 9 9 99063 0.9556155423458303
3 25 19 2 126728 1.0230472734564502
5 21 13 13 55889 1.0172496704466996
17 20 21 14 28971 1.044103440986595
23 0 22 21 61964 1.0126300744708003
0 23 15 29 77437 0.9854301080506567
15 6 25 27 94951 0.974085100444265
26 26 16 2 102052 1.0429157465855314
16 28 29 0 119864 1.035681806159618
10 3 22 25 100299 1.0211455960893143
21 2 27 24 82978 0.9483665133356854
16 16 10 2 70897 0.9612019359846662
6 27 25 5 123759 1.033548752949831
24 12 13 29 97776 1.019252319979282
13 1 21 19 80092 0.9661676706368826
25 22 27 9 53691 1.0291900641420055
15 17 24 14 44509 1.0169574894192939
9 3 0 13 63720 1.0275865587895643
25 14 17 28 69868 0.9231171520442082
20 11 22 20 36676 1.0681650112072594
5 6 28 2 90449 0.9267845658954187
15 12 13 22 36984 0.9158793719831141
2 13 27 11 113120 1.0697258464997836
21 15 6 19 55809 1.0005901107354838
18 28 8 11 89630 1.0793389481614397
21 5 28 28 93532 0.9171930980584247
11 0 12 11 52706 1.0546134973745338
17 0 2 3 58522 0.902701908403244
22 12 2 20 82388 0.9597552164177223
2 16 21 0 117169 0.958459245215536
11 29 25 3 129059 1.0192980591376237
2 11 17 28 103537 0.9385022172633624
15 16 4 15 47665 1.0464662176008281
21 15 6 7 78040 1.0179855553541457
26 13 21 21 35579 0.9961588530063262
10 20 0 4 81408 0.9434684193720492
25 22 5 9 111575 0.9600152110302177
16 2 25 18 73035 0.9090589572092607
11 2 19 15 72078 1.0900734930766929
28 19 23 6 55735 1.0633652077633113
6 14 16 28 77706 1.0470090218069832
16 29 25 3 110811 0.9890986302982632
15 8 28 0 52109 1.016831129014267
17 4 7 28 109457 1.0820581375873923
27 5 17 28 97824 0.9482788726319911
16 7 29 24 87326 1.0034325179027694
29 12 3 6 102976 0.9283640986250623
2 11 10 19 59439 0.9213127627357618
22 3 16 10 36275 1.0553005291512687
19 19 24 26 41501 1.0850137317076884
25 14 1 10 109293 0.9437694344661806
8 24 0 1 102575 0.9664408838963928
9 25 27 22 74655 0.9937787520531645
17 23 15 9 51791 0.9571087319149553
24 6 1 4 87422 0.964970461237322
29 18 28 9 32261 0.931373505716993
11 14 25 9 78481 1.0488741390493683
11 8 23 25 89123 0.9399193783893501
0 8 0 29 73123 1.0543590792273614
2 19 6 13 43910 1.0473136403074448
23 16 2 16 76337 1.0416126252965046
18 2 25 25 93964 1.0237790172628654
7 28 23 2 124366 1.065918732714368
9 21 24 6 84540 1.0738024107587614
9 1 24 29 132351 1.0971127013734878
9 17 20 14 45229 0.9668625127340362
13 5 23 9 44425 0.9286241412410325
0 19 22 21 68217 1.0267582405257745
28 1 21 4 23474 1.0841394653065066
17 26 27 7 86125 1.0577181084431624
3 28 12 5 123904 1.0991808049542973
26 5 27 21 50719 0.9876444561077682
18 29 26 15 64821 0.9325195874565944
20 16 0 29 102286 1.0829769886857732
13 1 2 19 101053 1.0927990043471987
17 4 6 2 42591 0.9880377800515417
25 24 10 10 92852 0.9811140540474583
24 20 14 21 32643 1.0764050210066567
27 12 19 28 73367 1.0989736598625748
22 0 6 17 91258 0.9998411364978161
7 7 17 28 102765 0.9578052134005839
12 24 11 3 94433 0.9260687684477495
17 7 16 29 86447 0.9216388596813804
7 5 20 0 60279 1.0023291006228852
8 7 13 18 58975 0.9389309195145321
9 18 27 22 61790 0.9085677717803716
3 25 1 6 79078 0.9205792842580415
24 18 0 21 72559 0.9152280474602289
20 18 1 28 94954 0.9505157313966089
6 13 22 5 80229 0.9681629565051304
3 1 16 16 90393 0.925966558423715
27 19 21 8 50026 1.0430805957988272
23 28 1 23 94088 1.0974271400307793
26 19 1 14 88650 1.0647273514639475
11 10 28 14 85490 0.999522852726031
17 7 26 23 74665 1.041565601966075
18 0 12 16 75557 0.9831174751637116
12 9 7 20 57535 1.0188971343395028
18 22 2 7 102503 0.9574758596091055
9 19 17 14 32436 1.0477254996224792
4 29 26 6 136180 1.0120694611674357
13 12 24 10 57402 1.0372692913822383
4 7 15 12 52298 1.087259175383194
11 26 27 21 70442 0.9245824263336201
15 26 4 11 83008 1.0762656699905329
24 13 1 12 109945 0.9991346647455852
28 16 24 29 58701 1.021971079088468
2 12 14 1 83301 1.0128230774397013
4 24 24 22 73879 1.0077313088186663
17 28 24 9 86273 1.0904154441401304
29 18 3 26 103410 0.9971867535440792
19 18 17 4 61767 0.9982333455086719
26 15 11 2 88294 1.0005194035263738
4 1 7 14 60237 0.9512397320706295
22 17 7 16 51162 0.9849812459403888
23 10 3 3 84963 0.9986348870808167
28 3 7 26 128004 0.9468987157388149
0 20 17 8 84830 0.9208417560221416
12 27 27 27 61936 0.9019767244385843
28 24 6 18 79383 0.9929636198168995
0 28 26 5 139480 1.0963423319433898
18 13 20 24 53171 1.0179478468457213
21 28 16 0 102245 0.9835314595460415
13 20 27 28 69356 0.9203895631122301
15 8 9 1 39633 1.0883982316273286
24 7 24 22 56826 0.9475824727009996
19 28 1 14 101717 0.9199168359928706
22 27 26 5 73958 0.9092572564872582
17 1 21 20 71493 0.9527424317199066
23 20 5 15 67349 1.0322851377090767
16 16 20 3 61650 0.9970262035721963
0 21 5 10 60703 1.0309754773407147
29 0 10 17 102608 0.9018413587029234
25 25 6 20 73248 0.9919520382454975
4 27 24 24 89819 0.9258051076608491
12 23 23 0 95635 1.0136139005962819
26 22 17 20 33121 0.9089921088450581
4 29 13 10 107922 1.0861783660316564
22 0 8 0 51900 0.9607352277754169
6 5 23 25 115586 1.0283171426360551
28 5 8 27 124797 0.9522142247598631
25 17 3 28 105487 0.9671992523237516
8 2 15 25 103079 1.0560361544687091
29 23 13 13 81168 1.0989912244326472
26 17 15 1 79138 0.9306176886241702
17 1 7 15 79947 0.9437696636244516
3 9 18 4 66307 0.9907016886661105
13 21 23 20 31272 0.9412063729062734
14 20 6 22 29565 0.978792094363269
11 0 18 27 114967 1.0996135198624661
27 2 23 25 83988 0.9561414238881845
18 12 8 13 53384 1.091966421973955
10 9 14 29 93288 0.9944084700062863
13 23 16 16 31768 1.0303270351080107
3 11 12 29 101689 1.0328675612954976
24 5 17 27 89847 0.9684149605773468
9 19 20 6 72547 1.0051167103070147
14 11 1 21 75808 0.988208830522401
21 11 24 21 42493 0.938111523538804
27 13 23 0 56244 1.0272997212845834
24 16 4 27 97890 1.01269434770318
5 7 0 22 66323 0.9300855986896838
20 11 14 6 38563 0.933003243224749
9 3 4 12 54144 1.0664848486662626
1 1 18 1 53443 0.9148832189244404
8 14 16 20 46374 1.0488032924981119
0 2 21 7 82053 0.913801469657121
5 10 19 9 58005 1.0598948663504462
2 7 26 0 91516 0.9822667377412037
16 8 13 15 37364 0.9200693226520901
26 10 28 0 32511 1.095357107982825
16 3 24 23 86272 1.0244299584110688
18 18 18 28 47590 0.919158648348973
18 27 15 12 60082 0.9157929562445885
17 16 28 16 40211 1.0997303400105427
1 20 24 23 73979 1.055535635794432
8 17 27 9 83529 0.9781394332028646
1 5 14 2 59256 0.9122180809558924
27 15 16 15 48515 0.9494415411828192
12 23 29 13 78974 0.901232782208089
20 3 13 21 78194 0.9587211940286144
6 25 19 15 73350 0.9298700320645537
0 26 2 3 85519 1.044689581838722
17 4 8 25 94923 0.9052768042663135
24 25 5 20 70378 0.9025219924029706
16 23 3 14 65120 0.9604934875901061
10 26 1 12 81037 0.9983880826178022
7 22 1 7 71122 1.0653535074112306
29 18 20 7 56028 0.963616176893252
26 19 7 27 80389 1.0181320471305484
9 23 29 20 69763 0.9938299673032355
7 16 17 29 69403 1.0578477215912998
11 18 18 28 52870 0.9555188451666653
17 27 16 8 72360 0.9858961029647415
4 3 17 1 45433 1.0365943004738654
8 0 22 2 52045 1.0912297756411082
28 18 21 11 39654 1.0923078724748236
29 21 8 26 82878 0.9608255734682035
21 3 0 25 125554 1.0680997950531246
18 5 4 2 54949 1.0523574494658283
10 16 6 8 44169 1.0328174289003949
13 23 0 14 66481 0.978213786318384
6 1 24 13 91723 0.9037309884489382
0 3 17 22 110135 0.9868045992366072
7 22 19 2 97901 1.0283477522856388
1 20 21 26 75601 1.0180457368650515
2 6 20 1 80246 1.066974013497895
23 16 4 27 94624 1.087796245538968
14 5 11 27 97049 1.0446137209403292
3 2 23 19 115223 1.086936369253651
25 15 3 16 81564 0.9006126127596976
25 0 21 11 40158 0.9846197663944748
9 11 28 14 90766 0.939841293632558
20 11 2 5 91181 0.9068764914665873
18 16 26 21 40327 1.0060558659483139
22 9 3 0 81099 0.9213233692567196
5 0 12 22 107468 1.008935313665824
25 22 17 26 41063 1.013857784425663
1 29 3 1 113883 0.9137688500745991
15 25 5 10 87469 1.026025778296777
2 5 11 9 50260 0.9357830099772813
25 29 11 26 77916 0.9378307884325765
22 21 17 10 51716 0.961045902913746
13 13 8 28 80976 0.9083545578654797
23 12 9 25 85049 0.9654053325135271
15 22 10 0 87211 0.966151379853503
21 13 7 1 81163 0.9907088554303488
13 14 0 12 60696 0.9731680372909813
4 6 18 3 58221 1.093011585465468
3 10 12 15 58309 0.9475726525003855
1 20 11 9 78227 1.0713892305520303
14 15 22 7 54058 1.0086856432975424
14 11 15 24 45901 0.9516512195759363
6 28 23 29 84926 1.0927776520803698
21 2 2 10 93456 0.9060450552085617
6 16 21 7 83987 0.9461400107703768
17 25 16 13 46532 1.0974480447150385
5 27 15 1 117109 1.0222093429378192
8 16 26 4 95355 0.9355328384603031
6 1 10 9 39658 0.9121398186382932
12 27 29 13 97221 0.964112834660197
23 11 6 15 82687 0.9663254087704717
6 28 3 17 62647 1.0981370578696021
27 1 17 29 108513 1.0197168286679765
6 9 18 12 63758 1.0322613776737137
15 5 5 0 49356 1.0861434078186658
28 3 4 8 86497 0.9706680291852539
23 18 27 25 37022 0.9713762470291654
22 22 29 10 56674 0.941223690626335
15 5 29 24 94150 0.991755536382051
5 24 21 23 60167 0.9378295681279045
7 26 8 16 43662 1.0913531581662717
10 19 15 11 40294 0.9726553838410317
13 0 4 27 131124 1.0402292570327831
8 15 6 26 53885 0.9847109194316269
16 14 1 12 70715 0.9679551862863853
9 26 15 14 59938 1.0030171807661092
2 19 20 27 80293 0.9239597709050381
5 16 22 28 82905 0.9643947183014961
9 21 1 6 75022 1.0717580727588591
15 20 0 20 43757 1.0895206728699798
27 0 12 26 120016 1.0128360481502685
20 16 24 25 42565 1.0786182114467633
1 26 10 25 51153 1.0516458053362447
6 4 22 3 59807 0.9473457500417231
27 20 20 8 52031 0.9692904965345016
19 26 3 10 104341 1.0366741749983555
18 13 0 29 102466 1.0050506364413476
7 1 13 20 89569 1.0091714144223436
0 27 7 11 79988 0.9354784794032791
29 26 12 1 122812 0.9478041297371187
25 1 4 12 94336 1.0222650939482012
17 12 9 1 61051 0.9412401719394612
28 23 0 4 137851 0.995670468307394
27 14 19 6 55412 0.9452194768231372
8 9 16 29 97580 0.9306255865005126
11 24 28 25 74387 1.0308898113264031
18 26 11 19 45192 1.0116588080651083
16 15 8 11 44972 1.0977951520060076
20 13 10 20 49711 1.085662890068941
22 26 5 1 123100 0.9095064698644879
15 25 1 13 83175 0.9831554642740964
15 8 20 18 48592 0.958713417791078
