3800 3868 3859 3738 3905 3837 3898 3906 3817 3803 3777 3693 3765 3842 3818 3851 3883 3768 3768 3759 3867 3909 3913 3905 3910 3734 3676 3674 3911
7810 7648 7587 7659 7605 7829 7804 7668 7668 7683 7743 7815 7692 7802 7699 7624 7778 7650 7728 7756 7629 7775 7817 7648 7714 7818 7728 7790 7690
8809 8816 8895 8742 8798 8671 8789 8878 8876 8782 8898 8854 8685 8668 8764 8666 8713 8760 8668 8833 8835 8739 8826 8845 8732 8727 8665 8849 8808
6342 6154 6282 6307 6179 6249 6220 6249 6192 6293 6232 6328 6172 6100 6304 6139 6114 6343 6254 6124 6212 6229 6137 6111 6211 6222 6314 6213 6264
2109 1986 2010 2007 2138 2106 2025 2024 2094 2126 2134 1993 2113 2110 2220 2147 2002 2104 2104 2049 1975 2143 2155 2215 1977 2151 2073 2128 2162
3661 3705 3821 3760 3649 3832 3654 3658 3739 3662 3590 3679 3737 3652 3692 3613 3834 3660 3645 3753 3740 3714 3667 3759 3729 3773 3788 3700 3823
8321 8237 8420 8235 8236 8403 8423 8438 8443 8439 8409 8372 8404 8223 8435 8248 8285 8418 8419 8409 8433 8249 8368 8352 8345 8252 8257 8221 8251
5908 5736 5829 5933 5928 5789 5844 5921 5757 5861 5849 5758 5863 5752 5954 5725 5897 5803 5924 5744 5831 5810 5789 5872 5735 5931 5950 5948 5796
3177 3165 3125 3193 3152 3336 3263 3319 3161 3172 3155 3132 3178 3271 3338 3290 3233 3367 3240 3284 3342 3128 3164 3241 3300 3227 3269 3202 3197
8654 8583 8651 8649 8660 8575 8639 8654 8569 8501 8547 8635 8536 8568 8670 8650 8693 8523 8485 8530 8546 8633 8711 8565 8504 8529 8720 8660 8502
5769 5820 5845 5680 5733 5826 5711 5628 5798 5782 5821 5844 5804 5853 5666 5780 5658 5618 5760 5851 5800 5608 5744 5814 5814 5768 5853 5837 5801
3541 3407 3498 3418 3459 3582 3517 3635 3582 3454 3466 3556 3623 3536 3557 3412 3642 3408 3527 3490 3507 3436 3524 3426 3636 3529 3620 3402 3606
4525 4439 4437 4508 4484 4441 4525 4667 4668 4499 4609 4602 4587 4587 4600 4516 4631 4621 4676 4574 4541 4581 4438 4667 4446 4480 4640 4564 4504
2940 3046 3035 2823 2876 2856 2876 2989 2923 2957 3014 3013 2874 2864 2804 3032 2836 2836 2843 2884 2848 2864 2877 2917 2920 2893 2905 2810 2978
6760 6770 6761 6675 6683 6622 6725 6654 6647 6781 6855 6798 6823 6727 6680 6672 6672 6660 6815 6828 6740 6721 6735 6734 6819 6695 6772 6636 6781
6480 6423 6397 6439 6433 6504 6505 6476 6452 6534 6451 6521 6525 6448 6575 6414 6563 6507 6413 6445 6372 6433 6390 6460 6523 6578 6414 6463 6522
2394 2342 2248 2366 2390 2452 2232 2464 2321 2269 2267 2474 2331 2331 2478 2279 2300 2470 2388 2450 2328 2330 2476 2467 2408 2284 2325 2414 2469
7568 7443 7500 7613 7563 7653 7560 7658 7636 7492 7656 7523 7522 7678 7485 7443 7611 7679 7490 7520 7447 7504 7509 7522 7504 7574 7508 7568 7466
3707 3716 3568 3752 3671 3776 3638 3670 3682 3675 3753 3622 3618 3654 3621 3725 3592 3678 3719 3778 3722 3757 3637 3615 3671 3662 3563 3782 3779
5338 5234 5269 5113 5285 5137 5264 5119 5162 5207 5303 5241 5157 5315 5239 5248 5197 5259 5257 5155 5161 5157 5186 5170 5142 5301 5340 5122 5298
3430 3505 3558 3403 3392 3372 3573 3580 3371 3369 3561 3425 3493 3568 3593 3353 3387 3567 3391 3568 3477 3441 3383 3597 3359 3539 3588 3507 3535
8368 8349 8350 8228 8390 8326 8227 8334 8367 8402 8294 8314 8249 8278 8299 8382 8447 8315 8342 8415 8402 8451 8372 8315 8391 8261 8350 8298 8458
2609 2670 2677 2682 2702 2776 2704 2770 2778 2642 2646 2797 2782 2758 2736 2704 2686 2713 2685 2751 2731 2691 2622 2667 2730 2803 2746 2688 2729
6149 6087 6225 6113 6164 6090 6168 6189 6244 6172 6218 6216 6039 6244 6269 6089 6096 6086 6058 6239 6049 6086 6062 6267 6093 6252 6035 6057 6214
3500 3739 3723 3508 3637 3530 3539 3551 3718 3546 3563 3678 3516 3617 3609 3636 3663 3584 3567 3543 3714 3656 3500 3652 3618 3572 3720 3683 3671
8599 8500 8647 8548 8558 8563 8483 8649 8513 8459 8451 8590 8612 8589 8634 8457 8434 8525 8448 8530 8662 8665 8593 8461 8461 8479 8484 8432 8546
5777 5736 5775 5785 5731 5895 5757 5735 5795 5749 5759 5771 5905 5804 5840 5753 5901 5708 5817 5793 5685 5763 5678 5787 5814 5729 5769 5755 5726
7616 7427 7547 7427 7538 7567 7477 7588 7565 7538 7639 7507 7445 7601 7576 7589 7561 7428 7552 7566 7428 7622 7606 7462 7470 7496 7432 7453 7568
1449 1472 1554 1449 1501 1539 1469 1439 1419 1390 1497 1345 1536 1340 1474 1456 1497 1377 1453 1384 1475 1525 1455 1371 1577 1417 1452 1514 1521
3938 3980 3953 3846 3935 3919 3893 3784 3867 3923 3942 3970 3898 3930 3935 3787 3939 3916 3805 3937 3824 3877 3803 3896 3985 3855 3809 3975 3859
1446 4821 1454 2568 8272 8384 7725 6743 3498 6331 2894 5485 7115 7727 3420 8797 2824 1671 4688 6343 7786 6863 6896 6031 4496 8611 3818 1877 6828 4556
1353 4857 1372 2687 8088 8510 7603 6763 3349 6141 2883 5574 7285 7803 3184 8939 2824 1528 4758 6436 7732 6935 7046 6034 4733 8612 3922 1990 6808 4585
1423 5022 1478 2495 8205 8517 7622 6794 3503 6135 2921 5434 7190 7749 3220 8943 2652 1556 4821 6464 7851 7032 6957 5813 4722 8653 3944 2035 6840 4437
1313 4884 1432 2525 8263 8458 7758 6771 3358 6254 2833 5522 7306 7823 3394 8861 2742 1502 4720 6354 7765 6871 6935 6059 4646 8640 3863 1975 6830 4446
1363 4948 1404 2605 8287 8528 7843 6913 3478 6319 2901 5604 7187 7783 3424 8838 2789 1617 4739 6568 7640 6910 7055 5957 4700 8513 3976 1844 6782 4573
1343 4981 1464 2655 8122 8426 7598 6758 3497 6182 2846 5410 7289 7769 3343 8820 2632 1623 4642 6375 7769 6927 7063 5855 4575 8501 4034 2015 6938 4564
1436 4809 1464 2629 8094 8580 7640 6836 3487 6265 2800 5552 7292 7823 3322 8826 2581 1618 4640 6450 7656 6810 6943 6008 4536 8655 3924 2035 6768 4562
1464 4944 1457 2687 8092 8392 7768 6852 3438 6226 2762 5508 7092 7751 3230 8939 2781 1628 4764 6352 7695 6844 6835 5907 4558 8504 3825 1904 6771 4595
1544 4780 1573 2550 8237 8566 7676 6760 3400 6154 2768 5469 7207 7769 3251 8783 2708 1458 4708 6332 7708 6951 6845 6014 4546 8634 3969 1870 6761 4498
1317 4935 1561 2574 8107 8349 7648 6820 3461 6183 2729 5480 7136 7650 3338 8704 2615 1521 4800 6519 7697 6812 7029 5879 4502 8658 3816 1972 6776 4521
1395 4810 1439 2536 8268 8398 7774 6798 3394 6303 2889 5517 7122 7601 3204 8858 2610 1653 4846 6498 7742 7022 7059 5845 4645 8496 3904 2015 6760 4581
1368 4847 1515 2513 8174 8397 7763 6816 3303 6191 2935 5554 7223 7607 3365 8790 2816 1541 4813 6429 7768 6861 6910 5961 4537 8590 3981 1846 6988 4451
1421 4897 1390 2506 8140 8558 7785 6754 3433 6267 2973 5601 7288 7655 3196 8797 2665 1579 4831 6355 7621 6984 7010 5857 4661 8488 3982 1989 6916 4457
1473 4871 1505 2637 8221 8429 7689 6985 3523 6196 2835 5632 7307 7700 3401 8767 2724 1638 4677 6325 7842 6926 6822 5864 4653 8675 4008 2044 6856 4405
1513 4992 1390 2639 8115 8583 7806 6836 3481 6330 2806 5521 7280 7651 3292 8831 2610 1506 4841 6396 7748 6912 7029 5986 4675 8512 3922 1817 6985 4408
1404 4840 1395 2693 8169 8435 7714 6929 3345 6263 2886 5599 7142 7602 3304 8702 2686 1658 4783 6572 7843 7007 6861 6001 4599 8608 3859 1868 6906 4582
1528 4808 1408 2710 8073 8375 7752 6905 3400 6174 2818 5587 7124 7733 3351 8745 2708 1628 4800 6501 7725 6803 7030 6035 4718 8533 4037 1862 6874 4583
1546 4921 1381 2525 8129 8483 7798 6832 3345 6308 2861 5571 7263 7687 3178 8904 2790 1470 4841 6554 7668 6872 6928 5860 4572 8543 4038 1955 6870 4504
1375 4907 1467 2565 8176 8351 7759 6843 3395 6357 2732 5521 7071 7726 3412 8744 2671 1477 4881 6383 7771 6852 6900 5896 4596 8490 3833 1993 6903 4486
1461 4849 1554 2679 8172 8464 7817 6895 3344 6172 2730 5401 7128 7669 3334 8929 2692 1575 4790 6486 7775 6910 6874 6015 4516 8693 3831 2021 6808 4533
1520 4938 1515 2669 8174 8514 7655 6951 3371 6289 2731 5445 7255 7776 3228 8770 2794 1611 4818 6458 7849 6814 6871 5847 4502 8654 3903 1903 6756 4597
1456 4941 1517 2573 8160 8584 7672 6934 3381 6231 2927 5471 7202 7676 3378 8926 2632 1528 4745 6357 7750 6853 6906 6058 4721 8488 3816 1933 6853 4412
1360 4919 1392 2568 8090 8518 7621 6906 3523 6292 2733 5499 7280 7664 3265 8735 2715 1480 4696 6559 7794 6960 7021 5845 4667 8636 4033 1935 6798 4599
1378 4968 1462 2596 8176 8411 7838 6946 3352 6338 2738 5460 7186 7680 3384 8702 2766 1478 4842 6505 7661 6897 7019 5936 4514 8642 3988 1989 6899 4537
1415 4934 1391 2569 8156 8484 7834 6746 3300 6209 2916 5514 7298 7651 3226 8875 2735 1431 4720 6570 7620 6965 7061 6034 4663 8658 3926 1895 6945 4445
1408 4903 1389 2688 8267 8360 7782 6877 3368 6119 2809 5537 7175 7752 3270 8911 2672 1655 4685 6373 7719 6874 6852 6020 4575 8692 4025 1903 6776 4596
1375 4898 1344 2552 8226 8405 7603 6884 3341 6214 2973 5555 7254 7705 3392 8788 2613 1580 4809 6425 7814 6813 6875 5908 4635 8663 3887 1915 6794 4599
1420 4868 1488 2658 8220 8366 7832 6953 3432 6315 2895 5606 7074 7664 3333 8766 2604 1584 4744 6409 7655 6861 6986 5959 4501 8634 4030 1924 6796 4494
1341 4842 1335 2498 8209 8457 7732 6774 3424 6250 2873 5552 7169 7679 3334 8916 2787 1608 4849 6348 7643 6851 7049 5926 4505 8550 3843 1988 6744 4574
28 4 10 7 51778 1.0554525851071483
18 22 28 18 35430 0.9770667199033056
24 13 23 27 44887 0.9062354434939467
14 3 0 26 82687 0.9117938362616425
6 16 21 2 59550 0.9474210624986487
12 22 18 18 32863 1.0803700861940584
3 17 26 19 47400 1.0268506655877534
5 5 7 27 60401 0.9141331901803499
7 24 21 22 61916 0.9186378449320598
27 22 13 14 46171 0.9343120957699974
14 2 19 8 27077 0.9677083705816334
8 19 11 11 32565 0.9695287086606017
15 12 8 19 38022 0.9545601508405194
4 19 25 8 64840 0.9407899039449685
14 17 4 17 15876 1.0111900020630409
24 17 27 1 34495 1.095187275105773
28 3 18 25 61473 0.9672758903821577
10 10 15 3 34373 1.0085189618399553
27 6 21 17 34430 1.0866940634952473
17 5 15 24 58081 0.9928839370291547
16 5 17 14 24492 0.9935628009461843
15 10 21 27 53006 1.021101857083069
15 13 9 6 58086 1.007815639432232
13 7 1 13 60422 0.936939172253307
22 24 1 12 78850 1.0696202024885202
17 19 14 26 31025 1.039057113279816
6 18 3 4 45414 0.9084227648304286
20 17 1 14 41357 0.9528741291348125
15 14 25 27 49086 0.9238367343593014
25 9 5 8 70655 1.0904518391558504
11 27 27 21 48450 0.9352427930055288
13 16 0 28 49571 0.930031874581002
3 1 26 20 83323 1.024738200336273
2 8 16 7 48416 1.0574929032418479
18 6 27 10 39954 1.0367154177237001
16 21 26 2 52870 1.028431453031389
23 1 10 17 61098 1.014061630957384
10 23 1 4 82460 0.9054254784317816
19 28 21 0 71664 0.9337565980843527
20 12 10 3 50098 0.9100236730930139
22 26 27 3 51802 1.0306979755880226
19 22 28 14 41092 0.9788531212358602
19 29 26 26 28902 0.9434516199618618
13 21 12 0 61962 1.0446226653477169
24 24 0 8 89017 1.0480967345915908
18 0 7 2 21035 0.9336282380573467
18 24 18 1 67906 0.9010468976070152
6 24 0 4 67272 0.931854609751716
0 22 26 8 82592 1.0396103814516469
4 4 23 15 67051 1.0124753428908106
23 6 6 8 64142 1.075121931130664
28 17 27 1 28245 1.0749759941932966
11 13 15 21 38712 0.9122392305018895
6 28 26 3 90856 0.9772787378225656
4 0 27 24 73650 0.9741187438930188
11 5 7 24 74518 0.9792609886078607
1 11 14 13 58584 1.0519777937947619
5 5 19 13 70237 1.0128321649844827
19 29 19 9 69868 1.0787531153989331
22 21 24 12 31879 1.0137114605811308
20 20 17 29 40463 0.9588446314019093
23 0 18 21 62118 1.0207939069458924
23 10 19 18 31815 1.0614232963136403
15 4 24 15 58303 0.9296614653487538
24 1 7 8 50029 0.9774800840785624
17 1 29 12 44927 1.0428350985266137
5 18 8 11 27971 1.0078706592483013
27 13 25 1 36523 1.0875298740825858
2 6 23 16 72098 1.0813568554258652
25 7 29 21 44284 0.9136794293876013
14 0 9 16 59101 0.9918433200368229
1 10 24 10 65037 1.00769716067246
18 16 16 0 43136 1.0486532676544202
8 3 24 5 37457 0.9214284553726036
7 10 25 6 69601 1.002330654413674
27 22 5 18 53780 1.0019556844222492
19 4 9 29 95467 1.0019504241138157
20 24 29 17 38379 0.950668042368236
11 17 22 11 33674 0.9481659071223875
23 19 1 7 77103 0.9923010172387698
15 24 29 1 67225 1.0707684253377938
22 8 3 19 63420 1.0540583024574222
20 2 10 4 24719 1.0905374163968236
26 21 4 14 63269 1.0434251257451528
16 13 25 14 32087 0.9711187747397938
16 27 18 7 55391 0.929808003499049
6 14 17 6 59147 1.0840835458049647
21 23 1 6 95201 0.9001725719364035
16 6 9 23 63839 0.9699498163444732
25 24 13 5 75988 0.9549180694791981
22 8 17 20 48851 1.0297952256804912
25 24 5 8 83450 1.023243798655923
25 23 1 27 65406 1.012439453409668
3 22 23 25 65423 1.0767302915858807
11 28 9 2 76614 1.0403424551868232
27 24 19 4 59294 0.9285179473597878
5 10 20 25 70593 1.0080920400062958
13 18 7 13 29431 1.0555050787088347
15 17 3 27 40303 0.9472512281182495
9 29 17 17 51228 1.0634597227645386
20 0 25 15 50360 1.068216257284221
10 1 14 21 72273 0.9838560139869912
3 15 10 9 40636 0.930531306401192
14 19 28 1 58513 1.04882050964183
16 20 26 6 57024 1.0490922663934437
18 0 21 11 40939 1.0043708885344693
9 7 25 18 72114 0.9365021940000435
22 5 15 18 49321 1.0976061031423585
22 10 12 3 40404 0.9405787283047606
8 15 2 23 37411 0.9122069724075913
18 1 3 6 40081 1.0870875176455264
14 10 29 2 43077 0.9643977458264533
6 13 11 7 44096 0.9569362944730975
9 17 15 21 27739 1.0128684240310857
14 21 23 2 68575 1.0512733567217833
14 17 28 26 34695 1.0228021645035723
16 1 18 22 59296 0.938731163649419
3 2 20 8 45677 1.0378656035224905
8 4 5 13 38817 0.936469784866608
13 26 1 29 38153 0.9558037720953083
28 26 23 8 42781 1.0646020115337762
17 4 13 15 44405 0.9680390021682033
25 20 17 6 64059 0.9399783678278133
3 19 26 27 65700 1.0831432702488706
29 2 21 9 35121 1.0479150455139425
6 19 3 7 43031 0.9350169568483717
10 9 28 14 62490 1.0234925832588346
11 14 3 28 50863 0.9478207291847229
24 9 2 1 65029 1.008222767757108
16 12 10 28 53061 1.0309587205991013
27 21 19 29 42630 0.9520501141020798
3 15 12 16 28173 1.0930327751243345
12 1 26 4 36155 0.9905807223088698
15 12 6 21 58009 1.071430189583472
23 28 1 19 78870 0.9987547014636061
5 27 0 2 59775 0.9989446015554487
21 1 15 15 52277 1.0990017366435134
19 23 16 4 61873 0.9641609063518299
18 17 8 3 53193 0.9002789114955764
19 22 0 3 87206 1.0157382488241713
26 15 13 25 54778 0.916966548031076
5 5 12 16 50851 1.048324103595127
18 5 26 24 66591 0.9555998466269855
26 10 3 19 64112 0.9040531787544092
22 13 20 28 45366 1.0032976209388893
18 6 2 25 86988 0.9550218970411671
22 10 13 20 41763 0.9546352391060163
25 17 14 24 39861 0.9772566129479848
20 11 27 22 47366 0.9803640642428066
16 12 7 3 41063 0.9824440255883641
1 20 26 14 74027 1.0931219793096187
1 16 16 19 34118 0.9305432387728604
20 2 24 14 42197 0.9168614259389906
19 29 0 25 54370 0.9429817459024954
23 22 27 14 37560 0.9284174149396234
20 2 8 16 56799 0.9369447620017946
22 11 9 15 51191 1.082301534063967
28 20 4 15 45900 1.0105739174070287
21 27 16 21 24024 0.9638720782148327
12 5 16 25 67250 0.97465334872104
3 5 15 25 80517 0.900307571328716
20 11 29 0 42305 0.9941807015731069
0 10 22 19 59977 0.9655472797387804
5 15 20 17 31020 1.0981097910130118
1 20 12 26 58178 1.063468865454585
10 24 7 5 79054 0.9916366389777722
28 7 9 5 54624 0.9977187952833089
12 14 6 1 56932 0.9426341533848122
26 24 24 9 44460 0.9737143947385107
28 7 8 22 61805 0.9622985303955675
0 13 11 14 40172 0.958021399490632
0 12 8 8 36643 1.0956110729376116
21 23 12 18 42542 1.0198446653200006
18 9 1 22 76167 0.9613285908068221
18 27 11 0 74860 1.0081032036899746
6 24 0 14 41829 1.0431907894261747
9 11 24 8 57694 0.9033965192972933
24 0 9 28 90369 1.0041207057433488
4 22 18 3 65538 0.9962911229209356
19 2 2 22 77329 1.0960017374917994
7 10 25 0 58026 1.0779386163985634
18 23 3 13 60292 0.9803312122518437
21 3 27 29 57636 0.9740886633929364
19 8 10 3 37521 0.9122743873265723
19 25 25 11 67412 1.0822920527993982
17 2 7 21 69241 0.9092412841391441
29 19 5 18 48758 0.932586676531858
15 17 5 4 52901 0.98084944523039
27 11 18 26 51714 1.045478107893316
0 28 15 13 68346 1.0670093649788956
15 2 6 10 38439 0.983401174553008
4 3 3 24 48630 1.095251122875294
20 28 0 12 79720 1.0589698019278218
8 1 3 26 62939 0.9111903353563281
1 25 5 3 68404 1.0930200713168112
3 1 21 26 94657 1.0630648846614608
2 22 0 4 67519 1.010049939039659
24 16 13 24 40781 1.0369667275887537
5 9 0 0 29157 0.9766653805628902
15 26 3 9 67599 1.0569006039448803
14 4 2 18 68508 0.9880683700220065
23 16 4 4 60962 0.9756005866039451
22 12 25 29 54084 1.0588569230589506
5 24 18 29 44043 0.9226491663456763
9 20 25 15 57255 1.0787105724629822
0 20 11 12 46440 0.9032974443198479
8 6 10 18 44109 0.9635921856089156
6 10 10 24 58766 1.0115539231885862
14 22 16 9 44585 1.0917068972366815
14 24 3 23 45336 1.0587610790387423
4 11 9 23 44610 0.9393639438368817
23 17 23 1 42794 0.9500119176517104
6 1 8 23 67350 1.0112026026038923
22 16 1 24 59861 0.9421984460902599
6 23 4 13 32821 1.0337012846157612
8 24 24 1 85073 1.080740527313516
28 21 27 6 29383 1.0622769628186588
9 19 3 14 29188 1.0385573633679712
18 17 5 9 43420 1.073229929606971
26 8 9 11 64362 0.9221082809695232
8 2 18 8 32665 1.045193455065291
1 5 5 15 51326 0.9149276729075625
7 17 25 27 52907 0.9665033970662624
0 14 13 8 53051 0.9257779143163758
7 8 0 23 58642 1.0729487602134635
28 23 4 0 67778 0.9863499900987149
29 12 6 6 77892 0.9927151050487484
2 23 23 25 68205 0.9892816864851895
29 12 10 23 67628 1.0896778134159926
26 22 16 7 63086 0.9791871676515377
18 17 18 4 45039 1.0484397333042315
7 17 11 11 27586 0.9112003488992094
22 29 25 20 42393 1.0513729755761962
4 25 14 24 35085 0.9102829016507659
11 27 14 1 78247 0.9525649230830753
25 15 14 11 52415 1.038930179650863
15 22 8 7 63630 0.9201780555609325
23 12 23 24 44473 0.9330713872466371
15 8 25 27 63120 0.9148889868199689
25 8 0 25 96865 1.0383722449257036
18 9 21 0 36745 0.990011101799922
29 18 2 0 67369 1.0046174711652898
20 6 3 9 57750 0.9212093055939401
10 22 29 18 56370 0.9838201820217436
7 10 4 24 38011 0.9044276726023436
0 9 9 16 41542 1.0998974272539772
6 25 24 16 66625 0.9942273715547512
28 12 17 9 41009 0.927726460609717
12 0 8 29 81717 0.9154755308519756
25 20 2 15 65663 1.0425035708809822
15 27 2 4 85298 1.064938818234706
7 26 4 0 66151 0.9879602177350914
27 2 28 17 23393 0.9946286635192948
25 27 20 11 53394 1.0609985253170375
11 29 16 18 38028 1.0252556010526959
3 10 23 10 56495 0.9213706068512649
18 22 8 4 75040 1.059344257479131
26 15 15 16 31973 0.919837402330182
16 0 4 4 25153 0.9841038295774992
12 28 8 17 43092 1.0395964776077897
17 12 12 2 36287 1.0756363044614337
22 11 24 23 40985 1.0755595823061292
11 9 19 6 41190 1.0544931387616567
20 6 9 11 53634 1.0327077293397275
0 22 27 27 71538 0.9973964630181849
10 20 25 27 59470 0.949393039796964
3 25 7 17 30220 0.9219855597968983
12 17 17 12 25224 0.9065299988847253
16 20 28 23 34474 0.961672642357488
20 20 7 18 36661 0.9668050054622854
6 22 10 7 69343 1.0060207086477182
7 6 5 16 41953 0.9951528105546924
18 1 16 16 39407 0.9236273431901455
24 29 0 3 95842 1.0876957833299183
6 1 9 16 52828 1.0171025095705581
28 12 6 16 46949 1.029248946991766
12 8 6 14 38013 0.9750073616977505
21 19 16 24 36475 1.055242974022268
19 10 28 5 32708 1.0277143832595452
3 13 23 25 73812 0.9403008586186423
10 6 27 28 90935 0.9221755011120645
22 1 6 25 91993 0.9068803828795323
21 29 2 8 88236 1.0367653105396912
18 17 2 20 44011 1.0011434017408138
18 3 15 11 29595 0.9486023564519739
29 6 10 25 84164 0.9456857134437247
5 15 17 13 41991 0.9589441743893161
8 19 13 13 25895 1.0542330212343565
26 20 18 14 40491 0.9922858134181659
13 17 1 26 44840 0.961678968314803
29 2 6 28 88535 0.9212945772209075
1 4 29 9 68483 1.0929804647456505
12 22 25 10 62872 1.0593714732145534
11 0 26 7 48691 1.084250129878148
21 16 14 21 35470 1.069040846251295
15 0 12 16 49727 0.9922654755855118
14 3 4 5 25094 1.0007557400722817
9 7 28 6 57948 1.0232348317421471
4 26 23 28 44951 0.9258143003844825
0 14 26 15 63836 1.0082705874412938
8 29 27 29 52577 0.9363238426524063
16 15 11 26 41689 0.9220201095223406
2 2 23 23 84526 1.0685254947290688
14 13 10 26 56549 1.0143457271201908
20 18 6 0 63990 1.014349374151011
24 24 16 3 69875 1.0422045221304344
20 21 7 15 44446 1.004064357455234
13 1 0 20 65114 0.9408305031338303
10 28 3 10 55975 0.9183182553654173
15 23 24 14 43598 0.9966385794237026
9 21 18 20 47011 0.9652988701486364
7 12 28 1 69648 0.9923182157370459
0 27 19 16 57224 1.0497538049291502
21 29 10 26 36558 1.032842763062018
15 7 1 25 86043 1.0704513573506151
16 28 23 9 63643 1.010809753588986
24 15 15 8 43941 1.0778782374177283
0 27 2 9 58057 0.9628572374748586
22 14 3 24 55846 1.0228800434165175
29 27 23 11 47168 0.9210562805995623
6 1 9 19 60764 0.9531928797527192
18 8 15 24 49303 1.0147559649890554
27 6 7 6 63525 0.9021150411935129
15 15 18 4 44763 0.9982059753673896
16 16 27 13 34228 1.02715788039898
29 22 22 2 44634 1.043056811803582
21 18 5 11 51764 0.961862686937793
2 24 27 28 67545 0.953607415286337
8 6 14 24 67986 1.0220573871595033
6 20 18 18 43026 0.9075777740706675
20 3 25 19 56932 1.0731480758276426
22 10 19 22 46566 1.0339325108294821
15 9 3 15 54915 1.0980015089855313
7 21 18 21 50626 1.0351451892101577
16 16 29 6 44391 0.9814873317507435
3 3 26 1 42304 0.9155651354175952
23 7 9 19 68987 1.0035237191777364
9 6 24 17 67989 0.9604021594535602
26 25 6 21 79291 1.024369278172211
19 2 16 22 51424 0.909509776898948
10 6 23 16 67026 1.0251375485009564
17 19 1 22 61712 0.9075320725049343
15 5 13 15 42377 0.94228187156795
25 1 4 29 94411 0.9179985107233037
25 10 7 13 65223 1.024256673271425
6 10 22 26 73188 0.9798673886221663
14 16 26 19 34454 1.0524061930216702
1 26 12 29 38297 0.942191112739967
26 26 6 5 95973 1.073682940628889
26 21 3 17 58402 1.0006139788872404
5 26 6 1 64188 1.0074197856154017
8 0 17 13 49718 1.0353394831300526
12 5 3 7 42363 1.0320089819277054
11 29 21 8 77697 1.082251257323746
18 0 18 16 46210 1.039983114797527
29 0 1 26 94306 0.9071360349411709
24 27 4 13 67036 0.9632407260652508
29 21 6 3 71962 1.0470270150120426
12 11 14 28 60491 1.082152600469056
27 8 22 18 28307 0.9017347720598926
23 29 15 9 70601 1.022265599746243
10 12 6 5 50385 0.9410225940880104
24 27 12 3 71167 0.9463369859364702
22 29 1 24 60605 0.9790741833532858
6 7 20 6 61049 1.026587657835349
21 27 1 5 103279 0.9654873063897451
2 7 12 4 44673 0.9962574677988982
19 11 12 20 50253 1.0227024876197262
16 27 11 5 72263 0.9188418316354945
6 4 5 14 39789 1.0120263552575597
14 7 28 17 53027 0.905989682471808
13 2 27 9 38283 0.9697912771476132
19 10 2 20 65784 1.0229587833847091
5 0 5 28 63197 1.0035553124960315
2 28 25 9 96469 1.0737949086380498
7 17 20 29 52981 1.0618263979123894
28 25 13 18 37752 1.0292707746239074
8 6 1 13 50174 0.917181022080757
6 25 4 12 42267 0.9253019392939335
23 15 19 7 41152 1.0026266297554254
22 19 1 13 57696 1.0242118814070287
8 2 4 11 24453 0.9126570076439324
21 8 24 1 26285 1.0459937317342907
11 24 12 7 61855 1.036374325740173
4 27 0 20 34791 0.905756913161715
3 14 28 28 63300 0.9312630181276607
13 11 16 18 24695 0.9123099269609877
14 22 16 9 44585 0.9291230147569169
4 5 28 16 61428 0.9494026677971728
2 8 8 20 42177 1.0784690087073763
11 17 5 21 24299 0.9602756227766219
19 23 16 2 66487 0.9852954438267753
3 3 10 24 70064 1.0334336650113949
1 14 21 19 54773 1.0339400851872491
25 26 23 15 43744 0.9790377194390303
2 25 21 0 92660 0.9739848920221843
20 10 19 25 58462 1.0096165501607708
24 2 19 19 51955 1.0044865775910161
26 29 17 11 64891 0.9229761118560682
16 29 12 0 74558 1.0356842970011553
2 26 8 2 63718 0.9739770192971215
14 14 1 12 57972 1.0785635095301611
2 14 6 27 37788 0.9594305159675719
7 4 24 8 55541 0.9375029968961747
26 20 13 5 71920 0.9812337560101332
9 8 24 17 56705 0.9091495518776611
23 11 9 26 76081 1.0604410404585836
26 24 28 2 41081 0.9234108484767177
19 19 2 9 63365 0.9292155887890154
1 24 21 8 85085 0.9026461348280593
28 28 3 26 53897 1.0163934518971673
25 19 27 3 42980 0.9347616636279554
17 29 13 11 55617 1.089068801562497
9 15 18 6 59816 1.0375004423913046
5 12 4 21 25414 1.0690587406624277
26 23 10 27 52491 1.0308573480873593
6 9 21 0 54275 0.9883948798568621
6 25 21 28 52723 0.994438001298279
11 3 6 11 42291 1.0926479829510114
26 15 2 11 69568 1.088465800092395
2 17 22 15 36777 0.9146684118539057
6 9 18 18 53280 1.0655350150938927
8 22 2 26 33879 1.0594197907254066
28 3 10 27 69644 0.9019282343116922
29 7 0 7 74124 0.9661329675900057
6 4 14 23 79988 1.0691119454611555
11 26 13 9 57239 1.0843999739500207
29 24 26 9 36307 0.9955694006766215
1 29 26 25 71864 1.035697810648372
18 21 28 4 49198 1.0841792920827131
22 25 25 7 62542 1.0593166934699894
28 10 13 21 44855 0.9693046785616989
4 23 0 29 23878 1.0469951124558918
13 17 24 10 38671 0.9033356382375337
6 2 17 19 61250 1.0878120061420928
9 9 8 25 57989 1.0981603937161468
3 13 17 2 49558 0.9000128401297103
18 21 9 25 55155 1.0299182405071539
29 0 17 0 17055 1.0676660831371625
0 20 13 27 52281 1.0528248888922402
1 22 3 14 41076 0.9795592722157852
2 0 27 8 52323 0.9785816782934477
0 7 8 21 56272 1.0320585499232293
14 29 2 17 51687 1.0782911987049657
11 11 3 16 37188 0.9348098403906828
0 13 7 1 49364 0.9649957490772548
8 29 21 23 49581 0.9844845709422813
29 0 22 26 54960 0.9681637105689391
6 23 22 17 52671 0.9143121729931438
5 21 23 16 46911 0.9078212031143101
26 25 6 26 57326 0.9318465785636505
4 27 8 12 43742 1.0729196691318026
15 29 4 5 77525 1.06045376425867
19 9 27 27 57214 1.0643667101644276
26 22 19 15 44749 1.063017274164497
14 9 3 7 47771 1.0456541438365612
16 10 1 11 50510 1.075072093679399
6 17 26 0 61918 0.9922412729802276
2 10 29 20 69867 1.0960821845709092
22 19 18 11 33421 1.0924228533322111
1 17 14 13 37624 1.0047072912998638
1 26 22 13 69815 1.0129546151793045
6 1 7 24 69895 1.064189107604587
0 27 29 18 71884 1.0711547768358387
15 22 23 18 35525 0.9036939080818677
7 29 14 26 27599 0.9981886370052565
9 15 19 17 30014 1.0744676453121498
24 15 20 22 30840 1.0746623999660383
7 9 15 17 42116 0.9963984652829252
3 24 14 15 45861 1.02623321337241
19 9 13 26 60762 1.0279065857546408
1 20 5 8 47755 1.0312459231643618
12 3 27 15 54857 0.9474383692912454
9 10 15 17 35107 0.9503586637559738
25 9 0 17 68921 0.9678870243119854
18 15 14 22 36271 0.9287725962262454
29 23 2 6 90500 1.0818927876627833
2 17 27 24 55136 1.0756910781017024
16 22 12 15 26785 0.9130134731561409
13 2 20 14 45710 1.0475490780239838
12 23 0 2 74232 0.9420339675267008
24 28 20 7 68767 0.909678484210059
10 18 8 28 41905 1.095247428754526
17 22 16 3 51950 1.0834060441424118
9 5 15 16 62046 1.0926933941289803
16 11 7 25 59806 0.9926255840996198
14 3 25 17 51612 1.0933685930593264
12 19 3 8 44253 0.9354363549125169
15 5 21 15 54378 0.9053107925022904
17 24 13 9 49571 0.9064766302606343
14 9 6 16 45530 0.9555975134507437
13 17 23 9 42105 0.9739911615480473
4 9 14 0 32623 1.003516712449387
24 10 14 1 45599 1.0156011074539135
9 23 1 29 44607 1.0736901790413556
1 13 28 14 65933 0.9473030434558966
7 15 23 8 61634 1.0262816789782694
22 9 15 18 38293 0.9501992828967727
3 16 21 21 50751 0.9868812790638357
22 11 2 3 57806 1.0496460113853223
11 27 16 3 66444 0.9129204888346709
21 14 6 7 70423 0.9803042289535757
26 13 3 12 72391 1.0528328520682062
13 28 3 0 77903 1.0321944664960525
3 14 17 2 47239 1.0407636358853378
8 9 26 21 76183 1.0988519596048734
4 13 27 15 57706 0.9186423892162899
27 2 25 10 21925 1.062465012997957
0 28 16 1 83645 1.031900824885259
1 17 14 9 48414 0.9835617493005995
2 4 12 26 84088 0.9617531947547031
16 11 25 27 52918 1.0661038183400302
4 11 13 25 49812 1.0533881433084582
11 19 20 13 34908 0.991018982151854
7 26 27 25 57246 0.9881423304530751
12 20 5 12 43441 0.9433084895618022
17 28 29 7 63582 0.9548992563214516
10 20 20 14 42572 0.9604191276940488
29 29 9 22 69304 0.9489776200517206
8 2 19 11 44224 0.9070330862411138
3 25 25 10 81187 1.0666284990711223
12 27 28 29 33981 0.9806469280704697
17 25 11 15 42826 1.016921630970828
9 25 21 6 94218 0.9969530435119174
4 0 20 17 60534 1.0714726811595456
13 5 1 4 39377 0.9253656868184004
2 3 23 23 84626 1.0825058472628424
29 23 22 14 31929 1.0907312118918648
27 26 25 3 45313 0.9022200253943052
12 3 0 14 54412 1.0942980623831453
18 14 2 29 66745 1.07224513589253
12 13 2 4 64710 0.9099175714849933
21 29 1 22 74198 0.9070673790983372
17 28 10 4 87325 1.083680871757415
27 21 8 3 66656 0.9018617131663459
13 9 13 20 31957 0.9487952305134825
14 28 14 9 63180 0.9912468379446522
22 0 23 12 39733 1.0410985051383912
1 4 18 14 69607 0.9248798132667216
17 21 4 28 46440 0.990278512755399
28 7 17 25 60740 0.9017875253287544
3 26 16 19 46634 1.0347058600014005
24 28 29 14 33567 0.9939868232323428
1 18 7 26 43002 0.9287615991599237
13 14 12 28 44012 0.9419403568440474
8 2 22 18 58972 0.9859963864377577
0 4 3 27 66173 1.075765127743574
8 18 22 7 52509 0.9207178280359701
11 6 25 1 41521 0.9966093440256341
0 3 27 6 58335 1.058813116463884
23 17 3 24 49200 0.9691323361420257
29 1 14 23 72146 1.0262163440326533
11 13 19 21 46916 0.9718881252128382
0 20 19 23 67877 0.9976613816295159
26 21 26 2 44100 0.9734196527695054
3 27 20 22 50491 0.9125276294908038
26 8 14 4 47287 1.0661369927073903
9 9 15 3 41807 1.0807625999778725
28 13 7 27 60806 1.0657424273696274
16 19 8 6 52924 0.9357647440373761
27 29 14 10 62664 1.0581172963907262
9 26 13 7 70320 1.0029648099403945
11 12 21 11 41604 1.0559774276638207
27 9 9 1 52771 1.018980010332773
16 6 10 25 68445 1.0176579937627424
2 14 27 7 71866 1.01400219326064
1 8 3 26 51885 1.0813134428983595
3 23 28 9 67661 0.9344669218938827
9 20 1 27 44177 1.082813070155645
13 26 9 6 76822 0.9983421844573229
4 5 13 15 45200 1.0755241381864715
8 8 9 23 54469 0.9785880319224965
22 13 6 14 49140 0.9650955037138509
27 6 16 20 49499 1.048452763690725
21 12 8 1 58151 1.0243519384505266
6 14 1 27 40082 0.9994835895580864
10 4 13 21 65383 1.002344930729479
26 24 26 9 40938 1.009748790433784
28 19 1 6 84988 0.9491323347768726
6 9 23 12 66344 0.976863466351882
26 28 5 27 46519 0.9362378491428313
17 28 28 6 59282 0.9538609629103629
7 18 3 11 28768 1.078094736326147
29 6 3 16 65875 0.9733416531408239
23 4 22 21 54451 0.9813817618956039
6 17 9 28 41947 1.059961113222455
19 7 3 16 60093 1.0115482767590438
18 20 7 1 68436 0.9234517622017859
19 7 20 28 71573 0.9380509115084416
11 26 13 1 79648 0.9735639597045667
19 11 27 5 46377 1.0135976221212588
7 25 26 19 72471 0.9147697432397055
18 26 27 19 41039 1.0175676417285704
14 3 25 25 79005 0.9945300367487989
0 12 22 20 61894 1.0851737332408975
25 20 10 20 56650 0.9295237683631199
22 20 8 23 49517 1.0225776429859246
8 29 24 29 44765 1.0151738652240363
11 4 0 2 23014 0.9101334504760351
21 12 7 17 44339 1.017403173789842
4 14 18 8 53204 1.0879337467177532
5 2 20 1 25468 1.0679946185451925
0 9 7 22 59735 1.0372571185769406
6 26 12 3 74446 0.9157437222966238
3 0 8 5 20667 0.9492485303634662
24 16 3 24 54341 0.9776711701641586
27 20 29 29 25536 0.9600442569472873
10 16 18 7 45276 1.0554489083099177
13 19 29 23 43573 1.0785015387732497
0 18 15 7 59508 1.060219768891152
8 10 22 17 44440 1.0550352716480522
28 29 16 27 26263 1.0270216081634707
26 7 5 10 72726 0.9957789353776754
24 6 16 0 30830 0.9719347855072934
4 10 7 19 31304 1.081293862214617
0 8 13 11 46545 0.9778202699346277
24 1 25 12 45456 0.9241319748957292
19 12 26 18 39030 1.0653121726532349
15 15 3 26 51558 0.9769599464605802
28 16 29 4 25198 0.9358061795009205
16 22 24 25 34843 0.9257344103787776
11 14 23 6 61275 1.0969872747620584
26 17 16 21 24969 1.0669056482180432
4 16 20 29 59841 0.9499600116353734
11 0 9 26 81188 0.9489091733503523
1 26 8 23 34563 1.0042466794083067
17 12 22 1 42119 0.9592019835669772
7 10 15 24 59421 1.057777024220409
27 25 19 28 34043 0.9555007544596045
21 11 11 2 45885 1.0132996830271834
6 1 8 15 51627 0.9471029490654413
21 13 10 13 50234 1.0695859229965352
8 24 4 12 39844 0.908033246121086
21 22 5 0 85382 1.0005614680729298
5 6 11 21 54779 0.9799496941820539
1 6 8 0 38501 0.9351008444335438
10 19 24 27 59821 0.9659824239469148
19 1 13 12 42786 1.0775113642959375
1 10 21 21 69363 1.0101778227617293
4 19 7 11 33323 1.0189256777106253
9 0 16 24 66738 1.0341246060414173
16 13 27 0 46372 0.9584391403396055
3 5 17 5 47549 1.0295215960625967
29 29 27 4 49217 1.0276970346833711
13 5 26 25 77227 0.9436876483187832
20 17 6 2 56041 1.0702940697788144
14 20 4 10 45362 0.9470936360482836
14 6 23 23 72582 1.0675039850137238
6 21 24 4 89802 1.0064218064327284
18 25 24 4 75448 0.9517268357257898
0 25 18 4 95148 1.0843036447552838
6 4 16 3 30692 0.9744285724950691
19 18 1 2 64405 0.9650101339524318
29 17 16 12 31824 0.9867679794743598
8 7 24 0 44197 0.9388251229738376
5 12 19 24 66746 0.9286445517652224
13 5 4 9 36405 0.962076617798252
5 12 15 24 57459 1.042011183925125
15 28 3 17 50262 0.9400520196219544
23 11 24 28 56500 0.9044424728781966
23 20 5 2 76587 0.9153796736036197
15 12 28 4 50936 0.9761316810194635
25 22 9 0 79886 0.9163028601220198
14 6 11 23 63883 0.9867264053939858
1 20 8 15 38347 0.9393617002882303
4 11 29 26 66999 0.9804248106341354
22 18 3 25 56404 1.0930387394826533
2 1 8 13 49030 1.0728846458459267
7 10 15 25 65838 1.0259952733903694
27 29 6 23 71130 1.0326496701815917
9 14 16 29 53884 1.022915586683615
5 19 29 3 66074 1.0274385100859462
22 26 21 0 63431 0.9268956775754766
15 29 17 9 58294 0.9344974800425501
10 15 15 21 36597 1.0163321717295695
23 21 9 11 64594 0.9727342411321003
24 16 2 18 46595 1.0467019850288162
26 12 24 0 37469 0.9416240296183105
13 23 5 10 49010 1.0943724552221503
25 11 2 4 78450 1.0972570194114573
7 27 29 25 49703 0.9345597181327896
24 0 22 26 59237 1.0588836392192627
22 0 22 13 35235 1.0336965686705009
11 13 26 29 67180 1.0416117786828418
3 23 11 7 63674 0.9680979746644819
18 12 21 28 61081 1.063426141111915
13 11 19 24 53020 1.0289834686782684
23 12 14 24 56418 1.0639612075709888
26 21 7 8 82782 0.9429691682199206
6 6 15 11 54709 1.0123585742255656
11 2 9 27 72225 1.0327460896991993
3 16 26 24 61457 0.935914003205934
17 18 6 22 49963 0.9752682368832556
29 3 0 27 89209 0.9562578048758286
1 18 29 29 71868 0.9901704605775576
23 28 21 10 57167 1.0275299557717095
4 25 1 6 61343 1.0088039265605624
2 21 20 16 50712 0.9965869939336799
1 27 12 26 26141 0.9805077773397174
29 22 27 9 32113 1.0327735618770002
29 27 10 11 69736 0.9414742475869268
11 4 19 1 23601 0.9071962057093075
22 11 6 20 62002 1.0119715461594614
13 21 11 8 44464 1.06795270251124
16 0 14 27 67549 1.0751462958558338
3 0 22 6 42644 1.0433267993921063
17 6 1 29 91242 0.92634299656376
25 21 14 13 54000 0.9631084569760657
9 28 26 0 87546 1.0754228437929387
19 22 14 7 63182 1.0733631629547509
19 9 6 2 44143 1.090436120549394
10 21 0 23 61313 0.9257145746514631
9 21 21 25 65284 1.029660017065814
16 12 15 25 39644 1.0354658673283725
18 3 7 29 88530 1.0008501279697923
14 0 15 18 50108 1.0428056942966406
11 21 2 3 59309 1.0259679231829046
22 15 0 27 62542 0.9586261546818802
1 10 22 1 54236 0.9696208075323841
10 15 21 20 44479 1.018302109002551
12 12 21 22 55610 1.026436432277284
17 13 26 10 40996 0.959966324390928
6 14 12 18 27207 0.9103460300959384
6 10 3 22 37776 0.9975531281162832
22 2 15 14 40291 1.0241495667413056
22 23 12 2 66364 0.9090140850751611
28 28 14 29 38615 1.0815268826688769
0 0 4 14 34510 0.9046220976597847
19 28 11 4 84171 1.0785768992121973
28 28 11 10 65392 1.038591332460097
18 27 3 1 84902 0.9489716758339279
1 18 13 3 59787 1.017977706425476
2 28 27 21 74964 1.0117813654510905
19 3 3 2 27911 1.0542829560167377
20 2 6 26 81499 0.9171593301748061
9 14 2 8 36001 0.901674093620843
10 21 12 1 73675 1.0084896268581076
21 3 12 15 56838 0.9250987799614036
7 12 18 15 46371 1.0788405938954975
27 5 17 23 64741 1.0987091196516583
3 9 14 23 60353 1.0955501023009593
12 8 6 22 67641 1.0396711585023968
9 10 19 29 76303 0.9800263264001132
11 27 22 21 37490 1.082673790186175
3 29 9 2 68293 1.0738703979091766
4 16 24 19 40440 0.9792294055947143
12 16 27 7 50146 0.9533212522338814
22 7 2 9 66733 0.9106101993452109
23 25 14 4 83870 1.0111405760365328
24 4 13 21 69036 0.9548210800697059
2 12 11 1 48922 0.9827362414544847
25 17 10 7 60303 0.9017042601667522
1 3 3 19 47508 1.0061384330216032
9 28 25 27 39697 1.000504517044077
0 28 5 5 66058 1.0391388534886559
10 27 23 18 52203 0.9942312531626802
6 12 7 28 57259 1.0430029937814378
6 21 25 2 83771 1.0488011649884061
9 1 12 29 90498 0.9556958681522981
16 0 26 13 50170 0.9492137723837883
15 11 2 9 52210 0.9996912084164584
9 17 0 25 44177 1.0015447959390864
14 14 27 27 48560 1.079393159817363
25 14 4 12 56013 1.0764079702675664
17 21 28 11 43584 0.9682694526570992
3 22 8 29 31703 1.0971961828063876
11 10 2 28 68219 1.0590498740098635
9 5 26 9 68631 0.9273254443959488
15 26 8 1 75595 0.9389684392789628
2 22 22 12 66262 0.9698045177260793
0 12 24 16 60366 0.9170488883797115
5 13 12 1 46753 0.9742733256748384
27 2 7 22 77640 0.946602945982552
24 28 12 17 49581 0.9721164703164118
20 4 3 17 63079 1.0746817010014267
9 28 9 14 55637 0.9992374682876766
16 23 1 13 57451 0.941440616456746
7 21 13 2 71079 1.0960784302589257
25 14 16 13 32087 0.942877322917687
21 22 0 24 74557 1.012109875734653
21 18 0 25 69808 1.0420129286117836
27 16 3 25 67000 0.990306681105713
2 24 14 28 41739 0.9666294689674284
26 2 12 26 74809 0.9506379348366363
12 7 28 15 60417 0.9014313074377515
21 5 21 25 71441 1.090764805945416
27 26 21 20 42171 0.9480383517990707
29 11 25 1 31296 0.9275665807897304
27 23 25 7 46372 1.083594936608637
10 23 28 24 57294 1.0759920353727415
14 28 28 24 37995 1.0288551989337016
22 27 5 11 72822 1.0455062465557972
23 24 0 20 69408 1.0347210176790604
15 0 27 1 24842 1.0472403284996337
19 9 8 8 42642 1.0537942845197623
7 0 5 18 44763 1.0628893873270024
17 27 22 13 45961 0.9072364224549494
17 29 4 28 34813 1.0481344206221137
29 27 11 9 69320 1.0165403454413025
28 11 22 2 21723 1.0695653220493635
7 15 17 29 57685 1.0277624328653936
19 3 1 21 86010 0.9906683170315245
23 23 7 2 79754 1.06971445280833
28 13 1 5 75984 1.089056076145812
29 28 4 10 72705 1.0461168723577776
20 28 26 16 40104 0.9924948523863855
9 16 27 21 47836 0.9020425386354718
26 17 22 0 36346 1.013626489360722
23 9 8 10 48525 0.9644227562511437
20 10 25 2 31634 0.9930159039188323
10 25 2 27 27271 0.9258490677211503
27 8 16 0 32546 0.9884285221443364
16 7 10 27 59019 1.056678756923171
29 20 2 25 82239 0.957294531727181
19 16 13 23 31315 1.0065113713407885
26 16 18 7 49458 1.0813689738573136
28 0 4 25 79085 1.0735808569066312
22 25 27 16 34899 0.9577149992858902
17 26 13 3 66561 0.9486377581259878
13 17 5 19 19926 0.9671187765196474
11 25 12 16 34126 0.9990022450885435
4 2 12 6 29747 0.9141702232920751
16 18 28 24 31007 1.050270373183523
8 3 29 7 46487 1.0890017381569712
8 27 16 19 34489 1.0675755579829387
5 7 14 12 47095 1.079237417187106
0 20 18 21 54587 1.0409048870661048
25 25 4 15 72795 0.9938545248343171
0 13 29 4 82059 1.0880970990755428
15 15 20 22 34994 1.0127883149672852
8 29 13 6 77060 1.0430591848775346
3 17 0 27 30325 0.9100394664557993
24 5 6 16 72462 0.9175785397911408
13 23 0 22 56140 1.0477250796316717
26 12 10 28 76761 0.9828582032850866
22 6 26 13 39525 0.9992229574566037
28 9 17 7 45728 1.0487647497088683
22 1 7 18 66699 1.0891863506133883
29 9 13 27 60384 0.9787702022377589
24 29 21 17 39945 0.9210026450251012
20 29 21 8 65927 0.9166640411947308
15 18 28 13 31517 0.9020311351755438
18 25 7 5 89664 1.0764701949065048
18 24 16 0 66137 1.0036379362814056
22 11 9 10 39498 1.047406467024307
4 4 15 4 32034 1.0657907567664073
29 3 20 13 45905 0.9829320689392185
4 9 13 4 33529 1.0464421325600566
22 4 2 18 74652 0.9648802455998622
17 13 6 1 56473 1.0894505018075704
29 17 15 7 50548 1.0991835824176932
5 28 15 26 29621 1.027559650090545
27 1 17 21 63181 1.0701478418646946
20 5 21 24 65387 0.9847127299202144
26 12 20 26 55102 0.9501284570638935
12 23 25 8 69403 1.015915171587021
9 15 1 13 42840 0.970020273569377
28 3 14 14 52501 1.0605013385373916
23 26 27 18 33198 1.0999599518812233
15 4 26 26 71544 0.9689014445893434
9 14 17 27 50863 0.9284650289298455
29 23 29 3 37444 1.0997195940591105
7 1 24 29 87651 1.0603523717300811
3 28 17 4 86835 1.0990938086131783
2 16 27 10 57973 1.0256313829071473
11 4 19 13 56965 0.9795330689500104
14 16 7 10 37381 1.0692432398843776
11 22 12 1 70089 1.0075831493472855
7 4 14 7 39715 1.0336409483672027
4 20 13 10 40932 1.0003974760423684
29 20 2 17 52452 0.9422920358543052
25 17 13 12 32890 0.9526269341126894
13 6 23 2 26114 1.0818371624593672
8 23 11 10 48949 0.9726869889315833
26 19 7 18 46843 0.9050309767174045
26 10 17 3 38240 1.081639611519718
20 26 5 23 47843 1.0116042156709673
23 19 4 20 46543 0.9973447426109119
5 28 26 26 50233 1.0886425851522943
24 14 26 2 33531 0.9876560522094302
28 27 27 18 17853 1.038850007857378
13 8 27 16 53465 0.9060247310336219
29 9 25 22 44868 1.0459853522902713
4 24 22 16 45760 1.0460409272751032
25 19 6 26 71891 0.9386534367098988
23 17 7 18 30754 1.0463309059910628
5 1 10 14 49897 1.0990219777071373
3 18 13 14 29734 1.011004296407057
17 21 24 25 43976 1.0127504700648033
27 2 7 17 56072 1.0665492028901322
26 2 3 26 85010 0.920802140273767
9 25 21 13 75081 1.0683835223931044
12 5 0 26 89054 0.9961486345221061
0 24 12 17 45805 0.9134919550892983
6 14 25 28 76124 0.9601378053809998
15 18 23 5 57839 1.0017025791089194
9 14 15 0 57175 1.0301869776029646
18 9 1 10 52121 1.0305060212026116
3 9 1 29 61803 1.099776193950771
6 27 8 19 29894 1.055052230402851
9 6 24 24 93072 1.0159337539362001
0 17 26 2 68531 1.0639822870485398
12 16 20 11 37272 1.0268100352971918
24 19 2 2 72597 0.9212022823085078
7 20 13 8 51655 0.9656822665310465
16 2 2 7 41408 0.9407907626767577
19 24 3 3 81599 1.090874377673783
17 26 22 5 67706 1.0702055538712363
26 15 2 3 71938 1.0480593511691247
8 3 27 20 65975 1.0498508381175191
7 19 20 4 72349 1.0891935422425834
11 22 20 25 42257 0.9934800578343715
23 9 6 6 73036 0.9120733922948796
6 16 19 19 36240 0.9475753316849086
29 12 3 24 71400 1.0436617130877457
5 1 17 0 20867 0.9563496935620652
2 19 20 28 64113 1.0850412166546857
14 28 10 19 47181 1.0447834865382313
25 6 13 21 71830 0.9068019780400383
6 23 12 19 46298 0.9242883543622374
24 26 25 17 30662 0.9147304201931697
29 8 2 10 69524 1.0750453180585975
16 17 1 22 50353 1.030573284520586
8 13 26 6 75402 0.968730663870503
21 17 1 10 50157 0.9841889276036991
19 7 15 20 51460 0.9306019282150942
17 14 5 25 52622 1.005493285943465
11 6 11 17 38980 0.9072222351925266
16 12 20 18 21436 0.9943477181467955
6 5 16 17 61027 0.924305362190658
28 10 12 6 52332 1.0824975389847133
1 2 3 19 46093 0.9996013988222519
20 21 6 17 35953 1.0056530390425562
23 12 9 6 72934 0.98158719089699
17 21 15 0 57781 1.0356543150335953
26 28 10 15 62531 1.0773220015169478
0 24 25 4 107480 1.0412567386564069
29 14 10 21 55134 1.0200576547016267
27 3 8 11 62164 0.9634625761642751
0 9 12 1 46151 0.9464559648330358
16 16 25 12 39886 1.098085821279095
27 11 8 10 61428 0.9785228485558874
12 1 20 10 40002 1.074957168247848
24 10 1 19 72873 1.0514364891178527
27 6 6 18 66409 0.95659096953952
17 24 3 22 52460 1.092935920323106
28 6 5 17 51782 1.0307398350399466
11 7 23 5 50090 0.919622211856264
20 16 28 8 28688 1.0605893533343898
10 27 14 7 70035 1.097819889398427
10 17 26 9 49834 1.003846719480807
19 27 26 17 35068 1.0146514137391196
9 7 27 13 75707 0.9308248408236475
12 10 13 23 40562 1.0611723548471612
6 9 21 23 78044 0.9158086632145418
27 26 5 5 83660 0.9768263515105106
17 11 4 3 46163 0.9500816489429893
20 5 1 13 76200 1.0830954780156195
16 20 7 16 25876 0.9872542904199086
22 6 29 23 52698 0.9139406286479921
14 20 23 19 42453 0.9047532779695122
16 25 20 7 57238 1.0677170023159408
28 25 19 7 59461 1.0010589432288146
3 11 26 4 67779 0.9975608953279539
6 16 12 9 40546 0.9531847773968223
29 15 20 19 27376 0.9507012451248756
23 19 7 2 69673 0.9223244668454421
20 9 0 20 67562 1.0428318306529887
2 12 28 0 72939 1.0797966963535803
12 29 17 0 81366 1.0385781002251373
23 28 19 0 67788 0.9660004027794409
7 7 13 25 69030 1.011113509694971
2 7 24 15 73114 0.9978539290962521
29 21 11 11 60285 0.9052143415565547
7 19 17 20 40546 1.0492126963069683
9 28 28 28 46953 1.0906889481030368
29 11 27 2 20063 1.0129453772087205
19 3 9 15 65467 1.063858904811503
22 15 13 23 36633 1.0844420816213998
1 6 21 3 58394 0.983334527785608
12 23 9 10 54972 0.9908662394344091
18 12 28 15 36562 1.0500772709781077
26 28 14 26 35250 1.0774499558065498
0 29 27 14 81705 0.9405460800294939
26 22 20 12 50816 1.0573666137173356
14 18 28 22 35535 0.982978847823601
6 22 23 22 72574 1.079176736927811
28 6 16 20 41667 1.0860620898403706
28 25 5 3 70804 1.0504764115769498
10 20 4 25 43416 1.086056199792646
8 1 24 1 29736 1.0155880966878625
17 24 5 0 77243 0.9889843977019135
25 5 6 2 45737 1.034322724614327
24 24 17 2 66219 1.0382575472693585
6 13 28 15 58640 1.0354482052385
18 7 3 28 79639 1.0287929113560588
12 25 22 4 78748 0.910721949717835
12 28 23 5 86794 1.0937101652553374
22 1 24 17 39291 1.0763743460479445
29 5 7 17 58537 0.9102144929587144
