7964 7416 7342 7853 7313 7590 7031 7326 7567 7443 7343 7601 6842 7661 7527 7426 6820 7036 7763 7467 7061 7384 7641 7790 7717 7671 7966 7112 7081
2518 2980 3248 2380 2237 3653 3314 3595 2515 3629 3078 3277 3157 2823 2879 3747 2862 2773 3425 2560 2840 3626 3007 2829 2946 3352 2313 2556 2820
6100 6579 6450 6045 5933 6785 6888 5871 7177 6417 6941 6881 7184 6955 6275 5992 6908 6113 6310 6185 6159 6889 7208 6386 6166 6073 6478 6759 6253
2894 2535 3664 3105 3701 2568 3006 2448 2826 3096 3269 2582 2653 3060 3549 3343 2791 3191 2905 2437 3155 3090 2310 3685 2350 3309 3436 3096 2682
7877 8380 7144 8205 8382 8092 7258 7902 8569 7637 7497 7946 7071 8528 7735 7974 7675 7585 7891 7882 7322 7673 7546 8570 7763 8427 8333 8387 8460
3632 4098 3328 4263 4294 3341 4098 3241 4281 3915 3621 4428 4384 3659 3807 2919 4416 3048 3890 4331 4295 3855 3453 2997 3295 3550 3503 4213 3230
3437 2977 3249 3355 3889 3803 3053 3305 3658 2970 3449 4073 2982 4098 3468 3467 2984 3172 2898 3994 2880 4302 3496 2988 4029 3761 2834 3880 4322
7450 7303 8630 8330 8463 8565 7937 8169 7388 7433 8556 7801 8723 7656 8072 8678 8415 8509 8116 8776 8418 8137 7364 8669 7643 8533 8339 7952 8520
1818 2858 1613 2983 1991 1667 3062 2033 2744 2243 1880 2205 2666 3045 2009 2166 2008 1742 1860 3002 2097 2440 2268 1927 1932 2887 2056 2720 3061
7242 6636 7526 6278 6869 6255 7178 7633 7419 6392 6644 6232 7069 7419 6429 6566 6543 7160 7036 6376 7319 6567 6497 7589 7584 6828 7244 6784 6658
3099 3302 3115 4129 3146 3616 4070 4404 3644 3370 4217 3254 3755 4431 3613 3469 3904 4310 3806 4538 3927 4383 3108 3099 3644 4300 4580 4276 3990
2783 2026 2059 2703 2702 1695 2368 2098 2826 2068 2938 2581 2571 2820 2129 1727 1832 2733 3088 3062 2541 2610 2795 1691 2306 1589 1910 2836 2840
7509 7681 7160 7073 7704 7001 7212 7328 7280 7044 7897 6908 7240 6925 6818 7828 7040 7613 7673 7028 7096 7875 6809 8158 7233 6934 7680 7761 7798
6581 5801 5772 6222 5751 5856 6826 6941 5736 6988 5780 6533 6720 5647 6996 6274 7062 6892 6329 5864 6552 6113 5608 5844 6410 5675 5672 5825 6417
7238 6301 7278 7562 7120 6934 7627 6338 6371 6774 7493 6975 6310 6541 6653 6840 7088 7736 7662 6855 7380 6424 7247 7037 6546 6722 7040 6285 6945
5413 4071 4220 5068 5356 5355 4078 4766 4797 5496 4938 5463 4186 5389 5044 5130 5088 5088 4144 5450 5123 4246 4926 4850 4409 4802 4325 4097 5473
5697 4867 4525 5225 5465 5935 5958 5147 5721 5105 5408 5591 5588 5788 5972 4499 5952 4886 4965 5298 5973 5567 5678 5890 4985 5251 5360 5746 5143
3214 3404 2449 3281 3447 3105 2280 3140 3390 3647 2237 3022 3436 3025 3541 2850 3700 2402 2263 2850 2816 3417 2522 2730 3016 3335 3370 3678 3218
1500 1772 1278 1575 2252 2253 1668 1835 1815 2148 2130 1938 2031 2498 1890 2234 2265 2651 2393 1568 1789 1755 1475 1168 2610 2648 1870 1569 2317
4252 3270 4329 3596 2986 3764 3153 3401 4140 3247 3176 3381 4262 3892 3580 4418 3883 3590 4029 4351 3106 3797 3612 4044 3230 4444 3873 4483 4199
6417 5246 6311 5473 5349 5338 5677 6343 5837 6172 5505 5625 5193 6042 5851 5938 6239 5572 5726 6539 5270 5938 6378 5689 5193 6050 5287 5794 5983
6893 6742 6687 7246 7720 7168 7455 7047 6465 6832 7664 7698 7703 6490 7236 7186 7328 6849 7964 7650 6522 7453 7960 7746 7029 7216 7438 6596 7094
3250 3225 2967 2720 3419 3097 3214 3724 3425 3057 3781 3802 2646 3207 2670 3303 3540 3810 2598 3539 2808 3372 3009 3819 2693 2717 3527 2484 3210
6704 6547 6772 6731 7342 5902 7384 6921 6901 7103 6123 6100 6158 7016 6843 6270 6469 7050 6900 7007 7132 6793 6864 6468 7165 6888 6939 7319 5977
3850 4776 4598 4215 4039 4554 3980 4537 4130 4487 4165 3811 3643 4369 4098 4712 3940 4468 3485 4643 3977 3577 3739 4489 4059 3889 3659 3475 4816
4022 4084 3724 2982 3645 2862 3820 2731 3415 3901 3126 2889 3570 3564 2935 3962 3713 4084 3149 4020 3058 2969 3226 3813 3364 3349 2758 3626 3588
3304 4512 3182 4092 4096 4081 3446 3593 4514 4328 3334 4009 4222 4189 4051 3696 4183 3345 4521 3708 4159 4295 4220 3952 3798 3431 3878 4355 3308
4471 5583 5349 5144 4917 4457 4540 4351 4498 5223 4981 5021 4331 5369 4932 4371 4593 4819 5661 5213 5635 4192 4360 4430 4917 4769 5525 5436 5277
4860 5868 5238 4642 4529 4478 5787 4715 4779 5106 4559 4761 5304 5868 4535 5442 4992 4875 5586 4796 4567 5060 4792 5302 4699 4581 5742 4962 5886
7987 7423 7569 7628 6802 7285 6639 7797 7539 7906 7629 6571 6581 7925 6651 7885 7944 7311 6753 7847 7388 7379 7187 7814 6744 7918 7280 7483 6809
8031 1758 7822 3448 2621 5199 2348 8281 6294 5234 3565 5456 5942 6026 2628 5805 3169 2508 5795 4301 2986 4954 5402 8101 5579 5542 6015 3519 5007 2662
8088 1304 7388 3551 2302 4903 2591 7264 5899 6049 2862 5952 6115 5948 1621 5681 1886 2530 6378 3219 3081 5864 5724 7727 5307 4944 5801 4222 4276 3189
7424 1392 7359 2852 3171 5404 3175 8451 6602 6515 4106 5105 5886 7015 2559 5897 2222 2343 5990 3882 4060 5817 4601 7298 5190 5983 4607 2975 5462 3157
7526 2273 7331 2819 3630 5883 2293 8639 6365 5434 3006 5918 5442 7032 2610 6738 2252 3431 5075 3776 3002 5686 5537 7167 4868 4859 5677 3442 4560 2291
7973 1552 8395 3036 3814 5571 2101 8277 5886 5861 3887 4512 5777 6385 1987 5433 2201 2722 5417 2820 4468 5254 5382 7689 5405 5036 5027 3297 4828 2946
8812 2359 8456 3139 3249 5397 1740 7654 6572 5320 3108 5711 6314 5987 2204 6028 2461 3272 6386 3855 3107 5519 5815 7680 5539 5848 5847 3549 5665 2336
7680 1825 8080 4095 3781 5102 2653 7460 6045 5524 3306 5037 6114 6061 2459 6738 2991 3842 5950 3095 3858 5073 5551 7947 4641 6000 5911 3464 4486 2572
8361 2377 8493 3899 3240 5623 3217 8004 5700 5763 3677 5233 5691 5955 2452 5469 2325 3509 5628 4349 3779 5522 6013 7298 5649 5365 5427 4001 4989 3301
8181 1893 7741 4236 3687 4568 3119 7813 5100 5460 3392 5826 5484 6105 1711 6421 2075 3422 5975 3385 3836 5808 4678 6959 5653 5965 5782 3397 4875 2178
7501 1564 7570 2936 2415 4850 2172 7264 5916 5309 3541 4875 6602 5947 1534 6631 2338 2852 5206 3376 3458 5493 5162 7009 5496 6101 4795 3230 4611 2424
8090 1282 7168 3889 2694 5033 2945 7330 6265 5319 3126 5855 5909 5760 2057 5796 2888 2915 5326 3217 4446 4569 5839 7745 5626 6132 5520 3139 4476 2426
7703 1226 7244 3985 3168 5876 2896 8236 5761 5749 3734 5432 6129 5881 2515 5628 2428 3208 6020 3752 3232 4456 5821 6996 4926 4674 4622 3969 5074 2645
8331 1161 8142 3009 3637 5698 2606 7699 5274 5232 3851 4926 6227 6643 2428 6287 3020 2574 6145 3590 3689 5379 5351 6632 4786 5711 6030 2865 5488 2978
8048 2295 7640 3752 3247 5407 2869 7503 5397 6229 3983 4975 6690 6490 2399 6599 2056 2569 5219 3699 3907 4925 5350 6610 4771 4922 5638 2903 4874 2915
7425 2221 8380 4135 3548 5267 3219 8650 5864 5825 4053 5942 6102 6828 2598 5389 2566 3124 5612 2988 4379 5103 5843 7368 4896 4747 5706 3654 5140 1981
7738 1586 8503 3431 2928 5402 2846 7192 5485 6113 3755 5044 5720 5668 2184 6428 1968 2831 6369 2901 3215 4573 5266 7135 4663 5291 4834 3134 4830 3018
7625 1986 8498 3778 2796 5645 2267 7720 5072 5317 3362 5766 6364 5679 1618 6649 2446 3689 6042 2955 4075 5413 5963 7397 4854 5597 5228 3802 4851 3063
7524 1413 7097 3841 2533 4524 2390 7449 5882 6171 3413 5783 5446 5737 2473 6239 1911 2582 6103 2829 3228 5854 5221 7252 5271 5044 4868 3500 4308 1996
8109 1322 7756 3926 2563 4951 1789 7581 6142 6008 3730 4784 5406 7008 2502 6082 1932 3081 5320 3273 3211 4719 5368 6858 5682 5208 5959 3175 4509 2198
7981 1462 7439 3834 3730 5283 2266 7802 5629 6119 2841 5941 5668 6956 2512 5627 1842 3429 5789 3029 3582 4436 5992 6964 4350 5004 5618 3652 4587 2005
8322 1882 8303 3332 3306 5278 1883 8447 5909 5372 3550 5149 6467 7038 1346 5596 2829 3398 5753 4355 4395 4881 5810 7966 5246 5808 4842 3849 5001 2488
8598 2169 7776 4040 2869 5457 1847 8474 6547 5584 3491 5627 5384 5810 1866 5213 2543 3781 5383 3497 3232 4589 4784 7721 5680 5229 5790 4018 4872 3245
8117 2196 7501 3827 3745 5503 1781 7705 6603 6644 4214 5079 5458 5778 2066 5836 1978 3488 5430 3385 4432 5257 5723 7065 4897 4657 5675 3008 5283 3161
8858 1660 7676 4075 3569 5081 3011 8239 6011 6042 3605 5143 5649 6182 1309 5293 1978 2483 5614 3497 3441 5094 4633 7722 4745 4953 5582 2968 4510 2792
7491 2250 8419 4094 3182 5293 2252 7235 5211 5568 3358 5096 5236 6323 2050 6243 3192 3063 5962 4153 3509 4605 5518 7616 4996 4695 5542 3045 4590 2048
7921 2287 7387 3491 3821 4541 1740 7324 5937 6198 3485 5003 6475 6074 1535 6112 2890 3148 6289 3211 4331 5032 5989 7114 5355 5265 5920 3723 4917 2047
8187 1608 7203 3126 2893 5788 2278 8701 5237 6700 3387 5752 6076 5921 1795 5606 1927 3755 6433 3846 4009 4408 4709 7219 5638 5400 5125 3676 4558 2444
8504 1838 8316 3540 2380 5407 2722 7966 6258 6125 2982 5825 6255 6371 1509 5610 1749 3294 6298 3037 3171 5012 5877 7063 5253 4746 5080 4355 4355 2326
7635 1940 8288 3621 2604 5037 3141 7941 5507 5731 4142 5970 5534 5935 1719 6276 1832 3221 5338 3125 4203 5835 5168 7591 5696 5007 5886 3551 4448 2622
25 29 7 3 98329 0.9573140008313108
1 21 4 2 67543 0.9481520314332205
18 28 3 15 63030 0.9825825527757434
26 13 2 0 79073 0.9635499624350642
7 5 23 9 59411 1.0232064934999836
10 0 2 17 59085 1.00060203734792
17 16 29 12 40750 0.9627427422697702
13 1 3 25 80435 0.9731841853361115
12 21 8 5 48415 1.0145306003063332
6 13 29 12 65241 1.0761495806674193
25 3 9 5 50115 0.9653415896337612
25 12 8 25 65753 0.9570722179725891
19 16 3 7 59131 0.909399851581283
24 12 17 15 25627 0.9573962359630451
1 21 0 5 55326 0.955306514834859
20 20 3 29 63064 1.0735675617895892
6 17 19 19 42578 0.9797903770107091
17 21 29 2 72275 1.0888212652533993
4 11 7 24 51266 0.9112744622113655
14 21 22 23 44353 1.0858249127765889
7 2 26 17 78616 1.0268526073442354
15 19 27 22 52745 1.043121117902583
24 2 10 20 75892 1.0086971181013649
21 20 16 4 50086 0.9376141069603587
25 3 14 10 46367 0.9511147759041412
14 18 18 26 31454 1.0941461428569126
18 27 2 7 87842 0.9412968871656688
14 4 21 16 43100 0.9798652711195734
28 22 4 28 99403 1.0441525505770817
10 12 14 28 56278 1.0150185270769105
14 20 22 16 32920 0.9782201411878158
2 3 4 27 78159 1.0431240418371743
1 5 23 17 83028 0.987951536935641
14 1 24 28 82860 0.9037251066327882
6 23 1 8 59853 1.0245979760790855
20 10 24 22 54496 1.0062583039021467
23 21 2 6 91308 1.008933747891206
24 0 7 21 81657 1.045719039905303
23 1 2 2 44015 1.0688986285960396
5 26 16 10 77037 1.0448092756301288
9 19 11 8 33906 1.0645851870396537
23 9 1 17 76255 0.9899019905926956
5 1 21 29 85274 1.0045022315724026
12 22 28 13 66116 0.9725305266883633
8 15 18 10 32123 1.065695863563093
11 18 24 18 42470 1.0119308745756035
3 13 29 25 108433 0.9670851935743857
21 24 3 11 75902 1.048164361354702
24 2 9 29 94308 0.9373705370173694
18 24 8 9 52656 0.9688464721562092
13 22 24 24 60886 1.0274723781249506
20 6 0 2 52068 1.000796547569397
14 0 17 27 69453 1.0105254924626446
4 0 20 7 51479 0.9359239367790209
2 15 3 1 47347 1.0055124941906475
16 9 28 2 50189 0.9909262838376255
27 15 0 26 100178 0.9811445315208835
20 0 9 8 47135 1.0429991517920965
16 13 1 28 78816 1.0985899373507575
21 21 27 6 63316 1.0486593121275387
10 10 10 27 47188 1.0976963538721336
24 22 15 16 43517 1.046447200158454
5 12 23 27 80605 0.990593670302398
22 7 27 25 78025 0.9148208062360351
9 5 2 28 80818 1.0562788907368643
7 10 27 14 51971 1.0219819617234227
14 7 23 23 77423 1.0625466015642444
27 13 20 25 54360 0.9086446523198418
13 0 22 3 29109 1.038838658641652
9 17 18 14 27670 1.0935004726116608
12 11 3 6 37970 1.0949240298919043
19 3 15 18 46648 1.0036265699717815
28 7 19 16 49475 0.9949666308303647
10 11 28 7 63152 1.0910585794695336
6 17 2 27 42268 0.9203274897835699
9 8 25 28 93039 1.0270689288017496
1 1 22 7 49838 1.0160073003648296
11 1 6 16 45220 1.009662658993148
20 10 4 24 79438 1.0729024255400037
3 8 25 8 66167 1.0362778571869604
27 3 8 2 45533 0.9121920016430766
3 29 3 11 53624 0.9277213852847473
4 23 21 20 78486 0.9817826827744106
13 28 15 14 52612 1.0823254537769116
5 13 24 6 60931 1.097251493197817
3 18 3 3 45188 1.0560797673723998
26 23 8 11 80302 1.0529404890093588
26 15 23 29 56143 1.0160519601396762
0 29 15 16 69825 0.9294085120307348
27 6 6 6 52046 0.9399613732166319
8 1 18 20 54821 1.0138985236472966
0 20 0 7 51587 0.9943178311180108
6 27 20 27 47885 0.9299578307053504
19 2 11 20 60571 0.9701151738601659
9 10 13 1 29599 1.0742844925353527
14 8 23 24 79525 0.9277007629880147
22 29 6 1 86160 0.984336864412067
5 13 13 21 43023 0.9944483667718494
9 15 0 3 57506 1.0939376796078497
15 26 25 23 51760 1.0256023201153157
14 16 13 4 42832 0.9313136252092411
25 3 9 25 91314 1.008840072911671
25 15 27 27 48864 1.0824425604118006
21 1 22 15 40755 1.0081869414351712
2 3 28 25 128482 0.9977765409501071
15 25 29 3 91889 0.9102932969247057
16 29 18 20 22260 1.0845679678878004
22 5 21 23 66323 1.0501358562777754
5 12 26 4 77484 1.0635827466800913
5 17 24 13 53234 0.9060224546208758
17 8 21 25 56260 1.0080712343737166
3 21 21 1 82260 0.9670334252876096
29 23 11 25 89651 1.062164879632662
18 25 25 15 37930 0.9404845892518084
27 13 10 26 72188 0.9814082590969846
22 27 10 15 59638 0.95585029008435
15 13 9 20 37254 1.0832484821323056
6 2 20 23 80841 0.9499441774583326
29 12 8 28 87346 1.0548373772980675
12 20 15 11 42781 1.0399783710029038
25 9 8 18 60143 0.9874628133521121
13 11 0 13 48373 1.0344423104301843
28 12 27 3 45432 0.9526525685235658
2 25 10 10 65031 1.0316390958277304
3 29 27 2 116750 1.0364097821988842
28 3 12 8 62888 1.0692548996106843
2 5 17 16 63496 1.031491477961279
18 5 9 28 75822 1.0761224032067298
11 29 15 1 74047 0.9838146006001546
17 1 14 8 32754 1.029245217326479
4 16 26 21 71992 0.9135779800140142
3 26 29 22 110964 0.9310713280778065
28 15 7 1 67222 0.9662617739336544
7 21 19 6 59775 1.0013200071330406
7 29 22 9 83712 0.9823990786966632
14 22 8 7 58362 0.9974449197117051
26 23 7 27 78112 0.9921985711370825
22 23 26 9 55036 1.081261824081227
9 7 6 27 60488 1.0973750406236211
22 24 23 6 61105 1.0564362306766821
15 9 0 14 55849 1.0087017584915532
25 5 15 16 44203 0.9898604726840513
10 29 6 22 33017 1.0203179041038886
0 19 13 20 49258 1.002472383965977
13 14 10 7 30175 0.9801953951885892
22 29 13 22 51236 1.0236568464804632
17 6 24 29 64544 1.0619119468701586
1 14 19 11 48660 1.094659002713157
15 28 28 15 63874 1.0768092085467669
24 15 0 3 80277 1.091085763315888
7 16 16 13 29714 0.9336308025652531
8 12 20 1 44690 0.9282130600228707
3 14 29 13 61363 0.9546524047447454
0 1 6 25 80646 1.0682740753333373
17 21 22 1 51073 1.0300781339988654
20 7 4 17 65781 0.9657155342002919
23 19 18 25 27904 1.0593394357818051
16 3 7 7 44535 1.0215219014088164
2 8 21 6 57327 1.0797383419309292
10 6 28 5 48085 0.973055094153303
24 27 1 12 90287 0.9161221460696957
23 17 10 23 57382 1.076824183429123
6 12 23 3 69180 1.0541623700842064
11 17 0 1 56722 1.057029932007684
26 2 16 9 45387 1.0783290245655335
0 16 28 12 74861 1.0080705243927703
22 5 3 15 63723 1.0719168188213946
17 14 25 24 50923 0.9062596287799142
13 16 18 7 29466 1.0338551082579022
19 15 24 10 28667 0.9884435387765311
1 6 15 13 58279 0.9641054977641517
19 5 15 20 45135 1.086873535070732
16 25 28 12 62101 1.069436296719985
14 15 11 6 34265 1.0480254505129996
27 24 11 24 73811 1.0844329300023992
22 12 23 24 43218 0.914535867634927
7 5 10 12 31776 0.9084382190579133
0 10 12 25 68282 1.003363239543964
29 16 15 9 53064 0.9075431525118154
16 9 24 11 37476 0.9448424205496382
3 25 12 16 47873 1.074750437974676
10 21 24 11 61320 1.004860803994942
16 7 8 26 72304 1.0112471168106254
4 1 19 23 74811 1.051655577832359
0 0 27 28 122531 0.988525235718981
20 2 22 16 46493 1.0504893701856357
7 26 18 6 69345 1.0632782212331637
12 1 25 8 41172 1.0779995874634345
22 13 18 27 37749 0.9448615187254489
0 20 22 15 67089 1.040302728243935
3 2 7 29 81387 0.9280221647895267
6 4 27 7 61395 0.9052926045381521
17 22 10 26 42730 0.9081084755243037
10 1 25 29 86502 0.960402987427626
3 10 23 18 70755 1.0372492214680245
5 27 22 12 75004 0.9181289815566793
15 10 28 10 45173 0.9817397875643041
23 2 25 20 73309 1.0738601036163788
9 26 0 2 85366 0.9854848894575226
17 8 6 2 40746 0.9868883100398312
17 16 7 24 44778 0.9095863249447911
1 9 20 7 64255 0.9173301292206033
21 29 19 19 28733 1.0519273052698872
7 1 29 17 79019 0.9189450784089109
28 12 0 23 100886 1.0354467872641384
16 5 28 2 39961 0.953251123246738
20 7 5 22 78993 1.0091851103889162
14 29 7 14 51981 0.9320598602067565
9 5 14 13 45298 1.015805330405561
1 21 15 21 60265 0.9388163908648909
4 1 24 11 66932 1.004956575472683
1 25 11 4 77350 0.9619462510736261
4 10 16 17 49070 1.055268621599762
2 25 5 2 80286 1.0002094323956563
16 26 7 1 78739 0.9244915288796175
22 14 3 0 63326 0.9200340336448422
17 19 18 29 21598 0.9796179057892042
13 8 23 28 88518 0.9334505103287447
23 29 15 12 59149 0.9570529448209993
6 27 2 1 78627 0.9266562631524704
1 25 28 1 112765 0.9422530012448599
26 1 20 25 72431 1.0054440593106488
29 15 1 29 102344 0.9304838663402109
9 29 27 24 67838 0.9709940521911047
5 14 29 1 74439 1.009438721544102
6 15 13 22 43122 1.0270214476933308
14 7 22 25 76870 0.9320905971344422
6 16 10 10 26220 0.9410762021454931
26 10 21 5 32950 0.9772852806920703
11 29 18 25 27000 1.0268895691865174
5 10 0 29 69834 0.9283862385172862
11 19 24 9 59800 0.9290127188548745
20 7 2 0 53367 0.9651165844428722
29 7 10 4 57533 0.9971899942891214
19 16 5 22 53134 0.9785739807517205
17 12 18 1 25268 1.0116650153142048
8 20 26 19 62759 1.0152481338795252
4 8 16 17 59265 0.9146342894642864
26 21 3 23 94123 0.9916309145429125
25 8 22 25 61051 1.0448707078306596
11 17 22 25 56561 0.9958773678429741
18 0 8 18 56135 1.0461924698100533
23 15 6 10 55028 0.9826452512726168
19 0 25 17 54898 1.0982206349352486
28 6 25 17 44366 0.9020514594780987
26 18 4 3 88884 1.0231099923487117
1 23 5 4 66868 0.9756976969998734
14 26 25 21 60941 0.9303699559140372
21 11 3 6 64024 0.903260778613299
28 0 18 20 61728 1.0944640284978788
8 11 28 24 94041 0.9792558740280605
15 0 3 3 33640 1.0550558422289622
26 4 1 28 117928 1.099235991891911
0 21 3 12 35933 0.9840139497123621
21 27 29 4 85678 1.0060433826492612
17 18 24 2 52033 1.036949139535518
11 23 29 7 86144 1.0588589492110387
29 23 1 0 124865 0.9084897934763093
13 29 24 4 80408 1.0304693683929855
4 21 14 16 43710 0.9075490196759209
19 7 12 3 32968 1.0449163206868772
6 24 7 13 40809 0.9934253118145129
1 4 5 20 60282 0.9968255104960302
10 1 1 9 40461 1.037640107241824
5 29 10 1 76831 1.0902778318880675
5 8 19 10 53474 1.089938234609521
22 14 25 23 36541 0.9600108849512676
24 15 0 24 87230 0.9827838167184041
14 15 7 19 31604 0.9664914147708611
25 5 21 20 57943 0.9000792732851622
23 3 24 20 66384 0.9000527273134599
7 17 21 15 43002 1.0188681330557108
17 25 11 8 58773 1.0422587295568826
2 7 12 15 53156 1.0630050065155285
21 19 22 10 32854 0.9158055229432132
25 3 26 27 84628 0.9163349447207109
10 22 15 17 31348 0.9435847465177454
14 10 6 17 40255 1.0649316329669427
20 17 7 26 60061 0.9325681170358943
8 10 14 18 36873 0.923658951537945
20 10 24 22 54496 1.0114817845674298
6 1 12 21 61964 0.9420489700361128
9 9 25 19 70206 0.9245097054335464
6 11 0 15 30818 0.9549750891185728
18 22 23 13 33756 0.9020109587581714
3 3 20 26 94428 1.0706563604423884
27 9 11 28 87959 1.0049295213890201
3 5 23 6 51467 0.9911908562537722
22 8 1 13 68376 1.0339388696521403
20 18 26 0 62196 0.9598333660683075
0 23 19 17 74574 1.009674380471245
3 14 17 22 52802 1.0420346885860856
28 14 19 25 45496 0.978720064583915
29 29 6 9 98756 0.9193359627614995
20 17 11 25 47828 0.9202082940630997
6 10 8 21 31663 1.068145071792664
8 27 2 1 71162 1.0805852233351634
8 19 14 23 41224 1.035189352917677
13 8 9 15 36859 1.0558114343065113
6 7 29 28 112528 0.967360062862028
15 3 6 15 55932 1.0714939485251629
15 10 28 6 39565 0.9828659871753209
15 13 26 4 52473 1.024932294123909
0 28 10 21 57324 1.080966405926582
0 25 23 3 111351 1.0136645422100137
11 12 16 21 43175 0.9362639289440379
18 6 28 23 75945 1.0829862939795731
29 16 15 18 41147 0.9671223001580422
28 23 12 1 95737 1.0505944795246154
20 28 12 6 69241 1.0294242421779052
15 19 22 11 37373 0.9336062047112619
20 13 8 20 45360 1.0857920120249878
28 26 20 12 77066 1.0307747560071592
13 21 24 16 47335 0.9195859550836601
26 0 18 3 21582 0.9119890906203322
1 10 12 23 63042 0.9257911097826911
17 3 22 12 38582 0.9951266938556562
28 5 14 14 50983 1.0195525610429255
15 11 19 5 28487 0.9780463516093141
29 26 13 24 77883 0.9121114966671107
19 18 2 19 57631 1.073130201502477
12 7 26 15 58709 1.0462803804517258
10 28 19 7 74545 0.9833078051237589
1 21 10 4 64611 0.9609546786920858
11 26 27 16 61753 1.034607680458377
5 13 6 29 50822 1.0957223459016654
24 25 26 2 86166 0.9446513962876678
29 26 1 24 105836 1.045091363337524
19 2 10 15 51670 1.0983410476626916
6 26 21 3 92428 1.0746416125856242
22 13 29 6 40574 1.0643377701031371
3 29 16 11 81914 0.9131194214852523
16 16 24 1 44365 0.9492538597030986
15 6 20 23 55408 1.0911841681199175
13 19 27 22 59432 0.9804018456802773
23 24 4 20 84516 0.9542775632646392
9 29 18 21 38858 0.9861893636641961
0 7 27 11 95027 0.9503393121006051
6 26 8 9 49715 1.053445746039825
14 23 28 20 69494 0.9838232784845715
3 16 5 1 49230 0.9499911408698356
27 29 29 10 83250 1.0970510258801605
10 9 13 22 48300 0.9661019335058605
8 4 12 21 50406 1.0213687340215156
22 27 11 27 38521 1.0909970057184994
6 15 20 5 55352 1.0714145360849647
18 2 1 5 42326 1.044807190466127
12 5 19 12 40138 0.9244361025204112
25 11 14 14 32547 0.9492298225804741
14 29 29 24 65399 1.0023166209450995
10 1 23 4 32662 0.9086954254846621
13 20 23 9 63168 1.0955913423805075
29 1 0 28 127933 1.0129187663571697
15 10 17 24 43586 0.9663261640215036
4 2 0 8 37634 0.9803068196370619
9 21 27 1 84238 0.9264970718862712
5 0 17 14 54486 1.0592353756007902
7 28 18 25 42078 1.0809139218509372
20 28 7 1 81178 1.0658560792040745
22 5 16 24 56258 0.9626521484945673
18 21 9 10 48494 1.0698934390399848
17 27 15 0 65407 1.0918728756526264
5 3 1 27 81508 0.959907028323235
6 26 17 19 57754 0.92516500487641
3 26 27 29 70712 0.9380132863416608
7 10 16 2 42966 1.0202567309983293
16 25 26 27 42597 1.0997483080142316
22 6 14 0 31359 0.9306317272885514
29 10 19 19 55502 0.9948055615773598
29 20 1 13 89810 1.08466723016568
16 8 13 29 66689 1.0587466991629813
21 16 2 22 64699 1.052886436645949
21 9 3 4 68264 0.9823016540983924
10 29 26 11 78830 1.0324021658717188
20 3 7 10 52308 1.0953865423238776
19 9 5 12 52249 1.0958675941676905
14 24 28 15 61897 1.0949887514259078
16 2 28 12 63121 0.9853918043750006
2 16 16 10 52753 0.9033263707358757
8 22 22 12 52920 1.0358208518286705
2 3 1 13 34386 1.095653607149098
5 21 24 21 78571 0.945536287761847
27 24 25 11 55945 0.9765614855874679
22 10 10 29 72886 0.9155015028373142
27 27 13 4 93050 0.9886495981201967
13 21 23 4 72466 0.9328085950865646
0 3 16 0 41683 0.9896210530510007
14 15 20 27 44750 0.9566968445847739
2 9 18 12 58933 0.9531287335259377
15 14 22 9 30994 0.9433907882029383
23 0 16 6 29522 1.0345648743164735
17 9 14 0 34774 1.0813748149495357
26 10 4 22 88865 0.9048084373415531
15 0 1 24 92480 0.981875110132177
15 28 22 3 73933 0.977538781923867
24 5 0 27 111276 1.0014701611044208
3 12 10 25 52942 0.9489621546601241
14 17 4 20 39356 0.9752556035689093
18 21 6 19 43493 0.9781029276710411
6 4 22 13 63507 0.9692747580670418
13 19 3 20 37652 0.9590190089209873
7 16 11 2 41231 0.9952575941815223
25 12 11 18 45421 0.909668480720978
12 0 24 10 56198 0.9887463101593063
0 25 7 7 77743 0.9275082199928318
13 25 18 12 51928 1.057128358490809
23 11 9 17 50630 0.9199110937126338
25 6 24 19 48642 0.9523751569709079
1 13 11 9 36995 0.9973362437632115
22 5 0 17 74345 1.052470299151534
1 8 15 4 50733 0.9283863225376573
23 18 8 5 69024 1.0999539433208096
0 4 13 3 40129 1.0153969172725525
9 25 10 16 29654 0.9614911885429953
10 28 18 18 46174 0.9674978844460524
24 11 3 8 74139 1.0102604369756851
24 28 19 16 48269 1.0035784881470968
15 25 18 14 37730 0.9484741333418961
2 9 23 15 71136 1.0414114200905782
26 12 6 13 54123 1.085278347637888
24 26 5 9 95876 0.9417166046348239
15 15 22 0 46597 1.094059641821925
22 18 5 21 63843 1.0607714921757463
0 3 23 8 69841 0.9757140498328425
21 1 9 25 80792 1.0261725842212905
16 24 14 6 56098 0.9745901040304551
6 2 11 23 64980 0.9016256277121689
19 2 4 12 66330 0.916551331876676
2 1 22 22 86535 0.9167051644862633
20 18 5 28 67860 1.0626533817839439
15 26 1 23 63872 0.9373142738460377
14 22 14 7 72512 0.9316146736650035
26 0 1 20 97375 0.9150551623297238
15 25 23 0 78658 1.0335046984998362
2 1 1 24 71738 1.000213804126376
7 27 16 22 51689 0.9503881598291087
15 1 2 1 23420 0.9275378412888168
27 5 3 4 68751 1.0043849482343388
19 29 1 21 71063 1.0539265500317756
28 5 8 12 67543 1.0158051404149258
4 14 12 17 23300 1.0659989556934408
24 20 3 8 84389 1.043169558130666
8 6 11 14 25180 1.0723594813341895
11 25 3 29 29649 0.965329817051331
26 29 0 3 114764 0.9370341772134101
29 23 20 11 79421 0.9674947415262022
21 24 5 4 89701 1.0168625940122324
22 5 10 8 40706 0.9697524943499242
23 12 7 3 68246 1.066531365343888
0 6 23 17 81723 1.0013337879941215
26 6 5 2 52985 0.9876281253390511
24 12 13 13 36532 0.9165078437140914
23 22 15 12 54510 0.910546879073107
1 17 28 10 81546 0.9432369054045425
7 14 12 22 33297 1.0436170908749238
2 1 4 13 43877 0.9640306518910898
6 9 22 28 84526 0.9780217687041144
25 10 24 21 42498 1.0452884956689226
23 25 8 16 66687 0.9117042701658912
25 20 0 25 103704 1.0287080000268376
1 25 18 16 66902 0.9314980338954502
11 14 19 1 42730 0.9934102957814599
11 1 23 7 37968 0.9187723641341764
29 21 6 11 93358 1.010142033110867
14 4 28 2 40972 1.032947952670332
28 10 4 14 67273 1.006298860096742
7 3 16 29 84946 1.0294280468926627
7 15 18 11 35462 1.0601769671080852
3 3 11 24 70766 1.080169183343486
0 1 0 18 59700 0.9521211882956928
14 16 13 29 44960 0.921800099407888
8 23 18 15 41347 0.9916297196797396
21 25 12 8 75510 0.9028537593217486
10 25 14 14 39988 1.0001177884977923
10 2 9 24 63978 1.0408827832151535
27 6 20 23 66752 0.9328402860022588
28 4 9 20 84222 0.937958150565464
7 25 25 22 82874 0.9061918343380061
6 28 0 23 40906 1.0251472735010752
3 22 12 23 51141 0.9310228372957073
3 16 4 0 55555 1.0426461517668577
4 7 10 26 73762 1.050026021971026
11 15 14 3 40245 0.9809954631561892
2 23 18 16 63103 0.9603699314429389
25 17 3 14 57272 0.9245977983800784
6 13 19 8 49228 0.9640805854737708
26 26 4 9 108724 1.023062163655113
8 25 22 0 80246 1.0687043190756074
8 19 24 6 59942 0.9840260635163927
28 28 15 22 60747 0.9043419523127776
22 8 26 25 68901 1.0417267406944681
11 5 16 11 35839 1.0120528131166082
5 7 13 9 38217 1.0687019236236268
4 8 27 9 80400 0.9927286848198187
21 16 7 14 34608 0.9512112602839671
29 24 12 12 98039 0.9103884376499771
26 22 23 15 37759 0.9013442118399354
13 16 9 10 26881 1.0984848582174136
24 24 4 16 78957 1.0211843668798775
19 29 0 9 90919 1.0488985903779358
5 13 5 25 43965 1.0717445416289724
18 19 3 27 63617 0.9994953256047779
24 10 16 18 45004 0.9547648323406277
25 9 13 3 49812 0.904941556093957
5 22 26 7 89276 0.9162558338066489
17 12 29 14 29143 0.9891571259733062
3 28 3 5 68155 1.0242944289983091
16 2 24 5 34527 1.0492345583108427
24 19 10 11 58743 0.9817027202666047
21 22 5 7 86468 0.9715983063245865
14 23 20 1 73159 1.0578998726248847
21 4 25 14 41666 1.0873494953659502
16 12 21 22 49013 0.9686210836668352
7 25 18 13 52831 0.9145110099678926
17 8 2 5 50335 1.0403353187852193
22 12 15 26 53455 1.0923419117273934
25 25 14 5 85533 1.0364767368710976
2 2 2 23 75685 0.9849381587198642
1 3 5 13 44738 0.9939874334803394
5 12 2 23 46399 0.9534574519147682
10 11 16 23 59204 1.0323374996183614
9 25 10 14 32661 0.9799586323314348
24 10 4 25 94785 1.0607385881486224
25 8 6 18 71280 1.001674972375161
18 14 4 13 38676 1.0466221527209965
26 27 12 10 84525 1.0707590317064961
6 12 13 15 29232 1.067342629620403
19 25 11 21 42271 0.9528160456422582
5 12 12 8 38854 0.9217530757513623
20 7 6 22 74918 1.0552116113665633
0 9 27 17 88060 1.050313539609323
27 24 15 25 63742 1.0925335590290584
22 12 13 14 25351 1.0078511140899291
16 2 5 14 56200 1.0558970102249208
0 27 21 8 108322 1.075155095093725
20 8 16 29 59592 1.0597295383219825
1 5 27 25 125209 0.9009464585786531
8 25 14 8 60989 1.0890352648543038
4 29 8 16 41155 1.0517054173292681
24 21 9 8 79051 0.9563718014396928
6 5 0 1 24108 0.9319783975530602
19 12 26 23 56739 1.041769577546444
8 22 15 27 34227 1.0494438531515407
1 17 24 5 78086 1.0006932870937797
9 0 15 18 63794 1.0173287900284333
13 24 6 18 42731 1.0575145256379694
27 19 9 20 65926 0.9883537633593308
6 9 2 17 36089 0.9762617253166186
19 12 27 18 39924 0.9938424086923852
1 15 10 6 43940 0.9200694046636181
15 0 7 13 50955 1.0074038438044046
3 26 14 27 40692 1.0950345279467686
22 18 26 6 47504 0.9702729545957217
26 5 13 26 85694 0.9253676691921688
4 17 19 23 58744 1.0339241291708003
13 15 23 14 28560 0.9719364018899013
17 10 16 23 43695 0.9937509735736831
1 25 29 22 119137 0.9557279056829451
2 3 29 29 118835 0.9760161685817362
26 20 2 22 92255 0.9590927936371593
18 26 19 1 50961 0.907114892785121
2 18 16 21 64225 1.098319671038593
21 10 12 19 48487 1.0762768870108812
15 17 24 27 49567 0.9546756713096066
21 28 26 12 64132 1.0386778499037568
11 24 11 3 51578 0.9647164260716163
12 27 19 17 42866 1.049241328196252
7 17 23 8 65956 0.9832882054881661
22 25 4 20 82312 0.9625273496833522
20 4 10 26 76699 0.9501656019446902
8 28 24 22 70126 0.9721176040962272
11 4 22 1 25511 1.0532127752915776
10 14 1 25 50626 1.0386393179163407
26 4 27 22 74454 1.0192750298925608
20 3 2 21 88121 0.9608161051297622
13 5 28 26 103037 1.034433959349178
2 28 22 5 103167 1.0566585766746277
9 10 28 3 68688 0.9010739039921107
10 21 19 17 39566 0.949626525962704
7 16 26 13 47392 0.9277092000793016
18 24 9 25 46687 0.9761009800010851
16 23 10 0 73147 1.0936828189537386
21 5 9 7 44494 1.0971412120527937
1 19 28 1 94957 0.9231649096461478
10 9 2 2 46878 1.0781876785921953
14 24 0 14 62513 1.0409376550532745
6 0 5 27 78037 1.0741430432049124
16 3 3 1 33006 1.0983706596576623
23 4 28 19 68211 0.915358580532775
13 9 10 1 30740 1.0694373253541545
22 5 28 23 81739 1.0952975440489843
5 24 24 16 69971 0.9598023491054084
3 20 1 5 50575 1.051213122274191
1 2 22 3 45716 1.014539875991126
20 4 6 8 50355 1.0042099398862934
27 25 5 2 114958 1.0667543460179785
3 9 24 0 62564 1.0510679844428263
17 19 16 29 26657 0.9804958352615994
28 2 15 17 65226 1.0743927947759175
24 15 7 2 67199 0.9767796510505602
15 20 25 8 57635 0.9029782324263474
29 11 13 2 73511 0.9684885398155842
14 0 24 17 60803 0.9643996478713537
8 24 4 7 58366 0.9445085641390757
21 20 26 14 29652 0.9458044094882435
27 23 19 5 77018 1.021039532080025
15 19 4 6 60429 0.9727263956915492
27 27 4 21 97606 0.9716018213174653
14 0 15 29 77916 0.9898945366409718
3 29 23 4 103247 0.9485582864081223
15 2 28 21 84279 0.9054361167569032
10 13 26 9 57316 0.9922862674049405
15 5 20 29 63326 0.9449550730490457
20 9 10 5 43099 0.9049781704181065
11 1 2 25 84031 1.0233778715345494
2 2 26 26 117809 0.9865614813479155
17 5 27 7 28882 1.0581574025757903
25 19 2 28 91172 1.059900929267604
29 25 15 25 69463 1.0593514880240575
13 28 2 6 83031 0.9902039429592477
29 7 24 12 41638 1.0872415378603242
16 11 24 13 33692 0.9225289705614176
6 7 5 28 70333 1.0598926398501995
11 9 15 24 56565 1.0376674319344714
4 18 14 8 61750 0.9765621943342246
6 19 5 0 58412 1.0688277706005096
7 13 18 6 46580 1.0489995610972462
5 0 17 10 46829 1.083793989968725
11 22 14 10 42200 0.9373887156147438
24 9 9 5 55689 1.058003029270675
1 25 25 19 94142 0.9897165727250186
8 25 19 13 51362 0.9615371630099009
10 10 0 6 37133 0.9934943207147742
22 5 21 22 60377 1.0290715515857618
18 10 10 23 53481 0.9956435320875072
18 15 16 25 30549 0.9799261833585486
11 13 29 4 67721 1.0658135636785373
4 14 15 8 51228 0.9824248405052293
6 27 24 8 93582 1.0707908307722396
18 6 28 0 32664 1.0129120755135907
15 20 24 17 36437 0.9797378566570242
18 20 26 14 28187 0.9114244133190011
25 23 8 4 89602 1.0300318531149235
14 8 27 22 85905 0.9773810097304205
12 7 24 25 91540 1.008419637724636
22 24 27 29 27123 1.094153780735246
26 6 1 3 61636 0.9673313464722754
16 17 22 21 29979 1.0803741856747422
8 17 14 6 40126 1.0232188195858032
17 17 24 3 49957 0.9032465389175154
23 22 25 7 59984 1.0551373053000495
26 20 11 6 73439 1.0262323139896747
15 18 8 4 51089 0.9181926851325231
0 28 25 15 98712 1.093735354648501
7 29 10 14 40721 1.0008616751008068
29 1 17 2 25431 0.9721647423267934
18 15 12 2 45426 1.0627585183208292
10 11 4 19 38589 1.0160518398641718
3 18 20 25 69794 1.0699749346824305
27 4 16 24 73015 1.085427510731593
14 24 21 2 75473 0.9292426616841706
4 14 13 6 40176 0.9682527567350312
19 6 29 19 62435 1.0719664953777914
5 12 28 1 74635 1.0576136807746024
22 29 2 14 75838 1.0996773094313583
23 7 1 21 89503 0.9360160036604417
0 0 19 3 46407 1.0840349096052495
13 1 13 28 76514 1.0662336398049466
13 15 9 21 35040 1.099699675711746
2 28 25 5 109976 0.959080681390487
17 29 20 18 32793 1.0467082642248187
6 10 15 12 41596 0.9296068123264274
1 24 16 17 63699 1.0689546321053027
7 26 13 6 62839 0.980886901613506
4 22 23 1 92804 0.9515145761856016
4 24 16 17 60065 0.9872243385720206
11 24 2 20 43651 1.0370808802619875
9 4 12 16 36060 1.0808657406582929
27 16 11 3 66026 1.0582958308804455
27 29 23 6 78259 1.0460002785684352
5 23 23 2 97422 1.0984098662608575
21 23 29 5 85066 1.006057330632752
28 9 3 17 82473 0.9363793055489001
28 20 9 20 70942 1.0708225992392464
17 0 18 20 42821 0.9504096872619897
28 10 22 3 40001 1.0543524399147184
25 29 4 15 83840 1.0759993929345886
19 10 0 6 58643 0.9820697345639179
13 26 17 7 69714 1.0650403840253968
14 28 20 19 40858 0.9734860022633901
4 14 26 2 75552 1.0288823918770782
7 29 18 4 79561 1.0164402299975255
14 28 25 0 88145 0.9624807437548619
13 27 27 15 64667 0.9221230999268789
29 13 25 7 37679 1.0305165206783946
29 0 19 5 38775 1.0632280422339493
11 7 19 18 47089 0.9649637808967501
19 6 27 24 77295 0.9971870084507038
17 14 7 28 55147 1.0863393752964956
18 2 7 16 51438 1.0208224187742783
3 28 23 10 96636 0.9924591463796477
27 8 1 0 69095 0.9456290517559598
17 11 6 0 46512 1.0902178827292617
8 3 4 26 74457 1.024864338509704
15 23 10 5 70904 1.048518587767009
28 26 2 4 130278 0.9122364768024599
26 10 19 4 37142 0.9874889185751494
24 10 8 7 59288 1.0225326380061956
26 2 18 6 28870 0.9903653693817299
24 28 10 26 52407 1.099675263555612
28 1 5 15 76306 1.0962730866604184
17 3 16 21 50442 1.0656007519846031
22 15 14 21 42070 0.9228909040189598
4 17 10 11 33154 1.0388867383335434
8 24 27 20 79208 1.0729609900053458
24 3 12 9 56179 1.0621863935609777
8 13 22 1 51407 0.9938312838986586
0 27 24 21 97782 1.0574855125969647
29 9 12 0 69882 0.9912086978965324
29 25 11 22 84018 0.9182637173264414
0 7 20 3 64396 0.9561815696793081
15 2 12 14 44944 1.0509299409062336
1 15 16 0 68686 1.059124157445678
15 28 16 16 41082 1.0117879497291635
18 14 12 10 30859 0.9185953766966451
3 5 20 26 91902 0.9777330860522675
24 19 14 22 48334 0.9030437419001597
27 8 25 19 47585 0.9619145780956364
23 11 9 3 61591 1.007113702997855
14 22 7 10 55019 0.9092736645379736
29 11 29 1 57611 0.9573388777277168
18 15 6 9 43156 1.0809649690907708
12 28 25 27 48400 0.9561469222741815
6 6 29 21 103042 0.9923978474002403
17 16 18 2 29456 0.924973579052407
0 27 15 7 97805 1.0479211664581167
15 3 4 19 71457 0.9300964258820932
24 10 20 16 30708 0.9961265503933249
17 16 28 15 29060 0.9525025630714846
15 20 21 29 34410 0.9104724972611257
3 26 24 10 94734 0.9253233536510846
16 2 4 0 34085 0.9330057058227853
19 13 13 17 27578 1.0064049607537238
21 17 14 24 42391 1.0261376014731507
17 20 19 9 31803 1.0644769331626978
17 2 3 9 50014 0.9689552078247378
17 23 25 26 41602 1.0450694968336953
4 2 24 8 63344 0.9573728007165608
7 19 29 28 88548 0.9954420136359219
25 4 10 18 66527 1.0857853917927038
18 26 3 23 63384 0.9977200185260395
3 23 24 22 92994 0.9649588745325984
25 14 21 6 34128 0.9122737862321758
20 16 19 3 33967 1.0920872360187843
28 8 27 28 89924 0.9497646488304851
26 6 20 28 69613 0.9891824380069408
27 19 0 28 104258 1.0123011831548703
21 21 2 17 65571 0.9939657021784475
19 16 27 14 21942 1.040068556449764
28 28 10 20 74800 0.9265873833696363
12 7 28 17 71073 0.9442538654323628
27 6 19 25 61916 1.0645720040770599
23 22 9 23 73155 1.0593916743690408
13 0 24 17 62441 0.9373292449000876
13 9 4 19 53165 1.0829253807523636
8 9 12 21 38909 0.9975586943461885
4 27 6 15 46482 1.0570970590528916
14 12 29 15 48584 0.9192261392159884
6 21 17 15 43764 0.9789946056800842
2 25 3 15 35240 0.9882926491576796
12 6 3 12 40363 1.0751741851594592
19 6 0 20 74488 1.0083600803421504
7 6 13 12 38688 0.9427690695211713
24 6 16 13 37558 0.9100143575807565
13 0 29 25 113507 0.9974564272555572
21 24 21 13 46504 1.0955391206451695
27 21 8 9 80318 1.0396296701455765
21 19 18 12 26619 0.9800529974753338
21 13 11 21 46177 1.027954036977065
5 10 2 20 40733 1.013931426993095
21 8 3 15 67018 0.9910373831383202
1 6 29 10 87791 0.9496373150537047
27 27 25 0 99586 0.9294093199221862
11 23 22 23 57280 1.0510379204179687
17 23 29 22 63395 0.9234834115691589
7 25 20 18 62684 1.0453982019236059
28 20 13 23 73799 1.0436594383965823
14 14 29 24 79265 0.9554758405467549
11 16 27 26 75028 1.0102796255150532
19 3 4 16 61739 1.0070336423485622
28 3 15 29 88817 0.9144231044979994
6 3 7 16 40412 1.0350889113408204
9 9 24 4 58183 1.0317140167111192
3 22 3 8 41947 0.9298871585726075
10 13 24 8 58909 1.0911703865406515
18 12 5 15 36968 0.9407602095035545
18 9 19 25 37751 0.9065736675418645
14 25 20 7 68272 0.9402778887597009
0 7 9 2 43144 1.096898522068112
25 8 5 8 63658 1.0626629747701983
3 29 27 13 91488 1.0584645139816116
6 16 2 27 42548 1.0726201378901057
20 1 6 28 89233 1.0406554152588585
22 9 12 14 38419 0.9657092411121876
12 11 17 26 58845 1.08597076168236
3 19 23 11 69769 0.919021144736532
21 19 0 8 84184 0.940503898997219
19 11 14 2 37009 1.0021470433858024
27 2 2 28 123834 0.9938448093833914
11 28 17 18 43488 1.0181838536187282
22 0 10 21 73174 1.0221714645291144
23 7 10 27 82380 0.9772098251656747
2 8 6 21 53752 0.9802430894517493
27 23 25 12 49015 1.0395469191792905
4 25 13 3 85345 0.9540196588819077
11 12 1 11 35842 1.0100457198332324
2 27 5 18 37233 0.9179616871834102
22 14 2 16 48370 1.0469855479652168
26 1 11 7 40669 1.047696383881291
7 21 3 2 64317 1.0570060692980403
0 19 27 21 96121 1.036270997722389
12 25 27 16 64838 1.0654406519452388
10 9 8 28 51213 1.082941903336654
21 20 1 26 81494 0.9113949714423367
6 2 7 14 39613 0.9495729590895687
2 0 8 26 75206 1.0277157925687805
11 19 14 12 31702 1.0845848802247835
14 11 28 27 89040 0.9627693620684304
24 0 20 21 63488 1.0753366273179847
23 10 12 1 45084 1.070552516763642
5 1 0 15 55091 1.0057998762871236
15 16 5 26 56107 1.034679366508536
7 11 17 28 66771 1.0921214771572767
14 14 15 27 45625 1.0420126160643202
8 23 28 0 89836 1.048003517389403
3 9 20 1 50807 0.9782761539386317
1 0 26 13 76795 0.9420626601141853
3 8 27 0 66504 0.9490964408940148
23 15 14 8 51595 1.0335944274626714
6 9 24 6 55792 1.0219976985811268
19 27 10 24 38433 0.936679388076065
22 19 12 5 62479 1.0066715101168042
14 0 0 26 104397 0.9991066348014095
8 16 29 21 75437 1.0576814428092278
1 20 7 12 42305 1.0350599628261183
8 25 15 1 66083 0.9974343781164017
15 9 22 23 60569 1.0183655272171208
25 3 5 9 67718 1.0967496067628473
15 11 10 18 37891 0.9300430149678914
19 23 16 14 28969 1.089147259062296
24 10 17 7 33567 1.0603479737471264
6 5 2 19 52538 1.0902984399801845
5 6 27 23 104319 0.9052949037697632
2 3 27 24 120700 0.9736985592799068
14 7 27 4 45988 1.0836175325058586
17 22 27 20 42907 1.0545513454051707
20 2 11 25 75952 0.9412739327928642
8 4 19 14 47555 1.0549973132363029
17 27 2 5 91099 0.9893526887853101
21 28 21 7 71438 1.0207888977163588
1 4 23 15 80242 1.0024947676425138
17 2 29 17 63255 1.0121306035086624
29 28 9 5 110915 1.060727507832681
20 19 28 11 49970 1.0818674107975796
0 6 23 16 76673 0.9431581879727684
2 24 4 10 50216 0.9707971978106587
0 21 14 27 67480 0.9573429416034609
10 1 8 12 28736 1.0792696360687448
25 10 16 11 36205 0.9127148059311097
21 3 9 1 28876 0.9130953856135571
27 2 10 8 56223 0.968684713299697
6 19 2 13 32304 1.0407182970285316
24 8 6 24 89532 1.0023458992550496
3 10 9 18 37176 0.9801956436187131
6 13 27 9 69421 0.947767447129336
20 5 9 12 55045 1.0746780855387144
6 2 21 12 62011 1.0776405657549941
1 13 27 26 102901 0.945011140384417
9 25 17 16 47026 0.9569910526474397
19 24 8 2 69548 1.0486747675180557
1 27 25 12 95348 0.9620028716718583
15 3 10 12 41938 1.0042171015517618
12 26 24 8 85146 1.0679655532349848
9 27 0 18 55384 0.9743243103831469
5 20 9 5 49644 1.0193774052531086
22 4 22 14 33372 1.0696195056836462
25 2 18 10 33621 1.0492590167654714
26 23 17 14 53430 1.061213332419838
26 24 17 6 72258 0.991588286714043
2 0 23 23 102709 1.0579624958127063
11 22 23 15 49655 0.9262504591707384
2 17 7 3 51957 0.9118569688672673
2 10 26 8 78423 0.9985165631743411
26 9 7 9 69053 1.0851052959774015
22 27 20 14 44617 0.9603896936844151
14 16 1 3 62580 0.9160415103328013
0 21 9 28 55572 1.0147571994311275
7 25 2 3 72924 1.0250753866882978
28 11 25 27 65172 0.9937180934200828
22 11 7 4 59086 0.9041239552483774
1 6 12 12 47014 1.068043465447183
9 8 6 26 57559 0.9919923136617067
24 22 18 2 64737 1.0403650037709542
23 29 11 10 70336 1.0191289974781514
21 2 7 14 60570 1.004425050470932
11 11 23 12 43724 0.9872619756739229
2 23 0 3 72552 1.0118629513597626
12 4 3 6 27626 0.9082793565019659
9 2 8 12 30162 0.9930895167887107
15 27 0 22 67956 1.094738794812036
9 8 25 20 76696 1.0181802896650025
9 24 1 18 44970 1.087969771972666
5 21 20 26 75323 1.0252872863283602
28 15 12 16 41116 1.0577184895549014
29 3 22 13 53960 1.0328719459823217
23 28 20 9 69971 0.949000235950257
1 26 3 0 82322 1.0718674989903167
1 3 24 20 94892 0.9115912417201418
19 2 11 19 57509 0.9255480125832132
26 26 1 14 94953 1.027534331917085
2 18 17 20 56477 0.9495121492588307
6 1 26 29 96208 0.9811214260892688
29 3 2 27 124798 1.0866536813603511
10 3 19 19 59486 0.9747356876057229
5 11 28 2 76075 0.9695329800192813
6 11 27 20 79785 1.0592284027164232
10 7 12 25 56420 1.0165767979810922
16 25 15 1 62617 0.999236401783583
20 28 8 12 64121 1.011010839840403
1 15 16 23 69237 1.0111179662311427
28 27 2 3 123042 1.0905294777844736
11 7 21 20 58218 1.0478108638588461
13 11 6 18 39279 0.9625490381207454
26 27 0 3 118332 0.931693730895947
25 21 10 4 80689 0.9072353736283304
17 3 11 23 64716 1.0447052042132925
1 19 19 17 54440 1.0006798666125816
26 28 8 13 77968 0.9019275792456961
12 0 4 9 49677 0.9738029076797912
18 14 22 21 29565 1.0518184047207746
29 0 28 17 77923 1.006322750705204
24 25 3 2 106809 1.0816930229791137
26 14 24 1 48098 0.9152474204539394
1 11 4 28 60306 1.0036203026656116
25 15 18 23 34152 1.0714242826235811
25 5 17 2 30061 1.0704863487901868
10 14 26 26 75816 0.9600555483261168
27 10 25 21 44942 1.0341647997561458
3 2 29 19 99324 1.016460632428067
0 15 29 6 86866 0.9636823236014606
5 9 10 26 60717 0.9045439740600083
13 18 26 24 67492 0.964068960173804
0 29 17 29 46082 0.9291233616266443
14 16 2 5 56516 1.015905842184857
25 27 12 28 48400 0.930611557012045
17 5 23 21 56380 1.0199628386647623
4 29 19 21 56910 0.9587708617356118
9 3 15 7 29593 1.0902660913907989
12 9 9 22 46031 1.0180248421333762
7 3 26 13 69565 1.0007357382885327
2 26 4 6 65955 1.08636086008561
23 13 28 19 38312 1.0078145080924523
25 14 7 21 55574 0.9199288379434264
26 0 26 20 74666 1.0936767368002118
26 28 9 23 69103 1.0996469518198868
18 19 14 8 46296 1.061777297750388
26 27 12 8 91446 0.9171266848615013
1 17 14 27 62395 1.022311493626229
26 15 21 28 56522 0.9111054607324578
13 12 10 2 41339 0.9960490413099837
26 3 13 17 65056 1.0366479706760592
7 5 23 4 51187 1.0855189380747758
28 7 6 9 70571 1.0194055527946997
20 28 2 2 97158 0.9396537395922195
24 21 16 4 63636 0.9595865716066891
2 3 9 23 70659 0.991283817632979
12 24 21 16 48276 1.0597382136892919
4 14 15 17 31567 0.9883641791814801
3 11 29 23 108881 0.989681942063589
13 12 26 19 58214 0.9048749797358121
23 21 4 23 89783 0.9295005261708136
5 26 13 1 81027 0.9101950271674325
7 22 25 13 62069 1.0329821019877037
11 6 5 20 49103 1.0043201721220323
19 3 4 7 51684 1.0149661460774886
0 12 4 21 42821 0.9084329573484967
0 22 27 19 97819 0.9357829380085128
27 16 0 21 80559 0.9384338597697194
6 26 9 16 35576 1.067213262860522
17 1 13 11 42355 0.9644229642874327
13 22 20 11 61273 1.022082928863008
13 20 22 1 63833 0.9239084103159214
21 24 7 3 84656 0.9477519491695405
6 17 26 22 74609 0.9312697738901983
17 3 18 15 27874 1.0807359731122956
2 3 8 16 48283 0.9550271032517255
29 15 17 28 59053 1.0073538297120759
23 23 23 8 62235 1.057972436004678
14 12 27 19 60145 0.9969068786010803
22 10 17 23 45950 0.9926048385959395
