6430 5887 4404 5835 4312 6171 4505 4204 4685 5408 4279 3866 5105 5391 5656 5611 6405 6011 4353 6298 3827 5190 6433 3680 3651 3481 4594 2650 4227
4420 4940 4207 3462 4091 4078 5681 4899 5595 3696 5676 3941 4950 6210 6891 6190 6648 6452 7214 6281 7553 5359 7242 4982 7492 7122 5100 6556 7558
4955 5399 4546 6502 5654 5905 6460 4210 6297 6143 6694 4695 5548 6085 4787 5131 4774 4241 4448 4655 4682 5757 6234 5678 6821 5263 6791 4702 5816
5713 5999 5856 5914 5382 6181 4246 5890 5825 4771 5292 6696 4415 5521 5835 5764 6912 5124 4217 6364 6670 4344 5133 5135 4279 6677 4795 5464 4332
5465 4406 4049 6137 5576 5474 3681 4753 4752 3770 5162 6067 3616 5740 4826 4422 5076 2825 4447 2610 4103 4639 3057 4331 3708 3694 3277 2438 2940
6158 6153 5152 5874 6771 4964 6832 6073 5833 4769 6049 6482 5156 7160 6813 7278 5007 4554 7213 4872 6794 4751 5708 6571 5219 6405 4641 6314 4671
2066 4492 4191 3952 2485 2975 4079 4589 4376 2840 3323 2597 3352 3458 2348 3587 3279 3791 3807 3401 4399 4228 4283 3973 3365 2673 6688 6879 4465
4790 6041 5223 4150 5428 3597 4928 5494 4877 3780 3783 2007 1974 2327 1201 3139 1563 2150 2656 3568 3228 3434 3516 1719 3891 3897 1610 2704 1208
3291 4550 4481 2864 2948 2693 3730 5765 5532 4879 5961 5797 4518 4836 4868 3498 3570 4216 5557 4327 3565 3480 3872 3679 4378 6186 6061 5756 4104
7614 6400 8157 5935 7275 6015 5812 6723 7424 7343 7781 6093 6145 5923 7221 6252 5759 7927 6442 5596 5898 5482 6739 6547 8126 8404 6379 6048 7809
5152 6447 6995 5744 6896 4589 6171 6019 4625 4774 6046 4599 4938 7007 4780 7292 2530 3232 1578 4076 1873 3672 4081 3387 4208 3586 2408 3366 3776
2884 5430 3666 4613 3875 4214 2810 3193 3746 3137 4844 3929 4959 3673 4288 2791 3004 4890 3289 4742 3740 4743 3225 4301 6322 6069 4620 4987 7019
3078 2862 5151 4190 4786 6953 6081 4493 6283 6790 5625 6391 6564 6823 6519 4277 5689 4817 4245 6681 6615 4487 5277 4839 6243 6401 6363 6420 4308
4199 6954 4887 5229 5978 5509 6554 5021 6703 5327 5291 4683 4875 4501 5492 4925 5565 4568 6278 4140 6520 6420 5607 5065 6594 4688 2139 2364 2414
6443 6828 7560 5683 7614 6191 7180 7783 6009 7821 6936 5835 7650 6932 6477 7463 5003 2960 3923 5108 2657 5120 3778 4881 4285 4546 4332 4244 4359
4595 5976 4883 5131 5703 5150 5610 6333 5613 5134 4970 4285 5935 3830 5425 3607 6527 8187 8221 7396 6578 7684 6264 7570 6176 6863 7017 7441 7966
3421 5132 6657 7109 7387 5597 6537 7457 4921 6376 6200 5251 6685 7005 6248 5649 6614 6728 6254 7193 5172 6759 5996 5298 4839 6979 6777 5574 4744
1787 2759 2863 1231 3488 2828 2415 2752 1975 2250 3733 2937 3627 2832 2059 2146 3372 1601 2688 2433 1617 1885 1124 3104 2080 1673 1628 3487 3060
8210 5860 5733 7300 7405 6444 5944 5453 6941 6146 7269 7686 4636 5538 3907 3594 4245 4756 3280 5202 4666 4709 4760 5226 3369 4479 4276 5968 3665
3296 3188 2255 2967 4320 3008 3688 3728 3574 3120 2162 1850 1486 1456 2397 2244 3332 2370 2401 1283 2984 1780 2346 1754 3465 3213 2270 2984 2935
3481 5516 5078 3169 5171 3609 6651 6411 6901 8091 8156 6188 6560 8188 6512 7310 7913 8577 8760 8299 8711 8775 6914 7489 6840 6147 7116 6230 7909
3705 3523 4669 2685 3458 3290 7784 6997 6499 7051 7228 7561 7918 6850 5933 5735 8048 6956 6382 6504 6542 5320 6320 5791 8097 5987 7668 7201 6721
4905 4182 5506 4948 5197 5920 4037 3630 4335 2369 2215 3043 1883 2174 3809 3281 2984 4156 2215 3257 3531 4500 4314 2576 2331 3663 2337 3912 2266
6506 6716 4467 2507 1729 1744 1323 1895 1235 3797 1645 1853 3036 1827 2561 1654 3200 2415 3430 3094 1838 1872 3567 3714 2781 2017 3686 2660 2237
1975 3751 7469 7813 7584 8801 8222 7379 6481 7776 7121 6352 6816 6528 7110 6660 6537 8760 8034 7468 8762 6242 7775 6252 8575 7164 8208 7488 7581
7479 6137 5301 7115 6124 5643 5657 5264 7757 6912 5183 5590 6207 5370 5163 7491 7496 5710 7806 6048 5318 7648 5479 5786 7041 5599 7231 7161 6016
5193 3656 2532 5106 5180 4182 2912 4423 4853 2486 4352 4847 3399 2863 4476 4341 4537 2708 5039 5232 3744 2772 2972 3602 5081 2998 3456 4479 5898
5996 6884 6329 5849 5683 5430 6478 4895 7260 5204 7286 6689 6488 5493 5087 6509 5128 5167 4835 6869 5514 5659 5248 6137 6328 4754 5902 3901 5438
5585 5073 5734 5668 3318 3932 4247 3343 4318 4875 4698 4802 3155 4705 4599 3822 3175 5655 4914 5345 6405 6797 5602 6283 6433 6120 5816 6760 7512
4627 4996 2557 3069 3646 4303 2552 3233 3574 4215 3353 4736 5046 4859 4348 4379 4684 5650 5811 7545 5649 6691 5557 6002 7681 6283 7931 7120 7079
3476 4273 5788 3524 7229 8337 5892 5918 6900 2390 4329 3810 6613 5442 5896 7630 7181 3007 4345 5318 4084 3545 6139 4758 3628 5844 6477 6282 1891 4390
4365 3085 6391 5595 7019 6096 4580 4892 3205 1956 3821 4172 6034 6699 4555 5998 5993 2691 3952 6231 5764 2263 7049 3752 3992 7811 5982 7422 2711 3952
3914 3677 4495 4122 5826 5708 6972 3911 4364 2231 4758 2488 5028 5621 6745 7642 5737 3367 2994 7347 3588 2209 7825 5171 2722 7338 6095 4811 3442 4393
3773 5005 4526 3395 7710 6183 6609 4367 4402 1866 3422 6257 5092 6427 4847 6568 5118 4502 5162 6234 5700 4331 6739 3803 3570 8163 6808 6341 2666 5715
4491 4301 6005 4341 6471 5428 5264 4609 3735 1989 4689 5225 6062 7064 6809 5705 4582 2712 3976 6913 3553 4069 7146 4054 2923 8271 6854 6140 3137 5802
4696 4627 6348 3768 7698 7641 5626 4882 3822 2102 5305 6489 5669 7403 4986 5755 5041 3282 3474 6826 6033 3561 5219 3884 2792 6982 5258 6216 2664 6382
4498 4021 4547 3266 7126 5724 6155 6662 4223 3553 5154 5611 6780 5644 4884 6268 5855 2444 4621 5841 5746 2593 6021 4476 4117 7119 6643 6095 2657 4545
2770 4152 5528 4864 7580 5823 6374 6305 4741 3254 4557 7955 6850 6366 4711 6173 5925 5080 3379 7313 3631 2626 5648 4364 2880 7942 5091 3126 1137 5940
2270 4923 2609 5551 6230 5430 7000 5854 2246 2948 5005 6700 6756 7125 4899 6093 7162 7176 4664 7738 4193 3612 5221 4924 4259 7877 7048 3106 1435 5768
4034 4463 4441 5810 6126 7607 5141 6461 3685 2677 5297 6723 4758 2761 5973 7764 7261 6144 4565 5758 3689 4385 5624 4192 3238 8137 3086 2581 2886 5641
2274 5606 2909 5304 5850 6851 6711 5555 2969 1926 5782 6168 5498 3546 6980 5707 7276 4929 5574 4527 5670 4503 3834 2669 3413 5940 4946 2571 2247 5476
4196 3631 3864 3792 5816 5194 6592 6216 2330 2910 4582 7143 7048 1899 5395 5349 6913 4539 4343 4462 4500 4451 4867 4002 2931 8436 4034 2969 3145 5298
2717 3801 3455 5571 4887 6747 5129 5035 2495 1142 4231 7476 6030 4184 4864 6298 6661 6701 4268 3642 4072 6212 5790 3190 3656 7472 3695 2018 2885 4759
2326 5113 2302 4173 3495 7485 6010 6645 3085 1853 4564 6510 4507 3040 5395 7971 5031 4525 3894 5150 3749 3498 4656 4333 4052 8391 3786 2903 2329 5007
4607 3325 4583 4621 4654 7214 5079 5911 3321 2838 5938 6635 7990 2683 4864 6761 4878 5164 4991 3447 3755 4522 4815 3651 3180 6977 3457 2671 1631 5992
2249 2780 3617 3878 4836 7191 5899 4679 2621 3116 6450 6222 8115 4016 6581 6353 4957 5345 5573 4613 4608 5435 5228 2512 4250 7746 5359 3177 2930 4426
3964 4876 3890 3467 4956 6359 5124 6091 3302 1364 5392 6826 7355 4081 6763 6376 4650 7167 4048 5956 5506 3731 3383 4340 4972 8271 5646 3943 2037 3983
3435 4945 4196 5353 3696 6368 6737 4510 3300 2570 6531 7660 6055 3532 5591 5564 6423 5094 6599 4759 5638 5193 3374 4141 3956 8161 3573 2513 2284 6279
6353 5575 2762 5365 4858 5230 5614 6287 4085 1673 5618 7797 7422 2235 5888 7177 6134 6907 5393 5176 5202 4874 5463 2549 3681 7440 4549 1480 3536 5169
7540 3252 2421 4546 2947 5670 7420 4242 3689 3202 6919 6797 8049 2143 5229 2526 3584 6211 4858 3657 5128 3738 3958 3343 4751 6725 5160 3045 1488 5535
7814 5160 2854 3779 4866 5716 6911 4508 4364 1937 5086 6184 6005 2224 6699 4834 2759 4678 6548 5832 4144 5913 5956 4605 4944 6572 4600 2378 2460 5746
6177 5248 2798 3589 4491 6346 7110 4781 4311 3754 6274 5493 5825 2563 6120 5010 3903 7263 6032 5187 5167 5693 3282 4778 3821 5610 4916 3357 4161 5632
6210 3807 4368 4974 4367 6400 4758 3485 3607 2349 6070 6075 6180 3582 6597 2640 3379 5608 7089 3696 4426 3634 5506 5006 3967 6498 5597 1615 3971 6136
6378 3547 4956 5304 2675 6413 5831 3968 2385 2673 6602 7681 5844 1899 6282 2816 3676 4481 6197 4578 3865 4635 5854 3663 6263 5883 5897 3998 1549 6626
7464 2250 4679 3219 4318 7201 6308 4206 2736 3416 6868 5600 7304 3812 4596 2390 3754 5573 7601 4876 5522 3469 5929 3768 6741 5599 3268 2062 1546 4815
6169 3081 2450 5134 4572 5369 5488 3419 3522 2679 5293 5873 8411 3524 6992 3797 3064 6632 5105 5043 5743 4090 4027 3631 6181 6099 3555 3356 2764 5951
5833 2515 2368 4814 2694 6755 6498 4549 4905 3083 4766 7134 8219 3774 6139 3616 4096 5078 5139 4855 4436 4334 3570 2736 5730 6211 3516 1477 3200 6666
5595 3015 4118 3894 2731 6950 5097 4889 3964 2510 6475 7146 7220 4396 5531 4668 1959 4848 5721 4955 5821 6122 5661 3924 7997 6906 5523 3672 3952 6503
8243 3704 4768 5112 3249 5167 7043 3744 4027 1684 5659 7065 6922 2824 5567 3844 2777 5111 6271 3887 4871 5052 3499 3485 6669 6173 3160 3971 2346 5126
23 11 18 17 31737 1.0570995121355555
6 6 12 19 61696 1.04557472319265
5 22 11 7 60025 0.920890751760498
15 9 26 18 51634 1.028929220774346
12 2 15 28 86642 1.0224008163498737
19 11 12 25 59968 1.0030640543938278
27 10 24 23 55472 0.9731566023081812
15 15 15 27 43539 1.0827191856990235
18 21 10 9 51351 1.0493475581325336
26 23 17 2 77445 0.9993137942130657
29 20 0 23 125637 0.9803449845763866
4 17 11 26 51826 1.0840985950116346
21 17 8 2 81365 1.0975935356112492
9 10 13 26 73735 1.043085036408494
20 8 9 6 46083 0.9036685816279545
19 20 28 0 74325 0.9394286395605094
2 8 8 0 52420 0.9950622419127833
25 16 10 10 56768 1.0847221494575412
5 12 13 7 42379 0.9545928415468048
11 22 5 13 50543 1.0891097275377772
4 23 15 11 78947 0.9028002855963758
18 2 25 24 79109 1.076247405983491
11 29 19 25 34361 1.085621949500695
26 6 17 20 58900 1.0345641108699817
25 1 13 21 86347 0.9414234638556198
18 10 11 1 50608 1.0863783807438476
19 16 21 1 47053 1.0523156457019607
19 14 20 2 36035 0.9011890000011697
21 10 7 24 80506 0.9926852231036359
2 15 18 10 75920 1.0204264566853507
9 29 6 12 59738 0.9716382985674559
10 24 29 14 91208 1.098809632504409
21 15 3 29 82400 1.0375749957770108
20 3 1 29 119011 1.0909612177259507
4 3 19 4 64570 1.0705554273971771
11 12 15 2 50192 0.9136334541954116
10 23 11 14 33524 1.02523727275838
27 27 21 0 88174 1.051962067232306
2 0 8 12 70052 1.0327901015430125
10 6 3 16 64100 0.9072584481553304
13 21 12 1 86742 0.9142221277127984
14 18 28 24 72786 1.0184760965463646
7 0 18 3 44169 1.0754286564049733
21 15 24 7 29467 1.0979368668731198
3 14 25 13 85259 0.9511687409003127
26 14 6 17 78467 1.080816475895304
24 8 15 19 53443 1.0989613293055778
1 19 22 11 91620 0.946515847986901
19 16 28 8 43565 1.077967513026888
21 23 12 22 37941 0.9694601864714653
0 26 19 8 100762 0.9198676682654068
13 21 26 22 58651 1.049067758833539
15 27 15 0 78220 1.088759005147739
13 27 13 13 56756 1.0406384331996614
29 1 27 29 103316 0.9493463647206762
13 24 8 18 37896 1.0463731899317334
19 5 16 26 62643 1.0896358483130202
8 27 22 3 96144 0.990002629853104
24 16 8 25 80446 1.0661811505511314
18 29 29 17 75018 0.9508094252147631
20 12 25 27 58453 1.0918982133637343
4 1 10 11 62272 0.9496502366899647
14 5 14 27 82015 1.0804191041517368
14 24 26 29 46588 0.9705812921705246
10 20 7 28 32039 0.9801619865206032
10 21 28 26 75704 0.9076404531060618
1 11 8 19 53539 1.0467172292831968
24 1 11 9 52315 1.0789725084345372
0 8 18 16 69892 1.04841193375074
3 18 20 4 85186 1.0659105808120504
7 19 15 21 40140 0.9503884774486505
2 29 10 6 97690 0.9435836973185848
15 21 6 24 45495 0.9787469254253043
14 12 2 10 52549 1.0449509569993798
23 17 2 24 93885 1.0759690073135502
13 7 5 19 61039 1.0817456137689017
25 11 1 21 108099 1.0386704034654402
3 17 17 10 58992 1.0725626360239384
25 25 8 4 107649 1.0367958163542381
13 11 7 7 35846 1.0422519282267955
6 9 9 20 39525 1.0358359530366303
23 28 9 17 74886 1.0260341605428365
6 27 20 25 51149 0.9394437841552816
29 26 24 10 72025 1.009224604869489
29 7 16 6 50603 0.9933400561070035
15 5 14 27 75895 0.9306253978715532
9 22 5 15 37994 0.9821315402512686
3 27 15 2 110585 0.9003838115272511
1 17 16 26 79779 1.085619352140379
18 6 16 22 50442 0.9395640547314739
0 20 5 11 60122 0.9774030903286038
29 17 6 8 85382 1.080267068263437
9 16 7 2 64995 0.9179723501252565
5 10 8 22 44158 0.9429932948231614
13 29 21 20 45905 0.967905977148496
19 15 17 6 23856 1.0003655058251433
14 28 19 9 54712 1.061624404295197
16 2 20 11 37764 0.9407325921358662
18 17 20 2 50915 1.0826375877694803
11 1 5 17 67852 0.9584616255900253
5 1 29 14 111808 1.0738524716817397
28 15 19 16 32566 1.0292314723593146
29 2 3 29 130194 1.082152298652779
3 23 27 7 111461 0.9530088936241512
0 4 4 26 97243 0.9683740161710421
6 0 8 14 55340 1.094165273128224
5 14 14 15 54166 1.0842920848938502
9 15 0 4 67302 0.9590075334066681
23 22 6 15 87145 1.0424277929073338
25 15 1 10 74388 0.9142963635708742
3 28 15 9 82819 1.073927939809939
18 28 16 7 59378 1.0200088046551383
12 1 14 16 72330 0.9350742038414527
24 9 7 0 71663 0.9819152736273735
16 19 27 4 67395 1.0788766022048177
21 3 5 10 66359 0.90845537096294
19 5 13 26 73458 1.084053600897215
25 25 15 7 81039 1.0477863057946424
2 27 15 8 96104 1.0588143995671047
2 18 11 22 47343 1.098175904356284
16 4 4 28 95810 0.9347211754214622
3 22 9 4 80426 1.0341192810612567
28 0 4 27 131896 0.96355144502754
4 21 18 10 74343 0.9166390027873024
11 11 7 3 43327 0.9409518183027963
1 6 19 8 61717 0.9555460926171699
11 10 4 29 77487 0.9753327949662297
11 7 25 21 71658 1.0172003786677988
11 11 17 19 43489 0.9956007857211174
10 23 22 13 59151 0.9541744982098905
15 9 22 2 37063 1.0140546852224257
12 23 8 14 46798 0.9599103317098221
23 26 27 16 42518 1.0263852554141093
8 3 27 21 103625 0.9311964035035576
0 7 17 15 66442 0.9058288561064244
6 11 13 3 52335 0.9180724432700196
9 26 8 17 42992 0.9228569592258642
16 29 14 5 82492 1.0539440164639087
24 19 20 10 41748 1.0610304509881119
9 11 29 10 68437 0.9616004652421787
9 28 8 4 78641 0.9774874647650932
9 8 24 27 84008 0.976935352675929
20 26 5 8 84562 1.024316107943571
24 15 15 4 53827 0.9584528938101549
3 4 7 22 71844 0.9297831149215844
27 6 0 4 103188 1.0184470492709465
27 0 12 20 100826 0.9159993432679207
14 27 21 2 82365 0.9576513816660878
24 8 23 26 47921 1.0477141599763424
16 0 0 9 66177 1.0110170584749425
21 25 12 8 70566 1.0601943576644763
0 22 27 9 110501 1.0626047826553808
16 26 16 0 72869 1.083435252944521
12 16 16 9 46315 1.0197789073748131
9 27 2 13 72985 0.9275034923508986
20 0 20 13 44222 1.0628348362660842
12 7 6 18 47383 1.06176655044167
18 14 25 23 50745 1.0507509153550665
25 15 7 13 65574 0.9348041315133353
5 24 16 3 89138 0.9647671523429748
25 12 9 4 78328 1.0913117294139298
3 20 27 28 90418 1.0228272769725257
17 6 0 0 75576 0.969352880825446
19 5 28 20 74808 0.9841481128460579
23 23 14 15 59117 0.9981867078096438
6 6 8 16 40733 0.9771383154389484
25 22 0 7 106051 1.0709093617781742
18 8 0 16 77487 1.0513300682235986
23 12 6 3 72817 1.0231338413256434
16 25 2 13 94053 1.013617401820083
15 14 0 2 92741 0.9514932302477633
14 19 22 13 41411 0.9114598338679135
10 10 0 5 49305 1.0681805199842407
14 7 20 3 40082 0.9001436652157923
19 24 20 3 57399 1.0298778275086369
15 16 25 11 50431 0.9126810281288368
22 0 20 15 53523 1.0820518874820613
11 9 23 6 33161 1.0681915200433196
7 7 17 26 75560 0.9684030780440368
5 24 2 0 100586 1.0084576479362115
22 18 8 7 67665 1.0644376492263299
29 10 11 11 56949 0.9644147392000372
7 3 15 29 106052 1.0620715492316486
20 29 21 12 57034 0.9540712663267462
5 0 16 18 91304 0.9428370824299681
13 6 28 2 70492 0.937087372799135
12 17 17 24 40442 0.9907931259993201
21 27 27 6 76670 1.048767678875099
16 4 6 22 80639 0.9994683711182858
2 12 6 22 57258 0.927423977827668
15 26 9 8 75625 1.0420706574025393
4 11 14 11 48043 0.9746607422738673
8 9 25 10 49260 1.0483541811314945
20 10 3 1 85888 0.9927313875448698
24 16 18 10 31346 0.9791255700461765
8 13 1 8 37202 1.0447039917620362
7 1 18 15 79890 1.0699750140811553
27 5 2 12 94137 0.9068207180510155
9 24 20 12 67549 1.020923714242602
5 12 17 13 54124 0.9583113133991565
3 19 23 3 90362 0.9652698724868345
14 18 5 28 61093 1.0178494840391012
28 22 17 14 63327 1.0802786313686779
18 1 18 15 48258 0.9281677276302559
22 8 7 10 45279 1.0496809697579292
25 1 10 14 80869 0.9459952234000313
23 14 20 6 34713 0.9017457006362891
6 21 0 26 39243 0.9266011482411425
1 8 16 23 81964 1.0855027410247722
21 13 28 17 31911 1.0119457877766647
13 3 13 20 78124 1.037841582792694
20 9 4 27 84874 1.0503711272137024
10 16 22 28 67409 0.9205102939847813
12 27 2 16 65103 0.9973290126606417
1 27 17 21 61476 0.9954463390938275
10 2 26 21 97758 1.0518664349711013
4 27 11 16 58495 0.9570749631239164
10 3 18 25 85236 1.0764889726040159
11 1 24 29 109966 1.0501109934197372
28 21 4 22 105332 1.033060219487833
5 10 27 14 76062 0.95042489844443
5 8 18 15 58518 0.9628591143313058
23 1 6 9 64682 1.0506493743242857
21 20 23 11 32089 1.0675769909051516
2 6 13 28 94590 0.9169189537646135
4 28 27 8 104188 0.9713016059837078
29 0 0 13 117057 1.0285628303274987
1 4 29 0 114723 0.9407834816244057
1 20 19 2 101684 1.0321758155756513
20 3 6 22 90353 0.9291494484489172
3 1 19 5 72950 0.9968305267764839
29 24 19 15 62494 1.073002438125493
10 26 6 20 33832 1.0633043208853015
4 15 14 3 79355 0.9833891290986279
4 8 4 22 58245 1.0637334292089815
10 27 11 10 64518 0.9779052576508385
10 2 0 16 86501 1.0024649086838873
22 6 4 14 79274 0.9490751564926361
13 1 7 17 67223 1.0893352390796593
26 11 5 28 95472 0.9575006682006644
18 8 1 3 70806 1.0538644876493222
1 28 23 5 104421 1.0279025540858973
10 12 28 17 70432 0.9834469482090786
7 8 20 15 48145 1.0556720778275088
16 13 5 0 79327 1.0921473717513053
24 20 14 20 47439 1.027498584555936
2 25 28 11 124804 1.0707756008354141
6 10 18 12 45396 0.944860168725973
28 4 22 12 34892 0.9455967033872195
10 15 26 23 86370 1.063880892692461
6 21 15 18 43813 1.0683190875122635
4 20 21 16 84173 0.9543842121212383
26 29 9 7 101150 1.0996909349320838
27 25 4 20 96776 0.9562005722298985
29 2 14 15 81615 1.0950506587866975
17 10 14 17 36822 1.0467906823066824
29 13 28 25 66559 0.9285050162846946
2 9 23 21 79161 1.0456834493402156
9 26 14 8 79754 0.9947978998507186
17 1 29 21 91405 0.9743934321906245
24 5 19 12 30984 0.9801878154976831
5 24 6 10 48325 1.0965210655074338
1 21 14 24 52124 1.0130483695210821
22 1 12 11 59493 1.0947244727061107
22 18 29 13 36790 1.0239935346624727
19 19 8 13 53302 0.9711687309919189
24 22 11 1 93010 1.0185326920696847
18 7 24 19 51907 1.0394735036497018
17 12 25 25 63341 0.9753668763245685
29 13 27 4 40638 0.9113252151082758
22 28 26 2 80136 1.0703059169101712
4 5 22 15 76106 0.9931350668674702
27 29 28 20 45698 1.0074632471230138
25 8 17 3 36530 1.0184074438278155
1 14 10 20 55441 1.0107826620353408
22 27 11 2 94199 0.9944798534264793
10 10 21 11 42429 0.9955422885389501
22 24 2 25 78575 1.047418209261479
0 4 16 28 112305 1.0124661104172559
8 18 20 1 80281 1.0167896033883315
22 9 14 24 59348 0.9164732512830825
11 11 0 15 64578 1.0520908064767214
25 3 14 24 80653 0.9910001047358633
19 10 27 6 38073 1.0758648154558148
4 20 27 25 96776 1.0298091853125455
16 28 8 24 34511 0.9587255837662372
7 4 2 13 54381 1.0071913706234583
5 4 23 8 70503 1.0480507160465364
5 0 19 2 52105 0.9967702980450108
23 18 12 29 59974 0.9238781331229894
10 2 22 23 90352 0.9446768042756771
25 20 3 3 112482 0.9184174693482258
4 14 13 27 68622 0.9269171410513148
21 26 1 25 77909 0.9480075339897245
10 2 8 27 90886 0.9943090593036544
22 14 7 1 78853 0.9894445173338389
14 25 26 27 42473 1.0661135523301097
27 29 2 13 124516 0.9903979866403807
0 20 8 8 66016 1.0879453333753928
25 7 8 24 93198 0.9966047729543157
0 25 26 15 111515 1.0680764158263933
15 27 4 3 105506 1.0722217704450323
21 4 23 21 47134 1.0372411261054733
14 14 23 26 63692 0.9599661456259858
6 5 20 6 66038 1.0886793299050397
15 23 17 3 55845 1.0935536422770584
14 6 20 24 65203 0.9151836751828191
5 18 22 17 82300 0.9548101605429402
15 0 6 22 90536 1.0699968218921032
23 17 11 26 65103 0.9610819257144025
2 20 28 8 105574 1.054594322299039
22 22 9 14 71343 1.0776077103393207
21 11 2 10 64418 0.9472477288248888
29 23 6 26 84899 1.0329710821358087
29 1 9 10 78826 1.0120881989523383
26 22 0 5 118038 1.0367544892793215
9 29 4 1 105101 1.0128377197443912
5 6 20 1 72717 0.966007291820229
26 28 17 16 46112 1.09505318055226
27 9 7 1 84224 1.0208451489463293
27 1 16 29 96519 1.0980874796277569
9 18 15 11 48508 1.006128073799522
16 3 4 11 58760 0.9971104887661438
10 1 23 7 61115 1.0835040944532799
6 22 12 15 44276 1.0341356978948606
3 21 6 6 62138 1.0404690285759544
6 11 21 16 59045 1.0119434751883203
22 4 5 22 94087 1.010183246120425
4 22 23 10 89548 0.9599755252812333
15 23 23 18 43737 0.9152798986260446
3 24 26 8 102838 1.002752975394433
9 2 20 18 76131 1.017265856297574
26 20 3 8 96047 1.0393456541972412
7 17 0 20 37456 0.9856500867905228
21 24 6 20 68204 0.9090847962054316
23 21 3 8 82755 0.9902601526249282
24 6 16 4 39485 0.9970028304994452
1 3 7 12 51073 1.0385544908523623
8 16 18 10 56880 1.0021719745373274
0 11 6 2 48868 1.0289745061308226
24 1 11 9 52315 1.0514405440992234
21 15 29 1 60541 1.0679564832005872
19 4 0 20 103270 0.9960811685242307
20 6 11 7 42353 0.9714916027200715
8 22 9 13 39144 0.9753029109476716
6 3 10 27 84265 1.0843446208382577
23 12 8 0 73515 1.0538573186339077
3 5 17 2 67081 0.9263490487302166
2 10 11 21 63921 1.057553776916234
10 1 25 29 115820 0.9406406523021345
18 1 9 12 60582 0.9709712653603058
1 22 23 24 93104 0.9099121272792564
26 23 11 23 57512 0.9127165624390371
6 3 1 21 76022 0.9853631506243625
22 2 12 19 81330 1.0953909454159803
6 18 27 16 90792 1.0594081841117018
26 16 3 9 73447 0.935451643777106
3 22 19 19 74610 1.0142311009973384
17 6 4 21 72769 1.0174513084229493
1 15 2 24 51224 0.9072729692883555
16 0 3 26 114177 1.0702996827046238
14 13 20 4 46430 0.9647324211569799
14 21 24 17 56126 0.9677812633970415
27 27 24 0 84462 0.926138292989929
25 12 1 17 94841 0.9169972450933336
16 3 14 19 59417 1.0656072052518046
7 1 2 27 110128 0.905613823799326
14 5 7 22 77962 1.0750899429746894
6 15 13 28 55418 1.0215671287110242
12 23 0 0 114504 1.0387740971421562
13 25 22 14 62658 1.03207012013876
10 20 20 27 49846 1.0129781704534513
16 4 22 10 33919 0.9658745005723446
11 2 3 23 90020 0.9742388787500449
4 4 19 27 102064 0.9266664847365458
14 23 25 29 45147 1.0737422104883787
8 27 4 20 35519 0.9714190878092512
28 27 21 12 63511 1.0662066869509061
15 27 24 1 85525 0.9764590635680384
9 6 2 19 67208 1.0763145013198976
9 29 12 3 99576 0.9010096635560465
23 9 25 24 49006 0.9740168374880946
14 28 10 4 89785 0.9534837087906615
26 11 7 2 84805 0.9766096924553092
12 6 21 12 52316 0.9729485923830057
4 13 24 26 110815 1.0651597332084646
5 23 23 3 96310 0.9927949178325588
12 18 14 7 59297 1.0320145032914305
7 17 16 23 49870 1.006451131672732
16 22 3 25 57798 1.070714712487241
15 11 9 2 52314 0.9062920749733193
21 6 8 9 48853 0.9336436958416308
8 20 0 28 46130 1.0606310286269531
20 27 2 3 114864 0.9251618783907327
16 21 11 8 51995 0.9517723966841098
10 24 22 24 47607 0.9543565735656611
5 13 24 10 72980 1.030680546990949
12 1 0 12 73288 1.0576699541839414
0 24 15 28 51239 1.0455089797857746
27 7 14 3 59360 0.9063847510277153
28 20 14 3 91708 1.0074709746055233
3 28 28 28 64697 1.0204618406515151
14 5 20 24 71394 1.0675384522890157
15 3 17 28 68310 0.9692143093555701
23 22 5 6 91515 1.046756534494324
19 12 4 6 56233 1.0874943128763912
4 15 12 27 61958 1.0685709107317396
8 8 19 0 55073 1.0133437942313541
2 21 19 28 66016 1.0440436629434338
14 22 0 6 93834 0.9711489021116292
25 19 16 25 55421 1.022360203754094
17 14 2 13 71711 0.9601064962792575
15 26 0 16 83832 0.9281673770780547
18 6 5 1 64291 0.9194350528322909
28 13 12 27 78638 0.9051148401578012
26 22 29 15 37243 1.0609247005754523
16 11 6 17 57458 0.9288031642101137
17 26 5 24 46788 1.0504621377964802
28 23 20 9 61551 1.0964519827030428
0 0 22 5 94441 0.9025404419733373
27 25 6 9 102368 1.0451313261890218
13 2 8 16 68377 0.9837440547191391
13 4 28 25 110668 1.0842730518524173
11 28 15 13 56783 0.908713254506239
14 16 3 15 65196 0.9750120131619681
9 10 11 25 65939 1.0790953505109628
9 19 25 28 72236 0.9381335634820792
4 5 23 25 105658 1.043204900032126
29 5 18 17 64832 1.084591588036035
18 13 11 28 52218 1.0972058643143894
6 13 15 15 46503 1.0798619918431005
25 17 22 7 36242 0.9743467077584271
23 17 16 13 29602 0.9867081509861243
18 0 13 28 80736 0.9966252884985463
7 3 26 6 81267 0.9197230218653866
17 23 7 0 87809 0.9256425272340045
0 14 16 4 82578 0.9722457700431479
9 21 19 22 45871 0.9523044927300061
11 24 12 12 51149 0.9497298760595503
15 23 8 1 93892 0.9906655386019083
12 13 26 13 43518 1.0477572859843873
17 7 26 9 28980 1.0493780128408234
6 6 28 16 86589 1.0221304032562695
17 26 10 21 39307 0.9841591659085851
15 25 9 10 77975 0.9518806327405536
13 7 11 23 68846 0.9189266045807665
27 14 17 5 51580 1.0273857040432208
13 28 4 14 68690 0.9479346885422855
18 11 9 24 67303 0.9481214059105918
16 10 9 2 51702 0.9098673096994164
1 23 28 19 121079 1.0000072979713264
10 6 19 3 52872 1.004877515400686
29 21 3 11 114695 1.0887543581014147
12 26 25 29 44136 1.014383494860166
26 22 22 8 50158 0.9522334273200039
18 15 24 2 49675 1.0704645667133588
26 28 3 19 90362 0.9821834877870333
20 6 0 23 112036 0.9027528951427871
20 14 5 25 83645 0.9437100496051853
9 25 12 8 72061 1.0856517298913386
27 27 16 3 85600 0.9717266974686485
3 16 0 0 87330 1.040505381768774
23 7 0 12 72283 0.9683432463026572
23 14 20 23 37679 1.0638543048432973
25 29 19 21 36994 0.9413415684068218
19 14 13 4 45716 1.0483964167171527
19 29 3 10 90384 1.0071204454676317
11 29 28 21 78733 1.0812161116121335
9 29 23 26 48182 0.9325740310631626
5 29 23 9 90939 1.0385797672775563
27 18 7 12 85891 0.9478119369267906
15 4 6 8 50808 0.9770969996205101
8 0 13 6 43013 0.9018912372850166
16 22 13 0 71807 0.9183365013299062
10 8 4 26 70783 1.0563799903303535
5 8 23 22 80780 1.082681642870567
23 27 7 7 90950 0.9968872822584645
3 4 13 5 61060 0.9139150617994917
13 18 23 7 58202 1.059336490368141
7 7 20 20 67871 1.0904712124752596
17 3 28 4 43446 0.9796498329028205
0 18 29 9 103048 0.9055615807177474
26 1 13 29 98564 1.019576657663431
14 19 28 24 69502 1.093205619149119
1 29 2 14 76822 1.0888142296741592
15 5 25 3 51030 1.0512067762429758
22 21 26 28 29790 1.0554805996796528
0 15 0 0 76138 1.0170246794059876
0 16 25 9 93786 1.0444567277824033
14 20 18 28 32751 1.0123174719841779
16 2 20 18 50960 1.0425680309879337
3 17 7 9 32714 1.009668157026247
28 1 6 13 89646 1.0363041669612945
11 6 26 17 67418 1.0856374702018647
0 27 17 23 56452 0.9494485243370513
9 23 20 23 38922 0.9472583505631702
26 6 17 19 56467 1.07325943236842
16 17 27 21 59905 1.0213041479719223
29 10 19 27 72344 0.927852367007594
28 8 12 2 68423 1.0271164573182407
15 23 0 1 120107 1.0655149294852722
27 8 7 26 100044 0.9367113128772921
2 2 10 24 96603 1.076645759573784
13 19 6 15 38277 1.0456371694354172
6 19 2 9 40570 0.9679299525112768
21 9 3 9 42920 0.971575965023133
11 8 25 6 49046 1.01326714966191
13 24 5 1 99741 0.9614523694312989
25 19 6 22 89845 0.9793566547632729
13 12 17 29 55484 1.0959076550389908
13 11 3 5 57127 0.987958814138177
9 0 2 28 108091 0.9260858632749824
22 21 11 20 53218 0.9224253903855392
12 22 29 25 76000 0.9028223490946287
7 27 27 6 107362 0.9880711386253456
1 4 12 0 55412 1.0129433364688378
15 22 28 14 67633 0.9568310748196284
27 7 11 7 54497 0.9338980819886686
8 16 23 16 67719 0.9990974372136786
28 26 17 3 91621 0.9277609814042376
16 28 15 11 54083 0.907063692106557
28 21 14 10 81181 0.9956951289175804
24 25 5 20 85842 1.036776203949024
28 11 26 22 51170 0.9370722096951725
0 26 15 29 52073 0.9597901529484983
13 6 29 6 66768 1.0010629081484388
11 7 5 12 35726 0.9645031973123789
16 20 10 13 46086 0.9227097323763994
0 17 16 23 71875 1.0070060482884349
13 12 29 7 62809 0.9957118986843841
14 9 5 3 46487 1.0353241174094947
1 0 8 3 40118 1.091625287118582
10 14 23 11 51624 1.09028264208556
20 21 27 25 46635 1.0004523054169625
21 25 7 6 93297 1.018524345081586
20 27 2 14 96559 0.9869012586788131
22 26 27 7 68215 0.9648910746452142
21 17 4 19 86308 1.0166952741955009
6 24 15 17 57139 0.9725371240730187
25 7 2 25 113807 1.0899131781251066
2 27 21 7 106096 0.9464810668814004
29 26 2 13 133535 1.0288630089105775
13 16 24 24 66426 0.9471614798081937
29 23 16 23 49969 1.0790081727287901
19 28 6 27 37281 0.9284100075325691
1 12 25 5 86334 0.9363419222071178
29 11 29 28 85604 1.0578814006353237
17 19 2 21 63552 1.056558907306646
15 9 1 0 74618 1.088662260360447
29 1 17 29 99517 0.9603483411952791
15 26 8 29 28448 1.0411254654176325
28 10 20 28 75792 1.0342603487494793
12 23 25 7 75643 1.0905733831788138
7 25 27 25 69890 1.0777968155177093
3 21 4 1 88114 1.0669990832459975
28 18 10 15 81271 1.0322844564147018
17 2 27 29 91260 1.0367334005249582
0 2 1 14 60207 1.0942131479510433
7 2 7 21 65073 1.0227498395205525
26 13 5 21 90916 1.0335428597070566
20 8 8 16 59670 0.9072633286380318
19 17 5 11 62523 0.9820655312690172
10 14 23 16 52777 0.9497710146638686
17 8 14 22 48581 1.0260676359273722
15 28 12 6 78413 0.9917638532425221
29 10 22 21 54244 1.0597687095306159
9 5 20 8 52098 1.0327012852245214
19 12 0 14 75539 0.9263214265897114
17 3 26 23 74582 0.9256192869621241
3 10 13 23 73429 0.9068754901398658
9 20 27 1 106938 0.9283518047383036
23 8 12 21 67937 1.048869444055411
6 22 14 2 84740 1.0986738945012415
4 1 23 14 91801 1.0782298462800983
3 6 5 29 87610 0.9506647948482964
4 18 24 8 74170 0.9266759095636339
26 25 17 11 67064 0.902776219380144
7 18 2 2 68105 0.9024210617090248
13 16 16 27 46664 1.029384356177482
7 9 11 0 45236 1.0887460340203152
24 12 24 26 48582 0.9682776397931149
11 6 18 13 38068 1.063303991838285
18 10 0 1 87667 0.9861171654059678
20 27 21 11 52657 0.9165975211849124
6 10 18 10 39137 1.0243980935085761
25 3 1 25 126122 1.0952893997530915
11 22 25 3 90522 0.9847305159303944
16 17 1 16 71952 0.9384047061605814
23 20 3 21 88412 1.0597727050702646
20 12 27 23 54185 0.9991811272082523
29 18 23 29 61471 0.9365656736037733
3 10 17 24 75717 0.9548563145365728
7 16 21 15 63063 1.022411281886327
16 10 18 24 44506 1.0214645471236516
21 15 2 5 82715 0.9352684473484667
22 7 6 2 75329 1.0177863194767092
9 27 16 12 63841 1.0819806635752776
8 0 9 11 53394 1.0571642067855798
17 1 28 9 50157 1.0144254841254352
22 19 19 0 62932 0.9545704734703215
5 2 5 23 81293 0.9481767863906971
9 17 2 10 49914 1.0904837101611697
25 22 3 19 103575 1.007261010646549
19 0 29 14 69244 0.950336196999384
10 23 15 6 77166 1.019615262836968
4 15 16 11 67803 1.0493609800090282
7 28 26 28 46421 1.0887622273584803
6 1 28 11 98139 0.9356823733138364
28 3 1 19 119969 0.9264236168318936
27 22 20 12 53484 1.0599882290445772
9 12 19 12 39608 1.0837458612455395
11 1 21 19 78442 1.0059903015315572
10 2 3 27 105214 1.0503400213839063
21 26 11 29 40908 0.937442549599419
3 1 16 2 54436 0.9970491704741975
14 10 5 7 41931 1.0586195755670116
29 14 25 2 58279 1.0087234554662283
16 3 15 13 38800 1.0212889750531997
9 4 20 8 54296 1.004289220542325
8 11 29 22 102702 1.077893634477762
14 0 13 18 75981 0.9695525789176135
15 6 2 10 54988 0.903664134755479
7 19 21 1 81916 1.087748323154056
4 14 9 5 56954 1.0375364930924482
20 2 11 25 93353 0.9167779896151227
16 18 0 18 69775 1.070628910394798
29 23 19 8 69369 0.9440130659323211
20 6 8 16 70602 1.0688616512689433
4 3 3 16 66811 1.0884608099663506
16 25 10 13 58121 1.0215774875718062
20 4 19 19 44083 1.023578180007617
26 2 20 21 67616 0.9963681254685568
5 9 16 12 45958 0.9444444662005304
17 4 25 29 81780 1.0061624521306065
0 4 20 28 114620 1.0573687190019398
11 28 23 15 64914 1.008394244391455
10 16 2 25 55526 1.037017053542442
3 27 20 0 119957 1.0065246656117939
17 11 15 19 31831 0.9694582948186299
25 1 20 24 73744 1.0620424917746
0 10 14 28 89706 0.9812602542161821
6 26 20 1 105178 1.099642254447958
10 10 17 27 62712 0.9367788070477304
28 0 20 6 50661 0.9181767680758744
3 12 11 1 68621 1.064612602749325
11 1 13 20 82595 0.9815461979213282
23 7 29 24 66128 1.0811112686062485
4 27 13 22 48777 0.9076451726951569
26 26 8 23 68890 0.939001844434351
17 28 14 8 57495 0.9089218320995732
12 21 26 12 71059 1.0758241764298297
16 2 23 18 56472 1.0680454754820252
16 13 25 23 53249 0.9307982235536085
3 14 20 18 85693 0.9732499453763742
5 10 28 27 105568 1.0820580099099728
10 1 17 14 62877 1.0082597034981802
19 10 3 29 83112 0.9738224582507424
18 23 4 12 84674 0.9249328738714642
14 12 14 23 50690 1.085861909626262
15 2 27 28 93329 0.9557075366088295
12 17 0 18 53832 0.9340662639648802
19 29 17 11 46718 0.9057601602217343
11 23 29 12 85339 1.0928633356518267
8 27 13 11 72114 0.9741868504377633
20 6 22 17 45291 1.047763556779949
0 28 3 16 60033 0.9734563201621527
16 16 15 6 42399 1.0311392331029752
3 9 29 20 103462 1.0838429296997587
11 22 26 14 75387 0.9053325190849275
8 23 15 3 87416 1.0713769867155825
24 5 15 2 42022 1.0778948744707257
20 8 23 23 49306 1.0384674740443365
3 7 7 15 36297 1.0385483619746738
9 29 25 7 96210 0.9959083408418566
16 3 10 22 81238 0.939018002710488
25 7 8 28 91114 0.9127577393119597
9 7 15 0 50648 1.0049525118409792
10 28 14 22 34056 1.0853978842017562
5 29 12 16 65763 0.97873067603849
5 17 26 24 99022 0.9737111076734636
16 24 8 29 39469 0.9017713100166748
15 11 26 11 45675 0.9035423370319527
2 17 24 6 85878 1.0813142654149401
12 21 10 2 80763 1.0211658147521916
1 25 23 16 102880 0.9455556519839545
7 22 23 12 81618 1.0148759949745034
25 15 8 24 79252 1.0092337788211132
10 22 2 3 86841 1.0545401799876246
18 19 29 4 66330 0.9520158243111007
11 3 6 24 77418 0.9308202599883957
6 17 28 16 88960 0.9650277067970963
4 0 28 15 112238 0.9787433422904261
26 17 27 26 37664 0.971843057849769
3 19 21 19 86857 0.9523611785205548
23 27 12 9 66864 1.0609119689336897
1 8 28 20 108373 0.9182131713824054
25 12 16 6 47557 1.0987773706188053
8 4 20 26 89887 1.0219087898368566
14 10 5 6 46754 1.0513160104210295
14 21 6 11 57335 1.0249873440928354
23 14 21 22 28852 0.9984425170785705
16 18 28 1 75082 1.088945825124229
27 20 18 17 51392 1.0046461403055487
6 8 20 5 55868 1.0777313145464393
0 12 13 26 97593 1.0728646598625513
15 13 23 16 30418 0.9926748369861993
24 2 9 6 70165 1.018466992605752
23 14 9 8 48659 0.9670223547508616
17 25 5 18 65127 0.9603751191634389
24 16 2 21 98646 0.9194040979676279
18 24 25 8 53173 1.0874385983407133
3 13 29 27 124396 1.0590192995635905
15 25 9 7 82988 1.0351642818380555
8 3 23 18 78735 0.9911665588071161
16 18 23 9 40614 1.0555377244262187
22 10 8 3 59210 0.9388960661208446
22 22 3 14 102479 0.9158400850542655
29 19 29 3 67458 1.0622875079991074
14 13 26 0 69467 0.9601277259241968
5 13 7 4 45145 0.9832263976507363
25 27 28 10 73283 0.990032576207309
21 25 7 8 82875 0.986107340104635
23 18 12 5 67410 0.9870652538484467
5 1 23 12 86127 0.9522619875419032
15 24 2 4 107921 0.9541307151468907
22 11 8 29 76981 0.946973855208385
3 27 3 0 116615 0.939009488486659
29 7 16 23 73505 0.9405031962020167
9 17 24 23 77438 0.9112413125019746
27 22 16 18 55821 0.9404119083373959
7 2 14 9 46396 0.9316676537647344
6 24 3 4 81196 0.9511552233467659
17 12 0 4 72912 0.9248490786751014
22 13 24 21 28236 1.009615883078636
5 15 27 4 88556 1.0361520217563587
11 11 29 28 91438 1.0596605358695461
12 15 15 1 70218 0.9077081534311056
2 6 15 2 70461 0.9447892121857268
14 27 16 15 41518 0.9898856063986556
22 11 8 0 68455 1.0936778656388815
19 3 10 26 88572 0.970747107725466
13 2 27 15 72324 1.03525699258742
18 1 3 1 58636 1.0181677349481097
27 8 19 18 45371 0.9549844747375384
20 24 20 11 39231 1.003996830928792
23 20 9 21 67620 0.9320636029864486
20 23 6 13 77048 0.9502118704956133
23 18 28 9 36349 1.0364029183849235
26 16 10 4 76820 0.9574467498768061
1 7 29 2 97495 1.084706880583677
6 10 5 1 38606 1.0696190628888984
28 14 23 22 39389 0.9191420100446814
3 10 27 25 113096 0.965411123735706
22 29 8 28 37720 1.0413506250538893
16 9 7 22 57474 1.0559141638423877
1 14 25 15 95165 1.0072143500396422
16 1 26 22 83545 1.0405249008211437
6 24 20 20 61506 0.9612372623736914
4 5 24 12 78956 0.9601115399695372
15 24 26 29 43408 0.9468634952552824
2 5 12 5 61589 1.0317298445599026
28 9 1 5 87824 0.9623499664785629
9 3 12 20 81611 0.9808997832586142
8 23 18 20 44077 1.060966718800711
6 10 4 20 37820 1.067667913909471
24 24 9 1 110707 0.9236374164595083
19 15 4 11 57318 0.9979107086409359
25 14 11 26 79140 1.070252810647594
22 27 19 19 27875 1.0485313394286235
24 3 18 17 50862 0.9089038813276765
27 27 11 21 63762 1.067560350346504
17 20 12 14 40316 1.0621003657044792
20 20 1 11 80569 0.9709603559074789
25 28 0 14 115707 1.0520185733878067
22 10 5 28 81550 1.0696483323178687
24 0 13 3 47544 1.0743250631392192
25 23 1 7 104481 1.0674838247692713
3 1 8 8 47699 1.066286853124891
4 21 16 29 56363 1.004003304370704
16 17 27 8 56915 0.9518829586623115
9 18 20 28 59591 1.0264855158915318
23 15 27 4 36904 1.0350494451424377
17 7 4 25 82340 0.9534465256026105
26 8 15 12 44232 1.0744236272430374
12 18 1 5 78399 0.9701414020412025
14 6 14 16 57313 0.9123482941797906
27 13 1 11 83479 1.0788144330861735
17 25 23 4 59423 0.9310044352620734
29 3 7 14 84618 1.094827647762685
20 24 12 20 39511 0.9743639909440104
16 2 29 5 54148 0.9626879334532665
14 15 22 21 56824 1.070052007162203
20 7 9 28 79748 1.019227113293411
15 8 12 17 49520 1.036440371163767
10 19 17 15 41388 0.968733619975134
7 18 28 5 89671 1.0957896840253851
26 5 7 10 64688 1.008901823447534
18 5 6 20 73583 1.0180847251407608
22 22 6 25 67773 0.910958063631253
8 9 11 16 35172 1.0913647114028644
26 1 19 26 78752 0.9818376291653921
18 10 4 23 82039 0.9560252950978105
29 4 18 2 42416 1.0398015881601907
21 3 4 19 91419 1.0091846109945584
28 1 19 14 54713 1.0763179315458513
17 9 23 24 52545 0.908991252182428
3 20 25 24 100738 0.9123171180845494
6 24 2 14 54288 0.9309964289561293
9 13 19 4 58411 1.0894647263036652
13 11 5 8 36963 1.02081135911814
5 4 28 21 119825 0.9030479238634619
3 26 20 4 113022 0.9298460782730815
21 16 23 5 29852 1.0285010250180207
18 6 25 21 63857 1.0395284943901975
27 10 12 18 75360 0.9926167152504878
5 8 14 0 57736 1.039562058595473
18 6 22 27 67297 0.9044344895893462
29 20 21 12 57841 1.034592130920879
28 9 5 12 71856 0.9834341683895705
9 8 16 4 40247 1.0583035404110783
13 7 2 29 96393 0.9113571990136884
13 1 27 2 52705 0.981878381967762
22 6 6 13 64389 0.9088532059184271
4 10 18 24 76331 1.0706708572330117
23 0 24 17 52176 1.0004626544479536
24 24 6 24 71503 0.9192311440966691
28 27 10 14 89651 1.0859875256378884
4 24 24 8 93010 0.9807770152471851
18 8 8 7 35119 0.951265164856583
2 26 12 4 102712 0.991038753498317
28 20 22 4 64304 0.9631763031575045
15 21 28 21 60861 1.0747991016889236
4 22 28 27 84065 0.9926598649708976
6 25 10 2 85844 1.0283667132214689
20 22 7 23 51171 0.9215564341209462
13 18 11 1 75673 0.985743526134685
1 24 21 2 113974 0.9658947999257097
28 2 19 6 43562 1.0414641969140648
8 26 26 25 62258 1.0173054670183832
10 13 14 29 68135 0.925249764211622
5 17 26 5 86408 1.0377659394280827
17 6 28 25 86411 0.9409231442011367
6 13 12 8 32546 0.9135350552951514
18 22 7 7 70953 1.0389095513047133
29 9 18 29 78314 1.0720111982985698
18 25 20 11 41530 1.045550554627423
14 20 10 26 36930 0.9396996286716198
17 28 2 24 50529 0.9520923487629169
1 17 14 13 55864 1.0177614736366531
28 23 19 3 80832 0.9618169533563585
29 15 7 24 98057 1.0659099299322798
27 25 28 9 74255 1.0470966605847263
28 4 18 19 63081 0.9831338262866811
17 28 1 15 86871 1.0703380877330146
2 19 28 29 107956 1.0169114457316788
23 11 16 22 45184 1.044060939335242
29 23 27 7 75846 1.0033500434257205
21 21 0 5 100659 1.0786270702329332
8 10 18 26 70387 0.9042119572381665
13 4 6 15 60449 0.9099196515898154
14 23 22 25 34794 0.9139551579267657
20 6 14 2 35997 0.9107901876917084
29 19 0 28 110468 1.0594813121218438
12 22 27 17 79832 0.907368742716744
3 11 8 23 57373 0.9479320133977431
6 21 26 16 91294 0.9761451671011266
23 8 29 20 58117 1.0206566110033013
15 3 24 18 63261 0.9562356703654726
18 23 0 17 80356 0.9481712019647975
19 21 12 14 47419 0.9899511312723825
1 13 21 26 109634 0.9481118799590558
7 13 22 26 81862 1.0971762443414808
9 13 16 28 61976 1.0441557899986162
3 28 12 7 84645 1.024592643388555
25 16 9 23 73130 0.9939395462841888
9 2 9 14 57357 0.9469452556977692
1 21 14 28 55861 0.9393198239606151
27 17 20 13 34129 1.0660772538269903
29 12 17 15 46445 1.0245605564777422
16 19 2 15 68389 1.037685872493464
10 18 19 27 52455 1.059553634495259
19 17 16 0 48352 1.0623200321859931
15 4 14 15 59065 0.9921973173733263
21 7 11 14 54013 1.0061567922682726
5 18 0 4 68460 0.9549060413914576
26 28 22 5 69103 0.9875432109039046
6 26 6 11 48248 1.0691886021932173
27 16 5 6 90256 1.073205834814114
0 23 16 2 111040 0.9452762923467176
7 14 5 1 53190 1.0465695877665266
20 24 13 2 73903 1.0714482152067284
7 28 4 4 84027 0.9345647759863448
0 25 5 12 70319 0.9988219683896948
21 21 0 25 84514 1.0915252099600872
19 8 10 3 48548 0.915304795571072
25 14 23 29 48534 1.0437148711281063
29 3 24 14 49674 0.9077788583691185
8 3 22 24 94429 1.091343749377645
10 12 16 18 44445 1.0298267180914107
6 3 9 23 72287 1.0886001980238504
5 16 8 24 33884 1.031425604351218
16 18 18 6 42484 0.9086619449087979
21 15 24 2 42225 1.097220904963247
23 7 23 26 47431 1.0202683845879832
22 14 2 25 98034 1.0188298450572748
17 7 25 22 61774 1.0000830795466624
6 17 6 3 47240 1.0878129537697907
4 9 13 18 56361 0.9269850384474688
16 1 14 16 59256 0.9366970026644037
0 27 23 13 94488 1.0667310274924051
13 29 29 20 77092 1.0478587735056284
17 24 2 26 57589 1.077805979812129
20 23 25 0 77771 1.0226213629801544
21 17 2 23 90308 0.959790190913445
13 9 12 27 66672 0.9265393586457323
6 12 2 24 53379 1.0294148523061841
17 8 1 7 50194 0.927732250396569
23 3 25 11 28617 1.0935881278133461
13 0 8 24 92368 1.0850054663197202
27 5 6 5 86953 1.0559223564360782
9 24 16 4 84040 1.0614790737556208
11 4 1 0 53678 0.9094110182145049
10 27 26 18 76745 0.9207325648188749
6 26 3 8 65535 0.9784425828403857
29 9 12 27 85555 1.0231266972381399
13 23 5 3 88925 0.9343174187893672
6 25 22 21 72103 0.9512757794581013
17 26 2 0 116038 0.9612682593070271
19 12 4 21 76724 0.9923726587011688
26 4 17 25 70988 1.041551201622776
17 14 16 29 37678 1.0064486381413624
3 12 24 24 109043 1.0032072966180956
1 14 11 2 75092 0.9812001455444949
4 4 8 18 57183 0.9007449277575698
24 17 11 21 70287 1.034156213395397
27 4 22 16 41937 1.0635171943422612
0 29 16 11 93176 0.9485268301703743
27 2 16 15 64813 1.0530138689825006
3 5 8 24 74577 1.0734494776820582
1 17 11 22 48264 1.0179463624788894
27 29 15 16 64357 0.9265071426712196
19 25 0 5 100353 1.0174152208949052
16 25 25 22 49844 0.9624094248775528
9 22 3 28 38402 1.012069295568954
8 5 9 23 67252 0.9891796179145471
17 10 13 24 51490 0.9317205761429107
19 18 22 27 30276 0.9100936805299759
26 7 1 1 104464 1.0758072614519547
4 5 28 10 85053 1.0615432979913921
11 2 9 10 38063 1.0155347056309452
20 29 2 16 90406 0.9642303433004773
6 23 24 28 60408 1.0840412843494924
20 14 14 3 46201 0.9934811727486795
8 15 27 26 99751 1.0356299915096026
13 21 3 1 104278 0.9090288427378564
23 25 16 22 33083 0.9650400514281162
7 15 18 6 52979 1.0145061211690953
3 12 24 12 78921 1.010810788370923
14 4 10 10 38736 1.013805895041302
8 0 20 12 70159 1.0969945595853896
7 0 24 10 79389 0.9559240826147343
11 0 15 14 66631 0.957631953455061
18 1 23 17 55536 0.9727221728900599
2 16 15 7 72349 0.9497413836039824
13 11 16 2 41231 1.0627040753964632
15 9 5 10 29972 0.9930663090203643
22 3 4 28 104812 1.012231400821524
5 29 2 7 84387 0.9865727521599692
22 9 8 9 33910 0.9337934809858264
0 0 23 28 141785 0.9589236886491372
24 0 24 23 65034 1.0101935587801796
8 22 25 13 81432 0.9121703331232622
7 1 16 21 91914 0.9698767346025752
22 10 25 24 49398 0.9882228394716064
2 1 17 21 106578 1.0314815907797228
26 14 19 25 50422 0.9083172266727334
16 29 9 14 72643 1.0615215259627966
19 3 27 25 89066 0.976228383379298
26 26 24 10 59826 0.9588920600877432
3 4 14 22 101387 0.9654861524381017
11 28 0 13 85146 1.0355314496665955
9 26 10 12 59326 1.014920020575937
19 1 8 15 72971 0.9158136376594789
26 6 7 17 76500 1.0702130704546367
18 5 28 2 45784 1.0216858959301818
1 1 14 19 104541 0.992985437704281
20 7 3 24 93262 0.9491574037600125
23 24 2 16 101218 1.0320641884426964
8 24 27 3 109928 0.9212056195354082
10 7 1 1 61011 1.0495872767759487
2 27 25 22 84913 1.0241106656442875
22 10 15 27 57200 0.9814999630764899
12 25 4 3 97127 1.0541167944250427
21 9 9 8 32841 0.9690858396717337
7 5 25 11 76593 1.0260420456429498
16 27 3 28 35974 1.0476280053877864
14 10 0 4 64495 1.015587939846435
6 12 26 21 91927 0.9629503560274032
25 11 17 16 40824 0.986352152713361
13 23 4 13 67696 0.9370336659541955
