7116 7404 7734 6960 7668 6406 7157 6778 6807 6012 5424 6966 6068 6039 7625 6478 7726 7773 6241 5516 6995 6727 7781 5350 6087 7145 6843 7576 7551
2610 3714 3280 3354 1640 1886 2167 1958 2806 3378 2398 1878 2044 1512 1785 2960 2701 2855 1667 1592 2378 3188 3068 3470 1962 1686 1975 2212 3221
3914 4318 4248 4013 5155 4857 5331 5419 4617 5410 4383 6041 3677 5655 4043 4758 3899 3683 4031 4799 4015 4661 5292 4227 5180 4881 5655 4332 4771
4959 3669 5299 3178 3997 4608 3448 3723 4184 3426 5120 4519 4317 5288 4297 4134 4874 3339 2870 4016 5016 3193 3236 4996 4907 3031 5157 5428 5155
2539 3943 4313 3640 3254 2509 2553 2095 2312 4161 4306 3498 4173 2631 3234 3283 3189 3959 3044 2978 2893 3451 2366 2659 2660 2670 2519 4254 3717
1760 2110 1136 2593 1576 3280 1079 3621 1682 2641 1700 2480 1818 3110 3453 2284 1651 1341 2012 3480 1824 1513 2457 3219 3065 1467 1673 3568 2344
4438 4273 2610 3094 4666 3309 4295 4620 4184 2559 2739 4879 2653 4045 2863 4548 3602 4316 3624 2630 4746 3844 4326 3758 2798 2469 3649 2785 3982
6050 6051 5576 7700 8018 7158 7904 6005 7193 6109 6586 5546 5865 7296 7022 7692 6663 6771 6308 7702 6062 7230 5846 6762 7000 6822 7431 7285 7349
5603 3980 3491 4705 4666 4246 3293 3417 4268 4285 3337 5431 4723 5564 4310 5136 3398 4407 4148 3974 5017 5794 3416 5518 5820 3708 4571 5332 5810
4564 2994 5230 2895 3407 3366 4014 3358 3592 3080 3798 2764 2852 2738 5130 4878 3574 3758 2910 5005 5098 4026 2703 4406 3839 4366 3887 4933 3291
2703 3836 4404 4370 4204 4542 2678 4565 3159 4469 2725 4543 2894 2858 4630 4756 2756 3976 3212 4178 3024 3138 3826 4300 3003 3693 3191 4722 3325
4872 3369 5471 5395 5632 3757 5320 3715 4666 5170 5525 4078 3500 5444 3848 4818 5232 3401 5801 5246 3855 4603 4789 4160 4550 4356 4668 5250 4022
5669 6189 5887 5517 7286 5667 5570 5427 7636 6266 7175 5823 6897 6115 5347 6517 7117 6872 6202 6519 7543 6031 7451 5336 5362 5276 7423 5475 6875
7873 7479 6855 6570 6278 7202 6727 6199 6840 6770 7427 6812 7961 7972 5909 5734 5635 8033 6931 5867 7892 8044 7763 6993 7069 6363 6332 7452 5876
5742 7880 6465 6343 6067 7531 7308 5918 7059 8001 6626 7994 7478 6374 5819 6148 7627 7104 6879 7503 6587 6268 6559 7374 6921 7519 5942 5777 6072
8198 7790 7632 6332 6655 7307 7960 6675 6933 7057 7343 6538 6314 8215 7345 7050 8199 6684 7641 6077 6366 6903 6156 8409 6981 8403 7305 7306 6760
2855 2384 4170 4670 4808 3730 3922 3595 2596 4333 3792 4633 2711 3845 4810 2818 3070 4085 4749 3558 3638 2731 4281 3680 3088 3051 2479 4239 4393
2462 3667 3345 3058 2459 1933 3370 2892 3762 3086 2871 3314 3120 1933 3288 3355 4148 1947 3596 3134 3762 2362 2656 3732 3284 2178 2978 3823 3719
4227 3932 5476 5025 3440 5270 3359 4890 3114 5294 4019 5111 4717 3426 3242 4253 3664 5234 5629 4581 4660 5193 3900 5142 4724 5001 3594 3519 4794
3964 6453 4413 4457 5302 4341 4542 5362 5256 5153 5827 4216 5969 4585 5008 4799 6220 5594 6017 6350 6121 4073 5996 5142 5363 5128 6287 4716 4696
4657 3216 5141 4381 5189 4401 3296 4842 4694 4316 3945 5062 4191 4776 3617 4761 3385 4644 4569 5687 4841 3717 4112 5196 3233 5088 5622 4082 4395
5671 7400 6959 7334 6903 6675 7394 5047 6985 7189 6918 5643 7078 5743 7457 5393 7432 7446 6386 7117 6698 5248 6322 5453 7547 7167 6676 6060 6173
5358 5381 3794 4670 5322 5046 4292 4540 4001 5455 4669 4009 4979 4047 5410 4365 3361 4301 4515 3379 3260 3012 5472 4844 5342 3080 3431 4063 4258
5431 5012 6156 5868 7130 5331 5080 7252 7212 6102 6705 6466 6937 5387 7485 7128 7337 7295 6018 5528 7424 5175 7397 5769 5177 6447 6138 5667 5575
4993 3427 3442 4998 3679 5254 3820 3579 5166 4625 3949 3397 3727 5035 4913 3290 4365 4441 3238 3661 4654 3752 5503 4282 4990 4005 3348 2945 3776
8272 7431 6293 8200 8023 8235 6606 6931 6719 8061 6765 8256 6495 6359 7070 8266 6993 8439 8066 7582 6631 7539 7577 6569 7962 6593 6623 8046 7935
7885 7927 6140 6433 6463 7009 7754 6580 6918 7732 8195 5989 6929 6170 6711 6228 7429 6931 6428 7507 6276 6050 8297 7046 6787 7187 7987 7209 7973
5671 4692 4767 3715 5478 4565 3736 3704 3662 3627 4142 5697 4499 4436 4374 5089 4208 3558 5130 5494 4914 4479 4527 4813 4261 4314 5746 4010 4731
6427 4427 6103 5406 6669 5243 6344 6302 5096 6149 4368 5567 6048 4807 4324 4758 5743 5428 5707 6635 5581 6475 4483 4162 5965 4620 6459 6478 5230
5460 5709 6881 7476 5909 6731 7186 5503 5705 5356 7346 6419 7829 7342 5470 7228 5858 6617 6755 6784 6184 7470 6403 6113 6700 6920 5742 5950 7598
6732 4062 6295 7470 6082 2804 3062 3856 6152 1890 3100 1866 3658 4111 3876 7750 2421 6786 4838 3744 6564 6396 2840 3519 5807 4716 6777 5442 7996 6410
6987 3238 7514 6741 4550 4393 1771 6345 5535 2582 3631 2110 5042 3214 4506 7192 1780 6602 4350 4896 5095 5878 2674 4222 6345 3599 6465 3946 6575 6912
7021 3966 7161 5234 4943 2634 2806 4829 5614 3601 4773 2190 3860 4590 5125 6544 1312 6861 4483 2980 7203 5597 4070 5403 7359 3807 6578 5001 8158 7094
6684 4355 8070 5492 4675 3610 2060 6262 6380 2855 3159 2698 4817 2275 5133 7708 3541 7374 6659 4743 6620 5267 2465 3639 7785 2415 5429 5563 7021 7354
6897 3303 5770 5573 6327 2724 1914 4708 5336 2164 3889 1842 5443 3290 3956 8447 2165 8239 6796 4567 5126 5593 4029 4712 6404 3905 6563 5774 7730 7771
7191 4949 5794 7525 6198 4673 3153 4473 4929 3678 4709 1726 5261 3583 5241 6354 3547 8077 4803 3316 6959 5987 2715 5284 6227 4647 6768 4772 8211 7659
5462 2988 7713 5325 5033 2910 3470 4805 6422 1937 4009 3472 4856 3597 5585 7556 1474 6957 6630 3204 7233 5149 4342 4649 5971 2417 6830 5028 7844 5969
5610 4611 7659 7480 5777 3411 2012 4616 4410 2912 5246 2998 5844 3040 5708 7991 1903 8718 5126 4705 4962 4628 3094 3834 6346 3552 6779 3639 7793 7653
7606 3837 6176 5306 5202 4657 3552 4337 5816 2797 5039 1972 4292 2956 4391 7352 1224 6392 5883 3542 6680 5610 2948 5132 6998 2372 6015 5203 6180 7738
6231 4706 7809 7195 5191 3393 2671 4084 5490 2771 3115 3685 4400 4247 3589 6532 2969 7733 5375 3591 6130 6444 3521 3941 8007 3454 7495 4187 7858 6014
6911 3159 6497 5874 5193 3213 1852 4997 3923 1961 3160 1221 3487 4351 4962 7010 2497 8215 5529 4748 6886 4930 4076 4861 5908 3287 6942 5383 6179 7525
7650 3582 7896 6633 4709 4698 3313 6221 6021 3773 3167 1537 5046 3578 5678 7916 3341 6834 5836 4215 6292 5867 2508 4403 8048 4013 5301 4700 7742 6213
7887 3473 7016 7578 6479 2737 2120 5817 3941 1819 3662 2766 4246 4642 5606 7938 1833 6908 6499 4215 5456 4759 2405 5349 6326 3876 6175 4334 8304 7216
6860 3460 6220 7231 5191 3052 3775 4029 4126 1720 5041 1527 3393 4285 4190 6994 2464 7679 4723 4313 5217 6186 4696 3906 6175 3974 6388 3770 6918 7948
5486 2991 6975 5502 4642 3650 2796 4753 5885 2941 3569 1518 4887 4647 4232 7751 1131 7996 5696 2582 6302 5022 3140 5816 7545 2619 5651 4003 6532 6196
6409 2831 6659 5615 6411 2669 2056 4239 5372 1934 3629 2882 4214 4608 4015 7825 3712 7163 5537 3162 6894 6806 2701 4076 6899 3086 5524 4231 5885 7269
6478 3426 7289 5222 4280 3499 1712 4540 4904 2075 3430 2438 5048 4561 4613 6540 3297 6905 5683 3525 5969 4584 3401 5029 5885 2586 6413 4971 7087 5808
5590 3712 7371 6616 5765 3284 3906 6197 4326 1515 3198 1875 3596 4555 5363 7296 1625 6545 6322 3501 5454 5468 3950 3501 6980 2927 5081 4650 5953 7199
6429 3266 6865 7251 6363 2741 2258 5299 5903 3671 3719 2908 5100 3215 3660 7592 1964 7343 4688 4949 5300 5761 4730 4756 7033 4570 5504 6000 6796 6364
6973 4703 5836 6097 4465 3271 3124 5780 6301 1602 3441 1506 5869 2166 6132 8018 2760 8074 5158 3652 6088 6877 3942 4823 7379 2572 7173 4598 8033 6484
7047 4228 6188 7091 5100 4574 3305 5042 4838 2092 3601 3401 5671 2472 5417 6421 3161 8647 6560 3812 4875 4490 2225 5372 6064 3186 7087 3651 6383 5802
7400 2604 6683 6268 6753 4943 2816 4338 4627 3451 4243 1338 3557 4373 3640 7630 3703 6386 5839 3890 6085 6880 3679 4678 6390 3749 6825 4471 5942 7024
7473 3608 6519 6247 5881 4455 3467 5467 5257 2651 3833 2871 4042 3703 3790 7244 2758 6492 4335 5021 6803 6068 3047 5989 7093 2861 6559 5825 7286 6745
5408 3681 5744 6595 4949 2582 3651 5657 5566 3727 5310 1895 3590 4124 4686 8542 3014 8720 6499 4421 7202 5481 2984 4292 7478 2988 6394 5774 5939 6022
6356 2827 6624 6782 4546 4845 3208 4056 4769 2219 3889 3023 3433 2921 4790 7345 3407 6671 4633 4830 5829 6818 2256 3694 7727 4184 5555 5669 6508 7350
7356 2693 5876 6364 5230 4107 3020 6132 6220 2914 3977 1143 5200 2254 5087 7351 3043 6993 5340 4831 6884 5510 4217 3463 8137 4613 7488 5123 6703 7622
6105 4556 8095 5930 4958 3610 1946 4434 5467 1797 3096 3289 3698 2317 3800 8344 3074 7899 5353 3734 6918 4524 3270 4352 7906 4257 6882 3652 5964 6375
6278 2979 7484 5721 6235 3634 3569 5344 4765 1363 3373 2266 3640 3149 5310 8379 2247 6357 4990 4987 7179 6797 2716 3932 6780 3073 6722 4687 6649 6288
6131 2511 7380 6359 4924 5054 2509 6074 6149 3205 4241 2769 4023 2446 5295 7543 2855 6646 4711 3440 7258 6560 3770 4797 8259 4762 5072 5594 7505 8119
22 14 5 3 69977 0.970081814187809
10 26 3 14 54512 0.9638905311050031
13 17 16 6 48942 0.9133762902560567
22 25 6 14 78881 1.0716200534954763
26 29 16 18 79103 1.0072122717459127
1 12 22 2 87595 1.0834697047227229
3 11 1 23 31928 1.0827013854026037
17 12 1 8 48478 0.9105445603436417
11 13 28 17 66387 1.0454652006288885
27 22 10 8 90067 0.9069026387497141
14 25 24 22 42520 0.9548596907299532
19 10 5 21 60808 0.9971035781096707
16 12 17 27 49625 0.9848411458882141
9 12 17 29 76667 1.0209540505986416
3 5 8 16 38825 1.0114842038839116
20 5 5 11 54434 0.961996374392706
21 1 0 15 97385 1.0289148942549582
18 13 25 28 80826 1.028365945691014
21 4 26 17 78358 0.9504651210802921
18 0 1 1 66814 0.9398718632516249
12 29 13 4 115764 0.9779653757279153
5 3 20 0 63597 1.085958817732038
20 15 2 21 66371 0.9731620153190763
12 20 29 2 123856 1.0175714805483023
12 11 8 0 49974 1.0235807625585813
29 6 20 18 72345 0.9484830158726556
7 5 27 15 83461 0.9333764448404221
21 5 17 24 72131 0.9929360478352336
9 26 17 9 78361 0.922417398284957
17 25 3 13 71601 1.0383606945038593
10 20 26 22 60119 0.9714981918102522
0 21 6 1 62975 0.9101160553293238
5 7 15 9 31612 1.0552148548243467
4 25 15 3 94994 0.9156420847866454
7 8 21 8 46334 1.0296433986924736
2 20 16 15 51006 1.0470137330359433
3 3 28 26 140577 1.0475008730963538
25 24 11 5 107358 1.0502050420681233
8 12 24 20 74330 1.0511421866055688
10 17 17 0 68946 0.9831119666601249
24 11 11 11 28462 0.9874756674599324
4 8 29 21 114154 0.9851826211378419
25 20 15 2 95011 1.0310829747791657
8 22 8 4 63289 0.9865335496472345
11 2 22 16 80231 1.0649994785505217
16 15 2 5 62693 0.9429701239382392
21 9 15 22 54898 0.9245974033937696
25 6 1 0 83252 1.0565107891281462
22 21 29 7 75950 0.98411280446134
5 7 29 25 124432 0.9337354255727087
3 8 8 14 33626 0.9876627830349501
19 8 12 17 50963 1.0397528400102456
14 15 16 1 60915 1.0863301655509856
13 21 17 6 68023 1.0069352621384016
22 19 5 22 66603 0.9408026252435089
11 27 15 2 112267 1.0814695386364108
24 5 2 21 105515 1.036947085614349
9 24 14 0 107099 1.02551050604495
8 3 25 1 67565 1.082631272816096
7 5 28 28 143181 1.0253819603117087
10 23 15 17 43575 0.9640292376538204
20 3 5 9 59663 1.051006087266284
17 29 14 17 54880 1.0873031396613668
18 13 5 19 46942 1.02665661007443
2 16 22 22 71451 1.0752812214363818
10 7 3 16 44016 0.9357325593998969
29 5 19 24 104943 1.0820828709223715
26 5 20 11 43881 1.0926606014987397
18 17 24 4 65696 1.0600583706767766
23 10 21 20 52953 0.9090487585442447
16 15 1 10 50288 1.0135542146081633
8 9 11 23 59894 0.955345873245314
23 12 13 16 44397 1.04257047120167
14 6 3 0 49139 1.0548197241575177
18 27 19 5 77376 0.9045685571559055
14 9 14 22 56108 1.0860328798553482
14 10 17 19 38129 0.9454925342687387
6 27 6 17 34601 1.0025065796497543
10 13 4 8 28848 1.0281488013224425
25 13 25 25 59229 0.9054512197407231
1 28 10 8 68373 0.9268116977104489
16 28 5 27 50206 1.0721836042775479
15 10 1 9 44381 0.9260940859228349
7 6 25 3 68107 1.0652108169767496
21 7 7 23 91232 0.9647906846211927
20 3 14 28 102538 0.9090656634844403
0 23 11 28 56636 0.9079182392387638
25 19 8 8 80743 1.0391655889306395
5 8 20 8 43482 1.0351711788715137
6 24 1 17 34119 1.0717147284138742
23 0 22 11 55817 1.0108661772925556
7 10 13 27 79924 1.03110018225607
18 22 0 17 70576 0.9987271956542751
11 18 19 6 60514 0.9825302359975002
29 17 0 29 116044 1.098642270762802
6 8 13 26 78640 0.9378504027706916
3 16 29 17 74567 1.093468647554215
1 26 10 1 86095 0.9063208227011414
29 8 17 12 44605 0.9069874584792491
21 5 22 27 98930 1.0464831625451403
14 19 11 29 58242 1.038717744237632
2 2 20 8 72265 1.0444732638072278
18 26 2 22 65267 1.017347820290123
24 6 5 2 63594 1.0911343142727803
25 20 16 19 42261 0.9756677586120506
25 28 3 8 124361 0.9150481362898045
5 0 10 27 80211 1.0145234442680908
9 5 7 14 39661 1.0137328710977211
15 4 27 4 55500 0.9153005454659972
7 0 25 18 110366 0.908354995557346
23 13 8 12 48349 0.9272035652371561
21 11 16 29 70069 1.0892856732787657
4 5 5 20 36775 0.9523044136934371
23 3 7 5 68198 1.0186941063254116
29 11 5 22 80992 0.9521691158107958
9 4 20 18 69934 0.9962957705844929
22 4 4 10 70966 0.9509883718393467
26 19 8 20 76774 0.9103311667966638
26 11 14 12 34792 1.0824410429467426
18 23 7 0 103048 0.9763695077314132
10 15 10 26 39862 0.9090844747567158
0 20 8 24 44453 1.0451673946528426
5 28 13 8 72249 1.0301195262306757
11 28 0 15 72218 1.025304766810253
11 14 17 10 28561 1.0078054913932337
28 20 13 6 94357 1.0338479219907573
13 28 0 28 72790 1.0872363113875625
3 17 21 7 78301 1.0918975522961374
17 5 1 18 69713 0.968570048050879
1 5 12 16 50525 1.0379182095582613
3 16 20 17 44832 1.006016583067293
15 24 1 21 64436 1.0275385794391785
25 25 5 10 99895 0.9307372772548543
25 1 17 3 35641 1.0246259695318791
1 4 10 8 34178 1.0148757036288676
29 23 10 20 75385 0.9900313889791245
9 28 15 14 73078 0.9552915666552582
18 28 5 23 59492 0.9019831405480532
3 12 23 17 70363 1.0988679588020187
13 2 2 14 77108 0.9363908590815458
16 9 7 13 34873 0.944692422401243
8 5 23 25 104326 0.9856557286162846
2 6 20 24 99921 0.9093099157311068
22 29 8 15 88061 0.9913435220333109
25 13 7 8 60123 1.0796616423103926
17 20 2 5 76752 0.9921790564428139
12 4 7 14 54454 0.9772132535178412
20 15 21 1 65295 1.097462241992093
5 22 23 6 86478 1.053558161712448
15 22 21 14 45195 0.9616693732382414
24 28 0 29 102264 0.9404200860773995
28 14 21 22 52132 0.9130358870543192
1 2 8 9 33620 1.0355148608574871
17 7 28 2 59653 1.06933987943419
13 13 28 19 73069 1.0317149632956208
23 28 9 3 121936 1.0198438529522516
9 18 26 24 84031 1.0030588935504126
7 1 7 15 51700 1.0831124205606857
0 1 13 20 89726 1.0018144204512875
12 15 16 5 54816 0.9477626222397575
28 22 12 6 96981 1.0958760534258611
29 3 24 8 41411 0.9707496723387556
20 25 10 16 56965 0.9414436961157351
22 9 1 1 71456 1.0442163639049162
16 5 21 13 39427 1.0080373516957926
12 8 0 0 62787 1.0372777952190768
23 29 7 16 91573 0.9129586612241769
29 26 7 13 117165 0.9611254725418501
2 18 24 25 94615 0.9718381161482624
17 22 9 25 36567 1.0001590985710638
27 28 21 17 68298 1.0756375296512553
9 0 14 23 102155 1.0098498125456496
13 25 19 2 94007 0.9541608749615471
7 29 2 9 67316 0.9916321194544846
19 4 28 17 79870 0.9611150464531721
0 23 10 24 42122 1.0815914338883743
5 3 9 21 59810 1.057178516172408
3 0 12 16 64044 1.0307657266064996
23 11 24 24 56153 0.9163423474234652
22 19 17 7 53011 0.9796532190284352
28 1 3 15 115506 1.0804355179874428
2 18 13 21 56791 1.0888117553906913
10 17 15 3 70309 1.057267516785503
2 26 1 12 39333 0.9774680250622285
13 13 24 3 73533 0.9143698125072341
14 21 27 13 71955 1.0998568255325898
28 7 1 22 104870 0.9870362588365832
17 13 8 2 58672 0.907699962014778
8 19 15 0 92246 1.0586638946619995
26 14 10 28 98359 1.0702645199911904
24 4 1 29 124098 1.092600828172677
11 12 27 20 78655 1.0561396193750394
0 28 3 6 64213 0.9710791765524341
3 18 13 12 52953 1.0328772508647517
27 14 2 10 73701 1.0759807009773714
20 5 1 13 67196 0.9273900141971441
12 15 2 20 45565 1.0526921755373984
22 1 9 26 121360 0.9826002566848819
0 1 6 14 49136 1.0911825503044839
22 3 25 17 73523 0.9958691744732442
0 26 16 12 80300 1.029132739319328
9 16 9 2 51102 0.9788298644445076
17 19 11 13 39579 0.9731942055378242
19 6 14 27 81074 0.9348759256407198
2 5 26 22 111472 0.9969326236572108
9 3 12 26 92828 1.076701926432758
21 5 2 14 77788 0.9637623533390536
26 15 2 22 83440 0.956765694593964
12 9 10 22 52893 0.9393761447665621
9 19 21 8 68000 0.9336833570895551
14 27 3 0 109164 1.0120019726296554
20 21 1 4 94077 1.0907978835187095
1 27 7 7 64483 0.9872022908698496
16 18 26 11 45422 0.9510748938436353
19 16 25 0 85943 0.9166804988623974
10 10 23 13 40333 1.0830221411967444
29 25 9 18 93182 0.9711288672891201
24 19 2 10 84679 0.9485308443400808
29 11 19 25 79412 1.0369701362165977
5 3 23 20 96281 0.9077577231036966
25 7 28 18 62552 0.9367927512458544
1 7 2 21 37790 0.9875890979995995
12 26 18 15 55916 0.9682258967395143
6 4 12 28 94368 0.9924154171420327
22 4 3 26 110539 0.9162265796516023
27 24 20 14 62184 0.9027290053621047
29 18 21 8 69500 1.0741417677282619
6 14 29 19 83088 1.0862006360952492
4 7 10 0 38956 1.0647486512773028
22 16 2 11 62480 1.0133383903699003
18 2 4 2 58903 0.957173323774936
8 4 14 29 115241 0.9585108056707297
0 1 4 10 35694 0.9981915171665428
9 15 12 4 49485 0.9750599508248079
16 14 0 3 70117 0.954233011604622
29 9 22 17 49287 1.0742952337965632
13 1 1 10 60860 0.9402684252094087
14 20 21 8 63295 0.9791375428723088
21 28 16 14 69661 0.9739461963433116
3 24 15 11 62114 1.097406403761081
11 17 6 25 44055 1.0638376636773028
1 21 24 23 86033 1.0767889943784454
22 19 8 4 85896 1.0513260411693819
15 17 2 14 46401 1.0227039477405122
0 2 16 17 77304 1.0514427890925675
24 6 14 2 52781 1.011943148006758
18 3 22 21 76702 1.0389466581497864
21 7 19 23 71741 1.0531584672217098
14 0 7 27 108572 0.9762198007699434
4 24 2 1 67062 1.04236577760754
2 25 8 18 40126 0.9625237451875259
2 1 16 18 79437 0.9598081384030355
0 27 27 27 107362 0.9395235269560888
19 11 23 19 46253 0.9370677882228086
18 27 28 22 52672 1.0536010573919932
28 25 5 8 116049 0.9427869057795503
20 20 16 3 68297 1.0369332720335152
1 14 2 23 26416 0.9372773492857251
23 29 8 3 130959 0.9350599880791199
26 14 10 1 87104 0.9121168309295712
24 25 26 15 51564 0.9350069451191723
6 15 11 7 40497 0.9582036557772614
2 6 21 18 80978 0.9132605050114506
10 3 22 13 64617 1.047691434329201
3 15 29 13 83195 0.905577541453796
6 10 19 6 44335 0.9056344907283302
20 3 19 29 104894 0.9553269578728214
11 8 19 1 46247 0.9478115978120235
3 17 21 1 97301 0.9354006985695463
2 25 17 8 80328 1.0369966924824836
12 19 22 1 91454 0.9116755920160888
28 24 5 28 91536 1.0431153431784808
25 7 2 18 92656 0.9350636316042455
26 12 22 23 58414 1.012055640865743
21 14 27 0 76655 1.0251540708134146
18 1 8 14 64474 0.924148965358711
27 24 19 1 112586 1.0075594401413486
4 19 28 20 91990 1.046583913795918
8 3 3 10 36981 0.9964901316125249
14 29 22 5 107214 0.9876668262247696
16 25 8 18 52196 1.0231538580837582
7 12 4 28 52917 1.0733039227482002
18 14 0 0 83962 0.9938884901306178
10 11 3 22 45313 1.0042116370258976
27 29 3 8 138093 1.0910907372317644
27 4 18 24 97421 0.9199087956774774
4 16 21 18 52495 1.003072231147706
16 0 0 29 121352 0.943543361564175
14 26 24 1 115686 0.9366217434758914
9 12 7 4 38025 0.9995134908095953
6 18 5 3 39112 1.0701896029493012
25 20 18 6 74364 0.9075412471753993
15 16 5 13 31230 1.092954690556138
24 2 3 17 105269 0.9513539771526826
21 23 4 19 72039 1.016613829632531
29 25 1 15 113401 1.0513603055677896
9 28 13 9 81845 1.033641502668823
25 12 0 4 79248 1.0911734045995674
12 10 23 28 96801 1.060382187260407
11 16 16 29 59523 0.9863954633528006
6 4 10 16 46039 1.036772450379127
28 20 19 17 55658 0.9725374247083173
17 7 13 15 43937 1.0157566177581692
16 23 11 10 59834 0.9473283949917585
21 7 23 21 70697 1.0728444921149096
8 1 21 23 110569 0.9631527524269903
6 1 28 12 85191 0.9461404233891377
10 23 21 15 57288 1.0618417596368055
19 17 4 2 77424 0.9344200894505774
29 23 7 13 102795 1.089060527037183
1 14 13 21 57362 1.0293152345882728
20 6 24 26 93851 1.0262416791378741
3 6 20 10 51778 1.0656541844871903
25 9 3 19 81788 1.037833597883171
22 17 21 1 75945 0.9931653552171904
28 1 13 6 63658 1.0671801817210917
25 28 22 2 122609 0.9491401096477499
17 11 29 1 70827 1.0376813903261646
14 5 8 22 76794 0.9105706054156643
11 25 3 1 82512 0.958129478009641
25 3 4 20 110578 0.987952743732069
29 3 7 4 94586 0.9148263418744383
28 28 5 18 112762 1.006332145491884
22 17 4 22 61816 0.9644264292519219
21 0 3 23 113943 0.9345443958742574
6 23 19 29 66275 0.9274631011893272
3 13 7 2 42678 1.0055941810022069
2 17 3 8 32001 1.0830090303253304
17 23 20 5 63825 1.017346967186176
12 13 8 29 76719 0.9890801827756484
12 17 10 2 67752 0.964540258349031
15 4 11 17 66757 0.9740090856290521
23 23 22 10 59751 0.9097922366578679
2 7 8 18 49877 0.9697017714510526
16 23 28 29 69033 0.9420328277600025
22 26 11 14 73149 1.023897903122557
8 16 1 19 22945 1.0095232254232365
9 11 17 25 61205 1.0728083170453502
3 2 13 10 54397 0.9019018394285432
5 26 14 9 61888 1.0806547023922095
2 21 13 2 94418 1.0466328082978131
27 12 3 10 65436 1.0797097948463037
29 24 13 29 83890 0.9310439326269739
18 4 1 7 51857 1.0580800537217168
3 26 26 10 97477 0.9731342007319461
14 10 4 3 49068 0.9509608670873813
8 4 3 24 67864 0.971670738622131
21 25 23 4 102390 0.9411620801897826
2 11 29 10 68596 1.0571448922968163
6 6 6 23 45883 1.0523183805455223
3 7 14 18 66302 0.9843193712389343
9 24 7 14 47858 0.956884757219959
1 7 13 23 74710 1.0067969501364806
11 21 26 9 83824 1.0121481143976594
19 18 27 5 75990 1.01077912289892
24 22 15 25 39901 1.0984111458392276
16 28 11 19 49232 0.9202322865481068
1 22 11 6 60833 0.9520614617058891
8 28 5 14 48210 0.9036264384849431
23 23 12 9 76941 0.9663591914503109
12 18 15 11 43505 0.9485557847910143
26 28 27 4 114427 0.9798774817930935
10 27 24 26 57183 0.906549411010034
13 6 25 18 73754 0.9536138071439952
22 20 29 23 34042 1.038446833470408
26 12 7 16 65012 1.06577560620297
21 3 13 26 106130 1.025305306947091
23 13 8 3 72466 1.0389533902678902
7 0 2 7 36793 0.9257735882818231
7 27 6 16 37049 0.925423903354111
28 20 28 7 69092 1.0291532951793954
11 4 29 0 80826 1.09942622374816
7 6 10 23 62055 0.9050225109736861
27 21 17 7 79434 0.9577360793812453
28 16 13 12 59098 1.0081162856142771
23 23 0 8 108327 1.088124156374159
11 27 21 22 53673 0.9119024601346973
18 8 26 4 44587 0.9530965887044098
9 8 27 3 72126 0.9537287757288302
21 12 15 3 49601 1.0881408912630965
8 13 9 4 33187 0.9850155376764393
26 1 19 9 52408 1.0323508107547108
12 21 26 12 82282 1.060437376063586
18 13 6 2 63833 1.0263599243574504
29 25 6 2 139890 0.9678889442611813
7 15 6 27 41187 0.9514730398987382
28 10 26 27 85825 0.9960325472485194
12 12 28 14 55320 0.9196782698713835
1 6 10 18 49533 1.0648913776478057
17 6 29 0 61290 0.9365952130130736
15 27 22 8 78267 1.0236397547735445
1 7 4 28 61437 0.9692613268759566
21 17 8 6 68536 1.0309845833044609
24 14 28 22 44773 1.0033837183357428
21 2 13 14 73526 1.05145357634243
11 2 26 3 68521 1.0296322078440323
10 0 26 13 83637 0.94535537858342
3 24 20 26 66267 0.955204217975488
22 3 6 18 93831 1.0769390710636526
20 29 2 5 121429 1.0641885378061438
23 18 3 5 86503 0.9265257721795958
2 26 12 15 58110 1.0607507569639725
3 13 25 27 107476 1.0163052309093246
25 23 4 20 81764 1.023517552280125
15 18 7 25 58447 1.099082265769496
3 19 9 28 51042 1.0367139680271376
18 4 3 27 99145 1.0093101670175122
13 26 3 2 98918 0.9988552313920662
2 13 29 15 88409 0.9988298282778127
19 22 3 9 79526 1.01670764923858
3 26 19 21 69460 0.9441009907855565
1 15 12 2 68994 1.028866163138629
12 20 0 3 82577 1.0549829054070543
19 7 11 3 41262 1.0933353581168894
22 14 6 26 80058 1.062199976081992
29 29 29 18 72478 0.9347523661230618
22 11 10 28 87332 1.0757504290894389
12 7 28 2 74312 1.067388083914422
10 28 19 23 50320 0.9987264484576879
7 25 17 24 36103 0.9398177214619009
15 11 14 20 46793 0.9348036207614876
3 9 2 23 43809 1.028727726344001
17 6 14 28 81739 1.0734541647990588
4 24 12 13 52165 0.979040059231965
17 10 2 26 78396 0.9276131263273342
14 16 17 7 35761 1.092372838844752
20 4 14 10 39774 1.0545813888520472
0 10 12 4 52768 0.9674638005630455
10 1 10 25 90046 0.9336093994036223
25 13 15 10 35698 0.9587623780491394
9 28 12 17 56449 0.9314908711594877
18 17 12 29 67822 1.099009371349228
10 2 1 14 56921 1.053901834411933
5 6 3 26 52849 0.9253838701385323
14 4 26 15 74773 1.0532665209400611
18 7 8 8 35578 1.0220640368832945
13 12 1 26 69775 1.078924862278104
4 9 19 19 67183 0.9968320686318619
8 5 19 19 73981 0.9983654502746504
9 24 26 10 91808 0.9354393049611681
21 27 22 2 113067 1.0234103578113949
16 13 23 4 56048 0.9283271256239921
13 0 0 13 77469 0.9505804370202765
25 5 22 27 101369 1.0038609738585689
27 10 18 17 47690 0.9521335151270538
1 20 7 12 37552 0.9977723310528079
13 7 4 15 51486 0.9363068691501469
6 25 19 2 103689 1.0263271374993372
18 15 7 14 43500 1.0492932211955586
2 3 22 24 118452 0.9822355424488136
18 0 9 17 77892 0.9670448110788423
28 28 21 2 141685 1.011494225486854
27 16 21 1 80347 0.9281461971983532
0 8 14 20 78773 0.9245425890776848
20 12 4 15 52546 0.9677733313242007
17 16 4 13 40705 1.094282717057829
4 3 16 1 49406 0.9117417809286045
21 25 1 0 119436 0.9988313342176683
14 25 2 28 55402 1.0110720612877035
6 8 28 13 68198 1.0617541325512883
29 2 2 19 133020 1.0286865973498667
6 24 4 7 46677 1.0605836723912487
24 27 20 7 93903 1.0491608108030932
0 16 15 16 33602 0.962700138719197
1 25 8 8 58041 1.0962433677322723
27 11 22 26 74155 1.028319843068028
11 17 14 26 55787 1.0273896506730926
20 17 13 6 51064 1.0525822707676178
29 1 25 15 75774 1.072670144229776
7 29 19 26 66715 1.0054451263843849
10 20 10 8 44156 0.94532861024406
23 5 5 12 69323 1.0653783050022014
26 25 14 27 48000 0.9500497044326712
1 25 13 3 93373 1.0530441998666156
21 28 5 5 115276 0.9074092310112343
12 4 25 23 106086 1.042601535204208
17 18 9 27 57038 0.9718825387671427
23 9 22 22 57413 1.0336836126913287
26 28 16 10 96223 1.086392841542647
21 25 25 19 41270 1.0770605916482927
19 16 1 23 59228 0.9429636562799102
5 15 22 10 54300 1.0264374113027532
13 20 18 28 50311 0.9247785524896942
4 29 15 15 66128 0.97422248159429
15 28 26 17 79725 0.9675164524111057
9 24 22 4 104905 1.0989057326176777
2 9 28 5 83878 1.0725406172803569
20 13 6 23 66181 0.9684449457666602
28 0 3 4 104258 1.0334873711257628
19 0 8 2 46387 1.0650388666433477
21 6 24 23 80515 1.0957814237397534
3 7 16 17 59484 0.9151975225078078
0 27 11 18 63029 1.033197036697762
14 29 23 1 124394 1.0807461304136026
23 10 1 21 77484 1.008093267039851
0 25 2 16 29377 0.9809437239731504
17 26 6 1 99703 0.9145301024489109
4 15 18 11 43070 1.0664893571938525
13 15 1 15 36280 0.9642449536839279
27 23 12 27 68088 0.9527642819889637
6 20 18 21 53252 1.0302470871362714
16 13 7 1 62003 0.9544138726930046
5 17 5 2 34104 1.0397007452893396
15 11 11 28 77180 0.9171656012432828
21 16 12 24 57589 1.053524451214024
0 2 15 23 99561 0.9058362660763644
28 10 16 18 55345 1.0427676580961982
4 1 25 24 124096 0.9242677727549536
9 29 25 1 143065 0.9449028617760558
26 10 7 19 80020 1.0605590162180525
21 10 4 22 70572 0.995154984797659
26 17 6 1 101768 1.0750891534734808
27 9 12 13 54842 1.0062706490907378
6 14 21 23 73313 1.041961595080854
22 2 7 16 88233 0.9260791791053583
2 29 16 3 112607 1.052129519618612
12 26 5 6 73448 0.9575712942034991
2 26 8 1 81749 1.0340674650027981
23 2 19 19 88840 0.9323713571280414
19 9 24 16 39730 1.0156006350059763
25 19 9 8 77270 1.023132904685253
3 2 25 2 91193 1.0826825015905903
10 15 7 3 56869 1.0829714770673562
27 4 14 4 58562 0.9679334689664394
24 4 13 21 97439 1.0977768891203432
0 11 22 14 62511 0.9095617103069723
19 20 7 15 55136 0.9353189122691772
5 17 29 10 76662 1.0966198153681
2 16 10 22 35459 0.9327526820446871
4 1 22 21 99287 0.9418239691923449
23 12 5 18 62958 1.054256224061089
29 29 3 29 131858 1.0439365070824371
24 29 11 22 65450 0.9612545553431878
17 28 4 18 72031 1.0759031645952546
8 28 15 15 69052 1.0203596821564065
19 7 5 22 73448 0.9847599210942741
24 3 17 9 44438 0.9383506747219483
13 8 27 29 118489 1.0346164142824887
23 8 12 23 85299 1.040485601664708
10 3 20 8 48166 0.9952896714112781
29 2 21 13 77172 1.03420469264587
19 26 2 12 92403 1.099594888577919
8 6 16 0 44590 0.9537908337526673
26 8 20 19 65135 1.0518282897424436
23 12 3 19 74280 0.9305603936438172
23 3 4 18 101788 0.9641720674125026
8 13 0 29 66250 1.0612350634098175
29 11 9 27 104053 1.0982869414763645
28 0 4 9 100774 1.0083730941489888
3 18 0 26 34621 1.0869204444433467
4 6 15 28 99166 0.9374640169699646
24 3 19 18 80169 1.0449770293332157
11 19 12 29 51712 1.0074434575029225
5 26 28 11 88431 0.9667405295103522
18 22 29 25 51786 1.0913522183221005
8 26 20 23 51473 1.027653926559741
13 10 25 13 41631 0.900150923210199
27 2 22 24 103129 1.0955697925048309
28 12 14 2 77317 0.9930382125458659
27 20 11 22 62544 0.9331559069007564
21 24 8 1 116022 1.0295986277832345
5 27 2 0 73803 1.0137818576778925
24 6 12 29 117368 1.0481127628760896
10 21 27 1 115768 0.937088544250555
12 15 26 8 70383 1.0652980079565353
12 12 11 23 52642 1.0686329970764803
2 26 15 5 93110 0.9292496959762839
13 17 0 4 65715 0.9689823575611989
17 26 20 0 92590 0.9838479039131254
8 9 26 28 115599 1.0453623764173776
22 2 3 6 70697 1.0828882107650004
0 16 19 19 58752 1.0627609649917569
11 6 24 21 86107 1.0706516776775326
20 20 10 26 57986 1.0434009317808732
14 20 24 7 74586 0.9757973957178224
25 13 0 20 87979 0.924726208541152
4 25 19 8 80786 1.0227447752798058
8 10 17 11 22883 0.9951752725576104
21 16 9 7 54279 0.9352538119994743
21 24 15 8 76520 0.9447202293442927
4 19 28 19 85355 0.9390234422405759
27 10 8 5 66281 1.0706608561942035
23 8 1 4 70366 0.9735776302536341
18 2 29 25 121408 1.0790693515675507
0 3 27 27 148697 1.057326843575032
23 19 10 10 62035 0.9331165431192554
17 16 19 3 48708 0.9607308416312248
6 16 18 16 27470 1.0435677106201395
7 24 27 4 121641 1.0534798057689256
15 26 13 16 48762 0.9376881444933707
20 0 13 17 78030 1.0981010168301237
0 0 19 17 94101 0.9614988749038593
28 15 29 4 60065 1.0083854662373852
9 8 1 4 31636 0.9746777912584149
25 19 13 17 52098 0.9715043810921147
7 26 27 13 103555 0.9426498685743847
23 26 15 20 52648 0.9245185196586833
0 10 28 23 111881 1.0518479468701896
11 15 3 2 62151 0.9843047879358291
17 16 27 29 82012 1.0921154893403153
23 29 27 10 90941 1.015600498286311
12 25 14 2 106007 1.0645643400667928
20 6 15 27 80195 0.9499595657647647
11 21 19 2 92434 0.947868693582283
23 23 5 17 76528 1.069217187356671
9 12 26 2 86675 0.996085942722778
16 7 2 25 80682 1.0785827636925582
17 16 5 26 51421 0.9454997695965033
0 5 15 16 58757 0.9222470082648582
1 25 27 4 121805 1.0706396513048209
13 5 21 24 91304 1.0756337328594172
8 1 3 23 68662 1.0619651610994014
0 8 6 2 33207 0.9882301858564144
15 20 6 14 51075 1.0842403888432277
18 28 2 17 82255 1.0790285702888955
17 20 20 12 34943 1.0506399804470152
11 22 5 16 32517 0.9309650291499497
10 3 7 12 43683 0.9630715902016078
5 0 23 7 68893 1.0868158364767937
5 2 24 0 76918 0.9315693792435881
29 29 10 5 147456 0.9383767790663716
22 18 14 8 55851 1.045332460444396
19 3 28 9 50270 0.984333558405974
19 28 11 12 80498 1.0227919197510722
8 19 24 16 53406 0.9224802082281217
7 15 5 23 26991 0.9690584004052387
3 28 2 4 71879 1.0933291399453047
6 6 23 10 59335 0.9918409834222546
14 11 5 12 23384 1.0632944993734386
23 27 1 26 84635 0.9433869591690859
10 15 16 26 55665 0.9438452975766228
13 9 27 0 74299 1.076725403935765
23 2 20 17 77780 0.9257027258662255
7 13 25 21 86146 1.0282077516074832
0 27 7 6 68349 0.9409128797995903
19 25 21 16 45117 1.0656701108516755
26 14 11 0 89341 0.9919561383180793
13 7 19 0 42470 0.9594030318724699
17 20 11 8 52720 0.9599443690570967
24 23 29 16 44240 0.938998581955974
29 18 26 29 68495 1.0523079880572281
14 0 13 11 53798 1.0891562556977827
11 15 18 18 31119 0.913371046890027
22 1 26 17 83469 0.9261588453045453
8 27 6 3 75157 1.000550039117379
24 15 3 19 65981 1.0386311677326068
17 10 29 16 51492 1.0591775811351658
19 3 29 3 55742 0.9948956542376818
24 28 4 19 93159 1.05771638433562
8 18 16 7 56843 1.0119757101502471
14 28 20 7 88039 1.0115059363371033
5 16 5 26 22029 1.0599418433061543
18 5 28 28 120138 0.9170934752491312
3 27 17 8 84709 0.9879944922416616
0 29 26 4 140284 1.0581746580203792
7 13 11 22 46069 0.9429255716675137
5 22 25 10 76340 0.9281739388335667
1 17 20 16 47240 0.9103289067009734
27 24 5 3 120864 0.9918077510673035
23 17 0 27 93240 1.094245746345913
19 27 13 12 72769 0.9524175700492334
12 24 5 8 65332 1.030426181196582
18 0 26 15 79356 0.9494399898443402
28 11 15 26 80307 0.9537203907631524
3 20 3 5 49990 1.0190964860858986
6 23 18 23 47315 0.9072693326933491
4 8 28 28 135284 0.9308123264855347
11 26 26 10 95750 0.9245124617904251
12 13 17 20 43241 0.9136841700502322
5 9 11 28 72007 0.9618953404421443
14 28 26 16 76183 1.099411395764372
29 11 17 7 40895 0.9935853354297404
23 18 0 0 109502 0.9032801090171704
3 16 22 20 63867 0.9329682809126151
21 16 3 7 69221 1.0328197604269198
0 21 28 28 125558 1.0751874097975869
13 12 27 4 67340 1.0532963340898953
3 5 22 27 113429 0.9337158349839652
27 19 15 2 95897 1.0333700277974667
27 9 18 25 77576 0.9557032379789918
19 7 11 5 30235 1.0554136027371468
3 18 28 16 74067 0.9782875324192546
4 7 26 16 78884 0.9573796148216938
9 13 24 7 56303 1.018938355724304
21 12 1 24 83013 1.0067983578059785
19 22 8 21 43870 1.0348471919174693
14 25 18 1 86077 0.9546871222803738
17 7 25 11 31428 1.0421948205029514
16 19 24 17 36566 0.9366084922804543
14 20 9 2 88275 1.0106540876917338
24 7 15 3 44634 0.9616254913560135
14 14 22 27 71308 1.0118096053167538
20 19 5 17 49990 1.089258041354027
1 13 18 1 74141 1.0632538121265434
26 6 1 0 86272 1.069247950899356
0 28 4 3 75676 0.9931565798987523
15 7 3 18 69083 1.085887630814727
26 17 5 7 85045 1.0715496689020405
11 7 16 16 46907 1.0985349062110263
0 12 4 2 38596 1.0323256272695085
14 6 7 24 78377 1.0277429241443017
0 22 6 2 61342 1.0634438460161881
0 9 18 6 53760 0.9334564911808789
6 15 4 27 36819 0.9482190767459003
28 12 16 15 48872 0.9087752629860516
25 20 1 11 88888 1.0629641410366113
26 2 9 16 102273 0.9803981950928398
29 10 10 26 102515 1.000177759181386
20 3 4 19 86720 1.0542647551854845
4 25 25 2 124848 1.0335190752799421
9 4 17 12 43860 0.9365288663558836
23 23 12 1 107119 0.9049502782250395
8 21 17 28 53841 1.036980545283254
16 6 20 22 64274 1.0615055426369657
24 28 29 10 87876 1.0871820647551262
22 4 7 8 60744 1.0791997249822163
28 5 8 6 62747 1.0956580923560786
1 29 14 8 84767 0.9534927184098042
3 3 21 25 110344 1.0373856399517618
3 29 16 10 86290 0.9448892770033361
9 21 1 2 70337 0.9779242544618246
5 21 9 11 33621 0.9054916578605746
25 26 29 0 129301 0.9877927850802335
1 16 5 1 40437 1.0369723264622523
7 24 15 8 78324 1.0614361672397563
29 5 24 19 71541 0.9438960315735032
17 17 29 6 67356 1.0467019113648872
9 11 21 16 42094 1.096793470828175
12 2 28 28 151151 0.9421001738344362
29 1 8 5 83923 1.0691764953942444
27 6 26 23 79628 1.0887040399914956
10 23 20 16 48734 0.9795754219182665
3 25 29 5 121766 1.0475130023007087
15 6 24 27 93586 0.9683222118859398
13 9 3 2 48537 0.9652213765835504
3 14 9 27 55618 0.9485741584875658
13 10 29 14 59139 0.9950913026442242
3 0 29 15 110503 0.9300732428978866
19 5 20 24 78830 0.9366498824362413
2 21 25 4 113740 0.9432170188273589
7 14 15 2 75509 1.0365522353225813
20 0 24 21 98304 1.036624009504326
6 27 13 14 58905 1.0289761740356447
0 21 13 8 68442 0.9604741224838254
20 20 21 0 91667 1.0267842715676248
0 1 6 29 84861 1.0148814066508687
19 12 6 7 48258 0.9381947300567582
2 27 12 28 54725 0.9628200716300257
21 22 23 3 92530 0.9486418555502742
27 7 21 20 70365 0.9344794503734006
20 18 29 5 79076 1.0509076334207292
15 2 20 14 59800 0.9859400128150988
9 8 1 27 63823 0.9328339673855294
15 21 2 26 63165 0.965855478100473
16 20 22 14 39762 0.9249462658475758
28 6 11 24 107448 1.0076812542261986
29 29 23 3 140761 1.0024169173540058
1 8 13 3 53426 0.991430814913897
6 12 25 1 89658 1.0684676112492055
0 11 18 16 51860 0.919722824639193
14 5 18 12 34642 1.006134490459613
17 13 26 0 76084 0.9591920012230922
0 21 21 22 77199 1.0549179531632866
10 27 8 13 56966 1.0979486473279993
23 0 20 17 82739 0.9743454020166011
13 5 29 26 122975 0.9240877408830791
16 0 5 19 82097 0.9878588519229317
19 5 24 18 66740 1.0729336652942973
21 16 11 6 56273 1.0154392077765308
15 20 27 13 62170 0.9375390572170514
25 14 18 19 44880 1.0863224655200505
16 10 14 26 65671 0.9929265910368376
26 22 18 10 68449 0.970528598233111
25 22 8 8 88212 0.9389427568814515
11 27 26 19 85111 0.9740520994866652
9 22 24 2 110927 1.0895714121479796
20 21 5 2 91320 0.9908865286786526
22 18 4 29 86962 0.9738941979447491
0 1 24 11 80746 0.9083588135205071
27 16 12 13 58925 0.9442530741082786
9 20 17 27 50047 1.0314895466816096
29 20 3 8 112697 1.010428732742004
13 29 24 25 56301 0.933867131214821
13 4 4 19 67619 0.9318505399509087
24 15 21 1 68904 0.9892048474874766
25 11 4 18 69017 0.9115254319338468
20 0 24 24 111841 0.9610580208786906
25 26 19 4 105285 0.9796475647373939
18 24 24 18 44954 1.0215457642251322
4 19 27 17 71680 0.9525474653842063
23 10 3 20 78747 0.9329435906511495
22 12 15 7 33499 1.017095398665675
8 24 28 2 136674 1.0885501748180684
26 16 19 8 51436 0.9681134609039456
27 29 13 10 112814 1.0078834172559397
6 23 7 14 35405 1.0123651193319079
27 1 23 23 103811 1.062098490958563
29 22 18 29 64755 1.0678574158887897
1 13 24 29 109995 0.9998876534059804
12 20 3 8 63232 1.002667846916596
4 15 4 26 31653 0.9635274166206591
24 28 19 7 97557 1.0156316949662558
28 7 2 14 90250 0.902034273742253
0 3 5 18 49026 1.0580471677345393
18 3 2 7 58275 1.0807090350666393
27 29 20 5 121617 1.0909750579778643
21 17 26 3 81895 1.061454970263497
14 12 22 6 45170 1.0539677935758032
14 3 10 29 112127 1.0604733025761262
5 15 19 21 59492 0.9918624495569632
28 17 17 18 42594 0.9682283983522473
19 23 27 25 38915 1.0415133571545834
28 8 8 3 76368 0.9450795455874422
13 0 10 13 64476 0.9544185833188692
7 7 28 3 81936 1.0271854610565063
6 19 18 22 52002 1.014364954559954
14 22 11 5 76855 1.0697470905433137
12 17 2 5 58607 1.0046553051690439
17 0 18 28 89861 0.9081669658852087
15 10 11 18 45012 1.0174821965250733
28 11 23 17 40434 0.9336460349834041
20 28 8 7 101408 0.9404147230116304
5 20 2 5 43019 1.0839577737115904
23 25 25 4 96854 1.0302923702975748
23 17 4 21 67900 1.0497437045705715
2 4 28 27 147040 0.9422360036085972
15 18 2 20 59359 1.0094349354616308
12 1 4 22 78245 1.071036765530915
28 24 21 21 36062 0.9783042145252983
16 18 3 8 59939 0.9596903618705193
10 15 23 4 75080 1.0057958167851444
27 26 7 28 88691 0.9066315877805214
22 8 5 19 68145 0.9406419016148788
18 1 7 13 63341 0.9611805580410866
6 4 16 6 35592 0.9349647580419422
4 21 15 26 57655 0.9441247868858735
16 3 1 11 63541 1.0670083582846104
20 23 24 8 71718 1.0914786247629382
12 17 6 28 55331 0.965519864077766
20 0 0 9 80654 1.0497381494325704
9 15 23 1 83622 0.9947831622992243
21 24 5 14 80639 1.060963100112136
5 1 9 7 26896 1.0498873873073635
9 15 25 9 57645 1.0462619916384814
19 15 10 14 36049 0.9293038906975859
27 1 18 18 90870 1.0242315352784503
13 24 22 13 70421 0.9144642051148549
11 4 4 8 32661 0.9346306287583456
3 23 12 17 45623 0.953533122138257
20 26 8 5 99618 1.0770958710066474
7 16 19 25 60489 0.9500402490526667
21 1 8 28 129194 0.9674639478320632
3 4 12 14 55098 0.9579142229571889
11 7 26 3 67769 1.0939336636465866
10 17 19 10 45654 0.9285970187313238
24 21 29 2 99766 0.9485342295179213
29 18 28 4 75301 1.0417050168364907
17 27 2 11 83044 0.9445826679179943
2 15 25 23 91437 0.920771988948803
15 3 13 15 65594 0.9143278060467832
0 23 20 22 71994 1.0063980823568623
24 29 25 2 118458 1.087253126772385
22 19 19 10 47059 1.0865995934428172
0 5 16 9 47866 1.0377296354179735
12 12 17 27 65741 1.0357676088592067
12 27 9 11 69709 0.9318147298325985
8 20 22 9 71375 1.001420194459994
15 3 17 21 65865 0.9307487573344054
16 19 17 10 31097 0.9101345219312239
16 25 26 2 112554 1.0416617333917784
5 8 12 15 42640 0.9108385747336164
15 28 8 24 48026 1.097480235983146
16 21 8 19 37564 1.0144780120114774
16 23 3 9 74712 0.9692480271730388
17 8 4 0 55281 0.9846291338487313
17 24 21 9 55184 1.0683841596265342
4 27 0 5 64040 1.040581159012473
17 21 7 6 70193 0.9796430797394953
9 6 17 9 29296 1.0284926606114042
20 5 28 29 127905 1.0184732771400273
0 10 13 26 79018 1.022286284152595
8 4 18 4 40927 1.0104325831164938
6 10 25 1 82040 0.9394257656532082
22 11 2 24 83096 0.9483712463590924
10 20 29 28 99125 1.0783687882282533
21 14 26 20 47605 0.9396693927449566
26 2 2 10 103490 0.9529423483742894
26 27 22 13 74601 0.9191516991973324
18 16 28 23 56389 1.0113425706877337
28 21 2 17 98917 1.0907809974236504
15 3 26 18 87042 0.9926645748494505
0 0 23 23 129777 1.0798291299541711
21 14 24 28 66347 1.096017746723718
24 2 11 13 74083 0.973862026449142
15 16 13 0 73043 1.0663813457429594
16 3 22 8 36913 1.0992519652851924
6 29 26 25 79771 0.9984460927640614
17 12 27 4 55477 0.9732001952751493
17 12 3 2 62286 0.9070805322731899
3 24 22 28 78688 1.0209858847786286
8 6 22 2 58088 1.0777570593553247
27 6 17 12 45434 1.0958620760947435
26 16 10 19 53654 1.0360912638846143
15 26 17 10 57663 0.9338776542698934
11 5 25 14 67708 1.0367811308371737
6 28 19 20 70689 1.0272422227130675
25 13 12 28 93694 1.033680793386703
13 11 22 27 75511 1.0858362073028323
17 0 3 12 69188 1.0990527390240368
26 25 1 11 108640 1.0862308895944341
4 9 20 2 66968 1.062904302826505
4 1 5 11 24721 0.9185960045277369
16 18 23 21 40785 1.002920745493513
26 12 23 22 52437 1.0641633203673886
13 8 22 15 50940 1.030788277680365
15 5 4 25 82007 1.00185175447949
28 23 13 22 55437 1.0363813639404158
3 1 10 6 33211 0.9082630322161919
28 15 4 26 91111 0.9101957399393673
11 11 7 5 31573 0.9299446658297537
11 5 21 8 41793 1.0469075458388946
7 4 21 10 61753 1.0263828181944428
22 25 0 19 88588 1.0172583280323924
16 15 25 8 51096 0.9975583840805107
22 24 21 8 73706 0.9065406432898349
4 6 2 23 51194 1.04251542443446
1 29 2 19 29648 1.0420295100489734
28 4 6 6 74898 0.9213053331285902
11 15 22 23 61109 1.036572551660103
16 12 24 20 50538 1.072758129762589
3 15 6 6 33324 1.0570621747123292
6 1 8 21 64732 0.9694506516192735
24 22 5 13 79311 0.9147995071320012
8 6 24 0 69104 0.9768977036308215
0 24 28 4 130067 1.0291649679570791
20 15 29 14 43494 1.0678122859267845
15 17 18 1 62695 0.9929065701022236
17 21 10 4 71828 1.0450249090990569
17 11 28 0 74743 0.9365035090204222
27 5 10 8 60133 0.9616543229991976
6 17 24 24 80304 0.9158284840484703
23 29 4 0 136999 0.9896853511499201
3 27 0 5 63065 1.0653761340087429
14 16 20 24 48021 1.0912710022117558
6 21 26 7 99401 1.0283896519769673
13 21 19 5 75981 1.088357101750732
22 20 14 29 62669 0.9489461818472861
13 9 0 14 43144 0.9412268918072434
19 25 5 12 76175 1.0543206186571292
22 24 26 11 62444 1.0245125625517542
23 7 12 11 43427 1.0381312679215595
13 4 13 15 66925 1.0003325587805227
23 19 28 1 89349 1.078799692382453
3 5 7 16 36922 0.9515358306925666
28 9 24 28 86133 0.9891913005451721
3 6 29 20 113850 0.9167007851169232
13 23 28 3 115265 1.0777611140004109
12 15 23 23 64439 1.076790289751807
4 8 14 10 35845 1.0974491521368426
15 1 0 28 114943 1.0630931953553167
18 6 12 22 69137 0.951456446117522
7 3 25 19 107096 0.9076062781500107
0 18 1 4 36806 1.0431076380987896
28 27 17 28 57923 0.9572769225600473
17 9 29 26 98148 0.9724453419867379
1 28 9 6 70683 1.0462167023698337
11 18 0 29 69430 1.0966135966455932
24 25 9 11 84058 1.099115012627652
22 27 12 1 113770 1.0269948333948578
10 4 1 5 33587 1.064680839793673
8 24 23 23 65898 0.9419458360100096
16 19 2 29 82494 0.9694829080487617
0 12 29 13 78123 1.087833600988014
5 4 7 26 63172 1.0113476519795093
21 27 11 8 92571 1.0924331086933186
3 13 29 10 71729 0.9242617805939125
24 6 7 27 111322 0.9774731391387881
14 7 0 2 57905 1.0046642936175392
19 14 2 13 59585 0.9469785296955493
27 10 8 9 51057 1.077652401553533
7 21 12 26 39795 1.0813878059073776
5 25 19 22 56968 1.0224146554559101
9 16 26 3 97542 0.9534368470537242
26 1 10 7 66086 0.9039688751442284
28 18 8 12 80905 0.9896189817486596
9 18 13 2 78492 1.0633186944306372
20 2 15 14 58916 1.0105743927626325
2 16 13 10 46730 1.050048857211021
13 28 18 18 55632 0.9762639703316377
14 4 22 0 49274 1.0983706736611973
9 26 20 22 53555 1.02593888886758
28 1 21 21 104352 0.9953366218151998
25 3 6 6 71577 0.9773707273495646
18 3 14 22 72864 1.0173912009257926
20 18 18 7 44864 0.9370837706106686
7 21 20 5 88424 1.0019084897695965
28 14 2 27 108369 0.9908754543812754
8 11 23 21 72653 0.964562829501161
12 24 23 14 74857 0.9150006939377696
1 5 15 19 74704 0.9119894660781754
