8225 7680 8365 8031 7905 7970 7860 8344 8181 7642 7680 8248 7895 8340 7889 7927 7694 7943 8186 8092 7599 8208 8300 8391 8069 8207 8038 7825 7584
4737 4763 4475 4572 4681 4799 4561 4821 5087 4690 4990 4829 4595 5201 4539 5019 5123 5173 4580 4819 5081 4691 4747 4505 5250 4475 4860 5092 4721
3716 3601 3589 3302 3630 3963 3285 3958 3945 4115 3345 3933 3706 4107 3696 3686 3780 3440 3271 3953 3888 3313 3729 3758 3373 3464 4038 3257 3759
5773 6064 5702 5709 5896 5602 5806 5910 5839 5407 6002 6188 5435 5588 5695 5686 6162 6198 5723 5406 6195 5923 5487 5999 5475 6101 5663 5789 5943
3641 4161 3532 3436 4064 3460 3730 3342 3754 3509 3872 4067 3983 3975 3770 3415 3499 4157 3908 3408 3523 3673 3346 3944 3622 3406 3725 4029 3673
2172 1855 1747 2272 2118 2308 2102 2314 1673 2064 1994 1739 2262 1999 1975 1596 1720 1616 1878 1913 1889 2372 1824 2136 2119 2403 2382 2361 1751
4792 4039 4247 4435 4648 3982 4589 4042 4571 4065 4014 4060 4551 3961 4099 4438 4024 4261 4353 4535 4008 4517 4359 4080 4062 4402 4060 4476 4122
4516 4506 4279 4431 4092 4151 4462 4668 4250 4149 4726 4096 4403 4485 4623 4793 4143 4456 4812 4632 4690 4337 4321 4185 4281 4363 4600 4219 4439
2760 3377 3269 3291 2878 2586 3366 2908 2997 2949 2800 3327 2654 3099 2848 2738 2588 2645 2656 3355 3217 3307 3318 2594 2854 3262 3219 3317 3304
7223 7190 7292 7076 7499 7401 7336 7259 6746 7040 7485 6709 7394 6982 6923 7323 7499 6844 6701 6783 7205 6703 7463 7147 7029 7225 6820 6716 6821
8261 8519 8408 8610 8420 8342 8282 8898 8374 8645 8795 8180 8707 8130 8917 8943 8600 8409 8100 8468 8511 8534 8498 8758 8376 8149 8848 8494 8153
5671 4985 5038 5777 5364 5098 5206 5447 5300 5246 5141 5774 5290 5388 5475 5228 5292 5543 5347 5240 5442 5653 5690 5384 5718 5092 5289 5545 5251
1522 1360 1801 1447 1669 1138 1831 1339 1295 1156 1851 1359 1534 1437 1822 1829 1809 1464 1812 1372 1745 1680 1132 1305 1874 1709 1241 1823 1063
7706 7493 7397 8062 8059 7762 7609 8056 7684 7344 8001 7464 7781 7873 7962 7638 7541 8002 7334 7385 7845 7425 7577 7216 7753 7253 8015 7935 7673
8408 8154 7714 8418 8348 8453 8406 8497 8247 7905 7744 7832 7702 8057 8467 8283 7825 8106 8130 7733 7910 8088 7878 7864 8369 7980 7808 8017 8427
1505 2058 1897 2263 2270 1498 1866 1803 2008 1533 1696 1800 1994 1960 2038 1933 1813 1936 2275 2217 1641 2103 1894 1517 1874 1645 2163 1655 1671
7929 7692 7582 8014 8149 7895 7995 8143 7460 7814 7325 7504 7978 8037 7643 7956 8150 8005 7986 7958 7469 7841 7869 8029 7899 7638 7865 8025 7404
4325 4002 4660 4288 4038 4257 3968 4705 4359 4333 4358 3984 4054 4602 4052 4070 4687 4174 4023 4601 3933 4355 4503 4719 4362 4152 3902 4060 4324
1819 1584 1289 1655 2109 1800 1754 1561 2058 1555 1947 1731 1794 1846 1962 1941 1436 1618 1525 1930 1404 1951 1329 1502 1361 1655 1493 1804 1755
4983 5097 5608 5207 4919 5493 5392 5459 4913 4873 5518 4964 5649 5527 5448 5036 5336 4854 5393 5025 5127 5469 5409 5112 5002 5149 5668 5524 5368
5707 5545 5943 5619 5679 5203 5870 5722 5937 5679 5150 5333 5155 5597 5609 5740 5409 5811 5108 5309 5442 5346 5368 5560 5769 5385 5112 5127 5456
8107 8443 7864 8351 8305 7764 8532 8054 7947 8308 8294 7891 8511 8474 7774 8110 8476 8072 8235 7761 7748 8084 8356 7839 8505 7815 7839 7749 8548
7300 6644 7295 7239 6664 6591 6539 7006 7372 6533 6614 7128 6751 6969 7005 7000 7101 6985 7173 7209 7151 6980 7356 7066 6894 7108 6974 6635 7198
1676 2086 1867 1575 1676 2372 1696 1787 2079 2403 1953 2338 2190 1899 2322 1625 1642 2289 1754 1662 2090 2185 1726 2140 1991 1677 1618 2302 2306
3651 3759 3504 3838 4251 3596 4095 4279 3646 3866 4005 3856 3976 3977 3876 3629 3723 3643 3893 4065 4002 3669 4054 3711 3572 3514 4302 4199 4290
7273 7250 7261 7161 7535 7452 7254 6882 7222 6944 7061 6982 7492 6904 6996 7081 7504 7193 7513 7399 7218 6992 7496 7214 6907 6827 6817 6810 7008
2345 2109 2436 2117 2207 2151 2180 2429 2514 2587 2238 1927 2052 2443 2493 2697 2555 2354 2620 2022 2089 2680 2304 2335 2004 2228 2701 2101 2594
3908 3304 3245 3808 3191 3154 3703 3705 3695 3500 3498 3047 3895 3618 3705 3755 3547 3163 3524 3431 3057 3475 3298 3727 3798 3676 3588 3624 3579
7851 7269 7731 7577 7900 7126 7295 7127 7115 7511 7186 7444 7726 7664 7371 7638 7134 7213 7793 7616 7466 7896 7732 7123 7847 7775 7382 7093 7785
6736 6426 6825 6442 6248 6628 7039 7040 6796 6266 6240 6463 6416 6400 6245 6797 6760 6698 6605 6576 6683 6522 6750 6950 6363 6451 6642 6537 6872
2486 4939 5173 1307 3665 4330 5606 4511 6107 7074 8030 6124 4086 4420 3206 2776 1851 5527 3689 5091 1627 8833 4558 5019 6379 5606 6003 7390 6409 3444
1992 4871 5050 1433 4107 4021 6311 4531 6015 6916 7915 5797 4378 4870 3166 2348 2132 5260 4183 4909 1683 8595 4053 4938 6832 5428 6300 7096 6200 2964
2624 4770 5353 1881 4107 4383 6302 4761 6520 7064 8137 6112 4633 4250 3949 2409 2327 5671 3737 4634 2066 8236 4716 4695 6883 5972 6023 7687 6819 3197
2591 5530 4779 2041 3734 4537 6282 4828 6227 6428 7855 6157 4356 4802 3847 3131 1946 5675 3716 4593 1749 8556 4307 4671 6330 5436 5989 7003 6493 3143
2094 5252 5403 1391 3864 4064 6030 4518 6003 6424 7732 6329 4598 5092 3435 2620 2239 5464 3850 4589 1508 8145 4299 4687 6934 6056 6652 7334 6299 2821
2473 5406 5221 1667 3567 4006 6022 4497 6405 6776 7665 5678 4002 4425 3612 2701 1802 4992 4370 5030 1778 8053 4531 4779 6615 5537 6025 7211 6974 2836
2025 5286 4988 1771 4103 4695 5679 4868 6391 6538 8086 6322 4279 4558 3363 3116 2243 5473 4407 5248 2337 8255 4363 4595 6378 5579 6483 6987 6826 2911
2064 5543 5124 1704 4055 4404 6354 4760 6506 6408 7956 6449 4637 4765 3718 2494 2262 5234 3615 4629 2344 8599 4209 5142 7049 5342 6582 7042 6889 2904
2280 5295 5124 2072 4017 4279 6107 4334 6046 6686 7852 6031 4187 4982 3811 2918 2324 5308 4190 5335 2339 8488 4434 5289 6558 5957 6402 7473 6921 3413
2288 5338 5285 1446 3585 3954 5674 4799 6662 6949 7967 6409 3941 4348 3636 2361 2277 5232 4050 5167 1642 8082 4547 5153 7060 6027 6113 7108 6287 3562
2071 5255 5196 1993 3858 4804 6072 4767 6415 7107 8381 6337 4479 4243 3386 2306 2442 5582 4212 4849 1872 8737 3930 4605 6970 5828 6266 6900 6626 3059
2036 5189 4977 1886 4216 4365 6374 4178 6316 6442 8257 6375 4039 4625 3777 2541 2649 5706 3693 5355 1892 8198 4707 4673 7015 5918 6391 7653 6587 3191
2228 5205 4967 2109 3517 4757 6392 4346 6280 6824 8292 6319 4150 4413 3855 2509 2097 5463 3728 5020 1846 8577 4226 4815 6440 6130 6104 7540 6372 2987
1835 4821 4880 1399 3621 4612 6206 4487 6603 6628 8200 5710 4565 4244 3814 2508 2270 5192 4405 4964 1720 8832 4120 5143 6839 5456 5956 7299 6397 2901
2248 5016 5303 1927 3964 4709 6240 4715 5920 7193 8433 5769 4385 4617 3448 2373 2551 5567 4188 4606 1891 8176 4493 4831 6667 5569 6629 7029 6407 3093
1871 4902 5488 1831 3883 4490 6142 4345 6667 7186 8325 5831 4225 4358 3477 2938 2318 5101 4099 5132 1955 8349 4443 4544 6711 5958 6217 7239 6838 3299
2073 4788 5363 1543 3633 4807 5729 4405 6112 6736 7993 5829 4505 5090 3840 2856 1909 5547 3737 5082 1778 8856 3919 5005 6543 5655 6188 7469 6273 3124
2577 5431 4763 1392 3948 4773 6105 4332 6541 6656 7787 6235 4759 4699 3954 3017 2619 5057 3842 5061 1791 8032 4186 4743 6564 5845 6537 7201 6966 3069
2040 5082 5467 1799 3690 3993 5551 4868 6188 6843 8145 5725 4636 4698 3642 2947 2539 5705 3641 5126 1769 8057 4487 4956 7082 6110 6219 6870 6571 3037
2504 4972 4841 1479 4216 4628 5822 4826 6325 7233 8062 6264 4192 4455 3170 2662 2634 5107 4101 4890 1748 8367 3921 5390 7053 6200 6272 6990 6382 2811
2249 5330 4860 1544 4068 4720 5847 4332 6195 6985 7886 6273 4186 4759 3561 2458 2550 5107 3637 4775 2311 8394 3992 4727 6759 5608 5933 7377 6400 3480
2211 5083 4806 1727 3549 4039 6072 4500 6387 7161 8448 5960 4307 4271 3771 2782 2560 5096 3881 4817 1694 8440 4277 5299 6641 5654 6130 7395 6228 3587
1965 4972 4868 1703 3705 4637 6202 4682 6320 6579 8131 5742 4778 4515 3549 3087 2379 5316 3944 5143 1559 8423 3968 4604 6374 5820 6300 7398 6682 3095
1832 4767 4874 2027 3788 4614 5899 4811 6222 6679 8114 6413 4642 5027 3668 2858 1938 5012 4168 5200 1914 8858 4100 5166 6863 5885 6574 7238 6745 3004
1877 4855 4855 2090 3911 4351 6294 4780 5978 7208 8268 5698 4115 4743 3802 2548 1966 5297 3746 5234 2261 8051 4210 4960 6824 5424 6577 7123 6921 2821
2547 5139 5202 1337 3757 4291 5778 4554 6155 6604 8366 5741 4405 4471 3626 3063 2521 4954 4405 5234 2192 8718 3926 4577 6463 5545 5919 6949 6240 2813
2482 5063 4766 1999 3630 4783 6241 4678 6537 7001 7711 6192 4295 4312 3759 2957 2184 5662 4425 5313 1785 8237 4236 4658 6863 5748 5815 7649 6839 3445
2357 5189 5285 2106 3489 4597 6193 4377 6635 6417 8260 6158 4403 4453 3730 2626 2271 5461 3754 4837 1531 8431 4269 5343 6976 5636 6582 6970 6591 2939
1956 5153 5035 1914 3522 4105 6229 4590 6247 7032 8509 5858 4669 4891 3884 2839 2129 5471 4231 4777 1619 8123 4658 4872 6416 5569 6272 7119 6684 3068
17 3 18 22 34969 0.9214633823675781
26 11 14 15 41851 0.9664144167612525
19 5 14 12 33645 1.007062536268653
11 7 12 28 36766 0.9848488816092676
8 17 10 4 38614 1.0677962687028275
18 28 23 6 49219 1.0142157057409307
28 25 10 18 60314 0.9416167208224724
11 18 4 29 43139 1.012186614551052
6 1 11 23 54552 0.924610210359617
2 9 7 28 69208 0.9846580664068669
26 26 15 24 41767 1.0509950934702177
1 28 16 25 60795 0.9119454979219913
1 18 10 8 58928 1.0479490181903264
26 6 28 23 50069 0.9794305957299355
21 16 4 27 61876 0.9264384528583682
0 12 9 26 68269 0.9344143272152146
17 2 0 14 66456 0.9483078070691499
29 11 6 13 87519 1.0882810803537322
29 18 9 2 80289 1.0814570681174696
25 24 22 0 62558 0.9866767832738892
15 15 29 0 54427 0.9557549415347644
27 6 24 14 31999 1.0930303261315204
19 9 24 15 34472 0.951620989140314
25 12 18 17 30891 0.9636827672863646
9 22 10 8 48080 0.9474518801127684
8 22 21 19 38839 0.9425667636084597
0 17 14 2 65117 0.9196396809819446
23 2 16 5 23463 1.0841786850523167
19 9 6 7 53817 0.9522377613230228
6 12 5 28 36447 0.9700392785543752
20 7 17 18 32985 1.0963460020632616
19 15 8 24 42559 1.056435675993972
11 3 14 12 23686 1.0974909123057037
14 16 27 5 54623 0.9782698119805242
26 19 3 24 63701 1.0352361261357443
0 11 17 19 71718 1.0083448805620452
25 23 24 0 56850 0.9183513535018517
18 19 4 18 34756 1.0909665502737578
0 17 14 11 54198 0.9685206094426636
20 27 4 2 79162 1.0152146153790989
20 17 11 27 45205 0.9549877460933761
9 24 25 4 80026 1.0403248819762934
16 7 29 20 52024 0.9624145734440229
9 27 17 25 51077 1.0396449788278923
12 0 19 16 40693 0.994405900690713
16 22 10 4 46435 1.0958942715563098
29 24 29 5 77481 1.0698896200935233
19 13 12 2 34664 1.0174228713118565
1 24 17 14 64563 0.9296286127475971
18 3 26 13 36108 0.9484754565908886
1 21 10 6 60647 0.949727548472772
24 20 28 5 49095 1.0444983588233512
28 16 1 13 75124 0.9155923869921878
20 12 14 19 33847 0.9525641283237882
17 17 23 22 23486 1.0354328703754792
5 14 11 10 36672 1.0582985676355925
4 13 11 29 48756 1.0509496456285594
29 6 7 23 97068 1.0818070685364056
2 20 11 8 44583 0.9142073076709836
27 26 17 28 45252 1.033443221468894
26 24 2 8 91220 0.9254886782767459
3 20 27 16 53479 0.9927066508840708
15 15 25 6 53454 1.0000738394421143
28 10 2 3 73915 0.9785710690433891
13 6 6 2 25765 1.001990761500302
17 16 3 20 35063 1.0253889551586899
19 19 5 1 59317 0.9103037105868728
9 22 6 0 59207 1.02362765570445
22 23 4 24 59587 1.0467126311377621
0 5 17 12 63770 1.0290174291430367
12 26 28 26 61911 1.0827996299585725
28 10 14 10 72302 0.9532508035503764
2 16 24 2 66202 1.0952984620418729
26 18 18 2 46790 0.9346208407063297
28 8 18 3 37379 0.9676657888352446
6 17 17 2 51397 0.9265269044809074
3 5 7 28 67177 1.0917981671789068
21 4 0 23 89744 1.0091747187891267
3 16 26 25 63357 1.036791435130609
12 12 11 1 21435 1.0707702578324834
6 0 13 8 31151 0.9314459554526606
27 29 10 7 79204 0.9509405060518967
0 29 7 13 56486 1.0027951774781327
0 24 21 12 84326 0.9621351836812159
26 7 7 8 61494 1.069564427544051
20 6 14 27 61421 1.0315477406341949
13 12 11 29 33992 1.0589381409149206
6 2 26 21 69801 1.0284425426421056
8 25 27 0 82019 0.9598184299238828
16 6 11 29 54911 0.9588401387242316
4 19 28 9 82809 0.9974283141470317
17 2 5 12 44592 0.9492396409195641
18 1 3 16 52965 0.9219825197114591
18 10 10 25 48193 0.9623935079641163
24 24 9 25 60449 0.9515368472972184
12 29 4 25 36829 1.0164826499663533
12 2 11 24 40842 0.9379440419124075
19 13 28 2 46897 1.0677792787609277
7 10 22 6 66258 1.024386295248693
28 4 13 2 38431 0.9524310740505983
11 10 0 20 47383 0.9992193316611129
15 2 2 1 32374 1.05002051780744
20 26 13 1 67204 0.9238356410055738
10 9 25 29 74916 0.9087961157778759
21 24 11 18 44938 1.071785854347053
27 28 12 7 71789 1.0203907666304812
6 19 23 3 61578 0.9463178616279839
15 1 28 1 36164 1.0794469554379336
23 18 12 0 52982 1.0886205216492646
29 20 19 4 52640 0.9636000484454486
28 5 2 0 63064 1.0541387204077206
5 9 11 22 43092 0.9161179850374264
16 20 9 3 38901 0.903966653600465
24 6 16 22 54079 1.0862889794965245
8 5 5 27 57383 1.030345854816222
17 13 22 26 44147 1.0961208616839253
24 24 15 22 33227 0.9468913824443183
2 9 21 4 63101 0.9992599239264547
20 6 1 20 68222 0.9444627150492093
28 5 5 28 95296 1.0752537701570288
11 17 16 5 39052 1.0692463185614864
10 1 25 23 75958 1.098305690075742
27 2 10 27 80554 0.9982361555369302
0 11 10 0 63681 1.0124904570502222
5 18 15 3 44477 0.9173151505579987
27 6 0 5 68867 1.0307724927413375
7 24 1 29 36134 1.0465244797014837
0 19 23 20 50991 1.0832469616945017
20 4 29 27 86508 0.9581754194015026
9 6 24 0 48173 1.0495550738607609
2 24 18 18 48651 1.0423196317921102
20 14 10 13 37102 1.0377764725436425
27 25 14 13 56511 0.9827660995854125
19 18 21 29 30678 1.0298918088467204
11 18 10 28 32599 0.9773294069331175
21 0 10 1 31591 1.0986924720749578
17 2 11 15 33888 0.9973053705188113
9 18 14 2 46157 1.0314586335471456
16 4 1 29 83311 1.0161722866466814
0 28 12 21 56856 0.91147420595215
22 15 14 5 42565 0.9034385902819079
4 14 18 16 36769 1.031551774938874
18 1 28 14 48913 0.9952558997049171
20 28 25 3 68043 0.9369714264922064
13 21 9 1 54156 0.9813258444502199
3 10 29 17 89346 1.00693856977414
20 19 8 3 53368 1.032640945095992
29 0 21 11 45923 0.9373421265667172
7 20 9 0 47331 0.9214311680885837
26 6 1 7 66945 1.0168856542069564
4 6 17 27 75956 1.0354190941677168
12 21 23 9 43884 0.9856776921878708
15 4 10 14 30917 1.0215719173981381
25 11 20 28 63232 1.0945533238609606
13 6 18 24 45469 1.0192174481260003
14 11 7 25 54844 1.0835582276296991
19 11 19 29 38799 1.0022489421295113
14 21 20 6 51356 0.9171454990355267
6 27 18 3 72905 0.9098714961960847
27 3 13 15 46293 0.9998184181277746
17 23 4 16 43978 0.906427802576151
27 6 17 26 68353 1.0046079205701854
23 1 14 9 35872 1.0875534606158115
29 13 1 17 83906 0.928548318511933
11 16 28 12 53883 0.9563617517526815
24 14 0 3 64681 1.0833587580073087
1 12 28 1 86732 1.010272825199901
8 7 24 9 55835 1.0263885667119896
27 24 29 5 64089 1.048502829731599
21 5 12 1 30467 1.0988195486259975
12 14 11 4 18825 1.0670870512429838
15 29 5 12 50783 1.0373552443871543
20 13 29 14 37913 0.9311072381133814
3 4 19 29 75536 1.0126125193648494
10 5 28 0 47462 0.9644043182106852
4 5 22 23 77824 0.9393825978407286
2 4 18 12 47525 0.9282522663802222
13 10 22 27 65468 1.0494697057332543
25 17 22 26 34123 1.060790145348535
5 15 25 11 66253 1.0959527665438433
1 26 20 18 69530 0.970267649310506
24 14 8 19 46124 1.0117218363368299
25 29 24 5 58485 0.9375534161234313
2 3 20 8 49445 0.9218977481164443
5 15 2 27 39609 1.0873843227121458
3 18 2 6 45910 0.962224677790682
21 19 15 3 47849 0.9137791845981753
1 5 20 16 67182 1.0401304634565178
18 6 11 12 32889 1.0690109861159622
7 24 23 12 62359 1.0213990086736737
7 2 7 20 45375 1.071596707279916
21 29 8 3 68124 1.0155746469058906
6 26 26 20 59401 1.0346936009143184
9 16 20 27 49361 0.990761364353429
19 11 18 22 24863 1.0279251317226066
13 11 25 16 44616 1.002152415697974
18 7 11 17 37674 0.9993042561414258
3 0 17 7 44849 0.9853197206079711
1 28 3 1 84010 1.0124834995446963
7 13 16 12 38445 0.9475245680095806
25 12 20 3 31610 0.9098841403816529
26 8 17 0 32059 1.0064880702264596
5 1 20 23 68316 0.9517999366785178
3 15 29 15 67316 0.9684279442359548
16 16 8 6 44302 0.9233799387274242
2 13 15 23 49985 1.070653712028369
0 11 16 7 76993 0.9535166765240934
4 22 0 6 62108 0.918579740322168
19 26 2 15 57489 0.9104410100592284
10 28 26 13 67189 0.900878957475797
0 7 11 18 63730 0.9984383976717964
21 8 27 18 44835 1.036373206493734
4 29 16 8 71266 0.9934663350225889
17 12 6 4 46209 0.9000556447083252
21 3 14 24 54390 0.917783178900841
2 21 15 1 58969 0.9030442201510833
9 4 27 9 56907 1.091537195777653
11 17 18 24 27521 0.9678369719247665
15 10 7 6 40451 0.9149811323569307
15 1 17 16 32844 0.9463162771811102
4 14 16 3 46085 1.0097157649576638
14 27 15 9 41061 0.9249328429303338
21 18 1 28 76102 0.9852743015508885
14 15 27 12 44219 0.9596999574479868
15 6 0 8 58957 0.9773593740168071
7 24 18 14 48307 1.0705093897940177
24 22 4 20 44149 0.9003667360943772
1 17 4 28 44679 0.9916599786048089
11 5 12 27 38099 0.9826370112309822
13 19 21 28 48372 0.9344477644264589
19 13 29 10 58950 0.9480531352296129
16 29 16 11 43259 1.0661246359067225
0 22 12 25 43075 0.9130928299321998
28 0 20 14 49573 0.9243866824966097
11 1 28 8 55930 1.049359230257593
21 26 20 1 70775 1.072855962086929
13 3 13 22 35924 1.018512409703824
15 8 26 0 34603 1.0278754298263184
18 0 14 21 50239 1.0441011908343016
4 7 13 15 41484 0.9664545731851404
18 20 24 7 39835 1.0418228039048727
18 27 27 22 34460 1.0164222931929485
18 5 4 21 56674 0.932264905373704
15 3 25 14 42456 0.9836847845693724
8 6 27 4 45806 1.093195384182745
28 26 2 9 106455 0.9935403325554905
6 5 22 21 71773 1.085631169498147
26 2 14 25 66486 0.9386052745026365
9 25 15 4 59371 0.944172314986128
0 20 15 4 56699 1.0135294557952492
8 29 10 12 48394 1.0055785350555118
22 12 29 15 28080 1.0253346699863743
28 5 15 7 39904 0.929746233652611
17 5 29 14 58461 0.9725500855110221
3 25 23 20 56098 1.0096290162736763
19 15 8 10 44002 0.9270249255796997
13 5 16 22 41449 1.072699654275479
4 20 11 15 25265 1.0204994772729408
5 2 17 7 36137 1.0745681131542135
18 6 25 27 61527 1.0721444588343876
26 16 25 28 34233 1.0568358330239882
6 4 11 13 34551 0.9658032620521597
19 20 1 28 63037 1.0173140123037514
6 12 17 3 43934 1.0344631348086837
23 12 2 2 57773 0.9261261669975944
10 25 2 29 42898 1.045260957585424
24 10 15 3 34720 0.9078362137141357
22 20 20 11 35294 1.0281588280853122
14 22 10 29 24743 0.9767215296180813
2 28 19 22 65184 1.0475094129318807
26 29 13 26 52214 0.9840851279019942
23 18 26 0 41731 1.0362300063439525
0 21 29 8 102640 1.0732365902372054
7 7 10 14 32941 0.9597511204153368
9 29 28 6 91740 0.973676599554987
25 2 2 28 101364 1.0531719669467101
14 26 23 11 49629 1.0039020916501553
25 4 9 18 62662 0.9355317057009176
15 15 1 26 62660 1.0595957934360978
25 27 27 15 38495 1.0404150505215313
22 11 11 12 53203 1.0018977404309837
8 6 22 20 60026 1.0710261279699678
0 4 13 10 45689 1.0864575536937846
3 2 9 13 48272 0.930045309650947
10 1 18 8 32685 0.9431491346192422
12 10 27 18 51458 1.027135747896442
26 26 16 15 43411 1.048332611079089
18 1 29 2 29423 0.9998440864036205
20 5 23 12 28024 1.0064361699197608
4 14 23 14 53378 0.9908377820085408
25 22 26 2 50717 1.0527916859786381
9 24 17 20 35325 1.0581157173273728
10 3 17 25 54416 0.9344991828159183
20 11 11 15 38064 1.0618655466203588
15 15 22 3 34044 0.9239648520322887
24 4 26 14 30396 1.0470009770049367
26 28 10 4 77662 0.9217201366566236
29 21 18 29 41320 0.9235796358139258
14 6 16 16 27189 0.936636609310787
4 0 14 7 35325 0.9238632646368794
25 11 25 27 50194 1.0758320571837172
18 13 10 27 48478 1.0027256073667723
0 21 25 28 79893 0.9529404784180897
15 3 5 3 17974 1.076876548164238
0 27 7 6 83918 0.9826884412189422
6 14 19 19 45133 1.0431077274445109
23 23 3 27 69729 0.9386844015549347
6 11 25 22 69227 0.9901715006432091
13 4 14 27 53557 0.9421614506170188
13 13 24 3 39512 1.0389458671574154
0 1 1 16 55983 1.0698533452438421
1 15 9 24 44684 1.0310226786084686
9 1 23 27 77954 0.9493984518716926
16 22 15 12 24353 1.0012997336553635
21 8 11 14 53401 1.0474946686329316
9 23 28 3 73164 0.9038969865509122
7 27 18 3 72923 0.9653366460781386
7 18 19 1 56403 1.0731901341298768
22 9 21 22 41176 0.9597573550540933
11 13 10 28 41892 1.0525210550572772
23 5 16 11 37037 1.018842841318187
3 5 28 22 90709 1.0017779610333142
23 24 6 15 52225 1.0375040676467693
10 13 16 28 47200 0.9275263057081592
22 18 25 7 36062 1.005700358604027
6 24 19 4 70750 1.0330750495783674
8 4 25 4 38415 0.930106553389707
29 2 4 11 72464 1.0788300166033722
17 23 3 23 50055 1.0231494393018747
4 14 27 4 68473 1.0934664253942135
22 21 29 13 43771 0.9781403148127477
14 8 9 21 44234 1.0202019706790932
2 2 28 6 63633 1.0930064043358756
22 24 1 21 60868 1.0475787395849472
10 9 18 7 39787 0.9267021430313009
13 19 6 0 47259 0.9209617183990421
28 29 20 21 44063 1.007700431934381
21 2 23 17 38851 1.0780201917468017
14 20 20 14 24639 0.9365814804376742
25 9 11 27 74365 0.9599823727026616
13 9 12 0 20226 1.0400114234603108
18 13 13 2 33453 1.0356251636633236
6 11 18 18 48066 0.925021716691392
27 18 10 29 54991 1.094610426047009
2 20 25 25 61030 1.0407058967669263
7 28 28 21 71351 0.978000388855444
20 12 10 2 47173 1.0712540955303498
29 1 29 21 70094 0.931402642949008
13 29 5 12 45722 1.0869227789437512
18 1 4 20 54950 1.0247940728111806
3 21 1 11 47051 1.0878536778888297
24 22 17 7 44692 0.9348159281858279
8 14 20 11 48497 0.9644843064822084
18 11 4 22 49528 1.0066110602132536
28 7 5 0 59930 0.9853049292057914
17 22 27 24 38331 1.0028962065723919
11 2 22 4 30511 0.999041535359554
28 7 9 14 68472 1.0779427225848104
26 27 20 12 51362 0.9964280618642417
13 16 20 25 38033 0.9812249231023634
10 23 27 29 64015 0.9793542284656392
4 26 22 2 83808 0.958791707903029
2 4 25 10 69577 1.0797915755662424
10 17 29 29 72123 0.9567282639542896
11 27 12 16 24796 1.0796501439300201
17 26 8 18 40476 0.905534158504171
21 19 28 2 57543 1.0366329616812768
16 7 25 20 44897 0.9338503079409728
11 6 25 17 59211 0.9748463043490477
12 3 25 10 48423 0.9411994740970365
3 29 22 21 65059 0.9848740011562205
13 8 8 27 54536 1.0176304166585428
27 13 26 28 39938 0.9627971942338174
22 8 17 2 29730 1.0654295372037164
4 8 14 21 54112 0.9866392384447092
23 20 5 3 58765 1.0359096278190703
7 26 29 23 80999 1.0516682272598399
26 27 11 27 58355 0.9353386399473749
25 3 13 10 40737 1.072436697268368
0 1 11 1 37849 0.9755197105506779
4 19 7 6 41222 1.004042033063681
21 14 19 28 39855 1.005749108110956
22 8 13 5 41752 0.9221775345983234
1 22 13 3 59054 0.9276633178581687
22 26 23 12 33492 0.988970853136019
5 9 27 8 66271 1.059707682211664
3 27 9 20 38260 0.9769214697100511
1 4 8 12 42820 0.9904980832511462
14 28 2 9 79267 0.9158599620275018
21 4 9 22 65939 0.9656726833412828
21 18 10 18 36904 1.0867701628274014
6 26 21 6 85831 1.0738718567837127
17 14 1 8 73653 0.9737185621293541
13 29 11 4 45492 1.0326793595580877
27 17 11 24 51209 0.9784991599056211
19 21 19 11 28404 0.9419615928336214
23 7 0 29 95015 0.9654183586745875
7 10 24 26 78917 1.0781288013955668
13 26 25 20 39786 1.0892563891329015
9 12 11 28 44634 1.0547244101431192
24 15 12 9 41897 0.9953156934779662
9 25 11 5 52922 1.0495140891739374
6 4 3 11 30626 1.0799197299360446
29 6 16 13 65727 0.9965938004395549
11 9 21 5 42467 0.922923644155498
14 28 5 4 66253 1.0919392464436704
26 8 29 15 24676 1.0001046669728726
3 24 4 9 48226 0.9421051436402949
14 25 29 20 40505 0.9373875334834278
29 22 8 26 69970 0.973330171017484
13 4 26 14 53165 0.9068641354528827
5 22 25 17 54541 0.9175290541192029
5 27 23 20 49391 1.0179655545001227
14 18 12 29 24889 1.040194844942968
12 4 25 18 56109 0.9627803769562123
9 1 7 15 47720 1.0079669505797406
26 12 12 5 47373 1.0841988588588545
20 7 1 19 69608 0.9576700848546452
6 8 23 28 78829 1.0607654288724053
0 5 22 9 69085 1.080652878622735
3 22 7 15 27407 0.9212314808313663
4 12 12 14 31093 0.926710321610823
8 19 27 10 65459 1.0302590870739519
2 18 13 11 44031 1.097582635293007
22 0 4 28 88050 0.9492854873958243
25 20 12 15 32523 1.0492036301454228
12 2 21 14 42185 1.02870933945242
9 4 8 17 41755 0.9358486698771058
22 7 25 19 39397 1.099264916473846
6 20 1 27 39760 1.018943340110356
21 26 25 9 60203 0.9429484766260908
3 29 6 6 58068 1.0286066448123892
3 5 0 13 43923 0.9434407683368142
0 15 24 13 68178 1.0637212662797044
16 4 9 26 65960 1.0532017235619988
8 11 8 26 44462 0.9201655511821625
19 24 19 6 43477 0.9888221428038517
5 27 13 10 53910 0.9240712471970515
10 8 25 3 42725 1.0120297714973598
11 6 3 17 48173 1.0442555824703361
21 26 9 24 64742 1.0471149556621577
29 0 14 13 55046 1.0761865097691177
24 28 20 18 37352 0.9175901151202277
7 15 17 0 45337 0.9831215607931816
29 25 6 12 87959 0.930631044343151
19 24 17 1 51794 0.9401649886378451
21 21 0 21 54993 0.9603688170737426
8 6 26 24 77360 0.988611600682361
23 27 22 17 24448 1.0314015941154966
21 11 16 29 54492 1.0891668571226256
4 28 27 23 76033 1.075889649267945
0 10 15 25 79309 1.089859310796412
2 28 28 3 100537 0.9118012132871849
24 29 18 18 33575 0.9009729700287281
5 21 9 29 29412 1.0673071241045102
5 28 18 27 45659 0.905461797846549
1 29 26 14 84590 0.9946346178741347
24 11 16 5 43550 1.0734091171037534
0 11 8 22 56706 0.9206487916727754
19 9 3 21 60765 1.0464711799461672
13 18 17 2 40177 0.9537093248704913
7 3 21 21 59822 0.919955104246488
11 19 18 1 43221 0.9947712698369691
26 2 1 4 50200 0.9086227267865337
7 11 24 2 61605 1.0339044193128677
9 9 11 24 50820 1.0904886821215714
10 22 24 23 43291 1.004642068235787
1 24 27 20 68114 0.92572793583607
19 21 2 6 72788 1.0990917453586262
2 0 18 1 37197 1.002585277050739
18 12 6 2 41490 0.9902117334646587
27 26 9 14 66791 0.9633896827800847
28 24 5 4 89722 1.072112180333263
5 6 19 11 49602 0.9381080892176664
6 29 4 6 54948 0.9874084714076787
24 1 22 14 34237 1.0346254230138234
12 16 29 13 54140 0.9292582230819796
15 21 10 16 18646 0.9384201959505352
6 1 21 9 61357 0.9992004192761226
0 0 16 29 81183 0.9036911721357813
3 26 29 27 103149 0.9995359827148096
12 22 5 14 28327 1.0697829625871726
0 19 27 22 65675 0.9444921313552289
27 18 2 6 88434 1.043493253573365
11 4 8 12 32500 1.0139724499233838
17 8 24 15 36228 0.9078778038867972
17 15 9 2 43679 0.915309457795334
25 2 10 27 80242 0.9230845791619966
15 29 12 9 39065 1.050333475679834
22 18 29 23 35557 1.0195164696590406
4 23 15 29 46596 1.0656155921689685
9 28 0 27 48204 0.980292597552953
26 28 25 5 57995 1.0259282292132037
10 12 14 6 29947 1.0001610907652372
29 19 15 3 61947 1.084292805039112
28 27 19 16 53850 1.038022734628032
0 19 9 5 63262 1.0111558067932647
0 13 2 2 50061 1.0039661465904772
21 26 12 16 45064 1.0698605227422715
4 28 14 27 46095 0.9330882211833127
27 20 9 15 43708 0.9971634790054463
23 0 7 15 54580 1.0301970043132311
26 2 11 16 48699 1.0437531003443843
13 24 2 8 67685 0.9808613304128406
27 2 19 4 22358 1.0003669088145768
4 8 18 24 59803 1.0918247122215312
16 12 1 2 50157 0.9924090176116769
28 1 23 12 37070 1.0215018705073369
15 21 24 6 49784 1.0094487862821373
6 3 8 28 66402 1.0160925025141396
10 7 8 29 55821 1.0761982975320425
26 8 17 2 30842 0.9569268191200742
19 22 12 16 25280 1.0744947988077282
4 12 24 16 56793 1.0500838495689542
25 5 28 14 32301 1.0790286893879504
17 2 15 29 57100 0.9217711825797027
5 9 29 9 83281 1.034867893092475
12 1 26 26 69394 0.9369232439378368
17 21 14 7 37387 0.9652040802593089
25 10 11 24 68927 0.9589764814274288
11 18 29 3 56599 1.0408545777742497
9 2 16 27 64314 1.0756921928591603
27 0 14 26 75668 0.9298338602682502
18 14 13 24 33695 0.9433817058956793
8 26 4 5 58228 1.0485360524314495
6 13 25 14 63468 1.0918762709669747
9 22 24 15 48501 0.9287445435704003
3 13 23 23 62858 1.0998477777649243
18 11 10 18 34216 0.9714732660839984
1 11 28 19 88285 0.9084997286011383
5 24 23 10 62161 1.0529057664465642
19 27 5 27 54890 0.9703931833773887
2 7 26 25 90895 1.0636056253749244
10 17 2 24 45666 0.9238106288647874
11 26 17 13 43774 1.021217917631348
27 17 19 19 30607 0.910165578642581
8 11 10 28 56062 1.0267997501645154
7 29 7 18 37552 0.9836018846605737
21 21 28 16 29228 1.0156514403413797
7 10 4 21 37093 1.0619270573307826
23 4 11 26 62028 1.0123416126486922
11 0 21 18 54623 1.0624686626599844
17 3 2 21 58388 1.0097577442112053
25 25 21 18 32682 0.9480963117391157
3 23 20 12 63508 0.9512593197984212
10 20 3 27 39902 1.0798091379100587
16 16 27 9 47053 0.9187367822608755
4 11 1 3 29920 0.9635196681986787
7 6 12 25 55115 0.9168244511044731
3 13 2 26 49439 0.973958944490247
16 20 27 2 52741 1.0250564368579382
20 1 4 25 79892 0.996624363981311
21 29 26 8 57440 0.9980270932045243
5 27 0 15 37132 0.9580269994653096
10 14 1 27 64449 0.9957755532945608
4 3 27 20 68308 1.0409114827948072
17 26 4 27 59274 0.9821514381922698
3 13 27 18 71964 1.0301413752671034
15 0 1 5 39433 0.9789477744996503
15 15 19 5 30812 1.0689761272220801
0 27 22 14 94481 0.9616537270912945
7 6 28 25 96604 1.0796336430676257
22 28 13 23 50104 1.0035018075780386
26 21 12 19 29890 0.9317620370641106
6 22 24 17 51730 1.007089151026848
9 5 25 25 77674 0.9850681909324487
14 2 26 15 52977 0.9104303971563185
23 21 4 24 51072 0.9424560483312183
9 27 13 0 65422 0.945202085942695
8 10 19 28 63191 1.0270770746768905
16 4 7 24 64659 0.9378336717477201
16 25 1 26 67796 1.086850687311591
13 19 11 1 38162 0.9348845313349646
27 1 16 8 43387 1.0824254905418753
27 22 12 26 44191 0.9497288782662552
22 23 2 1 81873 1.0229411768082723
3 27 17 10 80164 0.989259910028061
19 23 1 7 78206 1.0259688570825283
6 5 12 26 55564 0.9870848359852523
15 21 26 6 53578 0.9886403873228321
16 15 10 27 43485 1.0672471933940646
21 23 24 11 39785 1.069251639145661
22 29 7 4 77846 1.01039580594997
3 24 29 12 92136 1.0069521243181287
2 17 16 9 53349 1.0696802384115083
19 18 28 27 52557 1.0091027922269362
1 18 7 23 31864 0.9128282032485262
1 22 10 2 67188 1.0904335445858406
14 4 27 2 29943 0.9126060583996763
14 0 14 17 39750 1.0574900933561144
1 7 13 27 75811 1.0149980422961598
3 13 22 1 70657 1.0399793635786632
26 19 16 22 28930 0.9748617164883994
3 6 9 12 41303 0.9123136839744738
13 28 21 21 43438 1.0889837178675899
2 11 23 24 74732 0.9681002981756742
22 22 17 27 31218 1.033591525852096
5 0 17 25 68850 0.9318587758578682
0 1 0 27 99838 1.0113974348880144
3 11 21 14 66096 1.015321064453941
24 6 25 15 29972 1.059155387842752
6 27 18 11 63304 0.9293679009437422
17 6 24 11 41875 1.0500131350686432
22 6 15 11 39780 1.0449318198755921
12 4 0 12 54621 1.0138150587363794
21 0 4 2 39148 1.0969569369471934
20 13 11 28 51488 0.9782400981197479
1 29 13 17 55677 0.98355501683845
13 15 24 25 45267 1.0081427791857387
14 23 11 4 43448 0.9702888831692688
1 21 6 14 26397 1.071892017105871
21 28 7 18 60204 1.0580874144813652
12 17 0 18 38946 1.032909031936088
15 0 22 21 55121 1.0351818057498587
18 15 28 4 44714 1.0132921303068285
6 21 18 11 43198 1.051087052575548
9 16 28 9 70074 1.0841815672226895
7 21 27 19 46424 1.0280624056610923
23 2 27 22 49813 1.051811018232212
15 25 20 5 49632 0.9931234054147919
18 14 0 1 63473 0.969072966768395
28 22 28 11 45322 0.9710666890074913
0 19 11 14 44814 0.9640653454756445
3 21 26 2 76163 0.97823660443986
21 1 0 13 85277 0.9720342283906263
7 21 18 27 36455 0.963885700209948
7 7 2 26 60956 0.943822970250462
3 6 7 15 36251 0.9799053484421993
29 25 19 2 80055 0.9957149836856245
16 20 10 5 39629 0.9692280453943768
28 26 13 18 59378 1.0964114124390802
16 20 27 28 44298 1.0135410657077857
4 22 6 11 30936 1.0740212704290528
8 4 29 16 68065 0.9240206586045533
29 9 25 21 55848 1.0220189742857102
28 12 9 7 72784 1.054068827599235
23 29 27 18 33142 1.0396112204668124
15 4 8 10 36070 0.9485275439109447
16 29 15 2 54262 0.9962919171204379
22 19 10 1 65481 1.0112174636139752
10 14 10 24 37118 0.9866209618613091
19 11 6 18 51245 0.9597370849878056
0 6 2 27 84434 1.0561347410980715
28 0 25 15 42130 0.9721964454706051
10 7 19 24 53273 1.065307268794546
19 3 1 2 35760 1.07180400635482
24 13 5 9 66927 1.0804658754407022
0 19 8 21 26401 1.0087954202191973
2 6 8 16 41315 0.9092638096538915
11 1 6 21 50948 1.0099360054424371
18 7 10 14 39640 1.0417713781195521
18 6 20 28 50110 1.0114791666355227
0 17 21 29 74083 0.943105176977311
13 4 29 12 62037 1.0273485702246339
4 27 19 12 66332 1.0051353020016212
4 5 5 24 41438 1.0476804716359116
1 16 13 7 42611 1.099551151204122
14 6 3 21 58164 1.084692531748826
3 5 18 15 57503 1.0063286889920744
17 2 26 13 42160 1.0374987634751391
14 16 24 25 41004 1.0441216536286186
18 0 8 3 22290 1.0739862429702178
25 13 13 16 39945 0.9372880194723595
7 14 23 11 55321 1.056463501015279
14 20 19 13 24371 1.0196417909523057
9 13 15 27 43055 0.9689619064291469
18 23 13 18 22577 0.9582342358878362
8 4 6 25 57853 0.9578300738240539
5 25 26 6 81090 0.9987350321521717
0 0 24 1 56308 1.0261464217790588
0 25 24 12 88709 0.9525738418439176
16 27 10 18 36622 0.9653136294280819
14 23 2 26 55567 1.0101077061880457
11 21 5 9 38510 0.9653344178098396
4 4 17 16 48218 1.0143625311314655
19 4 25 8 32966 1.0484911588669494
12 11 5 24 36863 0.9345715899632285
16 25 22 18 35488 0.9999635609577261
10 22 4 7 51225 1.091419135978559
11 4 2 7 35923 0.9447632706403442
27 3 16 22 57387 0.9173117935088387
18 8 7 20 42413 0.9953877625739906
2 7 5 0 25267 0.9285813043085684
20 10 12 17 41986 1.0505194575275
18 21 12 1 41710 1.074620574656456
17 15 13 23 30474 0.944783466214966
9 4 5 29 65230 1.0970022395600922
0 13 7 20 37481 1.0577309159954025
6 6 16 18 56505 0.9257586154968658
12 18 3 27 46850 1.085933815746942
19 25 1 23 60033 0.9053758923715838
12 24 25 9 61888 1.041461152135431
9 13 29 16 57739 0.9147102942200929
11 10 25 7 53495 1.0769560339373085
2 20 22 11 63052 0.9383077037484446
7 4 25 5 44201 0.9890564935837792
24 23 8 5 70959 0.9923760892218328
13 19 2 18 33143 0.9569331267252867
29 26 0 28 114215 0.9241985944058011
29 11 2 24 97092 1.0851192717648677
13 23 4 11 46603 1.0440602508572296
20 4 3 11 60968 0.9536733582450088
22 3 18 14 26359 0.938953382563837
23 25 0 28 86788 0.9817047336932807
19 11 11 23 41719 0.9885643049584734
5 12 26 14 61872 1.0670143660778368
12 6 29 8 57501 0.9019465473814914
23 10 2 7 64073 1.0662018969677605
28 22 23 17 24658 1.054503240213007
16 23 29 8 75655 0.9650618773713245
5 26 6 5 45902 0.9909634838809136
6 20 29 8 84630 1.0368707717289054
24 21 21 29 28211 0.9399823923473742
27 10 14 4 48595 1.0359774445320649
23 15 4 0 63150 0.9198673980687827
14 18 5 3 43652 0.9028421842608617
3 20 9 27 38960 1.0055135065115612
17 7 11 14 36046 0.9873790732882392
21 12 2 3 57237 0.9054073792238825
29 12 18 3 47423 0.9925930399570744
1 2 15 19 56409 1.0185843196282776
1 19 29 11 88906 0.995497962208094
5 26 23 7 72952 0.9284633104690516
8 19 17 18 28885 1.0327338154734278
3 19 10 12 40170 1.0067392774389436
0 27 16 25 73277 1.0833415100101866
5 4 25 8 54570 1.0262110491437406
19 13 23 2 32781 1.0370730657046279
5 4 14 6 31663 1.0427729055405646
18 16 17 6 24254 0.9580452598986954
2 14 17 12 52405 1.0520949861647204
19 23 11 26 36457 1.0461864698739625
26 1 6 25 84697 0.9973951121461059
29 24 2 22 81891 1.0317682263811756
28 26 7 14 77444 1.0531813052372079
20 22 23 14 27646 0.9635086131691116
10 29 29 27 72232 0.9917689570865463
24 0 19 25 59592 0.9905335186239592
16 6 15 19 30797 1.0304520244290032
21 0 13 4 26099 0.9705915972524461
0 4 7 23 63985 1.0370550026400596
23 3 15 1 16973 0.954451491374869
25 26 1 15 78457 1.0120633840808566
20 15 9 23 44028 1.02443001212497
27 8 22 14 34943 0.9360073534946559
13 22 9 10 47383 0.9159351822723376
19 28 19 13 36026 1.018290034611345
25 15 4 23 59416 0.9911507817991717
21 14 11 13 36420 1.054460073076521
13 11 28 19 57239 0.9757429449197602
5 12 12 6 35377 0.9213755248144047
22 7 20 25 57839 1.0146759345221805
27 4 8 29 82615 0.9846267940910808
24 22 8 12 55450 0.9073476207091572
27 6 13 14 55910 1.0652484199198062
12 7 20 10 44985 0.9157314115664931
16 16 9 21 28304 0.9270317863225545
2 24 27 6 96378 0.9915175522161381
9 21 18 13 35850 0.9320095816470343
16 9 29 21 59743 0.9993139507401818
22 19 3 19 48579 1.0266731050251001
21 1 23 27 60697 1.0419598255453524
5 10 29 13 81704 0.9191807137215902
25 16 16 14 28263 1.011527626002053
16 0 4 21 58165 0.9410785842383453
28 22 0 27 98591 0.9645779139426113
4 14 18 4 50675 1.0149763212243965
18 21 0 23 52799 0.9637140844315228
15 3 4 18 48327 1.05797337067196
11 26 13 15 26631 1.0151036575681218
15 20 20 10 38446 1.055525849837658
20 13 0 24 78671 1.0943420144316653
6 28 17 14 61397 0.9623620686524116
2 25 29 27 101149 0.9165556604575297
6 24 23 10 68776 0.9232553908845081
2 26 25 27 88902 1.0673135514515606
13 17 3 5 52509 1.043798090462474
7 0 27 26 87470 1.0681266051319438
22 7 28 22 49578 1.0629300817929335
22 24 4 18 56422 1.089062400253302
17 9 12 26 46367 0.9528676168576276
24 5 11 12 43442 0.9737063945198784
27 24 18 19 32720 0.9872613367689296
24 12 10 26 62189 1.0201236484115905
24 23 1 10 88022 0.9307305274385875
24 20 18 11 26778 0.9713753231136071
8 6 19 17 55971 0.9954063460764858
9 14 18 17 29650 0.9439865492287374
22 12 24 26 38544 1.0480756651991379
21 16 19 3 33235 1.008867760782594
6 28 29 5 104445 1.0405687499943166
20 11 3 26 78341 1.0345081825021392
20 18 19 7 32059 1.0794625371653965
21 12 11 21 45381 1.0354089087992402
8 16 14 12 25029 1.085358101793913
17 3 5 24 57398 0.9464636855999455
10 27 25 29 57747 0.9898938569736362
0 13 7 25 54822 1.046724516390994
1 21 7 2 53347 0.9529715645429441
14 0 3 4 29846 0.9296487614570172
8 22 7 2 53813 1.0992018902067417
25 0 8 0 36185 1.0740095119096165
24 12 10 21 52362 1.028524988724997
11 19 27 0 62967 0.9144271274642554
28 21 12 16 43668 1.0271979545309982
10 13 4 5 43160 0.9151334767183548
14 0 15 28 54859 1.0796673801007408
5 13 12 9 31570 1.0183888716710923
7 3 28 6 51293 1.0535626527118636
10 7 20 24 60326 1.0844804085565116
1 0 14 21 65254 1.0688322288259517
29 9 14 22 73501 0.9277566101759749
26 27 13 16 49965 1.0718636412977536
11 23 17 17 30341 1.0216966745564577
12 25 23 23 33799 1.0743105353254465
17 24 5 14 48633 1.0247166792554687
27 11 8 26 77158 0.9789945508487224
8 18 21 12 49246 1.0886008276272687
23 17 28 2 43540 1.0138845200548032
10 7 28 17 66610 0.9669099503235565
20 11 1 2 60389 0.975058783822671
11 27 15 7 48479 1.0729550338679368
24 7 5 28 82506 0.9898312633224585
8 17 0 9 55543 1.0360463942325708
10 26 0 9 90081 1.078357013124351
9 16 2 13 26190 1.0078663839710036
7 9 23 7 57603 1.060766068725157
13 17 1 7 59525 0.9015980840592555
11 18 29 2 63424 0.950366665610778
22 15 27 28 43707 1.0018641821642762
27 14 17 0 49579 1.0705159872206045
10 17 19 6 50561 0.9690897893655572
26 9 3 28 94753 1.0885327913141547
25 17 3 11 75440 1.0980581882063398
15 2 6 10 42387 1.068986390640162
23 4 11 5 27509 1.0354857394557124
20 23 12 12 39090 1.0012891579282635
6 0 14 29 63071 1.0678033711151484
11 0 5 15 43034 1.0379659444397087
12 26 23 8 53663 1.0954202890610762
2 25 3 4 62253 0.931517718021071
16 6 24 14 47441 1.093356614195916
22 24 5 7 73524 1.0480039307793065
24 0 12 18 48894 0.9935510757391379
1 22 26 15 67312 1.0064434481936337
3 25 10 13 53281 0.975919177504389
8 15 20 6 53908 1.0067412619082163
5 10 4 28 42477 0.9842199173450078
27 9 10 16 61380 0.955386010469446
27 19 24 26 29966 1.00042072678808
19 23 4 8 63257 1.063508501032913
2 23 11 15 40010 0.9706086006267545
1 3 22 19 71161 0.9409707857348122
10 7 23 29 67121 0.906721116869942
13 10 8 18 33049 1.035802753360053
7 1 15 24 56662 0.9141415428264433
26 23 4 25 64102 0.9802075558972272
11 13 28 17 53756 1.0642800425561794
28 0 11 3 37063 1.0153015543692376
16 24 22 17 39395 1.0425518025951175
24 17 28 2 47559 0.9492055591251216
11 17 17 27 39231 0.9122794247067759
5 26 9 1 63369 0.9973619265612587
1 12 20 4 68186 1.0212043467379779
20 18 12 1 47428 1.0053328989020047
0 9 5 20 53775 1.074691660433877
4 26 11 17 43953 0.9072836744899174
4 7 20 20 57963 1.0042386783170816
27 7 12 9 45959 1.0161316787004422
18 22 10 11 41486 1.003310657238658
8 25 26 0 79537 1.0474438507442563
20 10 3 11 78233 1.0451629739024892
25 19 6 29 63887 0.9500237334542039
28 21 16 19 37704 1.0176650885007317
25 11 18 26 47862 1.011584448022081
18 10 27 29 56929 0.969738690474601
13 25 27 21 45137 0.957313027714151
28 23 1 16 73362 0.9811678693793076
11 29 28 18 55686 0.9624650093968276
11 2 14 12 28578 0.9919422474974192
24 4 8 29 76777 1.0176706093253862
22 17 5 26 58030 1.0138643547707453
3 5 28 14 81771 1.0345438652317716
2 24 18 16 51705 0.981165600073165
2 14 24 14 63492 1.023195825484631
24 28 2 20 62063 0.939488546370044
23 25 12 14 40302 1.0365187470502384
5 2 28 2 48722 0.9070850353403185
0 20 26 4 75025 1.0509124768983469
13 0 20 22 55819 0.9334627517575466
27 0 22 13 38951 0.9254274455747643
16 28 15 14 33542 1.0885933984156686
13 1 11 22 42662 0.9494992024276983
6 12 15 6 46591 0.9947478176158219
18 9 7 29 59967 1.0245925604625306
29 14 21 18 34744 1.051431300151886
28 12 6 13 76859 0.9893810263902238
13 23 12 1 38697 0.900360899721255
18 18 6 1 55683 0.9180860635128844
27 16 15 4 49805 1.0506596121182876
17 27 17 3 49510 0.9357649384674354
27 23 2 21 61459 0.9170403560407673
24 12 6 2 56093 1.002162942146338
0 8 18 8 66571 1.0160292055875033
8 1 22 26 78378 0.9395261170968909
22 22 21 0 51310 1.0476546590379363
23 8 8 24 64399 0.9309710093574193
14 3 6 27 66212 0.9628470661876631
15 25 24 28 39930 0.928181124676458
4 24 29 13 84043 0.9171811589904415
22 4 7 1 41619 0.9746978096171788
5 19 9 8 40979 1.0681457769541494
26 20 11 4 55362 0.9629704772964959
7 9 15 2 39163 1.0672500618294187
16 9 18 0 28352 1.0751903844380968
25 29 16 14 51147 0.9454543947784382
5 8 20 10 62553 1.0073870710322634
26 27 0 27 99020 0.972271048542452
1 27 8 13 60101 0.9607682428309484
0 29 29 20 80374 1.0278121740455664
26 23 3 11 76890 0.9020548580984693
10 27 21 7 73150 0.9710572060456192
2 0 27 18 85309 1.0322613245056482
29 1 13 24 81263 1.0236068596671286
26 13 1 23 76862 1.044744203148435
6 1 16 17 52697 0.9705128257498814
3 8 17 3 44235 1.0943410675238425
25 4 0 11 87043 0.9242014437242138
28 16 24 6 37071 1.0033058548905482
13 15 28 18 45395 0.9865254767915561
0 12 11 11 53350 0.9912222722131271
22 15 6 14 46885 1.0943655558190961
14 3 16 28 56160 1.025354440319441
29 17 10 19 58754 0.9287729915936367
4 15 16 12 38664 0.9162316422309414
16 14 7 13 33743 1.0675000980713338
2 23 18 2 68111 0.9907534711555653
2 27 12 29 38053 1.0460403321086291
3 0 11 26 64998 0.9963429139732983
3 17 18 12 47653 0.9727675166170692
27 6 25 15 30127 0.9894918390360107
19 20 1 16 42725 0.9737764590468696
12 9 22 5 35060 1.0089850264833358
9 18 7 9 36246 1.0955960118080286
25 11 7 2 59485 1.0772026700075088
27 21 19 15 31170 1.038766976253015
27 20 18 18 20688 0.9668764956850526
6 8 28 8 77458 1.0932357406669275
22 20 7 19 33224 0.9813396009566788
25 14 22 25 34716 0.9475347465012419
25 8 11 21 63752 1.0343848543801633
8 9 23 7 51195 0.9595630618036954
2 8 7 28 70602 1.021501113493914
8 16 9 7 30654 1.0917773286510013
16 26 12 18 25532 1.0569870004626716
26 4 9 5 42263 0.9280095390631067
12 12 15 3 18520 1.067286828964829
24 5 5 14 61702 1.0309966948155358
10 3 0 28 84593 1.0911704038912275
4 16 2 4 37270 1.06485239987691
26 20 16 2 56187 1.085056014330348
26 20 1 3 71878 0.9843291841100444
10 7 1 0 41471 1.0069628089474842
16 10 26 20 48549 1.0032259253736397
21 20 12 7 36888 1.026414557745072
27 3 0 6 64849 1.0862242789882672
24 25 16 5 61136 0.9859254239047035
28 18 6 18 60237 0.9225369083004954
26 5 8 6 44383 0.9394917364105861
24 23 16 12 43564 1.0446348730217863
10 8 17 0 34994 1.0048454596155467
9 27 20 15 57387 1.011781310193144
24 13 13 27 56508 1.0127139581999458
2 28 12 11 60799 0.9221255734276081
27 6 18 27 63309 0.9530123806955223
7 15 29 20 52270 0.9204328342004704
16 3 26 6 23116 0.9834074617449675
12 29 29 23 61831 1.0031895424954629
2 21 26 16 57249 0.9612428055565619
15 18 2 11 51864 0.9630457335731772
17 2 15 20 40937 0.9523182266867654
16 14 23 18 28290 1.0671959705851064
7 9 16 29 67416 0.9835264396470017
29 9 18 15 56595 0.9117224264329272
27 22 7 22 53224 1.0891184380139716
11 0 4 4 23802 0.9347834683869244
6 17 21 29 59166 1.0640577318290318
3 25 4 1 64229 1.0254923289840525
5 13 26 3 57292 1.034104546972447
15 4 19 15 31748 0.9799646508048105
17 3 3 15 50875 0.9119155423685921
25 6 16 5 39303 0.9576033891985704
11 19 10 7 33007 1.0802999059063787
28 1 0 12 90818 0.9020604294021006
21 20 7 20 26898 1.0069029806181264
27 14 22 6 37402 1.0343536549324568
8 0 15 16 39983 1.0062839212396275
9 3 0 0 24775 0.912959896473919
19 24 3 19 47116 1.0868280924722902
7 6 11 25 61033 1.095654235537964
