6158 4192 6514 6511 5608 5684 7351 5749 5213 4802 7096 7366 6878 6178 6644 7752 5640 6837 4687 4416 4679 5817 7232 5880 4124 5349 4809 7611 5918
3221 3682 4499 3790 3728 2758 2493 3457 4474 1809 2205 3029 3538 3599 3663 2961 3448 5169 4641 4003 2714 3855 3763 4362 4945 1598 4903 3084 3583
5011 6475 6302 5322 6285 5433 6156 7248 7899 4881 5680 8220 6312 7255 7961 6148 6232 5873 5794 4688 5164 7972 6414 5210 5348 5238 6247 8163 6020
7101 6750 6727 6718 8352 5652 7463 7032 5801 7717 6302 7550 6720 7946 5801 7809 7961 8058 8166 8539 8005 6547 6758 8549 6237 5413 6052 5321 8119
6874 7058 5918 5337 6219 7510 5099 5705 7886 5391 6727 5734 6771 5751 6667 6811 5379 6977 5705 6535 6660 8415 5275 8302 5226 5068 5066 7441 5776
4780 3095 6018 5508 4095 4929 5729 3891 3209 6095 5413 6505 5658 3063 6222 6561 4713 3802 6282 3849 6345 6393 3628 5507 3400 4869 3956 5050 3102
4715 5895 3634 5280 6526 5735 6020 6262 6448 5426 3478 6035 6166 3284 6847 4365 5463 6134 5613 3773 5604 3878 4532 6266 4581 3313 5618 3834 5850
5196 5093 5335 4691 4585 5002 7282 6004 4256 4883 5334 6971 7642 7695 6245 6033 7293 4606 7642 6992 5984 5897 6071 6650 6619 5013 7289 6171 7656
3010 3165 3757 3730 1272 1847 1572 2835 4343 1790 2580 1281 3147 1806 2503 1222 4189 2200 3567 3776 1750 1931 4105 3555 4330 3533 2397 4263 1368
3189 2960 4531 4132 4461 4906 4411 4400 3466 3586 2463 2777 4972 3541 2541 4081 4208 3324 3628 2489 2689 3161 3195 3350 4178 4734 2456 2719 3201
4612 6656 4032 6847 3740 5059 6121 4660 3685 3972 3811 5432 3504 4964 5849 6885 4630 4756 5754 5018 5799 6397 3613 5012 7045 7077 5117 5772 4650
6256 5210 6479 4482 4870 3334 3461 4513 4783 4628 6057 5193 5147 4996 6313 3045 3755 3649 6086 4073 3033 4524 4491 4505 4763 4484 5392 3911 4451
6057 5986 5188 7964 6374 6392 8171 5818 5551 6114 7556 6400 5347 4943 6415 7404 6277 5887 7162 5522 6346 6875 5307 6252 5146 6217 7571 6646 7161
7805 6406 8339 7007 6683 5377 7155 7347 7756 7783 7812 8474 8375 8327 7245 5984 6953 8678 8378 6067 5962 7515 7206 6640 6076 5619 6375 6165 5912
3943 2394 3100 3763 4755 5120 3822 3434 4778 3011 3789 4344 1852 2021 3674 5231 3870 4949 2519 3159 3130 3853 2648 3423 4365 2010 2803 2142 3511
5039 7811 7796 6784 8012 5336 7357 7524 6485 6275 5781 6310 8250 4787 7140 8107 7670 5047 5612 6021 6214 4964 6545 5377 7367 7760 6115 5893 6200
4814 7187 7828 6620 5738 6939 8188 6152 5034 5559 7186 4887 6967 6631 6866 7778 6823 7230 4931 8002 4770 6856 6143 8001 6295 7601 6289 6871 5384
2907 2043 2938 2922 4353 2458 2618 2973 3223 3063 3543 2026 3656 4492 3205 3752 3518 3422 1431 3977 1390 4275 1643 2527 3895 3631 1920 2648 1713
5735 5570 5765 7148 3994 5961 7293 4022 5225 6561 5507 6055 5936 5925 5560 6889 7209 5676 4775 6494 5885 5577 3947 4042 6965 5316 6882 4290 3972
4815 4546 4307 5770 5965 5366 5668 6735 4855 6125 5621 4567 6087 5733 3710 4069 4742 6545 6847 6272 6688 3655 3830 4705 6509 4440 3525 3554 5057
3844 2997 2749 4333 5647 2967 4137 3293 6195 3667 6186 4227 5882 5838 5916 5062 3650 3495 3927 4541 3838 3787 6022 3491 3599 4416 3936 4581 5483
7422 8498 7923 7797 7904 5263 7635 8596 6419 8670 8067 6241 6295 6897 5298 6977 8588 6889 7328 7067 6229 5968 6874 7628 5238 5797 6061 8781 7271
5508 5969 3973 6144 3531 2703 3701 5290 4049 5468 3400 5221 4587 6185 5781 3184 5496 5079 4030 3111 4581 5344 3893 3043 3361 3073 6172 2862 3747
8389 6028 6274 5895 6251 4939 7898 7557 5568 6531 7851 6495 5744 6996 7159 8136 4848 6578 8365 7310 7535 7371 8115 7278 5837 4750 6962 7159 6863
4834 5014 3889 3794 3103 4449 2371 4486 3625 4803 2957 3598 4471 4698 3919 4526 2545 5310 2016 4796 3112 2090 4750 2015 2538 2158 3688 4989 5013
3779 5399 5351 4632 5477 4748 3512 5168 4812 5646 4932 6866 4913 5109 6280 3545 3636 4032 5490 6619 5212 3614 6721 6635 4904 4155 4627 4297 6298
5688 4367 5466 4592 4372 3020 5606 3530 4283 5923 5147 3754 4575 5704 4358 3530 4381 4792 4376 4195 2911 5431 4514 3544 4853 5759 4438 3600 4000
2469 2226 3520 4465 3435 2798 3186 3968 3291 3439 2439 3277 4102 2075 3735 2693 2952 5504 3588 2533 3718 4098 4168 3946 2636 3398 3490 4379 2724
6028 7222 6659 6813 7775 6971 6480 6872 6957 8188 5585 7212 6221 7948 7885 7996 6826 4764 6156 7221 6324 7495 7843 8182 6497 5832 6182 5101 7938
5740 4618 3392 6296 5652 4511 6067 6382 4254 4991 5675 4601 4011 3733 3720 4109 3153 5513 3218 4914 3933 3420 6380 4554 6245 4009 6023 3855 5295
4941 5031 5305 5035 2621 5389 3108 6217 5543 4316 2008 4813 4623 6843 4841 3297 5677 3330 5066 4694 4813 4516 2198 4572 5066 5643 1686 2825 3796 2674
3738 5454 4405 4756 4528 6277 5125 3915 5103 3757 4404 3082 2536 5333 3817 2529 4348 4074 4060 5691 6056 2025 3644 3884 1733 4752 4931 2956 3801 4887
2945 5689 4777 2615 3848 6067 5839 6961 6426 4462 1879 3040 5101 8436 4378 4380 3841 5294 4828 5240 3902 3277 4555 6062 3704 5601 4438 1474 3467 3424
4338 6762 5669 4100 4403 5162 3020 5047 4445 4431 4906 4422 4597 8533 5795 2821 6648 4407 7573 4190 4041 2737 2186 4959 2283 4398 4558 3835 6200 3335
2589 4331 4853 4095 3065 4120 2596 5458 4236 4288 4574 3669 2218 5634 5163 3211 4363 5138 4632 5859 6243 4617 2213 5076 2412 2250 3975 1522 4462 4766
4538 5256 3521 5776 6088 6186 2891 4056 5538 6813 4096 5490 4526 7674 2478 3677 4371 3882 5900 4925 3684 5302 1748 5909 5096 4406 3371 4531 4254 3622
4209 4369 3576 4327 3746 3783 2313 6330 5140 5934 4237 2526 4983 5891 2893 2539 3719 2991 7499 6307 4768 4126 3068 5752 5313 3214 3678 4702 5868 1659
5800 4466 5267 5164 4944 5204 3410 6744 3156 4095 2571 3682 4080 6920 3842 2512 5792 3957 5029 5054 3751 3546 3286 5424 3293 4140 3036 1521 3549 4630
3288 4369 4906 3030 3590 3626 4193 5901 5002 3754 3709 4638 3801 8600 3135 5262 4080 2057 4609 6482 4342 2935 4538 4912 3230 3488 3650 3638 3634 4401
4706 4104 4680 3069 5649 5438 3424 5807 6561 4948 5008 2180 5432 6370 4054 3180 6284 4948 6020 4418 6317 3979 3815 5855 4554 2367 1931 2142 5134 1943
4326 3977 3446 3069 6089 3449 4651 4934 3632 6126 3484 3787 2181 8251 4418 3859 5050 2610 5450 4169 6182 3818 4680 3284 3339 3507 2055 3955 4640 1572
5441 3804 2788 4108 4822 5671 4096 5629 5479 3758 1855 5162 2472 6761 4181 3481 5800 4022 7292 6142 4811 3824 2996 5556 2163 5147 2502 2537 6143 4191
4849 4658 5333 3947 3828 3353 5513 4391 6100 5166 1726 4133 3538 5343 5127 3458 4989 5374 5158 6521 3760 4728 4677 5126 4434 4745 4118 4699 4500 2896
5502 4736 2740 3413 5198 5823 3973 6825 5963 6748 4134 2389 5231 7733 5544 2055 6172 3832 4809 5436 2774 4362 2111 5478 4979 2954 4103 4587 4038 2454
5263 4307 5272 5113 3237 3721 4323 5492 5826 5520 4664 3393 4228 8360 3430 3025 5446 4812 5361 7515 6093 5251 3017 4193 3391 5634 2482 4677 3247 4694
3291 7397 2411 5504 2779 5544 3656 3839 6220 5373 3966 4485 2871 6884 5281 2607 5029 1910 4247 7385 5983 4116 2680 5324 2005 4108 2457 4329 5769 3519
4451 4986 3640 4696 3368 4942 5023 3423 4590 4345 4277 3602 3902 5991 5765 3729 5817 4773 5766 6234 4908 2516 1165 6085 2296 2766 1344 3916 4189 1871
3694 5706 3351 4072 4882 6685 3623 6461 6652 6755 2127 2613 3027 7473 3309 3363 6127 3452 4323 5442 6011 3672 3997 6006 5277 2671 4062 3946 3266 3286
6063 4412 3475 2864 4793 5748 4185 5111 6583 7313 4633 5016 4327 5155 2753 3306 3901 2059 5785 6828 4082 4433 1997 3997 1912 3405 4639 2669 3318 4419
4464 3994 4766 4953 2778 3432 2609 6076 4686 5143 3738 4585 5548 5491 4903 4872 5690 4746 4044 7211 5625 4175 3338 3492 3727 2484 3965 4973 3656 3603
3943 7035 4336 3315 3719 4045 5069 5378 5563 4078 1784 2765 2282 5732 5697 4988 4072 3266 5837 4222 4571 4057 3348 3850 5339 4589 1762 1809 3059 1807
4667 5359 3529 5892 4487 3660 5015 3830 3474 5266 4714 2129 4067 6119 5481 5299 6000 5117 4327 5556 5364 4307 3585 6179 3183 5475 3037 3658 4910 4463
4513 5857 2430 4750 4622 3233 5262 6439 6337 4910 4917 3485 5114 7738 3352 4903 4036 5468 6232 6704 3317 2948 4039 3680 2485 2764 3979 2666 3884 3481
4576 6544 5691 4107 5662 5530 4588 4020 4568 5950 4538 4894 4756 6882 3865 4940 6810 3859 5909 4043 4578 3643 1636 4618 4594 2356 2767 4084 4889 1905
3269 7099 4522 2827 4408 5577 4303 5248 6504 5993 2602 2431 4175 7462 3739 4133 5678 2091 6632 5275 3026 4857 2491 6247 4228 2859 2987 2552 5901 2832
3030 4951 5920 5488 3721 4342 4903 5121 4046 5721 4334 3622 2555 8017 4795 4982 5682 1886 4405 6655 6209 5217 1263 3650 3489 3164 3420 2137 6049 2977
4532 7203 2327 5270 4858 5253 3158 6412 6252 5440 2852 5028 5153 5529 3063 4927 6064 3589 6866 7593 4975 5017 4255 5715 4627 2820 4369 4828 4044 3399
5232 4499 3085 4366 3229 5067 5559 4370 5801 4176 4201 2888 4133 8156 4477 2178 4036 2984 7110 4605 4198 2480 3355 4967 3369 5387 3861 4630 3489 3065
3470 7340 3888 4682 5036 3512 4076 5676 6735 6497 4579 3394 4434 6923 5664 2554 6009 4672 6888 4431 3369 5408 4196 5823 3210 4830 4287 1832 3072 4921
26 4 8 14 93930 0.9395552707767286
8 25 6 8 56371 0.9204490379191244
17 16 10 9 43964 1.039899753252083
9 28 25 7 119613 0.9124105016424463
14 14 27 13 57508 0.9363904642714392
24 11 7 19 82291 0.9555863311476005
6 14 22 6 80082 0.9594706528234939
1 7 27 8 112199 1.0063197602701812
5 28 9 4 79432 0.9544078853781368
20 26 26 21 31480 0.9288773498081986
4 4 1 21 70468 0.9639955647014271
27 26 0 0 162515 1.0612287364323936
11 23 2 0 96045 0.9626139658000725
1 22 12 4 84461 1.0514949901007935
27 14 22 2 59517 1.0986669000446125
16 4 15 17 52931 0.9281181036818118
11 6 17 23 73549 1.0605099678598697
11 10 11 24 60047 0.9838344511350604
19 28 19 17 42854 1.046349425429245
4 6 24 18 102181 1.062822781068548
4 21 4 0 89586 1.0448061400421176
16 23 12 5 81862 0.9880496540909003
10 8 13 19 56541 1.0928715197814711
10 2 15 26 93836 0.9720209183275895
8 5 2 14 45750 0.9510942811993811
13 25 0 20 62711 1.062555762748642
11 22 4 6 64321 1.0552558468746247
12 10 6 21 49081 1.0729832931999164
2 22 27 28 95279 0.950579396476485
15 11 20 23 56547 1.014280127630189
21 28 0 14 106840 0.9391724312651399
3 7 16 14 70996 1.042992584793748
16 13 28 13 61005 0.9871530755637905
10 19 22 15 60103 0.9980233773842965
24 11 4 23 100284 0.9856471610849413
11 29 5 23 38810 0.9116046044736891
5 19 19 14 64951 0.9983888047865573
14 4 4 24 91389 1.0678169080730713
28 24 29 4 80579 1.077214244253232
1 3 5 21 74135 0.9739412525411338
27 10 17 19 61659 1.0063902729750591
23 15 17 29 64538 1.0436910534622066
29 22 13 16 72014 1.013436991647768
8 27 10 4 70770 1.033682232321941
23 22 5 27 69793 0.9938967579375988
28 1 21 11 58080 1.0245951973516112
26 17 9 18 67549 0.9969889094887484
18 5 22 22 75972 1.0248583824109745
13 20 5 3 79624 0.9599285402584739
14 25 7 18 48933 1.045227478191957
29 11 7 4 96386 1.0379998802372266
3 0 13 5 57462 0.964350374690116
19 6 1 2 83734 0.9654854322620472
21 7 14 0 49327 1.0352327976975597
17 6 26 8 46621 1.0230042248089217
10 29 7 19 41932 0.9706587446748982
6 23 13 7 73180 1.0587579822198256
24 28 24 3 90807 0.9037812505391285
7 8 24 15 80844 0.9006269229888879
28 12 25 27 62281 0.9399787905911671
25 23 1 5 128861 1.0738675191605769
6 28 16 1 113152 0.909537277515294
22 17 3 9 91094 1.0118557126096395
22 14 8 15 56004 1.0581986461586324
5 10 23 17 82166 0.9095173197925377
19 24 28 20 44504 1.0647285268995315
22 16 8 12 61035 0.9499529499402307
7 20 14 8 57059 0.9589460028262239
6 9 8 21 39840 0.9853868416072991
11 17 27 8 81330 1.096744880732426
0 22 8 27 40685 1.079973387315311
0 13 0 28 67347 0.9731316185485257
25 13 9 11 67304 0.9743706362877398
28 10 28 27 67183 0.9251097019614695
3 7 27 21 125160 1.0280941234989731
24 20 13 22 36115 0.9488156018116497
4 1 14 3 44183 1.08554324111146
26 26 2 11 118459 1.010405447223673
16 20 2 5 96934 0.9315605225583663
3 27 18 18 70242 1.0148970014620655
8 18 28 19 85233 0.9645550284399792
3 14 13 9 51882 0.9853382303384103
14 16 1 8 67573 1.0948660722731407
10 19 17 27 46061 0.9597035185168474
4 19 9 27 47150 0.9439732468273005
13 9 29 25 106868 0.9225820281596673
28 6 6 16 108570 0.9541627790587462
5 4 24 1 86159 0.986343915027581
14 25 23 23 38218 1.0248580763198796
2 29 22 2 146844 0.9500670387504802
9 28 23 28 50147 1.0216440529679829
8 26 16 8 83661 1.0327381074721775
25 28 15 22 46968 1.044069018904585
11 20 13 28 38770 1.0286068675616113
18 1 24 15 77552 0.9352797589975209
25 3 27 20 65685 0.98443364089258
19 9 21 21 63634 0.9671706438439762
12 22 18 9 61025 1.0990001282604842
0 16 5 3 62747 0.9224589957480915
27 16 14 27 70564 0.9418423855240367
16 14 27 27 76526 0.9367706551068494
6 25 21 8 106113 1.0127788018498274
6 10 2 17 46376 1.089101665129002
10 12 27 2 92783 0.9995576518655067
11 6 27 1 79869 0.998003308316137
10 18 8 27 37612 0.9148020672748601
12 1 17 28 101674 0.9870516929723308
7 7 10 19 45448 1.0659103223303432
8 5 25 23 102756 1.0241285942310536
12 3 27 22 107831 0.9070705197424023
4 11 25 27 110830 1.0133662187860042
29 4 1 11 125267 0.9439718330472985
6 28 10 1 89943 1.090621561613082
6 19 16 11 61443 1.090354230835964
2 24 11 9 71749 0.9065544103131115
0 8 12 28 103664 0.973074966952032
3 15 16 16 49465 0.9205588032621976
20 29 6 5 109080 0.937414680476937
6 20 18 2 90589 0.964990735509194
7 4 14 18 63123 1.0587890299819938
5 14 4 28 67044 1.0409968723445582
29 23 3 12 119032 1.0710847114606974
12 25 1 15 66172 1.0489767859914063
18 9 28 16 63030 1.0726284624671205
28 29 24 7 90223 0.9306749829561712
16 10 23 23 66802 1.0169201204597473
1 5 15 28 110518 0.9600827999044974
24 26 8 15 80486 1.0778880843279235
2 5 11 16 60616 1.0570921164701268
8 1 20 25 100153 1.0108939398320957
0 11 2 24 55291 0.9461131210331573
10 12 27 9 68120 1.0974748781811108
8 8 1 26 69997 0.9156658534990828
27 0 25 14 52548 0.9588927947190417
20 6 17 20 55316 0.9795996563197223
20 26 11 24 35967 1.0204449658563481
17 15 19 7 37753 1.0117255466577597
16 9 2 28 105923 0.9630649920136455
9 15 20 12 47483 1.024088751667879
27 21 15 20 49070 0.9000736122830368
18 23 4 3 103446 0.9576073570470206
27 22 20 13 60556 1.0845912986373025
11 16 14 5 47884 1.045495898932562
2 1 2 12 43914 0.9489859259304673
23 9 9 23 93298 1.0387040453688774
3 0 25 18 129556 1.0466324993865013
16 18 2 2 102332 1.0645465269379155
24 13 17 4 55532 0.9267403253436407
24 18 26 7 50661 1.0678180883753923
14 20 20 0 86826 0.9205610944977344
26 20 0 13 117710 1.0510602927219408
13 27 28 23 59723 0.9311720749161503
7 24 20 16 66256 0.9531767927965302
17 4 26 14 67549 1.0436319660827704
2 20 28 15 111821 0.9239318213606922
8 18 3 8 47576 1.0419321415908245
1 18 8 13 37556 1.0157597059937364
15 0 2 21 104351 1.0689247221398033
27 27 21 10 82240 0.9172824024260544
20 16 8 14 47498 1.0032944411248257
21 14 24 1 63956 1.0223579592142356
8 14 14 28 59965 0.9471731875131819
16 12 5 24 70516 0.9583453536638316
28 9 1 24 132423 0.9280382957672473
8 15 19 6 63157 0.9782753703344509
26 28 3 19 103651 1.0179629525752183
12 11 24 4 66377 1.0561103393084794
17 23 21 11 51766 0.9466594913217796
24 0 21 29 117377 1.0649955381514034
16 10 7 9 34431 1.0822699339673203
27 14 1 6 116689 0.9480136264951946
27 3 8 12 96837 0.9482502467830162
18 0 25 3 39840 1.022722238286681
5 14 15 26 66715 0.900951029585537
20 15 27 9 49913 0.9230970932700456
9 23 27 6 110323 0.9824382307644566
1 3 26 1 108279 0.9310781980839951
4 16 10 5 50918 0.9005851162814967
16 12 4 11 46402 0.9231525998899186
17 10 26 24 72439 0.9558009126401877
8 28 21 6 107547 1.0037288526313888
28 4 8 20 117104 0.9502984410625672
22 3 10 19 95672 0.9610793800022962
3 8 5 16 51365 1.0972143931548424
6 26 27 11 108716 0.92905860240502
26 22 21 6 77942 0.9987700266906323
11 20 11 4 67384 0.9062610499873751
4 19 3 7 67512 1.0812764001596904
21 7 23 20 68028 1.0151977456679901
7 12 5 3 40597 0.9447193954493105
21 21 24 8 61274 1.068099122714972
21 0 14 3 36799 1.0884979369495063
11 5 24 17 88712 1.0422213250443386
7 13 0 23 58899 1.0831020645110838
7 26 24 5 119790 1.0730225479370832
19 6 0 13 93741 0.9057830032257292
1 27 1 15 46362 0.9256786526582498
22 11 10 16 54771 0.9950264311948334
4 10 20 5 73562 1.0047590723764355
29 22 15 24 45971 1.0994421356426312
6 20 23 7 105187 0.9011826620674046
8 10 6 28 57929 1.0112278992467088
23 0 6 9 91217 0.991280900124771
8 19 29 24 81405 1.051211817741049
29 18 27 6 47019 0.9830147252649657
28 24 23 3 91918 0.9565153099852315
22 27 28 15 54612 0.9766368951993145
19 21 5 3 98135 0.9207614279962452
2 23 15 26 52283 1.0754038828906
22 0 15 12 63933 1.001438954351161
20 20 29 7 79256 0.9766513323445413
17 2 2 21 104074 1.077717749273688
8 3 22 13 78438 1.096647522543826
3 20 24 14 99365 0.9412211526257477
19 10 4 6 61333 1.08978321815984
15 28 21 20 47699 0.9792597835762296
8 19 18 2 78294 0.9517750972323984
3 24 4 15 50083 1.0645576074384677
19 2 8 0 46573 0.9340014269243042
26 2 11 26 127234 0.9063439367230062
16 1 25 17 85827 0.9373704738594004
6 25 20 12 89427 0.9814085915139683
23 29 15 27 33665 0.9748140576058315
0 9 20 3 94621 1.0677269660395035
4 14 16 11 50777 0.9706576423950145
2 19 27 21 95903 0.9210528231873827
27 19 0 9 123440 0.9575953115181935
27 14 19 21 51310 1.0438616620714547
26 11 28 26 61312 0.9835373515082766
14 2 4 28 107770 1.0003143889611987
8 14 2 28 63957 1.0186748065099032
1 21 16 27 69460 1.083037846394025
9 28 4 19 49869 1.067411485166466
3 21 23 24 74413 1.0510890409383529
28 2 10 18 113153 0.9029008986899831
29 14 17 4 75993 0.9337300432025885
3 25 16 9 90389 1.075777233268912
17 12 4 3 73791 1.0892637064711854
23 21 25 11 45065 1.0043598435564394
8 20 18 12 56527 0.9539888259358039
13 5 6 22 70230 1.0158081792693334
2 13 29 16 116462 0.9012360810153752
10 2 21 11 67764 1.0620263867550948
29 1 20 11 65711 0.994141499191201
22 18 26 9 52020 1.0085812190361538
24 20 4 4 116860 1.0474650320580594
6 29 23 0 143796 1.0684069068309427
8 27 14 14 60227 1.082657451713815
1 6 20 17 93145 1.0018758414882685
28 4 19 21 86549 1.0779571629877587
8 5 25 9 79909 0.9357124799645904
27 11 19 1 64919 1.0306051451680172
12 12 7 5 35338 0.9198489672781696
16 23 5 18 60299 1.0261657562846462
28 6 21 29 98577 0.9236221798339008
20 0 6 6 66064 1.0908548704044878
14 1 5 29 106933 0.9280127904803083
22 9 6 12 67543 1.03125075680595
19 13 0 16 75963 1.000542344551698
22 11 1 25 108629 1.0532700700720428
29 6 25 12 36943 1.0490202124902612
22 0 14 16 80939 0.9408625912078572
2 9 8 23 61201 1.0074964216324307
19 18 8 25 58744 1.016568306466779
0 12 18 12 69347 0.9674251822213197
23 22 8 26 56642 1.0835504806956173
2 17 19 13 75439 0.9765352103198951
5 1 28 5 105431 1.0654957474606714
13 21 6 28 49192 0.9599426782413449
6 4 18 15 65596 0.987351751851685
21 22 8 14 63083 0.9356397120295479
8 14 1 11 32145 1.0935149188976143
10 21 18 5 81590 0.9796598012589208
18 3 17 14 39399 0.9995165088697835
10 26 13 16 52876 0.9588903897796338
25 25 18 19 48061 1.0621604817198227
25 11 12 21 79760 0.9360369001720763
20 24 17 11 50230 1.035551342684185
18 6 23 21 73504 1.0590117727749113
21 2 24 13 53196 1.0190100064964183
19 2 0 22 112124 0.9072577486470368
0 24 26 6 144577 1.0677352962290612
16 3 19 27 85224 1.0828592391682248
7 26 20 13 81147 0.9833483668602807
18 1 4 6 60867 0.9609067549651253
26 21 11 20 55328 1.0083215894954118
13 28 4 9 91877 1.026545403530705
22 1 25 15 68386 1.0346543638721704
1 21 10 22 32703 0.9656102218200489
25 17 10 26 72112 1.0487525361956098
6 5 27 24 118654 1.0505337144169375
21 3 8 4 54883 1.0667082638357703
12 27 28 27 58244 1.0222622664773993
13 19 25 13 72204 0.9372479222171023
8 0 28 11 101710 1.041066659035061
27 11 11 16 69181 0.9879715691918922
17 19 24 23 36332 1.0931076156002923
10 1 16 24 95836 1.0587547221445524
26 29 21 17 57872 0.9299055012397563
29 12 20 2 68811 1.060041419248852
22 9 27 0 52206 1.0326743098097142
20 12 2 20 92791 0.999144165522822
11 16 23 13 57096 0.9363945552806846
23 26 16 1 100083 0.9578480332758186
23 7 5 16 95501 0.9332127831266208
20 11 6 27 92316 0.9559918829910623
15 11 2 15 53559 1.04546725279407
18 25 7 4 88556 0.9226034079455111
16 2 14 16 57536 0.94484241648173
4 18 22 4 104644 0.905375403082351
28 17 7 18 80084 0.9536996969531731
8 26 26 7 120562 0.9145181837068567
22 20 20 5 72831 1.038361127570739
8 6 22 0 68951 0.9129060762127441
13 23 5 16 54285 1.0338212822957908
5 17 9 25 38901 1.032687856527223
1 2 18 13 96683 1.0724130530085296
13 14 23 14 45515 1.0356808490507778
4 28 2 19 51009 1.0827486274257814
9 8 3 29 80525 1.0273248309154002
23 10 2 1 108123 0.9040535737859001
18 29 10 18 59462 1.077587463911233
11 20 21 2 94195 1.0942047918684303
26 0 2 0 103755 0.9603156449888789
20 1 16 24 84290 0.9843869344033588
2 22 13 15 53634 0.9364885001985364
26 23 28 0 87512 0.9100049241492937
28 3 18 11 64567 1.0751773612372317
13 14 6 19 45957 1.015819895451409
17 27 15 8 69399 0.9771209707413968
21 21 12 25 41102 0.9065052436926466
6 13 7 26 49716 1.0802031884555567
26 22 24 2 78312 0.9121045730376104
9 21 15 5 74049 0.9724201866775534
15 12 7 8 40033 0.9409797918397664
17 29 6 6 92661 0.9313019233134883
7 23 28 28 83031 0.9622256975132166
3 3 27 1 101094 1.058198666038692
3 11 26 13 93427 0.9615945628432129
11 9 17 14 37786 0.9567684157156833
25 29 23 20 37763 0.9895409683481191
4 16 26 18 90980 0.979571298162261
18 28 27 11 80381 1.0564969210028188
17 22 5 17 53319 0.9473203899325616
19 27 7 27 37095 1.0788906642453269
21 27 27 3 96302 1.0804051926996343
16 27 3 16 84888 0.9232255614775055
9 25 15 21 36265 1.029617422164133
28 10 13 9 63106 1.0790544933919042
22 26 13 11 71246 0.9025329870081796
22 28 26 9 79699 1.0344960383382338
5 17 12 1 67298 0.9346606654531107
26 0 15 19 108513 0.9043798356915578
5 14 21 26 82419 0.9580194760212091
3 3 13 20 87648 0.9936732642614471
12 17 15 24 36278 0.9082769625263797
0 21 18 17 76341 0.9521698723437799
14 2 19 27 93853 0.9313048465241189
19 3 21 21 79295 0.9753038352085854
16 19 29 27 68129 1.036727986646635
0 26 4 7 84842 0.9489464007155761
26 24 11 21 54922 0.929509298728925
18 8 7 14 57749 1.0201250127346166
29 29 13 13 102689 0.9339647247223888
6 5 5 14 39401 1.0903603613191937
3 18 8 24 45608 0.9316109348598258
23 29 2 12 118493 0.9266835873328458
29 12 19 11 39822 1.0127009205932163
25 29 26 12 71268 0.9611725565782591
26 7 6 10 86718 1.0263930608150664
25 0 2 20 144509 1.0612195267137554
18 20 16 11 39092 1.0000814724843057
2 24 22 7 119546 1.0963989703309736
7 26 20 27 41186 0.9627421831057092
11 27 3 13 74797 1.0361274771415228
18 2 4 8 67273 1.0705022429891564
26 9 11 4 80528 0.9233739443464668
17 24 22 15 45828 1.022820737657494
25 12 11 28 100114 1.081159263752716
20 20 15 29 40324 0.9667471394304307
3 11 28 4 114109 1.0838406826865743
0 3 26 28 154825 0.9559259223986324
14 27 5 20 52569 1.0291663139427258
1 24 21 17 85066 0.9457058849924442
2 16 19 14 65211 1.0309760877644076
7 22 22 29 67310 1.0280586491347623
26 2 11 7 78777 1.0538601626205977
12 19 2 7 77231 0.9689832712546438
29 8 2 27 142448 0.9391390315777658
1 23 20 23 67458 0.9209263525404251
11 17 3 12 42278 0.9319906204630317
9 22 26 2 123673 0.9697005642626054
23 18 17 26 51133 1.00658940229215
24 5 6 17 97560 0.9670946361516393
23 4 10 12 71111 1.0177439531736363
25 16 23 29 50107 1.001191137824141
19 0 12 20 89634 1.0308954164767916
13 28 1 11 94339 0.9622489892366832
11 7 4 1 46125 1.0123559255392596
27 9 4 9 93370 0.9998009949848656
19 8 27 18 66183 0.9504544913812278
26 0 5 0 93883 0.9936633651808171
27 4 21 26 86813 1.0119039029441375
21 8 26 16 52744 0.9471163256035638
22 12 29 26 75995 1.0321393797503648
7 7 2 16 51898 1.000334214819571
11 14 20 21 54438 0.9720398168021395
5 13 29 3 123114 1.0520728210047596
20 15 1 21 83234 1.0431679194512058
14 0 2 20 100122 1.072092097784866
13 23 28 25 58462 0.9273483948017641
10 11 1 20 57446 0.983638231056398
18 14 14 4 45098 0.9863739763990441
18 22 2 14 76836 0.9590916979813587
2 27 18 20 67996 1.0851826722318536
4 22 5 7 64125 0.973596869802011
8 0 25 17 104533 0.9409339278031322
5 27 22 20 75553 1.047384474686771
10 6 12 22 63724 1.07536311228214
1 27 13 20 62728 0.9905374698188831
14 3 22 16 73667 1.0812073553008932
9 1 24 26 119713 1.065641150541948
21 17 28 13 41621 1.096437800051369
19 11 20 27 67750 0.938638122697378
21 13 24 5 45735 1.0738595729014935
9 7 24 0 85513 0.9149633951197148
29 11 6 6 94046 1.0601702795471182
22 28 20 1 111130 1.0587780627598151
10 15 0 28 72091 1.061492860030572
10 8 21 3 61168 0.9014878299038783
27 28 23 14 59661 0.9076381712251541
25 9 27 24 61660 0.943083322622124
4 13 17 21 66470 0.9184140939010673
15 24 10 8 70709 0.996974752867416
5 28 15 17 69935 0.9324876218104983
9 12 24 11 57368 1.0063329586018284
18 29 16 15 46757 1.0580153484547206
4 21 17 6 89644 1.06518594066438
5 9 4 23 62541 1.009354651332444
3 25 0 14 55094 0.9867052403777937
0 3 22 22 126527 0.9527773321533776
22 0 11 14 86886 1.0760607297685973
7 29 17 25 39430 0.9629442032087585
7 25 25 24 64739 1.0037669800301314
18 8 18 21 51022 0.9526613256939788
18 2 12 9 51520 0.9566984318504645
4 9 28 29 132504 0.9124777011427511
26 14 10 13 73169 0.9527384815968852
25 20 8 12 84782 0.9265232978138614
13 10 24 6 58777 0.9884732614668013
20 21 7 3 92207 1.0882529337245783
16 7 8 9 42260 0.9288840141731706
3 23 3 9 66562 1.005917619203665
17 9 14 27 62532 1.0032981430651093
9 12 28 10 73314 0.9872751697244583
21 5 13 14 55293 1.0939949756550837
24 6 16 14 59668 1.0540708239838392
17 12 9 7 44954 1.0118077336076245
2 15 17 26 77940 0.9023634446312783
16 6 15 21 57944 1.0844223585921962
10 8 15 16 45213 0.9697969252108976
25 26 2 5 130832 1.0763913051239564
22 22 13 13 60819 0.9940598245730923
10 28 25 1 141890 1.0078571894874528
15 29 21 6 89417 1.0425603755345434
20 2 5 16 89144 0.9121328539862243
28 11 27 29 65904 0.9203813378004707
25 21 16 23 35353 0.9367671026203566
14 0 19 24 91318 1.0660772784847603
4 23 24 2 125568 0.9846370007664433
0 8 19 16 87496 1.0426485400286507
2 24 28 29 92392 0.9218946705791584
14 27 8 4 80296 1.0936918017695667
1 3 7 24 86915 1.019083258492981
0 16 22 16 85975 0.9121989686727875
5 9 19 23 86040 0.9443729852283274
14 23 28 7 92681 1.0595007631765208
17 23 0 7 102353 0.9214703829382352
28 5 13 7 72288 1.0216771345509146
17 21 27 3 91608 1.0884359112666284
9 4 0 0 49709 1.0601278400722831
23 15 10 22 67887 0.9709371655111816
9 17 5 26 40787 1.0135127412103309
6 11 15 8 41651 0.9774202101465516
7 19 2 6 58158 0.9322269785613114
10 25 20 16 60110 0.9203151483250211
26 24 16 27 41268 1.0804822838992567
14 7 7 14 43127 1.0799128352262242
14 12 27 14 58182 0.9173005913222241
9 14 25 19 74785 1.089724689366906
25 20 20 13 50371 0.9798097530461212
15 14 17 2 48421 1.0986530941827264
9 5 2 18 64283 1.0510362876410357
26 28 0 14 122636 1.062575876715413
14 1 16 23 83324 0.9399991490019242
24 21 15 7 78168 1.0771316429823286
7 25 26 12 107492 0.9681723317705362
25 0 18 27 118976 0.9137325399119791
29 17 5 3 122999 0.960569235680873
22 12 5 5 80545 0.9964117616003904
13 24 12 1 94851 0.9112482148242304
24 2 27 20 72401 1.0516052465201842
27 1 15 19 104476 0.9189539455984672
7 21 22 0 111058 0.901816665375866
5 19 8 0 64963 0.9045511755670854
22 21 0 29 90100 1.053155443238973
8 9 21 19 70845 1.044309612018786
29 19 29 7 53360 1.020786382070355
6 2 24 15 101544 0.914979194737477
11 3 4 23 72099 1.0357487317088103
15 1 24 16 88397 1.0753329785106185
8 5 18 0 48705 1.0046717862952692
26 28 5 19 93602 0.9445040132786152
26 26 21 4 97762 1.0406431260697835
0 1 10 28 118585 1.0166367098157547
22 19 16 12 49982 1.0111448802509306
26 23 10 7 100530 1.0334445134224908
9 4 0 1 51207 1.0593946032059622
18 16 5 28 77186 1.040764571853584
12 24 25 7 103025 1.071288770483743
24 0 4 17 121276 0.9075135453023179
22 23 26 5 75793 0.971902653420254
18 15 29 2 88879 0.9650603750357917
27 23 20 14 58886 0.9209728634287079
6 25 4 4 80539 1.0225768436669436
1 21 6 27 37744 1.0517027013618963
6 18 15 7 65773 0.9550701624742981
3 29 28 5 150729 1.0221369969320913
8 17 3 6 41498 0.9069418177432179
14 3 26 8 66160 1.0944621721142098
23 11 5 19 87490 1.0258471989732554
28 3 11 16 99793 1.0986616578759454
20 0 18 26 97426 1.0391873758839736
10 10 24 1 81246 1.0096723026228227
20 0 26 18 88830 0.9843557578778228
2 2 9 29 106239 1.0672333918449457
21 8 5 16 81921 0.9037196375547799
17 12 14 19 35117 1.0651873416498678
28 22 23 28 36391 1.0898091633347615
20 23 7 24 48091 1.0035465847501888
24 13 21 27 58569 1.0239056724706477
13 14 23 1 78450 1.0497535076588964
2 22 7 7 62301 0.9481929910217214
26 10 17 16 52511 1.0591545225065186
13 16 25 15 53204 0.9766270625218149
20 23 24 15 43025 0.993823853169233
11 2 26 2 60204 0.905557545882465
26 22 6 2 114900 1.0612990231069703
3 28 0 8 83485 1.0889254086620892
17 23 20 9 54495 1.0006081435478325
16 21 2 9 87034 1.05922397954824
16 26 20 13 54813 0.9387253668764514
6 11 22 17 69422 1.0077343861446149
3 20 20 14 80970 1.0553368693608853
8 19 22 26 62603 0.9556988580655252
16 3 4 12 68310 0.906290719542811
1 5 12 22 84059 0.9644384385299848
3 3 3 25 92504 0.9963995014541598
9 26 5 8 69092 1.0979719137432689
23 19 0 22 88456 1.0547311420638783
1 8 22 23 111194 0.9827033699999436
12 6 19 11 45537 1.040109642821767
21 27 4 27 54632 1.0406387277064129
23 10 20 17 43786 1.0836682689961088
12 16 16 29 59351 1.076658217999285
6 16 5 3 53389 1.0982240104723904
25 21 19 25 33076 0.9431316573236675
19 26 7 5 95389 0.9052063263834186
1 2 9 9 52473 0.9587141464736356
7 21 27 16 84565 1.0430532230722127
19 22 5 25 55317 1.064026801910452
7 2 24 7 81921 1.0270469661031165
3 5 8 29 83925 1.0799607565419806
17 11 23 16 42325 1.0703831918421045
3 19 15 0 98612 0.9793758106123993
2 27 25 16 101311 1.0271226791333126
21 22 21 12 51566 0.9296944423732868
17 7 28 17 69755 0.9304275360544418
26 14 7 15 74267 1.032938253383624
9 10 0 0 63645 1.0991629803888678
9 28 13 21 40142 1.0102457962692641
29 27 8 16 98931 1.0720482434457819
6 29 14 9 82051 0.9947105205285958
13 29 9 15 58015 1.0585242374133248
11 15 25 1 95158 1.037538501799729
19 14 1 16 64553 0.9272642595827728
26 11 15 8 51924 0.988545495181703
27 16 7 4 104242 1.0463998302419486
23 18 12 27 69505 0.9596083983736675
1 20 27 19 97041 0.9710109022936961
3 23 13 2 88298 0.983300033072918
29 12 18 24 72663 1.0200012659357096
29 2 8 11 102348 1.058544710532308
21 4 2 24 122370 0.9937358624724505
5 3 13 25 93221 1.082782460594758
11 2 21 27 111269 0.9101588092231828
18 8 2 0 86705 1.068428967480846
15 5 25 23 94660 1.0996633323691158
19 29 15 15 53783 0.9484084892892967
29 6 5 4 108840 1.07717527401966
22 6 5 10 76105 1.0284363335657387
23 2 12 5 51062 0.9047930237541858
6 7 2 23 74113 0.9989844848561074
17 24 18 14 32449 1.0223974246227374
19 18 10 5 76250 0.9182200195964209
22 4 0 9 101225 1.0167714655640268
11 23 29 29 74245 1.0202011337198986
8 20 10 9 36763 1.0231099579421805
0 13 23 23 107512 0.9475073007217304
22 7 9 19 86193 0.9411246961960347
19 13 5 4 78830 1.0640007013128665
0 15 27 5 121359 0.9226052654994105
24 21 6 25 68947 0.9987695337638431
12 10 21 22 65346 0.987761549502087
25 12 11 16 63883 0.9932585824394857
3 22 9 1 70363 1.0325889382497722
23 13 9 13 64406 0.9976745601413737
14 15 8 4 44182 1.0646617418390036
18 4 6 2 51265 0.966657584715857
20 17 19 2 65823 1.0696398049554878
27 24 7 4 115883 0.935143930707414
8 21 22 11 74384 0.996605216500175
28 2 17 19 92846 1.0325179053895888
1 24 4 8 71224 0.9315417513001798
12 15 7 29 61301 0.9098260518839921
24 27 1 13 113105 0.9233259785915838
16 1 26 17 87713 0.9296781105758378
8 27 25 21 66780 0.9691301511552874
4 8 17 10 57026 0.9993582919842311
25 10 27 1 37514 0.9096167011969445
23 11 9 22 79810 0.9040405885060541
5 20 13 10 53588 1.058318520383555
10 9 24 25 93220 1.0628271576066497
1 29 4 15 62759 0.9608522405200491
27 0 4 29 158442 0.9520311113627509
25 10 0 5 105757 0.9440703009254342
0 19 14 11 73608 0.9367151895872031
0 2 27 10 124876 0.9198612403681007
6 8 9 15 28919 1.036273334325401
16 23 29 6 98930 0.9872287791602445
23 12 24 21 40149 0.9342800972434695
1 15 11 26 63463 0.9055331002128693
8 23 20 10 76710 0.9750135461505993
22 3 14 9 54348 0.9190839645995851
16 13 8 21 55477 0.9716002532424974
13 3 2 1 53221 1.0803064325298373
24 26 25 12 53119 0.9499062867558736
18 5 25 17 73528 0.9269501525734989
10 12 1 5 51586 1.0157745236706524
27 0 6 8 99653 0.9863204104881058
27 0 20 6 47135 0.9706187457730411
29 25 6 21 89212 0.9363899876093418
28 19 15 20 59926 1.0374255058970412
1 6 10 2 42174 1.0127442225129466
3 13 3 28 75917 1.0493251439079843
3 28 13 24 47309 0.9077296492470217
26 6 11 7 69602 0.9361008070053657
23 1 13 8 65355 1.086415520348425
28 28 25 8 83248 0.9470478045633237
20 8 5 21 93510 1.0039255224132118
28 12 28 2 41036 1.037521500255439
27 7 29 27 75512 1.0859255323803179
1 13 25 11 94165 0.9857199372250428
11 17 22 6 72289 0.9082181109779268
1 10 19 29 109639 0.9874280280359777
15 1 28 27 127518 1.0793337093664443
8 26 13 13 62735 0.9391367936971782
0 18 28 28 122160 0.9393776525040982
10 19 7 1 58932 0.9087898568103722
12 5 8 28 82706 0.9014155939152353
13 26 13 3 91036 0.9267200542292412
3 0 25 28 150652 0.9926887531027735
9 28 4 11 67016 0.9525067886437287
23 12 14 29 83918 1.03654464740546
25 29 19 21 46713 1.0407782722163879
28 7 7 22 115793 1.0747214579567832
6 21 13 2 74780 1.0584971290124416
22 17 6 0 103124 1.05501324407463
13 0 6 4 44962 0.9166400598278118
0 25 13 4 104148 1.075769585444469
22 22 1 6 111216 1.0473961267377019
3 26 14 13 76841 0.9274494055616691
26 10 1 19 114747 0.9048740727752229
20 23 2 13 93410 0.9901423584060405
24 9 5 3 96275 1.0898760999348756
21 20 26 29 45899 1.079867712337504
26 8 7 11 81974 0.9429611385009067
26 16 1 4 125699 1.0100333206550665
19 28 2 13 102146 1.0917331501606506
11 26 20 13 70475 0.9378524753844166
21 22 10 1 103911 0.999728874733745
9 10 7 29 61842 0.9555496077510042
15 10 29 23 90810 0.953731665455933
22 11 2 25 107299 0.97197609347763
10 2 25 12 85790 0.9104242085742867
22 21 9 23 49819 1.0496834721050914
12 10 4 29 81568 0.9759620618205285
19 22 28 10 66310 1.0368731806253666
28 4 7 11 98002 0.9339174235997811
24 22 12 22 35590 0.9121044837448865
26 9 1 8 105083 1.0266901049369759
17 2 6 23 93286 1.0645033373066908
3 14 19 4 89503 0.9331188497678812
6 1 20 15 84571 1.0457852884414613
21 25 11 9 80363 1.0239201082024953
26 8 4 22 115072 1.0822353808497664
28 25 29 4 85233 1.0946762937273873
13 18 27 28 72939 0.9702039065020673
3 2 21 20 117977 1.0622259390247928
14 3 5 18 69385 1.0799952296928352
4 22 14 1 83786 1.0528643700696336
16 6 26 16 73649 0.9028369973678968
17 6 9 25 84639 0.9068488430524547
13 5 5 7 37727 0.9250383502007323
7 19 21 15 62120 1.0957426701296045
18 20 7 16 59160 1.0309728911910738
17 21 2 1 110761 0.960147426645613
22 18 9 0 101482 0.971187293199641
16 20 26 3 94871 1.018633591305082
25 2 25 23 88059 0.9665530197279355
19 7 5 23 94668 0.955482842009853
21 6 1 13 94576 1.0110432068712816
12 9 19 22 64774 1.0218108281808829
2 12 21 6 88884 0.9004660071083906
10 29 14 4 99326 1.0883077697269201
0 18 15 11 72664 1.0841739074782772
29 22 6 19 82779 0.9725937648213148
5 16 4 26 51237 1.0405994249790238
20 17 7 8 66700 0.9332212361134394
23 14 25 27 49880 1.0619725589302558
27 4 8 13 95519 1.0692095647149293
28 0 25 24 94545 0.9710811598753444
11 4 27 26 123472 0.9354266189885098
13 19 17 0 75620 0.9333845473916399
16 7 1 26 103666 0.9522820532216463
24 9 7 3 86172 0.9655681252778645
4 10 27 19 107257 1.0764330670868647
10 22 24 0 120693 0.9932904140812518
10 23 26 4 116069 0.9714087393418639
12 26 0 23 47037 1.0283466984039036
17 11 26 13 39869 0.9881670176847361
8 9 13 15 30258 0.9320920606592027
27 1 1 25 157287 1.0128838438063683
18 26 20 2 90585 0.9973608674751143
16 27 16 13 52985 1.0917691061139103
19 14 29 0 88287 0.9526468167998244
16 22 28 2 100455 1.0462577882059982
0 2 25 16 135047 0.9917384747196836
28 25 20 0 118178 0.903370650751019
1 9 21 29 116858 0.9306702176447639
24 19 4 1 123383 0.9679802562105395
0 19 9 17 46304 1.0716997253922682
22 11 13 18 56541 0.9725940523518144
15 29 1 2 125689 0.9671020218967824
10 7 6 14 34386 1.078938468006854
29 29 21 7 109433 1.0560507486612467
4 21 24 0 134192 0.9203437701150159
22 1 29 17 81215 1.078312059956037
12 4 11 17 60152 0.9538882913905691
3 3 17 26 110797 1.0502777681676942
1 8 25 14 108007 0.9512385107611872
3 6 15 3 46828 0.9907228456524033
12 28 27 20 69227 1.0033873916689557
21 28 28 11 76283 1.0396552211354524
23 26 1 5 127528 1.0486685207090463
19 7 2 23 106408 1.0413706657763337
8 15 23 16 59704 0.937491835127083
5 21 25 19 80961 0.9138868095334082
10 28 12 17 52637 1.0887035592157128
15 16 29 10 74834 1.0422936472229911
19 3 1 1 80840 0.9937969377179425
22 24 27 2 86876 1.0445433361350238
11 6 5 14 40835 1.0646141574566284
0 2 1 20 68569 1.0462059049908214
25 28 11 19 71399 0.9151335737580651
11 1 25 6 72885 0.9056757943375483
18 0 20 24 86965 0.9783950209652506
26 17 6 19 83410 0.9316089505774459
0 12 6 23 60887 0.9717319421304733
2 24 12 20 46143 1.0077823430633863
13 23 27 16 64770 0.900850750880699
7 15 4 5 42032 0.98828011738343
5 5 17 3 56124 1.0260616244495393
2 29 0 14 66420 0.9361655985693448
29 18 0 14 116801 0.9559040142626081
19 9 8 2 66854 1.0843033365719874
1 27 10 3 91901 1.0986288545925549
16 15 25 6 65140 0.9152628651269128
11 17 14 10 31474 1.0259148873337356
19 1 9 14 75769 1.0987114287138622
13 27 16 18 42105 0.9874455289425659
26 18 0 23 101321 0.9602088471789433
25 5 20 15 62429 1.0018101279841654
21 13 8 26 83843 0.9460442827998459
0 11 26 13 104362 0.9078102010082512
8 15 28 19 87156 1.0548402433417972
5 13 18 28 81413 0.9856252345713525
1 29 26 9 142390 1.099811598038366
9 8 21 6 58956 1.0417681231650413
25 5 28 12 34253 1.0541604462040297
14 3 6 7 39228 1.052617498767428
24 4 20 14 55014 1.0496782372583093
12 20 9 5 59221 1.009857971784394
7 4 6 17 42279 0.9176118444312963
4 20 12 0 89799 0.9338624015503831
28 27 18 27 34006 1.0551151970720707
3 7 11 5 35716 1.0934920534265697
26 3 18 1 39593 1.077923845548062
9 21 3 25 32151 0.9435815560254532
26 16 0 25 113860 0.9118269618835728
26 27 18 14 69242 0.9066430169957214
15 4 0 25 111536 0.9576645046479241
5 0 14 17 80956 0.9945080652367895
25 21 8 12 83401 0.9714145048020613
8 7 18 9 50479 1.033030427482646
6 20 29 5 127538 1.0221584336059155
25 17 17 2 78798 0.9887295959280208
20 28 13 15 59685 0.9471880135896443
15 27 18 10 62426 0.9416363066914433
15 2 22 7 42484 0.9259115585158014
1 29 28 25 94135 0.9030369967417634
19 16 22 8 46440 0.925747453068077
27 23 25 1 84629 0.901631314507978
3 24 27 18 95497 0.9952686172713973
14 22 8 26 30805 1.0565420943766517
22 23 16 6 75745 0.9858792497724127
3 6 28 0 106412 0.933310945092916
29 15 16 18 55098 1.0431524119747149
14 9 4 29 90439 1.0523764212802453
0 23 29 26 104676 1.0231451141600651
27 24 11 26 54143 1.057204845028757
17 13 12 20 43320 0.9217666183721758
14 19 19 12 42471 0.924208584479755
28 8 19 4 52330 1.0420194831620382
10 8 5 21 55172 0.9181160166848384
21 10 2 1 98492 0.969855544607746
16 14 4 2 77463 1.0841631671932603
8 2 29 29 137702 0.9167324571607341
1 19 10 21 39261 0.9638710422134558
4 18 17 10 68147 0.9580837228698045
21 7 1 18 105750 0.907113474124157
13 7 14 24 66510 0.9070579023527059
13 27 25 18 65955 1.0083191753550886
0 14 17 1 95981 0.9803646282459453
11 15 2 25 60623 1.0018460646884022
22 13 0 15 87155 1.0142202163947494
11 14 24 23 73123 1.009033665063574
16 14 12 29 62520 0.936262563910808
16 8 11 23 70700 1.039685747784304
4 5 9 0 37515 1.0883767327537415
0 13 0 26 57250 1.006453348074063
29 20 15 21 53662 0.9831474069082452
5 8 10 0 43009 0.9441507408589846
9 7 23 5 63392 1.0893517733776834
5 1 28 29 148240 0.9947344637670574
20 23 8 2 93679 0.9728488305971048
22 7 25 24 78404 0.973824119849323
8 23 17 24 33946 1.061232449275392
17 19 26 5 80693 1.0167868818570818
22 22 13 28 43227 0.9928735347777603
14 5 26 22 92665 0.987866576216851
26 0 2 24 150467 1.0711904994348884
7 13 25 1 103875 1.0361476035340058
6 18 6 28 47012 1.0009409874721573
13 0 7 10 52502 0.9698453378160034
11 2 10 22 68857 1.0110500546679493
3 14 5 4 55129 0.9364809119423948
16 9 1 24 90473 1.0898602879749308
6 26 19 19 64964 0.9173291164916623
27 23 1 1 147525 1.0913446563930653
27 3 1 14 129625 0.9169283207670541
12 25 29 26 59127 0.9212284628078666
20 18 2 27 81545 0.9163349308516938
24 16 9 2 100692 1.0438727274775044
4 12 0 26 66179 0.9541489580087728
28 26 10 3 129928 1.034279068061959
14 22 21 16 39336 0.951236824302045
1 3 9 20 74236 1.012844303344378
15 22 10 28 38640 1.0724595826801961
4 3 5 16 61684 1.0641584777534727
11 11 28 14 73663 0.9570865617676105
16 9 11 29 82071 0.921248479661926
5 18 26 15 88825 0.9278930973618638
6 22 4 11 49093 0.921368845800334
28 26 29 6 82242 1.0177120839822793
11 5 2 21 76526 0.9342652827723742
26 2 25 13 48766 0.9555712334889352
10 19 29 1 127413 0.995449981314955
24 25 7 15 81655 1.0672196303557795
19 11 22 4 37621 1.0011204577254336
7 23 9 5 55322 1.0154230902038055
5 4 17 25 95460 1.0300534883422168
11 5 12 19 65366 0.9405439775837845
1 0 1 21 72881 0.9438604641142673
20 8 19 22 65041 0.9893871482525998
5 29 25 7 134526 0.9626025821759268
27 2 17 13 72016 1.029110337609637
14 25 4 15 63413 0.9455031802740079
27 20 0 9 125973 0.9455325814534791
27 20 19 15 50277 1.0482471442738992
28 16 27 3 46939 0.9981909381492373
15 7 0 11 69267 0.9299805996057924
18 12 12 22 49795 0.973310837441407
8 2 11 16 45720 1.0759064602290358
14 29 26 25 46420 0.9925418469756683
17 0 13 21 80155 1.0555780881256236
10 12 18 19 47895 1.0679938841377048
14 0 3 11 69831 1.0766932823369206
15 17 26 21 52303 1.0589481618875414
24 2 10 6 69525 0.9432172300276142
3 1 20 27 131323 0.937022148345318
24 3 0 5 106092 1.0991792261948161
23 19 23 2 74294 0.9442575789689909
23 28 29 11 75033 1.077540067837614
26 6 2 17 124587 0.9296977230006392
0 4 28 9 121518 1.0040340645032846
22 0 19 8 43263 0.9718094322455678
1 22 20 17 75131 1.0566890005284129
26 17 16 2 84324 0.926099840116376
9 28 28 1 140793 0.9082967495228585
9 6 28 10 85417 1.048989079842159
0 10 22 7 93301 0.9496777363341078
29 6 4 22 131273 1.0110105815299186
18 7 24 24 83112 0.9068115911609304
23 16 12 8 71614 0.9117336791553106
3 22 27 27 87908 0.9557653038934859
20 7 10 19 76684 1.0542973766710242
11 8 25 29 107705 0.93896882029592
25 29 13 7 108627 1.093513901951835
5 2 9 15 48000 1.019958548697995
1 20 7 25 35846 1.0688348340131106
20 8 18 27 76609 0.941365095304722
6 6 21 10 61368 1.0596053441099018
6 21 25 23 70061 0.9799772253714667
18 1 1 10 86864 0.9448842061719506
12 10 6 4 36405 0.9526733953793975
8 3 1 11 45880 1.0937787061575763
18 1 13 22 79957 1.027498513653289
2 29 18 2 130738 0.9905686773325929
11 29 13 14 66372 0.931853233927949
4 10 21 21 89189 0.9867972428553313
11 5 5 12 42350 1.0460061241490228
20 27 22 7 92911 0.9554780290557641
10 29 18 9 84923 1.0248616023845887
14 4 21 26 89562 0.9216069463538397
6 19 6 1 67002 1.0032852649029813
0 0 1 26 96345 0.9371573243322735
23 3 14 7 50509 0.9964625857969756
0 29 5 15 68644 0.9616808434731869
15 27 28 12 88132 0.971059311478085
10 5 3 8 37370 0.9413631908736938
15 13 2 26 86746 0.984481787239568
27 23 5 24 81033 1.0495998319234203
16 10 14 25 59191 0.9628405438620835
2 25 22 27 70299 0.9843568143564099
18 3 8 14 66224 0.9485586069948956
1 19 16 16 72593 0.9000687482049194
20 9 25 18 51824 1.0344704483597011
29 25 16 6 105890 0.9870810010114849
25 22 15 0 100358 1.0194559548118962
15 5 20 20 71233 0.942351568990163
20 0 11 8 63703 0.9009957735963948
4 0 2 13 59014 1.0413443529805733
5 15 11 10 31578 0.9644556474376562
29 7 18 12 60241 1.0916893114075974
29 17 22 9 52333 1.0093147073975943
20 26 9 22 46182 1.040729118950006
15 7 6 0 61954 1.0386992280085845
5 10 22 9 66191 0.9958267442023953
23 20 14 8 73985 0.9364551226209381
2 15 14 2 71582 0.9107884480073458
22 11 26 22 53214 1.0334268408709135
20 5 9 2 53290 0.9173670843965938
26 19 21 6 70009 1.0319286474499023
16 15 29 28 80662 0.937961526301693
22 12 25 2 51234 1.0726651563245697
26 26 6 14 96131 1.0954275931399975
3 28 13 29 38678 0.9927827467027356
0 5 13 11 65315 0.9368548693685805
14 7 20 25 74654 1.0081875672150982
14 1 0 10 72194 1.047124460187956
19 28 12 2 104543 1.018424636959827
21 6 21 26 88853 1.00808597696481
25 13 11 13 65598 1.0344065984884565
20 7 25 2 38647 1.0603628327248744
28 5 0 12 126286 0.9705610206912924
22 25 29 4 88968 0.9544446840445012
17 25 22 15 49723 0.9249925565029958
24 14 6 29 99408 1.0156495566041388
2 23 23 9 112951 0.9425543093321782
3 8 12 3 46584 1.0260994032310435
4 18 27 12 104225 1.0049925204996732
2 23 8 12 49561 0.9964742973219012
1 23 29 15 111349 0.9629438985418821
12 19 19 15 44556 0.9628429872257913
8 28 27 11 107161 1.006299065159018
0 10 5 24 63090 1.0027438138535498
19 7 3 10 74038 0.9047786226929628
7 14 27 24 92308 0.9764296851284772
1 8 24 27 127310 0.9889501657373851
