8942 8086 7474 8235 7963 7192 7648 7853 6761 8793 7566 7556 6802 8564 6591 7476 8806 8397 7163 7164 8554 8086 7718 6961 8781 6903 6636 7945 8257
2414 2351 3310 2963 3493 2166 1791 2207 2659 3928 3281 2929 2150 3237 2657 1952 2011 4036 2912 2307 2653 2436 1987 1681 2925 3795 2520 2140 3885
6953 8362 6673 8561 7788 6362 8127 8616 6320 8238 7899 7642 7331 8079 8515 6925 8644 7417 7799 6783 7929 7623 6568 8236 8252 7780 6289 6437 6530
6654 6165 6464 6613 7344 6638 6219 6791 5976 8131 5979 7130 8149 6053 6658 8267 7720 8133 7998 6725 6813 6065 7234 7295 6447 7638 6679 7045 7006
8045 6513 6693 7042 7858 7721 7740 8365 8231 6968 8369 8266 7279 6092 6078 8408 8036 8287 7154 7792 6655 7045 7081 8232 6313 6959 8180 6722 6940
2397 3290 3980 3021 1780 3587 3867 2458 3829 2208 1812 2114 3836 3038 3232 2930 2005 1995 2496 2924 3231 3432 2889 2500 3892 1864 1733 3447 1933
3730 5107 4894 3476 4926 4582 3916 4008 4016 3899 3240 3408 3101 5435 5431 4224 3344 4715 4631 5319 3365 3895 3699 4013 3595 4261 4741 4305 4038
4271 4199 5131 3723 5956 3773 5093 3762 4991 4403 4648 4559 5838 5262 3896 4904 5315 4281 3924 5443 3913 5546 5574 5027 5280 4818 4740 5780 4298
2731 2546 3525 3405 2853 1680 2248 2177 3111 2206 1956 1652 2157 3485 2480 1817 3111 2060 2524 2383 1486 1466 1115 2254 1388 2315 2557 2336 2723
4039 2742 3764 2824 3982 3229 2538 2738 3890 3311 2587 3937 3403 2357 3252 2517 1837 4014 3563 4169 3284 2097 2792 2830 2143 2187 3612 2678 2158
6382 7163 6290 6776 6117 7025 6260 7372 5650 6014 6325 6547 7901 7164 7626 6099 6071 6197 7271 6900 7662 7943 7600 6340 7978 6414 5797 6570 6725
5701 5610 7337 7704 5776 7499 6474 7494 7319 7326 7854 7226 6581 6849 6010 7688 7779 5784 5601 7386 7090 5917 6787 6510 7808 5846 6469 6841 6069
4298 4484 4795 4991 5492 3613 4602 4706 5725 3588 4202 5069 5478 3946 4011 3457 5234 4798 5546 5391 4045 3532 4993 5795 3993 5749 3659 5227 4039
8651 6918 8733 7023 8552 6657 8749 6579 8832 7995 6928 7855 8719 8844 7511 7955 6858 7215 7605 8526 6822 8557 7782 6595 8147 6559 8125 8590 7047
4440 3036 3854 3435 3488 4747 4017 3600 4031 3307 4027 2555 2783 3148 4669 3421 4787 4836 4593 4892 4022 3955 2789 4879 4184 3930 4076 4010 4821
4814 5017 6947 6491 6340 5006 5886 6879 6451 6918 6961 6217 6974 4819 5950 5822 5217 5005 6613 5774 4816 6103 6845 5886 5659 6695 4641 5520 4652
4974 5040 3622 3226 4313 4997 3579 4911 4377 4215 4642 3960 4828 4437 3051 4038 3093 5109 4910 4650 4042 4201 4617 4732 4861 3197 4531 3156 4954
2228 2443 2031 1715 1286 1602 2275 3169 3521 2154 3198 2136 2405 2741 3252 3342 2395 1390 2794 2409 1589 2099 1961 2402 3451 1775 3457 2734 2143
7821 5872 6708 7628 6502 7072 8263 7993 8024 7227 6572 6266 7605 8019 7332 7777 7460 6055 8158 7849 6261 6276 6515 7014 6126 7790 6764 6213 8031
3045 4485 3868 5039 3077 4845 2807 5140 4588 4002 4533 4077 3356 3187 2828 3823 4541 3690 3682 3254 4796 3803 3863 3812 5148 4456 3584 3320 2905
7547 8155 8232 8249 7039 7946 7141 6746 6462 7674 7895 8721 8062 8278 8642 7342 7897 8808 7967 6795 6495 8165 6733 7979 6909 7164 7775 7409 8178
8435 6549 6289 6050 7997 6046 6137 7111 6683 8094 7300 7570 6194 7613 6360 7058 7245 6851 6697 7080 8144 8378 8172 6335 6325 8172 7643 8038 8112
4350 6152 4415 5895 4178 5221 6046 5646 6253 5904 4797 4649 5348 4143 4057 4256 5523 4121 4041 5057 5265 6155 5616 6191 5104 5199 5683 4179 4246
7787 8880 8885 6526 7341 8456 8318 7005 7939 8744 7947 7630 8626 7456 8476 7111 7203 6627 8282 7865 7188 7533 8400 7465 7172 7893 7362 8073 8404
6248 6550 6376 5265 4242 4983 5258 6032 5613 4287 6302 6353 4556 5989 4336 6535 4626 6213 5347 5611 4707 6265 4983 5087 4947 5640 6526 4325 4180
3081 4035 4008 4255 4439 4430 2624 4213 4032 4421 3281 4891 3606 3509 3084 4444 4949 4801 3286 4840 4026 3141 3981 3933 4599 3597 3088 3681 4194
2371 3069 3014 3758 2350 2850 3190 1874 1915 3106 3929 3603 3500 2204 3305 3509 4038 2975 4212 1870 3088 4151 1909 2793 2926 3944 3928 3490 3057
5764 4839 5628 4968 6334 5548 5853 7254 6357 4963 6532 4974 5013 4911 7085 5013 6931 6077 6396 6985 4922 6394 5330 6039 5967 5781 5903 7061 6764
5958 5521 5731 5359 3983 5350 5290 4434 4862 5997 4868 3870 4474 4678 4363 4901 5467 5661 4886 4514 3682 5680 5235 5079 3940 5724 5649 3901 5300
2380 1855 3023 3429 1981 3009 2155 1821 3655 2323 3334 2928 3849 1904 3939 3697 2060 3915 2737 2399 2584 2062 1949 3714 3089 3757 2125 3717 3441
1655 5775 5992 4454 6072 7398 7134 4370 5447 5116 7953 6410 3191 5999 6725 4355 5644 6064 3816 3354 3378 8200 6631 6293 2960 6846 4617 5617 2972 4606
3016 4282 7000 4133 6344 5904 8327 4747 3836 4596 6930 5084 3165 7421 5981 3293 7289 6693 1643 1795 4965 7122 5188 6601 2556 5539 3731 4746 2171 5816
2374 4107 5241 4777 5624 7108 7886 4399 4745 5474 6204 6400 2342 6789 5747 4271 6861 5169 2294 2440 5153 7368 5117 7460 4562 5936 3277 5805 2978 4333
1557 4340 6285 2885 5599 5583 7851 5727 4267 5208 8106 7415 1913 7562 5215 4181 6929 6353 1549 1762 4655 8833 5304 6768 4377 6622 4572 6115 3395 6526
1429 5171 5996 4360 6271 5993 7900 5295 3301 5280 7563 6753 2596 5810 6576 2659 7195 6191 2903 1784 3664 7868 6886 6865 3473 6818 3802 6108 1857 5974
1878 6101 6493 4371 5557 5079 8671 5023 4617 5388 6827 5336 2803 8044 5627 3173 5214 5784 2542 3472 3010 7615 6194 6878 4563 6695 4545 5131 2527 5056
2009 3995 5168 3175 4426 5593 7480 6011 4359 6029 7322 6307 2347 6954 6714 4169 6550 4641 2244 3183 4678 7507 5607 6505 2438 5694 4240 4074 1345 5367
1422 4173 5916 3172 6106 5057 8140 4773 4140 6474 8196 7102 3885 6938 5023 3967 6337 5215 2071 2008 3275 8621 5640 8212 2513 5180 3292 5745 2996 4319
2571 6200 6673 3862 5916 5795 8572 5480 4777 5751 6488 6929 3086 7426 5235 4261 5811 5583 3792 3527 3191 8512 5761 8296 2705 5193 3446 5947 2861 4718
1510 4524 6216 4702 5056 5687 6458 6702 3979 6908 6735 7439 2775 7305 5713 2367 7290 6622 2840 2009 5230 7261 6317 7898 4189 6659 4667 4674 2491 5409
2774 5392 6017 4111 4457 5691 6649 5603 5120 4547 6336 6802 3968 7486 6868 2267 6031 5544 3115 3445 4362 7547 5600 6719 4300 6526 4649 4981 2880 6401
2642 4107 4706 4695 6268 5984 6725 5313 4822 4891 6200 6459 1936 6473 6087 4306 7322 6480 2739 2014 4094 6553 6515 7785 3668 5244 3836 4539 2713 5730
3660 4879 4985 2955 5785 6668 6473 5009 3559 5039 5962 7106 3751 5836 5337 4309 7396 5571 1449 3203 3457 7417 5717 7514 4083 6310 4256 6128 1964 5688
2744 4995 6143 3168 6074 5433 7248 4470 4375 6843 7521 6941 2568 7359 6211 3587 6262 4525 1743 1797 3700 7604 4961 7640 2754 5793 4295 5609 1869 6229
3373 4504 6907 2665 5681 6941 7926 4624 5673 5799 6416 6679 2326 6810 5351 3990 5902 6515 3571 3482 3597 8696 6187 6553 4253 5683 3953 4722 1593 5665
3564 4043 6408 4056 5386 5065 8098 5067 4339 6404 6453 6529 4088 6260 4880 4464 7488 6461 2584 2589 3343 8004 5047 7887 3631 6018 3635 3857 2343 5412
1783 5551 5909 4379 4474 5201 7299 4710 3577 4644 6321 5414 3058 7323 5750 3500 6442 4480 1600 1803 4388 8732 5804 8326 4658 6827 4455 4987 2177 4701
3222 5756 5776 4409 4945 5030 8194 5259 5096 5791 6824 6810 3325 7177 6067 4201 5375 4654 2501 2362 4416 6535 5641 7574 3670 6172 3090 5485 1937 6435
2179 4935 5171 2954 6508 5293 8758 4689 5303 6760 7523 7372 4089 6130 6084 4438 6899 6328 1488 3763 4807 7673 6317 8063 3774 6553 2753 4958 3189 4751
1630 5586 4811 4648 6130 6503 7394 6048 4256 4690 6137 5223 4217 7836 6325 2452 6291 5264 3576 2920 5146 8783 6853 8089 3859 6504 3821 6148 1320 5153
2517 4172 5658 4863 4896 6020 8223 5029 3979 6869 7685 5627 4319 7819 4957 4668 7164 6562 2672 1873 3624 8562 6413 7109 2614 5500 2312 4010 2994 5222
3154 4058 5655 3126 6307 7273 7099 4653 4411 6407 6897 7023 3211 6096 6288 4418 5842 6163 2504 2805 3171 6762 5936 6936 3956 6083 3271 4961 2255 5356
2162 5976 5973 3035 6244 6605 6703 5397 3802 5192 5993 5018 2396 6432 5653 4486 6977 4620 3182 2917 3035 6680 5481 7879 2678 6275 2649 6115 1454 4589
2979 5249 6231 3761 4592 5777 7066 5175 5304 5060 7266 6070 3778 7578 6031 3895 7273 5493 2646 3064 4681 8728 6573 6460 2595 5905 4434 4545 2253 4610
1495 5286 4935 4694 5417 5274 8188 5065 3986 4725 6687 5864 3805 6622 5120 2453 7248 6280 1912 2240 4765 7406 7191 6523 2609 4850 3037 4900 2937 4545
3237 6098 5193 2675 5662 6867 8287 6216 4304 4998 7966 6034 2653 7786 6496 4618 7283 4489 3623 3516 3427 6873 6886 6496 3713 6625 4225 4566 2843 4705
1891 6191 5632 3959 6483 5811 6936 4908 3795 4658 7272 6385 2003 6389 6003 2636 5485 5239 2829 2227 4872 7163 7075 8428 3027 5456 4608 4097 1438 6342
3711 4450 6590 3550 5818 6246 7139 6298 5540 5534 7321 6603 4242 7534 5297 2843 6806 6454 2623 2505 3860 7909 6811 6535 3529 5485 2865 5934 2517 6611
3619 5419 5285 2642 5410 6271 8451 5607 4779 4533 8282 5027 2300 7329 5637 3625 7311 5262 2048 2115 3054 7874 6979 6418 3733 6152 3688 4797 1275 4953
25 4 29 12 37024 1.014696525924724
12 15 26 12 59761 0.9649167695594449
2 12 18 27 79609 1.0202680519211413
15 26 0 17 69265 1.0757964475057529
20 26 6 14 72132 0.9157463130896253
19 8 12 19 52601 1.0298967880267902
4 4 18 26 96822 1.0934986197228023
13 0 20 3 30177 0.9892705238768477
11 4 20 13 68144 1.0051317071739818
20 3 23 26 84968 1.0390866828192586
16 12 6 26 62071 1.0260326053597242
10 28 1 21 40105 1.0814998485903937
7 25 25 12 85894 1.012729514075934
9 1 8 14 37298 0.9132929732384866
21 4 28 22 92267 0.9583469239636748
0 6 4 28 73872 0.9331059775938502
2 26 11 14 60042 1.0044410992480122
1 23 21 25 77556 0.9904342664124542
28 7 18 13 59498 0.9707564202265875
9 3 2 11 48678 1.0089705098618362
5 29 12 21 44640 0.901125935645255
11 5 7 26 65536 1.0587825914802282
1 28 14 13 72995 0.9268714312399422
29 22 8 2 104254 1.0367921498511277
19 18 10 23 47365 0.9921882712504659
5 13 12 18 32543 1.0375097004833151
0 27 21 16 90821 0.9358200449901249
8 7 3 18 37521 1.0282346183796227
21 21 10 26 68493 1.0992234162215422
23 12 1 28 97608 0.98117727306368
3 24 17 1 93080 1.044131214707202
11 27 22 2 105167 1.0058917486058392
28 0 1 15 108019 0.909745781246648
5 27 6 5 66951 0.9427724477988078
13 24 17 1 69605 1.0706961410556792
13 14 6 25 49311 1.0435120304222105
2 6 2 25 63605 1.0387961932768315
2 6 22 14 100381 0.9326837324248001
21 28 20 3 82703 0.9718697041189455
7 9 4 2 38656 1.0636464068871656
1 1 24 1 64811 1.00972512830722
26 14 12 22 66567 0.92850529844142
6 3 6 18 47060 1.0939867152991367
13 1 13 11 49478 1.0321588378380906
9 6 14 11 36554 1.0180897864814722
17 9 24 23 64500 1.0950394283553557
12 18 19 8 47880 1.0936061638562449
25 22 13 12 63062 1.093978495548338
9 6 16 29 77580 0.9544435102285892
4 10 16 28 73920 0.9626069460270853
28 6 5 11 101421 1.0933861089228758
8 2 0 9 47432 1.0960239138409962
5 11 22 11 62515 1.006537498682176
11 25 24 28 43916 0.9608126415908897
19 25 11 28 29145 0.9486474442898265
15 12 7 4 44399 1.005722920707528
9 7 0 5 50342 0.9840661592321359
17 18 29 23 42847 1.007775186454675
27 13 17 11 40945 1.09277812513823
17 25 7 27 36938 0.9884866597143589
2 15 18 4 82094 0.9489167408093816
11 10 26 26 94474 1.0962911261701047
17 3 29 6 52735 1.0858856285176897
24 8 17 19 61479 1.0807769007220493
28 9 15 2 72336 1.0965951548335808
15 24 7 0 83802 0.9465491418041184
23 15 21 7 49936 0.9785103345104593
5 15 0 6 44051 0.9808756469637535
27 3 18 27 101591 1.0391961299730264
11 12 2 1 57541 1.0277226979288085
28 13 22 9 38701 1.0344361060615084
4 2 20 13 87977 0.9003775943894003
11 8 7 26 56134 0.941225896775974
7 28 29 21 70712 0.9658485362302189
10 28 13 10 67284 1.0740735781863577
14 12 19 0 42631 0.9751069854956436
18 29 17 6 65227 1.0666794556540888
24 26 21 3 94265 0.9832809823826516
25 1 7 6 70930 1.085857372324145
5 26 24 9 107733 1.0371319002043171
0 14 21 28 82782 0.9110762645377399
24 3 2 11 98936 1.0256553487731128
26 3 7 4 71347 0.9248566119128678
12 13 7 3 41703 0.985438422749603
7 22 1 5 63749 0.9680236246263016
14 10 26 13 51347 1.0635523706780514
8 8 10 29 54287 1.028749149731787
15 2 24 28 91002 1.0017824555018398
17 6 25 18 52459 1.0031917334010843
4 20 21 24 63497 1.0036857178093657
13 20 3 6 75922 0.9841742350544224
26 12 29 25 45565 1.0441381555062215
13 0 2 0 23826 0.9584025284179752
26 26 2 3 128453 0.9046030424567943
8 19 23 27 59413 0.9305442832155706
22 17 26 24 32474 0.9522153851687646
18 11 1 8 68350 1.0697457418056788
29 19 6 16 69660 0.9532203895033833
26 6 6 13 86299 0.9341780445055134
11 27 13 5 91495 0.9374254623632476
6 20 3 12 29975 0.9814056635001589
17 17 15 3 43626 0.9210824009549817
13 21 5 23 45491 0.9056132825904198
24 20 27 8 50153 1.0707555084846212
16 18 22 13 36441 0.9995740207814099
28 4 20 2 42106 0.9522206472796787
25 29 15 6 92570 0.9719645071846189
3 21 20 15 68088 1.0954258093433196
19 9 14 27 70150 1.0570604199813038
12 27 20 11 72083 0.9080867259295288
20 25 6 6 95357 0.9888167086202131
20 6 6 17 82315 1.0065273825647598
0 4 27 29 129914 1.042157014006798
28 27 1 25 75653 1.0366987550363023
20 13 9 17 53272 0.9714793795559258
25 12 3 19 80997 0.9446158408701193
23 19 8 13 54572 0.998474882731052
7 29 5 13 46923 1.057132692088256
11 16 3 22 53931 0.9903550649605884
5 26 25 1 115633 1.0794666702183737
12 19 2 1 76341 1.0876796729965514
20 12 26 19 43905 1.0398190084593328
29 7 11 6 92934 1.0810407230282906
14 7 27 25 91716 0.9541062031131545
1 19 24 9 98369 0.945422774644704
6 10 9 28 50675 0.9222183027968706
28 24 12 11 83758 1.0723697167982817
3 0 6 21 66160 0.9772043333294086
17 21 22 14 37490 0.9262543816711319
23 19 6 2 89258 0.9486586493258078
9 24 3 4 71351 0.9793413928712896
20 20 15 1 66720 0.9709692583896197
12 4 22 13 67779 1.039713440379824
22 13 20 1 66299 0.9776844814001833
13 8 8 20 51199 0.9142034351492286
22 20 5 29 68750 0.9671005493280262
17 11 14 19 28329 1.0454871493791233
17 15 23 22 44354 0.9782020835556231
15 1 13 26 85467 0.9396668813879165
24 11 10 19 68340 1.0676379392201634
1 12 15 19 53290 1.0546576969340415
2 28 6 11 58139 1.0849882809606173
27 22 21 9 74316 0.9890285931152006
26 4 28 16 42206 0.9650898034254514
2 26 15 17 62403 1.0353902799981216
1 15 16 15 55264 1.0693153538255304
20 5 2 9 92785 0.9023681559532969
12 8 2 14 58042 1.005339919063846
4 4 23 25 116229 1.0956063676505763
7 2 11 18 54448 1.0412977050738852
26 0 9 6 65205 1.098546685750354
7 21 1 3 66678 0.9242806239602818
29 5 22 13 45750 0.9139636571436583
19 5 11 22 79054 1.0829380617739062
1 23 18 18 52451 1.0265350285155181
20 0 4 5 57422 0.9613431479049327
13 19 9 25 27750 1.0135499472982545
19 4 2 21 98968 0.907143585055255
23 15 28 22 44308 1.0944784998707124
7 10 15 2 58981 1.0277750174584386
0 3 22 7 90093 0.9187786609465158
17 21 8 29 41493 0.9186928065608723
8 18 17 20 28636 1.0537386841758538
29 13 15 24 68662 1.0024004247903109
14 25 3 18 48420 0.9158568878164951
7 19 4 2 60398 0.9674884911091828
5 8 25 26 99679 0.9714390738750152
9 16 25 4 92800 0.9081570303976709
27 26 0 14 106550 1.0952011414763938
28 1 25 20 69177 1.0812658634315402
28 25 28 8 59501 1.0092006741993198
14 2 23 13 66193 0.9276132911033569
11 2 25 22 98802 0.9967398678156438
27 22 20 13 65106 0.9561411080014235
24 17 6 10 76205 1.011283276637939
8 16 29 6 94049 0.9177062611834239
15 7 18 20 49099 0.994725148511266
29 8 2 8 111445 1.0864676207397739
2 9 20 20 85493 1.097403042946995
2 0 24 6 83278 1.02174210301034
3 28 27 1 128890 1.0840528962926244
3 7 17 4 70303 0.9154424312718087
29 3 16 5 52518 1.052000221477027
1 12 23 29 92534 1.0533003702384218
19 28 25 7 88541 0.94844835337043
21 28 7 8 78330 0.9323791965901642
2 15 9 23 41169 0.9774957515437819
3 23 2 4 71197 1.0600858776352675
18 17 24 8 61949 1.0213025252507575
2 21 26 28 83948 1.0923982262770096
27 20 28 1 66346 0.9271346402691393
18 0 5 16 80004 0.9768513227620048
2 15 0 29 45139 0.9047539520966982
13 4 24 13 70847 0.9720416366822766
16 22 24 8 73380 0.9673957838865256
19 28 2 1 108663 0.9814438823833763
25 18 9 7 73965 1.0914620471586467
11 24 28 15 76406 0.9786564957919219
0 28 17 5 97078 0.9324921737341189
17 1 10 7 46148 1.061995558427855
11 9 15 26 75636 1.0285502472062
26 8 2 28 114543 1.0417366758539464
4 27 11 3 83412 0.9116994672137723
1 15 16 8 68787 1.0413819591742681
20 25 16 14 45144 0.9019800464422767
1 11 11 10 44661 0.982074759617346
19 8 6 18 64681 1.0956298206121013
17 26 14 0 70483 0.9863435034067886
3 0 28 12 96765 1.0402844386031367
17 27 20 8 63126 0.9187100476227124
20 27 13 2 91733 1.000985693204339
1 4 9 7 45502 0.9037920343217879
27 29 20 2 106678 1.0291590501772399
7 1 25 28 105696 1.0596118277777637
5 29 2 10 66873 1.00174137912033
19 9 9 3 55765 1.0693857265655833
9 0 6 27 74808 0.9173668572422974
14 7 0 9 67272 0.907437923842486
14 28 22 3 87365 1.0401834911320198
1 0 4 28 83435 0.9623212058078959
23 7 26 14 36587 0.9947126879665691
10 11 0 1 64372 1.0295669335112718
26 9 15 2 62144 1.0382478335348813
13 2 2 29 105000 0.970395918044066
8 21 1 13 35532 0.932114059540804
17 5 23 0 24567 1.0803775730481069
21 8 27 13 41376 0.9865713932351944
25 29 15 29 31705 1.0975187772897421
27 29 4 16 88151 0.9384501054645199
1 4 20 0 56375 1.025843001729163
12 0 16 11 46160 1.0090834113999547
7 9 23 18 66754 0.9634577685273424
15 29 8 3 77245 1.0584072050837907
26 10 12 10 64387 0.9794398364899746
14 19 14 29 40685 1.0580501694334368
17 5 7 16 61887 1.048511169115013
4 26 0 10 62482 0.9975982173199938
13 19 10 27 38223 0.9628515448950316
16 19 16 5 43378 1.016414304129507
9 18 25 9 76899 1.0821988700196778
6 18 6 7 37022 1.093136521909792
25 18 7 18 45985 0.9500572495809446
29 23 10 12 80067 0.9612771947863276
19 29 29 20 47188 1.0301404782057195
22 2 6 13 82360 0.9514137667492725
2 29 17 2 103497 0.9905396101178072
26 6 29 29 76222 0.9834871462871346
19 1 5 20 87439 1.013227130451442
13 22 17 7 58201 0.9689888260158441
5 5 22 12 75627 0.9842958904827833
29 0 16 3 42877 0.9665084376531402
14 8 23 12 44949 0.9368919163972218
20 5 2 29 115291 1.0237110567998422
4 10 9 16 35139 1.042092046870241
22 6 15 17 70460 1.0964676563953608
18 15 7 6 61123 1.007070513116967
18 2 12 12 44654 1.0392883810938582
6 27 23 21 77385 1.001139999820772
10 20 26 5 92129 0.9197214986353536
6 16 18 10 60196 0.913827304753679
23 9 19 2 48867 1.0625611565262179
4 12 27 5 97258 0.9271879186245168
14 10 7 0 55278 0.9807191357826937
4 8 17 17 61980 1.0505386069224998
25 19 1 1 107493 1.0524134745506855
20 12 29 26 69484 0.9298114659895618
13 27 25 2 109945 0.9736388397806712
1 9 13 20 63794 1.0119029200893004
2 25 10 1 87952 1.0423369041212358
16 10 21 22 59970 0.9579038607975434
18 17 1 2 89493 0.9580877069911311
19 2 6 6 65155 1.0797644297160232
12 23 29 27 64498 1.0860378033581992
5 2 2 24 69589 1.0570932671087085
10 5 13 28 74355 0.9263123972659335
4 19 19 13 56351 1.0872679211337346
24 2 6 18 97501 1.0079240925401602
4 13 13 14 45207 1.018036571184586
21 6 0 7 99759 0.9098763488278018
19 19 22 10 46300 0.9976477281105087
23 11 11 12 46555 1.0773081973168541
10 8 20 21 77291 0.9428435535583206
21 0 14 24 78627 0.9965075509763883
8 13 15 23 53683 0.9814051287252943
4 2 23 4 77876 1.0270019599275593
7 24 2 18 27344 1.0587696318865898
28 27 20 22 52869 0.9737679634697168
9 13 15 26 60188 0.9072443915286427
7 8 25 17 76890 0.9359625231428967
29 8 23 3 33676 0.9267540532477564
3 23 19 12 81834 1.04996961215552
6 17 10 1 59086 0.9425591293882645
21 29 20 2 94846 1.0557555160358505
10 16 12 24 42860 0.9918763345722281
23 6 2 20 113529 0.9052951192019731
26 8 8 10 75510 1.0265301214193774
11 9 23 23 90336 0.9967979948240092
7 3 4 11 36861 0.9002578744901348
0 1 10 25 89809 1.0482184718259584
6 9 26 14 81832 0.9662660791995022
6 26 8 17 24523 0.9049122947738977
20 22 11 24 45019 1.0440897246584573
10 5 29 16 102517 1.0226985913924684
24 17 9 10 68327 0.9145870187708828
20 5 28 26 105566 1.0700019709214632
7 6 26 20 88387 0.9210329107596498
3 4 14 7 63756 1.065914284130343
28 9 0 15 111629 1.043354768029598
27 4 9 21 103524 1.0931467793199408
14 11 22 29 68164 0.9182551861280367
4 5 28 16 113641 1.0769129274320846
12 11 20 29 74240 0.9501750630387963
7 5 27 22 101820 0.9341643115077581
11 10 18 7 45464 1.0381368694287132
25 19 5 6 87104 1.0662738020514262
29 6 9 16 92553 1.0538595836911906
8 16 23 9 77198 1.0683820333362462
10 19 28 24 64160 0.9525508528460847
1 0 17 19 84383 1.0358627478323843
15 4 7 13 62632 1.0249656637610143
2 3 13 21 88327 0.9270701452157435
23 13 15 28 70464 1.0269075653566662
6 11 20 23 79659 1.0577935598044608
10 11 19 17 51446 0.9224877129690513
19 29 12 4 91497 1.0670112766167108
19 11 3 3 78298 0.9454670514893069
9 6 22 13 67980 1.0372600532086942
25 27 8 22 54876 0.9169895772200013
12 2 29 5 68370 1.0557841679724205
12 3 0 0 38414 0.9729930526371051
5 29 0 1 90586 0.9601637824762297
6 27 21 6 107335 1.0284693168923391
6 25 17 2 81819 1.0686808858310965
2 15 21 19 60795 0.9109997673194852
7 29 26 12 93934 0.94047420963706
4 12 19 4 69981 0.9186800049580811
1 10 29 23 103779 1.073741541616946
22 14 11 4 78190 0.9340425104603096
16 1 26 22 82721 1.0168087297940056
13 5 28 1 64293 0.9999985359584371
21 7 20 27 84783 1.0478987263083526
3 29 18 23 61410 0.9964935648237417
17 2 24 6 43317 0.9959853766445472
4 9 27 7 99133 1.0750870952565468
28 22 6 18 73362 0.9671767053730096
13 6 2 29 99966 0.9999407070100965
4 28 16 21 55401 0.9375957113585336
18 9 24 5 49373 1.0046718720710959
26 0 27 21 70436 0.9424209250453827
25 10 10 1 83307 0.9989134184823248
2 2 25 19 112734 0.9607917486419175
2 9 12 24 72079 1.0611171763572969
10 15 2 21 42832 1.0259689999271877
18 25 7 25 47417 0.9595391747663389
22 17 11 5 82618 0.9507002802059858
24 11 15 3 61179 1.0250175929629415
7 29 27 3 124468 0.9817504955678147
21 9 21 28 81221 0.9557580776777461
11 29 1 21 49054 1.0071644621602536
14 28 7 1 81244 0.9270785006471384
5 25 20 1 105382 1.024816735107419
23 21 22 5 85285 1.0070215585349767
11 18 22 10 57818 1.0643132982339436
12 25 11 5 77396 0.9158964075758239
6 3 21 22 98968 1.0381417800736406
17 25 2 6 96549 0.9118558590273386
23 17 6 15 60039 1.099276269794584
25 20 23 9 54071 0.9121414101282794
14 8 10 14 40391 0.9665054498827264
18 8 25 29 78834 1.0754075839939705
14 22 9 3 71648 0.992315850520432
14 22 21 10 68703 0.969988396284909
19 18 24 1 71363 1.0316086679070327
22 21 8 20 50297 0.9495301099391148
6 19 17 0 74431 1.0843449550875741
25 12 11 10 60402 1.0002571807806464
4 9 17 14 53151 0.9717627689451587
0 27 16 8 96599 0.9678209817096528
4 1 18 9 63559 1.0706416475574727
4 19 25 19 56260 1.0546550732472275
12 10 26 19 67593 0.9102161133991781
15 15 4 15 39055 1.0931672871803206
21 27 8 6 86653 0.9468519164706236
7 8 0 1 47179 0.9618574593301215
2 17 24 1 111827 1.0561657498299375
16 10 5 9 48269 0.9793585391999412
7 21 24 1 102902 1.020250189536829
14 27 26 12 78234 1.049395689515849
1 15 13 11 50466 1.0082289838822132
12 21 26 13 65239 1.0350925252234826
15 12 2 7 57287 1.061481511063572
4 9 6 23 47839 0.9507212352932766
23 4 3 7 98149 0.9193802469743259
0 17 26 18 72883 1.0715772669356625
3 26 16 7 92718 1.0075134484612664
14 27 3 4 96030 1.0068675002248013
9 21 27 26 69577 0.9185541194241691
11 9 21 18 59303 0.9435754664171655
7 11 25 7 85978 0.9824284800625807
3 21 20 27 75758 0.9678796970311733
18 19 29 16 38657 0.9206203125971669
8 4 23 25 97403 0.9276999827272121
11 27 24 26 45753 1.0421046895572128
3 29 18 20 63901 1.010779574585917
13 25 17 2 74385 1.0903862640968816
5 13 19 4 71221 0.9318331101711477
25 4 20 28 95057 0.9420708809067107
15 27 5 27 32206 1.0462649200132972
22 6 12 7 55604 1.0524799751349296
17 21 8 10 48943 1.0069725384837762
13 9 15 21 58274 1.041011997192192
5 2 19 3 49682 0.9856417593299145
6 16 25 22 71304 0.9558845247991024
5 13 16 29 63549 0.9921413729121477
3 0 0 19 61191 1.093819345753879
18 19 18 7 40118 0.9260582643335817
2 9 16 2 74487 1.0459921920449888
23 4 0 14 109336 1.0840598993267212
15 2 28 21 90863 0.9659629738677237
9 23 19 12 58417 0.968203301146266
25 14 11 12 53982 0.9212098983393345
2 20 29 9 105108 0.9211540313897443
20 0 13 9 48243 1.0272622985327908
28 14 16 26 67403 0.9998403296100986
24 16 12 0 86121 0.9165622376636615
1 15 9 22 36724 0.967891415628174
24 0 17 28 85797 1.0212385880841026
22 7 8 21 85051 1.0411826823018737
21 18 28 11 43513 1.0699064158932532
26 8 8 8 80662 0.911648654444722
4 20 18 1 86185 0.9574765378967295
28 2 23 15 59015 1.0003615870864595
3 2 20 12 84902 1.0339325522140883
0 3 4 22 71831 1.008609244716309
11 18 1 26 44665 1.0076627340337676
3 23 24 11 106108 1.0679012993894546
1 6 22 14 92054 1.0793772289547923
8 20 27 18 55273 0.9456258887602743
9 1 29 18 100976 1.0712767479982779
23 18 2 17 60376 0.9669003013394918
7 29 20 25 50923 0.996669932695893
9 23 15 6 76313 0.9149132570335559
12 4 4 24 78905 0.9052681713584615
17 8 29 3 54363 0.9346821908684226
9 22 20 13 62303 1.0823474010886465
10 12 21 4 63515 0.942565674567126
9 10 23 16 70550 0.9486714612612942
17 24 24 10 66769 1.0138959865388633
17 6 9 8 40888 1.004378652566492
26 26 23 14 52853 0.9576507595922158
3 16 29 20 84666 0.9251071430273063
7 7 26 4 83169 0.9931079734614897
1 18 9 5 51181 0.9823716262147346
13 14 8 7 37628 1.0508744123556588
20 23 25 0 94097 1.0794241605210924
25 2 9 12 78682 1.0096927042522421
20 27 4 19 62493 1.0553820345533358
18 19 18 3 46146 0.9560529029917143
14 18 15 2 58684 1.0007294812848304
9 18 0 13 38930 1.0519936489456314
4 1 23 19 98967 0.9836565809393891
4 19 21 25 65018 1.0264592105759023
25 6 12 28 101519 1.0384985594336926
28 18 24 11 37794 0.9137283176818775
16 2 6 3 40183 1.0852236618552105
15 19 1 8 66087 0.9552555984683768
3 27 12 23 48418 1.0672921526388843
19 10 28 27 85258 1.0722147143991752
16 15 9 12 33728 1.0429382062893544
6 28 13 3 80888 1.0654509125880636
22 5 19 17 64494 0.9553842537440206
21 6 27 25 92321 1.0148129022829742
16 6 6 0 46656 1.045887470314049
29 27 26 5 71914 1.0245944915787124
0 29 15 7 100922 0.9830446034490603
10 0 24 14 84178 1.0842940078899561
24 11 28 0 48557 1.0000487872011574
6 24 5 9 45205 1.075531225040481
3 1 22 14 95980 1.0168002117886683
0 9 28 27 116296 0.9655923077594707
21 20 2 19 56516 0.9844018475876392
1 16 8 6 42397 1.0794436369300715
16 18 27 24 45444 1.0954571633404289
12 18 25 0 73568 1.0627078524949751
6 20 18 14 52739 0.950960804298357
2 9 27 16 106024 0.9311071969398413
21 7 12 13 56472 0.9215879021893765
19 23 9 22 48414 1.0380030357109309
23 14 16 11 41323 0.9908083176527788
14 5 2 7 68810 0.9828944514067559
27 16 16 8 63037 0.9881925487215869
21 7 16 25 73501 1.0796810365382519
11 19 18 29 45343 0.9628876761022026
20 6 12 16 65752 1.0570360048742413
29 28 5 26 59351 1.0976350627392168
0 21 28 11 107477 1.0943725624001794
16 11 26 7 53238 0.9548306058786462
24 21 3 18 66310 1.0133843546063592
25 12 2 11 80224 0.9814752516209249
4 1 8 28 77901 1.0084986353315177
2 11 8 18 38386 0.9964713706918589
13 19 9 10 38138 0.9828301407388038
24 0 17 28 85797 0.9884783063397407
5 0 9 10 38279 1.0741347729928172
25 10 19 19 51670 0.9301576798648731
8 16 23 26 64980 1.0708009020855767
17 28 18 4 64482 1.0293083317558205
9 28 2 12 53429 1.0774484878867303
12 10 26 9 67493 1.0104013110514651
6 22 15 13 61600 0.9296225440402204
2 24 3 7 56725 1.0259321081176955
21 25 0 24 78835 0.9741256533069098
23 27 16 10 70918 1.0108828960161356
13 8 26 19 70298 1.0134843373504911
28 9 29 29 64056 0.9819528377572637
22 1 28 7 46031 0.9486604492047028
12 12 16 20 40563 1.0811869438680288
29 19 11 5 99609 0.9514632892279145
28 2 5 15 113508 1.006329433667296
4 22 16 11 69394 1.0205696881411424
15 27 19 9 66332 1.080576717786116
16 5 2 9 80248 1.0666450888081629
14 3 23 15 64965 1.0146672129385759
19 16 22 0 61068 1.0273205183389293
27 20 6 29 81553 1.0670922233452256
2 10 23 18 83785 0.9727999815093005
9 27 6 18 26190 0.9553363823023476
21 19 12 3 66268 0.9177571896312728
11 21 17 11 49318 1.0092935251795823
16 2 16 12 32054 0.9483131858074261
25 27 4 18 72495 1.0270545674717082
28 2 1 23 132889 0.9780408809536213
28 4 14 5 65056 0.9397537855046134
10 25 28 10 104786 1.0704896655894451
27 22 7 21 75084 1.000993553864762
9 21 6 8 43916 1.0536452408020003
9 24 28 10 95984 1.0511520946614978
16 2 2 24 98708 1.0798479297132935
27 9 12 20 79990 1.0430229713620376
28 1 9 21 108007 1.0478947066273538
4 4 6 15 41205 0.9014030618659375
13 18 29 10 66728 0.9912652733434082
25 25 22 17 39667 1.0988530273294521
3 17 5 25 33949 0.9402553870244771
24 29 17 22 35362 1.029059832322943
19 11 25 0 58587 1.0789745639284567
23 21 27 15 39301 0.9635337422412773
13 9 23 10 60804 0.9383546727614004
22 18 9 11 53699 0.9827235934801305
11 25 27 9 100801 0.9415602741361628
11 2 5 8 45290 0.9021179460102332
16 9 27 9 54968 1.0126233914936258
0 17 20 3 97371 1.0069074596175898
2 26 10 3 83111 0.9039302288587363
1 7 26 1 81740 1.0107000759470495
6 17 28 29 80182 1.0142023968388303
9 12 8 28 38020 0.9525702272141197
20 0 28 27 104023 0.9235924818523793
9 2 26 4 63618 1.0773545342981417
22 1 8 8 62838 0.9440009671381263
6 1 29 6 79255 0.9926531199873292
7 15 20 19 44979 1.0308276063982915
7 27 17 9 69409 1.0090464364749694
14 15 11 23 47528 1.0927985161329437
1 11 8 3 43268 1.0346192340896099
20 1 14 28 88099 1.0333794992769707
28 7 4 24 116916 0.9327646336506634
26 18 14 7 66621 0.9015731716604527
20 2 14 10 47016 0.938470465311432
1 2 16 24 100827 0.9985844880529219
7 23 6 5 57976 0.9183214926361141
10 9 9 0 35485 1.0627423650507577
23 6 8 7 83838 1.0234917607036313
22 1 28 29 109409 0.9831198429503929
28 0 26 20 66244 1.0191472783063196
4 25 22 26 63055 1.0989820655100788
20 25 0 0 114710 0.914234170436594
0 20 16 21 52887 0.999992314391785
22 5 22 28 100065 1.0015749372179095
29 25 16 7 84063 1.0044459339947407
3 14 15 18 46534 0.9767214492853202
17 26 27 29 35575 0.906620912395202
16 1 2 20 92161 0.9525649427691166
1 13 18 1 80043 0.9143019745659557
3 5 12 6 54075 1.033944354771215
24 14 29 23 41160 0.9108126583014887
21 21 0 7 101784 0.9273343238594495
25 16 3 12 82066 1.0723837852093443
0 22 14 10 70937 1.0568205111989173
11 15 22 8 66328 0.9452008964566021
28 10 15 29 92461 1.0338747428957877
5 7 20 15 68249 1.0654379989226024
11 21 26 9 85930 1.003973457941483
16 17 6 6 67400 0.9233407875674343
22 21 19 6 68049 1.0402173416968923
8 12 26 13 62849 1.062415352438563
12 10 23 11 53890 1.0259992277269934
23 15 22 5 56550 0.90743319129002
23 25 18 6 81149 0.9347461375571845
11 15 20 3 65341 1.065249584814869
27 17 29 8 39405 1.0936297458446609
7 12 5 20 27606 1.095469321447087
6 4 3 22 68521 1.0984509099379562
6 29 28 15 91741 0.9014192379228155
14 14 8 10 27623 0.9760158151791052
25 23 17 7 69181 0.9205118288720672
5 15 10 28 38963 1.097104531425529
10 7 21 17 77274 0.9525331678059664
24 8 18 1 52428 0.9008697072106615
13 4 22 25 92712 1.066824882635597
6 12 13 2 54670 0.9401995127095537
17 12 27 28 62816 0.9152113049899837
26 13 24 25 45323 1.0814892722185452
12 19 28 4 93252 1.0329927973731068
11 22 17 26 41570 0.95234158985348
29 25 0 4 132898 1.049281638869663
27 4 17 20 78138 0.9169217390926961
13 5 3 5 57130 1.0082508655598779
21 3 16 29 84970 0.9261163058761746
24 5 18 1 42228 0.949687808028703
11 18 22 6 74957 1.016064818671613
14 21 26 15 54208 0.9984952407494844
0 5 18 19 86237 0.9436457790143811
18 10 15 23 54270 0.9354320223893452
6 19 22 15 57789 0.9465282711014389
12 24 25 4 104747 1.0678493774786266
1 24 11 21 49714 0.9587773763216194
26 6 21 26 79657 1.003367085875598
7 2 24 2 65154 1.0198236336867703
16 18 3 0 75328 0.9791681132816842
25 27 25 2 84995 1.0189160686629697
26 18 23 10 44309 0.9192448544974555
4 29 12 22 49021 1.0578599008668905
19 15 11 13 41093 0.9485925147361283
1 28 3 5 73372 0.9229427563649375
19 6 21 26 72914 0.9730969553480812
12 29 26 2 109954 0.9173507343254123
19 4 4 7 75263 1.050670324811493
9 12 17 2 47557 1.066885072273354
28 10 15 8 65701 0.9245953714795253
26 21 25 9 43947 0.9001632122177949
4 9 25 14 84260 0.9982797364171828
2 19 17 9 61785 1.0824277937380788
15 21 15 10 51039 0.9809943022024077
20 16 7 3 78595 0.9393400245068201
18 25 3 16 71291 0.9571247526116258
26 25 11 19 57085 0.984106134961347
1 8 6 23 56426 0.9820050464119164
10 22 13 8 66088 0.9918848703350803
18 20 4 16 51104 0.9864500429222967
23 4 14 9 57228 0.9240633608990576
13 3 10 14 56172 1.0626636044948081
26 3 28 23 71755 1.0090381446814212
1 27 17 22 56080 1.0003225023204847
16 14 3 9 59420 1.0371862239027343
19 21 23 14 43299 1.0797481393219102
1 16 25 28 80347 0.9305136069939651
3 22 25 28 74613 0.9171162686921358
2 22 9 14 44219 0.9832161439718524
11 26 18 11 67381 1.093758835811698
19 18 24 1 71363 0.9038388675856953
8 3 23 10 83444 1.0780484361244496
5 14 27 19 69685 1.008675066910834
16 12 22 18 31324 1.022799944160423
28 0 8 21 101286 1.0939983160076383
6 24 19 9 75163 0.9626561744235643
12 18 22 1 71282 1.038834637769518
23 18 2 9 85345 0.9985623564464157
25 22 4 13 84797 1.0558625596750928
9 11 4 1 48244 0.9859912013708334
2 19 15 27 53840 1.060527145797404
2 14 23 15 86443 0.9324656612490021
16 3 17 27 62897 0.9110005890621004
15 14 11 23 57468 1.086539624709866
6 10 19 10 56460 0.9157370070101253
9 27 9 7 53425 0.925299492207
25 15 15 15 38975 0.9549200753685554
22 28 12 27 26868 1.063075212042068
3 1 5 18 58493 0.9996212468424124
3 15 11 8 48782 1.000865800125058
10 0 0 29 94865 0.9523995524072187
29 9 16 1 61861 0.9749708469724899
0 10 12 10 54250 1.0287883777135147
10 19 18 0 67632 0.9136135779423773
23 28 24 18 44846 0.9201912422426709
25 7 5 2 81827 1.0039040762616354
17 5 1 8 68704 0.9406995276894821
14 27 28 8 100122 1.0304369054815106
8 16 17 22 37495 1.0570222426145974
2 11 12 17 53257 1.0531394651823764
8 14 29 1 94529 1.0265317390216433
26 17 10 15 57455 1.0960320823840948
22 21 6 6 89482 0.9859632354319838
13 14 27 22 73151 0.9407159306671724
1 4 11 21 78523 1.0963831721665516
1 7 23 1 79445 1.0483610399066807
0 23 8 13 45763 0.9912123591727655
17 24 24 28 26819 1.099584769392256
3 13 20 18 64336 1.0145805827985581
19 11 3 23 85911 1.0420751853150876
22 14 4 14 76655 0.9054043505940423
16 23 7 3 81670 0.9972465945574596
6 2 16 5 48994 1.0428252066757067
3 24 8 14 38060 1.0828733193549671
16 28 26 29 26416 0.9303420221470657
26 17 28 8 38444 1.0842376435662449
25 20 4 17 66806 1.0332670117848852
2 7 23 8 98063 1.0545299960833585
6 26 10 8 55254 1.0773467308264773
12 8 3 6 51513 1.0090300336111475
11 7 19 28 86667 0.9575074698260942
17 24 5 18 43544 1.0339218223141287
28 26 10 22 75276 0.9731482878489466
8 18 4 7 41609 0.9548659085488589
24 7 12 23 98346 0.9638973386069849
13 9 29 1 75388 1.0742073317381253
3 1 25 5 78726 0.9161937458817535
6 1 19 11 71031 0.9841873323047599
29 24 13 27 54832 0.9115354217963075
12 5 14 21 71926 1.09080051403455
28 9 11 17 83556 1.0656791827653391
13 16 24 3 77607 1.0938743863553682
20 4 8 7 63311 1.0211354364672078
24 14 6 8 80860 1.0719779084389747
12 11 2 3 60862 1.069844443914679
28 0 1 18 110139 1.0985166153787613
29 1 22 23 90058 1.0386223018828202
22 25 3 17 79106 1.0702641776844501
5 27 15 0 92705 0.9127055929962316
17 26 1 12 73202 0.909339226412742
10 22 4 12 46285 1.0659681149944986
5 7 23 3 80601 1.018323378527099
22 18 12 3 66545 0.9089512262951507
23 25 1 22 85184 0.9429289393602748
13 28 15 10 66286 0.9065090898974235
29 28 8 11 83889 0.9443058481271822
28 13 25 29 62738 0.9533076767414983
25 1 15 22 85444 1.0560218871455838
21 6 11 11 66293 1.0006606733102574
13 22 12 1 91199 0.9341020354977843
26 21 23 6 66733 1.0245700534609896
1 23 14 7 77231 0.9798284657106051
28 8 12 0 69510 0.9232160750742352
16 29 27 25 44844 1.0066465690500497
10 24 20 25 45559 0.9146363112346868
7 9 16 11 40746 0.9856476391216656
0 9 4 15 35043 0.9060307006004685
3 7 13 25 83729 1.0376547657087096
3 12 13 10 40542 1.0688368831608204
17 4 29 26 88273 0.9690030505223316
17 7 8 16 51673 0.9252834744874715
16 10 28 25 78493 0.9359233276614078
2 12 14 9 43859 0.9116345947957534
1 3 9 28 79391 0.9018475182355465
16 23 1 1 103181 1.0744451442834793
26 25 16 15 54370 0.9153669179508289
28 25 21 17 48204 1.0770400924389045
21 29 5 11 84274 0.9348830206057208
20 21 18 3 63556 1.0905200160375434
0 16 9 24 40870 1.0366512503701808
1 21 26 11 92765 1.0206955389529444
1 13 19 4 79551 0.9289761086151308
5 1 0 17 60033 1.0939555950221809
21 11 2 11 73425 1.0271822880112653
14 2 17 24 64789 0.9414265435689737
7 10 22 0 72001 1.0402041452585489
28 5 9 17 99814 0.9393609079162636
9 13 22 5 76047 1.0869282494357344
22 11 24 21 52437 0.9531776498216075
16 27 26 26 33933 0.9274899410590347
2 28 19 25 52475 1.006247575089606
20 25 13 6 85248 1.0139958939593117
0 23 25 26 82622 0.9608155991218857
28 10 27 1 41327 0.9613941844074088
11 2 12 13 56967 1.012259126159914
9 9 17 16 46045 0.990768803011333
28 24 15 6 92739 0.9902416310205195
12 19 2 20 32427 0.9992280938097959
11 13 26 13 59601 0.9002642939272104
21 15 15 7 47860 0.917371339991785
23 28 4 9 89171 0.9080906370781686
28 19 16 2 76259 1.0913571483726814
11 24 22 24 40920 1.0075608580295607
14 18 12 9 42822 0.9280342280125633
2 17 25 23 83931 0.9588944901850436
14 1 22 19 69840 1.0355671953054169
18 24 5 26 48026 0.9470223550190273
22 25 25 15 49862 1.0495125674065187
22 22 9 11 72704 0.9374169974182962
18 11 24 18 43040 0.9510124515326317
27 10 10 6 95231 1.0634148803438592
1 12 24 7 95799 0.9234598347300935
9 9 1 0 43517 1.0966521726947345
24 9 16 23 76980 1.0403159525463397
11 4 28 14 96728 0.9604695383102017
16 14 25 7 60874 1.0999813776893343
16 21 26 12 56924 1.0964510304951838
19 13 8 25 57830 1.0910069901135686
17 20 2 9 74625 0.9018817417656525
0 17 12 12 48887 1.071051534741567
3 7 27 18 97702 1.0666969825171004
16 6 0 23 94235 1.0378091494267228
14 13 1 9 50056 1.0581935326474285
28 18 5 14 70008 0.9899498066731678
26 14 12 8 68823 0.9250776937965098
1 2 6 10 44611 1.0362870554071892
2 24 8 17 32814 1.0276819057302637
15 25 27 20 56610 0.9605000616522653
9 0 7 17 50926 1.0869937059307038
15 27 4 17 56758 1.0887604200191254
0 20 20 15 64470 0.9230664669098663
27 13 7 0 90663 0.961171197453474
13 4 28 9 80903 1.057719965208534
19 12 15 20 35529 1.0819727980544618
0 7 14 7 66074 1.0745609907929157
12 21 18 25 40204 0.9185355544163627
23 23 29 9 66961 0.9191584514635062
15 28 25 29 27053 1.087098659025037
12 29 11 18 44555 0.9868412942971514
2 23 29 4 128725 1.0206282555501351
17 3 11 9 42186 1.0259273565545541
13 18 29 4 81672 1.0742074831606443
28 1 26 23 74898 1.0240686365215488
5 6 15 15 57997 0.9156690116196401
15 1 16 29 82164 1.095875942109529
4 23 29 12 103095 0.9430634406608974
27 21 13 23 67375 0.9541328999642552
0 8 10 19 57593 1.051038220674506
23 10 15 18 54309 0.9437782934831718
11 5 9 27 69188 0.9917692389401882
16 8 21 29 72334 1.074711163259431
17 29 5 7 79172 0.954192975165955
9 3 20 2 46773 1.0516329549828336
5 12 18 4 60877 0.9828279004847663
1 24 18 12 70481 1.0275388342098053
24 25 4 21 84328 0.9187417429606531
13 7 27 27 100427 0.9497413107347774
7 3 13 25 75963 0.9653913606729517
5 24 14 19 34213 0.9815948529700513
14 29 7 8 67598 0.9547104986816233
7 10 27 15 82798 0.961420713185376
26 29 9 9 91629 1.0228164552818404
0 25 4 18 29233 1.0936957738546047
14 11 28 20 63804 0.9730717223460018
6 22 29 26 74404 1.0976090178709148
28 27 18 24 44125 0.9060634106647643
28 9 17 10 57957 0.953681563726836
24 19 17 29 43724 1.0658759217699352
21 9 14 3 46464 1.0251930031554055
21 19 6 1 86534 0.9275892740675996
11 19 13 28 39190 1.0170135458817215
5 19 1 5 45697 0.9789410660627976
13 10 1 4 68503 1.079974670834592
21 26 3 17 73331 0.9605906571785299
4 2 13 3 41019 1.0480273469949355
5 18 6 28 30935 0.9419197299246169
3 20 25 2 112794 1.004653593449084
19 25 7 23 53513 1.0159246862986062
27 21 4 29 87152 1.0533553873622128
26 22 9 26 64492 0.9405510923547863
9 16 24 15 59865 1.0029804981814927
17 13 10 4 56266 0.9078606947721015
4 29 7 6 70677 0.9213399471791008
18 14 15 2 46617 1.0113540080580392
23 13 13 25 77046 0.9085450965712928
1 12 19 28 77130 1.0761326497465022
24 6 13 1 64271 0.9788063149975662
7 29 5 14 43885 1.0413411407743252
24 27 2 27 62153 0.9535876986709582
3 5 14 1 51694 1.0372690932302486
11 14 23 20 57895 0.9664955387668583
29 10 3 3 104269 1.0823432245273716
13 3 20 16 61903 0.9438457058927419
27 10 4 1 94085 1.0577013016514176
2 2 29 28 132938 0.9068540612095028
16 24 13 13 52169 0.9905569652336522
21 1 7 7 66365 0.9389386535904882
1 10 12 27 72573 0.9323477626009403
0 25 0 15 36101 1.090739498689016
0 12 20 24 82470 0.9190935784019725
15 0 7 21 76569 1.0170131574486208
6 14 10 22 40351 0.9032139883606427
19 19 0 11 71732 1.0624773919664552
9 12 24 21 68589 0.9215049898049896
8 22 18 18 33793 0.9043635917756189
19 6 28 11 59641 1.0564087498573655
16 26 5 28 33269 0.9094830316904157
10 23 25 11 92932 1.0008547864194959
7 24 26 29 56239 0.929956581333484
9 29 28 9 107215 1.0627853573303185
18 8 28 24 79003 1.0125632355292111
10 11 25 29 90766 1.0994878971206743
21 19 28 26 42696 1.0062693641799072
22 25 12 24 42356 0.9677263899595344
23 29 23 6 104444 1.0918786934305666
9 26 14 10 58039 0.9891248102034215
5 9 9 22 43506 1.087454010045636
25 2 4 4 75343 1.064044393416689
22 22 13 5 87966 1.0684506499091948
5 1 14 2 31083 0.9858983675209989
13 26 29 24 57594 0.9425279647608021
21 1 15 13 59861 0.9952782334076115
11 26 20 8 84099 0.9076396961810561
0 15 1 5 31360 1.0031790198569306
12 18 0 22 43647 0.9899726868742881
0 1 18 16 91368 0.9093725331809458
14 26 0 21 65817 1.0499311108116176
24 13 8 22 76639 1.0395614657885568
16 10 22 5 49161 0.9003443377607416
23 3 2 8 92574 1.043542471150208
27 14 21 4 61623 0.9314495548664856
23 8 15 18 57565 1.0410435260351376
18 19 12 27 39412 1.0051513602737199
25 13 8 20 69608 0.971083492840183
5 27 21 8 96832 1.0571163486531527
10 15 21 17 47464 1.0498836755037442
15 22 6 17 46605 1.0527798281510532
27 22 3 25 95490 0.9142877895888623
0 7 11 3 54331 0.963820342459953
18 23 3 26 62706 0.974252707210611
4 29 26 13 98167 0.9990017180133979
16 20 8 6 57700 0.9562725136818458
2 6 12 27 91485 0.9990426150606788
6 0 2 25 82229 0.9004725463889874
8 11 27 20 73943 1.0613146948050112
27 16 17 26 55082 1.0076129068262722
1 5 2 21 49998 0.9356567909944575
15 28 10 16 52965 0.9285305361597511
28 22 8 3 105445 1.0019153339270734
2 11 23 18 77742 1.0568755907153642
16 20 7 4 68339 1.090207623760862
15 23 3 23 56497 0.9073531911146592
14 13 19 21 42619 1.07235685096003
20 26 11 15 56886 0.901926562615903
21 27 29 6 87570 1.0126128782509953
28 1 21 23 99577 1.068256048302617
23 6 3 11 100679 1.035376824180242
5 11 19 2 70992 1.0172274259146716
29 11 5 25 101963 1.0634440611192724
29 6 26 21 50122 0.9423768248023607
16 24 15 11 46800 0.938551347397388
1 6 0 27 61671 1.0640259577658826
11 4 10 16 53203 0.960178389765275
26 11 4 19 81808 0.9475832860504121
28 8 7 8 94137 0.9818953701617191
6 23 18 18 46126 0.995777427321126
10 2 15 23 90970 1.020516499047735
24 6 21 20 73855 0.9073675494639342
12 7 22 3 50758 0.9806206087913458
28 24 21 10 73085 1.0333793870690824
0 6 8 2 42793 0.9893279792116002
15 23 28 10 85205 0.9295121756141328
6 15 1 7 38299 0.9755613449330786
19 29 19 17 40381 1.0508645624452329
6 26 24 23 72966 0.9681248910008712
21 17 9 11 58046 1.0361385325021197
0 29 11 3 94657 0.9662854591108262
21 10 17 20 50369 1.0763281575931456
9 17 17 0 65594 1.0773885022637821
26 6 11 6 81167 1.0361967250403499
3 25 16 21 63273 1.0482048884221051
22 27 5 14 73608 0.9857800785842603
11 4 29 16 102642 0.9137914236410426
1 7 14 19 64812 1.0296639699289558
8 9 27 15 76808 0.9518526266692944
4 13 13 1 67445 0.9511674550072695
17 8 24 18 45103 1.069390972257597
29 13 26 6 30011 0.9407708394052323
17 23 19 13 32633 0.9890358126698399
6 6 2 16 48661 1.065013973193571
7 12 23 6 83890 0.9359754741235905
4 6 25 20 99844 1.0283901027789557
5 19 13 2 72901 1.0249042265987103
27 0 11 11 77177 0.9886415776779438
15 21 6 3 74569 0.9142740996455186
1 18 14 6 69977 1.0423409061578128
7 20 29 29 68936 0.990916611372793
18 15 12 1 59779 1.089666968826042
11 15 9 28 38568 0.9430723584821311
21 8 28 5 41778 1.03171108792269
12 3 28 12 76317 1.0227866726451813
3 26 15 29 41445 0.9824368348712469
11 12 16 7 35466 0.9207102986720971
1 5 21 15 89473 0.9452616780882415
13 24 28 0 100010 1.0396543550396207
0 19 11 4 68910 1.073153187244258
27 9 10 9 83700 1.0684399975562406
11 1 26 16 93589 0.9776141990737662
15 28 5 18 43052 0.9837243314524038
17 22 10 1 79096 0.9901844178461339
1 20 28 27 85980 0.962772815501537
10 0 0 29 94865 1.0099440945002884
18 28 6 9 74541 0.981792827820001
13 1 5 27 92105 1.0571447885434253
21 4 26 16 62434 1.0813110699018451
16 19 28 6 79155 1.0322267697770016
5 20 11 13 41019 0.9941516469996055
0 25 12 2 96532 1.041607336955619
21 13 1 17 79574 0.9200373623891454
15 14 17 4 35117 0.902868966031736
