3803 3805 3967 3543 3651 3976 3685 3751 3849 3703 3666 3999 3679 3836 3966 4867 4985 5197 5111 4796 5068 4800 5129 4981 5014 4823 5193 5154 5200
2350 2321 2482 2098 1889 1927 2046 1851 2063 1749 1735 1992 1691 1956 1736 2033 1678 1703 1912 1967 1870 1633 1559 1552 1906 1702 1922 1988 1704
3643 3592 3669 3669 3419 3359 3547 3459 3532 3700 3522 3649 3422 3625 3382 3684 3609 3545 3762 4079 3907 4067 3571 3731 3633 3752 4057 4082 3654
8647 8529 8293 8385 8432 8453 8383 8583 8767 8496 8599 8527 8529 8470 3809 3846 3683 3739 3862 3614 3935 3567 3685 3692 4033 3575 3621 3529 3695
5375 5581 5599 5562 5347 5566 5400 5588 5604 5773 5506 5685 4695 4902 4700 4815 4524 4470 4864 4645 4909 4580 4654 4469 4638 4933 4570 4515 4723
6809 6839 6401 6515 6341 6406 6577 6752 6722 6693 6645 1354 1327 1656 1575 1384 1660 1634 1529 1444 1292 1685 1279 1634 1365 1671 1717 1493 1631
5318 5193 5439 5278 5437 5626 5495 5513 5136 5510 5137 5270 5559 5215 5298 5406 5969 6447 6371 6275 6347 6031 6087 6324 6195 6444 6350 5968 5995
8164 8221 7897 8235 7923 8116 1838 1583 1820 1968 1720 1813 1618 1468 1525 1822 1740 1769 1558 1838 1622 1719 1618 1467 1953 1601 1865 1892 1631
8537 8592 8862 8592 5101 5143 5198 5478 5019 5394 5423 5429 5171 5248 5183 5529 5489 5340 5029 5399 5017 5034 5496 5105 5275 5363 5025 5187 5082
4438 4208 4624 4133 4447 4556 4566 4145 4471 7365 7164 7271 7424 7497 7256 7298 7290 7234 7580 7366 7549 7120 7248 7155 7351 7364 7632 7274 7575
8157 7910 7942 7806 7940 7964 7811 7943 8185 7986 8112 8433 8390 8363 8468 8563 8477 8446 8297 8406 8363 8246 8568 8407 8429 8561 8330 8209 8583
5350 5695 5520 5497 5573 7655 7660 7428 7621 7519 7852 7606 7895 7815 7776 7488 7624 7711 7686 7680 7592 7606 7784 7547 7425 7596 7432 7730 7468
2968 2693 3066 2928 2872 2908 3026 2902 2909 2821 2733 2635 3146 2825 2614 2673 2388 2565 2843 2610 2644 2550 2724 2883 2640 2631 2585 2721 2679
3525 3358 3573 3371 3176 3264 3108 3373 3238 3436 3275 3017 3050 3393 2987 3211 3306 3017 3453 3263 2962 3316 3468 3438 3014 3295 2977 3284 3293
1463 1613 1471 1920 1803 1608 1431 8462 8573 8625 8563 8488 8787 8768 8607 8657 8354 8472 8555 8430 8604 8782 8745 8781 8419 8647 8618 8536 8474
6017 5841 6089 5775 5829 5688 5673 6095 6240 6482 6395 6322 6460 6568 6186 6283 6222 6325 6176 6591 6282 6472 6161 6470 6675 6507 6450 6193 6309
4229 4294 4585 4599 4187 4528 4615 4543 4974 4813 4708 4826 4787 4865 4821 4849 4713 4623 4459 4514 4946 4910 4476 4620 4874 4512 4476 4758 4560
3168 3318 3089 3126 3231 3074 3149 3223 3207 3328 2853 3251 3100 2851 2869 2844 2970 3212 2842 3252 2791 3248 3055 3314 2894 3014 3275 2196 2255
4753 4498 4625 4371 4335 5967 5626 5618 6007 5686 5857 5831 5815 5944 5957 5951 5598 5841 6017 5928 5876 5712 5916 5607 5964 6014 5680 5520 5906
6715 6676 6786 6956 7065 6980 2707 2478 2851 2771 2801 2506 2820 2750 2718 2800 2688 2541 2687 2518 2668 2793 2460 2709 2568 2716 2947 2539 2908
7694 7563 7546 7529 7762 7667 7842 7862 7656 7828 7511 7839 7394 7409 7847 7734 7476 7640 7523 7465 7606 7461 7458 7493 7407 7751 7378 7596 7541
8444 8254 8664 8619 8224 8563 8359 8417 8274 8704 8658 8395 8376 8579 8589 8399 8355 8258 8720 8263 8563 8516 8682 8236 8518 8486 8645 8625 8637
1676 1676 2073 2018 1622 1801 1655 1680 1878 1973 2046 1699 1689 1985 1870 1860 1762 1674 2037 2071 1828 1654 2043 2071 2032 1620 7375 7426 7480
2692 2858 3044 3156 2836 2760 2727 2777 2998 2959 2968 2720 2993 2549 2883 2847 2887 2640 2429 2826 2510 2489 2586 2741 2756 2842 2774 2444 2500
5173 5275 5178 4996 4961 5255 5072 4978 4975 5201 5037 5061 5067 4892 5213 5298 5216 5096 4957 5142 5160 5094 5144 4877 4635 4730 4682 4701 4291
3402 3507 3535 3517 3248 3389 3525 3661 3390 3546 3563 3358 3446 3284 3382 3406 3240 3539 3491 3633 3677 3421 3686 3662 3713 3558 3769 3442 3512
7511 7305 7305 7317 7293 7480 7051 7560 7348 7199 7320 7490 7483 7362 7513 7486 7174 7219 7275 7276 7481 7288 7220 7121 6935 6812 6965 7060 6858
4232 4178 3993 4047 4176 4088 5844 5991 5793 5967 5761 6021 5627 5975 6050 6061 5938 5672 5806 5756 5895 6021 5641 5942 5797 5584 5612 6036 5642
6550 7737 7654 7509 7478 7521 7464 7481 7572 7697 7577 7747 7519 7584 7818 7713 7418 7675 7823 7426 7521 7865 7617 7889 7761 7670 7607 7532 7441
6331 6530 6511 6384 6143 6055 6570 6094 6135 6412 6168 6530 6184 6147 6336 6500 6028 6045 6262 6446 6050 6492 6424 6136 6481 6175 6205 6042 6309
7477 6496 5828 3745 3524 4790 7192 4925 4453 5324 8615 5058 4707 2976 8672 7095 5114 3679 3862 2848 8277 1252 6995 3189 4861 7083 3259 3557 8706 5026
7271 6226 5876 3968 3349 4671 7326 4737 4287 5168 8808 4839 4565 3285 8237 7366 5358 3443 4124 2691 8461 1257 6885 3087 4892 6973 3351 3150 3004 5266
7357 6158 5758 3769 3383 4868 7116 5126 4037 5034 8409 4654 4726 3383 4503 7442 5302 3820 4078 2744 8494 1296 7109 3483 4774 7119 3061 3610 2706 4942
7396 6265 5538 4051 3365 4593 7166 4926 4254 5502 8731 4738 4628 3027 4531 7218 5369 3689 4139 2594 8359 1361 7039 3274 4823 5620 2992 3202 2838 5350
7172 6327 5633 3903 3561 4496 6923 4957 4039 5389 8497 4842 4571 3253 4959 7527 5077 3692 3868 2627 8375 1641 6867 3462 4733 5849 3379 3322 2837 5210
7396 6312 5687 3933 3407 4533 7273 5042 4116 5251 8558 4899 4552 3406 4455 7521 5076 3876 4202 2451 8375 1648 6859 3218 4914 5968 3049 3182 2612 5010
7560 6409 5454 7739 3809 4882 7354 5009 4134 5404 8614 5031 4249 2909 4972 7147 5201 3930 3894 2571 8497 1503 6839 4596 4825 5619 3217 3257 3095 5288
7514 6543 5768 7636 3490 4450 7073 5105 4161 5174 8646 4971 4403 2878 4615 7381 5007 3526 2066 2838 8529 1436 7191 4681 4623 5645 3428 3203 2786 5129
7533 6142 5603 7522 3823 4908 7354 5102 4420 5471 8755 4996 4623 2927 4781 7209 5448 3745 1917 2423 8397 1560 7280 4483 4865 5752 3227 3202 2824 5185
7526 6557 5896 7464 3357 4485 6954 4809 4465 5025 3913 5046 4329 2995 4978 7080 2895 3604 1827 2426 5533 1390 7291 4433 4753 5760 2978 3536 3033 5050
7351 6408 5445 7872 3458 4516 7422 4909 4340 5137 3864 5135 4551 3194 4754 7137 2763 3409 2259 2429 5726 1626 6885 4715 4590 5765 3470 3471 2605 5089
7465 6532 5665 7589 3493 4883 7196 4981 4454 5002 3967 5120 4226 3130 4467 7195 2634 2061 2268 2829 5377 1602 7223 4947 4895 5638 3175 3124 2631 5130
7299 6564 5907 7501 1568 4803 7127 4933 4495 5018 3998 4743 4442 3026 4661 7428 2725 2174 2300 2843 5266 1240 7108 4807 4563 5847 3071 3568 3001 5318
7449 6574 5877 7473 1425 4525 7207 4869 6331 5170 4110 5901 4260 3231 4827 7318 2925 2233 2174 2490 5636 1466 6855 4525 4486 5652 2946 3295 3075 5089
7558 6182 5885 7816 1396 4722 7306 4847 6530 4528 4202 6141 4443 3387 4474 2478 2876 2313 2234 2425 5315 1252 6986 4834 4922 6001 3210 3097 2719 5076
7400 6150 5839 7435 1241 4536 7259 5187 6214 4666 3807 6038 4670 2966 4495 2641 2966 2066 1822 2376 5357 1428 6970 4781 7938 5763 1952 3581 2715 5316
7440 6320 5470 7731 1390 4691 7175 4841 6226 4535 4155 6163 4719 2006 4893 2812 2838 2229 1832 2417 5588 1391 7179 4533 8341 5695 1866 3455 2949 5138
7335 6428 5800 7826 1495 4628 6902 4876 6635 4782 4082 5958 4705 2181 4612 2871 2721 2312 2296 2696 5729 1393 7178 4797 8176 5609 2095 3392 3089 5372
7432 6511 5797 7771 1403 4476 7085 5068 6613 4423 3706 6240 1696 2455 4577 2843 2465 2533 2277 2755 5736 1408 7209 4927 8291 5642 1859 3322 2887 5118
7538 6337 5712 7638 1359 4816 7104 4952 6510 4509 4201 6125 1428 2453 4905 2890 2932 2394 2021 2570 5610 1567 6836 4651 8084 6105 1910 3066 2811 1693
7098 6219 5672 7753 1533 4825 7293 4997 6172 4524 4079 6233 1809 2362 4581 2564 2795 2457 1876 2608 5559 2742 7177 4713 8125 6090 1925 3562 3037 2086
7139 6226 7922 7811 1172 4830 6908 4784 6406 4397 3925 6240 1882 2018 4973 2863 2894 2154 1993 2519 5621 2594 7185 4724 8078 5865 1838 3520 2994 2108
7405 6636 8097 7696 1307 4943 6899 5157 6565 4811 4092 5932 1759 2159 4908 2841 2803 2324 1795 2553 5240 2720 7023 4764 8323 5766 1844 3091 2676 2185
4878 6480 7860 7680 1567 4478 7061 2794 6342 4718 3765 6062 1814 2312 4592 2994 2596 2018 2265 2597 5658 2841 7222 4610 8223 5668 2111 3092 2995 1983
4962 6623 8068 7607 1310 4497 7284 2983 6580 4409 3748 5864 1822 2160 4506 2952 2748 2311 2300 2495 5312 2844 7571 4476 8072 5855 2020 3207 3124 2019
4950 6426 8135 7476 1584 4541 6988 2900 6380 4316 4071 6226 1419 2346 4811 2963 2977 2320 2178 2384 5651 2757 7037 4839 8358 6033 2179 3508 2912 1793
4810 4206 7972 7874 1102 4912 7424 3018 6152 4542 4012 6178 1599 2096 4613 2834 2683 2137 2007 2506 5519 2414 7211 4604 8126 5856 1783 3312 3122 1699
4921 4567 7824 7506 1418 4792 6973 2734 6506 4311 3772 6283 1917 2121 4946 2683 2893 2176 1995 2629 5349 2530 7361 4826 8022 5780 1700 3246 2933 2100
4788 4133 8138 7637 1124 4956 7097 2981 6278 4500 4026 5954 1801 1992 4865 2864 2914 2358 2047 2300 5359 2887 7269 4633 7987 6026 1772 3380 2756 1903
16 25 5 10 56531 1.0020074177340308
26 12 17 27 45912 0.9123246108558366
7 13 15 23 37547 0.9768729469147158
14 28 21 1 76024 1.006533134134725
12 4 11 14 33244 1.0532572222540446
21 24 19 15 33395 0.9509065917624766
18 5 3 28 84697 0.945836084489517
27 8 4 23 80961 1.069503531148368
23 27 9 11 64873 0.9406451915415317
26 26 0 7 81236 1.025978537254386
20 26 29 16 42153 1.0080324643196978
12 6 26 1 40931 1.0095333906481863
17 23 5 14 34363 0.9256572318183252
26 23 0 21 54404 0.9114214189952483
5 9 22 12 60089 0.909679703470481
27 19 9 28 58254 1.0610587226183572
29 22 19 20 35056 0.9368055069699455
5 23 9 1 65922 1.0609791554889032
25 1 14 12 54449 0.9824700246935163
2 18 11 6 64416 0.9617990425196337
6 15 7 28 29611 1.0937529349725974
0 10 10 13 40470 1.0946090317656656
24 10 1 21 60789 1.059015281079527
3 28 27 24 74503 1.0406006029590071
16 18 6 12 33058 0.9056702364144599
5 0 20 29 113268 1.0658476978507896
21 6 4 4 52711 1.0434566470407511
1 12 5 28 32945 0.9428847711307915
9 14 25 11 52760 1.093829193896051
24 25 4 12 63423 1.0880461771412517
16 15 15 26 40066 0.9496116934643746
1 8 29 10 95637 1.0047910983885873
18 7 6 0 64008 0.9410886291946579
15 13 22 2 35992 0.9853020684671807
17 19 10 12 38192 1.004952319436
26 11 15 25 60452 1.0467052693637153
23 26 22 12 28040 0.913706409343866
11 25 25 2 75282 1.0684305803475338
12 24 6 6 48827 1.069389140338976
23 4 3 27 75558 0.9536240092837128
15 27 10 17 42000 1.0602328993279007
8 12 29 9 75849 1.0523709438181865
27 24 9 13 73980 1.070520600116244
2 21 18 23 32940 1.061665723116142
15 0 10 15 62741 1.0517959607104252
17 8 9 4 30005 0.909033734810737
25 13 29 4 32086 0.9057609928773853
8 7 22 16 58549 1.0533010825243119
23 20 0 28 57016 1.0103163075073918
8 6 22 1 44124 0.9288261098606173
0 0 13 29 89520 1.0545528953309322
9 26 24 22 49763 0.9525858665159574
9 2 4 20 64433 0.9974549704565643
11 20 1 24 27054 0.9742089584182784
20 29 21 19 31598 1.0891718568550202
28 24 15 10 78850 1.023254994703694
3 7 12 14 48405 0.9480296713897699
5 7 13 19 44920 0.9268100386406773
8 25 26 3 80712 1.0646227928709224
16 2 27 15 52018 1.090202213572853
21 22 5 23 36132 1.0244105131929606
22 11 18 19 23871 0.9740800766372145
13 28 14 12 53233 1.0193545574878091
10 16 21 11 47213 1.003323653176085
3 20 15 10 59188 1.0001737224932925
13 4 26 9 38127 0.90631846975871
28 28 4 6 99935 0.9154995594678812
9 25 29 27 59273 0.9818747025702645
22 9 8 10 60555 1.0364550808375994
26 24 20 7 63305 1.0240895301960564
3 15 22 0 83771 0.9634439356781048
29 24 7 19 63040 1.0247567255777439
9 22 12 15 27461 1.0543519392841123
18 25 5 0 105254 0.9577215242527322
20 29 0 5 83930 0.9705286893196245
1 27 15 11 68501 1.0047300908023544
6 3 7 24 54201 1.0634101763980754
19 2 1 15 82438 1.0977600151139488
27 29 15 5 73028 1.0177875893455295
24 18 2 11 66150 1.0330639370918564
20 4 28 19 44734 1.0929086030306399
12 6 1 20 59168 0.9847773555422988
6 23 5 11 21037 0.99560073545869
24 6 15 21 51598 0.9430370288781522
19 22 25 9 42334 1.0091201316307572
11 22 29 11 61126 1.0366328304541566
25 9 9 24 71025 0.9957441242670666
3 11 15 20 45440 1.0909847932886492
25 20 9 22 40301 0.9812109802091264
19 14 25 18 22691 0.9594260451854284
3 5 17 24 72162 0.9883548059437803
6 25 18 9 66259 0.9868699182756997
10 3 11 28 81368 1.039875253374798
11 11 20 18 40922 0.9620047430935775
15 3 3 19 71319 1.0338041369540327
8 24 17 6 69560 1.0394389392172063
7 9 17 10 46063 0.9432643425578099
22 25 27 6 54064 0.9755455043098797
23 0 17 16 48550 0.9460873519155214
24 17 24 27 29082 0.9911279075002475
9 2 25 22 76003 0.9404663770917632
24 1 8 23 80088 1.0994973897113203
0 23 26 1 91481 1.0069317796546022
15 26 20 6 64773 1.075928995292466
24 25 5 17 51250 0.9555091199837682
17 26 8 28 29444 0.9131261820211526
28 22 4 15 67687 0.9414648531082271
28 29 26 8 70984 0.9028864820658264
17 3 28 19 52117 1.0575343651736029
5 13 26 17 56003 1.0482916835960596
26 15 0 9 83129 0.9338804728664819
1 7 4 18 32528 1.0875421679982775
24 11 29 24 60895 1.0100807324592396
24 13 23 28 36040 1.0563287764098312
4 8 19 17 57365 1.0178351320613919
17 25 24 6 61136 0.9221351114771111
2 11 20 12 61673 0.9817448953606597
29 0 10 24 98282 1.0702909440134518
15 18 28 23 49834 0.9799897995817017
10 24 7 4 60786 1.072512337264793
20 2 19 24 63680 1.095946389205495
26 24 12 0 84239 1.0355565543733243
8 15 7 1 63126 1.0109703538313717
15 24 18 1 81717 0.9126746935866746
8 16 9 0 60725 1.0424891401595469
14 17 23 18 21679 0.9072329650233516
23 6 8 16 65319 0.9095469071168648
0 8 21 10 79177 1.0032270586092604
16 15 9 12 38095 1.0746988076455941
24 20 13 29 49296 0.9193572805663797
26 11 0 20 70201 0.918816812244333
27 10 0 5 89453 0.9778159111656928
15 13 6 14 31208 1.0392657653654425
8 15 18 25 50241 1.0484103035866656
15 10 3 0 86551 1.0438035543435331
28 8 10 21 72828 1.0245421101628847
6 10 16 0 69287 0.9650686866593002
29 27 18 24 38862 0.9108361826773537
7 29 11 2 78420 0.9546930506040807
25 20 2 15 63055 0.9364991004915786
16 25 27 21 39001 0.9358699537533473
25 2 27 20 56392 0.9596245046799672
8 23 8 1 73967 0.9140954790995242
10 29 21 17 56475 0.9592583970289656
4 26 7 11 30937 0.9120357373131646
6 21 20 29 42028 1.0049837809528213
11 4 23 28 65087 1.078364670742325
23 25 7 6 63089 0.9443660755163807
19 27 29 10 59645 0.9523465513985501
21 12 8 18 41818 1.0526634689831629
18 17 26 22 35350 0.9137916946563999
7 23 21 12 46090 1.0261373393554571
6 16 16 22 31638 0.9788179471779344
11 14 5 3 59797 1.0649483063307303
11 3 25 18 54526 1.0930423407115712
8 29 9 18 27876 1.0006333785876107
12 6 4 1 50920 0.9650274039766035
1 18 23 17 48484 1.0277683091610532
2 15 22 28 70131 0.926139141556224
6 22 3 29 25388 0.9312630296813187
2 11 18 28 70535 0.9841621796531291
27 23 18 4 61552 0.9628902068240789
9 10 25 11 56202 0.9688999618998991
6 21 17 27 34694 0.9001444927606772
0 7 26 18 78136 0.9602865024943205
24 20 10 16 43138 0.9715243990373924
12 17 7 29 31666 0.9504056564512554
3 10 24 10 80702 0.9178410904494984
3 12 8 5 40958 0.9455834917555863
14 3 5 13 52304 0.979413440153198
9 16 22 25 45623 0.902699414188136
0 1 4 9 38877 0.956303990241257
3 24 21 3 81559 0.9791945652464372
3 5 23 22 77458 0.9399996594749677
7 23 25 25 46385 0.9865687254393078
25 9 0 16 79683 1.0640912430293454
2 19 13 21 22706 0.9956804261503005
20 29 8 17 50838 0.9640528507637106
23 5 24 26 47826 0.9475083537770062
24 1 12 2 36821 1.0798647695163148
26 29 10 13 68744 1.060240214149093
6 1 6 26 71604 0.9513144286460954
2 6 19 1 70444 0.9822696334628621
0 10 11 4 53805 0.9405613410791582
12 6 21 3 27209 1.0277622857595765
24 28 21 15 33572 1.0248371572902075
19 14 13 2 44401 0.9892149485088322
25 20 14 4 49132 1.0929532218777183
16 18 1 17 39718 1.007643866476483
3 7 17 25 70700 1.0838664388327874
23 25 23 13 30538 0.9585152124716516
6 15 25 15 57723 1.0157023141884376
8 1 5 27 78451 0.936594729914607
22 6 23 24 38243 1.047017315805983
16 13 13 22 34490 0.9744407104284376
28 20 21 16 30591 1.0227563786658151
6 18 3 26 22472 1.0314501629445827
2 19 11 5 61354 1.0904190512806489
25 11 7 18 50755 1.0899111135609418
8 2 19 5 41651 0.9313552647063215
25 10 23 23 36887 0.9427187309923521
27 21 11 5 66443 0.9936932954731541
8 29 21 20 48939 0.9800188391205433
10 21 27 27 44678 0.9758188983672468
10 16 13 6 38696 0.9470554185221793
8 29 29 4 83512 1.0942097851857677
29 29 3 4 101810 1.052575969148921
13 12 23 29 60178 1.0891974384741712
13 2 17 14 43663 0.9738132643958308
3 27 19 2 92057 0.9763070383309399
0 18 16 14 58252 1.040643109835223
22 6 5 19 57689 1.019563020529168
13 1 19 24 68562 1.087375309276263
28 26 24 18 31053 0.9271548742028002
4 9 18 0 78174 0.9529057699552587
9 25 7 6 43856 0.9042916040327081
24 6 6 18 68195 1.083383932745331
27 8 3 8 90328 0.9632784208907272
13 18 1 13 40224 0.9170711835699221
25 8 26 24 63500 0.9151045427525323
1 4 24 24 81881 1.0571339935591553
4 8 10 26 52561 1.0395529485426185
29 11 12 13 45852 1.082327892649971
28 8 11 4 47954 1.0133542474658248
20 16 0 29 60924 1.0201639469108343
9 9 29 14 73917 1.0580023734119575
14 28 12 5 69052 1.0585322454762538
0 20 15 15 50143 1.0729321310402016
8 20 16 5 67183 0.9988001743224129
1 24 23 4 69982 0.927568250274991
26 23 17 21 30055 1.0680839932168507
15 9 9 2 44082 1.0458910911934876
3 15 2 6 34587 0.9765455602633369
1 3 19 29 81434 1.0983726603151271
5 27 13 0 82269 1.0868078942452182
20 10 16 28 55992 0.9933748876657249
5 27 10 7 51382 1.000567632990399
18 12 8 2 59819 1.036166923831071
10 20 2 23 27734 1.0670787113393456
7 24 13 19 19883 0.9279994918096678
8 17 22 16 37446 1.0292454927130072
25 9 2 10 84748 1.046990191664094
26 19 24 6 44839 0.9854346285700146
13 24 8 7 48045 0.9812847663339467
26 19 7 25 44780 0.9882452003133232
18 21 13 11 38425 1.0415327224576594
28 13 13 12 39303 0.906520712821966
6 5 14 0 36327 0.9128237959433358
16 14 20 8 31766 0.9061374509117824
29 7 16 27 74008 1.0808732258510172
18 16 20 3 43078 1.066545494204938
8 7 4 21 33761 0.9327293388849824
7 0 20 17 84871 0.9403206250824103
17 24 2 21 31457 1.0422744639849741
14 17 27 22 45417 0.9633851401051365
16 26 24 9 52813 1.093793457529255
13 22 5 29 27796 0.9999593865984464
22 3 27 16 37583 1.0624440933961554
4 8 14 24 58132 1.0094690132105582
22 0 10 25 77254 0.9657435851208641
13 18 20 6 52170 1.0252021369034974
18 1 5 13 69400 0.9392495756047629
18 14 4 25 54746 0.9165299353856601
22 20 7 16 34450 0.9223625468575043
23 20 25 11 26643 0.9345844313169972
19 19 25 13 24359 1.0108587574376384
9 13 19 19 40006 0.9238610159431216
22 10 13 9 37920 0.9103234402501361
28 21 6 5 78883 1.0850068658131884
19 9 29 15 38872 0.9210140910171263
17 3 2 3 48961 0.9327484532921186
4 15 17 10 56017 0.9739800739473509
17 16 5 6 62192 0.9363620557486859
23 0 3 2 72136 0.9546251831318235
26 3 11 1 42286 1.087574807820718
24 0 18 28 72531 0.9072227380321729
9 24 0 14 44569 1.0713206008784115
4 7 23 24 73503 0.9998922505055409
10 1 9 23 78865 1.0036836314385622
16 2 24 29 69631 1.0435904510140452
12 5 0 25 73939 0.9562388758815794
27 15 10 15 57419 0.9001841769154993
12 19 22 7 43784 1.0755850293610214
2 29 25 21 58530 1.0947337433578979
2 6 27 9 86161 1.0265121694381598
27 10 17 27 59293 0.9603867478066717
10 26 12 5 64315 1.0799563875617604
1 12 27 26 68704 0.946961490424597
1 21 25 4 68115 1.055332946241522
4 4 28 11 74811 1.085587545463582
0 0 29 7 95184 1.0894034877745415
1 7 9 13 36149 1.0995186902230152
10 29 16 4 84376 1.0061842842826396
2 26 23 29 63294 1.0350497452352445
29 10 17 14 40255 0.9335658182866642
3 9 16 9 66737 1.0148177485534189
11 19 26 29 49341 0.9584849363046274
19 0 0 8 84855 1.0918718810297527
29 28 7 24 63223 0.9883363590602621
10 5 10 25 71225 1.0316908368569195
5 7 16 16 55298 0.9190142852702853
21 14 2 11 69661 0.9868628522714342
12 0 12 16 45719 0.9140399621263492
4 20 24 14 55344 0.9966295723373415
26 29 13 19 46243 1.0495343933718413
28 21 25 5 54668 1.0825941856703045
27 13 8 12 54575 0.9879407362696201
6 7 17 28 64260 0.989988323505683
9 19 5 27 21223 1.066793284880512
0 22 13 18 32413 1.0198449439065167
28 12 25 20 32356 1.0202520279531255
24 13 9 0 62207 0.979692111586348
27 8 18 21 55600 0.9552756189946533
5 25 26 1 85508 0.9991230719105582
2 0 19 26 87464 0.917791590239503
12 21 2 18 25228 1.0322459369082986
14 3 9 19 54457 1.0295266739299695
8 16 3 0 69907 1.07510794367324
2 27 27 1 96443 1.0570741544822284
27 9 17 23 57503 1.0315412339291266
16 16 27 9 48697 1.0489202606123031
15 15 9 22 39597 1.0411463587765193
17 9 1 28 71522 0.90748017341259
2 3 15 0 55833 1.0280313382245096
3 0 24 16 98215 0.9362298789570468
11 6 17 1 29529 1.0381411951788404
7 17 4 28 23619 1.064717017402209
10 7 29 27 92009 0.9257360112972025
1 16 4 0 53109 1.0385577340090186
5 18 29 10 73116 0.9655073330136852
3 24 4 7 54179 0.9209029153084657
5 13 27 2 76283 1.015049344884548
20 6 11 13 48420 0.942578154159813
24 25 26 2 68606 0.9729356043429203
4 16 13 21 24641 0.9317658764864982
29 11 23 5 36336 1.0216963675642239
3 19 14 14 40841 1.031503308779883
13 1 18 22 67720 1.0802212604304535
8 16 27 20 57100 0.9374883684710595
8 14 18 18 34466 1.094957135758721
3 28 17 25 46572 0.9330660364785331
4 1 14 21 75890 1.0503330448484405
23 19 8 0 78644 1.0353555193010637
15 1 26 22 71755 0.9948335434917227
22 20 18 26 18780 1.0689699875455239
5 27 9 15 37441 1.080075235319713
24 2 9 13 62301 1.0812015795079613
7 19 14 5 54947 0.9311258506555201
4 12 12 18 30874 1.0850686176937405
19 6 8 9 58369 0.9063114126225321
4 7 10 18 39664 0.920169995707315
17 6 29 9 51475 1.0379579566462402
8 13 6 22 23754 1.077726522820103
9 29 19 9 73520 0.9949667389474065
26 20 10 5 70047 0.9496732337770492
10 27 21 4 71391 0.9782272067826623
13 26 26 1 81320 0.9989700079982005
12 20 19 17 22636 0.9572287944756687
10 22 25 1 73828 0.937506612436895
29 21 7 8 65369 1.0770280792921303
14 11 22 15 38657 0.9839537444092517
16 9 20 27 62332 0.9703288865539037
27 8 21 22 56128 1.099201143071069
23 2 0 24 81043 0.9289662199284205
10 16 4 6 49095 1.0475259559034729
20 3 4 13 69450 1.03447894448952
5 5 11 9 43561 1.0635739644107516
9 7 26 8 61874 0.9644669393229002
2 28 3 16 33664 0.9857399136643421
17 23 2 28 43070 1.0543045072544572
3 3 7 18 54365 0.9315991126834052
24 20 9 26 49829 1.0810548293463302
28 2 0 14 98966 1.0696360506747267
20 2 1 14 83746 1.0447209789933916
2 8 3 18 30825 0.9357398542849993
7 0 24 3 64610 1.0671578224245524
22 25 14 15 40757 0.9096696643484735
20 28 18 18 31693 1.0457093341733852
23 1 11 25 74411 1.051390929646396
20 1 9 11 67666 0.9775455737281837
5 0 10 17 76831 0.9456158522389881
6 19 18 19 29161 0.9865459991610278
16 15 27 25 52779 1.0107608310169467
0 13 13 28 55532 0.9354017134280711
16 24 9 3 77981 0.9909772320336301
18 15 17 29 43671 0.976754675240113
19 6 18 21 41712 1.0821483390103723
18 29 11 8 75260 0.9669256244652565
23 23 16 8 54956 1.0578426072247509
3 7 7 22 45517 0.9768012318627196
11 11 23 5 43416 0.9333592558030268
25 9 4 5 69124 1.042993652077845
19 7 21 25 48967 0.9116911140481131
13 9 24 21 56485 1.0794188865713576
15 14 22 4 38295 0.9150896891975604
15 3 1 11 61919 1.0749189023821741
29 13 21 1 43222 0.9357816474630454
10 7 20 9 50235 0.9195696613097321
29 26 27 14 54695 1.0469629271571017
11 7 15 0 30805 0.962696575240012
26 27 13 2 73160 0.9686089299784819
10 15 22 27 60286 1.0138883007721637
19 0 18 24 83038 1.0758704079796613
21 11 10 20 52787 1.0353778061527548
8 2 5 16 58061 1.005747732579957
19 29 8 21 37396 0.9351464551685436
22 21 5 18 31511 0.9418111811515189
17 20 22 5 40129 1.0197424092068168
29 11 23 18 31296 1.0906990368542697
9 7 13 17 44129 0.9684928939308705
23 12 7 1 66053 1.0994691645838301
9 23 0 24 30812 0.9345135910904294
25 3 11 1 36902 0.9338630153366041
8 16 7 6 22182 0.9700994331088575
23 19 6 4 64830 0.9514532934124375
22 8 6 5 47607 0.9663990489758478
10 5 28 12 50937 0.9863826226227412
14 12 7 3 57364 0.9238264675849418
20 14 24 0 45517 0.9496539686310893
27 21 20 16 28637 0.9301443034947482
14 3 0 9 58508 1.0467136308311127
22 1 1 7 64106 1.0717097983431394
24 25 17 15 43131 0.9943762186311693
21 25 14 22 36222 1.08491499744589
15 5 2 13 65811 0.9049486319564752
17 14 7 10 37742 0.9936961052764202
15 2 5 4 37106 1.02476816855506
21 11 10 17 45440 0.9207979509423192
12 19 16 6 56205 1.068556307438187
9 13 17 0 54992 1.0151795393969478
22 3 20 20 41841 1.0772140314300216
11 15 27 12 48238 1.0539904065201635
7 28 12 21 19729 1.0166051026716225
12 15 29 13 46710 0.9616374447232863
25 17 10 1 65782 1.0185545215001415
13 4 9 22 60420 1.0795853300211984
26 14 8 9 68228 0.9339326606448268
11 1 17 10 41451 0.9291886458992091
5 10 7 20 25624 1.0766529266862133
13 0 18 18 58266 1.0715129366799943
26 25 3 4 95717 1.061741411192778
17 1 16 11 37608 0.9644742586308668
11 10 24 16 49680 0.9404943267597736
11 26 22 24 29499 0.9316954587207146
1 18 27 11 69760 1.0278219310523913
2 9 20 11 76098 1.0966538384806095
14 3 29 8 44982 0.9794567515511762
16 11 27 13 33696 0.9196806309257248
28 2 11 25 86780 1.0935391872978508
3 22 26 23 54166 0.9634605976565128
24 23 15 18 32458 0.9141068856841612
12 29 1 20 39249 0.9548512169006949
9 13 24 19 50030 0.9223784501127696
16 22 0 12 47869 1.040840434988356
0 9 4 21 31260 1.0588863047308603
15 16 12 6 36810 0.9335322228929642
21 18 1 27 47942 1.0053800068930936
28 8 17 5 40672 0.9397903670301053
15 22 3 17 34475 0.9665859937293151
1 27 4 10 41032 0.9026481582626382
23 8 0 12 81380 1.0266590942521248
6 22 5 3 60864 1.093505029162608
0 6 11 20 56856 0.9382425503025907
17 26 5 10 54567 0.9810823821366631
5 12 0 6 33966 0.9424754172233
28 3 24 19 47812 1.0254834229093412
10 27 14 11 58764 0.9737190894995117
19 18 12 9 39335 1.0755643836276816
5 2 21 17 76698 0.9115344171700466
13 25 0 18 40407 1.0025313101408668
1 20 17 21 24967 0.9395158065698371
13 29 28 24 56223 1.0366390297082275
13 20 23 29 37185 0.9647118894594583
2 23 12 19 27853 0.9433553784178232
25 2 28 28 73934 0.9013974035243796
24 19 29 3 47811 1.039139992350291
3 19 22 25 43003 0.9685446533687674
1 7 20 29 75167 1.0318927327827812
14 6 15 17 43132 1.0442316451699853
7 3 26 3 52923 0.9188523031563621
13 0 11 11 40686 0.920672528820897
27 3 21 26 53305 1.0464555555681727
15 14 27 21 50241 1.038634472477757
3 21 19 12 47535 0.9913965508419855
22 3 7 10 53336 1.0702413799588142
3 26 20 9 71125 0.9057912614340325
1 24 19 16 43744 0.9411392649289543
24 11 19 21 32313 1.0561652126108814
19 3 4 18 76042 1.0434176529566543
26 27 16 19 40836 0.9498957561629304
0 10 23 19 66515 1.0171677136828388
21 22 1 28 50985 1.056193630782067
8 6 19 29 71607 0.9310167845515711
24 9 1 12 78393 0.9575935850063466
9 19 2 25 30696 1.066274536476843
14 1 25 10 38207 1.0420627582479212
16 25 0 26 52197 0.9718138689140534
27 17 11 27 54338 0.910759022251345
6 2 15 20 72690 0.9515672974936105
10 11 24 29 74644 1.0769008210717528
29 0 28 21 80265 0.9933758287674572
7 14 19 11 41170 1.0946693512982433
19 19 10 8 53725 1.0201122481335791
1 5 15 2 52653 0.9034445626590973
29 4 25 15 38097 0.9926635657231844
26 17 7 14 48665 1.00619308017501
29 3 16 24 72027 1.027713023591522
19 2 3 18 86615 0.9129482166541164
2 4 22 11 61783 1.0045979395358957
14 4 28 27 70334 0.94906139931514
20 24 4 3 87628 1.009040766381896
26 27 17 26 22879 0.9065313054104585
16 19 28 5 56682 0.9189207779901858
10 28 13 0 86479 0.9500353107005692
16 28 7 7 61368 0.927068086626552
16 27 10 23 33471 0.9338258700926627
4 6 26 3 66378 1.019855450088906
12 8 19 28 63716 1.06951231755962
12 28 7 9 46455 1.083235355975006
19 29 3 3 89171 0.938834147844851
14 18 26 26 39861 0.9064028375818066
21 0 12 28 80927 1.0967547599731395
5 27 8 14 28991 0.9965047133159666
4 13 27 4 71496 0.9310396483258202
3 10 8 4 50440 0.9293006660716759
18 15 7 17 34365 0.971631151867097
9 11 12 25 45151 0.941073691862625
6 17 14 29 48094 0.9615916050611513
25 22 2 17 55522 1.021117430173475
11 9 24 1 50446 0.9579047973058957
11 25 7 5 57867 0.9483145758943595
22 18 23 3 29657 0.9672304277077876
20 12 3 15 59894 0.9407539029404186
0 10 26 0 94375 1.0554739657656427
12 23 21 20 27724 0.9309114912980647
13 28 22 3 68430 0.9213573426471338
7 1 5 18 66976 1.0197307952962098
14 18 8 12 29156 0.9604861790033972
26 16 15 0 57896 1.0803535610889958
18 12 10 21 38692 1.0823065586583716
15 14 24 28 56142 0.9101191527675522
21 5 2 23 73418 1.03906055985187
20 14 13 25 45099 0.9992484132663646
0 24 28 26 63463 1.0728123629491655
6 14 29 12 60886 0.9891346150556044
16 23 12 6 56106 0.9507925423671361
7 24 13 17 24898 1.0225842265475866
29 18 5 17 53668 0.9210105457549363
11 26 1 26 32152 0.932125330875145
1 19 2 10 23062 0.9210995129238806
8 21 5 11 19442 1.0940666684169058
12 16 9 24 34600 1.0661583051363872
15 10 4 1 74615 1.0491435551627366
24 8 8 10 69321 0.9932220927517453
9 12 26 1 71063 1.0262760365316739
1 13 9 22 33677 1.0332589075627043
22 25 2 26 52112 0.9185725921865272
26 26 13 5 64294 0.9894812365137389
3 8 9 28 56549 1.0065981982990426
8 1 3 16 73983 0.991307844523269
8 20 10 11 36563 0.9950394283286622
10 21 16 10 46995 1.0167561289239235
25 7 18 27 58348 0.9372603595632818
27 26 28 5 66253 0.9742061530280065
13 18 7 26 26013 1.077073091590284
14 14 23 2 50276 0.9125755573285206
12 17 21 6 49870 1.0834537093753596
17 9 21 23 46149 0.9024819992537506
4 29 19 6 78332 0.9449819193966027
26 17 13 5 48083 0.916903763777864
6 23 21 18 36895 0.9648592827797056
3 4 3 16 40060 0.9677970665208202
11 26 11 0 82837 1.0021138939709062
1 26 5 1 71179 0.9725257446943872
15 26 20 12 43332 0.9675499717404691
15 8 23 24 63705 0.9998570716167533
28 7 17 6 36265 0.9928165313068056
28 13 27 25 53222 0.9425802192403133
12 13 1 11 38070 0.9028210391152675
21 16 13 25 40403 0.9281904040072413
7 19 25 29 50539 1.0899114288007257
10 25 11 14 45004 0.9890045481290208
14 21 19 12 31062 0.9197929638706173
17 14 24 3 37650 1.0167203789446508
12 14 25 10 42332 1.0921162236523287
4 8 26 1 80988 1.0106968032621215
14 7 21 1 27824 1.0034483818304079
6 25 1 20 19356 1.0916452340911909
6 16 15 2 63361 1.027298521923957
4 24 0 15 33144 1.0051993154380081
7 5 13 1 35552 1.0639146493719358
4 13 22 0 72069 0.9704789857690799
14 21 27 14 45641 0.9256534015608737
24 0 13 6 36789 1.0442938158273514
1 13 27 24 78394 0.914290269847716
12 24 25 27 37687 1.057096730613508
14 2 29 23 77419 1.0197033656456385
25 20 0 24 54488 1.0895923199468542
0 7 21 25 77327 1.0415853182176875
21 29 4 15 62232 0.9872040964026132
21 25 16 0 70854 1.0795785248172616
25 13 7 13 47840 1.062919691624345
18 21 2 10 51365 1.0708838558403309
24 15 5 1 83367 0.9635797173902316
26 17 13 11 45576 1.0990465017205915
20 2 4 20 82611 1.0446563333660017
21 13 15 4 27654 0.9627856088067773
24 16 12 4 41139 1.089414238061915
14 7 8 27 68794 1.0611493777665695
5 22 26 27 51603 1.0939036069208279
8 29 11 17 38856 0.9342890192973515
25 13 29 6 39167 1.0057735577266913
20 16 7 29 46972 0.9366437654436269
9 5 10 19 47053 1.0375505304973007
5 4 18 0 51599 1.0974327497670275
11 24 19 10 52127 0.9653840825000825
1 26 4 3 54036 0.9679116750483243
14 6 16 16 44047 1.094469949567974
7 13 11 0 60196 0.9694956081848866
16 28 3 13 59109 0.9567809204607058
4 24 12 21 20096 1.0952135108505971
1 22 0 1 46828 1.0227091246473183
4 11 20 3 72634 1.0998579872830416
26 29 19 21 31680 1.0730961181216412
7 14 23 10 51230 1.0006042499086665
1 9 12 7 51672 1.0619292413367662
12 13 26 0 63029 0.9358579372538225
2 25 21 23 53784 0.9499773469982153
29 24 13 15 69480 0.9214402097701879
2 22 15 8 71536 1.094335096451733
4 26 15 25 41657 0.9366233133817216
22 5 8 21 52167 1.0540859271964522
18 11 13 22 43371 1.0860117675365666
23 15 12 16 31716 1.0835331358154021
26 25 19 9 54359 1.0251290507115738
4 3 17 22 72029 1.0424008665326525
27 18 23 3 40202 1.0077947891804306
26 15 21 28 45134 0.9185935772176952
26 27 13 15 56667 1.0716722426837388
29 22 3 1 109369 1.0464326982291787
26 20 16 0 69853 0.9307773558950434
9 22 1 11 37360 0.9073456311363459
14 1 8 9 42403 0.905358088016118
8 9 15 25 59378 0.9471816224129046
23 5 6 24 68175 0.954810740396417
28 25 22 12 45503 0.9692214459908903
1 25 23 19 45903 0.9935257819165215
28 15 18 2 51628 1.0179743159260846
25 28 26 8 65009 1.0357839338150534
22 29 27 14 53033 0.9684358387240137
3 3 24 20 85155 0.9719097975751008
13 0 5 4 40232 0.9123947952215079
19 15 15 1 49936 1.0177457496357265
14 21 2 17 29921 1.0101731056388565
24 27 20 7 52963 1.0479260861801585
23 1 9 4 34655 0.972649403431382
9 2 9 28 73324 0.9995947792837605
27 7 4 6 73557 1.0433654777421366
22 21 26 29 24777 0.9596453685812203
25 20 7 10 54670 1.0040433397269068
3 19 6 2 60557 0.9901614925788487
11 29 5 20 35274 0.9998710870108469
16 17 24 4 40473 0.9852842258830234
10 27 18 1 89180 0.9596719542580019
19 23 7 8 44726 1.0822342583319664
19 2 28 23 78717 1.005624916152521
21 4 14 29 73677 0.9127400625486886
2 18 15 13 51077 0.9628921737125152
14 26 5 9 58175 0.9257868446155112
5 23 12 19 18983 1.0687973459222264
20 9 20 25 51170 0.935536153548062
9 16 20 3 61162 1.0726506961117852
25 22 8 25 48323 0.9316004729918492
4 27 1 18 23977 0.9395248922104061
6 28 6 5 53892 0.9375412709303635
7 4 15 23 65946 1.0843845436663098
12 21 9 5 50440 0.95298659352535
5 12 24 3 70570 1.0175454280966907
10 16 29 1 81231 1.0921544573207649
2 14 25 19 63301 1.0039769343597096
19 11 7 22 45607 1.0251674535437365
9 2 0 5 43623 1.0655982478224006
25 9 13 13 40027 0.985466960890791
6 12 13 23 34847 1.0320712157897893
7 29 0 25 30715 0.9445390547637922
9 23 0 24 30812 0.9820120054638916
29 11 7 15 63969 1.0645540360344057
12 7 0 14 58345 1.0217194667205265
12 9 7 28 51870 0.948251031865375
14 27 21 18 39996 0.9730832414440512
13 24 23 26 27754 1.0807979534245722
13 12 18 21 35408 1.0664148885151978
11 0 10 22 77708 1.0278164613223955
17 7 11 20 54900 0.9966051251031312
16 23 11 6 63302 1.0015928697406395
14 10 29 21 65557 0.9116891337800724
0 6 15 26 73521 0.9347375308505195
22 14 27 19 21372 1.0945233229426736
20 0 3 9 92576 0.9406132649101722
29 9 7 3 78046 0.9026454119557967
7 0 21 6 67071 1.0527543266816406
11 6 14 15 44092 1.0963561500342773
19 10 5 1 77672 0.9577733820017971
26 2 29 18 59152 0.9596523214583523
25 19 2 20 46995 0.9897300730435198
29 10 3 22 75420 0.9995433012096981
20 4 7 24 62734 1.056174920802398
15 11 29 18 52399 0.910622502344275
1 25 17 24 39364 1.020781906869085
19 17 25 21 22772 0.9877740926188853
12 24 8 16 29305 1.054710221147304
9 17 12 28 38470 1.0691515525261008
8 10 24 10 66672 0.9388201244692577
9 12 21 21 45487 0.9756617792377049
12 18 9 1 62290 1.0091749333157605
18 10 18 20 36271 0.9674550280743862
22 29 4 0 115664 1.0541357106055298
12 17 9 5 47464 1.0907064643941093
4 2 0 12 39444 1.0956289215532773
14 9 19 17 41853 0.990193805969417
27 19 20 28 39824 0.9934528604819417
15 29 0 9 77150 1.022745219905973
18 27 0 19 51974 0.9369795284762795
7 8 16 22 40191 0.9352030564304922
28 10 4 25 79801 1.0648211089260946
11 22 7 28 25733 1.0586368033709457
28 29 10 19 55569 1.0570692794224417
26 20 7 21 41828 0.943808973334485
1 21 14 23 28869 0.9895442330075632
14 25 28 9 79936 0.9562848125654211
8 6 21 19 60331 1.0475963840545117
24 26 3 1 97259 1.0235311550383037
11 10 25 25 69077 0.9678938660736565
12 5 28 19 58883 1.057171393290379
8 20 26 15 50658 1.0992806905875985
16 21 3 9 52629 0.9552004749921901
16 25 5 14 45549 1.0202323421664876
28 22 10 1 90710 1.0554528749661427
17 3 17 23 57225 0.9734996254740664
22 16 15 5 37180 1.0264266579128927
13 20 16 1 67074 0.918799585830025
21 15 8 0 71987 1.0157294624755875
24 29 22 7 47017 1.006044268236344
21 27 16 0 77092 1.0616338222293757
10 22 9 8 43494 1.0432996710293088
23 27 4 2 98122 1.0785657174648267
1 20 29 12 63578 0.9225758821650885
11 27 22 11 54093 0.9311271578340692
18 11 26 25 53808 0.9582203770618901
5 17 5 28 16743 1.0668937993793879
24 19 29 1 59803 1.0150833251761764
17 4 22 26 47512 1.0674406779967704
25 22 2 4 79774 0.9989780015872494
10 11 5 24 39535 1.0697579395930121
26 2 26 20 63165 0.9638478645227953
1 14 10 18 32108 1.0224586535802467
25 23 24 1 63487 1.0453503099440318
21 6 5 17 67760 0.9829075115039686
20 24 20 5 59790 1.007544662515483
10 21 3 12 30237 0.9116626667366808
16 16 2 22 42935 0.932656506759739
25 18 22 28 31454 0.9762037383565609
15 25 3 28 46301 0.9698821345601112
7 0 24 9 74905 1.092781261938696
26 1 9 2 54216 0.9979991914163127
12 23 24 1 69730 1.0970049409320708
19 0 12 13 60146 1.0472758228245889
25 18 28 1 55209 1.001149893409098
10 9 23 27 73155 0.9213962124545758
11 13 24 2 56112 0.9053570219310038
1 14 16 9 65643 0.9008421315903381
5 2 6 21 61234 0.9175115094737328
19 24 8 24 34581 1.0466965930064758
1 21 15 19 28700 0.9678082864177591
16 19 5 1 84637 1.0218470759215577
8 10 10 2 47200 0.9766682979471739
27 5 29 24 77661 0.9119646933989253
4 17 28 10 77580 0.9211287268250113
11 23 21 9 53593 1.095110036139199
2 8 8 20 43531 1.0961360425177904
8 21 9 11 28176 0.928196275866594
21 12 13 0 41141 1.0769132606928078
11 0 25 11 56209 1.0395403012239426
28 14 10 7 69499 0.9859342010707065
15 1 26 3 35260 0.9689960133110397
1 28 15 9 74890 1.0080851853927613
12 1 25 29 76783 1.025562405833149
25 9 14 16 45681 1.0674766221415852
19 19 5 1 88719 1.0717390737297632
27 25 11 10 75065 0.9849764933457152
20 9 24 27 48545 1.0257461070153648
28 14 19 18 35819 0.9843061278957208
12 18 22 16 24261 1.0298674797837728
17 2 29 19 57506 0.9582954997144031
2 27 24 7 80228 1.0920092419260967
21 17 28 21 25870 1.0097138644717611
28 27 0 19 67701 1.086661517138843
4 18 16 17 33652 0.963473694338993
15 14 6 7 46375 0.9261300481831655
7 6 26 15 68892 0.9468053250581399
27 9 22 15 30264 1.0979271704309812
7 12 28 28 70623 0.9840544923263026
12 20 29 22 44610 1.0081813701771873
1 26 25 29 64137 0.9395273615238157
17 10 9 17 40827 0.9852561967107029
15 7 14 17 44235 0.9583807390404927
26 18 18 27 35836 1.0678241071811745
29 19 20 15 29858 0.9756969725015214
27 24 18 28 35364 0.9250823052965331
13 26 1 2 69197 1.0101449529289634
14 5 21 20 47715 0.9709098536048154
11 25 18 11 57730 0.9625235730359515
19 9 9 26 64473 1.0540740711340453
14 2 23 26 56774 1.0227530814913588
24 3 2 24 81437 0.9925673496803158
13 8 22 26 63582 1.0666565951879727
2 2 15 9 67501 0.9731579756175741
26 28 18 16 45033 0.947164942834297
1 18 6 4 43114 1.0870499404413394
22 1 10 10 45018 0.9686368694876699
5 10 24 21 54307 0.9089890830536935
2 2 13 29 82527 1.0236243199822657
21 26 22 6 38965 0.9165833197427579
10 6 6 24 55220 1.0014218892576414
8 1 14 15 72091 1.0248065538446358
16 25 9 29 36841 0.9377488503230758
22 16 3 10 69652 0.9951390453385387
21 16 14 0 42108 1.0561392783273336
11 24 1 3 63268 1.0126346754693902
7 7 12 25 42275 1.016809391074347
1 20 23 21 37391 0.937544496141923
23 8 5 1 70041 1.0300895103954992
6 29 9 19 27755 0.927066066308486
17 17 0 0 83720 1.0066308626631035
1 8 28 16 82942 1.0717142535294284
0 12 29 23 85963 1.0933433263419474
21 22 20 2 57654 0.9612855979598225
20 18 17 1 45558 1.0961139604035273
1 5 23 12 70479 1.0103105985718563
12 14 28 26 55875 1.053506251225532
19 20 0 3 66207 0.950525952127292
13 1 29 15 62596 1.0195623731835606
3 22 15 15 44837 0.9254557550050716
20 5 5 8 60837 1.0239556136485395
15 26 9 14 51539 1.0951862317991048
22 12 28 6 36326 0.9229436383106634
13 2 0 4 50531 0.966037255096293
29 5 14 15 56135 1.0279817914805747
18 11 21 4 28172 1.0322641295278712
7 17 15 5 56388 1.08233439028163
8 27 7 16 21953 1.069087787832496
13 2 14 18 52003 0.9565411233977636
16 7 18 19 44087 0.9743239626232497
10 26 26 18 51028 0.9490532753169998
6 27 13 14 42711 1.0315582733378228
12 3 22 0 24353 1.0551294601658219
28 14 14 8 61114 1.0499174296692833
22 15 6 17 42157 0.9173045321932601
5 29 27 18 56202 1.0805536394977064
26 15 4 24 59559 0.9674155748771192
10 15 11 5 47734 1.0925639899107507
1 26 15 14 55590 0.9732226703822137
17 17 21 29 40317 1.0243458591306263
19 0 16 22 76353 1.0818217604222873
12 9 5 17 39049 0.9460917839027294
25 10 23 20 30206 1.0564606968634227
19 15 13 7 41083 1.0798321460361913
5 26 9 3 61760 0.9337526514705456
12 11 22 10 36717 0.949782659494063
2 2 25 25 93287 0.9701219080983381
4 6 17 22 61911 0.9186051463799811
6 8 23 29 69492 1.0760961447364759
29 29 20 18 40284 1.0346677725186426
6 15 16 12 42661 0.9251550894350536
20 11 7 15 48820 0.999863805777288
12 22 0 1 64065 0.9962835611783418
29 3 11 29 89950 1.0529524481259378
25 13 17 1 39169 0.9803200815660409
10 24 22 3 67271 1.0536573701117653
14 27 21 21 34529 1.0158921349072703
4 23 1 11 30519 0.9454140173231492
27 22 13 7 71427 1.0473179098170178
5 15 10 2 57699 1.0871848978589382
7 15 13 23 25987 0.9345965781770786
6 1 8 26 71815 0.9737085005784718
10 27 23 3 74682 0.9859411935600643
19 25 18 0 72277 1.0327408317718592
2 28 11 25 38544 1.0503500119422187
2 25 13 9 66199 0.9427024288226961
5 18 15 3 65464 1.0085758774913982
1 20 27 13 60831 1.0695609867714697
9 26 4 1 80583 1.0858737494356239
25 9 26 29 57415 1.0977073125423888
12 26 10 2 77646 0.9551350572080414
18 24 1 14 52703 0.909979885891246
24 27 14 28 31191 1.0596261428318214
6 4 14 29 81496 0.977612986413113
1 28 29 26 67892 1.0379100722883325
28 28 15 3 78066 1.0657812433921423
7 15 25 18 42853 0.9123417257251085
18 25 29 18 43489 1.0160557543625783
7 8 28 8 78009 1.07999859870497
3 9 21 26 73902 1.0818026684404902
24 2 24 18 42302 1.0237732735715208
29 23 24 16 43832 1.0047274095583318
19 18 29 11 35391 0.9248757938248073
4 29 29 9 92948 1.0654096141310871
9 18 26 3 65458 0.9134805074741154
19 1 21 22 64451 1.0095093450873012
21 12 23 25 31950 0.9672303864352307
4 15 23 28 60198 1.0332114556543268
28 7 18 9 40997 1.0056915710021186
13 23 6 0 80985 1.0541131488605442
18 9 28 18 41000 0.9508067713666625
19 19 16 2 51307 0.9606714435404863
28 21 8 12 59564 0.9153639784237457
29 25 5 8 83630 1.0706296193525853
4 7 29 12 79976 0.9353888844187559
2 13 8 26 36774 0.9231967475059552
1 21 24 24 50083 1.0199854892433429
29 5 5 21 73931 0.9337401339626452
10 17 23 27 46651 0.9021938871600904
19 7 11 22 56383 0.9159109354410969
7 16 19 2 69199 1.0190767355996733
13 20 20 8 52929 1.0572910505618578
20 29 29 5 71865 0.9696106617550023
19 28 17 3 61797 0.9342983050905239
29 17 24 29 44219 0.937338179241066
24 20 3 1 94605 1.0130861249246472
6 26 12 5 63075 0.9051684872087967
17 7 14 15 32613 1.0026745624472522
16 13 1 21 48734 0.9632879304920012
3 22 27 10 70786 0.9217535378399991
29 8 22 17 46542 0.9942396942776249
17 25 2 13 51890 1.0080632746274472
14 4 4 3 36953 1.0639748539182035
14 4 26 8 35376 1.081518254836467
16 3 1 19 76685 1.0324219587240253
0 12 13 0 73849 0.9044999929665326
29 28 7 28 63100 1.0118280723751618
7 13 16 8 49398 0.9749275492888821
20 10 28 2 41347 0.9393765268529585
23 9 19 23 39338 1.097471042217909
24 11 27 25 50351 1.0317440863545184
9 14 16 4 48398 0.9258611578727854
8 11 22 5 56072 1.0502149682568784
2 10 26 29 84453 1.0022774640596417
5 15 1 23 17690 1.0267447005354295
1 14 16 2 72208 0.9550204562760118
8 13 13 26 40333 0.9314504803808756
13 15 23 4 46206 0.9654731656142245
28 4 11 10 43675 1.0860470818711065
14 8 25 26 70818 0.9588555933206906
15 15 9 7 50850 1.0936257842723967
7 27 0 8 47467 1.088542698621412
15 18 18 25 30659 1.0038863107042046
2 5 28 15 89712 0.9017786010236218
23 28 14 23 40059 1.030727158748932
4 7 25 29 85951 1.0881281642780727
4 11 29 7 87996 0.9800101557456389
27 19 7 9 60811 1.0560906726270123
15 13 28 16 38856 1.0064692581060315
18 15 9 25 53327 0.9103942784479054
6 4 28 6 57519 0.901692620041957
24 17 13 2 47220 0.9697646563888924
9 12 25 19 59446 1.0137514160307841
9 20 24 12 48997 0.9456071378842017
18 19 10 3 65265 1.0801715491812043
9 23 18 26 37389 1.0739430962520693
19 3 28 9 45586 1.0213333570293108
20 21 27 3 47383 0.9224505271987063
20 12 22 27 37262 0.9787083384807072
4 6 27 22 87964 0.9791417080629068
18 5 5 25 74141 0.9700330194968196
1 10 16 2 64834 1.047861899162558
12 9 17 14 28802 0.9723360848329261
24 29 6 9 70925 1.021511513244948
18 17 25 24 36074 1.0259475736832857
25 21 18 13 32780 0.9551232246364233
12 2 19 29 74593 0.9614954692730904
9 10 18 6 47999 0.9767158391808523
0 9 23 2 75084 0.9479666931203282
21 10 4 8 71213 1.0781018539262652
19 13 26 8 33571 0.9049346012975934
6 23 0 17 22868 0.9876358921825689
4 28 23 2 79564 0.9227300724620638
17 16 21 26 33440 0.9633007898270767
4 14 0 21 22284 0.9946895440986702
12 25 17 12 44305 0.9728552192152621
28 15 27 5 48211 0.9978215115270359
6 9 23 20 55190 1.0291778597506775
18 8 14 24 64778 1.0863472749844438
17 1 1 1 61949 1.0747004113599776
17 26 14 13 47515 1.0837068752067633
13 24 2 9 54972 0.9358837030618825
11 5 12 28 67859 1.0894213571833065
20 6 23 22 47117 0.9387715911454569
16 29 27 13 58071 1.0730519317957872
10 6 29 2 56524 1.0302961121353715
0 23 10 0 86858 0.9927471836827177
