3902 3960 5208 6875 5733 3710 4803 6478 6049 5071 5937 4873 5869 6675 5814 4743 3579 6687 7061 5382 4983 6073 5211 6716 3500 3858 4336 6540 4109
7035 6712 4661 6198 6281 6210 7058 7080 7256 6624 5164 7523 7276 6187 5748 5803 5009 5594 4309 5734 7017 4773 5472 6150 4257 7476 5537 6174 6648
5027 5000 5792 3983 5498 6823 5220 6890 3888 7536 5354 6871 4044 6894 7470 6465 4261 6694 6668 6710 4883 4362 7084 4793 7256 5235 4868 4131 7620
5348 7386 6492 4536 6691 4777 4377 5495 7649 4807 6005 6322 6838 4604 4271 6123 5742 5763 4957 4008 4839 5552 4636 6835 6270 6520 6476 5181 6422
6318 5475 5896 6899 5853 5477 4806 6482 7320 7468 4934 7210 6041 7399 4324 6644 5260 6810 4807 6864 5346 7091 4392 6671 7109 4931 4269 7353 7626
5782 7312 5082 8160 8085 4732 2395 1095 4674 1681 3522 4059 1795 1678 3351 3709 2414 1649 2013 1509 1594 4236 2002 2062 1931 1241 3957 1091 1078
1482 2303 1481 2999 1443 3140 2443 1532 2162 2688 1589 2205 3321 1179 3676 2228 3507 1499 3075 3958 4745 1756 2534 3551 6385 8004 5128 7365 5245
3604 6040 5267 3406 2590 5071 2533 3754 4776 3061 2454 5953 5594 5671 4524 4747 5340 5466 5683 2878 5910 3086 2928 3517 2477 4489 2760 5668 2833
5758 6448 5419 5189 6291 7773 5561 6423 7873 7708 6391 2765 4849 2358 3591 3892 4167 4319 3723 3276 1653 3415 4761 2218 4379 3698 3931 3596 4295
5935 4207 4672 5353 5671 5157 7068 4464 6922 6966 6174 3814 6954 4105 4607 3992 4735 5263 5331 4001 4095 1933 3207 1321 3248 3186 2945 2955 4628
6465 6279 6654 5977 3898 5232 4448 7216 6848 5078 4450 7113 6927 6069 5587 7154 5818 7735 5693 6938 8381 5453 5735 8082 7625 7192 5535 5812 7720
4428 4252 3610 4060 5164 5334 6493 5078 5604 5785 3350 5165 4051 5518 5362 5980 5147 5395 6061 5206 3109 5245 6230 4287 3699 4584 4585 3182 3756
4124 6646 4591 5118 4177 4359 7643 4307 7108 7609 7812 4524 7570 5810 5859 4877 4678 5404 4883 4828 5941 6214 6474 5810 7673 5057 5649 6141 6066
6163 3745 6174 5481 4461 5662 5920 4115 3457 3313 6905 6479 3732 4396 2791 4709 5714 4513 4120 2645 4341 3957 4651 2205 5757 2788 5780 5740 3583
7361 7954 5454 6804 7876 7587 4969 5701 7046 8148 5273 6755 5933 5535 3666 4175 6156 6244 5940 5974 4441 5539 3762 5000 6304 6373 6418 3352 3544
3323 5841 3772 2625 4305 5240 4800 5427 4208 2713 5106 4996 3739 4742 5697 2327 3975 5329 6771 6736 6470 5920 5111 5247 4321 5873 4694 7394 5493
6832 6553 6394 4786 5056 7588 4712 5919 4587 5480 4515 5048 5152 5766 6815 4932 5450 5178 4242 7149 5405 2376 5553 3285 3604 3494 2617 2223 4415
7708 4796 5961 4484 5182 7704 7927 4357 5955 7158 7037 6607 4864 4609 6563 6578 6774 5055 6023 7090 7419 5576 5506 5832 6289 6441 5379 3390 4494
4031 5025 2845 2489 2984 3131 5073 2967 5025 4020 1819 4397 1905 2657 3773 2848 3967 1941 3969 3144 1527 2673 3627 4744 3491 3046 1717 3478 5321
3531 5966 4126 6258 5209 2606 6209 4788 5502 5267 4966 5979 4306 5270 2829 5050 2678 6026 4398 2641 2682 3987 5376 4649 5120 4250 5715 5467 5007
7479 6346 4916 5584 4756 5257 7452 5468 6238 7288 4681 6991 5914 8286 7796 6314 5641 8240 7851 6103 6784 5666 5125 7383 5645 5782 4337 5756 6215
5106 5606 6284 6836 4197 6986 5636 6472 4574 1552 3346 2802 3388 3333 2837 4014 4719 1882 3202 4571 3892 3944 3047 1300 3641 2672 3000 4178 2613
2829 2344 3361 3271 1660 1893 3522 4425 4544 4799 4504 4132 4102 3488 5788 3544 4241 4441 4485 2454 2310 3530 3560 3346 3085 3474 3727 3230 3767
7453 5243 4205 4477 4281 4628 5793 5109 6651 6976 5321 6077 5595 4526 5974 4666 4825 4588 5042 5189 2431 5199 4288 3203 3241 4767 2491 2566 2856
2667 3896 3222 2136 4974 4454 3137 3721 3651 2676 4093 2481 4864 4670 5493 3015 4405 4828 5357 2378 4045 5165 5240 3745 4714 3373 7542 7857 6420
4197 4923 3498 4219 3738 6235 4287 5479 2419 4220 3141 4454 3841 4944 5764 2474 5646 3076 3109 2916 5701 2611 5630 5530 4241 4142 5134 4922 3577
5456 5368 4340 3615 2431 5395 1962 5419 3477 5512 4035 3831 4004 5129 2975 2883 3203 2024 5582 3444 2912 2878 5225 5198 5646 5815 3693 6863 4531
2455 3661 3334 3196 4751 3725 3229 4913 1635 4773 3869 5237 5953 2787 6214 4188 4403 4375 4594 5141 3340 3201 3767 4795 5467 5975 3519 5177 4615
5174 2843 3439 3640 3865 4104 2586 3250 4976 4140 1961 1884 4019 3642 3073 3090 4511 4714 2519 3152 4080 1992 4517 4465 5188 4252 4033 2270 4018
2887 2183 1998 3436 2187 1496 2292 1229 1833 5217 2420 3856 3675 5219 5768 4302 5781 5731 5819 3192 2837 3155 5171 5033 3488 5471 4631 5803 3093
7376 7278 4432 4606 4204 6048 5948 4118 5427 2862 5428 7380 6131 4575 2917 5026 6067 4464 5541 5240 2530 4807 3890 7600 5255 4817 7158 3865 5497 5055
5065 6675 2385 3369 6038 6296 7548 4806 6692 3313 4781 5918 5901 4279 5378 3927 5988 5499 5441 5771 1228 3100 7028 4729 6621 4493 4578 4098 5052 4251
5167 7452 4564 5589 6575 7279 6637 3051 4548 3707 6628 7346 7445 4210 6834 3506 5259 2138 6459 3860 2884 2791 4754 6651 5948 6748 4176 2953 4839 6163
7742 5918 1165 4053 5178 6645 8750 3222 4778 4389 7569 6086 7171 6537 7176 6411 4092 4317 5767 6221 3594 4975 7130 4870 6707 5339 4693 2790 5104 4820
5005 5337 3836 3772 6655 6468 7469 3798 6686 5159 6334 7549 5735 3924 6586 5050 3306 3436 7938 5685 2173 1849 3683 5257 5812 6351 6784 2525 5693 5494
6229 4641 4464 3352 5772 7425 6541 5129 5323 3749 7071 4548 6055 5656 4551 1849 3919 3941 7513 3859 2603 1927 6767 5788 5944 7207 3841 2221 7457 3469
5772 5429 2184 3290 7391 6009 8474 4593 6298 3974 7264 5288 7024 4331 7128 4433 4039 4651 6596 6965 4965 5295 6989 6164 3378 6449 6064 4773 8292 4280
6324 7583 2135 3921 8007 5948 8193 4502 4587 4023 6759 6656 7704 3808 4524 2716 3447 4049 4940 6790 1396 2926 3854 6035 3413 5149 3950 4951 6693 4717
6357 5919 1532 5425 5459 5375 7646 2441 5399 4502 4785 6228 8175 3552 6100 2010 4893 3463 4947 6772 2244 5154 5022 5284 3299 6327 5078 2452 6602 4912
8155 7486 3120 2983 7356 5878 8696 2102 4873 4773 8164 7082 6342 4385 4917 2159 4252 4234 5082 6277 4131 4986 4526 5572 4946 6881 5884 2157 5292 3776
8641 5918 1620 5362 5153 7148 8281 5256 5542 4322 7156 5474 5126 4474 5875 2636 5516 3828 7272 3905 2129 3221 4719 6081 6428 6809 7081 2069 7551 6254
8449 6864 3948 6151 4818 4993 8357 4780 4450 3764 7627 5233 7468 6182 5698 1977 6062 3671 5401 6567 2842 4666 6629 8173 3528 5160 4518 3588 8156 3871
7842 5392 4730 6444 5526 6723 8655 5234 5295 2553 8055 5174 6376 4430 5243 2297 2739 5393 7827 7039 1982 3017 4739 6527 3505 6367 5705 4566 5474 4447
5778 5841 2903 5226 8107 4753 7432 4495 7583 3068 6740 6604 5602 4485 6951 3590 3011 5192 8394 5673 2739 2384 3891 7622 3163 5306 6665 2011 7210 5157
5613 6720 1709 2861 4790 3900 8119 4702 5415 4985 4611 4986 5827 4966 4904 4171 5526 3723 5038 5265 3309 2964 6787 7650 5934 2615 3678 2190 8254 5698
8016 4034 4571 3880 6005 4586 8624 4447 3281 4737 7067 4454 6749 5387 6990 2510 3119 2809 7875 6405 4113 2753 4944 8040 3123 4130 7268 3237 6765 3301
7273 4493 1992 5122 5232 5709 5783 5050 2585 3767 7741 4861 5759 3651 5945 5340 2596 2565 8270 5779 3740 4387 6950 4800 4198 5458 7047 2750 7809 3217
7349 4673 3086 4163 7781 5982 5793 4942 2117 2342 5824 5619 5654 5996 7696 3684 4188 1964 2858 3548 4106 5499 6171 4659 4607 4164 5615 1797 6239 6054
6781 3959 3556 4305 4888 7271 8366 2702 2723 5301 4821 6145 5284 4735 4996 5048 3005 6982 2496 4709 3190 4242 7193 7920 5682 5079 5710 1792 6665 4079
6772 4900 3003 4369 6533 4146 6957 3212 3613 4836 6996 5161 5969 5899 4843 3721 3979 5730 4517 3526 3978 4411 5463 4738 4267 4284 5967 5345 7300 6884
7592 4657 4350 4985 8086 6329 8090 4451 4394 2411 6811 7003 6430 6228 7741 4319 5859 5711 4248 4285 2652 3958 3763 4577 4866 4838 3684 5143 5124 3650
6486 6598 1154 5655 5050 5348 8687 3133 4203 5397 6909 6788 6700 3432 4428 3545 4150 7354 2735 4228 1728 5802 4963 3554 4088 4337 5377 5236 6120 6414
4104 7261 1380 2975 7492 7092 8241 5453 4091 5440 6477 4349 7455 4555 6850 4513 2339 4886 5568 6897 3747 3188 3817 5036 4698 3843 5165 7687 6862 7682
5945 4898 1029 3742 5502 5884 7539 8106 4038 4446 6156 5889 7534 2924 6965 2834 3874 7418 3101 5863 4314 2360 6523 5850 5451 3478 4234 5402 7113 7092
6169 5704 1848 5930 5730 7313 6714 7014 5422 3969 6062 6689 5202 5167 5753 4591 2286 4218 5027 5952 1478 3573 8267 5718 5421 4825 4622 7157 5460 4842
4489 6422 1998 4238 7390 7262 6062 8014 2619 5284 5596 5462 8079 2905 6553 5219 3964 7378 4866 3929 3688 3200 6716 3550 6388 2657 3720 7881 5185 7481
6705 5108 5202 2866 7262 5275 2233 6827 5218 7130 5044 5766 6691 4774 4119 5402 4941 5449 5474 6057 4694 2567 8087 3743 6405 2748 5491 7274 7731 4415
4348 7036 4766 5740 6205 6506 4507 7247 4831 6895 6626 6842 8365 2686 7199 4436 3718 7734 2881 6761 2962 5654 7301 3447 7768 4191 6202 6003 6586 4760
6574 3964 4440 5244 7262 7198 2130 8434 5303 3458 5898 4370 5784 5045 4839 5064 2944 5290 5713 6687 4424 3149 7152 4209 7720 2567 5862 7786 5863 6559
21 14 29 11 40049 1.0109371724852907
22 15 18 22 34913 0.9183660195259787
24 7 19 15 45925 0.977980463460261
26 24 1 24 108499 1.0953175159904478
23 3 16 28 96846 1.0715440618433183
6 1 20 1 48738 1.0848526253113484
26 11 17 2 57590 1.0373868927784944
0 18 12 23 62783 0.9924163800378308
3 29 7 0 82064 0.9712074473872863
20 29 1 11 122131 0.9413008922898607
10 1 4 12 48722 0.9795006479319971
26 21 6 26 83385 0.9626849153416677
21 12 21 2 35763 0.9778796157956082
25 2 11 22 105079 1.0722953179466927
5 11 9 20 33385 1.073005979107995
1 17 18 29 84556 1.0972526360423915
17 18 13 5 67313 1.0969664850888028
20 5 15 17 56379 1.055059285174949
14 0 25 15 91641 0.9437181812754061
29 6 1 21 128079 1.0308114906391201
1 17 11 3 67421 1.0239363573251672
26 25 10 16 84635 1.015624119994596
23 20 28 9 49364 0.945533357805177
11 4 21 8 57638 0.9679178451299262
3 15 20 17 62942 0.9115868115650229
12 3 1 19 77744 0.962278574152821
14 13 26 25 77480 0.9158196002713981
26 13 5 3 99328 1.0864695904302704
21 16 5 18 60683 0.9579707828784212
4 28 24 29 83102 1.0361711278090375
29 5 20 4 44288 1.0355235549472703
5 23 19 21 53900 0.9152961529827934
16 22 25 6 88597 1.0954257384044483
20 20 0 0 113649 1.0588266430203979
29 8 28 27 70523 1.0824251803104
6 7 19 0 57551 1.0975978823722303
9 28 20 4 110996 0.9497905641226431
1 2 16 2 44866 1.0806509259936783
21 10 6 8 63072 1.0842651876540843
26 8 3 27 126294 1.0966854875074137
12 3 29 1 58491 1.054864246157701
10 17 5 26 38575 1.0796197165988477
14 24 19 8 71816 1.0570346901076189
7 16 26 9 91249 0.9042538980547115
3 16 23 14 77599 0.9624039233624998
29 24 20 21 44305 1.0765017306420706
7 16 16 27 60929 1.0372858347604414
11 12 6 20 43152 0.9623699764889022
24 12 25 1 41316 1.0654601828224872
14 0 27 2 47946 1.0546145613852624
23 3 4 7 71611 0.9318729778684928
14 3 4 8 52042 1.0472318113966426
5 23 15 29 50573 1.0534981353389254
5 16 15 13 40424 1.0135957955230082
16 16 12 24 45946 1.0335884790072263
19 4 2 25 117016 1.0598311980097201
28 20 22 24 31626 1.000906107571809
4 23 28 7 126273 1.067007695803896
27 0 22 8 35705 1.061955131408852
24 10 3 28 119792 1.0439594060726005
5 29 14 16 58283 0.9797856829286528
24 7 9 25 108239 1.0021972481931698
12 22 16 12 59775 1.0924993479092537
25 19 12 21 46534 0.9723369892071317
16 22 3 2 88097 0.9196342262880531
13 23 17 17 38516 1.0500488325622428
23 26 9 4 129638 0.9729342560135298
25 29 9 10 120246 0.9659046364606336
23 11 16 21 61057 0.9742346520944325
27 4 7 4 68739 1.0265972007903932
3 10 28 17 111002 0.9459827943309222
26 14 0 8 116947 0.966530717832587
10 26 0 27 38320 0.9726149538903965
22 29 14 1 119075 1.0003610800630711
28 8 16 13 67965 0.9121896001361484
27 20 19 11 62561 1.0202933983771398
19 15 3 12 64150 1.019740321106502
25 18 21 28 42531 1.0407257957035876
26 8 15 6 49313 1.0248710531873093
7 11 19 29 94844 0.9789585394168915
14 24 4 1 94412 1.0465006685000906
15 21 29 26 70494 1.067986652612114
4 28 5 2 71272 0.9384737096273452
9 11 8 26 59292 1.0068968522647324
26 2 1 19 110462 0.9547416785474149
11 16 18 28 62008 0.9776472398563381
24 29 0 3 152027 1.0179850987512222
1 25 24 13 115591 0.9527890358880718
3 3 22 25 114848 0.9481118899343715
22 29 15 23 47145 1.0516438897298572
27 28 4 29 98888 1.061481990375535
18 2 5 5 46878 1.077717461094647
11 9 22 18 66539 0.9796266421713299
3 23 2 11 59868 1.0365409546562603
25 8 12 29 111622 1.0526178676946603
14 10 8 21 60658 1.0639470884334012
3 11 9 1 47718 1.0650216117693678
26 28 26 13 63470 1.0791129064018494
1 4 13 12 83857 0.9689568652869739
18 10 16 22 44209 0.942879283261159
18 14 26 20 43649 0.9405371817922124
15 16 6 15 28316 1.0008674932027577
6 20 17 13 58171 0.9087058495306589
7 29 18 1 108497 1.0172541437514253
1 16 23 1 106277 0.9826941325713109
25 23 29 8 61351 0.9351234377934625
8 22 1 9 57980 1.0550761090772656
10 15 21 27 67913 1.0616110772893286
21 5 24 15 51245 0.9805897101136174
23 14 16 0 76538 0.950034001907626
12 20 29 25 71370 0.9164847419468082
12 1 29 29 149909 0.9038861529265202
21 3 13 11 60765 1.0713913672471427
10 15 18 8 49801 1.073298039617792
7 19 2 11 49738 0.9105223540430804
17 27 6 19 55066 0.9485082104020484
12 5 17 23 90633 0.9065892837422068
17 5 19 24 74871 0.9131322094267226
17 1 7 16 71365 0.9873036000540407
7 26 18 7 94843 1.0974036925987845
3 12 15 10 64120 0.9140854484902661
29 9 18 27 88942 1.095383478529224
11 6 27 2 64627 0.9128871322021178
25 22 15 26 57625 0.93098682088995
20 23 3 2 107211 0.9471715461485163
2 11 17 29 102413 0.9724756947240428
11 23 1 7 80078 1.0408895104804619
14 17 10 1 77212 0.9864988969830681
12 16 27 24 71384 1.0690916929464862
17 18 19 27 32588 1.0322924603080197
3 19 19 5 98521 1.0470107898521421
25 27 24 11 70545 0.907230313955872
0 10 21 12 95308 0.9614636461918638
24 19 4 5 106425 0.9371679561904775
6 4 21 13 81166 0.9444812379481214
21 9 27 22 57773 1.0675814201045668
12 25 27 23 74103 1.0394123718055073
3 9 25 15 93577 1.021847872012068
9 0 0 22 81966 0.9564259103715889
5 16 14 9 51195 1.0472562771192921
20 18 9 22 49245 0.9747147629939052
23 5 22 28 89345 0.9534367023510091
1 25 26 5 139991 0.9261138200537082
12 9 0 9 48537 1.0486646485323945
26 22 0 10 119408 0.9748934252198598
16 21 5 10 60433 1.0176225277072044
25 2 8 29 124509 1.0730478814819389
9 5 9 23 73374 0.9929584352482481
6 1 11 7 32703 1.0422340429281087
24 28 21 10 72433 0.9502011994984976
13 21 1 7 74659 1.0531170349437322
26 4 4 6 82876 1.0711504576967654
9 10 25 24 101160 1.0693957072234852
3 0 7 13 51533 0.9334272167131115
28 26 12 8 114389 1.0496758074281731
20 23 21 11 46208 1.0888993498496666
29 13 11 22 88885 0.969622666341321
7 7 16 21 69343 1.0727946391641128
25 13 2 13 94408 1.0510117760231552
25 1 13 27 111627 0.9179617163333512
3 29 25 21 92784 0.9928498552702568
22 11 9 16 63280 0.9665681787289343
21 24 0 24 88158 0.9765592140525114
13 14 17 23 45732 1.0194661738690516
29 18 21 15 38847 1.0534876109078348
18 27 7 15 65075 1.044006130751705
6 27 20 17 78731 1.0017155344811646
20 8 12 16 53959 0.9004993884431238
24 29 27 11 83658 1.0864499277753252
1 27 6 1 74693 0.9095217383470491
0 18 18 12 80355 1.0672367853916465
2 20 15 28 63457 0.9739164712724175
23 7 16 29 93393 0.9437248710538599
5 23 21 18 64975 0.9328693647817619
20 24 10 12 77306 1.0795274892936928
22 19 17 26 38725 0.9454042872414394
20 10 27 22 63032 0.9718606026320571
10 0 28 23 134650 0.9894095657827492
5 3 18 18 73299 0.9295570141495154
24 21 9 12 73828 0.9158419790815001
6 3 12 21 65284 0.9285441619607415
4 11 5 29 48918 0.9730813184636508
8 10 21 4 75997 0.943254063627576
19 6 26 0 43785 1.0892546807499512
29 17 25 7 52380 1.0116316648759112
12 8 6 18 53540 1.0773785364673603
19 23 15 13 47600 1.0060107745873594
28 8 13 28 108185 1.0954564095289443
17 27 28 13 75277 0.900699820621738
13 16 26 15 50779 0.9345768409180742
6 19 3 28 32887 0.9940042381410943
22 18 27 11 45099 1.0470904060710517
27 9 27 23 56870 0.9117572317401007
16 9 5 19 66993 1.0325529607736361
27 21 25 4 71438 0.9569069692947972
1 23 22 16 92022 0.9463359343557483
21 19 21 6 47757 1.0264151132478876
21 14 17 3 50213 1.073876985881006
17 18 29 13 57828 1.0608610410143706
7 17 1 21 28072 0.9614263033128952
26 11 9 23 94353 1.026099312740118
8 0 26 10 91886 1.0306350614242084
17 16 5 25 58999 1.0138953521221414
23 8 7 9 63205 0.9623359671692553
25 24 7 7 107610 1.0971030507788408
24 27 20 10 74967 1.0595244607054362
29 7 5 12 105402 1.0868852887225626
23 24 13 16 56832 1.0978155837473684
29 2 20 26 94513 1.0235257343211854
15 27 23 7 89992 1.0971218047188016
26 15 4 15 77457 0.9442294764799214
10 16 10 3 60767 1.0342309798149036
7 21 19 13 62948 0.9109991498527181
19 1 3 4 59708 1.0371864385441083
15 4 6 6 39341 1.0111420497527401
21 9 13 18 57927 0.9142335453739886
14 12 18 5 42004 0.916409788148767
27 20 0 3 130502 0.995965192504777
10 27 0 18 57840 1.0527994313477707
27 28 18 13 81132 1.0983824694497593
5 25 17 10 82866 1.085819747713749
12 28 19 6 94860 0.9962160340031946
25 28 6 9 115324 0.946092385701619
16 13 5 4 71403 0.9413902913278919
21 13 15 0 64375 1.0399475677987526
10 4 28 19 119351 0.9797885042927653
24 17 7 3 97497 0.9903249120829679
3 23 18 8 92221 1.097054329651876
18 2 2 26 105250 0.9933571904572898
28 4 24 25 86740 0.9449757157578321
24 8 17 21 68649 1.047153003066726
17 15 24 2 59861 0.9262752149076305
10 7 10 19 65140 0.919357051945461
11 17 26 25 75785 1.0875555015250409
21 24 24 15 38760 1.0282602837335206
12 13 23 11 61792 1.0651536400755184
12 13 23 26 77293 1.076031570367125
10 11 0 0 70708 1.0187129720878094
12 12 23 15 57736 0.9905583171806925
3 17 19 0 91628 1.0231854835954142
14 26 0 1 118280 1.0973335178673267
1 25 23 4 133412 0.9473501488689374
13 23 23 16 57630 0.9641159413280036
27 6 3 18 121208 1.0073075417361799
10 26 17 14 74684 0.9561346482900164
27 20 9 0 123235 0.9587888569593379
3 3 15 22 89119 0.9660906911003615
22 6 12 3 45830 1.0072835374433604
12 10 0 20 70579 1.0957085561870346
1 18 7 4 61490 0.94040395394278
8 10 2 6 37665 0.9898131723505701
4 4 2 17 55668 0.9281005077373905
15 4 20 13 55555 1.036096912960446
4 11 28 9 109380 1.0009585375349093
11 2 12 12 54235 1.033475326174226
17 10 29 26 92328 1.0188558452057028
3 19 29 0 124102 1.0065026647147142
2 13 28 14 104046 1.0558788210332177
4 3 15 18 73121 1.021471633508052
29 25 20 9 79618 0.9397275785826155
21 6 12 8 45244 0.9931234257657181
25 26 2 24 98914 1.0241206635383295
7 29 28 23 92852 0.9763997689859505
28 6 9 7 85203 1.0150436379158192
18 2 3 6 61562 0.9777765430676418
29 19 23 29 54229 0.9810581010736438
0 4 10 0 53192 0.9085424873809663
5 25 22 7 102552 1.062967226190918
19 11 13 29 76879 0.9792656773767988
4 1 24 14 104362 0.9066420430769483
4 29 0 13 64534 1.0648966670525286
15 2 23 13 63198 1.0797418980724887
19 22 13 4 85120 0.9704761356115543
5 21 29 29 110218 0.9774708898446892
7 21 29 11 98842 0.9916032338317167
2 2 19 28 118318 0.9525172132612144
15 29 23 7 96694 0.9746174268560239
1 6 28 11 128856 1.0342008599726544
15 27 9 22 30488 0.9334643418197743
26 20 13 20 42782 1.0944033887325837
11 4 14 14 64252 1.0615029497595556
13 17 26 12 64667 0.9214606106333281
6 18 19 20 47919 0.9000178333310033
6 4 29 4 76170 1.048101877377307
0 17 1 8 52679 0.9256892190496342
21 19 7 27 66235 0.9798512109223679
1 19 28 17 98728 1.0321087019494057
20 27 26 22 41477 1.0081841702575243
13 24 13 14 39646 0.9795683536380151
11 19 22 14 62761 1.0007577987077738
6 10 0 19 42904 0.9267197626629078
0 1 29 29 170904 1.056915515598263
23 8 11 29 105487 1.0311797482880196
1 13 25 22 99333 0.98128580603311
28 12 28 24 43774 0.9076899925816619
0 12 23 28 125233 1.0106947212569282
17 17 12 25 51899 0.9749619589983389
15 7 9 21 78302 0.9477971891902701
26 18 28 10 28541 0.965609856674238
1 19 19 8 92598 0.9302815890099904
0 9 25 14 109223 0.9622809223503622
26 8 3 4 92204 0.9929562879367229
12 16 3 2 60131 1.0971678127010038
15 1 10 15 70898 1.0947609101317441
9 23 27 5 119326 1.0874747644872402
27 19 7 5 111848 0.9671047408126311
22 6 4 2 64078 1.0450699793963727
21 24 5 15 71767 0.9272172890735485
4 4 28 3 80298 1.046550507326149
12 3 8 27 91099 1.0202040741640555
0 4 1 16 69666 1.0348440249107724
21 25 9 18 64067 0.9387201750275945
25 2 20 16 58297 1.0671768146479514
29 8 14 3 61646 0.9479270311215554
4 25 24 14 98315 0.9318946347116686
17 1 26 21 92247 0.9447470467956975
26 24 7 20 72211 1.0294064551771291
25 2 23 15 54254 1.0339540263738942
17 23 5 17 52634 1.0122725682359872
14 20 23 1 91528 1.0583424297292479
19 1 14 24 97566 0.9527622884343588
6 12 11 3 35883 0.9009022575366047
5 13 13 24 53769 0.9981891956080581
13 20 20 10 60244 1.0581647078742005
12 25 21 23 46652 0.9920239654867761
2 26 5 7 61868 0.9428118399589998
27 9 6 0 83424 0.9735268086298092
2 14 25 25 111726 1.074767334336105
25 10 10 7 72779 1.0757215392576036
29 18 2 0 140884 0.9623781040780104
6 17 3 7 35993 0.9324269095723858
14 2 12 25 105691 0.9028874612805692
18 3 5 25 91201 0.9240316924258355
5 8 23 7 77558 0.9813376432600991
22 8 11 3 56744 1.0540465313122416
19 21 28 7 72377 0.9221578656190419
28 7 21 12 45289 0.9816989285933089
29 21 10 24 81337 0.9050451785962882
10 2 17 22 93884 0.9204337907694674
0 24 9 13 64588 1.0312292029855339
2 9 7 2 34388 1.0848523927929414
26 11 9 28 104172 0.9079425573379724
7 18 17 18 49192 0.9600583449325215
4 18 22 6 98665 1.0065312090018022
20 2 1 5 73643 0.9897168206394162
12 25 1 4 108371 1.0691859044784198
17 22 11 13 55980 0.9609624044013996
12 3 28 3 54846 0.9787282969082518
6 4 10 27 70342 0.9457721770124363
5 17 11 28 43410 0.9188505079949446
11 4 1 12 72250 1.0428622189018835
2 27 5 3 70163 1.0658648730439035
21 18 4 8 81660 1.0877209102663503
24 18 12 28 70673 0.9791846629092433
10 1 21 23 109727 1.0991742536904345
16 7 20 23 69291 1.0418924436203085
27 3 4 19 106231 1.089726071203907
27 7 9 28 124494 0.944663284364205
21 18 29 12 47384 1.072150119782731
2 28 28 24 100258 0.9995255759540475
16 24 3 29 56413 1.0783988804612983
24 7 7 27 117937 1.0439096273114767
13 18 19 8 53900 0.9979299925911757
6 5 18 2 39453 0.9663759232102738
11 17 26 10 81597 0.9976786207653756
26 12 19 25 66887 0.9207420745441305
25 12 4 9 97873 0.9436588437903867
25 27 14 15 73926 1.0573965997462618
15 21 25 14 58072 0.9582369229019831
15 15 0 12 62261 1.064906319817823
24 5 20 18 60339 1.0182309685218254
9 5 21 29 127260 0.9797062546628265
5 16 5 1 42360 0.9072459447060032
3 3 17 18 82274 1.02348725703773
8 5 0 17 63718 1.0226977166746174
6 9 11 4 33461 0.9606513256303978
26 3 10 17 100323 1.0806554259641505
16 2 23 26 99253 1.0171974719111412
22 26 2 8 113846 0.9856185932044772
29 22 13 29 81476 1.0615083866854973
28 5 22 21 69559 1.0827142550978976
13 17 18 0 75209 1.0631154485227137
14 20 1 9 68979 0.9594532942662523
15 4 18 11 38619 1.0195733593373013
2 9 6 19 41499 1.033481923686444
9 2 29 26 140476 1.093848229107699
14 9 24 27 93385 1.0284948984309574
19 13 13 9 35775 1.0851876975455457
27 14 3 9 105135 1.0364898840569283
28 1 7 8 83995 1.0440002526565706
27 7 11 26 121898 0.9333215510097723
13 20 11 2 74405 1.0296729990954336
16 4 13 25 102569 1.0867380138508602
28 5 25 15 44706 0.9734561796827558
20 15 12 8 53995 1.0295178619067813
13 20 11 3 78015 0.9521764290215934
1 10 9 12 53128 0.9357717491197584
18 1 23 26 99200 1.0888542573430189
2 22 12 3 77702 0.9973058848095857
5 5 28 4 81782 0.9255511196365039
12 29 12 8 101318 0.9834754525621467
21 17 8 21 51714 0.9045523422716822
21 17 11 9 63755 0.9815641469521981
20 7 25 1 30471 0.9154822064282048
6 29 12 22 49121 1.0239992752531262
28 24 8 23 84790 1.0162308299369118
17 9 23 16 41576 1.0917159318854366
22 18 6 21 59696 0.925433117412454
18 25 16 15 40027 0.912556490741147
29 12 15 8 66603 1.0459382356046718
14 12 29 5 79683 0.9531446684703697
19 2 3 19 89862 0.9012130063255628
18 1 28 28 122580 1.0169677045370986
12 22 0 29 70445 0.9672080918942036
11 9 23 20 74183 0.9820135352192904
15 6 8 9 41483 0.9993579179745598
10 12 17 7 48227 1.0870259802209667
4 16 25 22 76780 0.9104260073497821
19 16 0 4 97703 1.0192145991024804
12 17 29 2 100452 1.0192662498687854
27 5 23 23 78673 1.036237650355089
20 10 28 6 46774 0.9896954817011595
1 10 15 1 71863 0.9030871300055582
5 8 1 19 47667 1.0633927550318965
6 13 11 4 43264 0.934423505485103
29 26 21 3 111015 0.9582575200152137
7 4 21 6 70954 0.9426922754066556
2 13 27 19 103453 0.9527421215109309
8 27 28 5 127217 0.9503731384375675
19 16 29 18 45746 1.0411158370315572
21 21 22 6 56262 0.9556135499522835
6 24 26 11 104850 1.034146631297387
23 17 21 9 31511 0.9019710111519917
3 19 13 14 43937 1.0714752458694767
3 9 28 14 109980 1.0059332579837421
1 22 15 0 95128 1.0876551905436074
19 8 26 21 64267 1.0589811087821508
28 10 1 6 126895 1.0236378520961238
16 2 13 29 106165 1.0853533872819547
14 4 8 13 67572 1.0119128011284255
21 9 4 25 99188 1.0236498470248285
22 12 11 18 64319 1.0109530473294923
9 3 7 29 80465 1.0859190890139236
25 23 21 0 95614 0.9230132709156202
14 9 4 12 49251 1.0775184451241133
16 27 22 4 88377 1.0960506398585015
8 19 5 8 44066 1.0316983243206097
6 26 23 28 68200 0.9154535562162938
23 3 14 21 86381 0.9561601268008473
12 17 19 14 36338 1.0214138797452648
4 10 14 7 48861 0.997061277941868
9 1 0 2 30904 1.0817336201050525
4 22 20 5 102405 1.054183722666587
17 3 4 4 51909 1.0398978381605248
9 20 14 15 35262 1.0749571213716065
7 14 24 14 67087 1.01206371790018
23 22 16 8 64604 0.9573789063570595
15 21 8 7 71092 1.0613455849372733
17 28 16 3 91406 0.9616074381723966
17 15 10 11 45455 1.0338979274534812
11 7 16 17 61059 1.094424621762402
3 17 5 25 24749 1.0520596455597488
9 6 12 23 86551 1.0393093648952467
19 9 3 29 104044 1.0296681749491026
23 16 10 12 63654 0.9290507923752926
1 28 10 17 59983 0.9957614085620055
29 29 9 16 111073 0.9629217131444936
26 8 23 16 40036 0.9665810590742574
9 6 23 4 70657 1.0480977408038479
3 23 14 1 89815 0.9870881377837315
24 19 22 7 57759 0.9420098332091715
21 28 27 8 86855 1.0777163537902674
9 16 17 29 68938 0.9735317137979045
12 3 24 23 111579 0.9480828402908477
7 0 10 12 57286 0.9870276019393295
11 2 1 18 69405 1.0436943924269126
23 12 17 24 64389 1.039407831740764
9 27 13 18 37784 0.9540584812034197
14 0 12 20 96787 0.9210787518058073
25 17 3 21 78905 1.0074977554670441
27 6 12 12 80877 0.992210216855991
29 9 9 10 90910 1.0208752262214362
22 29 3 6 124127 1.007528376429653
12 23 3 18 52663 1.0378664668345485
6 5 17 6 56695 1.0610175692461166
18 2 2 10 73270 0.9822486940866884
20 13 7 10 68672 1.0247571333810894
18 5 29 6 50161 0.9082024421368237
22 23 26 7 71544 0.9353298317609324
10 25 19 9 87609 0.9136187280635881
6 9 23 21 79619 1.0631609467410292
2 28 20 29 70269 1.0452033358058008
26 16 20 20 30037 1.0162227925456215
26 28 25 5 100451 1.0129484820262333
10 27 22 6 102485 0.9946346037342063
23 7 5 12 82610 0.9506894141208819
21 17 5 13 61591 1.0154327504243372
11 7 11 24 82048 0.9951431541023391
6 9 27 28 122174 0.9512814618022334
1 0 10 15 70297 1.0291745511369534
22 21 21 11 34786 0.9797738062906582
19 2 11 13 67957 0.9545979246651585
23 13 8 29 97149 1.0776392953813747
7 29 27 11 121409 1.087121120729468
23 24 12 8 90019 1.0435253963948738
8 14 15 8 51698 1.0835252450522401
20 3 23 21 77060 1.095605432569729
20 16 25 1 63220 0.9355109396380992
24 3 27 14 50832 1.0173127638603403
25 20 0 15 94733 0.9156274493258286
8 9 2 27 61089 1.0067290377874936
14 13 25 24 72048 0.9660595125206662
26 17 29 9 34115 0.9324479037356932
28 24 10 28 77117 0.9897037181206081
13 17 26 6 83739 1.0225137076625326
29 7 17 27 93801 0.9021531828522874
13 28 2 19 62586 0.9582713391933629
25 21 16 4 88844 1.0356607601299355
19 26 25 22 39640 1.0659959973091788
15 12 4 3 69622 0.9124682172318417
19 2 1 0 66207 1.004524464279244
16 6 23 17 61829 1.088304696212558
0 9 10 17 58943 1.0855370769919783
2 8 20 22 98315 1.0653049458176445
26 28 25 15 58921 0.9076840372862462
7 18 20 29 75609 1.0911147725114
23 15 17 25 54400 0.9024790678588083
11 17 20 11 56170 0.9037713701572415
17 16 7 13 36639 1.0429325775956384
1 29 19 28 68918 1.038675496620802
12 4 22 21 94645 0.9490768804671732
8 4 15 15 66530 0.9937498912704295
26 12 7 21 88110 1.001388390255021
21 29 10 12 92125 1.0380124047917492
19 27 23 0 101531 1.0200995126652543
18 9 28 21 68072 1.0468753102140047
0 18 11 25 61377 0.9957840199186592
24 14 20 3 55975 0.947607495800609
21 8 4 18 89408 0.9495092329642516
2 25 5 3 75135 0.9820654572162293
1 18 4 11 45539 0.977260375678247
29 15 10 1 104190 0.9030289856871893
1 22 23 4 117738 0.9102571633894148
2 9 19 9 69115 1.0204347191020249
24 23 18 7 71475 1.0666074518123063
26 21 22 11 50682 0.9135923379722656
19 1 29 28 126430 1.0280843662150136
17 18 21 10 40408 1.009913682634816
6 9 27 5 82201 0.9813230651885763
4 0 23 16 102428 1.0521737848834352
26 21 25 2 74171 1.0836528707744626
2 15 22 19 76867 0.9019802341542185
17 8 7 17 66453 1.008241734403124
1 26 20 1 122733 1.0369208239617949
1 6 28 15 124597 1.0223646025221005
25 13 6 19 83168 1.021089853661606
7 21 2 26 34347 1.006628140693231
15 18 10 2 76449 0.9171210826134174
13 9 16 17 44157 0.9432348073548219
23 13 23 28 62494 0.9686930640891322
16 22 4 17 45717 0.9969505273854288
23 12 19 6 45114 1.0991251561134363
19 19 4 23 59219 1.0338617831988999
4 24 29 26 103650 1.0458285965760086
9 29 11 17 50175 0.982292998101154
29 17 6 20 85802 0.9134251843821409
18 9 2 7 65461 0.9637663205086459
9 22 12 8 73430 0.9259649775605491
1 18 15 14 59344 1.0974371941219747
25 7 4 9 90860 1.041995266674116
12 10 2 26 86889 1.0856560319101374
8 3 18 0 43686 1.0249246576109
2 6 9 2 37777 1.0353463658739575
29 23 11 28 78318 0.9816761052671896
18 4 17 23 66106 0.9107190970848761
7 25 26 26 77293 1.0819529355267015
27 7 19 15 58373 1.069176500178187
20 14 12 27 65965 0.9958687174662518
1 10 11 19 73246 1.0476899239766058
9 10 15 16 44811 1.0701419672782666
15 0 13 28 116317 1.0568808324284515
11 29 22 2 117539 1.0851844471707381
24 11 3 6 101259 0.9924888898339128
26 3 11 24 117592 0.9104553339241562
29 22 17 28 65355 0.952300277607215
21 24 7 11 82988 0.9923483701378735
22 12 6 26 94365 1.0617792316988404
15 22 17 10 54977 1.0253712895919584
7 12 8 1 39473 1.0812216690169942
0 28 21 3 132785 0.9769426637996657
2 0 26 7 93647 0.964118668942968
27 0 6 17 98759 1.0493418052544183
0 9 5 26 59876 1.0070342175127913
14 18 26 29 87093 0.9726857755305136
20 1 1 13 94917 0.9676152264182525
22 16 8 24 70115 0.9585217966823656
22 7 2 29 126396 1.038982471711647
9 10 5 3 35650 0.9970147237717943
14 11 15 29 82165 0.9956687751922927
8 5 25 24 120557 0.9536937179511037
20 4 9 18 89336 1.0499773752491697
16 2 27 21 92010 1.0814731022883344
4 3 5 29 67836 1.0163924951208527
18 11 1 14 76746 0.9592897944398132
0 5 19 2 74296 0.9215733269532286
26 12 23 23 48479 0.9298877497607905
7 29 9 3 80465 0.9566206009600171
2 23 26 27 106700 0.9178074793665133
23 24 0 18 93847 0.9345716582975733
22 15 27 27 62041 0.9384218390485938
20 5 8 26 109118 0.9186752467456614
5 12 23 13 73441 0.9282112570134952
16 12 28 20 67280 0.9240691583226823
1 10 15 7 68740 0.9722262841462966
24 23 7 27 68979 1.0549113766523304
24 19 28 12 38623 1.0256484291727843
9 12 10 21 47157 0.9499579324585065
20 14 12 19 51460 1.027670051997693
28 9 22 29 82362 0.9676910987208046
7 26 29 5 127378 1.0671629016923987
15 17 28 8 73191 1.0007211408688816
2 7 21 20 91044 0.996539364447552
27 28 6 14 111192 0.9051185104629192
10 21 6 28 40023 1.0192572414603724
4 8 14 5 58153 1.0870320473124224
23 14 17 3 59393 1.0650278672493214
15 18 23 8 62102 1.0552325761385037
8 17 26 9 91969 0.9815155582696231
24 22 12 21 47102 0.9188816074559242
29 29 1 20 118503 1.0017914652877162
8 1 1 29 93688 0.9818584518663487
1 3 17 14 88914 1.008141512386007
15 16 2 10 65101 1.0609491276806498
28 24 12 1 125210 1.0065905552712224
12 11 9 28 76336 0.9454497457546749
14 28 2 27 40408 1.0679058314534942
1 11 8 17 52263 0.9530531704101173
7 6 17 12 64966 0.9759872415947792
28 2 24 29 109527 0.9271181908292039
10 21 9 1 71869 0.9006869215004235
22 23 2 14 93149 1.0907121868164504
8 21 27 19 66977 1.0180382542271023
1 2 5 20 59415 1.024337194659419
26 4 8 6 80156 1.0416347863684716
26 8 2 1 94039 1.0847395564947941
14 3 21 9 47655 0.9390719716141098
23 1 21 16 54804 0.9941136734815527
21 28 9 16 78242 1.0614066887971565
15 10 23 15 51423 0.9254001105770687
14 0 27 2 47946 0.9616333037116954
18 27 5 3 98901 1.0515477991670743
28 8 8 6 89133 0.9749085664132786
17 5 3 3 57536 1.0805222522103148
23 11 10 4 82475 1.0039161289059424
18 23 6 17 54055 0.9802720525799753
16 19 4 14 55743 1.0347905364524719
5 22 11 1 63674 0.9230417046615201
3 19 15 27 57187 0.9607050939023167
8 8 25 20 96707 1.0161591900719193
20 18 10 10 64649 1.084197160201606
14 1 10 27 103677 0.9951774641146331
12 26 4 10 76193 0.9853238023187166
12 22 4 19 38651 1.0537289479930907
17 11 25 0 60032 1.0541085631257658
1 27 13 0 101567 0.9200398789230487
29 0 23 8 42517 1.0106087159118697
4 21 28 5 118743 1.003819027718661
20 8 27 0 44302 1.0130226138310476
26 7 19 21 72572 1.085945489264033
2 22 26 12 108066 1.0426056352212958
9 11 3 20 45746 0.9047599756268989
0 25 22 16 105867 1.0352818130471417
24 11 29 5 33523 1.0185273089076559
21 16 6 27 80811 1.0140664041860583
27 11 6 10 97441 1.0134748261787536
12 6 8 28 95376 1.0164446615694755
3 5 28 17 120257 1.091168562643492
8 23 18 1 98870 1.0667568511167373
28 22 20 7 76252 1.0558774194220102
1 7 17 13 82019 0.9646173049310787
19 10 4 28 93845 1.0078993816927304
0 20 13 28 61360 1.0951764771014172
11 28 3 22 43811 1.0586173455809793
27 28 21 9 85427 1.0802844311794635
9 19 17 26 51883 1.0685997338227542
12 15 25 10 68364 0.9082142237852605
27 17 22 23 36525 0.9858945735223743
15 21 9 26 34133 0.9988632286911177
24 19 4 19 69480 0.9177872872685618
29 14 13 3 88019 0.9832638135424998
12 6 1 15 70412 1.0009469587376085
27 7 29 25 72957 0.906360616630446
10 1 14 27 102306 1.03524956363847
25 29 6 26 82990 0.912986917215551
5 27 8 8 57871 1.0344295497717018
18 28 27 3 107401 0.9959710157070033
15 5 10 17 71643 1.0357788479750363
14 29 27 13 87664 0.9241636301751759
11 29 13 21 37652 1.0823741126509472
3 2 24 3 60689 1.0619909362119602
4 15 6 7 25251 0.9093472410557227
22 19 0 10 102487 1.046596555881177
6 12 0 29 65222 0.956588307477595
20 4 7 25 110503 0.9855763074139328
7 14 18 19 45630 0.996787689926812
24 26 12 10 97391 1.0406593998146136
10 16 20 7 65836 1.0707123286472997
3 2 29 15 116347 0.9030288090719263
13 28 9 17 52650 1.0188435671002238
1 9 6 0 39302 0.985798247666499
10 3 5 20 56507 0.9669529999101824
12 17 4 12 39894 0.904465979631015
18 17 20 2 56459 0.9204774309907351
2 4 10 20 76100 0.9067740074107101
29 5 20 1 39701 0.9798905371924641
23 7 13 9 42162 1.0477946546863868
23 15 16 7 50922 1.0993930965366046
2 2 26 25 133984 0.9652568894485662
24 7 15 0 51208 1.0198020503685052
15 3 1 27 100043 0.9505620458484798
10 21 21 11 68980 0.9015492366495934
19 17 18 7 35094 1.0325337332924465
12 2 23 8 53277 1.0729827454356544
13 8 7 4 38624 1.0523642335289365
23 7 23 25 75025 0.9606792047750836
14 28 4 27 34665 1.079220135949931
3 15 16 3 74701 0.9376543636900103
19 6 9 10 54500 0.9638081952915563
6 1 6 22 50581 1.0169683240420426
15 2 7 9 43055 0.9706962812919153
7 29 27 2 126992 0.9253598461656911
29 14 0 8 130750 0.9484637324010813
28 24 6 18 88355 1.0967652044629008
16 22 4 28 59552 1.030778290096406
20 9 29 3 50071 1.0085227223686668
6 26 17 29 45900 1.0665092412862223
13 13 10 23 51230 1.0685289416704469
15 23 22 20 35392 1.0875528996872081
27 4 3 16 105064 0.9489745599864956
14 23 12 7 78074 0.986333003233718
1 2 22 15 100428 1.0131322669242053
15 6 25 19 77872 1.0981473620170288
25 14 5 1 103478 0.9725362106262182
26 10 17 12 55274 0.9593381094484331
22 0 19 18 68720 1.0578335243889394
16 28 22 0 102405 1.0839408792910203
17 8 8 27 89224 0.9345245721293157
14 9 24 1 53653 1.0260250062904832
26 8 20 21 66440 1.047416602224716
22 1 23 13 47086 1.07168763577734
23 17 0 29 112016 1.0606778763409563
0 28 22 17 103021 1.0562160104878295
0 28 19 19 85924 0.9151113035534517
10 29 10 1 98597 1.0167489632010758
4 22 26 2 104362 0.9409924474867031
16 10 3 19 75488 0.924621817480418
29 24 12 19 73220 0.9479553016442108
17 3 16 21 71685 1.0799955794086877
25 3 10 7 69158 0.9883703868911942
4 28 26 11 120133 1.0765152740901756
5 19 22 4 93717 0.9545179640093215
13 12 8 5 56829 1.0675723444353737
28 21 21 10 58591 1.0136372699402758
24 2 10 2 39031 0.9259725183272303
23 20 8 17 57948 0.9078201210638579
11 22 19 28 50783 1.0710623360635816
3 11 18 6 78655 0.9534251767632871
29 26 17 28 57134 1.0225451806695574
6 1 10 12 50032 1.0782065305969755
19 5 8 0 56848 1.0292284796708255
21 21 0 2 112331 0.9733463382685994
11 24 29 25 74355 0.9286739139781951
8 8 19 14 66426 0.9561260977848824
6 26 29 16 106014 0.9614350198451577
17 13 6 20 58171 0.9356362494391133
12 6 22 19 85156 1.085829749609181
19 25 0 21 78832 1.0247005256290735
7 23 15 1 86698 1.03745733065241
28 6 8 6 93205 0.9001727805499985
22 9 29 22 71708 0.9271804698964564
23 20 1 27 84983 0.9201842448125063
27 17 11 20 62282 0.9445771322482412
2 14 12 10 67069 0.9794907275719664
15 0 2 18 87460 0.9833270940029144
29 18 14 11 83591 0.9746313661577296
11 5 19 2 39329 0.9337131978604706
11 7 2 8 40984 1.0708896059438753
19 18 25 1 72727 0.9997390584744793
29 4 5 8 89420 0.9136251317691443
4 13 28 0 100970 0.9118712044678461
3 0 22 15 106213 1.0221021438162703
24 13 3 7 96957 1.096337750337982
8 12 21 9 67689 1.0780750732651083
29 16 2 4 128404 1.0266724417899107
24 18 29 13 35615 1.0386780695006723
12 19 0 7 77282 0.9742708065888389
8 29 14 13 74074 1.0463737927948362
20 12 6 13 61966 1.0899661453805958
10 28 4 17 47407 0.9804479752944251
16 24 5 23 48723 1.048304370299733
17 19 8 13 47543 0.9523253416243438
10 11 25 11 78227 0.993744168064431
3 8 6 24 54880 0.9926605369907842
2 13 8 19 43234 1.0365605599880232
1 16 21 25 91254 0.9787455391421539
3 17 12 20 33234 1.0383452784495733
8 9 15 29 92447 0.9918419172562802
21 1 21 26 87811 1.0438050472530054
9 23 7 12 46207 1.0217073612273908
29 18 17 15 55283 1.0305090952556237
6 15 6 2 29858 0.9419190807953458
3 14 0 26 62967 1.036110757334129
10 2 3 9 37468 0.9876893996477154
22 14 14 18 44473 1.0187198251093856
18 11 27 29 92049 0.9500899644772973
1 0 14 20 95674 1.0989464423894875
22 5 6 22 101419 1.045176631835269
29 25 9 23 81541 1.0522469818545324
22 26 26 5 88806 1.0891504406678276
22 16 20 29 49286 0.9294986564507304
22 10 8 17 73861 0.9318106822516525
6 18 10 2 46063 0.90653291227556
13 5 26 14 82288 0.956551363989797
11 5 3 26 86504 1.0773034718387724
28 14 5 22 98156 1.0429890287328152
17 19 8 5 84635 1.0889510364667316
10 28 16 1 114390 1.0656081674147968
14 11 1 14 67995 0.997979368838414
19 27 11 9 82273 1.0988950562861541
27 5 13 7 67049 1.0718472353612218
5 15 1 0 60828 1.0679074529581802
19 28 1 5 123749 1.0666997503790066
1 7 14 7 53409 0.9124903557661465
20 2 16 14 58627 1.0479869917637512
28 9 19 0 56596 0.9886027936720562
28 22 1 19 92304 0.9063897646441751
23 27 2 4 135521 1.0646379206843886
6 13 21 16 55917 1.0104281196122513
23 13 15 25 69631 1.0806336270862755
10 21 11 7 69199 1.0350662577293972
19 0 7 17 86289 0.9590549231425644
11 13 28 6 90136 1.0992258239196806
23 19 23 9 49114 0.9710029246245646
29 14 20 20 49698 1.0647384868513288
10 14 15 3 68950 0.9546262264837133
17 20 19 11 38852 1.0260977834205842
6 9 18 5 57048 0.987424257017895
1 16 5 29 44503 0.9978173952356034
8 18 5 28 34077 0.924135624654739
2 29 8 9 71467 1.0319710908529451
3 23 27 6 130822 1.045124669361858
2 2 19 18 87953 0.9151625715347181
1 21 19 26 73744 0.9736750381542573
15 1 27 10 66372 0.9731890712294423
6 14 8 4 36865 1.096454162857816
22 19 7 7 82996 0.9662878058853444
22 2 26 18 65116 0.9611871355401043
11 20 6 10 41102 0.9997990373333401
1 1 27 5 90127 1.0806456311502188
14 19 23 8 72680 1.0614799632837035
11 21 18 27 41260 0.9090382763578772
13 8 27 25 100958 1.0353683807292107
23 21 7 23 58974 1.037523092288093
21 9 26 24 65306 0.9337549686076259
10 28 17 6 102143 1.0704592362038863
24 0 0 17 112249 0.91331225513181
26 28 18 19 60115 1.078101983143409
3 13 25 14 89197 1.0248782877762403
4 18 28 24 95385 0.989293665611179
7 9 4 16 27496 0.9352448528447064
0 4 5 27 83413 0.9707391580292584
12 10 18 16 49622 0.9821328395797201
17 26 25 18 51835 0.9197846734266185
21 27 6 29 55985 0.9149026916846524
13 13 6 7 43767 1.0461423991058654
9 10 12 24 71818 1.047840943998004
9 8 21 27 106221 0.9869878569427019
7 25 8 14 39555 0.966434030491503
25 25 4 17 88431 0.9834592133503207
22 15 0 11 95301 0.9123551723436593
21 28 11 14 74817 1.0443490465688408
28 3 16 6 54289 1.06251133384923
7 0 27 0 70626 0.9567764029307144
5 21 8 4 55278 0.9797936199737922
21 8 12 9 33527 0.9706105535236701
23 4 3 13 95648 1.0781719926162379
7 24 26 16 82650 0.9593047662359736
8 27 12 16 51282 0.9630697084439979
7 29 14 2 92114 1.061153462851435
27 22 21 14 43352 0.9086317415875274
12 8 1 27 88838 1.0377660398648976
24 20 10 2 102354 0.9180428418125319
24 2 9 13 84696 1.086970264290765
20 3 14 28 98934 1.033326602625027
8 15 1 26 53589 1.0266883006694643
27 29 8 0 157870 1.0243155955492589
28 17 18 2 76975 1.0628521822931534
18 17 24 13 36984 0.9149841125767056
5 14 29 0 102059 1.0307829329802183
21 19 10 23 53991 1.09113309278
5 27 28 8 126957 0.9652005958706111
15 28 14 15 61225 1.095269148251466
0 14 15 4 87864 0.9616136375650254
9 16 13 28 57385 1.0723982434629558
18 0 21 24 89245 0.9737258658472584
2 23 9 17 43930 1.077595405939025
8 7 9 25 64123 1.0389742233573094
9 23 14 0 96920 1.0273637431016862
7 7 25 9 77604 1.043356636434262
14 22 27 10 87697 0.9381221553957594
11 20 2 12 52506 1.038069808259688
7 25 14 8 83043 0.9802917820879665
15 1 26 1 39176 1.0546512148078142
4 8 16 12 67456 1.097211492874938
28 21 21 3 86815 1.0458368582628934
7 6 22 15 79634 1.0945654768762199
2 16 23 21 76668 0.9232809983803024
3 26 14 2 89716 0.9820524963844143
3 28 9 2 76371 1.0542540359445227
4 8 2 25 69003 0.9157893576473545
6 2 29 13 95895 1.048279361892794
1 8 23 19 107935 1.0192241501404953
5 5 13 15 48593 1.0837470408150258
1 26 4 11 63023 0.9091356728768799
27 3 14 4 46360 0.9606542495848857
22 4 8 12 80026 1.07782940788261
13 23 1 28 58180 0.9705928034370351
13 5 14 19 71499 0.9358300769965782
16 20 0 10 84334 1.036941482423771
7 25 13 20 29915 0.91456257399217
27 28 1 20 109779 0.9987729993866414
20 6 24 20 67004 1.0697891417811944
24 3 9 10 76150 0.9371613304410794
22 22 6 14 68979 1.090186870062692
6 19 9 9 37466 1.0548894293203466
0 18 17 2 94799 0.9154190245527667
19 8 13 4 39287 0.9609204461166437
20 21 10 16 52736 0.9942884535488551
23 26 0 6 130940 0.9424702423693945
8 0 1 23 83436 0.9992431876969601
6 16 5 7 25466 1.0837777180201043
2 23 12 28 54321 1.0086993970176517
14 12 29 19 81278 1.0839593446627431
29 26 7 18 98144 0.9105555262286313
14 15 3 23 52920 1.0919745594512134
8 2 0 27 80574 0.9413116327388881
14 14 2 11 57948 1.0052859742769882
4 11 18 13 64234 1.052347333986841
12 11 9 22 59474 0.9629430142401195
24 27 2 29 88013 1.0362954747136348
2 25 8 13 56400 0.9336086176506958
10 20 26 27 75068 0.914435637224544
8 20 23 14 71483 1.0095366294213832
8 14 24 23 74168 1.0701333366582237
29 17 14 16 62269 1.055909323460571
13 4 8 14 63052 1.0153731622182467
15 9 8 23 73477 1.046123741161113
29 18 15 29 79126 1.0587847588288095
10 11 21 8 51141 1.0687462686930211
15 16 5 22 47289 0.9872858922493051
0 18 28 28 124520 1.0342477977690074
22 28 10 26 48489 0.9908740587517462
12 22 20 8 74011 0.9439713350813471
11 19 24 4 102848 0.946899927183295
18 23 14 29 29868 1.0261017806181643
28 4 3 3 81092 0.9453130539488611
19 10 29 1 62269 1.0311440440112087
13 21 28 25 67804 1.0553822750481898
22 0 5 17 88596 1.0139033490555418
20 10 4 14 75114 1.0425037419454914
13 11 5 20 48769 1.0026045620049628
27 2 23 29 107201 1.0958992762114677
29 6 15 13 76099 1.0739682801376809
13 2 12 21 86034 0.9291848182131619
28 15 21 3 64749 0.9043576937107264
2 9 15 25 90163 0.9195922638968491
20 22 26 17 35781 0.912251571801882
26 25 5 17 87652 1.0059915174033558
7 13 29 26 107375 0.9236035598411906
22 2 12 25 111142 1.0012787587043137
10 0 12 15 67504 0.924635384941542
21 7 12 21 75328 0.933982354560745
20 29 12 9 95825 1.052729016972053
0 27 15 2 100136 1.0406516228302958
24 1 29 11 44258 0.9084131261311816
1 6 15 24 101627 0.9728862852858566
19 6 27 22 81032 0.9836228761672379
7 20 16 24 38380 1.0861876748020338
24 5 22 15 45832 0.9114003419418312
18 0 18 11 39409 0.9662931848811954
19 16 9 5 79905 1.0614207485175202
21 28 25 7 87124 0.9137368269868044
27 27 1 12 133833 1.0255344930069032
1 22 0 9 65892 1.0135073286430871
12 5 26 21 103558 1.0824236391135258
22 3 13 14 69403 0.9169080453934975
17 8 6 15 60696 1.0737343294075365
9 3 17 1 34061 1.0371813971727692
19 9 27 28 92674 1.0129216451716707
6 6 2 12 39025 1.0845579937282375
