5650 4916 5245 4619 5830 4106 3761 4201 4706 4443 3959 5096 4925 5065 5296 3678 5410 4014 5807 4549 4199 3844 3588 4307 3271 4676 2927 3549 5130
4999 4285 4265 5043 4004 5045 5838 4578 5019 4850 5069 3826 4901 5205 5624 5575 4623 4712 4461 4144 4896 4660 5696 5260 5541 3747 4944 4763 2950
5690 5121 6569 6210 4509 4991 6237 4555 6214 5422 4570 6261 4582 2567 1279 1900 1224 1568 2224 1450 2439 3156 1407 1549 1325 1260 2351 2345 3270
3173 3042 4085 3745 3812 3667 1954 2058 2090 2086 3252 3150 4024 3105 3477 2325 3332 3066 3756 3429 5231 5086 5133 6170 5322 4323 4669 4208 5993
4952 4988 5953 5559 6345 6184 4051 4528 4296 4459 6158 4575 5792 5176 5375 5099 4875 5100 3952 4179 5597 6208 6163 5338 4980 5321 6094 5539 6212
2690 2482 1779 2962 3844 1980 4053 2107 2341 2401 3031 6863 5996 6735 5012 6385 6044 5113 5103 6386 5621 6650 5100 6781 5528 5652 4745 5883 6045
8387 8584 6905 7549 8548 8604 6511 6548 7302 7211 6738 6908 6615 8135 7217 7915 2453 2020 1742 3408 1726 1890 1987 1781 2731 1529 3260 3624 1921
7715 6680 7692 6624 7949 8019 6604 7852 6776 7128 6975 7841 6592 6929 6706 6487 6834 7818 6890 7031 8160 8253 6689 7194 8431 7502 7783 1671 3155
2184 2001 3137 3049 2984 3342 3726 2815 3439 2983 3798 2887 2432 3212 1971 1787 2421 3237 1812 3872 3049 2798 2375 2981 3907 6944 6877 7071 7903
7183 7408 6776 7504 6622 7017 7083 6487 7389 7997 6948 6861 8016 7484 7625 7443 7990 7822 7794 8516 8484 7306 7659 6717 8007 3083 3537 3155 4081
4673 4731 5434 5231 6612 5271 5014 5346 6206 5409 5324 5547 5063 6613 6380 4855 6053 4830 5442 5285 4952 6596 5336 6445 5775 4816 5824 6726 5677
4057 2747 2376 3940 2116 3699 2355 2472 2279 2611 3324 7574 7537 7954 7852 6581 5886 7311 6832 6395 5798 7796 7046 6756 5728 6077 5717 6773 6393
5573 6305 6244 6077 6122 5631 5309 5911 5237 6792 5353 4756 5713 5964 6500 6386 6127 6270 5263 5734 5860 5326 6516 5829 5032 6321 5081 3231 3100
2471 1880 2945 2157 2919 3430 1354 1951 2499 2419 1441 2717 3348 2533 1556 2211 3135 3255 6740 7541 6915 8538 8517 7864 7518 6726 7645 7043 8798
3594 4794 3408 5044 3402 4970 4483 4212 4260 3634 2940 2609 2913 2290 2911 2272 1756 2217 1462 2961 2427 1371 1698 3475 3399 3300 2917 2484 1825
6961 7083 7070 8350 7429 6421 8435 8581 6991 8110 7855 7035 7576 6809 6756 8048 7779 7949 8563 6602 6522 8409 7165 7492 7821 7169 7275 5860 6480
6087 5194 6082 6537 6368 6130 5500 6545 6044 5243 5027 6317 6623 5986 5042 4979 6001 6920 5505 6324 6746 5637 5127 2916 3631 3651 4879 3445 2717
6315 7798 7627 6456 6737 7536 6425 7317 7555 7334 6785 7692 8098 7642 7891 8495 7548 7288 7234 6334 6975 6637 6512 6913 6848 7192 5457 4779 4192
5116 6226 5223 7053 6674 6803 6043 5916 5568 6861 5929 6943 6445 3715 4900 4749 3811 5212 4237 4998 5407 4109 4543 4171 5115 5530 5483 5461 4784
5204 4905 4927 4820 4878 3682 3051 2863 2548 3082 2313 4302 3522 2648 3760 3766 4225 4322 3854 2430 2737 2890 2352 2545 2959 3274 2964 3523 2650
4086 3668 2896 3474 4726 4408 4517 3396 3853 3147 5653 5483 4476 4937 3893 3573 5365 3621 3578 4367 5155 4330 4729 4953 4675 4376 5203 3656 4416
1925 1950 2561 3706 2637 2799 2711 2877 2594 3412 3128 2423 2327 3791 3679 2511 3366 3688 4244 3034 4585 4402 2802 2951 4724 3642 2536 3832 3373
7763 7676 6410 6173 6315 6847 6429 7354 7062 6919 5978 6747 6510 6284 5023 3827 3397 5248 4839 5161 3329 4578 3377 5210 5304 4400 5009 5290 3275
6740 6471 6396 7002 6669 6416 7074 5832 5103 5928 5319 6893 5577 5136 6854 6878 6148 7368 6626 6507 7079 6964 7416 6652 5482 6282 5787 5725 7299
3462 1939 3929 3466 3255 7350 5771 7110 7106 7239 5506 6561 6655 6444 5818 7151 7340 7346 5439 7382 6014 6634 6563 5919 7275 5447 5912 6306 5163
5099 5621 5121 5123 5518 6456 6010 7172 6536 4307 3566 3068 3551 3063 3565 3575 3866 3077 4015 2980 3101 3348 4896 4768 4051 4453 4149 4074 3022
6681 5228 7045 6166 6564 3815 4708 3906 3009 3277 3549 3802 3014 4178 3912 3781 4198 4918 3674 4776 4400 3309 4879 2854 4029 4948 3688 4246 4415
7506 6033 7383 7010 8014 6131 8120 6827 6958 7636 8236 7894 6421 6295 3491 4884 5500 5316 4476 4713 5477 4077 4769 4592 3763 5086 4348 4977 3623
3002 1742 2168 2216 1899 1542 3494 2736 3233 2739 1957 2949 2597 2573 2998 3405 1911 3317 3207 2261 2553 3119 7501 6867 8321 7654 8733 8051 6673
4778 3592 5422 7379 7615 6879 8233 7631 7026 7533 8577 6786 6661 7065 6584 7137 8410 7802 6680 6996 6833 6456 7034 7886 7243 7359 8686 8028 7620
6858 4253 3561 7797 3908 3591 4179 4093 4355 4098 4459 4775 8112 7970 5394 6039 3330 2759 6006 6226 3664 6725 6603 2714 5675 4252 3834 4874 2782 4894
6891 2567 3879 6925 3396 1986 4254 2254 6002 4183 5053 4138 7175 7388 6301 4578 3186 2894 7751 4733 2467 6982 6529 4434 6394 4956 4025 5191 2074 5012
7598 3818 2101 6366 2553 2222 5067 1530 4527 3075 6017 3115 7523 6251 6809 6176 3075 2470 6803 4960 3384 6112 6082 3415 4937 3866 5757 6088 1648 3134
7960 3314 2562 8175 2801 2019 3709 3407 4961 4541 4848 4312 8872 7431 5288 4464 3735 2802 6960 4365 3160 4242 5678 3780 5428 3796 4313 5381 3558 5004
6883 4687 6514 8227 3506 2890 4865 2968 4222 3544 5809 3472 6594 6201 6052 4929 3650 2171 4981 4886 2735 4059 6407 4194 5746 3802 4056 5850 1486 3978
6872 3055 5121 6252 2553 3163 3539 1913 4647 4776 5795 4355 6905 6839 6785 5360 3105 3463 4744 5365 3650 3959 5844 3106 6718 4632 3726 5792 1650 6101
8184 2929 5294 6952 3270 2509 5022 2320 5327 3769 3988 3074 8506 6151 6310 5385 4600 2875 4903 6218 3541 2821 5950 2792 6926 3867 4470 4060 3364 6205
8367 4077 6581 7664 2448 1516 3402 1728 6075 2979 3991 4540 7029 7187 6506 5297 4416 2981 4753 5979 3426 3454 5235 4100 5401 3427 2627 5498 2160 5148
8238 2561 5418 6122 2458 2878 4855 3445 5568 4389 5372 3260 7421 7756 6136 5474 5204 2982 5233 5844 3296 4887 6350 4365 6656 4899 3245 5376 2135 6769
8351 4776 4841 7511 3661 3257 3973 2220 3157 3303 5455 4333 8798 6830 7016 4793 5542 3388 3910 4617 2629 4693 5428 3092 6557 4243 3973 4791 2759 5472
6548 4746 5379 8248 3707 7512 4867 3171 4192 3236 5646 4067 7474 6557 5693 4596 5765 2475 5226 5578 2827 3178 6579 2823 5818 4528 4566 4429 1751 6142
7011 3848 4870 2376 3110 6106 4144 1506 4133 4530 6102 4765 7206 7619 5227 5502 6356 3330 3358 4453 3494 3863 5706 3352 5268 4363 3590 6191 1549 4803
7544 2538 6029 4220 2334 7299 4991 2255 4099 3818 4577 4095 6964 7648 6663 4999 4510 2584 5001 4934 2667 4140 6226 3978 6446 3229 4767 5642 3532 6549
6501 3003 6344 2046 3228 7603 4225 1381 4453 5113 5030 3975 6859 6569 5780 6249 6007 1569 3395 5710 4048 2987 6922 3033 6905 4003 3767 5139 2873 5435
6354 3658 5300 2623 4090 7773 4963 1722 2947 3295 4514 3817 6938 6500 5247 6302 4823 1777 5298 5302 2353 2811 5695 2389 5732 3781 3245 5621 1548 6753
6440 4266 5797 4322 2967 6566 4590 2744 3921 3055 6184 3295 8734 8060 7014 5871 4903 1873 4377 5524 4393 3315 5220 2742 5614 3709 4781 4345 2547 5306
6356 5761 4992 2150 3743 5887 4462 2292 3373 4040 4448 1216 7698 7114 6578 5829 5710 2004 3493 4510 3668 4368 5632 3843 7544 3030 4177 5325 1595 5129
8024 4716 5385 2580 3009 6104 4738 3298 4280 6259 4496 2313 6613 6860 8461 4540 5062 2144 4981 6259 4169 4582 5429 2627 7662 4622 3342 6042 2445 5995
6255 4845 6605 4236 3663 7429 4744 1508 4282 5824 5249 2119 6842 7321 6385 5024 5979 1481 3377 6435 4097 3349 6409 3098 5450 4615 2781 6053 3163 4928
6664 4187 6195 3884 2266 6453 3716 2853 2947 7641 4809 2538 8084 8066 6314 4337 4854 2992 5167 6257 2174 2856 7164 3363 7691 4425 4407 4657 3101 5125
7537 4235 5299 2857 4079 6385 2973 2439 2646 6906 4586 2200 8383 7734 8309 5376 5997 3275 5112 5118 3510 3717 6758 3117 6474 3930 3130 4786 2031 5941
3335 5626 6443 2499 2327 7875 5010 3296 2677 6002 4597 2013 8850 6481 6416 4229 5622 3241 4095 3711 4172 2735 5541 4070 6894 3846 3129 5255 3031 5017
4527 4532 5091 2374 2744 7023 3703 1947 3724 7999 5912 3100 7468 8037 7320 5914 5948 1837 3562 3594 2236 3692 6001 3980 5916 5146 3708 7748 5771 6594
3132 5335 6254 3484 4350 6906 3072 3349 3017 7572 4673 1831 8853 8401 7960 5189 4993 1507 3642 2045 7956 4589 6845 3212 6691 3897 4661 7270 6190 4902
4320 4953 5615 4198 3201 8046 3128 1852 4139 6286 4319 2835 8157 6592 7754 6282 5214 2389 4236 2741 6548 4847 5763 2981 6874 4983 4488 8347 5125 4943
3279 4181 6757 4121 4223 6402 7257 2422 3149 6783 4526 1400 5566 7811 8312 5510 5048 3936 3681 2176 6599 3917 7464 2728 6627 4423 3543 8246 5985 6823
4287 3841 5415 4341 3093 7141 7527 3454 2626 6154 5339 1656 6679 7281 8299 4565 4651 4111 3682 3964 7282 3455 7067 4370 6615 3802 4113 6352 4838 5846
4376 3983 6426 2753 3426 6007 5824 1374 4274 7736 5063 1619 6381 6514 6734 5282 6097 3381 5301 3337 7758 4209 8054 7648 7013 3755 3819 7000 6706 5123
4404 4345 5599 2910 2267 8052 5999 1986 3279 6747 5853 2505 7250 7821 6312 4816 5642 3418 5004 3873 6304 3274 6610 8013 6825 5233 3475 7220 6259 7004
7 18 21 5 70306 1.0643212190714653
4 4 15 10 48354 0.9178914167428127
22 13 14 4 50651 0.9554495588838456
26 4 9 23 97015 1.0858683551837958
14 6 3 13 47172 0.9312163910146807
20 14 10 22 54933 1.0330905139861806
13 2 27 28 111452 0.9393514004662205
6 23 7 12 37481 0.911921132636114
24 23 20 11 53669 0.9218720498120057
6 7 15 23 56549 0.9036001184273694
29 25 15 13 84067 0.9568890770086773
10 23 24 16 54793 1.0511360480286422
22 18 28 3 56160 0.9798747045182427
28 3 24 17 47568 0.9731610882867977
23 3 0 20 101135 0.9540896992176742
14 29 17 12 60307 0.9694832428575982
16 0 28 25 120183 1.0919274695327454
17 1 10 4 32821 1.053739521154969
29 19 0 4 111393 0.9701040445949297
23 7 10 27 92994 0.9503971132364933
27 16 3 4 95996 0.9610480039701067
24 5 2 15 90750 1.0637660527799573
0 21 4 6 51101 0.94563355270294
4 19 8 28 33359 1.0693456457237462
2 0 12 28 102813 1.019443471889437
18 4 25 19 64329 0.9029553658241651
26 7 7 8 52590 1.0201583875537414
8 19 24 6 76218 1.0968217881296403
29 7 16 24 79537 1.0430537957898602
15 3 9 22 74216 0.950250340912614
4 3 20 0 67254 0.9046071496069196
21 5 15 10 38406 1.0566553440841826
13 5 23 4 35035 1.0296818959345349
20 7 13 16 36473 0.9917854551764169
23 13 29 26 76122 1.0327427523490798
26 23 21 11 51216 0.9339155402060846
4 18 10 22 37093 0.9481429991500011
21 14 14 28 52813 1.0721192444533902
9 3 27 12 76021 1.0391456303626159
26 15 8 22 67531 0.9806216959849441
0 15 19 19 61963 1.0242737296120663
28 16 3 7 82398 1.0599700256249507
18 4 3 24 98269 1.0191433565971977
3 5 22 22 91387 0.9160824516506518
25 21 19 12 46335 1.0783336432264472
9 13 27 17 66042 1.0308666054113749
1 14 26 29 106241 0.9219576436896991
27 24 19 20 40392 0.9119263612847706
10 4 14 12 30532 1.0372207418473485
24 10 27 1 40269 0.9945416027658591
3 16 27 22 83094 0.9146771021495317
21 28 12 13 62793 0.9347240753231177
19 11 26 17 35745 1.0710320702091833
28 19 15 21 48637 1.067963474352875
1 25 2 10 42457 1.0846578561811546
10 15 29 11 63683 1.0956560324029185
4 29 25 18 84779 1.0723137874771314
7 12 14 6 41127 0.9316462713081871
26 19 19 7 51883 1.0709350858180988
10 27 29 29 79551 0.9379439840064298
27 14 9 7 66948 1.085707942157792
15 22 12 4 51549 1.0934404505281448
20 12 18 1 49325 0.9616736614074047
16 9 18 18 40685 1.051385181592794
21 4 3 20 87524 1.0950844581544699
5 4 21 8 49549 0.9289338679532977
28 27 15 3 115692 1.0672510855455286
7 28 13 10 62980 1.0115966829667506
26 20 1 24 91841 0.9057194549061782
24 11 29 19 34340 0.967845077883768
12 26 20 18 46736 1.0076324360259648
29 19 11 22 72188 0.9153854822138222
18 28 4 20 51914 1.0536893876181668
25 5 7 2 73222 1.032772380264588
26 3 8 19 90384 0.9001835332972142
6 3 24 17 82534 0.9423273842639601
25 21 23 13 42085 1.0186319572806282
5 18 8 25 27303 1.0137623489316887
2 1 13 2 42229 1.0971928030645117
4 21 12 28 37281 0.9200619212750343
20 11 4 23 72306 1.0399504617102378
10 14 2 11 44551 1.0168329840340655
15 18 14 9 28840 1.0018957220402447
6 19 22 3 80776 1.0306522827859232
17 7 25 5 33008 1.080359560154707
29 14 21 7 40896 1.0841145377976995
18 17 4 12 58852 0.9481542837687343
19 22 25 5 75295 1.0795790018157378
24 1 11 25 100292 1.0157804561946508
16 24 11 1 66556 1.0595226570057066
27 16 0 8 99695 0.9273779904790365
4 17 15 8 55508 1.0339571633779845
25 3 10 13 71769 1.0063198228492929
14 19 7 11 39257 0.9606072343420261
1 10 6 23 50699 1.0127721210418281
9 14 3 8 41848 0.951415457787664
9 17 15 22 29479 0.9783793231437656
5 12 19 20 69755 1.0677903086378429
24 18 27 29 53459 0.9695918122692881
23 1 15 9 54556 0.9463667594979353
29 27 19 5 105244 1.030495000967747
20 10 5 18 63581 0.9656923359175874
11 2 1 16 67486 0.9738201450113672
21 12 8 16 49969 0.9155140492521386
11 7 18 3 27342 1.006934456088741
12 25 28 9 77641 1.0528028309984003
24 11 14 27 64420 0.91736263278417
14 26 23 8 69758 0.9026146632908431
22 8 3 14 68489 1.0146835610792422
23 26 7 13 82893 1.089215361363636
9 20 4 25 28812 0.9310129072100924
23 10 19 26 61936 0.9357764924768377
6 1 5 23 74725 1.0277317804790302
23 16 6 11 65424 1.069139259370815
14 5 22 24 78523 1.0530102270399357
20 24 18 10 56686 0.9133966259007407
27 16 5 14 76444 1.0413088455604365
7 16 20 14 48267 0.9129433152144152
29 13 5 21 89695 0.9886807679336123
26 7 0 3 77342 0.9011688717157829
8 9 23 25 87505 1.04724897753434
27 22 19 7 66055 1.0143683437986328
5 20 17 25 49782 1.0244703947106752
15 12 29 17 55021 0.956644029752659
16 6 0 20 77519 0.925748739512487
26 26 17 1 109405 0.9078077510688699
5 5 9 28 77471 1.0975604049000047
14 15 21 0 57870 1.0316887825280348
11 18 19 3 63241 1.0523205302389558
24 16 11 14 49832 1.0210966692161665
4 15 24 0 100159 0.9143413842817897
14 2 7 25 80891 1.0927440274812044
3 6 14 2 41629 0.9001166824556561
14 27 17 2 79234 0.9778887140465937
25 14 16 10 34874 0.9012269061818071
6 12 17 1 71074 0.9496873351140744
5 10 17 8 40863 1.0204640636341291
29 21 13 7 73988 1.0463962602907229
21 29 14 25 28504 0.9708049545825722
1 22 7 7 57739 1.0565566854634973
2 3 11 4 33167 0.907701096302504
21 4 2 6 58338 0.9929460113540819
7 3 29 2 82734 1.0207980764695446
9 11 8 20 26891 0.9343688127717412
27 9 18 7 32735 0.9172427349798317
5 7 10 22 60100 1.0335090149644668
5 6 12 3 28294 1.0045281828510484
14 26 21 21 36688 0.9954149689941055
18 12 1 23 81186 1.092794111786468
8 18 22 9 64356 1.0992080302502192
17 13 1 13 78351 0.964297207033097
28 6 19 7 26480 0.9485161990338256
21 26 10 7 75461 0.9369441844252049
13 23 21 8 56216 0.9512141091234223
10 14 25 12 60501 0.9527599049481873
21 13 13 11 26223 1.0149705355971663
12 1 12 17 43617 0.9382843262768548
27 4 27 29 88241 0.9902590674762849
13 24 2 8 78913 1.0648317261082214
16 13 3 26 76882 0.9655489571725407
12 2 20 5 38743 1.0231322379015104
23 25 18 14 56377 0.9580691195831739
15 15 9 10 44221 0.9153119288869362
3 22 20 15 69635 1.0866319407811333
16 11 16 29 56386 0.9025177123771138
13 16 7 5 41856 1.0525441462807503
4 12 22 10 68202 1.0261422234791056
7 8 27 27 115650 1.02410444837755
3 16 12 25 54380 0.9342505483429803
23 4 3 29 113732 1.0082345276475078
15 2 15 24 67336 1.0624807454987923
1 22 13 9 68146 1.0481352631965817
26 23 2 24 81729 1.0779948929784073
26 3 5 15 98942 0.9517714619420363
27 14 23 8 38268 1.0175908695075995
24 3 4 29 117918 1.090907511860403
19 24 17 14 43602 1.0538895294237272
12 17 0 29 59929 1.0914745574426725
8 4 22 25 91676 0.9435846586361346
12 2 28 1 61352 1.0210237814453458
29 9 11 18 71329 1.0023769114810783
23 4 12 21 73021 1.01547408431027
2 9 17 1 63529 0.9567006887502648
0 4 16 0 63701 1.0114777385697233
5 16 25 16 56128 0.9249459596892419
0 6 14 20 68590 0.998473567053087
7 7 4 17 40963 1.083263996069772
18 10 8 19 52698 1.0213890146554123
11 14 15 7 31901 0.9600617451422053
27 28 9 6 113603 1.0753516677644606
26 28 7 7 108134 0.9995643927849727
19 21 25 25 34784 0.9354926860527774
17 15 29 20 54956 1.0784978491904043
13 22 13 12 31712 0.9320262007196789
3 14 26 6 80509 0.9633349951303115
17 26 4 1 97366 0.9191179752241888
8 17 23 20 48305 1.0100419685754867
1 20 10 0 78474 0.9321649556447787
29 15 26 23 37322 0.9045359965381186
10 5 16 16 51260 0.9824221045050177
12 8 29 0 62448 1.0699586688771814
19 9 25 27 76042 1.056467995828797
4 25 20 17 60174 1.0069745014540736
5 2 11 16 62414 0.9091102535584672
26 4 7 15 84660 0.9551202703076349
18 3 23 20 70312 1.0385916641300967
21 1 9 26 102432 0.9128868450137627
16 16 25 1 79036 1.0144621252758699
27 20 19 9 55149 1.017410806954109
22 3 12 27 93886 0.9247854479177849
21 27 21 12 52282 1.0128981585447487
12 27 18 1 96334 1.0628611416541554
0 16 7 5 51360 1.049410550502411
4 9 13 22 69289 0.9538186422678363
14 17 16 28 31806 0.9259173734009223
3 8 17 10 52595 0.9623451304802046
6 11 18 27 79119 1.0696757873957194
4 17 12 15 36063 0.962077020252425
29 16 13 28 74085 1.0985764296334202
0 14 20 18 65080 1.086947749976764
0 23 3 7 49258 0.9855692658274561
2 11 11 7 33773 1.057863441784042
12 4 6 25 71002 1.0882536095160837
24 0 29 28 119547 0.950397159604063
2 21 28 23 96761 0.9165640233138309
21 29 27 11 74745 1.0896555647357506
9 8 22 0 53443 0.9349272334379567
25 17 10 13 57187 1.0250139805328722
17 24 18 0 93252 0.9939042140646566
17 12 21 22 54912 1.030141077744867
14 10 5 15 51818 0.9527672650547971
9 21 28 6 88790 0.9971460954943752
25 16 17 7 46951 1.0890934991402692
26 14 9 16 61683 0.9162430229557146
17 15 28 20 48652 1.0988037841541856
13 9 4 13 46727 1.0424245952612823
15 15 29 13 62344 1.0498621880842285
2 0 22 12 90416 0.9766170189547628
11 0 27 3 60983 0.9587686919810948
15 9 17 25 51464 0.9393763478162988
3 17 18 5 77144 0.9393591091986349
10 16 2 11 45903 0.9578039543097607
9 0 21 21 92273 0.9563355891116102
3 15 28 16 74136 0.9605872009424938
20 27 27 4 94605 0.9460245702210988
26 4 29 28 100676 1.0166345690854959
11 18 2 29 57160 0.9950537526126249
22 29 13 3 85686 1.0039601684791475
7 15 18 9 61941 1.0637769754627162
15 28 14 9 50584 0.9252023080822451
20 11 28 26 73006 0.9316944150453412
1 25 22 23 75109 1.0370075100464837
14 8 27 7 37388 0.9541001007635657
14 20 28 7 64008 0.9882052255652429
13 27 8 19 46559 0.9448781323472435
11 12 24 13 57690 0.9627833193713359
0 7 11 2 43535 0.9680136011266256
14 28 27 27 50788 1.024447205618533
0 21 4 9 45831 1.0108700008847793
6 9 27 21 89632 0.9370756285325071
27 4 19 13 48042 0.9616959759062232
9 9 19 25 68155 1.093540063865908
4 12 25 15 83015 0.9729748950187181
15 28 1 18 56489 1.073433327897507
19 7 27 27 86879 1.067265843892206
26 29 18 19 64475 1.0661083736306614
2 0 10 17 74685 1.0676836276630386
9 26 8 8 56943 0.9050372920827924
25 19 11 20 48461 0.9702851611975798
17 27 6 22 44247 1.0316328551985978
4 28 1 15 33982 0.9111033322366415
3 11 22 29 92655 1.0555293269127575
23 26 8 5 95031 0.9279214832983564
25 1 28 15 46848 0.9435009541131596
13 12 26 0 66146 1.0205401139780979
6 10 25 28 107073 0.9286880730412674
0 29 5 11 59156 1.0755321048132958
14 18 25 27 61068 1.0847396800081366
12 25 14 15 30270 0.9007178768340629
16 28 6 14 66244 1.0937056176114213
18 23 29 15 58019 1.0814468660055223
10 9 17 5 33848 0.9157170279807557
13 6 0 23 75545 0.906700691209183
4 8 23 16 77038 0.9619919182897085
1 2 28 14 98082 1.0824048015649126
23 28 15 19 54566 0.9471133116981354
0 22 18 9 90480 1.038067190257029
22 11 14 27 59489 0.9927487383281212
8 4 14 29 76672 1.0048288084761763
16 6 15 24 58069 0.9699413311665969
11 11 24 24 76425 1.0235407422234521
0 1 18 1 68573 1.0369604434603121
24 26 4 27 63094 1.043992399659222
0 26 14 26 45198 1.01369362934179
4 5 19 19 70315 1.0548646931652805
18 18 27 1 73220 0.9370318821457333
11 18 21 7 53661 1.0071812366155672
6 12 29 11 73474 0.9067526683050859
1 7 20 22 83904 0.9174316866961111
13 3 7 21 63853 1.011515046536783
23 10 15 29 78420 1.0807655734855504
7 4 2 24 63856 0.9834684202351034
27 7 28 25 64975 1.075846029200901
27 10 27 27 65635 1.0148135340471844
11 1 13 29 81344 1.0635206979383047
15 6 18 27 76388 1.0502499623107537
25 24 16 3 92827 0.9172009099740553
18 10 13 24 53837 0.9614053454979373
1 28 20 10 90871 0.9267102929851921
3 10 7 29 59567 1.059497786149652
17 23 6 25 41021 1.057530178687334
9 7 0 5 28147 1.0248199879833688
1 14 9 29 51860 0.9239504774510698
17 15 11 6 47126 1.0722814508892162
4 29 5 10 63677 1.0281952353173311
5 12 6 27 51760 0.9786637170048089
23 4 2 12 75250 1.093683754942902
1 14 10 25 55331 1.0076212022670226
3 2 27 5 87909 0.9044986134711681
7 14 26 7 71772 0.9063364252909724
19 2 26 23 86748 0.9539294976936836
28 23 8 5 100999 1.0694930758234362
19 12 21 29 60276 0.9663755652707626
7 19 4 5 53657 0.9863901804754646
10 3 3 9 36200 1.0881175995820547
28 13 4 19 83032 1.023955197925691
15 24 14 14 28282 1.019388793958133
8 15 28 12 69898 1.0655569324562606
3 9 27 23 107495 1.0674681842673304
19 9 4 17 60724 0.9612613874474915
13 21 9 8 50959 1.0907884934046645
27 14 17 14 57684 1.009931276053495
27 16 23 8 43478 0.9810713123525856
19 4 5 20 79801 0.9767729897458634
23 9 23 23 64211 0.9089078874623726
26 11 28 19 26232 0.9458548920146282
21 15 5 7 59267 1.0956885934414045
20 7 28 28 96975 1.001489774758241
6 3 21 11 63513 1.0112359516277336
17 5 25 9 47029 1.0822199606926324
6 6 26 8 58165 1.0711997020151658
5 25 14 10 61792 1.0635379876481401
28 24 12 1 105424 0.973766240504837
18 13 3 6 63201 0.9507151999584301
2 14 24 8 80943 1.0693217072125294
27 22 18 13 58519 0.9792071779480125
5 6 9 12 33170 1.0443386047323195
4 17 29 14 78392 1.0986941112248902
17 9 8 5 39618 0.9469557681613447
23 10 29 25 72829 1.0313904030529462
6 28 11 5 74189 1.0782988100453248
16 25 14 15 27842 1.0663390992325752
5 0 28 13 86837 1.039848485776204
6 9 18 17 52365 1.0345331665981015
7 1 15 10 50434 1.0300323731146295
16 14 11 6 38474 1.0745356611798567
9 28 25 11 82203 0.9597576511918897
7 12 27 10 71976 1.0874872007906258
26 16 21 0 60166 1.0720457250559292
8 12 8 27 49311 1.0470002467587096
9 0 23 29 120119 0.9109409312235954
19 28 4 25 47011 0.9979793199963137
27 13 26 26 56422 1.0837493000558311
20 28 16 11 63973 1.0122789357487436
28 10 28 27 67572 1.0513569516052783
5 26 21 22 61283 0.9868936395114034
17 2 11 16 60169 1.0729099497048695
11 27 15 7 68633 0.9772849128382612
6 13 16 8 56681 0.9048991227289224
12 13 0 22 68020 1.0063566696552646
14 4 23 2 37338 1.0188167143126796
2 17 27 19 70842 0.9775635877578173
12 22 3 4 80211 0.9165123954521102
20 18 14 8 41477 0.9752899685457876
8 29 24 3 114032 1.0586772838238347
17 16 1 13 60650 0.9183355309897362
0 12 13 17 57609 0.9137983043560094
15 18 24 5 71947 0.9600632075665106
29 7 21 0 37969 1.0431211305706607
6 20 25 20 63946 1.0905156541323908
15 6 19 19 53376 1.0596577515858452
0 25 20 11 87465 1.0563624955075377
18 5 9 15 62637 1.0705316794471373
21 6 13 1 35633 1.058929535288728
3 23 15 7 71381 1.0375567913830828
16 25 0 12 82992 0.9516402401938693
11 11 22 22 62437 0.9859429013920112
3 8 24 20 92303 0.990525545128396
17 2 23 7 38280 0.9395448007202537
2 0 10 12 66745 1.090578677312419
16 27 26 16 64998 1.0556142801487802
16 4 29 4 42391 0.9421449722045891
29 7 28 26 70737 1.072599834940017
27 13 28 22 31858 0.9110436936805189
16 24 29 18 58960 1.0526786579939909
24 8 11 21 70522 0.9725598051394646
0 1 2 21 68490 1.0993260384536652
7 8 19 5 41165 0.9909955344932208
1 11 22 26 97417 0.9628725759896843
17 19 26 0 90446 1.0133640092947729
28 23 13 0 98490 1.0213463995464767
18 19 4 18 50165 1.0979374357877816
11 13 6 23 49163 0.9876445091283396
26 22 21 27 35703 0.9383018093919174
8 13 13 18 27405 1.0180541193997639
13 3 25 0 46448 1.0356085896034888
15 9 21 5 33544 0.9734890415509744
9 20 0 1 81662 1.0213745198471815
3 19 13 10 52814 1.0789946898434115
16 29 9 23 38665 1.0783285542071284
28 24 16 11 70098 1.0515938757419527
18 4 9 21 78047 1.0033128901685122
9 1 16 26 83360 0.982719216393221
9 29 12 5 81611 1.0472869708857586
14 28 14 15 31739 1.0990018357319142
10 3 6 9 34404 1.0095637377681823
26 23 8 5 93709 1.0476650897446624
15 14 2 24 59069 1.0432699810593584
13 4 1 2 43338 0.9397339383020535
14 25 6 17 41194 0.9096593138572922
24 4 11 7 39566 0.9470697216406461
22 15 4 22 70873 0.9265647886816498
5 21 24 9 86977 0.9711984730108619
21 6 28 9 26374 0.9052346641687048
3 25 16 5 91260 0.9653374010153166
9 17 3 13 29513 1.0256179589489804
1 19 10 15 39762 1.060912420497759
26 26 2 9 118031 0.9612587760364288
9 21 23 22 56557 1.076112135405086
2 2 15 15 72553 0.9366933638256207
13 28 25 27 43494 1.007770124810603
0 27 1 1 83720 1.05811065536454
8 29 1 1 97639 1.0654824689019997
5 29 11 23 37792 1.059461800640526
16 15 25 3 70122 1.0300619993045634
14 2 4 25 85458 0.9220771458349621
16 9 9 1 46429 1.078771832769763
1 5 3 15 33071 1.0978058667767285
11 25 26 8 83868 1.0912226843924142
12 19 6 10 50195 1.0747068640293251
25 13 17 8 37641 0.9580382831103307
24 20 29 28 58189 0.9359486724883244
2 2 5 10 31534 0.9855147910450801
22 26 1 22 71158 0.9709935192002058
16 16 9 28 49826 1.086461347365391
24 8 7 21 82217 1.0201898325506358
3 3 23 19 93219 1.0698018073656061
23 10 6 2 75926 0.9208996132805708
13 16 5 25 45667 1.0848885777704345
9 29 22 25 46831 0.9366042916599486
12 27 27 2 111038 1.0083978124028339
21 24 5 23 54771 1.03013058031883
15 24 16 15 35973 0.9220255479358739
13 2 28 24 101006 1.0488562789152922
24 27 27 17 52845 1.0504092402013399
9 15 26 1 91803 1.038478042818574
5 12 25 23 95807 0.9270596588377793
17 17 18 29 45053 1.0172992042837299
2 3 28 2 89325 0.9544128678179941
25 9 19 28 75643 0.9107976181722773
4 9 27 10 73184 0.9781686025355237
12 20 6 12 48525 0.9277477065443275
28 28 19 3 113130 1.0582692690940851
16 15 6 0 80401 1.0100530417963534
3 9 25 18 82057 0.9826806355556934
8 18 28 15 60829 0.9042468930574026
5 7 12 24 68913 0.9831948710746319
21 13 5 7 51797 1.073328341682325
23 12 9 18 62953 1.0884493464602438
27 2 10 18 89901 1.0815416076088062
6 12 8 4 37156 0.9273725129908181
0 19 15 10 70046 1.046485189671105
12 3 15 29 75198 1.0117510408429842
15 28 24 9 81197 0.9062829918826552
6 6 29 3 71148 0.9126838442609498
23 11 21 19 31142 0.9970796385130063
21 25 22 9 61069 0.9761386096450393
27 9 7 24 97569 1.0307295694713616
15 0 14 14 47733 0.93958890593943
28 5 14 27 87631 0.901916396709584
2 11 9 7 28382 1.0127287775540414
21 2 10 20 77699 0.9218605112682896
12 16 20 27 52448 0.9733971382416269
22 5 8 21 82161 0.9356251436757426
22 2 19 24 78044 0.975933217036687
23 18 15 26 52446 0.9243367921635608
14 16 17 0 62968 1.057306770066758
29 6 24 23 69490 0.9342882082241224
15 15 6 17 32514 1.0943855465281895
27 15 21 24 51160 1.022384322431397
2 29 0 9 59472 0.9216581315056743
23 21 16 28 40710 1.0189636643175621
15 7 23 18 54828 0.9325615778867007
21 0 7 29 109523 0.9827499057030908
5 8 1 19 44462 1.0303118500939594
27 16 12 1 79907 1.0024452832126467
20 6 12 19 57041 1.0575730843474043
18 19 20 3 61310 1.086470960175703
28 7 9 8 49513 0.9242711652593498
14 21 18 0 74592 0.9767169823663733
5 26 28 6 105586 1.0732813964442867
13 0 28 26 110790 1.0899363859325202
11 20 11 4 54159 0.963337365684229
3 13 3 29 40684 0.9090873754386677
3 8 15 4 42012 0.9868317174351771
8 11 18 0 65778 1.0414691718271425
23 0 20 25 90619 0.9029542973001901
23 15 2 13 71626 0.9121761135229859
21 12 10 8 41337 1.0785865831500339
0 3 3 25 71210 0.9950960628113844
24 17 24 3 56903 0.9362810126986515
19 11 1 26 81004 1.018975087408837
25 4 13 8 40957 0.9598606444259836
22 19 9 6 67524 1.046613528384939
12 12 22 5 48783 1.0441349498214623
6 12 13 5 44485 1.0213743156845503
16 21 17 0 78260 0.9658422401156183
24 19 19 13 37948 0.9191377914345132
0 0 20 29 131852 1.003132538045568
17 8 8 17 51312 1.0687050541343652
7 27 26 21 76588 1.0278855292537499
28 16 19 4 55479 1.0175495405720403
20 28 23 15 58491 0.9545569476569791
29 21 23 5 66071 0.9093921434405186
2 22 29 25 98767 1.0783560455731103
21 27 2 2 114308 0.982782762566837
17 19 4 8 69281 1.044892892475382
14 5 2 16 64124 0.9492584959631076
28 19 11 19 59865 0.9519335561472918
16 29 22 13 69642 0.9796826663477629
14 7 20 3 28915 0.9811363015696191
0 2 11 3 45395 1.0118374108400294
28 25 20 17 50834 1.051266204708797
17 26 17 16 43840 0.9735569659430332
6 13 6 27 47794 1.0156807231178937
29 15 18 6 53482 0.9002752994536553
11 19 1 2 83256 0.9762851590998753
27 21 18 10 58734 0.9271291801086496
2 22 21 2 98287 0.9472164539658484
2 13 9 27 47200 0.9450432516400346
28 29 14 8 107599 0.9754813492584603
29 6 17 27 97696 1.0784780606172901
24 4 13 27 91543 1.0289964061556254
9 4 10 16 48580 0.9586026791135425
9 19 19 25 48637 1.0109782697506733
18 0 6 13 84435 1.0583235473822372
22 12 1 28 96308 1.0772505199210716
19 4 16 17 50269 1.0508507496561974
29 16 17 24 64980 0.9005987756089033
29 19 11 28 76655 1.0509357204107546
16 20 12 4 48802 0.9779337601114024
12 11 18 28 57010 0.9844206164784735
22 5 0 11 78069 0.9958175654919534
1 4 18 9 60633 0.9642456536923651
17 20 25 3 79432 0.9983394103849921
7 5 14 15 44189 1.0142856367053472
6 22 19 15 50240 1.0143800580092603
22 15 26 2 64034 1.0812890223914695
6 13 21 21 68252 0.9051392742629234
4 3 28 17 96876 1.0739610017465044
17 2 12 15 52091 0.9911969145311477
7 27 5 18 28858 0.9788385871918073
0 0 26 16 117980 1.0973463683263516
9 26 19 1 105487 1.0301440898637493
29 10 12 6 56837 0.9194580847338333
20 22 27 11 54530 0.9924518394938129
1 7 14 21 63163 1.0898283155368116
20 5 18 13 37126 0.9346395935213735
23 11 5 6 56213 0.9579479417614962
18 29 23 7 82823 0.9422144588675005
13 4 23 13 53775 0.9023933784626875
28 22 15 4 85229 1.028939748866549
0 11 12 11 48206 1.0387531164586488
1 7 19 2 61461 0.9606291606424044
1 10 29 6 86613 1.0439621630991143
26 1 4 4 77261 0.9592852289958476
24 10 18 18 43507 0.9903036932964135
21 23 25 13 45798 0.9324364886449255
27 27 17 4 104510 0.9246209334030265
11 15 13 26 43493 0.9059234297805052
2 26 2 2 65608 0.920775889307465
23 21 21 9 46615 1.0443944679981259
17 5 24 19 69690 1.062883681773722
4 0 5 17 62443 0.9565431445765278
28 6 15 11 42294 0.9015809828987988
3 11 26 17 78489 1.0365758039592854
15 3 13 14 31437 1.0975672936825525
22 18 13 13 34333 0.9391512031110351
9 9 13 23 50985 1.0102757018035662
21 21 17 4 66823 1.0813729979874596
1 3 12 6 45355 0.9656193182096128
15 3 7 9 36359 0.9762968937253625
14 2 0 20 81486 1.0448033661857188
27 21 27 1 59689 0.9679646153648555
22 25 29 7 79478 0.9387051940350297
22 20 0 17 68484 0.9442266074749232
4 15 26 10 83468 1.0233340634914896
21 12 16 6 30565 0.9649136166321897
17 5 19 23 70381 0.9395598697404898
11 15 10 29 60509 0.9743178930612718
2 19 5 10 34987 1.0090405121487105
25 8 3 3 71728 1.0602961347929707
12 28 10 3 80364 1.0326430136067075
27 16 1 0 117727 1.0170541138281222
19 6 11 11 30443 0.9452968183526237
20 2 7 1 52108 1.0830132097540621
24 16 28 5 42412 1.009288515559494
22 23 6 22 54771 0.9640865644698398
2 19 27 23 88323 0.9471799532098725
22 13 21 1 39606 1.010506591655297
26 11 8 26 89132 0.9949630716313889
2 1 6 10 41563 1.07812969997315
2 16 9 0 67275 1.0217094453681708
3 17 4 3 46692 0.9580478731081898
2 12 24 10 83572 1.035986784333125
18 23 10 7 56048 1.0745630229008722
10 11 13 18 31682 1.0212190021711471
24 19 8 8 73619 0.9902319877712495
22 24 2 1 115451 0.9443607721193684
22 17 23 7 38592 0.9273601883006242
4 6 14 10 37476 0.9931815539114281
6 19 9 4 49873 0.9851238009807276
11 9 27 27 98061 1.074414924671975
18 8 10 25 74869 1.032505813511228
29 28 19 2 124316 0.9626943681348723
6 25 4 9 55013 0.9277577240744997
13 10 20 26 58530 0.9420858887767641
3 13 22 8 65384 1.0379257521263208
25 16 1 1 103809 0.983917309390137
27 10 25 0 41776 1.0063982624495829
24 22 1 3 114938 1.009611445517728
28 4 11 4 54797 0.928856991183114
28 1 23 13 45537 0.9526248707140106
0 14 18 21 73331 0.960449912361674
5 20 24 9 84942 0.9035126189523075
24 16 3 17 60091 1.0372531560923635
6 10 23 3 64776 1.060540803249631
15 0 27 26 117451 1.0719892423263415
16 19 11 1 60878 1.008901479330059
5 29 0 12 59899 0.9897707067475804
29 9 15 24 79489 1.0954018380614077
27 7 12 2 53391 1.0726928291111761
4 9 19 25 84268 1.0179625939791204
28 21 1 15 86695 0.9513261443243759
3 9 15 3 43610 1.066437573574405
10 2 20 5 44120 0.9227810252784956
18 5 26 28 100687 1.0056421343994408
25 0 5 13 93137 0.9404814455727495
5 13 17 19 64889 1.008620672879805
8 3 21 24 86451 1.0561267669864147
29 2 10 5 69103 1.024301540903206
26 2 7 24 117905 1.0060610141339807
23 24 12 21 46077 0.9431434328248298
28 14 21 3 46437 0.9381201381101112
1 24 23 8 100725 1.0629956953371997
5 16 20 26 67762 0.9806834314847309
7 14 3 4 48787 0.9182590222224661
16 4 26 0 44041 0.97588368209509
22 9 16 0 56396 1.0144012468084347
22 23 29 11 59029 0.9893540058023438
24 2 17 27 99234 1.065737952406456
11 27 29 20 88120 1.0863510445333007
1 22 27 21 95420 0.9228882661364008
25 22 23 2 78725 0.9719833690363736
24 13 2 8 79667 0.9321300571938109
7 17 7 4 43226 0.9559566054448567
19 22 5 18 54460 0.9000227339182719
22 2 7 11 69171 1.0086038695649566
4 19 2 29 29825 0.932470265810251
2 11 22 16 73087 0.948549777776271
14 24 18 9 53585 1.0620033961902073
6 5 24 4 58745 1.046165903722643
6 8 21 27 94258 0.9479604152860894
22 8 10 21 66959 0.9013613119283134
20 28 10 15 62976 0.9409647577884689
17 27 9 10 77307 1.0435675365676276
14 9 24 25 74908 1.0306357606477727
9 20 7 11 31467 1.0543230020206469
19 6 10 29 84461 0.9858463520826063
7 24 5 0 79021 1.0045673555089514
17 12 13 20 41459 0.928740091097288
11 27 16 19 46581 0.9138803149035637
4 15 22 5 84261 0.9483624740785179
17 19 0 6 80965 1.0609366758582879
14 2 14 22 51131 1.080659078776602
7 15 4 0 61468 0.9809422580091085
18 28 8 19 52039 0.9187962609045648
0 26 21 11 89576 1.0868342245887472
28 27 0 17 112980 1.065793615283251
17 14 29 9 55953 0.9337821155153511
13 3 1 15 66128 0.9506234863777862
13 12 2 13 51274 1.0204984646282589
24 21 18 10 56964 1.0250718311477567
2 20 28 27 102085 1.003204881712697
21 5 4 17 73806 0.9981784258701102
13 21 3 18 45492 0.9488692705417383
1 9 28 9 78239 0.9939513849125364
7 7 23 10 51954 1.0497359251297038
25 28 8 18 82263 1.0672703569438415
3 8 16 19 66875 0.9470225754310151
21 0 24 9 37690 0.9563378332519075
9 29 10 15 56512 0.9693719075010245
11 1 1 28 91419 1.0893972154205127
13 15 4 28 54795 1.0263023054876725
18 4 1 27 103459 1.0640422800634526
6 10 19 25 75154 0.903025163027425
9 22 15 15 45564 1.0417099454916332
27 24 6 17 79811 1.0631422276014657
0 9 17 23 86926 1.0558365207583165
6 2 21 4 60376 0.9224625147005432
17 9 2 18 66373 1.0983253018870096
3 20 17 22 55031 1.019361315514871
28 22 7 10 87849 0.9594009595475067
24 12 3 5 71494 1.003903158587608
23 17 11 4 57934 0.912186279850061
10 6 22 28 83534 1.082703446828258
7 19 19 0 92450 1.0153809979991464
8 3 20 24 85336 0.9889197151339849
18 12 27 23 68519 0.9620085143959375
15 3 7 10 40354 0.9005066577235114
8 20 17 9 56964 1.0884894689450815
21 11 25 27 65909 1.0327165325894174
2 25 24 5 108977 0.9189897394429057
13 24 26 21 56674 1.072121309690308
23 20 8 26 68338 1.0263978575019541
1 14 15 13 59523 0.9415211295547364
0 27 11 1 95435 0.9472257266867925
5 24 25 5 106844 1.0883324711467854
5 26 2 15 33628 1.0780138118096168
29 21 0 20 93640 0.9201884890673038
7 29 12 8 75152 0.9731933092641074
19 29 0 22 61979 1.0290026704787785
28 20 26 1 56768 1.0905551733672776
28 12 0 27 109686 0.9702427821574345
19 4 25 17 53574 1.0045310637074034
29 0 26 9 32210 1.0115156387238966
26 19 19 23 30964 0.9011340758556038
23 24 16 29 39536 1.010572306727763
6 17 7 8 36861 1.0676802944414003
19 0 8 12 71372 0.9810091667530524
26 25 26 6 70707 1.0956870990290233
22 24 1 21 82175 0.9735325044838736
6 23 20 14 60059 0.97680396688542
27 11 15 3 55853 0.9140274979712318
14 16 6 1 62230 0.9256533821398695
29 23 13 2 100282 0.9961155555186001
15 24 13 12 35695 0.9093482179458664
5 4 12 19 65764 0.9974282143277897
21 11 22 20 33235 0.9618707713442405
27 20 23 14 41721 0.9695950477347746
18 0 6 6 62463 1.059908178951797
1 26 18 7 86639 0.9402176114130657
3 9 18 21 78603 1.077397465201052
19 21 3 19 59754 0.9826788759259119
20 29 24 6 91358 1.021927906601651
29 2 16 25 98100 0.91379936065947
10 8 22 18 59077 0.953548609382611
20 4 12 2 34017 0.9621495833899352
11 16 6 0 74458 1.0282973086790688
20 20 11 3 63309 1.0275705944613296
26 14 28 26 57437 0.9223818510430996
18 3 15 28 78219 0.9698472666828941
14 8 5 0 43941 1.0715830037649123
20 13 18 4 38577 0.9532506666209336
25 2 15 21 85016 1.0257417153943809
9 9 19 29 77475 1.0156408262749326
14 18 27 18 37177 1.074716553183615
12 29 23 25 44937 0.9475768388770376
2 23 10 15 43481 1.0014102243033043
4 19 28 21 82100 1.063926275837706
14 27 16 4 68594 1.099195330025633
27 4 8 5 65237 1.042722438234486
1 12 23 27 99223 1.0178672102966613
15 1 9 5 31972 0.9213746815846787
1 18 22 4 91116 1.0476445304185806
27 26 7 5 110996 1.0214739566347175
15 2 15 23 60518 1.0697478300330396
27 23 29 12 45127 1.0141907296744856
4 1 13 11 48655 1.0082447259987313
5 22 1 12 45519 0.9555199398904526
7 14 15 17 30790 0.9049994251751863
17 26 19 17 33486 0.9378287398689488
21 3 17 15 51747 1.0960211724506081
14 6 5 21 62859 0.9649142342741885
8 8 27 21 85856 1.0437080506489171
16 21 13 28 27643 1.068082937070505
14 0 11 17 51006 0.9315243601127969
12 4 28 14 61099 0.9689251942043658
21 29 22 12 68337 0.9405070026928438
28 25 18 2 105720 0.9434835433813644
26 24 29 1 74548 1.0700597533772633
0 18 25 18 70354 1.051118991772935
7 12 21 3 65638 0.9604996900788965
8 29 28 7 107581 1.0100448221084164
5 17 12 23 36760 0.9904680487450059
23 24 18 7 72022 0.9662658284384589
0 13 28 22 103275 0.9560623096148486
25 27 17 20 52695 0.9432044771418505
26 18 16 24 47122 1.011019790228848
22 7 25 26 77067 1.0013986918953497
10 27 9 8 70839 0.9880847612010208
16 22 20 5 70322 0.9430471795128015
8 20 6 29 27416 0.9284049513792128
5 2 21 15 73885 0.9655618768823124
6 25 3 15 31378 0.9364519851434334
8 18 21 4 68190 1.0267807929616954
11 27 23 11 77513 0.9266929648988939
24 26 4 18 86206 1.0688279176562845
12 23 1 27 46695 0.9306261151472522
8 25 3 10 55680 1.0816540233146905
16 9 28 29 105221 0.9527440489362055
22 23 14 2 78078 0.9284304945912378
21 28 6 19 57232 1.0134923109407854
4 25 13 2 82949 1.045384024125469
8 22 1 3 72671 1.0398936237499308
20 18 2 24 62775 0.9022187472643154
29 16 1 6 97662 1.0340093264237709
7 9 18 11 40731 1.0499261725172073
14 21 3 24 47854 0.9577073910998373
5 22 27 1 113226 1.0531377626100666
5 28 9 14 45519 0.9202940654045737
2 25 27 1 122620 0.953076203224299
19 26 24 5 84338 1.037665853985856
19 13 11 10 36679 1.0232267287007977
28 14 16 20 57058 0.9120861682267746
2 28 6 13 54679 1.0464703351964852
20 8 12 26 69245 1.025350880016357
16 11 11 21 41920 1.0207147200211333
3 15 15 5 65138 1.0751994663096567
28 26 27 2 86496 1.0760984462173917
22 17 4 23 61044 1.011403845059194
20 24 16 15 43510 0.9871118901634772
22 22 8 24 52250 1.0050107289567989
4 13 8 23 44523 1.013487042760728
14 1 7 7 32013 1.0712741105263872
25 16 11 6 59881 1.080451813923588
21 12 4 14 73086 1.0950167223066933
2 8 9 16 48949 0.904743183915539
19 3 13 19 61622 0.9475273991280206
28 22 1 16 86522 1.0343233174596302
1 22 14 11 65106 1.0122835500664926
28 24 4 2 127891 1.0202271682925041
10 29 24 16 72564 1.0543958482036282
23 14 12 13 56647 1.0486708146362536
13 3 11 26 69673 0.9054579406243046
17 27 26 6 92669 1.0798185897799841
15 10 18 24 50113 0.9869056383437677
12 8 28 10 48342 1.0889266209336945
4 17 16 4 68047 0.9472678515410824
23 17 10 15 41490 1.083920752384072
20 20 15 9 46679 0.9622270557114215
27 17 23 11 29155 0.937480234221877
13 12 28 9 43340 1.000587149528237
16 4 20 16 54974 1.0755501823161815
15 28 27 3 98531 1.0616570721748926
7 21 24 25 70717 1.0027449332361622
8 20 23 17 45873 0.9350220657700162
4 16 26 21 73002 0.9413363617159917
27 20 19 28 54906 0.9626965214514516
15 14 5 2 58520 1.0036954114236858
11 29 22 8 85743 0.9354140748568839
14 4 3 10 42098 1.0434879497506664
6 15 2 3 56191 0.9139371872646388
27 20 20 28 53807 1.0904136315912534
5 9 0 21 49168 0.9659987246688718
14 29 3 21 49753 1.0155366349450752
21 24 26 7 68680 1.0449542129514575
9 8 19 19 56360 1.0285326951155613
12 22 22 12 61590 0.9638943112810234
25 16 4 21 67484 1.0382996463867002
7 25 7 7 56481 1.0557750403513682
11 16 3 27 56165 1.0555514331819522
29 19 9 13 78437 1.0299899500876764
13 22 9 15 43019 1.0997022640612066
4 16 8 22 27177 0.9127215953284902
14 7 20 24 61911 1.0874661676692443
16 19 26 29 73868 1.0170875002525224
12 17 27 13 54939 1.0715139100220092
0 24 21 22 77466 1.0860673653772595
7 29 9 6 73142 0.9491939765128111
10 5 2 8 29938 0.9562200865898012
24 17 3 17 52751 1.0146618582928275
2 0 13 0 48510 0.9442994656095934
17 0 16 9 53601 1.0211950729907178
21 2 15 16 61090 0.9866770969922487
27 10 8 16 71065 1.0819416565516171
26 24 13 4 84601 1.009458221272751
5 18 26 11 72376 0.964032504891548
18 19 8 19 38624 0.924051937927364
29 7 22 11 25092 0.9772939401134767
28 13 4 13 87801 0.9035114893523319
17 20 6 15 48272 1.0295015547285649
28 8 15 10 43919 1.059509559940734
24 17 0 26 79458 1.066464641502804
16 13 3 6 59224 0.9370829729657206
4 11 16 19 60984 0.9329023470395221
7 25 24 2 107953 1.0633763039970452
27 19 15 10 59957 1.0318760656607506
14 25 24 19 47620 1.0105587264716451
28 19 11 27 79555 0.9690053785412389
22 27 8 2 104263 0.960867619863965
6 16 19 9 57543 0.9161649138370623
23 2 22 17 56471 1.0855740736226145
10 16 27 13 66797 0.9721402588316449
0 28 20 0 121675 0.9387906075060908
14 0 3 24 94811 0.9137420947122054
10 7 18 15 48669 1.0534844802004222
15 5 23 27 98116 1.073062497846037
27 0 14 20 84447 1.0232892257708972
19 14 27 21 47537 0.9565115337216181
16 9 18 28 63521 0.938641784640096
9 2 29 27 134262 1.0464638986838546
2 20 15 8 66022 0.9790627588087412
17 17 22 0 61624 1.0205002444210274
22 10 6 17 62158 0.9552888230213732
25 4 11 0 54990 1.0222663210562977
13 28 5 23 32024 1.0075411642019456
10 6 2 16 51657 1.0649125409831695
2 5 14 13 49529 1.021371044353561
27 14 9 15 70150 1.0640203378264026
19 29 13 9 62588 1.0133973336373223
17 16 1 10 73312 0.9316691718123696
5 21 28 1 105468 1.0596761318095775
15 24 23 4 78170 0.9338415688669762
23 1 20 20 71106 1.0404184924400766
1 20 5 26 27729 0.9348327319534843
12 17 18 4 51134 0.9053588763500986
1 19 9 16 32912 1.0683897004003442
13 15 26 15 43350 0.9338362852114147
26 7 12 24 81451 1.0150873997881262
25 29 17 15 75756 1.0712983471453605
18 23 29 17 51305 1.00679286057132
11 17 29 6 74344 0.9459180907722549
24 27 16 22 48420 0.9360768106947682
16 7 11 13 35405 0.9003436251630659
23 10 12 19 57004 1.0462554510760174
23 29 16 12 84855 0.9181879104625582
25 28 1 19 87027 1.049477621474897
15 5 0 2 61302 1.0864343521445246
20 1 23 26 91616 0.9790529626923672
3 27 16 9 85437 0.9402817200940883
24 6 20 14 43224 1.0306227411383233
24 26 23 11 64531 1.0049827306883643
26 8 16 16 57008 0.9123585509297528
0 16 4 2 54983 0.9039593837153096
12 18 2 12 46759 0.92234516925284
4 5 5 19 51728 0.9139126331475844
19 27 12 17 42730 1.062760929988686
21 17 5 8 61590 1.0441078295826343
15 17 7 10 40604 1.0105243576352476
12 5 11 19 53758 1.0692392410322822
14 1 25 5 51396 1.078751423044647
25 28 15 19 65881 0.9962988803748334
18 10 10 17 41279 0.9041627641545094
24 20 9 26 73049 1.0175827751506208
4 14 25 5 88600 0.9474568180500514
2 25 15 8 75898 0.9959299073197053
18 5 6 25 85993 0.986442869510464
13 17 6 20 27785 1.0851210226477237
26 0 6 9 80718 0.9644467372709231
27 22 0 25 101401 1.0763450595852435
14 11 25 18 42348 1.029641247839806
4 1 6 25 78239 0.9261928739058612
15 23 27 1 88937 1.057067656534455
4 19 16 23 47119 1.0784505624054275
25 13 10 26 77589 1.079205618614275
29 0 15 8 61017 1.0774959517758427
11 28 23 12 79920 1.0578313513316908
27 21 10 4 86082 0.9010862769318214
8 0 7 26 77308 1.039980436033112
23 1 3 18 100686 1.01951786207868
1 13 27 2 104075 0.9691997040984746
8 19 25 2 91384 0.9834095789673725
17 25 21 10 60595 0.9974197716316302
20 10 16 26 62098 0.9790000818790989
10 26 15 7 67482 0.9765861208780191
22 11 16 28 66068 1.0198637744260495
11 8 22 10 37950 1.0322130113194954
3 5 11 16 58738 0.9573935938341688
10 27 19 2 102265 0.9726210711200418
21 16 7 14 47925 0.923694657528546
9 23 22 16 50598 1.031292747205666
20 14 9 15 50761 0.9077144262566671
19 10 15 17 31601 1.0118215746645542
26 25 28 0 77234 0.9593246476504782
2 14 17 15 57952 1.0211727671809208
7 15 7 2 51653 1.059016701533083
29 18 12 27 80194 0.9199115846918327
5 10 20 10 51162 1.0827567270233285
11 11 28 27 101713 0.9795724921298896
7 24 11 17 34370 1.0446103482862281
0 13 9 3 61408 1.039417228752234
24 9 5 7 56196 0.933563935301619
13 3 29 11 55308 0.952557617121937
26 3 4 11 78676 1.0559594857129477
11 24 21 3 84717 0.9539709735297864
28 10 23 26 70103 0.9348541357993274
27 19 16 13 56110 0.9434822976357391
8 11 23 26 81025 1.076768897926781
28 3 20 0 36602 1.0871452148461933
